1	-896.069	82	   1.904	  35.230	  73.738
2	-724.179	65	  16.631	  34.551	  69.246
3	-674.763	58	   6.793	  53.868	  69.686
4	-572.130	49	  15.188	  34.061	  76.220
5	-565.231	49	  11.540	  15.278	  68.247
6	-509.233	47	  -5.307	  47.224	  72.949
7	-432.568	40	  23.539	  22.337	  72.069
8	-411.445	36	   8.176	  15.173	  74.835
9	-401.983	39	  -1.461	  27.029	  71.049
10	-397.300	38	  19.314	  41.675	  71.447
11	-393.770	36	   8.321	  43.800	  80.213
12	-344.221	32	  -3.678	  16.100	  57.012
13	-322.425	30	  10.397	  25.114	  79.233
14	-321.117	29	   4.779	  23.981	  54.511
15	-318.034	29	   0.554	  32.214	  62.282
16	-315.094	30	  21.182	  53.580	  57.826
17	-314.012	28	  11.356	  52.172	  77.068
18	-300.480	30	  18.862	  33.726	  61.403
19	-297.104	19	   8.499	  34.713	  59.503
20	-264.323	24	   0.076	   7.317	  77.202
21	-204.058	19	  27.713	  56.538	  71.160
22	-185.835	17	  -9.441	  11.658	  70.404
23	-156.652	15	   0.346	  40.919	  59.647
24	-152.813	14	   0.801	   5.417	  57.759
25	-148.707	15	  25.781	  31.556	  71.373
26	-148.286	14	  20.257	  45.021	  58.113
27	-148.256	14	   9.180	  65.387	  68.298
28	-143.641	10	  11.548	  47.303	  55.614
29	-143.593	13	  -4.736	  24.529	  58.768
30	-135.339	13	  -8.734	  38.047	  72.618
31	-129.370	12	  10.358	   2.187	  70.854
32	-119.535	12	  22.819	  63.360	  76.894
33	-118.332	11	  17.696	  64.289	  58.953
34	-113.431	11	   3.516	  -0.234	  71.224
35	-104.247	10	  10.930	  60.458	  76.809
36	 -88.065	9	  13.272	  27.789	  55.397
37	 -84.681	9	  25.532	  65.062	  66.675
38	 -73.192	4	  21.452	  50.738	  73.896
39	 -68.965	7	  -5.939	  15.009	  79.390
40	 -61.251	4	  -3.502	  18.553	  73.108
41	 -59.990	6	  24.334	  53.890	  80.194
42	 -51.616	5	  19.731	  20.728	  61.579
43	 -51.586	5	   6.956	  11.111	  54.227
44	 -49.721	5	  12.569	  14.430	  60.767
45	 -48.065	5	  -6.843	   3.720	  69.329
46	 -44.720	4	  16.048	  70.738	  69.968
47	 -42.390	4	  10.962	  59.207	  55.400
48	 -31.423	3	   3.630	  19.743	  82.400
49	 -30.278	3	  -3.687	  48.398	  63.718
50	 -19.867	2	  10.928	  69.206	  79.421
