1	-980.803	83	  34.865	  18.257	  10.695
2	-744.544	66	  30.894	  13.837	  15.163
3	-503.713	48	  42.947	  16.787	   8.126
4	-493.351	44	  31.962	  19.051	   3.780
5	-360.689	29	  26.211	  15.160	  -4.680
6	-308.456	24	  26.958	   6.741	   4.035
7	-274.676	25	  31.317	  19.900	  21.342
8	-270.049	25	  17.933	   5.911	   0.117
9	-244.650	24	  46.903	   7.003	   0.010
10	-228.124	22	  38.479	   8.757	  -7.894
11	-215.473	21	  34.981	  -2.066	   9.983
12	-198.077	17	  36.083	  29.993	  12.610
13	-188.577	18	  37.161	  12.681	  30.498
14	-174.305	17	  32.108	  -2.078	  -9.398
15	-135.578	14	  32.891	   2.862	  20.587
16	-128.891	13	  34.055	  17.339	  -9.405
17	-123.885	12	  34.280	  22.688	  33.174
18	-123.877	12	  43.195	   4.473	  18.231
19	-119.973	11	  20.254	  12.257	   4.597
20	-112.583	11	  45.271	  27.470	  18.133
21	-110.759	11	  39.026	  28.326	  30.154
22	 -97.922	10	  38.400	  24.655	   2.987
23	 -78.476	8	  17.581	  10.615	  11.876
24	 -77.485	8	  47.765	   5.420	  11.792
25	 -76.888	8	  47.038	  19.975	  30.898
26	 -74.129	7	  16.446	   3.569	  11.612
27	 -69.732	7	  41.799	   6.676	  27.293
28	 -67.378	7	  33.554	  -6.045	  -0.991
29	 -65.979	7	  43.301	  25.689	   8.810
30	 -65.655	7	  18.464	  -2.033	   5.020
31	 -53.980	5	  26.565	  -6.623	   3.880
32	 -51.776	5	  25.709	   7.672	 -11.799
33	 -40.653	4	  30.293	  10.578	  22.455
34	 -20.503	2	  50.769	  15.861	  19.415
35	 -19.802	2	  24.769	  -3.124	  10.914
36	 -10.157	1	  30.769	  27.377	  25.415
37	  -9.602	1	  40.769	  18.377	  -6.585
38	  -9.556	1	  46.769	  28.377	  27.415
39	  -9.466	1	  35.769	  11.377	   4.415
40	  -9.018	1	  22.769	  -4.623	  -5.585
41	  -8.987	1	  33.769	  24.377	  -3.585
