1	-1055.080	87	  15.708	  15.098	   7.626
2	-841.050	73	  17.940	   5.252	  -0.196
3	-680.383	54	  10.754	  16.997	  27.074
4	-615.468	55	  35.529	  15.695	  20.899
5	-610.473	46	  14.641	  10.158	  24.782
6	-574.791	49	  12.214	  18.819	  34.452
7	-574.560	54	  27.565	  -8.600	  32.186
8	-568.763	53	  28.675	  34.304	   4.912
9	-542.819	52	   9.836	   4.401	  27.206
10	-461.395	34	  18.944	  11.943	  17.549
11	-447.034	33	  15.509	   6.394	   6.820
12	-439.070	40	  33.364	   3.000	   5.404
13	-362.353	34	   2.197	  18.210	  19.253
14	-353.271	35	   7.519	  -8.747	   5.558
15	-342.356	33	  16.475	  37.452	  14.086
16	-339.638	30	  26.139	  22.217	  32.775
17	-331.223	32	  22.300	  17.005	  35.449
18	-312.364	29	  37.602	   9.487	  18.243
19	-305.221	30	  10.297	  22.410	   0.822
20	-301.393	28	   5.018	   3.551	   9.553
21	-296.666	29	  28.369	   8.079	   0.946
22	-292.078	28	  33.727	  11.271	  33.779
23	-277.674	25	   9.038	  33.054	   5.974
24	-275.010	27	  36.966	  26.000	   5.855
25	-271.641	25	  33.763	  33.715	  15.857
26	-259.371	24	   9.337	 -10.537	  25.385
27	-248.047	24	  15.839	 -12.114	  18.485
28	-244.054	24	  22.588	  21.462	  -6.865
29	-242.196	22	  35.165	  -8.313	  22.883
30	-241.583	23	   3.733	  31.180	  26.392
31	-241.024	23	  10.531	  11.064	  18.971
32	-223.262	22	  10.433	  12.362	  12.597
33	-221.316	21	  37.735	  15.836	   5.996
34	-219.603	18	  19.588	  30.164	   1.086
35	-217.046	19	  17.028	  -5.608	  33.373
36	-212.969	15	  16.616	   2.136	  21.256
37	-204.882	14	  16.931	  21.793	  12.317
38	-189.228	18	  33.866	   3.171	  34.487
39	-178.047	18	  15.699	   2.416	  41.260
40	-176.664	16	  -1.972	  19.483	   8.179
41	-176.448	17	  12.317	  37.716	  24.669
42	-173.201	16	   3.680	  -9.652	  17.166
43	-173.180	17	   1.190	  31.034	  11.144
44	-161.547	15	  19.029	 -13.968	   8.624
45	-147.405	15	   6.149	  -2.536	  31.417
46	-138.517	13	  28.515	  36.264	  24.691
47	-137.218	13	  33.582	 -10.543	  13.904
48	-128.088	13	  20.017	  -4.995	  -1.742
49	-124.052	11	  26.216	   7.670	  40.414
50	-119.117	11	  -2.121	   1.280	  20.007
51	-116.912	10	  32.898	  18.213	  -2.647
52	 -91.280	9	  33.320	  24.641	  32.500
53	 -88.304	9	  38.148	   0.602	  25.723
54	 -88.078	9	  22.504	  38.016	  29.615
55	 -85.201	8	  23.748	 -15.748	  19.239
56	 -84.111	8	  -5.769	  25.647	  16.036
57	 -81.910	8	  35.270	  28.251	  20.663
58	 -79.098	8	  -1.865	  29.640	  20.765
59	 -77.984	8	  39.143	  -1.421	  16.886
60	 -75.976	7	  28.906	 -12.012	   6.558
61	 -75.284	8	  -3.088	  -0.301	   8.024
62	 -70.291	7	  -1.619	  -6.501	  12.109
63	 -65.942	7	  13.824	  28.958	  35.829
64	 -60.397	6	  18.745	  41.818	   5.037
65	 -59.653	6	   0.303	  21.048	  28.069
66	 -52.260	5	   7.021	   0.045	   0.906
67	 -50.979	5	  11.068	  11.394	  -6.147
68	 -50.226	5	   8.113	  37.001	  18.182
69	 -38.462	4	  20.547	 -17.570	  29.258
70	 -37.306	4	  11.149	  13.407	  43.018
71	 -36.350	4	  30.933	 -17.052	  24.002
72	 -34.617	3	   3.672	  10.209	  36.279
73	 -31.958	3	  32.672	  28.202	  -0.742
74	 -29.469	3	  39.672	  21.165	  16.258
75	 -28.741	3	  10.016	  16.522	 -12.742
76	 -27.550	3	  23.649	  12.209	  -7.114
77	 -21.650	2	   1.672	   5.675	  42.258
78	 -20.799	2	  28.672	  -2.281	  39.258
79	 -19.601	2	  27.160	  43.188	  12.746
80	 -18.892	2	  37.672	  -7.812	   4.775
81	 -10.039	1	  10.672	  25.188	  -6.742
82	  -9.849	1	  29.672	  34.188	  34.258
83	  -9.669	1	  25.672	  28.188	  38.258
84	  -9.272	1	  39.672	   8.188	   6.258
85	  -9.215	1	  30.672	  23.188	  25.258
86	  -9.201	1	  34.672	  -1.812	  -0.742
87	  -8.925	1	  18.672	  16.188	 -11.742
