1	-1177.126	107	  13.058	  26.122	  44.282
2	-1154.329	104	  -3.954	  26.199	  21.292
3	-927.515	84	   0.615	  37.478	  52.537
4	-905.123	76	  14.453	  11.844	  41.685
5	-821.970	76	   8.105	  39.135	  11.447
6	-743.874	64	  11.077	  20.993	   5.340
7	-718.540	61	  -5.363	  11.200	  23.155
8	-638.128	54	 -12.513	  18.885	  26.009
9	-605.417	55	  13.044	  40.977	  40.120
10	-574.325	52	  12.462	  48.950	  44.374
11	-559.870	48	  -3.962	  48.561	  20.919
12	-554.177	47	  21.411	  19.616	  39.628
13	-461.333	41	  -2.368	  28.593	  -8.410
14	-456.160	37	  -0.922	  21.053	  62.063
15	-447.044	45	  15.184	  29.470	  11.310
16	-426.936	38	  -3.130	  44.768	  28.024
17	-387.233	35	  10.993	  28.488	  74.123
18	-382.329	35	   5.213	  14.900	  -0.571
19	-363.023	35	  -7.706	  27.915	  54.348
20	-349.499	33	  29.226	  25.932	  23.332
21	-323.604	30	   1.392	   7.823	  43.319
22	-321.351	29	   8.280	   8.257	  21.184
23	-305.910	27	   0.180	  43.564	  66.575
24	-293.257	28	  20.894	  49.230	  46.527
25	-277.029	26	  -7.800	  40.812	  46.434
26	-271.143	24	  17.731	  39.921	  19.860
27	-268.263	25	 -12.634	  26.055	   4.044
28	-265.133	22	  17.526	  37.452	  48.003
29	-264.965	26	   8.489	  27.520	  -6.439
30	-260.331	25	  -5.201	  27.387	  63.151
31	-257.847	21	  19.753	  33.273	  27.926
32	-254.957	23	  12.135	  45.122	  18.323
33	-251.020	21	 -10.956	  33.986	  37.136
34	-248.746	23	  -5.066	  39.453	  23.661
35	-244.008	22	   3.163	  14.622	  65.592
36	-242.968	20	   6.426	  45.823	   0.557
37	-242.007	23	 -20.786	  25.267	  42.411
38	-240.782	21	  21.208	  25.646	  61.541
39	-239.900	23	  -5.275	  19.575	  55.913
40	-232.844	19	  -8.377	  36.906	  17.553
41	-223.034	22	  16.461	  37.029	  68.904
42	-217.638	21	  -0.918	  47.003	  -6.061
43	-217.043	21	 -10.392	  14.747	   1.873
44	-216.940	20	   2.069	  10.842	  54.448
45	-209.229	20	  -5.585	  48.937	   1.480
46	-200.127	18	 -17.618	  14.381	  46.682
47	-199.630	19	  13.827	  49.188	  64.280
48	-197.865	18	  -1.958	  46.437	  47.211
49	-195.658	19	 -19.201	  33.711	  44.083
50	-192.546	19	  -0.752	  41.843	  57.467
51	-192.348	19	 -17.677	  26.565	  10.781
52	-182.555	17	   9.910	  46.902	  71.294
53	-178.745	16	  26.490	  14.574	  18.700
54	-176.453	17	  -5.039	   8.609	  10.706
55	-175.077	17	  13.678	  27.065	   2.762
56	-173.912	17	  -7.867	  36.995	  -3.396
57	-172.556	16	 -11.198	  48.428	  20.335
58	-171.305	17	  -0.151	  28.447	  72.187
59	-167.187	17	   1.273	  40.502	  -9.674
60	-162.648	15	   6.234	  10.867	   9.585
61	-158.753	15	  13.926	   8.814	  53.925
62	-153.938	15	  26.684	  35.228	  20.416
63	-152.524	15	  26.058	  27.587	  54.478
64	-146.370	14	   4.104	  52.651	  12.719
65	-146.014	14	  -4.990	   3.813	  44.216
66	-145.191	14	  19.270	  28.090	  35.942
67	-144.089	15	 -10.472	  26.890	  21.837
68	-143.330	9	  -2.006	  18.449	  36.913
69	-143.308	14	 -10.719	  26.858	  29.518
70	-143.163	13	  18.292	   8.950	  47.806
71	-142.674	14	  24.818	  44.449	  54.125
72	-135.565	13	  -6.421	  45.593	  37.104
73	-132.553	13	   4.920	  52.865	  52.573
74	-128.513	12	  30.978	  13.853	  53.582
75	-127.810	8	  10.806	  18.220	  28.460
76	-125.133	12	 -16.123	  44.485	  10.990
77	-124.854	12	 -18.660	  28.845	  17.040
78	-117.354	12	  26.767	  12.894	  38.161
79	-111.485	11	   7.095	  40.415	  75.528
80	-109.249	11	  28.381	  30.104	  47.805
81	-108.700	10	  20.051	  15.150	  63.062
82	-108.230	10	 -15.664	  36.455	   5.848
83	-108.147	11	  31.253	  20.259	  46.764
84	-104.368	9	   5.961	  50.439	  40.990
85	-102.116	10	  14.242	   3.574	  20.919
86	-100.571	9	  23.599	  36.636	  59.736
87	 -99.747	10	  30.092	  11.927	  45.835
88	 -97.428	10	  24.407	   6.221	  23.155
89	 -96.732	10	   3.732	  52.192	  31.931
90	 -96.370	9	  15.201	  45.170	  28.762
91	 -93.461	9	  17.590	  14.626	  13.079
92	 -93.174	9	   8.391	   1.905	  30.482
93	 -91.844	9	 -21.072	  11.809	  19.500
94	 -91.726	9	  -9.990	   8.851	  17.829
95	 -88.556	9	 -15.525	   5.384	  42.232
96	 -86.565	9	  14.424	   3.159	  36.304
97	 -85.979	5	   2.341	  41.697	  18.872
98	 -82.085	8	  -7.453	  11.069	  50.471
99	 -79.207	8	  -4.995	  54.095	  12.782
100	 -79.139	8	   0.159	   1.999	  34.859
101	 -77.401	8	 -16.186	  34.370	  52.591
102	 -76.199	7	  12.130	  15.545	  67.579
103	 -69.527	7	   2.916	  52.125	  22.460
104	 -69.359	7	  15.324	  53.107	  54.404
105	 -68.852	7	   3.023	  50.805	  60.148
106	 -66.467	6	 -22.095	  13.273	  11.073
107	 -64.248	6	 -18.773	  13.449	  26.725
108	 -53.892	5	  26.528	  14.672	  28.705
109	 -52.859	5	  12.324	  41.655	  -0.117
110	 -50.002	3	   3.900	  32.594	  45.284
111	 -49.812	3	   6.341	  41.325	  46.725
112	 -45.537	3	   5.420	  32.496	  20.804
113	 -41.672	4	 -17.891	  14.566	  36.957
114	 -40.428	4	 -17.402	  21.021	  52.962
115	 -40.235	4	  -5.798	   3.343	  28.580
116	 -40.055	4	  26.085	  21.003	  12.495
117	 -39.346	4	 -12.613	   6.676	  34.075
118	 -38.580	4	  22.029	   7.225	  30.191
119	 -38.481	4	  15.032	   7.284	  60.949
120	 -28.951	3	 -17.003	  25.252	  35.757
121	 -28.921	3	  23.658	  35.617	  12.058
122	 -28.689	3	 -11.915	  55.981	  16.791
123	 -28.142	3	   8.341	  36.278	 -10.603
124	 -21.878	2	  -2.659	  18.284	  -1.727
125	 -20.566	2	  -9.659	  23.834	  -3.275
126	 -20.184	2	  18.341	  23.819	  68.725
127	 -20.137	2	 -22.659	  20.778	  23.725
128	 -19.323	2	  27.844	  20.781	  57.725
129	 -18.268	2	 -17.153	   7.284	  12.725
130	 -17.983	1	  13.341	  30.284	  61.725
131	 -10.331	1	  18.341	  57.284	  45.725
132	  -9.600	1	   0.341	  36.284	  75.725
133	  -9.240	1	  24.341	   7.284	  52.725
134	  -8.949	1	  28.341	  39.284	  45.725
