1	-1128.846	95	  41.484	 -26.756	  54.311
2	-973.589	79	  37.590	 -35.604	  64.899
3	-786.752	64	  41.552	 -26.532	  61.741
4	-752.883	69	  42.042	 -29.933	  44.606
5	-699.918	66	  50.505	 -26.457	  50.575
6	-622.997	57	  43.765	 -29.827	  71.934
7	-562.854	53	  64.497	 -24.269	  62.215
8	-533.293	48	  48.263	 -39.442	  73.866
9	-510.500	46	  40.235	 -47.551	  41.887
10	-455.985	43	  71.013	 -40.978	  49.825
11	-455.967	42	  28.573	 -56.346	  67.346
12	-448.798	31	  49.561	 -34.098	  51.588
13	-410.404	37	  60.142	 -18.766	  70.501
14	-399.098	39	  54.823	 -41.282	  74.131
15	-381.253	30	  46.909	 -58.456	  57.118
16	-376.991	34	  44.807	 -41.212	  42.721
17	-365.652	35	  22.819	 -40.958	  54.268
18	-354.313	32	  33.088	 -59.296	  55.484
19	-332.414	32	  56.349	 -23.675	  53.734
20	-330.785	30	  22.438	 -32.109	  46.980
21	-317.943	30	  23.050	 -41.135	  44.741
22	-312.172	30	  28.242	 -33.987	  62.414
23	-306.802	28	  68.812	 -45.544	  61.885
24	-303.308	24	  58.553	 -53.987	  60.155
25	-294.955	28	  58.938	 -23.186	  40.370
26	-246.463	22	  42.449	 -54.918	  48.932
27	-243.360	23	  18.605	 -47.746	  60.177
28	-234.659	19	  29.673	 -50.319	  43.076
29	-230.577	22	  25.691	 -36.007	  76.492
30	-220.027	21	  32.453	 -16.216	  62.964
31	-207.544	19	  30.978	 -28.434	  42.002
32	-199.220	20	  26.758	 -25.012	  58.379
33	-185.575	17	  71.813	 -26.322	  56.838
34	-182.181	18	  34.388	 -29.331	  79.148
35	-177.533	16	  58.486	 -47.516	  69.043
36	-175.573	17	  41.224	 -14.021	  51.435
37	-170.821	15	  34.327	 -56.871	  73.944
38	-161.549	16	  67.030	 -44.026	  42.521
39	-158.181	14	  61.187	 -43.759	  38.112
40	-155.023	15	  57.221	 -51.998	  46.650
41	-154.503	13	  52.497	 -19.632	  75.300
42	-151.437	14	  45.616	 -56.003	  71.543
43	-150.609	15	  71.245	 -37.982	  67.110
44	-146.343	14	  64.057	 -31.723	  38.332
45	-142.876	14	  66.296	 -25.550	  71.445
46	-135.351	12	  37.849	 -52.209	  78.922
47	-130.410	13	  23.310	 -46.006	  72.167
48	-128.190	13	  51.270	 -41.068	  37.122
49	-123.980	12	  69.013	 -32.932	  73.646
50	-120.835	12	  42.371	 -43.260	  79.952
51	-118.798	12	  47.750	 -23.550	  38.788
52	-111.834	11	  48.418	 -13.543	  60.103
53	-110.044	10	  26.551	 -54.645	  48.929
54	 -98.388	10	  65.977	 -52.594	  53.159
55	 -92.878	9	  66.975	 -44.311	  69.304
56	 -92.560	9	  28.748	 -23.051	  47.291
57	 -90.956	9	  74.653	 -32.115	  61.953
58	 -90.124	9	  56.243	 -27.294	  80.497
59	 -89.440	9	  36.757	 -62.199	  63.869
60	 -88.836	9	  34.099	 -57.524	  48.437
61	 -85.366	8	  49.743	 -16.614	  51.738
62	 -79.715	8	  36.457	 -33.626	  38.958
63	 -77.048	8	  67.241	 -25.089	  47.967
64	 -57.241	6	  48.498	 -15.701	  68.970
65	 -56.728	6	  28.801	 -46.076	  79.934
66	 -50.116	5	  27.667	 -17.899	  54.108
67	 -48.596	5	  61.642	 -37.060	  81.713
68	 -48.392	5	  20.278	 -53.518	  53.326
69	 -47.076	5	  55.301	 -16.273	  58.329
70	 -45.933	5	  44.472	 -32.267	  36.507
71	 -42.165	4	  44.652	 -61.998	  63.810
72	 -38.765	4	  40.420	 -18.921	  68.825
73	 -36.122	4	  43.419	 -34.121	  80.303
74	 -31.377	3	  22.035	 -52.877	  65.965
75	 -30.154	3	  55.007	 -33.877	  33.006
76	 -29.211	3	  73.340	 -33.531	  50.980
77	 -28.505	3	  52.990	 -58.877	  52.281
78	 -21.731	2	  31.035	 -39.789	  35.395
79	 -20.423	2	  47.667	 -50.410	  79.307
80	 -19.014	2	  33.142	 -47.402	  34.324
81	 -18.181	2	  30.678	 -39.363	  87.307
82	 -12.815	1	  46.667	 -40.877	  58.307
83	 -10.175	1	  20.667	 -39.877	  67.307
