1	-1670.871	140	  16.931	  -1.992	   0.713
2	-868.470	77	  13.848	   4.102	  -7.552
3	-539.839	46	  12.543	 -10.922	  24.966
4	-510.527	47	  15.258	  11.305	 -19.129
5	-502.391	38	   3.769	   9.317	  16.501
6	-475.038	42	  33.731	   4.103	  17.425
7	-474.987	44	  14.363	  12.282	  -9.871
8	-446.425	40	  34.294	  -6.388	  17.191
9	-439.847	41	  14.578	   6.275	  23.688
10	-394.660	36	  19.482	  -0.955	 -13.195
11	-372.089	35	  15.593	 -10.529	   3.573
12	-344.257	33	   3.357	   0.726	 -18.479
13	-301.712	26	   3.297	   7.258	 -14.301
14	-293.914	26	  13.438	  -9.566	  -6.141
15	-278.172	26	   0.437	   7.606	   1.828
16	-259.014	25	  20.717	  13.783	   3.340
17	-246.955	24	   4.775	  13.944	   0.933
18	-232.426	21	  18.033	 -18.009	  14.849
19	-225.264	22	   1.502	   2.672	  -8.429
20	-224.789	21	   0.539	  -5.094	  16.176
21	-215.658	19	   9.204	 -11.560	 -14.404
22	-207.076	20	  -2.351	  11.637	  -5.914
23	-201.524	19	  25.337	  10.885	  -4.863
24	-193.814	19	   3.805	  -9.055	  24.719
25	-192.329	18	   1.174	 -11.397	 -13.950
26	-185.680	18	  26.031	  -1.688	  -2.856
27	-185.579	19	   3.322	 -11.227	 -25.190
28	-180.351	18	   0.354	   0.943	  28.470
29	-179.564	17	   7.252	  17.805	 -14.711
30	-173.944	15	  16.380	  -3.035	 -20.862
31	-173.597	16	  29.477	  -1.813	  24.590
32	-173.068	15	  15.468	   0.987	  27.502
33	-155.157	16	  12.040	  15.531	   8.359
34	-148.748	14	   7.734	   1.306	 -29.247
35	-145.078	9	  10.788	  -4.205	   6.261
36	-141.701	13	  29.532	   4.013	   7.807
37	-114.786	11	   2.914	  21.849	  -7.780
38	-106.497	11	  19.102	 -19.576	   6.041
39	-106.270	10	  24.903	   9.254	  20.310
40	-106.031	10	   4.760	 -13.939	  15.441
41	 -97.879	10	   0.546	 -12.731	  -1.837
42	 -91.760	9	  26.960	 -10.759	   1.587
43	 -91.153	9	   3.326	   8.172	  25.947
44	 -84.583	9	  15.242	  15.436	  17.052
45	 -79.370	7	  31.611	  -3.597	   3.235
46	 -78.393	8	   6.452	 -16.333	  -1.193
47	 -68.721	7	  21.421	   7.051	 -18.630
48	 -68.675	7	  38.984	  -4.247	   9.056
49	 -68.529	7	   6.546	 -18.950	   7.271
50	 -59.595	6	  12.930	 -11.977	 -26.352
51	 -58.938	6	   9.784	  -5.942	  30.986
52	 -57.612	6	  28.570	 -16.299	  11.762
53	 -57.246	6	  -4.585	   1.807	  14.226
54	 -56.391	6	   6.797	  11.892	 -24.163
55	 -48.187	3	   7.432	   3.132	   2.610
56	 -47.679	5	  11.262	 -19.826	  19.388
57	 -47.470	5	  24.273	  -7.195	  27.334
58	 -46.466	5	   9.979	  21.183	  -1.645
59	 -38.827	4	  -2.826	  11.503	 -14.833
60	 -38.737	4	  -4.048	   6.018	   7.852
61	 -38.653	4	  -1.321	  -2.005	   1.985
62	 -37.742	4	  -2.512	  21.263	  -1.103
63	 -20.004	2	  10.945	   6.287	  16.369
64	 -19.861	2	  18.935	  -9.723	 -12.134
65	 -19.618	2	  -5.078	   7.755	  20.369
66	 -19.056	2	  25.432	  11.774	 -13.121
67	 -19.022	2	  34.008	 -11.650	   8.844
68	 -14.426	1	   6.432	  -4.226	 -10.631
69	 -13.722	1	  13.432	  11.774	   0.369
