1	-1668.929	143	  35.020	 -11.536	  22.926
2	-1103.530	100	  29.314	  -1.114	   6.824
3	-950.631	83	  37.246	   2.048	  16.688
4	-884.331	76	  28.157	 -16.615	  10.822
5	-771.156	73	  22.605	  -6.237	  -5.873
6	-684.075	62	   4.772	   9.397	 -17.586
7	-449.325	42	   7.912	  -0.120	 -24.420
8	-432.200	41	  29.890	   7.732	  25.319
9	-399.554	35	  26.244	  16.042	 -10.741
10	-398.678	35	  20.930	 -15.300	  13.752
11	-381.247	35	  19.774	  -5.938	  10.733
12	-370.952	34	  46.553	  -3.077	   3.924
13	-365.167	35	   2.656	   9.869	  -1.059
14	-360.547	34	  10.859	   1.703	  15.351
15	-359.123	33	  44.923	  -7.793	  -4.261
16	-346.564	32	  21.783	   6.324	  11.840
17	-336.785	24	  17.820	   9.289	  -4.982
18	-330.910	30	   9.810	 -11.751	 -14.018
19	-320.013	28	  27.645	   0.839	  32.688
20	-308.048	30	  24.986	   5.483	  -0.188
21	-297.395	29	  17.846	  -0.360	   1.432
22	-282.023	23	  32.744	  -1.913	  -2.099
23	-267.831	24	  35.253	 -21.974	  16.715
24	-233.009	21	  48.012	 -19.490	  18.930
25	-232.236	22	  44.940	 -20.978	   5.831
26	-229.796	21	  15.407	   6.793	 -25.149
27	-212.047	20	  36.262	   6.065	 -19.932
28	-210.237	17	  13.395	  15.144	   0.044
29	-199.534	19	  38.684	   0.655	  -7.667
30	-196.549	19	  39.382	  -5.921	 -15.194
31	-189.397	19	  18.489	  13.156	  13.919
32	-187.692	16	   9.454	  10.369	  18.008
33	-173.679	16	  24.499	  -1.417	 -21.897
34	-171.893	14	  32.003	 -16.790	   2.017
35	-170.507	16	  33.164	 -19.775	  28.593
36	-169.776	16	  -0.852	   2.037	 -10.197
37	-169.291	16	  15.251	  22.272	  -7.199
38	-161.506	16	  20.865	  -5.138	 -15.921
39	-159.632	15	  19.440	  25.029	 -16.909
40	-157.189	16	  52.040	 -11.273	  27.107
41	-149.784	13	  13.657	  -7.843	  -4.134
42	-149.527	14	  29.395	  14.407	 -17.180
43	-144.388	14	  32.609	   7.409	  -8.253
44	-131.167	12	  46.576	  -0.042	  25.433
45	-130.140	13	  35.554	 -25.233	   8.217
46	-124.716	12	  12.674	  12.483	 -27.599
47	-116.907	11	  41.814	  -9.034	  29.350
48	-109.203	8	  28.589	   5.537	 -23.769
49	 -99.744	9	   4.292	  -2.417	   7.558
50	 -98.987	10	   0.528	  17.169	 -14.396
51	 -95.519	9	  31.818	 -11.972	 -12.867
52	 -95.283	9	  13.189	 -10.650	  20.423
53	 -91.378	8	  50.240	   0.357	  14.754
54	 -90.936	9	   9.881	  24.975	 -23.415
55	 -86.887	8	   8.949	  15.493	   9.898
56	 -84.082	8	   4.021	  26.891	 -14.674
57	 -79.387	8	  16.775	 -20.771	  29.202
58	 -79.211	8	  26.158	  -6.812	  36.307
59	 -75.858	7	  52.991	 -10.364	   8.482
60	 -73.547	7	  24.320	 -17.774	  37.168
61	 -71.966	7	  34.342	  -3.089	  34.269
62	 -71.917	7	   1.865	  -8.962	  -8.200
63	 -68.655	7	  13.790	   2.210	  28.400
64	 -68.120	7	  38.879	   3.567	  26.949
65	 -63.022	6	  29.021	 -16.104	  -6.471
66	 -61.280	5	  -0.041	  -4.031	 -16.487
67	 -60.024	6	  17.939	  -6.321	  34.176
68	 -56.300	5	   3.985	  -7.267	 -24.717
69	 -48.508	5	  11.977	  28.164	 -12.779
70	 -43.524	4	  13.585	  15.833	  23.034
71	 -42.959	4	  11.838	  -9.918	 -25.702
72	 -42.350	4	  17.847	   9.593	  31.026
73	 -41.667	4	  37.122	 -19.646	  -7.421
74	 -39.433	3	   7.585	  -5.482	   1.270
75	 -39.156	4	   2.348	   5.943	  11.462
76	 -38.538	4	   8.098	  18.607	  -4.481
77	 -38.524	4	  14.644	 -20.775	  19.501
78	 -38.133	4	  12.872	  -4.410	  25.314
79	 -31.975	3	  45.294	 -19.265	  -6.646
80	 -29.761	3	  53.907	 -15.002	  17.328
81	 -29.748	3	   3.501	  23.284	  -7.974
82	 -28.317	3	  21.588	  16.659	  -2.604
83	 -28.176	3	   4.255	 -13.646	 -20.300
84	 -27.451	3	  41.932	 -22.305	  23.026
85	 -24.327	2	   9.041	  10.354	 -10.974
86	 -22.118	2	  -0.415	  -2.646	   0.452
87	 -19.245	2	  37.110	 -24.646	   0.501
88	 -10.486	1	  32.585	  -7.646	  14.026
89	  -9.508	1	  20.585	  17.354	 -24.974
90	  -8.987	1	  21.585	  14.354	  26.026
91	  -8.947	1	  26.585	  21.354	 -21.974
