1	-795.932	67	  11.722	  40.619	  45.504
2	-627.867	55	  -2.215	  37.015	  45.752
3	-618.394	54	  -6.874	  22.227	  24.066
4	-560.334	49	  14.343	  42.653	   2.683
5	-545.714	47	  -5.422	  23.542	  10.552
6	-499.648	42	   1.488	  50.389	  16.734
7	-478.578	39	  11.784	  26.622	  19.236
8	-474.954	43	  12.103	  59.910	  45.907
9	-463.512	40	   9.132	  16.411	  21.727
10	-456.183	44	   1.832	  58.115	  21.125
11	-418.031	40	  -8.737	  31.200	  29.017
12	-405.451	38	  -4.465	  16.135	  51.141
13	-398.589	38	  -6.673	  45.511	  33.847
14	-386.232	35	   8.890	  61.588	   2.889
15	-384.973	29	  -0.392	  40.241	  17.024
16	-373.681	35	  16.850	  62.304	  32.261
17	-371.659	35	  -6.201	  33.243	  15.471
18	-361.140	34	  -8.068	  11.274	   5.055
19	-357.514	34	  10.310	  11.452	  45.326
20	-347.961	27	  14.198	  39.685	  10.227
21	-346.495	32	  24.414	  17.183	  14.379
22	-342.424	32	  20.631	  49.012	  12.953
23	-340.122	33	   2.185	   6.055	  27.615
24	-315.146	30	   8.014	  28.305	   8.215
25	-307.800	26	  14.607	  50.501	  43.085
26	-304.085	27	 -13.339	  46.867	  12.458
27	-298.917	28	 -10.841	  22.197	  35.932
28	-298.362	28	  15.585	  31.311	  14.700
29	-291.314	26	  -7.185	   2.202	  15.309
30	-282.992	24	  15.384	  51.843	  -3.245
31	-278.779	25	   8.605	  64.156	  17.218
32	-278.269	26	  -0.124	  64.022	  34.177
33	-274.025	26	  -1.480	  21.731	   3.612
34	-270.900	26	  11.960	  19.137	  32.615
35	-266.654	23	  16.855	  43.655	  16.759
36	-265.345	24	  -1.498	  21.762	  54.894
37	-262.773	24	  -4.661	  28.204	  47.535
38	-261.680	24	  25.536	  51.967	   6.902
39	-260.859	22	  16.643	  49.617	  22.303
40	-257.582	25	  16.393	  27.620	  35.790
41	-256.489	25	  -6.835	  12.713	  41.105
42	-252.086	25	   4.657	  43.565	  48.605
43	-246.556	24	  19.183	  33.381	  42.151
44	-242.383	21	   9.946	  31.694	  52.971
45	-235.005	24	   3.314	  46.762	  -4.920
46	-227.636	21	  15.747	  65.526	  15.050
47	-224.528	21	  -0.119	  48.935	  49.362
48	-224.217	20	  21.169	  51.518	  30.999
49	-218.398	21	  17.270	  32.837	  26.109
50	-214.960	20	  -2.552	  51.828	  26.228
51	-212.593	20	  20.252	  43.281	  30.789
52	-208.500	17	   8.206	  12.969	  35.993
53	-183.624	17	  -0.989	  34.225	   9.837
54	-177.641	17	  -5.635	  38.698	  23.689
55	-174.025	11	   5.565	  35.044	  27.401
56	-166.756	16	 -14.838	  19.292	  13.827
57	-165.462	16	   4.820	  65.961	   8.549
58	-165.242	17	  19.580	  19.167	  44.962
59	-161.509	16	 -10.256	  34.638	  41.432
60	-159.579	16	 -12.682	   3.762	  10.641
61	-155.744	15	   1.975	  36.820	   3.661
62	-153.440	14	  20.732	  58.725	  22.838
63	-143.934	14	  13.821	  65.609	  39.549
64	-142.711	13	  -9.598	  16.384	  24.110
65	-138.016	13	   1.425	  61.552	  46.937
66	-137.779	13	   8.002	  20.130	  55.927
67	-132.012	12	  12.713	   3.566	  39.730
68	-131.459	12	  12.318	   2.371	  17.259
69	-128.729	13	   2.581	   2.748	  11.369
70	-128.653	12	  17.893	  64.211	   5.774
71	-128.146	13	  18.393	  -3.342	  44.066
72	-113.669	12	  23.251	   6.966	  18.659
73	-111.317	11	   3.481	  12.492	   1.741
74	-111.272	11	 -11.635	  18.332	   5.106
75	-105.992	10	  13.693	  15.802	  50.260
76	 -99.122	10	 -13.606	  57.706	  13.137
77	 -98.594	10	  -4.465	  61.454	  41.850
78	 -97.938	9	  -8.009	  48.298	  -3.043
79	 -93.307	9	  -6.989	   3.351	  26.076
80	 -92.438	9	   2.251	  -0.249	  19.003
81	 -91.675	9	  19.405	   4.895	   9.770
82	 -89.820	9	   2.272	   7.540	  40.990
83	 -88.465	9	  -9.152	  56.174	  38.291
84	 -81.741	8	 -11.057	  57.089	   2.864
85	 -78.409	8	 -13.087	  38.366	   6.818
86	 -77.076	8	  -8.715	  56.542	  26.530
87	 -75.974	8	  19.913	  15.848	  37.068
88	 -72.541	7	  -6.678	  45.844	  46.725
89	 -67.529	7	  24.308	  22.965	   7.886
90	 -65.613	6	   7.588	  66.487	  28.716
91	 -61.868	6	 -15.808	  11.621	  21.238
92	 -61.615	6	   2.335	  34.189	  51.560
93	 -61.162	5	  20.173	  45.564	  40.477
94	 -59.256	6	  20.839	   5.689	  48.229
95	 -59.042	6	  -3.774	  57.779	   0.611
96	 -58.413	4	  16.379	  12.001	  17.346
97	 -57.383	6	  21.362	  44.551	  -1.436
98	 -55.503	5	  21.914	  10.906	   2.521
99	 -53.978	5	  -6.047	  53.969	  14.602
100	 -50.417	5	  12.805	  14.236	  -0.280
101	 -49.114	5	  23.270	  61.208	  -1.095
102	 -48.983	5	  15.445	  23.499	   2.252
103	 -48.503	5	  22.204	   4.800	  38.636
104	 -47.248	5	 -10.572	  18.696	  43.481
105	 -43.175	4	  -4.464	  62.857	   8.324
106	 -39.914	4	  11.157	   3.891	   9.339
107	 -31.573	3	 -16.331	  47.296	  -0.388
108	 -31.112	3	  28.945	  59.435	   6.301
109	 -29.637	3	 -22.489	   7.854	  12.752
110	 -19.614	2	  -8.827	  63.740	  32.722
111	 -10.901	1	 -11.827	   7.207	  30.722
112	  -9.842	1	  11.173	   5.207	  26.722
113	  -9.600	1	  30.173	  56.207	  -2.278
114	  -9.193	1	  -6.827	  46.207	  16.722
115	  -9.153	1	  22.173	  54.207	  38.722
