1	-1031.534	77	  26.939	  57.048	  49.940
2	-613.961	55	  22.694	  48.283	  61.733
3	-471.987	39	   6.119	  65.351	  60.935
4	-452.943	41	  14.952	  53.775	  39.059
5	-437.974	38	  22.206	  57.593	  62.474
6	-376.414	33	  12.226	  48.139	  43.526
7	-351.453	33	  25.803	  62.587	  57.128
8	-339.841	32	   6.282	  44.462	  55.368
9	-328.144	32	  19.943	  42.932	  43.257
10	-309.926	30	  14.771	  72.089	  57.173
11	-298.110	29	  11.414	  59.016	  67.971
12	-252.028	22	   6.152	  69.189	  45.895
13	-240.907	21	   4.599	  54.631	  49.074
14	-172.048	17	  31.747	  57.564	  45.111
15	-154.818	15	  24.221	  70.854	  39.155
16	-129.763	12	  13.217	  70.418	  37.363
17	-129.318	11	  29.791	  64.630	  39.292
18	-128.925	12	   7.286	  50.117	  65.789
19	-123.421	11	   5.959	  59.212	  41.264
20	-119.689	12	  17.919	  65.909	  65.141
21	-117.506	11	  25.828	  76.034	  58.557
22	-105.347	10	  18.036	  73.552	  44.492
23	-100.929	10	  35.057	  68.195	  46.792
24	 -98.011	10	  13.083	  44.785	  67.332
25	 -93.249	9	  18.263	  64.649	  33.169
26	 -87.367	9	  20.586	  50.902	  34.673
27	 -78.637	8	  31.677	  73.612	  52.756
28	 -68.444	7	  12.432	  41.240	  53.321
29	 -60.709	6	  22.277	  77.473	  50.024
30	 -59.104	6	  16.971	  39.867	  61.100
31	 -54.737	5	  24.950	  41.124	  51.500
32	 -40.716	4	  31.050	  48.416	  47.400
33	 -39.566	4	  12.341	  74.373	  49.643
34	 -29.072	3	  30.977	  50.351	  59.811
35	 -18.897	2	  -0.713	  66.234	  49.924
36	 -18.686	2	  26.780	  46.661	  38.368
37	 -10.686	1	  29.287	  76.661	  44.875
38	  -9.089	1	  32.287	  42.661	  56.875
