1	-1798.528	162	 -10.638	  15.451	  30.073
2	-994.097	89	  -6.604	  17.813	  23.562
3	-443.188	42	  -6.039	  33.898	  24.095
4	-400.684	37	 -26.134	  22.589	  31.671
5	-365.810	33	 -16.267	  22.243	  41.628
6	-285.719	26	  -3.547	  19.553	  51.987
7	-277.478	26	  -9.761	  24.429	  14.816
8	-268.340	23	   1.957	  10.827	  41.353
9	-252.263	25	 -11.418	   5.005	  27.050
10	-229.164	21	 -17.417	  13.535	   3.531
11	-210.858	19	 -26.347	  15.679	   9.262
12	-204.962	18	 -10.756	   3.524	  15.027
13	-195.017	19	  -0.220	  10.812	  28.592
14	-190.592	19	 -23.422	  35.103	  23.394
15	-188.948	17	   6.824	  18.080	  44.492
16	-184.478	17	   1.639	  25.277	  29.491
17	-152.341	15	 -19.703	   3.404	   8.850
18	-149.644	15	 -23.641	  28.308	  11.677
19	-147.501	15	  -1.163	  26.402	  49.344
20	-142.270	13	 -22.015	  11.394	  26.396
21	-138.484	14	 -17.596	  37.605	  35.083
22	-138.246	14	 -12.499	  34.486	  44.143
23	-133.052	11	 -20.286	  30.882	  38.150
24	-131.751	11	  -1.248	  36.210	  37.301
25	-126.181	11	 -30.995	  19.663	  17.861
26	-113.172	9	 -16.745	  32.851	  17.210
27	-112.651	11	  -3.227	   4.506	  24.631
28	-111.684	9	  -0.289	  32.725	  45.051
29	-102.421	10	   4.303	  16.722	  31.948
30	-101.647	10	 -14.752	  24.059	  10.142
31	 -98.862	10	   0.782	  12.217	  51.497
32	 -90.782	9	 -29.566	  12.210	  23.121
33	 -69.489	7	 -11.118	   5.127	   4.218
34	 -61.236	6	   7.679	  26.670	  45.816
35	 -41.609	4	 -26.772	   6.867	   9.296
36	 -37.928	4	 -10.921	  18.965	   6.779
37	 -37.650	4	 -30.249	  28.453	  19.997
38	 -30.670	3	   5.471	  30.836	  34.021
39	 -29.083	3	  -8.813	  40.061	  39.522
40	 -28.223	3	 -10.772	  16.075	  48.429
41	 -28.143	3	 -30.445	  26.385	  11.779
42	 -27.890	3	 -24.661	   5.013	  18.843
43	 -19.449	2	  -2.772	   6.924	  11.779
44	 -19.143	2	   7.760	  22.454	  36.375
45	 -18.110	2	  -6.770	   7.887	  46.777
46	 -10.288	1	  -0.772	  11.390	  18.779
47	  -9.132	1	 -11.772	   9.390	  37.779
48	  -9.067	1	 -27.772	  31.390	  32.779
