1	-1123.903	97	  15.957	  39.240	  80.594
2	-1095.387	93	  -9.498	  18.082	  78.078
3	-896.677	80	 -14.959	  49.861	  73.835
4	-815.158	73	 -16.292	  47.569	  81.681
5	-659.181	59	   7.030	  63.753	  78.349
6	-622.617	55	 -31.128	  29.857	  73.874
7	-602.891	44	 -22.008	  25.579	  86.876
8	-599.684	55	 -28.264	  47.428	  67.892
9	-589.210	52	   1.439	   7.177	  71.542
10	-584.920	46	  24.274	  42.556	  77.273
11	-570.714	46	  -9.217	   9.659	  73.498
12	-559.315	51	  21.440	  52.839	  73.550
13	-555.630	50	  17.762	  14.778	  79.435
14	-554.377	50	 -23.708	  41.642	  92.571
15	-547.728	44	  -2.616	  35.503	  77.172
16	-540.724	48	  -0.062	  15.839	  95.029
17	-539.461	50	  10.137	  49.527	  96.192
18	-533.735	42	 -21.634	  55.275	  72.141
19	-530.550	49	 -24.906	  53.790	  92.868
20	-525.966	48	   9.697	   7.659	 110.715
21	-521.528	46	  -5.812	  11.479	 112.699
22	-519.393	48	  20.649	  45.672	 101.340
23	-515.049	46	 -12.515	  15.304	  85.758
24	-505.104	42	 -16.795	   9.249	  61.828
25	-483.064	43	 -16.456	  53.943	  85.283
26	-480.486	42	 -27.948	  47.377	 110.416
27	-480.060	44	  18.276	  38.265	  89.350
28	-477.289	41	  29.784	  35.069	  67.140
29	-476.144	45	  -7.841	  51.435	  64.388
30	-471.673	41	  13.826	  48.913	 114.907
31	-469.579	42	 -38.655	  35.571	 105.087
32	-466.884	36	  13.250	  24.752	  92.400
33	-456.535	41	  10.164	  63.763	 110.441
34	-454.019	37	 -15.825	  62.752	  61.809
35	-434.749	40	   5.102	  67.422	  92.430
36	-431.104	40	 -17.074	  47.501	 104.722
37	-429.812	40	   1.573	  19.864	  72.319
38	-425.871	42	  24.335	  20.045	 101.051
39	-414.742	39	 -12.834	  60.598	  94.698
40	-412.357	38	   9.839	  39.985	 107.482
41	-406.412	39	   9.534	  46.628	  72.412
42	-405.115	37	  -8.645	   8.889	  94.593
43	-399.861	39	 -32.951	  18.299	  94.462
44	-393.657	23	  -2.438	  57.728	  86.127
45	-387.116	37	  -9.942	  19.960	 104.800
46	-381.669	35	 -12.215	  20.933	  64.205
47	-371.197	33	  26.437	  60.686	  65.923
48	-370.368	32	  31.814	  24.474	  63.970
49	-358.352	35	   0.215	  -4.108	  99.468
50	-357.183	32	  16.673	  33.437	  67.511
51	-348.355	31	  36.234	  44.253	  86.020
52	-346.525	32	  18.288	  12.021	  93.046
53	-332.616	32	  -4.613	  43.891	  91.697
54	-331.957	30	 -35.775	  27.979	  86.594
55	-329.000	30	  11.671	  21.021	  99.400
56	-328.789	28	 -26.097	  13.158	  57.311
57	-328.536	29	  -0.532	  57.606	  98.013
58	-316.662	30	  18.011	  11.452	 101.400
59	-315.804	28	 -25.793	  28.624	  94.856
60	-306.139	28	 -21.300	   0.563	  78.416
61	-298.424	29	 -42.406	  50.263	  93.419
62	-297.255	25	  -7.593	  69.103	  59.276
63	-296.282	28	  -3.742	  16.234	  85.385
64	-292.684	27	  13.300	  45.205	  87.012
65	-290.412	28	  18.751	  64.808	 100.725
66	-288.482	27	 -37.438	  27.794	  95.081
67	-283.437	25	 -34.381	  45.859	  58.316
68	-282.881	27	 -15.916	  12.357	  94.871
69	-277.243	25	 -27.226	  51.470	  99.521
70	-274.510	26	 -41.696	  41.507	  94.024
71	-272.609	26	 -23.711	  17.114	  93.709
72	-271.605	25	  33.134	  49.440	 105.343
73	-267.915	24	   7.219	   1.366	  63.111
74	-267.530	26	  -6.080	  70.332	  96.438
75	-262.412	23	  -7.938	   8.513	 102.253
76	-260.807	24	  -5.382	  21.147	  72.636
77	-259.021	24	 -18.412	  41.361	  71.743
78	-255.846	21	 -39.672	  50.581	  76.524
79	-253.418	22	 -33.029	  19.030	  74.464
80	-252.994	24	  20.924	  28.553	  98.833
81	-250.943	22	 -14.391	  -3.617	  82.075
82	-248.998	24	   8.183	  15.630	  66.452
83	-244.400	23	 -13.087	  -4.311	 101.315
84	-244.241	24	 -19.740	  14.444	 103.657
85	-244.224	23	   7.949	   0.577	  99.703
86	-243.460	21	   2.666	  -3.507	  81.389
87	-240.710	21	  -1.920	  70.550	  78.028
88	-240.289	22	   3.790	  68.288	 100.997
89	-238.694	22	 -36.182	  62.460	  97.220
90	-236.308	22	  11.959	  40.429	  74.787
91	-235.698	24	  34.199	  38.249	 111.199
92	-234.004	23	   4.568	  32.415	  91.979
93	-231.520	23	  18.575	  39.302	 118.215
94	-230.668	23	  19.582	  34.637	 107.806
95	-230.342	22	 -17.259	  58.491	 103.591
96	-221.390	19	  28.478	  59.857	  84.644
97	-221.064	21	 -26.525	  67.558	  73.882
98	-218.076	21	 -21.945	  21.084	  56.022
99	-217.281	21	  -1.891	  62.303	  58.515
100	-215.089	20	  -6.455	  38.808	  62.930
101	-214.539	20	  26.696	  60.635	 101.429
102	-210.742	19	   9.411	  62.622	  59.672
103	-208.578	20	  12.544	  54.446	  67.719
104	-208.418	19	  -5.137	  55.691	  92.418
105	-206.766	18	  13.297	   6.332	  82.966
106	-202.187	16	 -10.355	  73.413	  71.007
107	-202.094	19	   2.221	  47.789	 112.640
108	-197.662	19	  20.859	  36.397	  99.138
109	-197.503	18	 -21.541	  37.296	 109.752
110	-196.649	19	 -16.608	  11.379	 114.409
111	-196.095	20	 -22.251	  56.225	 113.773
112	-195.868	16	 -30.282	   9.496	  69.372
113	-195.861	20	 -17.667	  35.686	  91.920
114	-194.621	19	  -7.137	  -5.386	  73.387
115	-192.974	16	 -31.268	  65.097	  79.592
116	-192.699	16	 -31.487	  23.689	  61.610
117	-191.939	18	 -11.806	  29.967	  90.169
118	-191.439	18	 -17.285	  67.985	 104.912
119	-186.384	18	  29.276	  29.905	 109.874
120	-183.452	18	   7.217	  36.105	  65.042
121	-182.448	16	  27.144	  17.674	  81.072
122	-181.446	17	 -27.700	   3.939	 103.686
123	-180.769	16	   3.738	  68.277	  65.230
124	-179.681	17	   5.279	  -5.318	  64.613
125	-175.672	16	  -0.891	  22.449	 112.516
126	-175.060	16	  24.522	  16.698	  65.675
127	-171.271	16	 -14.483	  38.826	  66.292
128	-170.786	17	   2.703	  47.623	  94.223
129	-168.536	16	 -24.490	  38.431	  63.736
130	-167.866	15	  -6.732	  73.042	  83.646
131	-166.079	16	  -2.996	  29.804	  63.847
132	-165.325	15	 -28.481	  30.661	  55.360
133	-162.131	16	   2.441	  23.478	  94.531
134	-161.800	16	 -26.188	  68.788	 106.822
135	-160.547	14	  18.347	  13.926	  61.182
136	-158.063	15	   2.997	  23.168	 103.143
137	-157.762	13	 -33.602	  13.960	  80.574
138	-151.433	12	  34.524	  24.253	  76.696
139	-151.290	14	 -39.664	  51.078	  59.285
140	-147.509	13	  30.336	  20.018	  88.208
141	-146.956	15	 -10.488	  27.045	  60.752
142	-144.079	13	 -21.162	  71.368	  80.305
143	-138.441	14	  37.296	  50.087	  76.326
144	-134.058	13	  22.717	  24.987	  61.026
145	-133.096	12	 -20.839	  34.630	 101.367
146	-132.265	10	 -20.232	  15.600	  71.346
147	-131.325	12	   1.305	  49.508	 103.209
148	-130.231	11	  19.111	  49.927	 108.954
149	-129.695	13	  16.872	  65.728	  63.717
150	-129.549	11	  22.968	  63.484	  79.555
151	-128.675	13	 -36.418	  35.575	  58.224
152	-125.513	12	 -25.960	  31.039	 108.345
153	-123.790	8	  16.117	  25.128	  85.441
154	-119.951	8	  24.496	  29.892	  76.207
155	-119.686	12	   7.506	  21.808	 111.366
156	-118.627	8	 -10.514	  62.011	  71.776
157	-118.404	11	  18.189	  45.735	  94.758
158	-110.969	11	 -35.624	  48.716	 103.021
159	-104.228	9	   9.232	  -0.499	  77.366
160	-103.012	10	  12.144	  28.971	  60.270
161	-101.055	10	  -4.023	   3.074	 107.906
162	-101.025	10	  -5.403	  34.191	  93.683
163	 -97.358	9	 -19.757	  -3.580	  90.888
164	 -96.974	9	  -0.863	  55.306	 110.772
165	 -96.302	8	 -39.553	  43.877	  71.781
166	 -95.680	10	 -33.905	  62.843	  69.079
167	 -94.075	8	  36.340	  33.870	  87.002
168	 -92.112	9	  -5.556	   2.583	  63.953
169	 -91.149	9	   2.312	  43.199	  62.578
170	 -90.820	9	   0.923	  67.618	 108.650
171	 -90.653	8	 -29.535	  55.437	  61.261
172	 -90.376	9	 -37.141	  25.872	 104.253
173	 -90.036	9	  17.996	  13.687	 110.368
174	 -88.936	9	 -20.406	  34.747	  57.688
175	 -87.869	9	   7.813	  51.432	  61.774
176	 -87.088	9	 -23.721	  -2.598	 101.546
177	 -86.024	8	  -1.622	  49.829	  59.381
178	 -85.174	9	 -17.907	   0.178	 108.871
179	 -84.923	8	 -27.335	  11.119	 104.376
180	 -80.955	8	  37.376	  41.955	  97.117
181	 -80.802	8	 -34.134	  17.504	  64.473
182	 -80.488	8	  16.305	   4.819	  63.992
183	 -78.339	8	 -14.482	  75.996	  97.716
184	 -72.463	7	  -4.079	  65.152	 102.751
185	 -72.168	7	   4.359	  29.320	  62.819
186	 -70.293	6	 -38.804	  39.121	  78.742
187	 -70.220	7	  -0.801	  73.432	  68.087
188	 -69.799	7	 -34.996	   7.888	  95.474
189	 -69.338	6	  32.911	  55.330	  80.399
190	 -68.555	7	 -30.434	  69.152	  89.138
191	 -68.193	7	 -30.785	  70.326	 100.513
192	 -62.650	6	 -17.582	  43.430	 115.057
193	 -62.219	6	  29.488	  47.606	  67.778
194	 -59.757	5	 -37.049	  56.752	  72.454
195	 -58.880	6	 -25.306	  60.461	  59.348
196	 -58.771	6	  28.656	  44.618	 114.691
197	 -57.252	6	  29.162	  36.880	 118.702
198	 -54.243	5	   5.984	  41.519	 118.892
199	 -49.729	5	 -27.091	   0.142	  95.269
200	 -49.175	4	  17.023	  65.196	  85.204
201	 -48.591	5	  37.482	  42.547	  74.799
202	 -48.312	5	  35.261	  58.887	  65.958
203	 -47.996	5	  30.266	  15.952	  71.820
204	 -45.925	5	   8.667	  16.350	 118.204
205	 -45.875	5	  33.681	  23.147	 103.212
206	 -45.634	4	  -8.733	  22.223	 116.473
207	 -43.491	4	 -40.754	  55.756	  98.496
208	 -40.895	4	  29.482	  56.447	 107.194
209	 -38.901	4	 -25.023	  72.981	  95.971
210	 -38.711	4	 -34.868	  54.756	 106.862
211	 -38.131	4	  35.723	  45.224	  65.450
212	 -37.315	4	 -16.803	  54.261	  67.209
213	 -31.033	3	 -31.168	  61.752	 108.200
214	 -30.375	3	 -11.518	  -0.189	  60.204
215	 -30.347	3	 -24.530	   4.087	 112.539
216	 -29.037	3	 -16.502	  -1.920	  69.525
217	 -24.229	2	 -19.019	   1.752	  59.204
218	 -23.301	2	 -20.962	  68.308	  58.760
219	 -20.144	2	  37.482	  37.262	  65.694
220	 -20.100	2	  36.935	  35.205	 102.751
221	 -19.850	2	  21.482	  58.219	 108.204
222	 -18.434	2	  -8.494	  -7.248	  95.692
223	 -18.357	2	   1.996	  58.295	 117.204
224	 -13.228	1	 -23.518	   8.752	  86.204
225	 -10.097	1	   2.482	   7.752	 105.204
226	  -9.654	1	 -17.518	  66.752	  87.204
227	  -9.251	1	 -36.518	  65.752	  85.204
228	  -9.089	1	   7.482	  61.752	  67.204
229	  -9.028	1	 -32.518	  31.752	 113.204
230	  -8.969	1	 -43.518	  45.752	  85.204
