1	-1382.922	99	  27.362	  23.563	  47.109
2	-601.050	52	  41.891	  34.865	  39.269
3	-573.152	53	  36.501	  17.973	  27.768
4	-494.382	43	  34.922	  26.285	  59.104
5	-404.902	38	  20.460	  20.714	  24.214
6	-400.885	34	  52.353	  27.073	  42.560
7	-395.791	34	  42.916	  23.419	  47.530
8	-386.273	34	  46.628	  13.860	  34.648
9	-366.333	36	  17.058	  38.660	  38.726
10	-350.156	32	  16.350	  16.655	  48.266
11	-345.843	31	  17.245	  34.505	  55.558
12	-344.494	32	  15.939	  20.735	  61.792
13	-326.688	30	  39.557	  37.403	  28.545
14	-294.020	27	  29.304	  16.400	  71.064
15	-281.343	26	  36.944	  17.560	  45.908
16	-273.304	22	  22.086	  33.169	  22.922
17	-267.620	24	  12.628	  30.187	  52.263
18	-265.804	26	  25.581	  37.158	  50.059
19	-238.427	22	  52.539	  21.701	  32.046
20	-222.502	22	  24.258	  38.624	  56.681
21	-200.703	19	  39.140	  13.471	  40.448
22	-199.372	18	  28.274	  24.392	  78.244
23	-189.638	18	  35.323	  27.818	  18.214
24	-183.226	17	  13.289	  33.933	  29.543
25	-181.504	17	  35.271	  31.140	  76.894
26	-167.228	16	   9.095	  32.801	  39.962
27	-161.039	16	  19.132	  40.890	  46.708
28	-154.504	14	  42.696	  26.602	  23.384
29	-150.336	14	  21.547	  16.950	  54.787
30	-145.967	14	  12.715	  26.926	  24.786
31	-141.726	14	   6.640	  22.511	  45.724
32	-134.362	13	  16.988	  12.532	  36.944
33	-128.922	13	  53.059	  17.555	  46.795
34	-124.927	13	  25.036	  28.738	  15.673
35	-114.281	11	  49.603	  28.124	  27.516
36	-110.230	11	  30.127	  19.235	  20.450
37	-104.269	10	  37.079	  21.106	  71.806
38	 -99.995	10	  34.090	  35.675	  60.452
39	 -94.978	8	  24.396	  38.454	  27.780
40	 -93.496	9	   5.548	  19.570	  37.798
41	 -91.863	9	  39.970	  22.658	  80.662
42	 -90.139	9	  31.599	  37.020	  20.017
43	 -84.488	8	  31.136	  18.527	  55.209
44	 -78.994	8	  43.077	  33.841	  47.453
45	 -70.942	7	  30.250	  39.049	  33.329
46	 -69.079	7	  28.966	  40.489	  41.359
47	 -59.865	6	  28.101	  38.737	  67.104
48	 -56.959	6	  48.800	  19.862	  80.025
49	 -50.682	5	  38.462	  32.317	  53.369
50	 -50.274	5	  15.296	  26.766	  69.415
51	 -49.181	5	  28.522	  12.920	  61.519
52	 -48.325	5	  14.898	  13.901	  27.168
53	 -48.027	5	  19.168	  36.191	  71.950
54	 -45.894	4	   7.025	  27.095	  29.971
55	 -41.895	4	  49.942	  33.510	  33.326
56	 -36.406	4	  27.350	  13.638	  25.769
57	 -19.608	2	  20.505	  15.374	  72.174
58	 -18.878	2	  56.095	  17.892	  83.249
59	 -18.328	2	  20.582	  43.379	  62.764
60	 -12.828	1	  33.095	  19.892	  37.764
61	  -9.575	1	  40.095	  28.892	  66.764
62	  -9.104	1	  35.095	  17.892	  61.764
