1	-1797.224	157	 -19.227	  38.864	  -1.092
2	-1117.676	94	 -30.380	  18.177	  -4.555
3	-1076.776	92	 -32.532	  43.856	  -2.327
4	-1051.091	89	 -26.982	  60.182	 -15.680
5	-1006.028	85	 -34.977	  36.523	 -16.513
6	-983.383	88	 -26.544	   7.296	  -8.447
7	-974.777	89	 -24.364	  13.336	  -1.501
8	-959.054	89	 -20.844	  64.319	 -19.915
9	-886.434	79	 -20.118	  69.344	 -12.667
10	-858.314	75	 -12.311	  32.834	 -13.935
11	-735.031	65	 -20.896	  40.147	 -23.557
12	-693.905	68	 -44.012	  39.898	 -10.140
13	-692.446	60	 -22.851	  34.831	 -18.714
14	-670.481	58	 -12.100	  42.186	  -9.082
15	-619.121	54	 -25.199	  54.776	 -33.014
16	-553.709	47	 -23.626	  23.501	  11.384
17	-513.633	47	  -8.164	  16.115	  11.953
18	-513.115	46	  -8.819	  58.259	 -35.992
19	-475.519	45	 -14.897	  35.616	 -20.776
20	-451.655	39	 -14.820	   6.519	 -11.380
21	-397.722	36	 -30.071	   6.546	   5.299
22	-389.742	38	 -14.950	  63.208	 -37.663
23	-388.421	35	 -26.039	  71.827	 -25.161
24	-370.225	32	  -8.922	  66.157	  -9.689
25	-356.027	33	  -7.667	  16.161	 -20.539
26	-355.800	33	  -2.411	  55.722	  -4.056
27	-348.682	33	  -0.816	  22.197	   9.669
28	-332.381	30	 -37.644	  17.285	  -4.759
29	-324.547	31	  -2.463	  51.482	 -35.774
30	-320.241	31	 -22.824	   9.506	  12.659
31	-313.446	30	 -21.274	  68.435	 -33.837
32	-312.657	29	  -5.036	  41.822	 -14.727
33	-293.114	26	  -5.852	  33.072	  -1.264
34	-292.306	27	  -7.785	  40.448	 -24.876
35	-287.128	29	 -42.800	  41.859	  -2.561
36	-286.001	26	   0.722	  16.556	  -4.771
37	-279.124	25	   3.014	  55.187	 -22.117
38	-271.065	26	 -33.265	  30.847	 -21.221
39	-256.757	25	 -20.050	  29.939	 -28.374
40	-254.415	25	 -36.091	   7.350	  -4.689
41	-254.413	24	 -49.065	  28.870	  -3.805
42	-243.936	22	  -4.597	  69.523	 -16.162
43	-238.650	22	 -43.317	  16.139	   7.439
44	-236.914	23	  -3.764	  31.783	   8.503
45	-236.744	23	 -31.838	  13.889	  11.880
46	-231.833	22	   1.909	  46.696	 -27.476
47	-227.502	21	 -47.235	  53.578	 -12.658
48	-227.159	22	 -30.078	  71.897	 -13.877
49	-214.525	20	  -7.095	   1.215	   7.719
50	-214.157	21	  -7.153	  42.418	 -34.541
51	-212.521	21	 -25.826	  41.915	   0.985
52	-204.017	20	 -32.336	  44.688	 -29.751
53	-203.926	20	 -13.588	  22.146	 -25.368
54	-203.587	20	 -32.648	  61.247	 -10.542
55	-186.710	17	  -3.604	  72.772	 -31.900
56	-185.852	18	 -10.847	  38.576	  -1.284
57	-182.618	18	 -15.772	  11.852	  15.183
58	-180.334	18	 -30.545	  65.326	 -31.903
59	-174.837	16	  -3.450	  29.442	 -11.228
60	-172.977	17	 -14.316	   9.781	 -21.071
61	-172.516	16	   2.302	  25.308	  -0.681
62	-171.417	17	 -42.912	  48.640	  -7.736
63	-165.306	16	 -29.085	  34.768	   9.069
64	-158.217	15	 -15.368	  56.870	   6.885
65	-158.051	13	 -35.507	  63.272	 -17.354
66	-143.957	15	   1.038	  63.930	 -31.014
67	-140.264	14	 -42.172	  55.926	 -31.573
68	-138.561	13	 -14.501	  76.793	 -31.716
69	-137.389	13	  -6.210	   4.553	  -6.616
70	-136.130	13	 -42.679	  63.450	 -24.766
71	-132.938	14	 -44.825	  21.930	  -4.774
72	-132.396	13	  -9.147	  80.077	 -23.089
73	-132.043	13	  -8.244	  52.110	   1.161
74	-131.031	13	 -13.265	  38.848	   6.238
75	-129.838	13	 -44.805	  32.027	 -10.126
76	-129.435	13	 -48.884	  47.902	 -24.517
77	-117.043	11	 -41.012	  26.395	  13.167
78	-114.469	11	  -3.062	  47.312	  -6.971
79	-113.982	12	 -15.532	  -4.764	   0.600
80	-113.966	12	 -12.142	  46.091	   5.179
81	-112.394	11	 -38.459	  69.683	 -25.805
82	-111.634	11	  -7.479	  63.336	  -1.477
83	-107.826	11	 -34.607	  41.231	   4.038
84	-106.059	10	 -22.217	  73.998	  -6.672
85	-104.557	10	   2.281	  60.705	 -12.271
86	-103.006	10	  -2.441	  11.103	 -12.463
87	-101.514	10	 -19.608	  34.143	  12.575
88	 -96.518	10	 -48.287	  42.869	 -15.974
89	 -96.473	10	 -32.519	  28.165	  14.741
90	 -94.441	10	 -36.176	  14.581	 -17.575
91	 -94.071	9	 -17.717	  -0.978	  11.039
92	 -93.612	9	  -5.247	  24.003	 -18.174
93	 -88.403	9	 -41.667	  59.182	 -13.594
94	 -88.215	9	 -31.525	  16.367	 -24.513
95	 -87.710	9	 -16.710	  37.471	 -30.944
96	 -85.291	8	 -19.553	  16.954	 -28.149
97	 -84.819	8	 -21.323	  47.568	 -37.489
98	 -81.692	8	 -45.646	  35.714	   7.991
99	 -80.635	8	 -37.825	  39.333	 -24.290
100	 -79.452	8	 -35.501	  51.262	 -33.957
101	 -77.789	7	  -2.423	   7.519	   3.816
102	 -68.371	7	 -29.916	  63.055	  -0.494
103	 -51.729	5	 -30.155	  39.553	 -23.907
104	 -50.463	5	 -34.100	  54.810	   1.211
105	 -48.812	5	 -21.194	  47.623	   8.844
106	 -46.055	5	 -49.183	  58.172	 -19.793
107	 -41.412	4	 -26.476	  56.814	   4.516
108	 -40.958	4	 -14.563	  25.928	  15.260
109	 -39.024	4	 -50.589	  25.809	   3.597
110	 -38.493	4	 -16.194	  68.887	  -1.437
111	 -38.409	4	 -39.887	  24.111	 -20.222
112	 -38.285	4	 -26.844	  19.849	 -29.252
113	 -37.511	4	 -22.615	   1.650	   5.720
114	 -32.878	2	  -3.376	  65.368	 -25.619
115	 -31.732	3	 -24.709	  40.368	 -33.281
116	 -30.061	3	 -25.720	   6.674	 -20.277
117	 -28.589	3	 -12.706	   4.383	  15.029
118	 -28.098	3	 -21.693	  63.381	   4.029
119	 -19.702	2	   2.624	  22.368	  -9.462
120	 -18.889	2	 -14.854	  74.368	 -20.942
121	 -18.723	2	 -26.870	  28.874	 -30.971
122	 -11.947	1	 -18.376	  51.368	 -16.971
123	 -11.027	1	 -20.376	  24.368	  -5.971
124	 -10.259	1	  -9.376	  88.368	 -28.971
125	  -9.546	1	 -19.376	   1.368	  -2.971
126	  -9.296	1	 -52.376	  36.368	  -0.971
127	  -8.933	1	 -40.376	  58.368	  -5.971
