1	-788.463	64	   0.006	  58.530	  22.752
2	-770.556	63	 -17.554	  58.702	  16.609
3	-746.455	68	 -17.500	  52.928	  30.275
4	-739.960	66	  -8.953	  65.440	  32.325
5	-517.403	51	  18.242	  44.520	  40.219
6	-405.409	38	 -12.282	  70.410	  17.255
7	-400.755	38	 -29.780	  57.641	  33.715
8	-396.046	38	 -40.140	  76.410	  14.490
9	-368.030	32	 -12.606	  75.467	  26.670
10	-359.436	33	   2.370	  37.790	  44.319
11	-338.869	32	 -40.107	  62.631	  26.128
12	-325.050	30	  16.653	  61.802	  32.423
13	-322.231	29	 -14.325	  59.930	  31.430
14	-320.206	31	  -1.182	  38.514	  31.159
15	-312.301	31	  -0.633	  67.782	  40.197
16	-309.040	28	 -11.174	  44.583	  31.961
17	-295.373	25	 -36.189	  56.260	  14.570
18	-290.973	27	 -18.928	  80.387	  18.775
19	-285.906	27	  11.400	  60.157	  44.829
20	-283.954	27	  -3.296	  43.160	  50.247
21	-271.815	26	 -31.393	  48.444	  22.615
22	-249.659	24	 -35.291	  68.364	  36.320
23	-243.889	22	 -30.905	  85.043	  26.523
24	-239.648	24	   8.536	  71.583	  32.531
25	-239.647	23	 -29.405	  80.578	  36.288
26	-224.862	21	  -1.544	  70.263	  21.396
27	-212.002	20	  -8.720	  48.283	  23.588
28	-193.356	19	   3.126	  60.868	  47.065
29	-178.243	18	  -8.661	  58.394	  19.392
30	-172.198	16	 -27.816	  76.553	   8.784
31	-171.712	16	  17.425	  47.276	  29.434
32	-167.882	16	  -1.548	  45.491	  23.223
33	-167.429	16	 -16.942	  47.576	  20.251
34	-164.958	15	   6.075	  72.067	  23.452
35	-164.677	16	 -10.172	  50.522	  49.793
36	-159.732	16	  -0.269	  55.591	  52.348
37	-153.119	15	 -18.114	  65.387	  35.847
38	-140.189	13	 -33.670	  70.286	   8.042
39	-139.685	14	   8.883	  47.631	  51.509
40	-135.761	12	 -25.240	  74.140	  41.123
41	-134.575	13	  -6.204	  71.458	  29.482
42	-125.891	11	  19.166	  49.297	  48.270
43	-121.656	11	 -47.414	  72.781	  20.748
44	-120.553	12	  10.408	  42.363	  26.424
45	-115.698	12	 -11.307	  58.139	  39.679
46	-108.865	10	 -25.215	  45.616	  17.528
47	-105.931	10	 -27.671	  84.402	  15.529
48	-103.732	10	  20.014	  40.912	  46.475
49	-102.834	10	  13.466	  39.096	  52.876
50	 -95.985	10	 -25.485	  51.157	   7.222
51	 -91.030	9	 -41.350	  75.710	  29.264
52	 -88.836	9	 -44.297	  85.628	  24.015
53	 -88.421	9	 -23.365	  85.590	  27.097
54	 -76.266	8	 -27.397	  63.043	   6.253
55	 -70.309	7	  12.899	  51.891	  22.479
56	 -69.097	7	 -43.251	  64.957	  17.821
57	 -68.512	7	  18.048	  55.768	  44.547
58	 -61.488	6	 -40.440	  63.505	  10.116
59	 -59.889	6	 -16.279	  50.526	  42.314
60	 -58.569	6	  12.719	  68.652	  41.408
61	 -58.071	6	 -15.180	  75.184	  37.548
62	 -57.828	6	  12.399	  64.021	  18.494
63	 -56.426	6	  -7.237	  38.303	  46.266
64	 -53.832	5	   7.754	  34.845	  36.113
65	 -53.490	5	  -3.826	  62.514	  45.812
66	 -41.335	4	 -32.297	  48.165	  13.654
67	 -40.755	4	  21.892	  54.942	  33.290
68	 -39.759	4	  11.625	  35.923	  43.376
69	 -38.159	4	  -8.324	  36.933	  34.602
70	 -38.153	4	 -39.801	  52.915	  23.406
71	 -36.392	4	 -18.554	  47.415	  11.613
72	 -32.951	3	 -36.760	  85.165	  18.016
73	 -30.075	3	 -46.650	  79.551	  16.386
74	 -28.261	3	   7.152	  58.162	  16.957
75	 -19.262	2	 -19.801	  70.664	   8.615
76	 -18.065	2	 -14.305	  42.173	  40.615
77	 -10.514	1	  15.199	  38.165	  31.615
78	  -9.807	1	  14.199	  70.165	  26.615
79	  -9.164	1	 -20.801	  84.165	  36.615
80	  -8.996	1	 -18.801	  60.165	   8.615
