1	-1138.214	90	  65.226	  38.258	  90.470
2	-865.387	76	  39.892	  39.786	  96.175
3	-829.069	58	  59.459	  31.505	  93.603
4	-595.252	47	  67.589	  38.923	 109.137
5	-588.949	53	  71.580	  52.297	  99.336
6	-545.044	48	  71.136	  41.038	 103.830
7	-517.897	47	  61.494	  46.756	  78.429
8	-456.988	41	  58.739	  22.622	  93.261
9	-451.506	41	  73.934	  32.145	  95.515
10	-420.285	39	  53.574	  13.833	 103.821
11	-417.423	38	  48.837	  44.488	 107.734
12	-387.627	34	  42.077	  31.022	  99.111
13	-386.316	37	  44.506	  46.569	  78.105
14	-327.982	26	  69.386	  22.965	  96.341
15	-320.041	30	  37.179	  38.829	  81.791
16	-311.467	28	  46.606	  32.070	 109.000
17	-307.576	28	  62.248	  32.681	  82.783
18	-261.425	23	  54.269	  58.830	  83.808
19	-246.103	22	  56.458	  37.925	  77.301
20	-242.291	23	  71.181	  19.640	 103.867
21	-235.886	24	  56.314	  37.250	 113.485
22	-226.082	22	  43.250	  52.768	  94.051
23	-215.927	21	  55.014	  63.555	  93.391
24	-204.257	19	  34.564	  30.271	  90.725
25	-202.679	20	  66.797	  24.990	  87.088
26	-197.164	19	  66.893	  60.814	  87.336
27	-194.890	19	  50.788	  20.188	 116.236
28	-188.678	19	  54.992	  56.160	 107.836
29	-170.981	17	  59.414	  16.876	  99.486
30	-159.689	15	  71.303	  29.529	 112.306
31	-152.045	15	  55.510	  62.893	 103.826
32	-144.487	14	  64.680	  59.616	 102.901
33	-142.083	13	  80.171	  42.397	  90.423
34	-138.739	13	  42.456	  22.666	 100.849
35	-138.302	14	  48.144	  15.905	 110.219
36	-129.771	13	  74.705	  32.771	 103.156
37	-129.752	13	  74.470	  55.699	  86.172
38	-123.662	11	  62.280	  46.058	 114.024
39	-121.665	12	  48.575	  58.420	 101.301
40	-119.991	12	  40.328	  49.580	  84.870
41	-117.323	11	  64.969	  32.154	 116.264
42	-109.752	11	  50.552	  30.248	 115.320
43	-109.407	9	  76.848	  48.728	  89.109
44	-101.582	10	  48.298	  16.495	  94.067
45	 -86.333	9	  76.382	  41.139	  78.582
46	 -85.673	8	  62.415	  18.806	 114.335
47	 -73.914	7	  43.788	  25.189	 110.743
48	 -71.962	7	  35.360	  27.274	  82.441
49	 -69.673	6	  52.147	  21.123	  83.484
50	 -61.518	6	  43.350	  30.325	  75.860
51	 -57.940	4	  66.708	  53.169	  90.976
52	 -56.426	6	  69.214	  56.998	  81.016
53	 -52.978	5	  54.997	  44.581	 114.511
54	 -42.296	4	  42.629	  22.236	  83.787
55	 -40.203	4	  62.158	  25.184	 119.849
56	 -38.453	4	  42.641	  38.881	 107.822
57	 -37.823	4	  62.181	  12.169	 109.561
58	 -28.099	3	  46.886	  59.552	  84.721
59	 -22.887	2	  70.603	  48.169	  76.915
60	 -19.522	2	  52.703	  50.169	  75.338
61	 -18.668	2	  50.698	  26.724	  77.301
62	 -18.426	2	  49.174	  40.666	  73.338
63	  -9.748	1	  38.180	  44.169	 104.338
64	  -9.265	1	  75.180	  48.169	 107.338
