1	-1002.618	79	   5.955	  28.303	  24.910
2	-987.558	80	  -6.072	  54.721	  24.761
3	-986.154	83	  -0.499	  73.318	  24.317
4	-930.571	79	   0.911	  41.512	  40.697
5	-859.912	70	 -14.331	  21.143	  40.296
6	-688.271	58	  14.673	  62.864	  40.178
7	-631.215	55	   9.000	  39.099	  38.032
8	-623.723	51	  16.753	  50.347	  21.203
9	-618.293	52	 -16.638	  33.258	  21.411
10	-618.104	51	   6.747	  11.013	  16.725
11	-609.558	49	  -7.031	  72.567	  16.180
12	-609.234	58	 -15.976	  47.491	  17.545
13	-588.977	47	  -1.482	  11.300	  23.887
14	-558.986	50	 -32.492	  60.808	  15.925
15	-544.523	49	 -10.077	  45.193	  37.856
16	-533.444	50	   7.006	  21.666	   4.668
17	-532.932	50	 -22.225	  57.616	  10.596
18	-532.158	49	  16.198	  39.464	  19.450
19	-525.338	48	  -7.653	  60.827	   4.880
20	-480.464	42	  -5.007	  25.931	  48.986
21	-479.026	44	  22.399	  26.158	  11.337
22	-477.571	44	 -14.359	  24.206	  11.480
23	-470.655	44	 -13.430	  37.937	  43.802
24	-436.628	40	  10.170	  26.092	  38.637
25	-435.128	39	 -30.812	  51.255	  21.845
26	-430.054	40	  13.130	  45.709	  44.094
27	-428.060	39	  14.058	  58.903	  11.259
28	-401.951	36	  31.934	  22.766	  15.456
29	-361.244	31	 -16.344	  43.306	  23.646
30	-359.855	33	  30.544	  32.289	  22.703
31	-357.728	28	  16.160	  39.424	  28.163
32	-346.516	20	   0.249	  41.692	   5.555
33	-333.538	30	  16.854	  67.178	  24.339
34	-328.077	32	   4.446	  47.468	  45.737
35	-323.729	31	  11.540	  48.643	   5.902
36	-307.822	27	 -16.659	  16.490	  24.885
37	-307.785	27	  26.025	   3.331	  20.484
38	-306.723	29	 -10.413	  43.501	  10.205
39	-304.905	29	 -20.950	  66.533	  33.306
40	-304.423	30	  -4.518	  63.411	  47.684
41	-303.546	29	  -3.993	  48.062	  44.840
42	-291.247	28	  -6.384	  16.814	  49.759
43	-286.152	26	  -4.450	  35.854	  45.993
44	-285.203	28	   6.057	  15.332	  45.915
45	-278.038	23	   7.105	  57.116	  48.754
46	-274.229	26	  12.318	  11.726	  38.514
47	-269.261	25	  15.151	  52.818	  45.132
48	-268.313	26	   4.355	  35.871	  -1.285
49	-260.859	25	  -8.701	  51.199	   2.040
50	-258.371	25	 -12.579	  58.526	  34.186
51	-258.079	25	 -15.831	  80.345	  26.682
52	-257.499	24	   4.707	   7.614	  26.822
53	-255.345	23	   4.702	  67.280	  10.848
54	-248.226	24	  18.881	  15.031	  32.290
55	-244.356	23	  28.173	  35.365	  12.447
56	-244.342	24	 -11.792	  35.483	   7.211
57	-242.749	21	 -21.360	  53.496	  28.973
58	-242.099	23	  10.254	  31.142	   3.206
59	-236.138	22	 -19.731	  17.547	  33.026
60	-235.502	22	 -12.172	  70.417	  38.131
61	-229.788	21	  21.848	  31.323	  29.578
62	-227.264	22	   7.918	  67.226	  49.258
63	-226.406	21	  -4.995	  15.874	  11.354
64	-225.278	22	  -2.438	  47.213	  -1.973
65	-218.881	21	  11.287	  72.004	  22.717
66	-212.351	20	 -20.648	  74.924	  29.658
67	-211.790	15	 -15.884	  44.170	  31.003
68	-201.159	19	   3.898	  33.356	  46.014
69	-196.685	20	  14.313	   2.843	  26.339
70	-193.595	19	  10.885	  40.337	   9.487
71	-190.253	18	  21.811	   8.498	  28.839
72	-185.681	17	  -6.485	  34.733	  -1.580
73	-175.165	17	 -24.557	  73.483	   9.104
74	-170.515	15	 -14.525	  29.909	  45.196
75	-170.136	16	  20.291	  65.587	  33.814
76	-168.867	17	   7.650	  64.824	   5.134
77	-164.968	16	 -12.789	  10.962	  27.285
78	-147.626	15	  -7.288	  79.682	  36.505
79	-142.645	12	 -22.732	  80.191	  20.744
80	-141.455	14	 -16.324	  76.162	  10.286
81	-139.125	14	  20.889	  22.277	   4.809
82	-137.239	13	  -7.473	  19.060	   4.588
83	-136.565	14	 -10.035	   6.495	  36.515
84	-135.367	13	   5.943	  49.104	  -1.424
85	-133.437	12	  21.140	  45.326	  30.603
86	-131.982	13	  24.604	  12.165	   8.118
87	-128.728	13	  33.459	  10.862	  15.666
88	-124.829	12	  12.152	  74.878	  40.359
89	-124.827	11	  33.339	   8.940	  23.534
90	-123.394	8	  -4.082	  25.204	  19.479
91	-122.556	12	 -23.528	  33.772	  41.363
92	-121.664	12	   6.855	   3.917	  36.246
93	-119.543	11	  14.035	  23.805	  30.788
94	-117.206	11	  22.931	  47.830	  42.583
95	-116.678	8	   4.160	  58.394	  19.470
96	-108.273	9	 -22.825	  32.207	  26.168
97	-105.036	10	 -22.188	  37.932	  31.579
98	 -95.708	9	  -8.089	  55.654	  44.295
99	 -93.908	6	   1.669	  17.654	  32.168
100	 -93.425	9	  13.452	  73.623	  31.183
101	 -92.958	9	  33.628	  24.670	  29.153
102	 -90.834	9	 -33.410	  59.131	  29.111
103	 -90.691	9	 -28.092	  47.775	  12.863
104	 -85.710	8	  32.039	  17.434	  30.038
105	 -84.742	8	 -32.084	  66.323	  30.297
106	 -83.608	8	 -10.270	  12.242	  19.225
107	 -78.968	8	  22.669	  58.686	  18.510
108	 -77.862	5	  -1.510	  66.791	  31.720
109	 -76.829	8	 -33.852	  71.544	  16.345
110	 -72.041	7	 -33.993	  73.197	  24.181
111	 -71.367	5	   0.026	  41.806	  16.037
112	 -69.686	7	  18.455	  32.367	  13.761
113	 -68.932	7	  16.855	   7.829	   9.045
114	 -66.615	7	 -26.138	  24.276	  30.321
115	 -61.646	6	  23.814	  55.333	  38.679
116	 -60.465	4	  -8.065	  64.898	  22.914
117	 -58.458	6	   0.109	  62.444	   0.862
118	 -57.786	6	 -29.653	  80.122	  15.336
119	 -55.152	5	  23.736	  50.259	  26.459
120	 -49.162	5	   9.409	  10.370	   8.406
121	 -49.040	5	 -34.978	  49.028	  14.720
122	 -48.661	5	   5.735	  79.595	  33.707
123	 -48.324	5	  -3.435	  70.869	  48.450
124	 -43.823	3	   8.358	  18.475	  23.095
125	 -39.393	4	  25.802	  59.730	  30.556
126	 -38.057	3	  -7.328	  56.461	  10.709
127	 -37.603	4	 -20.017	  44.563	  38.554
128	 -37.471	4	 -19.705	  63.560	   2.336
129	 -29.356	3	 -22.363	  23.850	  17.417
130	 -29.290	3	  36.981	  26.852	  21.606
131	 -29.268	2	   7.589	  27.378	  10.769
132	 -28.509	3	  21.369	   3.470	  13.339
133	 -28.242	3	 -27.298	  58.811	  34.661
134	 -22.928	2	  19.418	  29.811	  21.336
135	 -19.377	2	   0.504	  78.811	  41.372
136	 -18.777	2	  22.022	  38.811	  36.856
137	  -9.656	1	   4.022	  79.811	  26.336
138	  -9.644	1	   5.022	  43.811	  32.336
139	  -9.586	1	   4.022	  70.811	  44.336
140	  -9.487	1	  25.022	  18.811	  36.336
141	  -9.399	1	  -6.978	  68.811	   4.336
142	  -9.349	1	  -3.978	  39.811	  32.336
143	  -9.147	1	  -2.978	   3.811	  34.336
144	  -9.129	1	  37.022	  16.811	  23.336
145	  -9.016	1	 -23.978	  16.811	  21.336
