1	-1375.340	126	  28.821	  -6.264	   3.972
2	-918.169	73	  14.862	  12.643	  13.284
3	-829.851	73	  28.716	  -5.531	  17.798
4	-773.164	70	  30.267	  18.864	  10.612
5	-684.212	61	  13.287	  37.500	  11.513
6	-675.271	61	  13.545	  16.126	   6.948
7	-611.171	54	  15.256	  14.107	  23.669
8	-583.942	52	  20.251	  31.097	   8.453
9	-556.384	47	  10.089	  36.187	  17.726
10	-510.179	42	  -7.635	  32.184	  19.478
11	-488.431	43	  16.872	   4.410	  -8.366
12	-471.730	44	   9.569	  26.821	  35.768
13	-454.273	38	   2.013	  42.938	   2.900
14	-439.033	39	  14.145	 -15.402	   0.123
15	-395.475	32	  30.539	   3.467	 -10.702
16	-387.930	37	  11.312	  43.545	  16.919
17	-367.019	33	  19.996	   8.190	  20.314
18	-362.327	30	  20.847	  23.955	   7.928
19	-360.280	29	   0.603	  37.912	  28.908
20	-337.916	31	  40.198	  13.621	  -0.121
21	-331.430	25	  27.078	  13.178	   7.075
22	-330.854	31	  -7.884	  42.935	  10.352
23	-327.151	32	  11.581	  -4.179	   8.080
24	-315.493	26	  42.228	  11.421	  15.771
25	-301.961	26	  24.253	  19.926	  26.341
26	-301.798	28	  46.202	  -3.408	   6.764
27	-288.698	28	  34.505	  19.398	  15.567
28	-271.010	28	   0.554	  29.010	   2.348
29	-270.195	24	   7.044	  13.654	  18.850
30	-269.304	27	  18.001	  23.931	  33.853
31	-265.453	26	  26.314	  13.105	 -11.968
32	-261.021	24	  13.020	  -8.129	  -8.911
33	-239.715	20	  30.372	  16.006	  -0.548
34	-237.009	21	  39.240	  18.775	   9.014
35	-233.373	22	  36.036	   8.196	  -6.879
36	-230.262	22	  22.128	  37.322	  29.310
37	-220.362	20	  21.253	  15.845	   0.379
38	-217.261	20	  -0.919	  20.149	  26.212
39	-203.427	18	  27.714	 -11.914	 -10.689
40	-182.101	17	   8.074	  47.980	   9.379
41	-178.300	17	   4.784	  32.469	  33.444
42	-177.994	18	  -6.956	  31.470	  31.386
43	-176.620	18	  30.374	 -12.457	  -2.694
44	-173.841	16	  31.167	  14.531	  22.084
45	-169.931	17	  13.019	  37.973	  25.280
46	-163.179	15	   4.202	  15.322	   7.915
47	-160.624	16	  21.751	  42.153	  14.318
48	-153.252	15	   1.779	  49.013	  21.001
49	-148.341	14	  23.405	 -18.426	  -2.269
50	-143.598	14	   8.825	  23.442	   2.999
51	-136.412	8	   4.901	  25.666	  28.090
52	-130.853	13	  44.906	  11.337	   6.390
53	-118.252	12	  37.475	  -1.714	  -0.160
54	-114.522	11	  32.844	  27.563	  14.623
55	-111.773	11	  14.121	  16.956	  31.350
56	-110.818	11	   8.195	   4.879	   2.446
57	-107.191	10	  -7.521	  24.517	   8.878
58	-102.273	10	  -6.840	  43.211	  25.775
59	-101.969	10	  11.905	  -1.102	  -0.394
60	 -89.797	8	  18.948	  -4.399	  17.345
61	 -89.610	9	  27.339	  36.457	  22.897
62	 -87.636	9	  24.374	 -16.907	   8.713
63	 -87.597	9	   9.995	   5.862	  12.743
64	 -85.175	8	  40.711	 -13.268	   7.804
65	 -83.561	8	  34.664	  -1.975	  27.856
66	 -81.975	8	  41.372	  -3.751	  23.750
67	 -81.099	7	   6.986	  18.704	  25.799
68	 -70.998	7	  -3.757	  24.103	  32.395
69	 -70.288	7	  11.982	   9.625	  -4.786
70	 -64.746	7	   9.262	  33.559	   2.121
71	 -62.797	6	  23.762	  -0.923	 -16.877
72	 -61.715	6	  -5.247	  31.815	   8.503
73	 -57.833	6	  18.423	 -10.160	  11.586
74	 -50.211	5	  33.723	 -13.163	  11.506
75	 -50.167	5	  -1.549	  16.244	  16.657
76	 -42.458	4	  35.944	  -3.999	  -7.519
77	 -42.034	4	 -10.734	  25.193	  16.792
78	 -42.026	4	  30.777	  -5.380	 -14.476
79	 -40.103	4	  27.736	  35.306	  15.259
80	 -31.187	3	  10.266	 -17.126	  -6.732
81	 -29.705	3	  34.950	   8.489	  25.268
82	 -29.604	3	  13.593	  18.837	  39.261
83	 -28.820	3	  41.508	  -6.612	  15.959
84	 -28.759	3	  48.266	   2.842	  19.932
85	 -20.377	2	  42.266	   5.044	  24.613
86	 -19.028	2	  26.736	  31.426	  30.209
87	 -18.605	2	  14.752	  39.808	   3.268
88	 -10.002	1	  -4.734	  17.837	   4.268
89	  -8.970	1	  34.266	  25.837	  24.268
