1	-1545.937	140	  45.147	  36.467	  22.619
2	-1181.679	109	  16.304	  15.104	  32.842
3	-1036.176	92	  19.221	  39.363	  35.782
4	-884.997	80	  42.060	  24.968	  42.549
5	-778.319	70	  40.355	   6.123	  43.147
6	-687.629	56	  36.832	  48.707	  36.083
7	-638.648	57	  20.587	  50.800	  22.235
8	-601.018	55	  30.968	  32.851	  41.086
9	-575.393	46	  24.147	  19.353	  48.837
10	-517.443	49	  23.190	   2.130	  45.518
11	-516.417	46	  47.974	  47.002	  25.536
12	-506.021	44	  28.485	  -1.601	  30.845
13	-483.802	46	  12.696	  13.106	  17.944
14	-482.022	41	  19.808	  27.531	  16.537
15	-477.049	42	  13.911	  21.010	  29.570
16	-459.864	42	  17.875	  43.414	  11.445
17	-451.069	40	  33.226	  46.543	   6.872
18	-447.285	40	  46.593	  24.701	  20.847
19	-419.018	40	  48.958	  28.268	  11.298
20	-364.974	32	  35.584	  10.562	  48.175
21	-364.420	32	  14.454	  20.517	  19.679
22	-359.246	29	  39.743	  17.811	  19.763
23	-359.112	36	   9.075	   5.026	  22.775
24	-335.996	32	  17.807	  26.857	  53.759
25	-332.828	29	  13.416	  26.793	  24.755
26	-323.644	29	  43.232	  47.302	  44.031
27	-312.131	27	  35.998	  56.231	  17.021
28	-310.715	30	  51.250	  37.299	   7.266
29	-298.571	27	  24.788	  52.709	  28.123
30	-270.234	26	  49.047	  10.342	  34.590
31	-266.973	24	  10.019	  38.582	  29.558
32	-262.405	24	  13.490	  12.279	  41.559
33	-255.159	24	  36.930	  38.431	  42.722
34	-252.790	23	   4.560	  32.767	  32.241
35	-248.200	23	  32.952	  58.150	  33.293
36	-241.432	24	  34.575	  33.789	   5.002
37	-238.856	21	  29.537	  46.010	  36.716
38	-233.095	22	  23.688	  31.880	  46.450
39	-230.576	21	  44.132	   0.356	  33.517
40	-228.957	22	  30.635	   4.851	  19.029
41	-220.415	19	  53.003	  21.273	  28.229
42	-206.676	19	  50.905	  20.753	  37.091
43	-204.191	19	  10.547	   8.593	  34.373
44	-193.379	18	  12.294	  42.154	  19.466
45	-186.235	18	  22.986	   6.079	  17.547
46	-185.305	18	  11.826	  38.778	  40.280
47	-185.209	17	  26.306	  14.023	   8.941
48	-172.420	16	   7.760	  31.578	  23.666
49	-167.279	17	  22.661	  18.583	  58.381
50	-166.105	16	  50.247	  31.872	  45.159
51	-164.852	17	  56.038	  48.361	  34.041
52	-155.936	15	   2.709	  23.041	  42.300
53	-150.780	14	  13.459	  47.917	  25.957
54	-134.562	13	  50.425	  45.178	  44.283
55	-133.444	13	  33.650	  19.686	   4.415
56	-128.757	13	  57.026	  31.303	  23.572
57	-122.806	12	  40.647	  56.162	  23.672
58	-120.776	12	  23.804	  31.072	   6.775
59	-116.543	12	  40.982	  10.774	  18.229
60	-112.618	11	  31.984	  21.832	  48.679
61	-111.274	10	  28.372	  11.658	  55.488
62	-110.784	6	  30.556	  19.448	  12.069
63	-108.746	10	  11.369	  -1.178	  31.498
64	-108.252	10	  58.558	  40.957	  33.093
65	-104.578	10	  29.344	  56.588	   9.869
66	-102.996	10	   4.665	  20.887	  27.526
67	-102.059	9	  50.802	  41.366	  18.406
68	-101.769	9	  32.786	  -5.434	  41.423
69	 -99.683	10	  11.258	  29.464	  51.450
70	 -96.264	10	   4.922	  16.469	  46.113
71	 -93.881	10	  48.572	  55.730	  39.264
72	 -93.381	9	  14.839	   8.908	  55.282
73	 -90.394	9	  46.278	  17.507	  22.943
74	 -83.500	8	  46.308	  59.697	  31.928
75	 -82.044	8	  41.268	   4.562	  26.922
76	 -81.311	8	  46.421	  49.318	  16.930
77	 -80.591	8	  19.262	  51.785	   8.806
78	 -72.080	7	  22.319	  56.109	  17.501
79	 -71.980	7	  49.425	  47.131	   9.040
80	 -70.918	7	  47.538	  11.654	  43.319
81	 -70.619	7	  22.442	  -0.464	  23.923
82	 -70.105	7	  39.859	  56.891	  40.639
83	 -56.114	6	  11.210	  18.796	  56.601
84	 -55.362	5	  54.936	  33.135	  38.169
85	 -51.438	5	   6.763	  31.509	  39.666
86	 -51.406	5	  41.355	  52.732	   8.956
87	 -50.387	5	  19.753	  -2.869	  36.975
88	 -48.199	5	  24.489	  48.394	   4.984
89	 -39.539	4	   5.321	  24.815	  50.998
90	 -30.333	2	  43.290	  22.970	  31.510
91	 -27.777	3	  34.194	  -0.620	  25.082
92	 -19.974	2	  56.940	  25.718	  34.936
93	 -19.499	2	  32.036	  -1.664	  49.778
94	 -18.704	2	  42.081	  15.336	   8.824
95	 -18.507	2	  57.065	  44.843	  26.300
96	 -18.123	2	  23.050	  52.828	  35.778
97	 -10.024	1	  38.558	  18.336	  51.778
98	  -9.678	1	  46.558	  29.336	   1.778
99	  -9.527	1	  59.558	  33.336	  31.778
100	  -9.340	1	  19.558	  16.336	  24.778
101	  -9.216	1	  28.558	  13.336	  32.778
