1	-1788.605	152	  42.672	   5.980	   4.698
2	-1021.146	87	  47.702	   2.334	  -3.655
3	-824.517	69	  23.799	  -9.075	  12.840
4	-626.987	52	  35.318	 -12.537	  21.474
5	-580.838	51	  38.319	  17.422	  12.826
6	-482.958	38	  23.033	   2.312	  15.175
7	-464.079	43	  27.530	   3.495	  23.713
8	-456.337	42	  33.361	   6.674	  29.842
9	-376.006	34	  27.330	  -9.952	  -1.730
10	-362.025	34	  52.372	  -5.854	   6.999
11	-346.556	33	  27.461	  14.780	  10.488
12	-333.988	31	  46.737	   0.197	  30.826
13	-329.187	32	  56.732	   4.280	  14.625
14	-300.709	29	  45.701	  24.400	  23.391
15	-276.403	27	  49.919	 -14.075	  -3.533
16	-271.379	27	  37.670	  -4.999	  30.092
17	-263.022	24	  50.755	  15.300	   8.707
18	-247.721	23	  41.438	 -19.549	  13.468
19	-237.790	22	  27.208	 -15.995	  10.862
20	-184.751	18	  20.603	  10.120	  14.257
21	-174.298	17	  38.271	  11.266	 -10.096
22	-172.179	17	  39.698	   9.224	  32.171
23	-155.296	16	  50.249	  15.287	  26.457
24	-153.642	15	  49.008	  -8.901	  27.895
25	-152.355	13	  29.943	   1.735	  -5.311
26	-151.888	14	  32.248	 -18.472	   5.637
27	-143.986	14	  33.732	  20.431	  24.691
28	-142.715	14	  45.671	 -17.137	  24.276
29	-135.701	13	  56.467	   8.782	   2.747
30	-134.374	13	  41.873	 -12.230	  -7.173
31	-125.021	12	  50.809	  22.693	  12.020
32	-124.902	12	  41.027	  26.134	  15.741
33	-121.004	12	  51.036	  -3.803	  -8.848
34	-120.095	11	  57.264	  -6.525	  17.605
35	-111.430	11	  12.774	 -11.225	   6.004
36	 -90.883	8	  32.351	  14.430	   1.320
37	 -83.044	8	  21.080	   5.936	   2.369
38	 -80.398	8	  54.994	  19.296	  19.251
39	 -71.103	7	  54.080	 -14.429	  17.084
40	 -63.867	5	  48.291	   5.486	  12.647
41	 -58.438	6	  35.384	  -4.444	 -10.112
42	 -57.125	4	  30.809	   4.811	   4.116
43	 -53.088	5	  42.067	  17.599	  28.384
44	 -52.952	5	  18.885	  -1.893	   2.632
45	 -50.957	5	  28.134	  10.932	  -5.418
46	 -50.436	5	  49.072	  13.413	   1.245
47	 -40.193	4	  57.865	  14.547	  11.908
48	 -30.559	3	  20.639	 -16.576	   2.698
49	 -29.965	3	  26.586	  12.652	  26.843
50	 -28.747	3	  14.568	   0.345	  11.425
51	 -19.581	2	  42.894	 -18.952	   1.886
52	 -17.969	2	  34.385	   4.553	 -14.117
53	 -10.842	1	  32.888	  16.048	  32.384
54	  -9.990	1	  24.888	 -10.952	  22.384
55	  -9.275	1	  54.888	   5.048	  27.384
56	  -9.237	1	  57.888	  11.048	  23.384
57	  -9.160	1	  56.888	   5.048	  -4.616
