1	-1759.477	147	  27.771	  27.478	  96.422
2	-1493.723	120	  33.908	  39.481	  67.063
3	-1201.681	95	  14.760	  22.092	  90.173
4	-1198.016	96	  19.507	  40.829	  65.133
5	-676.731	57	  34.218	  49.117	  84.051
6	-651.592	45	  11.115	  42.060	  68.456
7	-623.545	46	  10.455	  18.164	  83.084
8	-567.368	48	   2.180	  51.409	  95.146
9	-565.566	48	  21.104	  10.123	  56.169
10	-551.538	49	  31.415	  18.314	 101.052
11	-537.565	46	  46.195	  34.845	  71.634
12	-519.767	44	  39.607	  18.896	  81.562
13	-487.605	42	  37.902	  35.389	  98.853
14	-481.165	42	  37.730	  49.825	  64.814
15	-455.169	40	  -1.515	  45.016	  84.974
16	-437.722	40	  10.145	  13.787	  59.294
17	-427.309	39	  14.251	  33.369	  49.298
18	-422.279	39	  33.748	  13.329	  52.329
19	-407.347	38	  12.285	  14.669	  71.161
20	-404.478	38	  34.647	  29.626	 109.703
21	-376.443	37	   4.712	  27.600	 110.505
22	-355.534	33	  14.030	  56.584	  86.915
23	-345.101	31	  18.381	  16.036	  97.936
24	-335.995	33	  48.523	  40.255	  61.817
25	-323.629	32	  23.683	  35.266	  43.548
26	-319.271	31	  25.695	  53.244	  87.057
27	-316.203	29	  32.937	  38.565	  42.070
28	-314.658	30	  41.946	  35.357	  50.223
29	-308.581	27	  -0.044	  22.112	  75.589
30	-302.541	30	  37.501	  44.230	  71.044
31	-290.874	27	  -4.078	  31.408	 100.355
32	-283.501	26	  11.753	  53.624	 105.173
33	-275.425	25	  38.186	  53.297	  47.151
34	-273.765	26	  23.439	  30.939	 114.696
35	-269.731	24	   0.922	  25.939	 100.200
36	-269.534	24	  -0.256	  35.464	  69.211
37	-268.952	24	  27.742	   6.118	  67.888
38	-268.450	22	  28.485	  54.094	  95.870
39	-265.296	23	  39.174	  23.517	  51.098
40	-264.013	22	  19.454	  61.387	  97.765
41	-263.695	24	  23.624	  14.767	 117.314
42	-261.585	22	  25.240	  48.210	  60.344
43	-257.865	23	  -7.009	  28.380	  84.441
44	-256.238	24	   7.396	  45.810	  77.227
45	-252.362	19	  42.778	  14.426	  70.133
46	-249.146	22	  18.946	  42.018	 110.985
47	-239.926	24	  33.756	  21.413	  91.557
48	-234.702	22	  44.072	  40.218	  80.939
49	-233.755	22	  48.434	  23.446	  72.572
50	-230.942	21	   0.924	  28.519	  58.206
51	-230.567	23	   7.265	  51.670	  82.889
52	-227.637	21	  28.026	  56.191	  52.003
53	-220.107	19	  16.924	  25.355	  43.975
54	-218.155	20	  42.384	   8.573	  62.090
55	-216.419	21	  27.777	  50.548	  74.998
56	-215.972	22	  12.469	  39.700	 112.505
57	-203.297	20	  37.149	  47.239	  97.751
58	-191.601	19	  30.467	  15.290	  87.010
59	-185.846	18	  -1.521	  42.685	 104.500
60	-184.655	18	  34.722	  13.758	  75.856
61	-183.825	18	  20.794	  16.821	  46.824
62	-183.480	17	  12.304	  28.659	 116.440
63	-172.288	17	   3.688	  20.308	  90.549
64	-170.343	15	  18.871	   8.465	 106.932
65	-169.759	16	  28.690	  41.279	 109.513
66	-167.607	16	  18.351	  22.248	 118.047
67	-162.877	16	   3.530	  42.788	  70.373
68	-157.801	15	   5.870	  16.472	  77.629
69	-147.254	14	   8.769	  47.266	 105.585
70	-146.727	14	  46.318	  27.641	  58.190
71	-144.567	14	  -1.720	  28.897	  72.816
72	-129.036	13	  36.176	  19.608	 112.342
73	-128.594	12	   9.212	  39.738	  59.828
74	-120.913	12	  25.133	   9.367	  74.639
75	-114.055	11	  42.141	  27.797	  90.699
76	-111.809	11	  43.261	  37.262	  89.022
77	-103.957	10	   8.952	  16.375	 108.716
78	-103.927	10	  23.941	  58.251	 103.870
79	-103.052	10	  14.108	  65.922	 103.107
80	-101.387	10	  44.914	  12.463	  53.971
81	-100.795	10	  18.210	  10.409	  70.351
82	 -98.503	10	  29.451	   7.668	 108.354
83	 -95.518	10	  32.595	  54.597	 105.166
84	 -91.222	9	  -6.605	  43.380	  91.603
85	 -82.731	8	  -8.501	  39.335	  99.708
86	 -82.530	8	  48.044	  50.537	  60.528
87	 -81.312	8	  45.613	  47.033	  50.409
88	 -78.877	8	  36.842	  60.235	  54.109
89	 -67.334	7	  -1.364	  25.140	  65.577
90	 -67.016	7	  -9.687	  36.221	  89.787
91	 -61.445	6	  29.644	  23.826	 116.692
92	 -59.636	5	  26.911	  49.826	 108.288
93	 -59.222	6	   3.648	  21.044	  53.438
94	 -58.028	6	  39.570	  58.868	  62.939
95	 -52.307	3	  29.121	  29.710	 103.356
96	 -52.247	3	  40.500	  38.706	  62.694
97	 -51.746	5	  50.150	  14.433	  63.218
98	 -50.335	5	  36.448	   0.394	  57.120
99	 -48.415	5	  21.537	  48.995	  53.705
100	 -47.607	5	  20.550	  54.943	 111.164
101	 -47.146	5	   7.703	  23.493	  48.020
102	 -42.356	4	  20.473	   7.850	 114.597
103	 -38.930	4	  28.419	  10.423	  96.086
104	 -38.057	4	  13.938	  38.858	  54.347
105	 -37.936	4	  11.489	  14.864	 117.356
106	 -36.020	2	   6.733	  30.368	  86.802
107	 -33.086	2	  14.041	  30.368	  64.356
108	 -30.406	3	  35.716	  45.368	 106.356
109	 -29.560	3	  -4.605	  20.706	  86.681
110	 -29.496	3	  30.733	  23.388	  44.700
111	 -29.299	3	  32.397	  61.368	  61.268
112	 -27.932	3	   5.759	  60.719	  92.682
113	 -20.440	2	  30.252	  54.849	  66.875
114	 -19.609	2	  28.733	   7.368	  54.870
115	 -19.325	2	   2.200	  36.835	  57.356
116	 -18.625	2	  32.733	  49.859	  40.356
117	 -18.217	2	  22.733	  43.861	  45.356
118	 -17.315	1	  13.733	  36.368	 105.356
119	 -15.605	1	  30.733	  28.368	  52.356
120	 -13.387	1	  17.733	  19.368	  59.356
121	 -10.635	1	  15.733	  25.368	 103.356
122	 -10.473	1	  24.733	   1.368	  60.356
123	  -9.986	1	  15.733	  54.368	  76.356
124	  -9.961	1	  18.733	  33.368	  76.356
125	  -8.993	1	  39.733	  27.368	 104.356
126	  -8.968	1	  51.733	  31.368	  67.356
