1	-1622.529	145	   9.754	  24.952	   5.443
2	-1130.090	98	  16.726	  18.875	   6.043
3	-424.197	39	   8.312	  39.343	   7.793
4	-409.992	35	   3.699	  38.869	  21.510
5	-374.737	36	  10.870	  35.422	  -7.334
6	-352.563	33	   4.158	  17.114	   1.432
7	-324.823	28	  21.619	   6.835	 -11.545
8	-313.033	29	  29.925	  28.577	   6.308
9	-312.634	29	  15.548	  40.274	  22.674
10	-298.830	27	  18.173	  17.568	 -18.447
11	-268.002	24	  26.345	  18.951	  -0.711
12	-244.214	24	  25.290	  42.404	   1.317
13	-210.593	20	  27.732	  23.281	 -13.566
14	-210.372	19	   9.231	   7.289	  -1.871
15	-206.393	18	  30.286	  27.631	  -4.884
16	-183.592	18	  17.831	  45.821	   9.630
17	-183.587	18	   9.943	  13.070	 -16.688
18	-182.107	17	  11.435	  15.980	  14.323
19	-176.379	16	  21.256	  23.833	  16.878
20	-166.442	14	  25.840	  37.880	  17.597
21	-136.702	14	  27.900	  34.558	  -8.117
22	-136.639	13	  16.001	   0.364	  -6.786
23	-130.652	12	   4.283	  23.240	  21.514
24	-124.454	10	  15.010	  28.448	 -16.951
25	-124.124	12	   5.959	  23.765	  -7.617
26	-116.657	12	  10.171	   6.222	 -11.906
27	-109.555	11	   7.578	  29.251	  27.879
28	-101.486	10	  -2.200	  31.610	  24.489
29	-100.129	10	  14.108	  20.050	  20.162
30	 -89.158	8	  -2.345	  27.445	  15.391
31	 -84.279	8	  27.199	  29.113	  17.402
32	 -71.537	7	  21.189	   6.752	   1.001
33	 -65.488	7	  22.464	  32.082	 -16.379
34	 -63.402	6	   3.443	  15.950	  12.840
35	 -60.759	6	  13.345	  34.873	  28.419
36	 -52.935	5	   6.525	  24.604	 -15.147
37	 -47.391	5	   7.691	   9.844	   7.835
38	 -47.106	3	  16.721	  41.954	   1.391
39	 -39.021	4	  17.861	  27.215	  25.577
40	 -38.901	4	  26.746	  13.189	  -9.137
