1	-894.251	75	  44.964	  12.399	  61.421
2	-681.229	63	  20.487	  13.154	  46.454
3	-664.856	56	  45.519	  14.217	  44.444
4	-627.400	57	  28.139	   1.165	  54.616
5	-598.077	53	  59.655	   0.130	  38.636
6	-566.731	46	  29.703	  29.418	  56.551
7	-566.054	52	  69.225	  17.041	  52.889
8	-551.209	48	  29.264	   8.169	  29.398
9	-550.210	48	  30.582	  12.626	  63.489
10	-549.775	51	  25.088	  26.953	  48.589
11	-457.951	42	  62.078	  16.559	  61.167
12	-380.619	36	  68.649	   8.530	  31.037
13	-371.655	34	  43.663	  -0.315	  37.599
14	-367.723	34	  29.276	  36.016	  42.171
15	-364.017	29	  53.436	   5.803	  58.689
16	-348.125	33	  59.611	  16.957	  34.456
17	-332.350	31	  49.925	  27.748	  46.217
18	-332.298	31	  56.892	  27.810	  55.174
19	-319.041	30	  23.586	  20.875	  61.338
20	-307.467	28	  62.410	  21.023	  50.186
21	-295.721	27	  47.481	  20.297	  36.751
22	-279.116	25	  52.585	  15.329	  62.211
23	-272.621	25	  48.109	  35.566	  54.476
24	-252.421	23	  76.532	  16.294	  46.644
25	-249.157	21	  54.240	  19.918	  43.462
26	-240.077	22	  32.555	  27.808	  33.820
27	-225.696	20	  25.837	  -1.937	  41.778
28	-224.788	22	  73.269	   8.968	  60.661
29	-221.790	22	  32.786	  39.437	  51.842
30	-213.085	21	  40.749	  34.799	  38.291
31	-209.813	19	  30.171	  -6.194	  31.145
32	-183.764	18	  46.868	  -8.155	  40.950
33	-177.781	16	  48.217	  -6.123	  50.047
34	-162.713	11	  45.640	  20.822	  56.337
35	-159.581	16	  27.664	  18.506	  26.276
36	-142.148	14	  22.022	   1.699	  33.742
37	-141.783	14	  21.235	  11.423	  30.331
38	-137.312	12	  19.749	   8.902	  53.793
39	-130.326	12	  36.416	  18.025	  34.523
40	-129.766	13	  62.073	   1.522	  28.391
41	-129.622	13	  30.910	  34.065	  62.692
42	-128.902	11	  54.195	   5.118	  38.331
43	-128.771	13	  41.928	  22.928	  70.428
44	-127.221	13	  67.257	  -4.256	  51.319
45	-123.920	12	  66.014	   7.575	  61.483
46	-121.620	12	  74.960	   5.026	  38.930
47	-119.909	12	  40.717	  39.180	  47.234
48	-119.350	11	  77.896	  12.050	  54.235
49	-119.297	12	  66.649	  -2.183	  40.562
50	-117.899	12	  52.820	  27.198	  17.800
51	-109.828	10	  46.716	  -0.830	  59.688
52	-108.286	11	  36.619	 -11.470	  50.972
53	-104.824	10	  37.824	  -0.041	  60.079
54	-100.665	10	  77.764	   1.847	  51.044
55	 -96.438	10	  56.173	  24.659	  64.278
56	 -93.711	10	  47.659	  32.578	  66.289
57	 -87.280	8	  72.204	  19.138	  37.952
58	 -86.252	9	  38.283	 -10.764	  37.438
59	 -78.307	8	  72.852	  -1.167	  46.344
60	 -76.021	8	  44.573	  33.087	  12.949
61	 -75.202	7	  37.283	   4.649	  32.074
62	 -71.142	7	  20.088	  21.240	  33.205
63	 -68.164	7	  50.344	  30.579	  23.770
64	 -64.264	4	  37.232	   8.461	  49.335
65	 -59.629	6	  16.917	  18.879	  57.753
66	 -57.543	6	  23.734	   4.522	  25.074
67	 -51.514	5	  59.888	  -9.082	  46.449
68	 -51.074	5	  54.935	  -4.529	  54.954
69	 -49.079	5	  52.097	  21.465	  30.204
70	 -49.018	5	  53.024	  10.702	  29.343
71	 -47.557	5	  16.073	  26.308	  53.275
72	 -46.819	5	  29.465	  21.964	  68.458
73	 -38.814	4	  45.314	   9.193	  38.041
74	 -38.313	4	  41.085	  39.212	  62.073
75	 -38.145	4	  67.578	  15.204	  34.084
76	 -36.135	3	  49.365	  11.331	  50.366
77	 -29.587	3	  23.381	   3.168	  59.001
78	 -28.789	3	  73.280	   1.021	  59.442
79	 -28.233	3	  34.390	  29.372	  68.074
80	 -20.292	2	  55.073	  32.144	  63.074
81	 -19.768	2	  15.041	  19.768	  43.106
82	 -18.941	2	  58.073	  23.808	  26.600
83	 -18.232	2	  30.096	 -12.799	  41.082
84	 -13.501	1	  65.073	   9.705	  45.074
85	 -10.103	1	  71.073	  -0.295	  32.074
86	  -9.615	1	  21.073	  -7.295	  33.074
87	  -8.977	1	  19.073	  12.705	  62.074
