1	-739.471	62	  52.867	  38.219	  11.553
2	-453.271	41	  43.239	  19.762	  18.104
3	-422.443	39	  40.717	  28.052	  39.111
4	-382.474	37	  43.762	  17.432	  29.249
5	-274.926	27	  43.185	  41.345	  36.395
6	-204.193	20	  49.996	  47.118	   8.151
7	-197.908	18	  32.950	  25.517	  29.017
8	-192.545	18	  55.341	  25.143	  14.077
9	-191.425	19	  54.489	  44.243	  30.194
10	-181.553	19	  59.143	  23.746	  36.672
11	-174.612	17	  63.741	  29.537	  28.381
12	-159.853	15	  45.051	  45.405	  17.047
13	-159.334	16	  35.109	  36.985	  33.911
14	-149.950	15	  52.058	  33.312	  43.567
15	-149.413	14	  40.457	  32.401	  12.056
16	-142.894	14	  58.501	  44.538	  22.393
17	-142.851	14	  41.248	  42.942	  25.482
18	-117.585	11	  48.374	  30.453	   8.911
19	-110.882	11	  33.905	  34.870	  20.021
20	-110.680	11	  50.266	  42.608	  39.339
21	-107.534	10	  61.693	  34.774	  38.899
22	-106.246	11	  48.384	  22.898	  42.140
23	-106.057	10	  62.820	  30.022	  18.263
24	-105.081	10	  57.718	  23.632	  24.887
25	 -95.132	9	  45.641	  23.160	  11.436
26	 -80.314	8	  65.202	  42.715	  26.023
27	 -73.541	7	  33.196	  26.156	  17.896
28	 -59.048	6	  53.730	  19.075	  31.264
29	 -36.627	4	  29.574	  34.222	  29.476
30	 -30.483	3	  44.366	  36.404	   4.351
31	 -21.152	2	  58.069	  46.196	  12.977
32	 -19.482	2	  40.069	  41.701	   9.494
33	 -19.307	2	  59.550	  43.205	  35.488
