1	-575.520	51	  -5.343	  33.543	  16.467
2	-426.490	39	   7.875	  16.152	  19.729
3	-384.014	36	  25.210	  26.523	  11.412
4	-320.799	29	  -3.952	  26.387	  23.154
5	-317.798	31	   0.216	  35.965	  26.813
6	-268.086	26	  -3.308	  21.796	  12.003
7	-265.368	25	  16.287	  15.305	  12.915
8	-233.847	23	   8.389	  42.652	   6.473
9	-230.940	23	  20.229	  40.253	  12.123
10	-201.794	18	  21.967	  24.488	  22.754
11	-188.367	19	  23.059	  35.223	  19.429
12	-183.733	17	  -0.059	  27.668	   0.509
13	-161.184	16	  20.731	  33.810	  -1.200
14	-142.413	15	   8.699	  23.750	  -1.363
15	-131.964	13	  -1.388	  41.792	   7.414
16	-121.680	12	  18.618	  41.744	   3.943
17	-120.876	11	  14.527	  18.324	   2.955
18	-101.452	10	   7.961	  33.130	  27.253
19	-100.437	9	  11.888	  34.333	  -5.415
20	 -92.592	9	  12.039	  40.472	  19.712
21	 -91.069	9	  -1.206	  41.237	  -0.050
22	 -82.846	8	  -4.195	  45.150	  21.303
23	 -80.689	8	  17.118	  24.103	  -4.859
24	 -79.052	8	  -7.815	  42.095	  13.169
25	 -77.801	8	   1.878	  18.483	  21.835
26	 -75.538	7	   2.903	  42.155	  21.230
27	 -49.296	5	  -8.346	  30.488	   6.952
28	 -45.981	5	  19.068	  36.518	  25.568
29	 -40.272	4	  24.896	  22.150	   5.557
30	 -27.782	3	  13.088	  20.094	  28.542
31	 -27.455	3	  -6.244	  32.867	  29.893
32	 -19.779	2	 -10.108	  40.150	  22.045
33	 -18.808	2	   5.457	  39.713	  -3.390
34	 -10.822	1	   4.415	  21.150	   4.568
