1	-499.466	44	   8.955	  20.126	  18.491
2	-467.851	44	  12.328	  26.542	  -3.571
3	-422.893	35	   2.828	  41.860	  26.354
4	-377.694	34	  -2.679	  36.521	  21.708
5	-324.488	31	   9.558	  16.824	   6.644
6	-262.255	25	   4.955	  48.018	  19.578
7	-260.789	25	  -1.078	  43.595	   4.125
8	-259.193	25	   9.648	  41.045	  -1.021
9	-197.064	18	  -2.761	  24.762	  21.004
10	-192.998	18	   4.212	  18.746	  -0.355
11	-187.523	17	  19.823	  24.580	   6.982
12	-186.262	19	  17.718	  36.457	   1.395
13	-174.244	17	  -6.647	  44.029	  12.688
14	-130.622	13	   1.372	  41.060	  -5.145
15	-126.838	13	  12.289	  32.568	  22.554
16	-118.848	11	   4.382	  30.584	  26.311
17	-117.242	12	  -5.485	  23.034	   6.426
18	-115.428	11	   1.247	  32.101	  -8.511
19	-114.454	11	  16.852	  36.792	  16.050
20	-106.628	10	 -12.320	  42.879	   8.273
21	 -88.647	9	  13.533	  42.148	  10.267
22	 -85.278	8	  -8.356	  34.371	  -3.909
23	 -84.435	8	 -11.601	  30.131	   5.501
24	 -79.832	8	   1.117	  22.718	  -7.909
25	 -77.819	8	  -6.195	  23.419	  -4.604
26	 -74.079	7	  -9.903	  27.510	  14.978
27	 -57.978	6	 -11.175	  34.105	  20.092
28	 -36.870	4	  17.885	  24.321	  19.091
29	 -18.902	2	  -6.380	  45.844	  21.091
