1	-602.197	50	  53.697	  14.786	  22.112
2	-425.146	41	  42.869	  35.210	   6.042
3	-415.205	38	  39.924	  24.952	  -4.261
4	-330.227	29	  44.191	  31.455	  18.468
5	-303.268	30	  42.659	  11.334	  -1.988
6	-253.568	21	  48.393	   8.555	  26.140
7	-247.521	23	  54.715	   8.587	   3.046
8	-230.100	21	  32.552	  26.679	   5.072
9	-229.455	22	  55.201	  27.491	  19.776
10	-212.436	21	  47.130	   4.939	  18.392
11	-187.741	18	  61.588	  18.138	  -2.354
12	-179.378	18	  34.698	  14.936	   1.534
13	-163.712	15	  42.350	   9.116	   8.705
14	-148.038	14	  34.678	  15.673	  15.110
15	-146.316	15	  39.932	  18.735	  21.661
16	-139.695	13	  57.953	   8.119	  11.413
17	-120.795	11	  62.183	  23.077	  15.492
18	-120.124	11	  63.763	  21.618	   6.388
19	-117.938	12	  57.033	  29.355	   5.579
20	-116.867	11	  50.682	  19.784	  -9.127
21	-110.032	10	  48.081	  21.339	  25.520
22	 -92.063	9	  50.811	  10.287	  -5.325
23	 -89.188	9	  57.981	  28.948	  -4.846
24	 -88.729	9	  64.997	   9.799	   7.565
25	 -82.958	8	  49.527	  29.693	  -7.670
26	 -47.119	5	  33.961	  27.761	  18.026
27	 -31.416	3	  57.889	   6.396	  21.160
28	 -20.264	2	  39.051	  11.249	  20.227
29	 -18.778	2	  37.590	  34.199	  13.970
30	 -18.363	2	  52.066	  33.719	  -0.541
31	  -9.172	1	  44.590	  13.710	  30.459
