1	-628.806	54	  -5.185	  34.074	  16.898
2	-437.503	40	   7.735	  16.099	  19.529
3	-400.925	37	  25.268	  26.109	  11.147
4	-345.815	31	  -4.085	  26.601	  23.287
5	-289.276	28	   4.384	  34.754	  26.226
6	-265.495	27	   8.548	  42.865	   6.613
7	-257.182	25	  -3.401	  22.028	  12.570
8	-255.577	24	  16.732	  15.591	  13.047
9	-217.323	22	  21.071	  34.395	  -0.918
10	-196.758	20	  22.128	  36.037	  20.567
11	-182.372	16	  22.198	  25.274	  23.330
12	-182.248	17	   9.612	  33.555	  -5.038
13	-179.028	18	  20.135	  40.621	  12.443
14	-154.787	15	   1.808	  30.053	  -1.788
15	-132.680	13	  -2.392	  35.315	  30.234
16	-127.943	13	   7.626	  23.691	  -0.297
17	-103.811	10	   3.066	  41.963	  22.020
18	-103.572	10	  -0.390	  42.072	   7.735
19	 -97.871	10	  16.170	  24.044	  -4.803
20	 -92.361	9	  18.315	  42.352	   4.020
21	 -89.525	9	   1.276	  18.426	  21.273
22	 -86.658	8	  11.982	  40.327	  20.517
23	 -83.436	8	  -3.830	  45.361	  21.310
24	 -75.249	7	  -0.971	  42.196	   0.398
25	 -73.292	6	  16.129	  19.180	   2.527
26	 -63.895	6	  -3.048	  26.023	   3.867
27	 -56.347	5	  -6.348	  38.853	  23.723
28	 -49.425	5	  10.428	  16.184	   6.460
29	 -48.852	5	  -8.331	  30.337	   7.451
30	 -37.985	4	  -7.568	  42.629	  12.961
31	 -28.952	3	  21.801	  18.095	  20.324
32	 -19.030	2	  22.393	  23.400	  -0.866
33	 -18.774	2	  -6.073	  28.866	  31.188
34	 -18.561	2	  12.934	  21.367	  29.195
35	  -9.096	1	  25.432	  38.361	   5.693
