1	-1437.637	122	  15.329	  -6.705	   4.075
2	-1204.810	110	   7.022	 -13.944	  -0.212
3	-661.465	62	  -2.236	 -13.756	  -6.586
4	-601.839	57	  -3.070	 -17.009	   7.681
5	-535.322	47	   6.811	 -16.294	  -8.533
6	-522.804	48	  22.481	   9.014	 -24.333
7	-498.278	43	  -8.785	  -7.256	 -13.712
8	-496.758	45	  32.306	  -2.572	 -14.343
9	-492.206	44	  15.536	  15.438	   7.788
10	-471.823	42	  -5.538	  -7.966	 -23.231
11	-418.180	38	  25.711	   0.470	  21.653
12	-404.682	38	  -5.240	 -17.306	 -18.768
13	-396.440	39	   1.698	 -18.057	 -15.445
14	-387.130	35	  10.276	  24.770	   1.263
15	-372.545	34	  39.714	   0.640	  11.039
16	-360.653	32	  18.610	   1.288	  14.199
17	-354.096	33	   9.583	 -13.527	 -19.664
18	-342.810	32	 -10.120	   3.131	 -10.299
19	-324.383	31	   2.231	  13.273	 -20.908
20	-296.122	27	  -0.241	 -24.411	 -11.027
21	-294.596	26	  18.131	  -9.293	  14.609
22	-287.353	27	  21.434	 -19.521	  11.014
23	-267.597	23	   2.124	 -22.876	  -1.667
24	-253.925	23	  21.101	  21.812	 -14.207
25	-248.001	24	  11.059	  18.760	 -21.493
26	-245.042	25	   9.941	  21.117	 -13.831
27	-242.585	23	  31.809	   8.534	 -17.197
28	-242.096	23	  33.559	  11.421	   4.162
29	-241.291	22	  26.922	 -13.114	  -6.239
30	-224.008	20	  33.895	 -11.913	   6.355
31	-218.931	21	  25.094	  -4.280	 -26.066
32	-203.048	19	   5.351	   6.408	 -28.307
33	-200.768	19	   5.105	   8.184	   4.787
34	-179.149	17	 -15.410	  -0.754	 -17.242
35	-175.622	18	  27.676	  18.677	  -3.607
36	-171.974	15	  -8.187	  11.632	 -13.126
37	-167.649	9	  14.382	  12.743	 -17.362
38	-163.333	16	  -6.323	  -7.687	  -0.359
39	-162.339	15	  15.334	 -13.523	   8.167
40	-160.221	15	  -0.471	  21.054	  -0.446
41	-151.567	14	  -1.216	   4.757	  -0.810
42	-151.429	15	  39.765	  -1.840	   4.498
43	-151.101	15	  10.380	  -0.301	 -33.565
44	-146.238	14	   8.107	 -20.077	   8.661
45	-143.250	11	  26.637	  -1.376	   7.626
46	-141.692	13	  26.979	  11.012	   7.117
47	-141.552	14	  17.616	 -14.588	 -20.786
48	-138.013	13	  -2.869	 -24.319	  15.538
49	-131.528	12	  19.079	 -10.745	  22.385
50	-130.012	12	  13.408	 -18.767	   1.775
51	-127.123	12	  -7.098	   6.871	 -23.201
52	-124.107	12	  34.194	  13.704	  -3.651
53	-119.950	12	  13.673	 -17.900	  -6.547
54	-118.180	11	  -2.107	 -24.744	   7.240
55	-114.609	10	   2.636	  -6.562	   1.452
56	-111.503	11	   2.701	 -25.398	 -21.789
57	-111.400	11	  36.305	 -11.069	  14.537
58	-100.497	10	 -10.008	 -25.195	  19.444
59	-100.371	10	  37.403	   8.559	  -8.841
60	 -98.774	10	  38.926	   3.247	  19.567
61	 -95.388	10	  33.159	  10.107	  16.660
62	 -90.947	9	  39.113	   9.065	   0.094
63	 -82.143	8	   7.565	  -1.896	   6.440
64	 -80.801	8	  15.799	   5.775	 -32.139
65	 -80.681	8	  -6.295	 -28.085	 -15.180
66	 -80.135	5	  -3.428	  -0.542	 -12.804
67	 -79.610	8	  14.825	  -5.863	 -30.121
68	 -66.913	6	  -0.076	   0.047	 -29.573
69	 -65.116	6	  28.037	  15.817	 -14.873
70	 -64.336	7	  24.908	 -15.724	  22.477
71	 -61.887	6	 -11.685	 -19.365	  10.036
72	 -60.534	6	   7.624	 -11.037	 -28.797
73	 -58.803	6	  -4.180	  14.148	  -4.636
74	 -57.859	6	  32.784	  -8.865	  23.362
75	 -57.573	6	  -4.524	 -16.296	 -26.981
76	 -51.583	5	  28.871	   2.754	 -24.776
77	 -49.675	5	  21.877	  24.818	  -4.291
78	 -47.720	3	   3.544	  -4.865	  -9.804
79	 -40.823	4	  29.337	 -15.634	   1.449
80	 -39.951	4	 -11.263	 -29.969	  12.786
81	 -38.468	4	   4.100	 -18.371	 -27.310
82	 -37.480	4	  20.605	  22.649	   3.953
83	 -33.115	3	   4.298	  27.135	  -4.475
84	 -30.216	3	 -15.300	   3.497	 -23.804
85	 -30.174	3	  33.053	  -9.122	  -2.596
86	 -29.945	3	 -10.999	 -15.539	  -0.172
87	 -28.249	3	  30.981	 -17.170	  15.226
88	 -27.708	3	   2.281	  -6.651	 -33.452
89	 -27.181	3	  41.633	   0.142	  -6.476
90	 -25.476	2	  23.711	  -4.326	 -12.804
91	 -21.075	2	   7.504	  18.941	  10.196
92	 -19.868	2	  23.162	  10.135	  14.196
93	 -19.521	2	  29.633	 -11.865	 -17.284
94	 -19.172	2	  18.633	  20.135	 -25.274
95	 -18.635	2	  19.127	 -22.865	  -5.298
96	  -9.623	1	  -4.367	 -28.865	 -23.804
97	  -9.382	1	  13.633	  -1.865	  21.196
98	  -9.121	1	  20.633	  -3.865	  27.196
