1	-1372.944	117	  15.092	  -6.661	   3.806
2	-1019.057	93	   6.696	 -13.328	   0.510
3	-793.807	72	   7.607	 -16.421	  -6.491
4	-588.879	54	  -1.850	 -13.652	  -6.238
5	-571.622	53	  23.111	   8.556	 -24.317
6	-533.084	52	  -2.912	 -16.866	   7.445
7	-529.289	48	  15.570	  15.422	   7.816
8	-478.616	41	  -8.880	  -7.160	 -13.606
9	-477.363	44	  32.284	  -3.159	 -14.182
10	-457.772	42	  17.933	  -9.322	  14.861
11	-444.545	40	  26.138	   0.285	  21.958
12	-442.952	43	  10.725	  19.480	 -18.489
13	-433.625	41	  -5.414	 -16.588	 -18.950
14	-432.927	39	  39.666	   0.619	  10.463
15	-418.548	37	  -5.511	  -7.483	 -23.704
16	-410.693	40	   2.274	  13.279	 -20.874
17	-402.707	39	   1.485	 -17.932	 -15.193
18	-345.371	32	 -10.111	   2.865	 -10.221
19	-328.173	29	  18.536	   0.960	  14.202
20	-322.226	30	   9.921	  24.589	   2.003
21	-303.128	26	   2.519	 -23.174	  -1.278
22	-302.057	29	  32.152	   8.252	 -16.748
23	-300.264	28	  10.658	 -13.021	 -21.928
24	-292.763	27	  -0.258	 -24.404	 -10.999
25	-285.568	27	  21.121	 -19.545	  11.104
26	-250.731	23	  20.859	  21.695	 -14.169
27	-241.231	23	  -0.041	   6.592	   0.590
28	-239.198	21	  33.811	 -12.158	   6.429
29	-224.907	21	  26.212	 -14.649	  -5.671
30	-215.917	21	  24.964	  -4.261	 -26.304
31	-209.842	20	   5.395	   6.480	 -28.476
32	-202.354	19	  33.624	  11.446	   4.184
33	-188.498	18	 -15.411	  -0.846	 -17.357
34	-180.213	17	  15.311	 -13.512	   8.125
35	-170.816	15	  -7.972	  11.801	 -13.232
36	-169.520	16	  -2.788	 -24.346	  15.783
37	-162.504	16	  -6.815	  -6.663	  -1.155
38	-158.101	15	  20.421	 -12.047	  22.504
39	-157.881	15	  10.632	 -15.235	 -15.614
40	-155.223	16	  27.105	  19.627	  -5.251
41	-152.518	15	   8.013	 -20.130	   8.830
42	-151.407	15	  37.663	   4.430	  20.282
43	-150.049	8	  14.549	  12.741	 -17.474
44	-148.710	14	  -0.467	  20.949	  -0.399
45	-134.013	13	  33.809	  14.011	  -3.704
46	-131.893	13	  10.200	  -0.106	 -33.687
47	-127.540	12	  -7.222	   7.388	 -22.785
48	-122.904	9	  26.577	  -1.307	   7.530
49	-121.247	11	  13.208	 -18.659	   1.561
50	-120.387	11	   2.035	  -7.151	   1.541
51	-117.187	11	   7.606	   7.060	   6.481
52	-107.412	11	  -5.701	 -29.062	 -16.059
53	-102.732	10	  27.211	  11.229	   7.252
54	-102.445	10	  36.000	 -11.094	  14.078
55	-100.884	9	  -2.250	 -24.235	   7.339
56	 -99.582	10	  37.386	   8.576	  -8.827
57	 -93.034	9	  39.748	   8.303	  -0.460
58	 -93.029	9	   0.226	  -0.107	 -30.031
59	 -91.810	9	   7.578	  -2.015	   6.313
60	 -85.755	9	  33.852	  -8.863	  23.529
61	 -82.536	8	 -10.609	 -25.254	  18.942
62	 -80.761	8	   5.884	 -15.574	 -26.808
63	 -80.008	8	   3.103	 -24.897	 -21.805
64	 -79.334	8	  21.969	 -15.269	 -19.879
65	 -78.762	6	  27.022	  -7.211	 -10.287
66	 -77.325	8	  24.426	  19.349	   2.434
67	 -76.820	8	  15.045	  -5.867	 -30.277
68	 -72.670	7	  40.228	  -1.107	   2.036
69	 -72.449	4	  -3.534	  -0.492	 -12.797
70	 -71.058	7	 -11.784	 -19.957	  10.201
71	 -69.716	7	  15.956	   5.875	 -32.197
72	 -65.687	7	  30.873	  10.719	  13.928
73	 -61.662	6	  16.800	 -19.810	  -8.020
74	 -59.122	6	  29.121	 -15.857	   1.680
75	 -58.975	6	  -4.526	 -16.279	 -26.963
76	 -57.758	6	  19.313	  25.979	   1.655
77	 -55.164	5	  28.009	  15.902	 -14.558
78	 -50.683	5	  -3.958	  14.335	  -4.412
79	 -49.979	5	  13.295	  27.191	  -4.085
80	 -49.223	5	 -10.551	 -14.697	  -2.536
81	 -41.841	4	  32.896	  -7.861	  -1.334
82	 -38.135	4	  18.391	  21.164	 -22.710
83	 -37.709	2	   3.268	  -4.864	  -9.797
84	 -37.064	4	   8.637	  23.647	 -11.293
85	 -32.776	3	   4.285	  27.136	  -4.439
86	 -30.216	3	   8.133	  19.885	  10.499
87	 -28.793	3	  30.956	 -17.542	  15.191
88	 -27.396	3	  41.634	   0.153	  -6.479
89	 -22.339	2	 -10.366	 -30.864	  13.692
90	 -10.854	1	  29.634	 -11.864	 -16.797
91	 -10.462	1	 -15.366	   3.136	 -23.797
92	 -10.037	1	  22.634	  10.136	  14.203
93	  -9.655	1	   1.634	 -10.864	 -32.797
94	  -9.241	1	  13.634	  -1.864	  21.203
95	  -9.111	1	  13.634	  15.136	 -27.797
