1	-1481.160	127	  31.245	   6.949	 -15.669
2	-1381.469	117	  54.587	   4.289	  15.320
3	-1167.408	105	  37.833	 -19.730	 -12.842
4	-1106.202	99	  40.870	  -1.630	  -4.343
5	-1020.141	77	  69.477	   3.632	  20.550
6	-984.612	74	  16.787	   9.670	 -20.344
7	-973.849	88	  43.271	 -20.490	  11.632
8	-845.881	75	  60.957	  19.333	   5.566
9	-820.799	74	  54.852	   1.661	   1.574
10	-768.445	71	  30.197	   4.192	  -1.880
11	-711.176	60	  49.384	   2.747	  26.003
12	-702.090	56	  58.284	  12.791	   5.282
13	-683.250	63	  45.688	  -1.378	   2.690
14	-681.421	62	  41.527	  15.918	 -16.600
15	-680.418	63	  46.425	  14.716	  17.191
16	-653.432	55	  29.394	  16.494	  -4.845
17	-637.061	57	  20.442	  11.505	  -5.764
18	-576.577	48	  36.634	  -0.637	   2.140
19	-542.014	43	  24.000	  11.443	 -16.177
20	-540.876	51	  51.810	 -20.806	  23.106
21	-534.961	51	  21.249	   8.017	 -29.386
22	-534.447	50	  29.148	 -17.199	 -24.740
23	-529.755	52	  15.553	  33.374	 -12.912
24	-525.221	48	   3.913	  11.486	  -6.965
25	-472.869	42	  23.108	  -6.810	  -0.223
26	-468.854	35	  62.756	   7.046	  16.380
27	-454.245	40	  59.847	 -10.851	  -0.298
28	-450.865	44	  25.402	  21.873	  -3.244
29	-442.240	38	  65.757	   7.071	   6.603
30	-430.083	41	  25.631	  14.948	   6.893
31	-427.968	36	  59.707	  17.639	  26.759
32	-422.790	39	  62.043	  11.823	  -6.577
33	-399.237	32	  33.517	  24.216	  -8.021
34	-396.923	34	  60.379	  -7.360	  28.530
35	-396.707	35	  21.566	  31.334	 -23.453
36	-393.360	37	  32.665	  26.735	 -17.800
37	-385.354	36	  70.488	  11.933	  33.642
38	-358.148	34	  74.135	  26.998	  14.626
39	-351.555	32	  17.313	  18.902	 -33.609
40	-342.299	32	  63.056	   3.277	  30.389
41	-340.149	31	  38.659	   6.154	 -27.020
42	-333.143	31	  86.482	  18.347	  16.627
43	-329.833	31	  45.430	  28.956	   0.704
44	-317.935	28	  36.139	  28.160	  25.722
45	-306.467	27	   6.802	  21.925	  -2.200
46	-297.830	27	   9.912	  -0.417	 -18.504
47	-290.973	29	  72.178	   3.527	   0.159
48	-290.404	24	  45.839	  25.207	 -11.911
49	-288.881	27	  65.173	 -13.889	  13.544
50	-285.906	26	  68.457	  25.392	  25.703
51	-281.735	27	  83.613	  16.275	   5.196
52	-278.585	26	   3.752	  27.860	  -9.672
53	-276.824	25	  23.173	  -2.462	 -28.805
54	-276.182	23	  37.158	   1.302	 -33.727
55	-267.483	23	  54.230	  27.722	 -24.707
56	-266.267	20	  29.490	  22.060	 -25.365
57	-265.017	26	  81.402	   0.665	  10.057
58	-262.774	22	  82.854	   4.793	   4.187
59	-249.145	22	   4.219	  28.580	 -20.616
60	-237.551	19	  32.508	   4.906	 -23.681
61	-227.454	21	  66.261	  23.922	 -16.410
62	-224.693	22	  37.039	 -18.439	  20.298
63	-224.083	21	  57.487	  23.029	  19.265
64	-221.976	21	  20.377	  20.142	  14.593
65	-221.922	21	  51.516	  26.395	   4.581
66	-219.321	21	  51.933	 -15.054	  -5.882
67	-217.220	20	  72.342	  -9.319	  15.953
68	-213.673	20	  80.198	  23.918	  18.161
69	-212.635	20	  49.225	 -10.682	 -23.445
70	-212.536	20	  30.159	 -12.447	   5.728
71	-211.246	21	  59.568	  26.541	  -7.202
72	-209.820	18	  43.905	  24.783	  12.811
73	-209.539	21	  33.067	 -24.544	  -2.513
74	-206.843	18	  40.800	  -0.759	  37.672
75	-204.149	19	  21.521	 -13.125	 -14.776
76	-202.039	19	  10.521	   1.548	  -3.653
77	-201.943	18	  77.170	  -4.814	  22.037
78	-198.783	19	  56.449	  11.146	 -21.046
79	-194.772	14	  75.177	   2.673	  30.551
80	-191.268	19	  31.574	  11.006	 -29.605
81	-190.336	18	  15.420	  -6.302	 -13.603
82	-190.063	18	  -1.018	  19.264	 -17.201
83	-188.665	18	  24.753	 -10.979	 -31.181
84	-185.745	18	  44.452	 -18.303	 -20.568
85	-185.602	18	  57.987	 -15.393	  29.667
86	-184.343	19	  34.527	  -4.000	  32.581
87	-183.823	18	  88.452	   8.121	  16.456
88	-180.864	18	  46.206	 -26.244	   0.862
89	-179.618	12	  10.333	  10.682	 -29.281
90	-177.190	18	  55.269	   9.130	  27.476
91	-176.561	17	  33.613	 -10.899	  22.717
92	-176.394	15	  83.676	   5.211	  30.704
93	-168.394	16	  33.510	 -12.415	  12.554
94	-168.026	15	  67.073	  16.888	 -12.796
95	-163.959	17	  12.996	  29.955	  -2.128
96	-163.876	16	  27.966	 -17.413	  -3.286
97	-161.098	14	  24.089	  27.376	  17.118
98	-160.759	15	  28.073	  -2.476	  14.871
99	-145.408	14	  55.648	  -4.767	 -15.809
100	-143.870	14	  78.099	  12.700	  -0.532
101	-142.536	14	  32.944	   0.797	  26.155
102	-141.835	14	  48.382	 -13.648	 -13.466
103	-141.828	15	  54.278	 -20.424	   2.519
104	-140.750	13	  21.862	  31.101	  -3.721
105	-140.655	14	  58.741	  -5.810	  38.211
106	-137.810	12	  45.020	   0.237	 -37.876
107	-136.254	14	   9.575	  26.520	 -31.892
108	-134.981	13	  67.961	  -4.824	   0.262
109	-133.034	13	  41.606	 -16.476	 -29.090
110	-132.761	13	  38.296	  28.211	  -2.447
111	-123.206	11	  74.934	  -5.712	   5.340
112	-123.149	12	  36.089	  20.445	  26.471
113	-122.976	12	  31.283	  30.197	   9.126
114	-121.535	11	   4.144	  14.752	 -30.982
115	-121.311	11	  26.025	  -0.494	 -38.994
116	-121.276	12	  49.823	  -4.494	 -33.006
117	-116.059	11	  40.343	 -17.517	  28.520
118	-112.796	11	  11.440	  12.541	   1.374
119	-112.637	6	  63.679	  21.131	  15.127
120	-112.564	11	  28.509	   8.530	  17.817
121	-112.364	10	  21.996	  -9.440	 -22.223
122	-109.972	11	  18.848	 -10.618	  -6.052
123	-108.479	7	  43.602	  -7.689	 -13.028
124	-100.994	10	  67.337	  -2.818	  26.596
125	-100.078	9	  28.753	  -9.031	 -41.819
126	 -99.186	10	  61.528	  27.810	   9.839
127	 -98.833	10	  52.376	   0.364	 -25.762
128	 -97.700	9	  60.622	 -14.361	  21.349
129	 -96.382	9	   2.119	   8.686	 -16.321
130	 -94.629	9	  35.886	  -0.436	 -41.552
131	 -94.524	9	  54.930	  18.679	 -25.387
132	 -89.093	9	  63.600	 -15.024	   4.800
133	 -88.510	8	  53.513	 -22.160	  13.366
134	 -87.348	9	  80.860	  15.545	  33.286
135	 -85.383	9	  26.826	  25.457	   6.391
136	 -80.902	8	  29.169	 -19.792	 -14.632
137	 -79.860	8	  43.175	 -21.187	  34.337
138	 -73.799	5	  39.228	  -7.424	  12.465
139	 -72.378	7	  49.381	  -2.921	  38.196
140	 -72.107	7	  39.362	 -17.807	 -36.505
141	 -70.978	7	  37.252	 -16.886	   6.790
142	 -69.307	7	  -2.789	  11.526	 -22.198
143	 -68.427	4	  25.807	  25.587	 -14.050
144	 -66.616	7	  77.800	  24.351	   4.818
145	 -65.484	6	  54.236	 -14.540	  40.791
146	 -63.986	6	  67.631	  14.007	   2.437
147	 -63.033	4	  50.208	  -0.937	  -6.977
148	 -61.982	6	  44.566	 -17.206	  -8.168
149	 -61.046	6	  88.585	   1.313	  22.063
150	 -60.815	6	  25.285	 -18.710	 -37.217
151	 -59.230	6	  39.765	   5.954	  31.433
152	 -58.750	6	  68.180	  16.773	 -21.110
153	 -57.940	4	  51.573	  18.221	   9.133
154	 -52.596	5	  17.121	   1.617	 -25.849
155	 -51.682	5	  40.926	  -5.655	 -44.411
156	 -49.387	5	  20.322	   1.183	  -1.050
157	 -49.061	5	  21.550	  20.164	  23.132
158	 -48.647	5	  62.184	  17.675	  35.320
159	 -48.187	5	  47.697	  10.672	 -26.741
160	 -47.843	5	  51.958	 -22.421	  37.899
161	 -45.472	4	  31.866	 -16.462	 -41.050
162	 -43.679	4	  57.346	   3.281	 -17.429
163	 -43.407	4	  53.148	  30.259	 -17.493
164	 -43.047	4	  70.361	  25.111	   3.551
165	 -41.284	4	  29.454	  14.548	  22.443
166	 -38.622	4	   3.931	  12.306	   1.687
167	 -38.382	4	  60.166	   0.772	  -9.526
168	 -38.206	4	  24.678	   2.236	   8.680
169	 -33.165	3	  38.405	  30.503	  18.563
170	 -30.427	3	  43.309	  -8.508	  43.572
171	 -29.659	3	  38.968	  11.786	  24.303
172	 -29.621	3	  77.342	  24.420	  27.172
173	 -25.388	2	  30.687	  16.732	 -19.806
174	 -20.431	2	  46.931	  23.269	 -25.050
175	 -19.519	2	  65.848	  30.245	  18.657
176	 -19.388	2	  29.413	  31.821	  -9.568
177	 -18.327	2	  37.441	 -24.214	 -22.050
178	 -18.262	2	  59.421	  23.767	 -29.050
179	 -18.076	2	  81.429	  -5.219	  30.438
180	  -9.171	1	   1.931	  24.786	 -28.050
181	  -9.150	1	  63.931	  21.786	  -3.050
182	  -9.138	1	  14.931	  32.786	 -27.050
183	  -9.111	1	  24.931	  29.786	  24.950
184	  -9.096	1	  42.931	 -26.214	  19.950
185	  -8.922	1	  35.931	 -11.214	  40.950
