1	-736.898	66	   8.211	  20.166	   6.547
2	-654.659	56	  25.175	  12.965	  24.632
3	-445.241	30	  24.000	   5.991	  17.852
4	-389.902	37	  36.015	  14.722	  29.131
5	-365.372	35	  14.084	   7.483	  26.877
6	-348.389	33	  -1.770	  11.773	  10.314
7	-332.044	32	  11.682	  -1.621	  16.153
8	-322.690	32	  21.269	  -0.890	  15.537
9	-314.084	28	   6.334	   7.464	   8.521
10	-293.168	27	  -5.284	   7.250	  25.167
11	-288.574	26	  42.640	  20.703	  18.951
12	-272.515	26	  50.453	   5.047	  12.931
13	-268.925	24	  31.557	  28.119	  18.941
14	-261.813	22	  29.197	   0.637	   5.300
15	-255.669	23	  31.670	  14.824	   0.542
16	-229.985	21	  41.354	  24.155	   7.514
17	-229.604	22	  17.157	   5.480	   2.359
18	-219.461	22	  14.429	   4.492	  20.203
19	-217.725	20	  47.915	  14.489	   8.263
20	-216.485	20	  33.975	  -1.680	  24.771
21	-200.455	18	  16.624	  31.677	  25.112
22	-199.619	18	  30.049	  -7.526	  14.354
23	-186.845	18	  35.936	  33.615	   8.186
24	-171.875	16	   6.733	  21.876	  31.133
25	-169.411	16	  42.719	   3.687	  25.737
26	-155.490	15	  12.984	  31.199	   0.440
27	-154.565	14	  21.314	  22.559	  29.282
28	-151.222	15	  42.438	  -5.400	  18.536
29	-147.819	13	   4.934	   8.219	  30.265
30	-144.650	13	  16.174	  18.832	  -1.262
31	-143.044	14	  -6.866	  13.174	  16.839
32	-127.561	12	   9.102	  32.804	   9.891
33	-127.073	10	   2.437	  27.859	  21.315
34	-124.040	12	  24.821	  32.436	  25.426
35	-123.365	12	  -0.525	  -2.558	  20.223
36	-119.982	11	  25.980	  35.092	  10.679
37	-114.851	11	  37.187	  -5.807	   7.678
38	-114.272	11	  11.297	  28.961	  29.192
39	-102.771	10	  43.490	   3.973	   4.781
40	 -93.667	9	  30.984	  25.388	  27.752
41	 -74.084	7	  -2.647	  22.248	  17.888
42	 -72.263	7	  20.749	  35.863	  19.144
43	 -69.127	7	  34.311	  27.348	  -0.723
44	 -62.228	6	   0.549	  -2.043	  10.544
45	 -59.043	6	  39.947	  27.047	  15.256
46	 -55.575	5	  26.093	   8.382	   1.841
47	 -49.180	5	  -2.330	  19.206	  30.400
48	 -47.061	5	  -7.888	   5.554	  13.018
49	 -44.595	4	  46.586	  10.598	  29.332
50	 -42.140	2	  37.580	  15.341	  17.837
51	 -40.408	3	  41.401	  13.341	   3.264
52	 -37.853	4	   9.361	   9.820	   1.348
53	 -19.407	2	   9.596	  14.825	  33.837
54	 -18.133	2	  49.585	  15.868	  21.837
55	 -14.166	1	  17.112	  19.341	   9.837
56	  -9.971	1	  11.112	  -5.659	  25.837
57	  -9.643	1	  22.112	  30.341	  -1.163
58	  -9.200	1	  23.112	   6.341	  29.837
