1	-881.667	74	 117.337	  54.522	  17.927
2	-759.472	64	 131.882	  37.119	  25.295
3	-553.357	42	 136.667	  58.021	  29.447
4	-515.730	47	 139.264	  48.073	  44.156
5	-486.634	42	 141.490	  32.414	   8.258
6	-463.318	36	 133.504	  42.670	   7.658
7	-460.600	41	 131.601	  30.788	   4.473
8	-444.211	40	 133.172	  55.006	  11.738
9	-442.089	40	 145.756	  18.815	  24.454
10	-411.887	37	 152.379	  34.593	  22.945
11	-410.634	38	 120.828	  49.124	  39.396
12	-392.014	33	 136.842	  16.919	   2.212
13	-390.974	34	 119.966	  55.149	  25.502
14	-374.324	31	 146.917	  35.858	  33.045
15	-350.610	33	 152.334	  47.283	  42.941
16	-349.675	30	 108.443	  44.678	  22.445
17	-315.666	29	 124.428	  21.119	  15.118
18	-314.939	28	 122.477	  28.940	  23.529
19	-304.078	28	 150.114	  53.748	  32.166
20	-274.777	27	 117.778	  57.796	  32.705
21	-267.589	24	 142.549	   8.879	  20.084
22	-256.891	24	 146.687	  53.022	  40.298
23	-247.999	23	 147.803	  55.936	  22.878
24	-247.653	22	 143.327	  51.368	  16.080
25	-245.296	23	 129.258	  18.223	  30.461
26	-235.969	23	 115.727	  45.117	  37.014
27	-221.704	22	 152.177	  31.488	  15.392
28	-219.479	21	 125.735	  60.005	  14.011
29	-214.317	21	 137.447	   6.525	  28.890
30	-198.349	20	 122.278	  29.629	  32.046
31	-198.043	19	 139.987	  61.625	  20.649
32	-197.101	19	 123.028	  32.845	   3.248
33	-194.368	19	 128.229	  39.426	  36.493
34	-193.982	16	 146.648	  43.911	  13.555
35	-190.335	18	 118.516	  28.643	  14.210
36	-180.647	18	 127.438	   7.438	  22.175
37	-180.577	17	 124.183	  50.726	   4.388
38	-164.707	16	 149.105	  17.161	   9.614
39	-163.786	16	 128.188	  23.566	   2.831
40	-162.247	16	 109.897	  36.008	  14.548
41	-161.943	15	 146.122	  13.238	  29.683
42	-157.051	15	 156.816	  40.971	  35.773
43	-146.888	13	 108.944	  49.975	  14.114
44	-144.149	14	 153.241	  47.281	  16.286
45	-139.857	13	 117.699	  28.234	   6.623
46	-134.146	13	 134.548	   7.764	   7.356
47	-121.595	12	 152.759	  20.418	  20.998
48	-119.861	12	 112.870	  27.081	  51.066
49	-115.263	9	 135.286	  25.814	  29.222
50	-113.099	11	 111.357	  51.362	  33.847
51	-112.102	10	 135.211	  55.255	  44.432
52	-111.436	11	 127.513	  63.931	  32.939
53	-110.515	11	 140.572	   6.837	  11.904
54	-108.499	11	 127.923	   8.137	  14.311
55	-106.232	11	 126.586	  16.286	   9.778
56	-106.223	11	 112.524	  32.928	  24.961
57	 -99.089	9	 159.186	  47.666	  31.765
58	 -97.569	9	 113.315	  37.641	  34.290
59	 -94.281	9	 124.714	  58.430	  39.780
60	 -90.419	6	 138.284	  45.867	  22.703
61	 -89.337	9	 128.323	  48.261	  46.899
62	 -85.275	6	 134.996	  33.921	  17.217
63	 -78.666	8	 143.600	  22.449	  30.201
64	 -78.043	8	 119.885	  25.035	  55.222
65	 -67.188	7	 134.338	  21.856	  36.830
66	 -62.264	6	 145.342	  18.075	   2.778
67	 -61.578	6	 141.293	  40.148	  39.584
68	 -53.339	5	 117.713	  40.323	   3.016
69	 -49.331	5	 115.640	  47.370	   5.134
70	 -41.373	4	 129.441	  31.492	  32.015
71	 -40.210	4	 126.652	  65.754	  18.878
72	 -33.743	2	 125.652	  38.754	  15.066
73	 -32.250	3	 137.134	  34.754	  31.570
74	 -30.650	3	 135.825	  58.754	  36.900
75	 -28.001	3	 108.809	  41.754	  28.940
76	 -18.916	2	 142.621	  10.754	   1.584
77	 -17.998	1	 139.134	  45.754	  34.584
78	 -17.955	2	 157.632	  55.256	  40.584
79	 -11.500	1	 129.134	  26.754	  11.584
80	 -10.231	1	 150.134	  25.754	   7.584
81	  -9.675	1	 136.134	  63.754	  13.584
82	  -9.483	1	 157.134	  54.754	  23.584
83	  -9.219	1	 123.134	  19.754	  22.584
