1	-774.419	67	-135.933	 -17.827	  69.726
2	-693.523	59	-117.878	 -13.986	  58.597
3	-585.655	45	-132.176	   3.743	  63.332
4	-584.271	53	-120.361	 -15.480	  68.553
5	-481.183	41	-122.041	  10.206	  61.400
6	-463.755	43	-141.871	  32.428	  58.887
7	-462.162	36	-134.226	  -0.906	  47.999
8	-452.175	43	-120.693	  -4.665	  78.939
9	-450.095	43	-146.464	  22.768	  62.470
10	-432.655	40	-140.031	  -5.440	  83.561
11	-431.842	37	-147.567	   6.810	  70.116
12	-379.887	35	-153.067	   7.582	  58.113
13	-367.602	33	-128.330	  23.539	  47.597
14	-335.577	32	-151.367	 -11.763	  72.548
15	-320.439	24	-141.475	   6.018	  48.582
16	-315.988	29	-134.079	   9.420	  66.970
17	-315.690	30	-111.445	   5.653	  53.826
18	-313.596	29	-135.308	  30.767	  69.735
19	-299.569	29	-130.591	   4.797	  44.139
20	-297.590	28	-147.015	 -14.539	  62.794
21	-282.007	26	-155.027	  -0.070	  77.234
22	-272.995	25	-112.037	  -5.486	  72.552
23	-271.540	24	-134.160	 -16.664	  52.926
24	-242.116	22	-144.520	 -12.203	  56.499
25	-234.402	21	-134.645	 -11.687	  85.275
26	-233.040	22	-154.487	  -6.656	  84.055
27	-221.883	20	-136.610	  27.090	  38.914
28	-214.031	20	-108.958	  -8.010	  53.896
29	-213.213	20	-146.007	 -10.323	  81.492
30	-212.633	20	-119.759	  12.226	  50.327
31	-209.058	19	-125.583	 -20.485	  54.752
32	-208.940	18	-109.591	  -8.026	  63.837
33	-208.471	20	-133.442	  32.521	  45.693
34	-204.504	20	-144.094	  27.599	  72.826
35	-198.581	19	-124.417	  19.726	  54.004
36	-172.297	16	-112.126	   2.386	  71.141
37	-169.447	16	-159.245	  -6.608	  70.721
38	-168.693	16	-127.496	  21.183	  67.276
39	-164.663	16	-124.503	  13.312	  70.382
40	-149.468	14	-146.622	  -4.336	  52.138
41	-137.764	14	-136.426	  19.046	  75.309
42	-135.565	14	-148.979	  24.262	  47.820
43	-133.541	13	-152.782	  -6.461	  54.916
44	-129.802	13	-152.748	  20.867	  59.011
45	-127.626	12	-131.370	  15.002	  40.025
46	-126.774	12	-135.824	 -11.195	  48.385
47	-125.145	12	-155.995	   6.433	  66.108
48	-118.107	12	-112.662	   7.400	  62.123
49	-110.119	11	-127.890	  33.005	  53.236
50	-104.781	10	-127.289	 -22.724	  74.204
51	 -98.194	10	-130.523	   1.903	  75.921
52	 -97.435	10	-144.561	  17.211	  67.262
53	 -97.395	10	-147.883	  11.841	  45.299
54	 -90.222	9	-119.895	   8.473	  72.322
55	 -89.510	9	-125.545	 -16.213	  80.639
56	 -88.167	9	-139.939	 -15.310	  77.659
57	 -86.439	8	-126.599	 -13.685	  46.520
58	 -84.666	9	-118.721	  21.922	  85.451
59	 -81.679	8	-114.693	 -13.328	  75.521
60	 -74.900	7	-141.217	   0.490	  77.108
61	 -74.232	7	-117.993	  -9.161	  44.203
62	 -69.036	7	-128.780	  -4.589	  86.455
63	 -67.659	7	-127.770	 -26.153	  60.881
64	 -59.000	6	-126.070	  -7.010	  40.787
65	 -58.404	6	-139.915	 -22.557	  61.994
66	 -53.108	5	-127.727	  32.672	  60.968
67	 -49.093	3	-134.877	   8.227	  55.356
68	 -48.999	3	-126.022	   1.339	  53.662
69	 -48.897	5	-144.655	  23.736	  39.677
70	 -47.824	5	-142.788	  32.941	  47.057
71	 -46.559	4	-107.742	   0.010	  59.679
72	 -44.633	4	-139.695	  17.208	  40.763
73	 -43.760	3	-138.220	  -3.870	  61.808
74	 -42.427	4	-114.481	  15.847	  89.612
75	 -38.163	4	-156.860	   0.897	  57.977
76	 -36.628	4	-118.860	 -16.858	  48.438
77	 -31.521	3	-112.936	   5.816	  46.260
78	 -29.692	3	-127.996	  19.820	  75.423
79	 -28.926	3	-150.290	  28.415	  53.453
80	 -28.329	3	-114.977	  -2.565	  42.805
81	 -22.061	2	-121.622	   7.711	  41.453
82	 -20.915	2	-124.099	  17.130	  38.453
83	 -19.767	2	-120.158	 -26.406	  66.917
84	 -19.386	2	-152.622	  14.622	  52.453
85	 -18.145	2	-156.633	 -14.365	  64.453
86	  -9.503	1	-118.622	  16.130	  78.453
87	  -9.348	1	-152.622	  13.130	  68.453
88	  -8.952	1	-129.622	  23.130	  39.453
