1	-934.562	89	  13.697	  33.053	  22.006
2	-873.891	76	  15.173	  38.151	  32.209
3	-860.827	76	 -15.256	  45.228	  32.026
4	-783.789	66	  12.505	  63.102	  40.236
5	-753.266	60	 -12.370	  20.108	  40.019
6	-748.326	55	   2.214	  11.746	  23.463
7	-727.404	57	  -6.871	  55.349	  24.879
8	-672.476	61	 -13.876	  33.326	  44.085
9	-640.413	53	  16.094	  52.366	  20.917
10	-620.709	46	   5.497	  27.718	  25.430
11	-595.940	53	  14.200	  48.756	  43.343
12	-593.335	49	  -1.110	  41.648	  40.899
13	-591.171	45	  -1.630	  72.658	  23.675
14	-535.752	47	   8.946	  24.992	   6.252
15	-527.326	46	   9.807	   8.362	  26.378
16	-525.293	48	  -8.083	  75.202	  26.859
17	-502.462	41	 -15.441	  32.489	  21.146
18	-500.822	45	 -10.130	  42.857	  38.903
19	-498.705	48	 -13.934	  49.336	  21.450
20	-469.336	41	 -13.122	  58.395	  34.442
21	-468.298	42	   9.743	  40.352	  37.503
22	-467.439	42	  34.796	  21.787	  17.358
23	-448.538	42	   9.996	   9.663	  15.511
24	-407.574	36	  -8.294	  58.232	   5.803
25	-372.220	32	 -13.761	  15.105	  24.266
26	-366.701	31	  12.803	  25.822	  34.677
27	-365.215	33	  -3.577	  25.808	  49.034
28	-336.725	27	   5.426	  57.515	  48.228
29	-325.140	29	  21.982	   7.421	  28.818
30	-323.541	20	   0.040	  41.925	   5.497
31	-323.012	30	   4.030	  47.661	  45.494
32	-313.540	30	 -13.755	  25.377	  10.319
33	-308.479	30	 -12.523	  65.428	   5.679
34	-305.290	27	 -20.122	  78.292	  28.439
35	-302.141	29	 -22.471	  66.353	  32.898
36	-300.847	29	  22.883	  16.932	  32.909
37	-299.356	29	 -24.137	  57.017	  11.971
38	-296.766	28	  35.934	  31.961	  21.725
39	-291.453	26	  -3.763	  36.088	  45.390
40	-273.442	26	  -4.352	  15.983	  49.292
41	-272.096	26	  16.087	  32.712	   9.354
42	-262.469	24	  -3.622	  49.915	  46.034
43	-260.026	24	 -17.904	  16.140	  31.638
44	-255.228	23	 -27.714	  71.831	  30.154
45	-254.018	23	 -33.930	  50.960	  22.963
46	-249.892	24	   9.335	  34.778	   1.338
47	-248.934	25	 -11.399	  43.246	  10.802
48	-248.205	21	 -10.020	  73.203	  17.366
49	-246.373	24	  -9.130	  50.209	   1.772
50	-244.648	24	  -8.464	  65.489	  45.762
51	-243.740	23	 -24.521	  53.245	  28.711
52	-239.981	23	 -11.061	  34.653	   7.873
53	-237.956	21	  -1.987	  16.024	  10.810
54	-237.467	21	  13.769	  68.994	  23.942
55	-236.214	21	 -33.809	  60.112	  15.047
56	-225.741	22	  25.718	  27.482	  11.641
57	-224.408	22	  11.146	  40.833	  10.048
58	-221.016	21	   5.237	  37.254	  43.540
59	-218.813	21	   2.530	  65.962	  50.526
60	-216.843	21	 -16.681	  51.244	  10.993
61	-211.294	21	 -27.671	  80.772	  21.059
62	-209.455	20	 -35.894	  69.220	  15.651
63	-208.915	20	  15.665	  13.374	  38.482
64	-206.894	19	 -14.831	  69.314	  38.471
65	-201.299	19	  -8.142	  10.538	  22.948
66	-200.923	19	  17.416	  68.690	  31.726
67	-200.345	19	   8.451	  73.143	  23.037
68	-199.535	19	   2.667	  67.780	  10.601
69	-199.252	19	  11.193	  48.295	   8.903
70	-198.681	19	   2.755	  37.518	  -2.426
71	-197.165	18	  12.576	  60.001	   8.475
72	-195.430	19	  -4.874	  18.486	   4.706
73	-193.632	18	 -10.579	  19.499	  13.752
74	-191.676	19	   5.243	  65.082	   4.722
75	-176.576	15	  10.415	  64.756	  13.915
76	-172.818	16	 -21.957	  35.645	  31.555
77	-167.146	16	 -15.011	  74.566	   9.799
78	-164.296	16	 -35.894	  62.071	  29.549
79	-164.138	17	 -11.327	  78.394	  36.800
80	-161.927	16	  12.910	  17.452	   5.367
81	-157.838	15	   5.918	  49.900	  -1.298
82	-156.143	16	  28.084	  12.825	   8.136
83	-154.281	14	 -22.514	  32.374	  41.299
84	-150.075	14	  -9.099	  55.506	  44.210
85	-149.972	15	   9.256	  27.681	  44.812
86	-146.913	14	  36.482	  10.581	  22.738
87	-138.638	13	  -5.268	  34.026	  -1.444
88	-138.604	13	  18.387	  60.025	  16.740
89	-137.577	13	  22.926	  51.978	  41.429
90	-132.952	11	  24.545	   4.786	  20.788
91	-132.517	9	   2.575	  58.719	  19.088
92	-127.248	13	  19.045	  39.604	  25.440
93	-123.378	8	  -3.820	  66.720	  31.751
94	-122.237	12	  -3.550	  47.352	  -1.594
95	-122.006	12	  -6.138	   5.861	  36.844
96	-120.328	12	  10.742	   5.285	  35.506
97	-117.033	12	 -19.286	  23.777	  17.541
98	-116.545	11	  22.435	  48.632	  30.722
99	-116.142	11	  10.047	  18.979	  44.145
100	-110.196	11	  35.871	  16.042	  28.891
101	-110.012	11	   5.286	  10.819	  47.529
102	-108.213	11	  22.197	  24.891	   5.259
103	-107.008	11	  -3.007	  72.833	  12.740
104	-105.519	10	   7.727	  76.306	  40.951
105	-104.066	10	 -36.002	  73.456	  24.029
106	-102.374	10	  36.431	  24.615	  29.875
107	 -98.301	9	 -21.814	  30.460	  25.609
108	 -93.985	9	  -2.734	  77.072	  43.415
109	 -87.953	9	  22.949	  63.702	  31.033
110	 -84.340	8	 -22.699	  60.062	   5.105
111	 -83.173	8	   4.170	  79.889	  33.498
112	 -81.010	8	 -29.201	  48.535	  12.759
113	 -80.270	5	   3.851	  17.163	  31.441
114	 -79.312	8	 -26.790	  69.949	   7.550
115	 -72.263	7	 -15.233	  39.890	  18.712
116	 -70.802	7	 -18.655	  43.846	  24.792
117	 -70.427	7	  15.413	  44.022	  18.786
118	 -69.549	7	   9.337	  68.964	  47.664
119	 -63.994	6	  18.035	   9.769	   8.795
120	 -62.977	4	  -0.553	  40.872	  15.870
121	 -61.312	4	  -2.847	  25.159	  19.248
122	 -61.114	6	  33.321	  38.555	  15.906
123	 -60.303	6	  24.622	   4.090	  13.373
124	 -59.809	6	  31.710	  33.250	  10.429
125	 -58.074	6	 -37.094	  48.723	  15.797
126	 -56.416	6	 -21.772	  46.630	  18.551
127	 -51.631	5	 -24.931	  77.206	  10.768
128	 -50.452	5	 -24.321	  21.924	  29.296
129	 -48.849	5	  28.151	  26.972	  31.291
130	 -47.914	5	  27.060	  39.333	  23.613
131	 -45.928	5	  21.660	  33.141	  16.070
132	 -44.473	3	  10.299	  19.692	  22.957
133	 -44.395	4	 -25.151	  65.215	  21.714
134	 -40.187	4	  23.069	  33.278	  30.486
135	 -38.223	4	 -15.451	  79.688	  20.499
136	 -36.618	4	 -39.430	  57.914	  20.740
137	 -31.179	2	  -9.931	  63.922	  22.837
138	 -29.702	2	 -16.260	  70.251	  28.248
139	 -29.265	3	  15.734	   3.922	  21.531
140	 -28.700	3	 -20.195	  42.567	  39.273
141	 -28.376	3	  32.989	   4.196	  15.995
142	 -28.068	3	  21.729	  41.254	  38.588
143	 -26.993	3	 -13.931	  10.252	  36.915
144	 -20.749	2	   0.019	  41.773	  28.248
145	 -19.527	2	   0.544	   3.922	  33.723
146	 -18.486	2	 -10.417	  39.867	  -2.752
147	 -10.971	1	 -29.931	  78.922	  28.248
148	 -10.389	1	   3.069	  46.922	  18.248
149	  -9.557	1	  31.069	   5.922	  28.248
150	  -9.245	1	 -26.931	  45.922	  26.248
