1	-1331.177	122	  11.330	  36.389	  20.946
2	-1143.371	89	  19.628	  27.559	  15.757
3	-1038.212	88	  20.905	  36.928	  14.390
4	-642.172	56	  11.679	  30.239	  27.845
5	-525.360	49	  44.005	  16.697	  18.112
6	-482.562	44	  -0.085	  30.838	  28.846
7	-440.926	41	  31.014	  37.907	  11.751
8	-408.794	38	  39.304	  18.418	  31.290
9	-396.302	37	  12.549	  34.662	  -2.892
10	-382.697	36	   4.936	  11.381	  17.273
11	-379.099	32	  22.286	  20.141	  24.350
12	-373.180	37	  39.681	  27.016	  10.063
13	-358.203	33	   7.821	  47.284	  16.010
14	-333.309	32	  14.152	   9.087	  10.478
15	-327.732	28	  44.893	  24.992	  22.693
16	-323.115	28	  16.740	  50.971	  15.405
17	-321.421	30	  13.077	  41.090	  13.089
18	-320.382	31	  32.503	  21.239	   1.687
19	-315.209	32	   0.644	  31.307	   3.796
20	-313.053	29	  20.360	  17.527	 -10.501
21	-302.279	26	  -6.672	  31.363	  22.380
22	-287.002	29	  30.816	  11.230	   5.261
23	-282.893	26	  -6.850	  38.512	  14.816
24	-279.361	25	  25.348	  30.092	  31.812
25	-277.658	26	   8.449	  11.869	   1.681
26	-236.594	22	  19.586	  48.984	  33.597
27	-230.707	17	  13.831	  21.676	  23.311
28	-229.753	23	  28.277	  11.634	  25.864
29	-219.562	16	  39.825	  13.345	  10.487
30	-215.010	21	  -7.806	  21.380	  14.127
31	-204.617	19	  27.343	  17.214	  -6.529
32	-195.939	19	  36.394	  40.218	  19.865
33	-191.638	18	  32.403	  41.912	  29.705
34	-188.673	17	  27.468	  31.636	   1.931
35	-187.738	17	  35.489	   6.551	  15.154
36	-185.030	16	   1.449	  52.661	  21.926
37	-184.007	18	  18.402	  27.983	 -11.248
38	-183.010	19	  24.343	  43.574	  11.770
39	-181.151	17	  -0.346	  22.465	   6.794
40	-173.853	17	  19.086	  10.045	  -3.543
41	-171.201	17	   7.639	  27.807	  -7.871
42	-166.181	11	  10.062	  24.305	  14.544
43	-165.866	16	  22.556	  55.527	  26.841
44	-160.276	15	  25.156	  43.250	  34.797
45	-145.516	14	  -1.915	  44.137	  23.405
46	-141.030	14	  35.350	  30.522	  32.584
47	-140.818	14	   5.050	  42.010	  28.899
48	-140.704	14	  20.191	  10.773	  20.458
49	-134.318	12	   1.797	  49.970	  33.464
50	-133.173	13	  10.238	  13.141	  25.344
51	-126.869	12	  21.643	  33.690	  -2.935
52	-124.813	11	  11.552	  18.262	 -10.133
53	-120.031	12	  17.921	  34.915	  31.404
54	-119.127	10	   7.704	  38.086	   4.288
55	-108.899	11	  36.624	   9.652	  25.269
56	-102.587	10	  28.912	  23.262	  33.927
57	 -99.096	9	  13.224	  60.854	  24.582
58	 -97.866	10	   4.209	  21.686	  -1.686
59	 -90.667	9	  11.504	  57.587	  38.334
60	 -86.520	9	   9.087	  63.233	  33.215
61	 -79.177	8	   3.923	  24.639	  35.031
62	 -75.553	5	  15.506	  31.407	   3.949
63	 -72.498	7	  18.817	  59.169	  18.998
64	 -60.973	5	  28.127	  43.050	  20.795
65	 -58.405	6	  31.622	  51.996	  22.304
66	 -57.886	6	   0.782	  41.226	   8.782
67	 -56.543	5	  11.079	  56.521	  14.070
68	 -51.936	5	  39.255	  19.920	   5.653
69	 -49.685	5	  43.868	  34.682	  24.443
70	 -48.470	5	  22.388	  11.488	  11.879
71	 -48.103	5	  12.690	  47.119	  35.055
72	 -46.225	5	   7.158	  61.919	  18.263
73	 -39.575	4	 -12.719	  34.073	   8.697
74	 -38.998	4	  33.271	  45.529	  14.944
75	 -37.903	4	  17.000	  42.170	   4.420
76	 -33.249	3	  40.864	  33.899	  15.078
77	 -29.602	3	  29.304	  50.555	  31.062
78	 -29.410	3	  25.804	  54.938	  15.785
79	 -28.762	3	 -15.377	  27.827	  17.088
80	 -12.663	1	  33.271	  12.899	  33.440
81	 -10.247	1	   3.271	  23.899	  18.440
82	  -9.277	1	  -3.729	  11.899	  19.440
83	  -9.270	1	  -6.729	  13.899	  27.440
84	  -9.176	1	   5.271	  32.899	  34.440
85	  -9.019	1	   0.271	  16.899	  33.440
86	  -8.986	1	  42.271	   5.899	  10.440
