1	-747.195	54	  18.636	  37.214	  11.538
2	-740.062	65	  12.654	  38.667	  21.534
3	-698.609	63	  57.974	  63.880	   0.451
4	-698.516	58	  37.637	  49.026	  10.732
5	-559.851	50	  43.098	  51.799	  -1.291
6	-557.009	39	  51.123	  67.399	  10.552
7	-522.139	46	  63.175	  63.359	 -15.253
8	-515.989	48	  48.940	  55.678	  24.597
9	-498.471	45	  59.739	  52.770	 -21.693
10	-498.372	44	  24.669	  51.303	  10.666
11	-489.419	40	  36.161	  30.113	   8.802
12	-480.128	44	  55.597	  76.217	 -13.386
13	-476.678	39	  43.344	  66.126	  18.076
14	-469.978	42	  55.099	  78.921	   6.577
15	-467.937	34	  26.457	  29.325	  12.827
16	-463.595	43	  41.921	  56.477	 -10.257
17	-462.120	43	  -0.990	  44.128	  18.224
18	-444.432	36	  37.847	  20.418	  12.148
19	-441.879	41	  16.797	  52.241	   5.529
20	-428.899	34	  47.696	  72.399	  24.677
21	-394.695	37	  63.329	  58.643	  -3.544
22	-388.650	35	   6.121	  53.701	   0.891
23	-381.562	35	  41.558	  71.543	   7.483
24	-380.953	34	  58.643	  61.378	   9.764
25	-380.948	34	   0.624	  56.070	  18.755
26	-377.051	37	  22.457	  33.022	  20.887
27	-374.212	33	  25.663	  31.996	   1.911
28	-373.189	34	  39.041	  23.779	  24.314
29	-349.143	33	   5.987	  38.960	  -3.261
30	-344.152	34	  43.609	  74.778	 -14.851
31	-343.392	32	   4.178	  32.404	   4.913
32	-337.768	22	  50.432	  64.012	  -1.498
33	-335.362	30	  42.300	  59.986	 -19.970
34	-331.284	30	  19.446	  57.135	  17.908
35	-329.367	32	  31.976	  55.425	  16.345
36	-328.386	29	  44.967	  45.328	  21.886
37	-319.108	29	  10.154	  32.333	  13.524
38	-318.208	28	  17.058	  23.092	  12.408
39	-305.188	27	  13.244	  23.019	   5.579
40	-300.874	29	  36.719	  54.293	  24.551
41	-298.505	27	  47.448	  38.750	  10.837
42	-291.854	27	  50.051	  85.477	  22.171
43	-287.330	27	  64.462	  59.953	  19.179
44	-279.951	27	  43.866	  43.806	   4.331
45	-268.859	24	  16.993	  41.825	  -1.407
46	-262.625	23	  39.446	  68.096	  -6.363
47	-254.905	24	  30.236	  28.041	  30.956
48	-248.570	24	  56.946	  63.106	  27.641
49	-245.727	23	  36.365	  66.324	 -17.042
50	-245.132	23	  30.520	  10.405	   6.374
51	-242.595	24	  10.969	  62.372	  18.561
52	-240.376	24	  47.334	  57.686	 -25.434
53	-234.796	23	  58.693	  71.356	  -3.271
54	-226.751	21	  50.186	  45.251	  -6.027
55	-219.040	20	  43.640	  36.367	  22.556
56	-218.485	20	   9.623	  49.346	  -5.830
57	-216.267	22	  52.531	  43.549	 -16.400
58	-203.843	18	  29.722	  25.942	  22.235
59	-199.859	19	   7.079	  55.561	  26.402
60	-187.901	18	   0.349	  33.308	  15.226
61	-186.179	18	  54.973	  47.602	  20.297
62	-182.618	18	  26.899	  12.283	  20.504
63	-181.858	16	  40.865	  30.517	  17.450
64	-181.627	17	  31.307	  45.057	   5.077
65	-181.604	16	  58.811	  66.103	  18.068
66	-181.392	17	  63.639	  46.512	 -12.565
67	-176.331	17	  27.531	  50.720	  29.185
68	-169.186	16	  68.364	  49.533	   9.720
69	-168.979	16	  37.802	  41.507	  28.351
70	-149.258	14	  37.308	  58.065	   5.637
71	-141.889	14	  63.953	  71.792	 -13.549
72	-135.803	14	  21.720	  24.047	   1.144
73	-133.548	13	  63.019	  78.094	  22.116
74	-131.306	13	  44.743	  81.147	   8.738
75	-126.953	13	  48.407	  87.063	  11.015
76	-124.968	13	  68.278	  58.264	 -10.243
77	-122.893	10	   8.060	  60.990	   7.350
78	-108.581	10	  65.467	  69.847	 -23.095
79	-107.038	11	  34.622	  36.751	   3.086
80	-104.118	10	  22.352	  15.543	   1.294
81	-100.724	8	  -9.142	  41.710	  12.066
82	 -96.639	10	  52.025	  48.458	 -28.632
83	 -95.657	9	  53.931	  63.621	 -25.780
84	 -95.158	9	   0.556	  57.129	   5.199
85	 -91.978	9	  15.270	  48.692	  33.271
86	 -91.631	9	  52.844	  79.708	  -0.607
87	 -91.424	9	  -9.223	  32.650	  15.732
88	 -87.525	9	  29.224	   5.070	  13.276
89	 -80.686	8	  37.211	  64.861	  11.863
90	 -79.667	8	  68.071	  46.236	  -1.460
91	 -76.368	8	  22.352	  43.042	  36.573
92	 -74.805	7	  34.604	  20.865	   2.789
93	 -72.892	7	   5.643	  43.456	  26.504
94	 -71.373	7	  -3.310	  48.328	  -0.973
95	 -70.145	7	  42.468	  68.245	 -25.490
96	 -69.977	7	  58.073	  87.003	  25.372
97	 -61.627	6	  56.812	  42.517	   6.977
98	 -61.024	6	  61.673	  52.300	  26.866
99	 -58.604	5	  27.566	  36.295	  35.588
100	 -56.903	4	   5.291	  41.566	   5.874
101	 -52.479	5	  42.585	  48.065	 -21.295
102	 -51.217	5	  59.331	  43.295	  -5.328
103	 -49.873	3	  36.672	  50.295	  18.288
104	 -49.792	5	  -6.636	  41.930	   2.147
105	 -48.631	5	  51.994	  74.338	  31.856
106	 -48.504	5	  41.402	  13.913	  16.323
107	 -47.960	5	  45.617	  76.486	   1.439
108	 -47.336	5	  -6.267	  34.453	   5.730
109	 -47.223	5	  14.407	  30.108	   1.073
110	 -44.602	4	  -0.249	  65.541	  13.168
111	 -40.153	4	  41.979	  76.063	  20.072
112	 -38.724	4	  67.966	  77.546	 -18.691
113	 -38.398	4	   3.246	  42.824	  -9.460
114	 -37.553	4	  61.004	  74.347	 -26.931
115	 -37.299	4	  60.970	  71.773	  30.549
116	 -36.611	4	  51.961	  76.039	 -20.678
117	 -32.412	3	  -3.075	  50.911	  10.069
118	 -30.385	3	  17.193	  55.295	  27.383
119	 -29.229	3	  41.575	  84.300	  20.838
120	 -21.343	2	  19.211	  20.295	  19.565
121	 -17.958	2	  19.209	  11.298	  10.069
122	 -10.726	1	  50.211	  68.295	 -13.931
123	 -10.598	1	  -0.789	  50.295	  24.069
124	 -10.555	1	  63.211	  74.295	  11.069
125	 -10.418	1	  44.211	  44.295	 -13.931
126	  -9.854	1	  63.211	  82.295	  29.069
127	  -9.505	1	  37.211	  14.295	  24.069
128	  -9.341	1	  26.211	  41.295	   0.069
129	  -8.961	1	  64.211	  43.295	  14.069
130	  -8.927	1	  35.211	   6.295	  20.069
