1	-1976.041	168	  -8.278	  49.449	  34.919
2	-1906.488	162	   3.574	  51.322	  12.215
3	-828.884	71	   5.035	  54.831	  40.802
4	-826.534	71	 -11.303	  56.682	   7.310
5	-698.522	66	   8.896	  64.067	  35.102
6	-681.540	65	 -10.033	  65.445	  16.765
7	-636.146	59	   3.373	  65.551	  31.133
8	-583.326	50	  17.554	  47.873	   3.305
9	-521.759	48	 -15.515	  63.478	  12.563
10	-496.829	47	  20.912	  62.493	  31.747
11	-482.461	46	  -9.745	  34.418	  13.312
12	-482.330	45	  16.013	  36.260	  27.721
13	-478.359	46	 -27.827	  55.001	  47.075
14	-452.067	40	  -3.090	  66.222	  24.508
15	-441.093	41	 -24.457	  55.124	  13.224
16	-427.571	41	 -22.642	  71.093	  27.381
17	-410.045	39	  23.270	  55.784	  19.646
18	-395.098	36	 -21.433	  36.169	  18.212
19	-393.759	37	 -27.418	  62.018	  17.153
20	-385.518	34	 -19.363	  44.133	  43.638
21	-379.443	36	   4.498	  34.057	  32.558
22	-373.739	31	  -1.965	  33.173	  22.812
23	-364.371	35	 -13.029	  46.700	  40.985
24	-356.484	35	 -30.055	  47.548	  32.980
25	-354.256	34	  -4.279	  70.183	  35.279
26	-342.361	32	 -27.906	  53.609	  27.541
27	-341.324	27	 -10.821	  41.395	  29.922
28	-340.688	32	  16.992	  72.120	  23.454
29	-303.961	27	  11.276	  61.376	  -1.635
30	-284.680	23	   6.823	  43.014	  16.394
31	-263.621	24	  16.688	  56.933	  37.438
32	-258.825	25	  -4.783	  64.031	   0.899
33	-257.490	24	 -24.014	  38.439	  30.624
34	-256.663	25	   8.508	  49.878	   5.899
35	-236.414	21	 -12.143	  52.363	  49.589
36	-233.643	23	  25.552	  50.870	  12.390
37	-232.796	20	 -18.549	  58.223	  49.966
38	-221.863	21	  -2.648	  70.907	  15.198
39	-216.998	20	 -19.929	  42.313	   9.133
40	-209.436	20	  21.236	  57.965	   0.968
41	-178.657	17	  16.715	  42.678	  36.990
42	-173.970	16	   6.870	  55.428	  -1.998
43	-169.224	16	  -1.837	  62.428	  47.970
44	-167.056	16	  -6.584	  49.433	   1.837
45	-161.539	16	  -3.115	  71.572	   4.615
46	-161.090	16	 -33.845	  69.128	  40.757
47	-142.393	14	  24.177	  64.771	  -0.544
48	-140.085	14	 -28.354	  47.281	  20.058
49	-130.651	13	   3.506	  42.763	   6.683
50	-116.475	9	  -2.302	  46.332	  23.536
51	-113.295	10	   8.679	  34.926	  12.625
52	-108.247	11	  -6.624	  40.038	  39.831
53	-108.001	11	  19.726	  78.133	  12.356
54	-106.163	10	  26.952	  73.706	   8.627
55	-103.615	11	  13.596	  74.259	   1.390
56	-103.063	10	  23.424	  43.210	  18.980
57	 -98.961	10	  -0.308	  35.636	  38.082
58	 -97.401	9	 -36.064	  58.232	  30.518
59	 -95.118	10	 -21.582	  71.944	  46.553
60	 -93.548	9	  -3.874	  37.245	   7.768
61	 -93.298	9	   4.539	  30.935	  18.068
62	 -86.825	9	  -5.753	  69.228	  44.824
63	 -80.325	8	 -26.327	  66.255	  51.825
64	 -76.234	7	   6.707	  76.763	  11.987
65	 -75.152	7	 -14.991	  74.490	  38.025
66	 -66.973	7	  -7.949	  72.099	  28.677
67	 -63.006	6	 -12.665	  33.746	  34.480
68	 -62.269	6	 -34.487	  64.251	  25.519
69	 -60.295	6	  27.819	  67.917	  22.831
70	 -60.075	6	  17.816	  39.080	  10.497
71	 -58.552	6	 -13.320	  63.475	  50.944
72	 -57.907	6	  13.676	  76.906	  16.838
73	 -54.633	5	   0.133	  45.450	  -1.366
74	 -51.478	5	 -27.239	  74.246	  38.034
75	 -50.321	5	  -4.665	  42.461	  48.014
76	 -49.631	5	  11.653	  53.415	  42.825
77	 -47.756	5	  -7.861	  29.829	  27.229
78	 -47.029	5	  23.552	  50.170	  26.416
79	 -39.103	4	  33.333	  55.769	  14.350
80	 -39.078	2	 -21.665	  46.733	  30.825
81	 -38.389	4	  22.385	  76.139	   1.212
82	 -32.637	3	  25.335	  43.938	   8.480
83	 -31.605	3	  33.006	  62.575	  10.186
84	 -29.418	3	 -37.928	  59.023	  39.996
85	 -28.934	3	   6.335	  63.914	  43.139
86	 -28.800	3	   4.010	  74.246	  20.836
87	 -28.497	3	 -16.355	  31.246	  24.816
88	 -28.189	3	 -37.986	  50.885	  32.825
89	 -21.377	2	   2.495	  61.986	  -3.595
90	 -20.038	2	 -22.932	  50.432	  51.918
91	 -19.604	2	 -29.129	  39.710	  38.289
92	 -10.001	1	   0.335	  53.246	  50.825
93	  -9.900	1	  30.335	  62.246	  17.825
94	  -9.755	1	  12.335	  50.246	  -3.175
95	  -9.693	1	 -12.665	  66.246	   5.825
96	  -9.041	1	  12.335	  32.246	  18.825
