1	-1658.319	147	  -7.591	  17.526	  25.058
2	-1133.898	101	 -12.156	  14.703	  31.425
3	-382.341	34	  -3.551	  19.371	  51.748
4	-308.577	29	 -25.820	  23.265	  32.389
5	-290.560	27	  -0.647	  29.360	  47.242
6	-287.964	27	  -5.763	  34.524	  25.190
7	-284.759	27	 -11.779	   5.785	  26.912
8	-275.406	23	 -16.959	  13.139	   3.715
9	-263.355	24	 -21.997	  10.610	  25.845
10	-248.540	22	 -18.103	  21.485	  39.668
11	-248.067	22	 -25.521	  14.930	   8.626
12	-242.282	21	  -9.795	  25.227	  15.434
13	-226.562	20	   2.164	  10.633	  40.827
14	-214.172	19	   0.344	  12.020	  27.668
15	-208.156	20	   2.617	  26.919	  30.213
16	-194.297	19	 -14.324	  23.374	   8.916
17	-188.677	16	 -10.024	   3.730	  14.204
18	-181.835	19	 -24.558	  28.339	  11.963
19	-174.728	17	 -18.060	  37.848	  33.824
20	-174.178	15	 -16.983	  32.817	  16.871
21	-174.029	17	 -24.095	  34.621	  22.123
22	-160.575	16	 -14.197	  24.545	  45.276
23	-156.564	13	 -19.705	  31.402	  38.638
24	-155.379	16	 -21.832	   4.460	   9.552
25	-149.904	13	  -1.019	  36.173	  37.417
26	-136.986	14	  -3.972	   4.136	  22.843
27	 -99.036	10	 -10.788	   6.329	   3.454
28	 -97.540	8	 -30.865	  19.418	  17.748
29	 -94.952	10	 -24.737	   5.421	  18.812
30	 -93.990	9	   4.628	  17.066	  32.525
31	 -84.905	8	 -12.052	  35.083	  43.838
32	 -81.701	8	 -29.101	  19.711	  26.732
33	 -75.100	7	 -29.865	  12.714	  23.147
34	 -67.298	7	  -2.293	   5.396	  33.812
35	 -56.540	6	 -12.762	  16.456	  41.378
36	 -53.246	5	   5.699	  18.153	  47.936
37	 -51.472	5	   7.083	  25.617	  46.690
38	 -49.540	5	   1.508	  12.136	  51.316
39	 -45.909	5	  -3.256	  10.126	  10.343
40	 -39.856	4	   8.130	  24.493	  37.782
41	 -37.843	4	  -0.382	  11.065	  18.973
42	 -18.735	2	  -6.365	   6.541	  44.720
43	 -18.045	2	  -8.374	  16.541	   5.216
44	  -9.267	1	  -8.870	  39.541	  33.720
45	  -9.073	1	 -30.870	  27.541	  21.720
46	  -8.966	1	 -27.870	  31.541	  32.720
47	  -8.908	1	 -32.870	  10.541	  15.720
