1	-1546.502	147	 -21.057	  25.886	  -3.379
2	-1263.068	112	 -12.275	  -5.246	  17.539
3	-1221.852	94	 -15.753	  14.885	   8.956
4	-1201.169	111	 -12.546	  35.456	  -4.064
5	-1105.211	79	 -24.771	  57.701	   9.022
6	-1065.791	84	 -26.449	  42.951	 -21.999
7	-1064.598	97	 -15.525	  39.882	 -15.395
8	-1036.973	76	 -19.779	  11.769	  -4.997
9	-1023.354	72	 -26.697	  55.364	  -6.045
10	-934.024	87	  -4.744	  57.787	 -12.871
11	-880.125	72	 -23.179	  44.868	  18.038
12	-851.187	80	 -11.614	  25.374	  28.179
13	-840.787	77	 -26.810	  35.399	  17.074
14	-838.484	72	   0.246	   6.232	  14.339
15	-834.214	71	 -10.894	  47.666	  16.145
16	-803.521	76	 -13.037	  35.302	 -24.070
17	-782.646	63	 -19.578	  -1.400	 -20.905
18	-774.836	73	  -6.425	  38.992	 -15.448
19	-767.237	62	 -14.216	  54.551	 -15.529
20	-762.554	71	  -0.248	  17.042	 -16.323
21	-734.684	62	  -8.141	  12.208	 -16.585
22	-728.967	59	  -0.571	  15.920	  22.278
23	-688.836	62	 -11.889	  32.158	 -14.032
24	-671.710	62	 -23.427	  62.270	   3.357
25	-647.120	60	  -9.037	  27.697	   7.451
26	-640.509	54	  -7.266	   0.256	 -15.169
27	-634.584	61	 -29.559	   2.109	  -3.375
28	-620.859	55	 -31.541	  54.304	  -0.606
29	-618.542	58	 -38.344	  47.086	  -5.457
30	-614.860	56	 -44.016	  45.915	  17.479
31	-576.886	51	 -15.742	  19.113	   3.254
32	-567.600	53	 -13.350	  32.009	  37.788
33	-562.821	51	 -17.286	  69.399	   8.169
34	-553.818	47	 -10.686	  57.758	  23.487
35	-539.670	49	 -23.381	   9.554	   0.984
36	-526.938	48	 -31.481	   0.939	  19.517
37	-524.286	50	 -20.141	  33.870	 -26.085
38	-524.227	48	 -15.529	  74.882	 -13.121
39	-521.440	50	 -32.209	  65.667	 -25.677
40	-513.791	45	 -15.528	  -2.615	  -8.192
41	-488.203	46	  -9.780	  36.121	  18.077
42	-462.305	43	 -30.470	   5.928	 -24.005
43	-447.793	42	 -29.684	  18.984	 -23.978
44	-441.844	41	 -15.531	  30.215	  25.057
45	-436.609	40	 -14.859	  63.863	  32.054
46	-428.982	36	 -11.085	   4.010	  18.689
47	-419.580	39	 -33.815	  46.910	 -29.773
48	-399.458	38	 -18.714	  64.143	  44.179
49	-398.309	37	 -17.816	  76.435	 -23.181
50	-397.653	38	 -13.686	  35.160	   5.711
51	-397.247	36	   5.143	   8.737	 -28.447
52	-394.665	37	 -34.533	   0.682	   9.854
53	-386.199	37	 -20.638	  22.451	  27.723
54	-380.901	34	  -2.260	  -2.935	 -26.343
55	-376.278	36	 -30.859	   5.169	 -39.177
56	-375.668	35	 -23.015	  66.605	  27.730
57	-364.105	35	 -21.709	  31.527	   4.176
58	-356.779	34	 -33.967	  63.088	  28.249
59	-351.713	33	   3.291	  -4.560	  16.397
60	-351.167	32	  -4.967	  35.812	  -9.046
61	-345.084	33	   2.254	   0.233	 -17.763
62	-340.695	30	  -2.564	  22.556	  31.945
63	-339.141	31	   0.881	  66.295	 -17.913
64	-339.108	33	 -37.801	  55.959	   7.377
65	-334.136	28	 -20.338	  42.677	 -10.789
66	-320.752	29	   2.954	  26.773	 -21.124
67	-313.525	28	   0.183	  48.554	 -25.324
68	-307.874	28	  -8.304	   0.977	 -45.503
69	-299.414	28	  -2.346	 -10.979	  26.127
70	-295.798	28	   2.459	   8.910	 -14.643
71	-290.027	27	 -28.222	  11.239	   9.544
72	-275.265	27	 -26.141	  67.697	  -4.583
73	-274.782	25	 -26.671	  39.843	  -8.208
74	-272.977	26	 -32.763	  51.051	 -42.010
75	-272.063	27	 -24.691	  19.905	 -12.759
76	-264.056	26	 -34.507	  59.898	  17.514
77	-264.023	25	 -24.660	  45.041	  46.714
78	-263.682	25	 -16.041	  76.628	  -2.814
79	-258.426	23	 -12.746	  42.200	  47.038
80	-258.056	24	 -18.066	  37.433	 -33.040
81	-255.938	25	 -31.781	   4.834	  30.845
82	-255.871	22	 -17.438	  -3.601	 -38.377
83	-255.769	25	  -5.919	  30.764	 -26.246
84	-253.924	22	 -21.711	 -13.032	  22.582
85	-252.372	23	 -12.857	 -17.737	   2.682
86	-251.137	24	 -28.625	  65.388	 -14.112
87	-247.640	23	 -35.879	  55.050	 -24.323
88	-241.789	24	 -40.658	  37.851	  27.864
89	-240.762	21	  -8.936	  58.297	  10.547
90	-237.618	23	 -20.087	  27.120	  33.443
91	-234.732	22	  -9.767	  53.067	  42.108
92	-233.882	23	 -15.315	  54.421	 -45.987
93	-232.475	23	 -23.111	  16.624	  18.930
94	-226.466	22	  -7.367	  72.378	 -25.323
95	-225.363	19	 -27.112	  -0.935	 -29.552
96	-220.425	20	   4.863	  56.841	   1.046
97	-217.802	21	 -14.574	  13.387	  46.659
98	-214.020	20	 -12.915	  13.583	 -44.409
99	-213.649	19	 -35.765	  30.289	  20.357
100	-213.129	20	  -4.227	  21.531	  43.739
101	-212.672	20	  -4.006	  49.962	 -14.558
102	-209.094	19	  -2.663	  43.358	 -33.738
103	-206.742	21	 -26.318	  -7.082	  30.464
104	-205.233	18	 -22.087	  41.407	 -39.599
105	-205.088	18	   4.283	   1.379	  45.380
106	-204.974	18	  12.711	  17.781	  -2.503
107	-200.315	19	 -19.153	  35.334	  16.202
108	-192.780	19	  -8.086	  77.028	  -6.631
109	-191.781	19	   0.374	  16.555	   8.293
110	-191.236	18	 -16.396	  25.422	  17.897
111	-190.849	18	   2.426	   1.370	 -36.450
112	-184.840	18	   3.041	  -8.356	  35.159
113	-183.552	17	 -25.129	  67.234	  17.673
114	-183.378	18	  -5.194	  47.750	   1.918
115	-181.147	17	 -33.075	  -7.790	  12.600
116	-179.754	17	 -25.213	  18.130	  31.751
117	-179.029	17	 -29.124	  56.764	  46.054
118	-178.458	17	 -45.112	  51.077	  28.926
119	-175.989	16	  -5.821	  47.891	  35.707
120	-173.070	16	 -45.400	  37.874	   9.176
121	-173.015	17	 -24.589	  15.329	 -42.233
122	-170.686	16	  -3.422	  -6.904	  10.742
123	-169.499	17	 -16.015	 -18.825	  16.175
124	-167.026	16	   5.111	  12.638	  40.035
125	-165.158	15	 -11.186	  43.912	 -45.105
126	-163.436	14	 -29.525	  10.130	 -12.763
127	-162.690	16	 -30.676	  34.834	  -9.997
128	-154.799	15	 -30.514	  25.035	  17.007
129	-147.545	12	   4.724	  -0.369	  23.084
130	-146.321	14	 -26.442	  60.949	 -43.386
131	-145.747	14	   2.906	  68.232	  -2.527
132	-142.001	14	  -7.492	   2.846	  47.622
133	-141.917	14	   4.519	   9.971	   1.066
134	-141.772	14	  -5.960	  49.401	  22.589
135	-140.104	14	 -22.320	  17.928	  41.308
136	-139.903	13	 -23.571	 -17.176	   6.894
137	-136.929	14	 -25.738	 -13.319	  -2.578
138	-134.375	13	 -30.074	  20.792	 -35.854
139	-131.070	12	 -35.866	  55.865	 -15.361
140	-130.686	13	 -25.725	   5.815	  39.277
141	-130.346	12	 -11.382	  63.316	 -39.049
142	-129.509	12	 -44.695	  44.746	   5.790
143	-127.785	12	 -32.938	  41.825	  40.793
144	-126.553	12	 -36.402	  31.999	  -5.504
145	-125.891	13	 -19.057	  50.215	  51.349
146	-123.952	12	  10.023	  22.788	 -17.907
147	-122.285	12	 -37.284	  28.590	   4.309
148	-121.952	11	 -36.140	  64.406	 -32.839
149	-120.473	10	  -7.353	  41.379	  25.969
150	-118.647	12	 -28.741	  21.683	   1.994
151	-116.766	11	 -28.772	  68.899	  38.117
152	-116.756	11	 -10.381	  -6.102	 -33.483
153	-116.299	12	  -5.569	  38.376	  33.081
154	-114.067	10	 -35.665	  12.660	 -32.297
155	-111.365	11	   8.088	  28.916	  -5.807
156	-110.172	11	   3.645	   4.182	  -3.151
157	-108.566	11	   2.460	  12.056	 -38.729
158	-108.314	11	  -8.160	  36.657	 -29.749
159	-107.295	11	 -18.748	  70.674	 -34.632
160	-106.226	11	 -23.047	  73.653	  -7.483
161	-101.365	10	   7.363	  -8.889	  25.398
162	-101.310	10	 -10.392	  25.297	  42.067
163	-101.024	10	 -30.587	  67.750	 -37.413
164	-100.630	10	   7.942	  17.368	 -28.640
165	 -98.896	10	  -3.864	   8.486	  50.563
166	 -98.581	10	 -10.419	  21.286	 -40.191
167	 -98.572	10	 -38.007	  56.127	 -38.356
168	 -97.026	9	   3.061	  65.304	   6.203
169	 -95.043	9	 -18.967	  26.909	 -34.582
170	 -94.509	7	 -16.247	  55.152	  26.425
171	 -93.133	9	  -3.123	  46.751	  -7.236
172	 -92.280	9	 -10.717	  -5.895	 -20.628
173	 -91.000	9	 -20.382	  27.853	 -13.440
174	 -89.964	8	 -15.478	  -4.237	  42.850
175	 -87.608	9	  -4.570	  63.676	  12.812
176	 -86.246	9	 -28.899	  10.722	  19.302
177	 -85.244	9	  -5.803	  74.064	   3.174
178	 -84.369	8	  -2.414	  -4.779	   2.675
179	 -83.703	9	  -9.457	  -9.162	   2.071
180	 -83.143	8	   4.941	  16.144	  -7.171
181	 -80.861	8	  -0.099	  55.442	 -35.434
182	 -80.256	8	   4.158	  22.873	   9.509
183	 -79.787	8	 -23.466	  30.919	  39.129
184	 -78.090	8	 -27.122	  27.768	 -17.837
185	 -78.031	8	 -17.855	   6.309	 -48.838
186	 -77.031	7	   5.454	   7.337	  20.495
187	 -76.541	8	   5.889	  -1.091	 -28.344
188	 -76.017	8	   7.611	  11.386	  29.345
189	 -69.758	7	  -1.757	  34.278	  -0.623
190	 -69.103	7	 -44.628	  52.898	   6.825
191	 -64.246	5	 -16.835	  45.461	 -21.165
192	 -63.180	6	 -25.405	  -0.700	 -39.724
193	 -62.576	6	   9.415	   5.305	  32.290
194	 -62.553	6	  -7.087	  31.629	  29.127
195	 -61.758	6	 -35.744	  60.726	  40.605
196	 -61.419	6	   8.902	  -3.887	  37.299
197	 -61.283	6	 -10.207	 -16.524	  27.931
198	 -60.428	6	   6.460	  62.202	 -11.428
199	 -59.874	6	  -1.723	  38.122	 -25.121
200	 -59.859	6	  -6.226	  -4.055	  -3.858
201	 -58.633	6	   7.947	  30.602	 -15.063
202	 -58.445	6	   3.245	  71.124	 -10.404
203	 -58.096	6	 -24.734	 -18.061	  16.294
204	 -56.733	6	  -2.913	  66.928	 -32.249
205	 -54.607	5	 -13.369	 -10.255	   9.240
206	 -53.404	5	 -39.774	  49.667	  36.896
207	 -52.803	5	  -7.664	 -11.892	  36.908
208	 -51.823	4	 -22.656	  54.092	 -19.920
209	 -51.745	5	 -38.647	  26.491	  13.893
210	 -50.962	5	 -17.548	   2.941	  42.742
211	 -49.475	5	  -2.458	  75.675	 -12.883
212	 -48.713	5	 -14.969	  -6.906	 -26.939
213	 -48.031	5	   2.579	  30.462	   6.480
214	 -47.695	5	 -28.849	  75.257	 -21.468
215	 -46.640	5	 -30.653	 -12.518	  18.848
216	 -42.268	4	   8.762	  -1.721	  29.600
217	 -41.047	4	   4.264	  55.574	 -24.239
218	 -40.284	4	 -23.963	  -8.471	  -8.724
219	 -38.859	4	  10.967	  25.516	   2.550
220	 -38.196	4	 -32.726	  -8.247	   4.788
221	 -37.805	4	 -27.238	   6.301	 -49.224
222	 -35.885	3	 -18.238	  13.151	 -20.597
223	 -31.344	3	 -27.588	  26.971	  30.661
224	 -30.420	3	  -5.313	  47.353	 -42.097
225	 -30.184	3	 -43.238	  35.953	   0.968
226	 -29.562	3	 -32.238	  14.965	  26.863
227	 -28.950	3	 -36.498	  34.046	  33.784
228	 -28.916	3	 -45.621	  53.278	  16.654
229	 -28.794	3	   0.762	  33.561	 -18.762
230	 -28.404	3	 -42.555	  32.278	  17.661
231	 -28.014	3	  -4.564	  26.601	  18.971
232	 -27.981	3	 -37.238	   8.285	  25.287
233	 -27.698	3	  -5.873	  17.601	  52.619
234	 -20.723	2	 -20.347	  59.723	  52.831
235	 -20.063	2	  13.762	  23.745	 -10.724
236	 -19.891	2	 -29.238	  52.784	 -50.724
237	 -19.587	2	 -43.755	  59.278	  26.759
238	 -18.896	2	 -30.238	  62.768	  10.276
239	 -18.858	2	 -16.238	  70.278	  37.760
240	 -18.665	2	 -12.734	  18.286	  19.772
241	 -18.354	2	  -5.238	  52.785	  30.276
242	 -18.005	2	  -2.732	  26.784	 -34.214
243	 -17.991	2	 -27.739	  45.277	 -44.720
244	 -10.782	1	 -22.238	  80.278	 -16.724
245	 -10.310	1	  -4.238	  29.278	  37.276
246	  -9.820	1	 -31.238	   0.278	 -10.724
247	  -9.788	1	 -15.238	  70.278	  17.276
248	  -9.458	1	 -36.238	  45.278	 -19.724
249	  -9.280	1	  -2.238	  -4.722	  45.276
250	  -9.176	1	 -18.238	 -20.722	  -2.724
