1	-1017.553	87	  38.055	  41.935	 104.457
2	-1012.904	96	  45.257	   7.924	 102.759
3	-985.155	85	  20.490	  24.965	 116.754
4	-907.928	77	  34.622	  13.850	 107.886
5	-900.978	71	  42.459	  29.643	 134.987
6	-886.808	71	  38.174	   5.723	 125.013
7	-861.336	75	  44.655	  16.108	 108.134
8	-796.542	71	  57.153	   5.195	 112.201
9	-778.912	63	   4.142	  39.525	 125.976
10	-730.829	65	  25.751	  21.690	 147.433
11	-694.788	58	  47.606	  18.078	 120.366
12	-659.053	61	  22.316	  49.629	 107.209
13	-651.154	57	   8.712	  37.084	 117.518
14	-644.805	60	  24.811	  20.374	 113.251
15	-620.998	55	  32.581	   5.984	 140.616
16	-584.965	52	  45.114	  27.446	 104.466
17	-583.437	51	  -0.028	  29.112	 128.945
18	-583.355	52	  14.040	  14.948	 144.544
19	-561.503	49	  34.602	   2.677	 110.517
20	-553.792	48	  43.169	  16.977	 140.768
21	-543.660	47	   5.381	   3.773	 138.292
22	-532.297	50	  16.700	  37.630	 110.150
23	-526.301	49	  24.115	  -0.217	 127.271
24	-508.992	46	  35.321	  -4.394	 123.797
25	-493.625	35	  17.143	   6.838	 114.783
26	-490.104	41	  40.674	  42.232	 131.205
27	-486.341	44	  12.858	  -4.145	 114.494
28	-486.000	41	  19.379	  34.585	 140.322
29	-459.153	42	  26.353	  30.353	 143.079
30	-453.439	38	   7.200	  37.073	 142.712
31	-444.975	36	  14.777	  28.893	 144.796
32	-423.948	37	  46.321	  46.493	 112.467
33	-401.668	37	  26.428	  52.420	 133.264
34	-397.565	36	  24.179	   6.537	 109.770
35	-359.991	30	  46.292	 -16.571	 126.789
36	-356.925	34	  64.944	   4.482	 120.529
37	-350.270	32	  48.631	  10.040	 135.212
38	-344.584	30	  13.883	  -4.105	 136.623
39	-342.676	31	  38.291	  -5.069	 108.931
40	-331.116	30	  38.187	  56.049	 115.216
41	-330.578	29	  42.875	   2.825	 136.022
42	-330.269	27	  36.590	   0.596	 132.966
43	-327.206	22	  32.350	  15.440	 130.802
44	-311.056	27	  19.933	  40.901	 136.743
45	-309.322	27	  40.580	  24.072	 140.856
46	-308.818	30	  42.420	 -11.133	 117.374
47	-305.333	29	  59.785	  -3.666	 116.961
48	-302.077	28	  69.407	  -6.176	 140.660
49	-300.853	28	  44.779	  -8.243	 108.192
50	-300.049	30	  30.753	  54.099	 109.732
51	-295.738	29	  23.237	  42.580	 102.296
52	-294.423	29	  30.184	  60.787	 128.738
53	-276.050	23	  45.359	  44.443	 121.030
54	-257.668	23	  38.097	  14.433	  98.150
55	-256.869	22	  55.811	  -1.630	 139.490
56	-252.290	25	   1.864	  11.199	 117.237
57	-251.070	22	  34.071	  35.656	 144.512
58	-244.321	23	  30.370	  -6.132	 116.482
59	-236.885	23	  50.873	  -6.104	 115.852
60	-229.883	19	  23.948	  -1.878	 118.571
61	-229.550	19	  46.155	  22.170	 128.617
62	-227.146	20	   0.514	  36.909	 136.374
63	-219.362	21	  49.769	 -13.672	 119.163
64	-217.632	21	  49.642	  15.619	 128.939
65	-217.109	18	  12.322	   5.686	 139.612
66	-215.901	19	  55.677	 -17.138	 129.163
67	-213.125	20	  38.235	  30.539	  97.019
68	-207.327	19	  49.973	  -6.687	 138.521
69	-205.250	12	  20.742	  32.522	 119.566
70	-200.086	19	  24.915	  -2.331	 140.741
71	-198.669	19	   9.608	  55.035	 136.803
72	-191.808	19	  37.993	  21.742	  95.608
73	-185.737	17	  39.792	  -7.947	 132.562
74	-179.815	16	   7.052	  48.312	 123.640
75	-177.513	15	  49.882	  36.873	 111.070
76	-176.451	13	  47.647	  -1.488	 123.245
77	-172.989	16	  36.564	  14.923	 145.628
78	-169.830	16	   4.391	  29.551	 114.372
79	-169.070	17	  -2.669	  15.934	 129.682
80	-158.946	15	   2.147	  -3.402	 129.251
81	-158.047	16	  38.387	  53.772	 129.779
82	-152.080	15	  23.938	  61.267	 119.850
83	-150.694	14	  14.974	  48.469	 115.230
84	-146.587	13	  51.618	   1.433	 134.351
85	-144.025	12	  73.640	  -5.437	 132.669
86	-143.544	14	   6.201	  25.672	 143.530
87	-140.842	13	   2.261	  47.030	 138.178
88	-140.458	13	   0.320	  15.098	 137.641
89	-135.650	11	   5.811	  -6.408	 121.877
90	-133.646	12	  12.823	  55.161	 122.679
91	-128.676	12	  55.041	 -11.707	 141.069
92	-127.647	12	  22.578	  57.736	 136.286
93	-126.229	11	  31.135	  50.734	  98.398
94	-125.955	12	  38.312	  43.705	 139.864
95	-125.152	9	  44.340	  33.739	 125.526
96	-121.949	11	  19.075	   5.113	 146.185
97	-119.110	12	  68.625	   8.813	 108.729
98	-118.653	12	  -4.394	   7.759	 127.962
99	-116.550	12	   1.944	  21.471	 115.744
100	-116.046	12	  49.833	  23.713	 112.551
101	-113.243	12	  67.156	 -11.462	 127.597
102	-113.088	11	  64.223	 -10.798	 143.381
103	-110.688	11	  58.730	  12.121	 119.467
104	-109.672	11	  12.263	  46.042	 141.034
105	-109.556	10	  46.469	  -4.501	 100.796
106	-109.136	11	  48.111	  15.408	 101.110
107	-106.907	11	  62.293	 -14.356	 133.300
108	-104.524	11	  51.221	  10.653	  93.000
109	-104.216	10	  17.318	  16.390	 150.683
110	-101.349	10	  48.100	 -16.989	 136.566
111	 -96.665	9	  40.392	  11.772	  86.174
112	 -88.736	9	  39.158	  42.131	  95.383
113	 -87.591	9	  35.514	  25.139	 147.698
114	 -86.820	5	  33.427	  29.387	 129.124
115	 -83.829	8	  31.975	  27.625	 105.037
116	 -77.812	7	  41.879	   2.711	  98.375
117	 -72.535	7	  53.466	   2.535	 106.026
118	 -69.577	7	  49.582	  27.848	 124.436
119	 -69.349	7	  -0.978	  37.989	 119.840
120	 -69.186	7	  14.053	  -8.695	 125.280
121	 -67.898	7	  70.252	  -3.718	 120.920
122	 -67.660	6	   7.468	  54.884	 127.998
123	 -66.967	7	   1.963	  -1.125	 117.887
124	 -58.523	5	  42.960	  37.011	 100.709
125	 -58.022	6	  10.057	  11.797	 110.894
126	 -55.327	4	  37.434	  41.945	 112.709
127	 -49.870	4	  27.160	  31.853	 108.838
128	 -49.123	5	   7.392	  11.126	 141.133
129	 -38.223	4	  -7.885	  17.288	 121.189
130	 -38.177	4	  70.890	   5.260	 138.969
131	 -34.280	2	  36.595	  35.610	 130.031
132	 -29.849	3	  49.595	  18.612	  93.382
133	 -29.667	3	  10.280	   2.663	 110.709
134	 -29.295	3	  44.583	   5.288	  85.381
135	 -28.661	3	  18.257	  62.950	 131.050
136	 -28.050	2	  16.199	   5.288	 127.313
137	 -27.910	3	  63.595	   5.610	 103.374
138	 -27.033	3	  29.590	  42.623	  93.709
139	 -23.816	2	   7.204	  28.897	 121.709
140	 -20.011	2	  12.595	  18.755	 110.709
141	 -19.810	2	  37.595	 -12.205	 126.202
142	 -19.744	2	  36.595	  63.288	 123.232
143	 -18.816	2	   0.134	  42.319	 144.232
144	 -18.526	2	  30.113	  46.806	 137.191
145	 -18.137	2	  74.595	   1.790	 128.709
146	 -18.124	2	  26.595	   3.791	 147.709
147	 -14.190	1	  30.595	  30.288	 118.709
148	 -11.896	1	  42.595	  21.288	 114.709
149	 -10.895	1	  52.595	  36.288	 118.709
150	 -10.731	1	  26.595	  39.288	 142.709
151	 -10.475	1	  29.595	  35.288	  98.709
152	  -9.848	1	  69.595	  -3.712	  98.709
153	  -9.736	1	  78.595	   0.288	 135.709
154	  -9.391	1	  56.595	   9.288	 134.709
155	  -9.352	1	  52.595	  14.288	 107.709
156	  -9.279	1	  19.595	  54.288	  99.709
