1	-833.528	61	  28.799	  13.475	  17.815
2	-459.710	42	  35.735	  13.481	  29.032
3	-401.269	34	  36.745	  17.686	  37.010
4	-374.488	33	  21.593	   8.120	  13.701
5	-354.298	30	  16.131	  25.730	  10.192
6	-351.943	32	  18.945	  13.504	  39.126
7	-341.057	30	  27.506	  10.511	  27.194
8	-277.991	26	  32.827	  30.623	  42.013
9	-254.667	22	  26.842	  34.665	  16.512
10	-245.885	22	   8.737	  28.709	  18.366
11	-242.226	24	  11.515	  28.615	  38.186
12	-239.499	23	  36.629	   9.859	  17.763
13	-225.088	22	  25.783	  25.230	  44.977
14	-208.214	13	  32.991	  29.498	  31.859
15	-195.694	19	  11.618	  10.541	  29.587
16	-191.521	18	  14.302	  32.793	  28.198
17	-179.513	17	  19.473	   8.166	  27.686
18	-176.418	15	  16.451	  34.453	  15.096
19	-170.783	16	   7.681	  19.640	  20.066
20	-163.733	16	  14.904	  10.759	   9.033
21	-159.140	15	  28.072	  13.314	   1.757
22	-138.822	13	  33.128	  37.638	  29.973
23	-137.024	12	  41.680	  21.335	  17.290
24	-134.584	13	  27.033	  13.278	  40.961
25	-126.163	12	  37.049	  29.050	  13.176
26	-113.596	11	  38.479	  15.899	   6.784
27	-104.172	10	  21.704	  36.122	  27.681
28	 -95.434	9	  32.976	  34.045	  22.659
29	 -95.082	9	  27.588	  26.271	   3.947
30	 -68.497	7	  17.464	  14.916	   0.379
31	 -58.151	6	  44.340	  19.310	  24.805
32	 -57.667	6	  12.751	   5.632	  22.260
33	 -48.985	5	   5.821	  18.907	  31.540
34	 -48.073	5	  23.664	  38.237	  34.503
35	 -47.998	5	  43.431	  28.469	  32.049
36	 -43.466	3	  31.856	  18.867	   9.428
37	 -38.175	4	  20.856	  33.826	  42.504
38	 -28.550	3	   6.705	  29.538	  29.858
39	 -22.988	2	  14.856	  22.638	  44.127
40	 -19.272	2	  20.856	  34.147	   7.201
41	 -18.538	2	  29.832	  32.144	   8.680
42	 -12.612	1	  16.856	  16.638	  17.692
43	 -10.390	1	  44.856	  20.638	  33.692
44	  -8.958	1	  45.856	  12.638	  19.692
