1	-673.300	59	  -5.170	  34.032	  16.896
2	-423.284	40	  25.158	  26.153	  10.858
3	-379.863	35	   7.801	  15.819	  19.282
4	-337.156	32	   2.475	  35.041	  27.011
5	-320.396	29	  -3.976	  26.350	  23.098
6	-256.514	26	  19.953	  40.537	  12.043
7	-250.666	24	   3.391	  30.718	  -2.597
8	-246.815	23	  16.505	  15.408	  13.189
9	-240.727	23	  -3.478	  21.844	  12.397
10	-221.346	22	   7.911	  42.595	   7.137
11	-188.085	19	  21.148	  33.125	  -1.119
12	-181.231	18	  23.111	  35.274	  19.267
13	-180.476	16	  22.202	  25.446	  23.395
14	-148.466	15	  -0.087	  40.657	  -1.090
15	-137.744	14	  18.823	  23.424	  -3.524
16	-116.473	12	   9.924	  23.306	  -1.495
17	-103.103	10	  -0.930	  41.927	   7.578
18	-102.633	10	  18.985	  41.630	   3.854
19	 -98.094	10	  13.091	  17.144	   4.619
20	 -96.412	9	  12.407	  34.683	  -5.389
21	 -91.550	9	  -3.958	  45.203	  21.246
22	 -86.321	8	  11.884	  40.151	  20.466
23	 -84.391	8	   3.029	  42.088	  21.405
24	 -77.469	8	  -7.863	  42.153	  13.188
25	 -74.112	7	  -3.060	  25.639	   3.755
26	 -70.691	7	   1.532	  18.305	  21.225
27	 -57.239	6	  -8.435	  30.649	   7.399
28	 -41.757	4	  10.824	  32.471	  27.322
29	 -37.218	4	   9.902	  42.228	  -1.113
30	 -29.208	3	  -3.631	  34.219	  -2.410
31	 -27.925	3	  20.071	  35.854	  25.590
32	 -27.643	3	  13.044	  20.153	  28.565
33	 -19.986	2	 -10.131	  40.203	  22.090
34	 -19.716	2	  22.369	  18.738	  19.590
35	 -10.365	1	   4.369	  21.203	   4.590
