1	-1681.222	147	  19.114	  12.499	  13.021
2	-1333.892	108	  18.650	   5.802	  25.983
3	-1083.924	99	  24.844	 -23.257	  34.927
4	-1062.595	94	  42.599	 -11.277	  49.831
5	-788.334	59	  22.148	 -12.503	  40.186
6	-776.716	70	   9.503	  -9.807	  14.020
7	-702.064	65	  36.623	  -4.421	  24.967
8	-662.268	55	  21.213	 -25.328	  26.180
9	-642.751	55	  56.880	 -16.641	  51.107
10	-622.430	58	  61.875	 -13.159	  54.732
11	-596.104	51	  22.381	 -20.783	  14.605
12	-579.514	54	  25.654	  20.953	  33.333
13	-563.851	52	  18.390	   4.627	  35.118
14	-526.006	48	   8.166	  -0.669	  12.485
15	-477.941	44	  40.489	   6.708	  64.227
16	-470.302	39	  17.718	   4.154	   1.179
17	-461.205	40	  34.132	 -24.795	  31.243
18	-452.256	43	  33.466	 -25.516	  51.251
19	-451.186	43	   0.947	  -5.964	  35.918
20	-445.332	41	  10.673	  29.172	  34.877
21	-439.841	41	  28.151	  18.203	  23.727
22	-436.532	42	  58.094	 -29.973	  61.479
23	-426.780	37	  39.294	 -26.030	  65.254
24	-420.725	40	  63.408	 -14.655	  24.108
25	-415.155	33	  57.507	  -8.217	  28.997
26	-410.427	37	  36.164	  -2.580	  38.193
27	-409.274	39	   9.037	  19.944	  39.289
28	-399.106	39	  68.619	 -13.214	  55.588
29	-398.253	36	  70.896	 -16.131	  44.724
30	-395.037	36	  40.254	 -20.588	  75.084
31	-384.009	29	  25.484	   4.957	  20.690
32	-378.362	36	  62.800	 -25.191	  28.767
33	-377.886	33	   5.267	 -17.905	  28.459
34	-373.577	33	  28.947	  29.911	  15.087
35	-360.538	23	  51.099	 -23.612	  54.293
36	-354.583	33	  55.098	  -2.210	  62.920
37	-334.350	30	  35.286	 -12.487	  20.280
38	-316.145	29	  31.492	  11.509	  12.929
39	-314.238	27	  48.781	  -7.317	  75.944
40	-311.908	27	  30.533	 -21.638	  20.216
41	-303.322	28	  54.015	 -31.502	  36.539
42	-303.178	29	   6.637	   3.956	  35.910
43	-299.884	28	  67.684	 -28.709	  36.398
44	-275.708	27	  32.271	  17.715	  10.809
45	-273.053	25	  27.778	 -14.476	  68.987
46	-269.518	24	  66.814	 -22.692	  67.622
47	-267.876	22	   8.400	  24.667	  19.991
48	-258.455	23	  22.272	  13.739	  32.552
49	-257.613	23	   7.403	  -8.375	  41.366
50	-255.751	25	  30.611	  -6.958	  57.520
51	-250.947	25	  19.011	 -12.913	   2.246
52	-249.376	23	  30.667	 -15.184	  12.077
53	-244.111	21	  10.834	 -23.823	  35.593
54	-243.702	23	  38.051	  -2.978	  47.561
55	-241.495	21	  39.577	 -28.279	  41.769
56	-235.201	23	  60.794	 -32.693	  46.278
57	-233.543	23	  23.898	  28.189	   6.427
58	-227.612	22	  51.126	 -18.970	  25.912
59	-227.047	22	  25.768	 -17.383	  46.425
60	-224.175	20	  70.336	 -29.104	  43.982
61	-220.903	21	  49.728	 -28.947	  49.119
62	-216.593	20	  29.957	  -7.805	   9.091
63	-214.734	13	  44.727	 -22.000	  46.561
64	-214.244	19	  46.943	  -8.330	  44.629
65	-210.924	20	  27.522	 -19.501	  58.542
66	-208.804	20	  17.828	  24.406	  39.364
67	-207.429	19	  44.783	  -8.305	  27.169
68	-197.964	19	  49.246	 -14.324	  77.295
69	-194.425	18	  69.910	 -22.214	  51.287
70	-192.008	19	  18.565	  -2.712	  -3.624
71	-187.021	17	  27.723	  -3.330	  40.429
72	-186.102	17	  67.739	 -28.846	  56.988
73	-184.346	16	  24.468	  -9.186	   3.573
74	-181.278	16	  53.728	 -11.042	  46.625
75	-179.780	16	  23.510	  14.628	   6.720
76	-170.337	16	  12.608	  11.406	  16.610
77	-168.351	16	  72.670	  -6.710	  43.873
78	-167.595	14	  66.014	 -11.846	  75.264
79	-165.444	17	  53.735	  -9.326	  56.145
80	-163.023	16	   4.499	 -13.977	  20.329
81	-160.605	16	   4.908	   6.154	  22.147
82	-156.250	15	  25.550	  34.923	  10.646
83	-154.593	15	   6.281	 -18.740	  38.219
84	-154.060	15	   1.692	  23.247	  33.674
85	-151.968	14	  31.900	  -0.728	   7.572
86	-149.611	15	  71.491	 -16.229	  68.237
87	-146.567	14	  19.374	 -28.233	  36.848
88	-144.838	14	  56.975	 -24.496	  70.736
89	-144.713	13	  31.464	 -25.073	  66.905
90	-143.861	14	  54.742	  -1.041	  39.968
91	-141.750	14	  43.709	  -1.913	  34.031
92	-140.760	13	  14.718	  34.379	  15.491
93	-137.492	13	  36.040	  -2.177	  55.088
94	-121.529	12	   8.479	 -10.893	   0.457
95	-119.917	12	  42.511	 -27.924	  53.688
96	-119.390	12	  35.530	  -4.171	  80.032
97	-119.181	11	  48.954	   7.018	  58.195
98	-116.670	12	  40.370	 -21.970	  28.823
99	-113.618	11	  72.872	  -6.782	  31.144
100	-112.488	11	  31.471	  28.685	  27.685
101	-110.740	11	   8.020	  16.365	  19.673
102	-108.892	11	   3.582	  -3.923	   2.685
103	-108.248	11	  12.967	  -2.653	  41.092
104	-108.161	9	  60.665	  -7.059	  70.785
105	-106.744	11	  29.822	   0.183	  -1.716
106	-105.687	10	  45.881	 -28.991	  32.898
107	-102.949	10	  47.633	   4.487	  72.217
108	-102.173	10	  14.089	 -29.098	  26.654
109	 -99.788	8	  51.651	 -20.797	  75.382
110	 -99.263	10	  35.305	 -14.138	  77.970
111	 -90.158	9	  10.749	  32.591	  22.529
112	 -89.046	9	  22.429	  37.686	  25.359
113	 -83.346	8	   3.462	  -8.266	   9.410
114	 -83.113	8	  15.079	 -21.859	  17.837
115	 -81.781	5	  46.822	 -15.579	  40.071
116	 -79.312	8	  14.448	  20.770	  10.369
117	 -78.493	8	  32.331	   5.909	  29.967
118	 -78.472	8	   1.322	  -2.481	  19.873
119	 -75.041	8	  26.621	   9.165	   2.011
120	 -69.939	7	  42.002	  -7.931	  80.238
121	 -69.785	7	  31.959	  -1.157	  70.335
122	 -68.241	7	  47.383	 -30.800	  67.527
123	 -65.255	7	  65.221	   1.329	  34.666
124	 -59.800	6	  22.623	  32.436	  35.284
125	 -56.443	6	  62.144	 -21.603	  75.632
126	 -54.263	4	  60.841	 -17.637	  64.868
127	 -50.443	5	  63.971	   0.752	  45.689
128	 -49.881	5	  33.841	   2.909	  61.523
129	 -48.270	5	  46.890	  -6.238	  52.864
130	 -47.162	5	  52.832	  -2.087	  30.442
131	 -47.128	4	   3.146	  15.986	  30.518
132	 -41.736	4	  35.841	  25.174	  10.831
133	 -41.727	3	  25.325	 -15.810	  24.115
134	 -40.410	4	  43.545	   2.913	  51.087
135	 -40.020	4	  14.138	 -16.087	  43.538
136	 -39.913	4	  18.074	  14.682	  40.067
137	 -39.001	4	  49.974	   0.209	  55.741
138	 -33.735	3	  72.150	 -12.410	  24.515
139	 -30.014	3	  11.823	  26.913	  12.208
140	 -28.517	3	  38.853	   3.584	  15.521
141	 -27.621	3	  27.514	  -7.414	  66.827
142	 -27.597	3	  59.152	 -14.782	  78.167
143	 -27.369	3	  29.161	 -30.761	  35.143
144	 -22.107	2	  30.330	 -14.598	  37.327
145	 -20.005	2	  36.841	  10.913	  22.285
146	 -19.535	2	  11.325	  11.397	   6.838
147	 -19.521	2	  74.841	 -16.585	  59.838
148	 -19.211	2	  73.841	 -23.567	  30.838
149	 -19.017	2	  26.812	  -5.601	  50.838
150	 -18.724	2	  46.343	  -1.586	  41.835
151	  -9.294	1	  75.841	 -16.087	  36.838
152	  -9.141	1	  10.841	  13.913	  44.838
153	  -9.105	1	  37.841	   2.913	  74.838
154	  -9.023	1	  17.841	  37.913	   8.838
155	  -8.962	1	  39.841	 -28.087	  72.838
