1	-1281.745	101	 -24.730	 -19.867	 120.704
2	-1065.854	91	 -27.369	 -51.981	  99.116
3	-994.569	85	 -36.375	 -18.182	 101.275
4	-896.127	65	 -27.950	 -39.155	 102.411
5	-811.430	68	 -14.208	 -40.467	 117.265
6	-801.554	71	 -36.370	 -50.656	  92.353
7	-798.404	73	 -16.534	 -20.531	  86.610
8	-664.909	50	 -36.016	 -22.666	 119.497
9	-646.472	45	 -17.941	 -40.698	 107.079
10	-598.201	55	 -42.743	 -30.576	  90.655
11	-589.169	47	 -40.849	 -45.862	 100.033
12	-552.523	52	 -27.062	 -37.920	  68.799
13	-531.203	49	  -8.030	 -43.376	 124.668
14	-510.035	45	 -38.299	 -43.552	  85.331
15	-507.068	45	 -33.516	 -55.907	 124.404
16	-466.719	45	  -4.824	 -39.760	 107.927
17	-452.577	32	 -19.881	 -69.437	 111.590
18	-432.626	41	 -12.839	 -33.746	 129.247
19	-432.248	34	 -23.574	 -38.496	 128.153
20	-416.203	36	  -9.383	 -26.328	  80.895
21	-412.645	38	  -1.289	 -30.614	 119.243
22	-403.527	39	 -28.360	 -18.022	  81.544
23	-383.719	34	 -32.765	 -10.711	 111.230
24	-375.244	35	 -48.039	 -32.402	 104.467
25	-367.913	32	 -36.768	 -45.676	 126.012
26	-353.853	29	 -12.107	 -41.086	  75.063
27	-351.399	28	 -24.215	 -10.265	 120.416
28	-337.437	31	  -8.615	 -16.161	 101.675
29	-337.141	31	 -33.491	 -68.911	 112.214
30	-328.752	29	 -49.986	 -39.515	 114.223
31	-328.559	21	 -25.203	 -25.957	  96.472
32	-323.713	29	 -24.960	 -49.508	 136.393
33	-323.458	30	 -34.041	 -47.430	 133.106
34	-320.390	32	 -42.274	 -18.238	 114.065
35	-313.284	19	 -24.565	 -54.600	 127.178
36	-306.609	29	  -0.936	 -16.084	 119.551
37	-303.525	27	 -34.530	 -39.843	  77.073
38	-300.084	26	 -46.002	 -51.392	 117.910
39	-285.307	26	 -23.703	 -67.895	 126.438
40	-275.725	26	  -6.825	 -13.074	 114.971
41	-238.869	21	 -15.426	 -74.135	 122.516
42	-236.877	20	 -29.887	 -62.808	 124.590
43	-232.335	21	 -13.212	  -7.587	 114.771
44	-231.287	22	 -37.718	 -38.408	 134.105
45	-231.205	21	 -11.670	 -51.265	 103.628
46	-230.638	23	 -39.107	 -33.767	  77.525
47	-229.250	21	 -24.281	 -12.279	  89.866
48	-225.252	19	 -11.478	 -47.009	 116.164
49	-224.269	22	 -48.074	 -40.429	 122.801
50	-222.977	20	 -31.037	 -46.644	  77.405
51	-215.697	21	  -8.402	 -45.769	  94.865
52	-214.488	20	 -39.378	 -52.275	 121.551
53	-210.556	20	  -2.269	 -19.506	 107.225
54	-210.046	20	 -44.797	 -26.753	 125.566
55	-203.403	18	 -35.052	 -28.256	 127.804
56	-202.082	19	  -7.583	 -56.990	 132.172
57	-192.247	19	 -18.800	 -39.591	  70.192
58	-191.867	18	  -2.781	 -31.713	  90.184
59	-189.488	19	 -18.557	 -55.726	  89.003
60	-187.124	17	 -42.927	 -35.646	 127.123
61	-183.889	17	 -19.328	 -22.054	 128.238
62	-179.575	18	 -50.759	 -43.710	 104.086
63	-167.933	16	  -1.825	 -60.414	 121.950
64	-167.338	16	 -30.196	 -33.499	 132.038
65	-166.424	16	 -29.835	  -9.535	  96.895
66	-165.841	16	  -7.250	 -45.748	  86.639
67	-160.806	12	 -26.265	 -27.258	 124.027
68	-157.018	15	 -35.401	 -61.274	 106.480
69	-155.842	15	 -20.025	 -25.421	  67.734
70	-146.867	12	 -47.354	 -29.385	 113.138
71	-142.075	13	  -8.327	 -72.839	 115.133
72	-140.169	14	 -14.735	 -11.655	 125.476
73	-139.264	12	 -15.479	  -9.308	 102.865
74	-136.804	13	 -10.216	 -67.468	 108.109
75	-133.613	13	  -5.398	 -51.208	 114.461
76	-130.815	13	 -21.109	 -73.282	 118.043
77	-128.433	13	 -22.364	  -5.340	 112.412
78	-126.602	13	 -52.128	 -36.720	  99.724
79	-124.467	8	  -9.780	 -29.133	 115.767
80	-117.701	11	 -39.421	 -54.925	 104.398
81	-116.272	12	 -19.253	 -53.375	  77.937
82	-115.427	7	 -24.546	 -47.585	  92.172
83	-113.109	11	  -6.144	 -38.982	  90.641
84	-109.528	8	 -20.230	 -26.188	  90.276
85	-106.416	10	 -17.455	 -53.427	  98.335
86	-100.762	10	 -29.260	 -67.453	 102.004
87	 -99.423	10	 -29.388	 -27.108	  63.744
88	 -95.906	10	  -1.716	 -27.411	 126.045
89	 -91.293	9	 -50.195	 -40.139	  92.856
90	 -90.371	9	 -36.177	 -53.946	  81.296
91	 -88.958	9	 -30.208	 -40.706	 139.956
92	 -83.772	8	   2.480	 -27.685	 108.721
93	 -81.979	8	 -13.875	 -48.640	 136.742
94	 -75.355	7	  -6.083	 -16.862	  92.624
95	 -72.292	7	 -40.286	 -21.873	  81.880
96	 -71.797	7	  -8.534	 -59.848	 105.587
97	 -71.366	7	 -41.743	 -19.864	  89.578
98	 -70.023	5	 -28.986	 -40.758	 123.669
99	 -69.052	4	 -37.201	 -37.436	  93.746
100	 -63.865	6	  -7.566	 -15.954	 129.233
101	 -61.381	6	 -28.907	 -57.425	 132.772
102	 -60.674	6	 -50.397	 -48.405	 110.238
103	 -60.504	6	 -14.385	 -64.759	 133.225
104	 -56.232	6	 -18.414	 -40.270	 134.748
105	 -52.056	5	   2.206	 -23.444	 115.099
106	 -50.777	5	 -36.748	 -62.707	 119.134
107	 -50.068	5	 -22.154	 -45.868	  72.757
108	 -46.639	5	 -25.754	 -58.887	  82.958
109	 -41.068	4	 -21.014	 -20.790	  77.238
110	 -39.378	4	 -13.748	 -50.764	  91.274
111	 -39.313	4	  -6.748	 -26.989	 132.750
112	 -38.791	4	 -26.342	 -78.311	 107.312
113	 -38.591	4	 -10.275	 -55.770	  81.501
114	 -38.456	4	 -10.763	 -34.569	  69.225
115	 -36.885	4	 -32.271	 -23.757	  72.527
116	 -31.646	3	 -38.091	 -12.931	  93.746
117	 -28.584	3	  -1.422	 -63.616	 114.047
118	 -28.050	3	 -21.711	 -72.611	 102.431
119	 -24.696	1	 -23.748	 -45.268	 111.746
120	 -20.104	2	  -8.748	 -50.726	  75.746
121	 -19.762	2	 -50.748	 -33.268	 125.212
122	 -19.179	2	 -17.782	 -64.854	  97.229
123	 -19.032	2	  -5.748	 -76.354	 125.182
124	 -18.874	2	 -46.268	 -22.282	 106.773
125	 -18.817	2	 -14.255	 -13.767	  92.245
126	 -18.594	2	   2.252	 -29.781	  99.746
127	 -18.448	2	 -34.748	 -30.290	  68.735
128	 -17.978	2	  -4.249	 -36.268	 127.746
129	 -15.664	1	 -40.748	 -44.268	 107.746
130	 -11.784	1	 -23.748	 -55.268	 113.746
131	  -9.827	1	  -7.748	 -33.268	  77.746
132	  -9.653	1	  -3.748	 -68.268	 126.746
133	  -9.357	1	 -23.748	 -45.268	 102.746
134	  -9.143	1	 -30.748	 -74.268	 121.746
135	  -8.917	1	 -25.748	 -29.268	 106.746
