1	-1137.375	92	   7.830	  -6.113	   0.680
2	-1115.216	89	  15.933	   6.424	  29.570
3	-677.438	64	 -11.454	  -6.484	  32.491
4	-587.396	53	 -10.479	   6.338	  29.319
5	-562.731	51	  15.155	  -1.371	  34.787
6	-553.601	42	  19.929	  18.948	  21.647
7	-551.028	44	   0.797	   7.808	  -1.758
8	-550.071	48	  33.620	  -0.406	  -1.027
9	-530.063	49	  10.745	 -14.949	   2.319
10	-527.974	48	  -7.154	  -8.569	  19.637
11	-521.161	48	  37.609	 -11.412	   4.067
12	-473.079	45	  20.349	  11.837	   5.483
13	-355.120	32	  14.551	 -11.403	  17.905
14	-353.361	32	  32.596	   4.282	  27.356
15	-350.638	33	  27.531	 -17.926	 -14.660
16	-339.475	25	  13.767	   9.237	  11.858
17	-338.026	27	   2.722	   9.778	  12.603
18	-337.513	31	  25.095	   0.480	  30.509
19	-331.142	30	  -0.212	 -12.467	   4.625
20	-322.860	32	  23.066	  -1.222	 -16.781
21	-321.570	28	  34.508	  -4.901	  15.221
22	-289.014	26	   5.386	 -11.099	  36.595
23	-283.380	23	  23.646	  13.610	  14.098
24	-277.179	25	  22.297	 -20.916	   6.736
25	-276.051	26	  -1.758	  18.158	  40.544
26	-264.496	24	   2.092	   4.040	  51.737
27	-258.268	25	  26.298	  -7.871	  20.101
28	-251.612	24	   1.059	  16.435	  17.500
29	-250.423	24	  -3.725	   1.530	  -9.028
30	-248.047	21	  -2.766	   8.372	   7.967
31	-247.741	24	   9.870	  15.584	   2.428
32	-238.815	22	  -7.532	  -9.957	   7.148
33	-222.211	21	  28.918	  17.769	  29.956
34	-199.618	20	  21.375	 -10.193	 -21.226
35	-185.392	18	  34.042	 -14.923	  10.676
36	-182.978	18	  10.528	  20.591	  15.661
37	-180.334	17	  -9.499	  -6.083	  -1.100
38	-177.818	17	 -14.073	  -1.722	  14.578
39	-177.561	18	   1.920	  15.227	  50.044
40	-176.129	16	  -4.727	   5.415	  49.375
41	-174.054	16	  10.590	 -11.323	  24.362
42	-162.563	16	  37.214	   4.902	  15.121
43	-155.196	15	  10.753	  22.493	  33.974
44	-148.969	15	   0.745	  -2.854	  46.835
45	-145.802	14	  34.047	  -5.768	 -10.208
46	-144.114	14	  18.505	  10.156	  39.456
47	-142.712	14	  -3.987	 -14.280	  32.707
48	-140.186	13	  10.133	  -6.832	 -15.756
49	-138.056	14	  33.398	 -16.633	  -7.072
50	-135.116	14	  20.653	  22.293	  31.146
51	-131.761	13	 -10.785	   7.250	  39.069
52	-130.073	13	   9.593	   2.538	 -14.451
53	-128.422	13	  28.453	   6.100	  -5.588
54	-117.932	11	  11.220	  17.378	  42.506
55	-112.545	11	   5.856	 -11.229	  -8.299
56	-111.940	11	  25.551	  10.732	  35.239
57	-103.174	10	   2.860	 -13.272	  18.137
58	-100.875	10	   6.610	  18.732	   9.331
59	 -99.414	10	  -0.117	  20.833	  31.772
60	 -98.373	10	  -9.151	   4.350	  10.884
61	 -96.485	10	  41.113	  -0.594	   4.928
62	 -87.721	8	  -1.483	  -9.151	  -5.798
63	 -85.902	9	  31.238	  10.452	  13.323
64	 -83.666	8	  19.959	   6.244	 -11.839
65	 -83.131	8	  -4.598	  10.902	  16.293
66	 -81.070	8	  -9.824	   0.281	  43.888
67	 -78.312	8	 -16.955	   1.623	  26.888
68	 -78.211	8	  21.792	 -24.226	  -0.475
69	 -70.446	7	  23.617	 -22.388	  -8.284
70	 -69.558	5	   9.149	  -0.115	  26.929
71	 -68.547	7	  -7.208	  15.132	  26.275
72	 -57.564	6	  13.731	  -9.646	  38.324
73	 -55.942	6	  -8.066	  -9.160	  43.645
74	 -50.025	5	   8.574	  -6.062	  45.103
75	 -46.131	3	  16.839	  -8.590	   6.155
76	 -39.866	4	  14.423	 -23.966	   2.410
77	 -38.384	4	  27.161	  22.016	  21.356
78	 -38.114	4	  19.332	 -21.260	 -17.814
79	 -32.558	3	  16.563	 -23.984	 -11.149
80	 -30.295	3	   9.946	  -0.304	  51.155
81	 -29.170	3	  31.923	 -21.641	   6.828
82	 -19.941	2	  -8.598	  13.523	  44.113
83	 -19.667	2	  37.835	 -20.528	  -1.389
84	 -11.123	1	  14.923	   6.016	  51.155
85	  -9.433	1	  30.923	  -8.984	 -18.845
86	  -9.151	1	   9.923	  25.016	  24.155
87	  -9.118	1	 -11.077	   4.016	   2.155
88	  -8.981	1	   7.923	 -21.984	  -4.845
