1	-846.483	67	  29.587	   6.940	  12.025
2	-558.319	53	   1.104	  23.998	  11.086
3	-535.271	46	  -2.761	  13.245	   9.415
4	-461.685	42	  10.962	  22.729	  20.471
5	-385.971	34	  11.009	  -0.499	  22.646
6	-356.547	34	   6.064	  14.389	  -1.038
7	-346.224	32	  -2.419	  18.062	  17.983
8	-337.567	32	  22.659	  -4.061	   9.879
9	-321.650	29	  21.230	  14.546	   0.430
10	-271.408	24	  15.957	  26.286	   6.969
11	-268.155	24	   3.039	  -4.605	   6.041
12	-265.984	25	  23.244	   8.865	  23.351
13	-219.989	20	  14.481	  27.515	  16.228
14	-211.098	21	  31.261	  17.400	  10.548
15	-207.441	20	  11.261	  -7.557	   7.802
16	-197.973	19	   3.431	   4.895	   1.134
17	-196.680	18	  15.007	   3.428	  -0.005
18	-187.688	17	  -3.128	   2.886	  13.018
19	-177.501	17	  23.726	  -1.044	   3.164
20	-162.414	16	  28.717	  14.996	   0.764
21	-139.345	13	  25.833	  -1.699	  18.818
22	-128.585	13	  14.374	  14.182	  24.658
23	-120.346	12	   2.996	  25.111	   0.381
24	-108.028	10	  33.801	  -1.299	   8.315
25	 -96.363	10	  27.162	  16.955	  19.169
26	 -95.981	10	  32.667	   2.309	   0.755
27	 -73.430	7	  16.016	  -8.986	  16.176
28	 -71.349	7	   2.041	   1.162	  22.570
29	 -61.593	6	  -2.935	   9.232	  23.579
30	 -60.222	6	  12.635	  21.081	  -2.115
31	 -49.774	5	   9.412	   8.610	  29.041
32	 -37.079	4	   6.539	  30.941	  11.807
33	 -29.268	3	  20.020	  -1.566	  24.359
34	 -29.195	3	   1.921	  23.140	  23.722
35	 -29.191	3	  24.909	  24.434	   2.579
36	 -19.038	2	   5.548	  -7.088	  17.041
37	 -18.013	2	  18.026	   5.930	  28.041
