1	-821.270	70	 -23.582	  42.905	  -6.179
2	-631.242	58	 -11.171	  54.974	 -12.072
3	-615.210	49	 -29.906	  66.035	  -4.930
4	-582.764	50	 -25.679	  62.730	   7.078
5	-487.283	41	 -25.749	  47.150	   1.505
6	-459.770	42	 -11.914	  40.120	  -5.311
7	-386.553	34	 -19.251	  49.230	 -21.423
8	-359.537	33	 -22.006	  68.939	   7.081
9	-335.300	30	 -23.747	  56.400	  13.497
10	-329.046	31	 -40.195	  44.760	 -11.757
11	-304.100	27	 -11.254	  44.206	 -17.740
12	-298.812	30	   1.110	  49.352	   2.694
13	-280.019	26	 -31.161	  39.126	 -17.798
14	-279.822	23	 -34.210	  61.826	 -16.229
15	-269.681	26	  -7.719	  62.117	  16.523
16	-265.888	25	 -34.849	  50.362	 -18.554
17	-252.230	24	   1.065	  57.505	   6.369
18	-249.467	21	 -24.651	  48.260	  12.956
19	-238.510	23	  -0.956	  40.557	  16.016
20	-230.963	22	 -25.869	  63.667	 -17.521
21	-228.264	21	 -13.210	  37.230	   1.603
22	-203.036	18	 -14.487	  63.779	  -7.111
23	-197.954	20	 -40.406	  59.079	 -11.593
24	-190.646	19	 -18.408	  58.782	  19.753
25	-188.579	19	  -0.289	  58.780	  -5.753
26	-187.405	18	 -42.103	  57.829	  -3.756
27	-185.267	18	 -16.535	  47.694	  25.785
28	-184.960	17	  -4.373	  67.541	   6.802
29	-175.786	17	 -15.889	  35.672	 -14.001
30	-169.750	16	  -3.776	  35.835	  10.575
31	-166.810	16	  -1.551	  53.065	  14.650
32	-155.638	16	 -35.942	  62.419	   4.079
33	-155.291	16	 -34.188	  38.811	  -6.685
34	-147.509	14	 -21.287	  71.458	  -4.806
35	-137.063	13	 -12.925	  74.242	   2.708
36	-130.281	11	 -19.618	  40.542	  13.427
37	-120.751	11	 -27.532	  45.948	 -21.327
38	-117.790	12	 -24.437	  29.273	 -19.358
39	-116.535	10	 -37.129	  49.794	  -1.341
40	-100.719	8	  -1.821	  44.494	  22.660
41	 -96.324	10	 -24.980	  21.958	 -13.297
42	 -91.510	9	 -23.689	  42.965	  23.309
43	 -84.076	9	 -22.664	  39.414	   7.290
44	 -76.554	8	   5.319	  36.347	   4.470
45	 -72.351	7	  -9.008	  36.636	  26.245
46	 -70.953	7	  -6.645	  54.645	  21.856
47	 -64.341	6	 -15.246	  71.539	  11.396
48	 -49.734	5	 -30.776	  55.164	 -24.184
49	 -48.938	5	  -7.988	  32.842	   5.419
50	 -47.730	5	 -38.119	  32.865	 -18.921
51	 -47.551	5	  -2.079	  39.903	 -12.886
52	 -40.967	4	 -21.069	  38.799	 -20.921
53	 -40.666	4	   2.167	  35.023	  -5.930
54	 -39.053	4	   1.675	  45.855	  -5.173
55	 -32.408	3	 -21.214	  27.052	  -8.604
56	 -31.143	3	 -20.531	  35.052	  -0.921
57	 -30.134	3	 -28.166	  34.052	 -12.862
58	 -28.739	3	 -13.858	  35.342	  18.322
59	 -20.463	2	 -20.997	  55.561	 -23.378
60	 -18.627	2	   3.460	  45.052	  11.561
61	 -18.179	2	 -45.540	  34.558	 -13.921
62	 -10.933	1	  -1.540	  47.052	 -14.921
63	 -10.266	1	 -15.540	  67.052	  18.079
