1	-1432.111	126	  -1.283	  26.593	  11.640
2	-826.526	76	  12.810	  18.601	  32.372
3	-625.395	56	   0.039	  18.656	  18.963
4	-550.018	49	   6.466	  25.848	   4.406
5	-492.062	47	  -7.384	  32.583	  40.676
6	-491.673	44	   1.656	  39.905	  36.510
7	-467.603	41	   5.503	  23.254	  47.081
8	-460.721	40	  22.327	  28.005	  22.951
9	-423.324	33	  13.263	  20.579	  19.520
10	-386.163	35	  12.085	  43.690	  16.618
11	-383.030	34	 -10.604	  42.668	  19.270
12	-380.216	36	 -11.553	  32.965	  27.265
13	-363.387	35	   4.818	  37.201	   2.679
14	-350.237	31	  16.327	  46.769	  27.055
15	-318.710	29	 -10.249	  22.667	  29.871
16	-298.362	25	  22.497	  39.269	  27.234
17	-242.169	23	 -12.035	  20.866	  45.131
18	-223.504	13	  -4.804	  37.396	  13.568
19	-221.842	23	  19.932	  19.691	  24.438
20	-212.718	20	  16.902	  31.139	  39.404
21	-212.226	14	  -2.554	  26.443	  25.636
22	-208.733	21	 -15.153	  24.071	  15.264
23	-207.748	20	 -17.676	  31.243	  20.443
24	-199.619	18	  15.159	  24.561	   7.319
25	-193.173	17	   1.066	  43.437	   9.687
26	-187.411	17	 -15.417	  23.440	   8.043
27	-186.785	15	  -6.982	  17.801	  35.770
28	-185.114	17	  -7.320	  39.654	  -0.311
29	-166.836	16	  15.353	  24.654	  42.925
30	-165.969	16	 -13.339	  16.892	  16.010
31	-162.046	15	  -9.521	  26.944	  -5.811
32	-161.470	16	  22.044	  31.551	  12.699
33	-154.509	15	  -8.098	  44.577	   6.779
34	-149.876	14	   4.109	  33.099	  44.058
35	-144.878	14	  18.442	  34.007	   4.935
36	-139.037	14	 -23.652	  34.029	   8.624
37	-135.506	14	  -2.995	  48.625	  15.337
38	-118.943	11	   5.237	  47.253	  23.832
39	-108.213	10	  20.071	  20.005	  11.975
40	-104.623	10	   0.661	  13.169	  48.215
41	-103.390	10	  -1.108	  43.549	  29.329
42	-102.515	10	 -16.576	  30.401	  -2.609
43	-101.903	10	 -18.361	  38.930	  20.090
44	 -88.146	8	  10.815	  15.701	  41.022
45	 -86.780	8	  11.201	  43.902	  35.000
46	 -85.855	9	  -3.222	  14.176	  12.790
47	 -65.710	6	  -4.654	  12.418	  41.961
48	 -62.007	6	  -5.508	  14.966	  25.490
49	 -58.395	6	 -16.763	  38.221	   4.448
50	 -53.850	5	  -3.144	  21.563	  -4.015
51	 -51.847	5	  -3.318	  34.777	 -11.025
52	 -51.330	5	 -11.324	  35.523	 -10.457
53	 -49.169	5	   1.805	  10.772	  34.616
54	 -48.983	5	  24.660	  28.598	  33.533
55	 -45.951	5	   7.025	  13.742	  24.953
56	 -44.429	4	 -14.278	  44.765	  11.306
57	 -37.890	4	  19.680	  38.769	  36.572
58	 -37.343	4	  -5.854	  29.991	  50.759
59	 -34.307	2	   6.463	  22.377	  26.543
60	 -28.535	3	  16.791	  42.437	   9.538
61	 -28.226	3	 -11.178	  15.085	   8.543
62	 -27.596	3	  22.128	  21.096	  35.532
63	 -19.705	2	  -5.041	  49.765	  23.543
64	  -9.357	1	 -10.537	  22.765	   0.543
