1	-1171.989	105	  19.237	   6.049	  26.699
2	-1112.689	101	  33.010	  -1.915	  -1.853
3	-817.819	67	   7.653	   2.623	   3.677
4	-722.297	65	   8.365	 -12.268	  20.782
5	-547.060	44	  18.203	  -7.428	  28.079
6	-537.501	49	  19.739	  15.736	  -7.934
7	-393.649	36	  -6.615	   7.025	  14.964
8	-391.531	33	  26.935	 -15.804	   0.163
9	-370.221	28	  37.754	  13.591	   5.640
10	-357.828	34	  26.669	  21.984	  -4.181
11	-352.819	28	  28.713	  -8.441	  26.061
12	-346.833	32	  35.386	  13.405	  -3.329
13	-345.102	29	  16.954	  20.421	  21.052
14	-332.885	30	  38.029	   3.393	  19.282
15	-326.218	30	  12.260	  18.581	   8.668
16	-325.610	32	  25.175	  18.087	  39.308
17	-325.288	30	  46.876	   1.027	  -5.197
18	-318.881	28	  42.278	  -0.871	  11.573
19	-308.736	28	  14.460	 -13.725	   3.687
20	-298.375	28	  25.009	   6.091	 -20.803
21	-293.388	29	  10.007	  10.566	  -4.765
22	-292.517	26	  26.678	  -6.602	 -15.036
23	-291.515	27	   0.401	  -0.047	  33.398
24	-278.340	27	   2.708	  -5.648	  10.263
25	-276.964	28	  44.029	 -10.979	  11.514
26	-275.298	27	  35.020	 -17.218	  14.028
27	-273.161	28	  36.387	  15.803	  27.171
28	-267.500	25	  44.165	 -16.974	  -0.857
29	-267.301	19	  30.277	   9.535	  -3.455
30	-266.149	24	   7.714	  -1.917	 -16.655
31	-257.498	25	  33.279	  21.780	  19.141
32	-251.881	23	   5.120	  11.553	  30.395
33	-243.525	22	  25.654	   4.379	  40.025
34	-237.088	19	  -6.383	  -1.135	  23.002
35	-234.618	23	  26.279	 -19.559	  23.045
36	-226.024	18	  13.854	   6.002	 -19.472
37	-221.890	21	  44.781	   9.271	   7.456
38	-221.651	22	  34.013	  24.786	   5.878
39	-217.362	20	  -6.450	   7.384	  36.462
40	-212.851	20	  24.651	  -2.080	 -27.680
41	-204.306	20	  32.638	  -9.593	  -9.976
42	-202.890	20	  12.863	  14.294	  32.012
43	-198.285	19	  18.436	  27.533	   0.776
44	-195.435	17	  34.772	   5.864	  27.111
45	-180.210	17	  11.722	 -22.346	  13.819
46	-171.377	17	  18.186	 -12.888	 -15.864
47	-166.024	16	  27.800	  32.752	   3.213
48	-151.868	15	  -0.716	  17.466	  24.046
49	-149.235	15	  -2.756	  13.772	  15.523
50	-149.157	15	  40.660	  -6.151	  21.734
51	-145.000	14	  46.743	 -10.206	  -7.377
52	-141.127	14	  10.660	  -9.577	 -12.619
53	-136.700	13	  27.850	  23.292	  30.500
54	-133.719	13	  34.149	  -3.471	  31.678
55	-133.136	9	  20.673	  -0.989	  13.059
56	-128.531	12	  20.051	 -28.160	  19.434
57	-124.299	12	  42.398	  11.356	  19.198
58	-123.178	13	  32.797	   0.264	  -8.821
59	-117.423	11	   9.299	 -12.449	  11.321
60	-116.689	11	  14.488	  17.175	   0.125
61	-108.836	11	  15.633	 -20.616	  25.363
62	-106.222	7	  23.127	   5.530	   7.798
63	-105.478	11	  14.022	   5.035	  30.853
64	-103.962	10	  15.849	  15.652	  38.391
65	-103.458	10	  40.121	 -11.540	 -11.868
66	-100.126	10	  18.797	 -21.806	   9.275
67	 -96.401	10	  49.740	  -9.494	   0.329
68	 -85.881	8	  26.229	 -21.083	   7.141
69	 -82.611	8	  24.262	  -1.661	  35.448
70	 -82.321	8	  19.440	  26.868	   8.344
71	 -73.681	7	   6.484	  -2.763	  -9.058
72	 -73.504	7	  21.391	  25.513	  16.227
73	 -68.584	7	  -3.831	  -5.335	  29.356
74	 -59.579	6	  42.112	   7.534	  -2.463
75	 -59.053	6	  30.747	  13.512	  39.044
76	 -59.039	6	 -10.208	   9.283	  28.704
77	 -57.621	6	  15.719	  -4.460	 -26.103
78	 -56.024	6	  -0.772	  -9.957	  18.709
79	 -30.969	3	  36.329	 -20.633	  -4.695
80	 -28.117	3	   7.043	  -6.316	  34.345
81	 -20.363	2	  18.700	  25.367	  31.371
82	 -19.415	2	   2.252	  13.859	   9.879
83	 -18.866	2	  32.125	   9.939	 -15.677
84	 -18.592	2	  24.723	 -25.643	  14.371
85	 -14.037	1	  19.744	  10.367	  18.371
86	 -10.699	1	   8.744	  -9.633	  -4.629
87	  -9.979	1	  42.744	  -1.633	 -11.629
88	  -9.781	1	  17.744	   6.367	  40.371
89	  -9.376	1	  26.744	 -18.633	 -11.629
90	  -9.348	1	  23.744	  -9.633	 -29.629
91	  -9.322	1	  11.744	  13.367	 -17.629
92	  -9.058	1	   7.744	  23.367	  28.371
