1	-1021.336	94	  46.639	  49.238	  61.844
2	-867.553	75	  44.371	  54.907	  80.002
3	-647.138	59	  16.836	  37.301	  62.292
4	-618.292	51	  30.092	  86.917	  62.162
5	-540.742	48	  38.757	  43.353	  86.371
6	-532.777	43	  12.355	  46.299	  58.727
7	-500.535	46	  35.884	  89.751	  68.358
8	-494.088	41	  33.883	  79.954	  95.221
9	-468.178	43	  54.713	  63.656	  78.669
10	-456.437	34	  19.815	  41.691	  78.512
11	-442.517	42	  28.370	  57.516	  87.453
12	-439.345	43	  26.327	  70.305	  80.925
13	-418.075	37	  38.800	  60.113	  87.231
14	-415.949	33	  45.200	  35.050	  57.673
15	-406.158	38	  50.376	  57.719	  65.519
16	-389.138	34	  57.311	  73.679	  85.139
17	-388.095	37	  36.773	  52.111	  57.958
18	-359.127	27	  49.075	  77.569	  65.485
19	-345.350	25	  30.387	  73.595	  75.247
20	-340.944	27	  25.640	  74.013	  51.031
21	-338.734	31	  16.200	  82.901	  61.917
22	-321.644	32	  29.675	  63.277	  50.116
23	-316.955	26	  30.320	  50.318	  62.071
24	-299.007	23	   9.351	  62.354	  63.178
25	-297.542	27	  40.039	  29.986	  49.898
26	-291.487	27	  15.064	  55.823	  48.287
27	-287.869	27	   5.624	  74.979	  83.509
28	-286.603	24	  36.357	  31.074	  43.138
29	-285.281	26	  29.138	  89.365	  94.582
30	-282.911	27	  33.842	  39.335	  33.162
31	-282.796	25	  47.761	  49.561	  71.706
32	-281.993	26	  37.986	  33.038	  84.101
33	-270.761	25	  17.360	  34.246	  74.430
34	-268.668	21	  32.658	  68.774	  90.666
35	-264.352	26	  53.439	  36.628	  41.534
36	-262.934	23	  23.434	  93.424	  92.364
37	-262.334	25	  13.898	  67.813	  71.660
38	-262.228	25	  24.604	  30.163	  58.422
39	-261.991	24	  17.768	  35.895	  53.882
40	-258.608	24	  44.913	  64.403	  60.562
41	-249.801	23	  44.739	  77.981	  94.644
42	-245.017	22	  54.766	  71.365	  70.462
43	-243.808	22	  53.788	  84.359	  73.773
44	-238.841	24	  45.046	  30.817	  68.564
45	-236.024	21	   8.228	  53.378	  69.185
46	-235.651	20	  31.004	  31.391	  54.083
47	-234.852	22	  10.534	  92.896	  88.791
48	-229.965	20	  32.758	  91.461	  84.736
49	-229.347	22	  38.042	  57.643	  38.603
50	-212.461	20	  37.332	  93.396	  78.825
51	-207.204	19	   3.748	  76.740	  93.120
52	-202.534	19	  45.387	  52.801	  33.850
53	-200.147	19	  13.952	  90.967	  72.030
54	-194.637	19	  23.238	  38.523	  38.395
55	-188.764	18	  34.823	  80.613	  53.585
56	-188.579	15	  16.683	  71.576	  87.594
57	-188.218	19	   9.214	  81.516	 101.091
58	-184.118	16	  36.166	  25.975	  62.377
59	-183.906	13	  43.002	  52.141	  49.107
60	-182.614	18	  11.025	  44.800	  76.733
61	-179.249	17	  13.944	  41.567	  47.292
62	-176.585	16	  21.429	  55.491	  82.125
63	-173.790	17	  21.452	  94.429	  68.193
64	-173.487	16	  29.937	  94.205	  72.043
65	-167.834	16	  51.903	  87.520	  84.816
66	-166.691	15	  41.813	  70.279	  53.999
67	-164.231	16	  15.212	  96.233	  79.879
68	-155.789	15	  42.190	  29.073	  79.366
69	-146.745	15	  20.166	  68.882	  78.488
70	-142.869	14	  49.975	  46.293	  34.616
71	-140.843	13	  42.119	  90.382	  89.278
72	-138.615	13	  23.983	  32.478	  80.948
73	-137.760	13	  13.119	  56.033	  77.890
74	-137.415	9	  36.076	  38.552	  63.243
75	-136.276	14	  50.328	  61.812	  45.123
76	-132.192	11	  15.216	  76.923	  76.649
77	-125.093	12	  49.979	  35.260	  49.684
78	-125.089	12	  34.290	  56.183	  92.118
79	-124.222	12	  30.822	  25.211	  73.204
80	-122.946	10	  30.045	  54.050	  47.854
81	-122.199	12	  54.461	  46.739	  42.531
82	-121.998	7	  37.039	  78.145	  84.176
83	-119.322	11	  48.256	  86.178	  65.101
84	-119.004	11	  26.249	  81.013	 101.261
85	-118.995	12	   4.848	  53.980	  60.358
86	-115.982	12	  44.032	  32.309	  36.639
87	-114.997	12	  44.713	  80.260	  55.578
88	-112.636	11	  10.137	  72.794	  56.922
89	-112.623	11	  21.710	  96.848	  84.665
90	-111.943	11	  29.832	  41.419	  87.129
91	-110.319	11	  35.563	  58.956	  54.427
92	-110.194	11	  19.705	  81.937	 105.570
93	-106.854	11	  33.949	  47.689	  30.652
94	 -98.427	10	  15.656	  74.156	 102.776
95	 -98.156	9	  20.460	  89.588	 100.313
96	 -93.717	6	  31.176	  80.600	  66.877
97	 -91.908	8	  28.542	  32.379	  41.446
98	 -87.846	9	  27.576	  84.485	  51.824
99	 -85.945	9	  59.455	  77.457	  77.828
100	 -83.235	5	  21.124	  66.461	  60.233
101	 -81.340	6	  38.621	  84.533	  76.036
102	 -80.938	8	  10.870	  90.990	  99.410
103	 -80.788	8	  25.907	  65.118	  94.567
104	 -80.529	8	  18.130	  63.367	  46.331
105	 -80.150	6	  26.432	  63.603	  65.227
106	 -79.423	8	  11.318	  76.071	  66.698
107	 -78.775	8	  20.373	  46.729	  41.006
108	 -78.763	8	  24.384	  53.594	  42.831
109	 -77.832	8	  41.093	  66.700	  91.904
110	 -77.385	7	  52.642	  52.716	  48.455
111	 -71.345	6	  19.383	  47.600	  61.512
112	 -70.795	5	  20.649	  47.017	  52.504
113	 -68.252	5	  23.916	  85.052	  70.077
114	 -65.886	6	  11.393	  38.124	  71.560
115	 -61.105	6	  27.323	  73.830	 100.273
116	 -60.079	6	  16.270	  71.209	  48.798
117	 -58.304	6	  15.187	  65.350	  95.634
118	 -57.340	6	  47.953	  41.412	  69.203
119	 -52.781	5	   7.616	  66.604	  96.522
120	 -51.968	5	  43.275	  63.775	  42.987
121	 -50.795	3	  26.726	  37.600	  65.538
122	 -50.278	5	  45.846	  41.305	  30.075
123	 -50.210	3	  34.144	  60.234	  71.925
124	 -48.204	5	  17.595	  80.384	  53.134
125	 -46.900	5	  29.581	  32.644	  85.507
126	 -40.964	4	  45.833	  58.851	  52.387
127	 -40.321	4	  48.658	  86.147	  95.210
128	 -40.218	4	  54.047	  55.349	  73.382
129	 -39.148	4	   4.337	  87.852	  83.915
130	 -38.607	4	  11.876	  81.893	  72.093
131	 -38.241	4	   7.316	  59.834	  55.223
132	 -37.292	4	  51.078	  73.124	  93.679
133	 -29.101	3	   6.204	  65.906	  84.293
134	 -28.583	3	  52.816	  42.266	  54.238
135	 -28.018	3	  17.134	  97.925	  93.288
136	 -19.757	2	  16.816	  63.149	  86.925
137	 -18.504	2	  20.325	  32.600	  47.416
138	 -15.399	1	  21.816	  66.600	  70.925
139	 -11.683	1	  38.816	  63.600	  77.925
140	 -11.677	1	  47.816	  40.600	  79.925
141	 -10.290	1	  50.816	  63.600	  89.925
142	  -9.681	1	  44.816	  47.600	  85.925
143	  -9.663	1	  51.816	  57.600	  83.925
144	  -9.549	1	   4.816	  88.600	  93.925
145	  -9.226	1	  23.816	  92.600	  58.925
146	  -9.130	1	  51.816	  66.600	  61.925
147	  -8.921	1	  53.816	  55.600	  40.925
