1	-1457.778	117	  18.489	  29.641	  18.146
2	-922.286	69	  26.272	  36.209	   3.176
3	-731.444	65	  34.991	  15.532	  21.760
4	-456.178	42	   8.057	  23.439	   5.925
5	-412.958	38	  39.862	  16.284	   5.680
6	-410.341	36	  11.136	  35.139	  13.533
7	-377.216	32	  31.765	  39.995	  23.805
8	-373.225	33	  35.683	  37.958	  10.201
9	-360.685	34	  24.783	   9.181	   5.652
10	-353.112	30	  28.307	  53.059	   7.270
11	-340.063	32	  34.062	  31.309	  -1.277
12	-322.074	29	  14.470	   5.962	  15.029
13	-304.878	30	  13.050	  34.454	   2.106
14	-301.569	30	   5.549	   9.424	  22.339
15	-289.313	27	  23.923	  22.812	  40.526
16	-276.723	26	  31.259	  11.224	  36.407
17	-274.007	23	  14.854	  49.687	   3.116
18	-267.837	24	  32.120	  32.609	  29.071
19	-264.657	24	  22.776	  47.453	  19.939
20	-251.463	24	  15.452	  35.038	  24.663
21	-243.780	23	  12.053	  11.457	  34.648
22	-239.763	22	  24.774	  26.415	  -5.309
23	-236.529	21	  13.572	  21.171	  35.141
24	-228.472	22	  32.983	  47.451	  14.153
25	-224.729	22	  19.445	  19.286	  -7.502
26	-220.457	18	  40.455	  25.886	   4.537
27	-213.957	18	  31.244	  12.805	   7.802
28	-200.468	19	   2.915	   8.550	  11.458
29	-191.122	18	  24.913	   8.530	  15.809
30	-184.082	17	  34.182	  27.288	  33.968
31	-176.257	17	  33.126	  12.701	  -4.887
32	-174.350	17	   6.985	  24.515	  25.854
33	-165.040	17	   9.704	   4.989	   4.812
34	-161.389	15	  20.061	  10.886	  39.565
35	-157.759	15	  19.053	   6.780	  22.569
36	-147.915	14	  22.854	  10.673	  -4.242
37	-143.856	14	  28.690	  20.555	 -10.239
38	-133.088	13	   8.694	  39.843	   5.033
39	-132.158	11	  18.436	  31.602	  35.972
40	-128.523	13	  41.443	  31.607	  10.380
41	-128.449	12	  11.295	  17.014	  -8.772
42	-127.515	13	  12.437	  56.842	   9.791
43	-122.892	12	  26.737	  47.541	   1.056
44	-122.052	11	  11.498	   9.487	  -3.113
45	-118.894	12	  21.869	   6.450	  32.192
46	-118.066	11	  22.920	  57.553	  12.840
47	-113.354	11	  30.384	  10.948	  25.605
48	-112.302	11	   4.901	  17.383	   1.183
49	-107.095	11	  14.224	  45.671	  20.511
50	 -97.715	9	   3.596	  26.344	  18.479
51	 -82.196	8	  14.639	  24.342	  -4.805
52	 -80.436	8	  31.814	  22.106	  40.894
53	 -79.749	8	  22.300	  41.702	  27.425
54	 -79.105	8	  45.788	  27.103	  18.008
55	 -79.091	8	  -1.551	  18.122	  12.628
56	 -77.364	8	   1.102	  16.121	  27.677
57	 -71.650	7	  15.658	  54.737	  17.571
58	 -70.452	7	  43.887	  26.603	  29.257
59	 -67.810	4	  28.534	  29.203	   9.955
60	 -60.849	6	  36.171	  13.938	  13.290
61	 -47.893	5	   8.303	  49.344	  11.036
62	 -42.807	3	  25.579	  27.488	  20.783
63	 -41.802	4	  42.531	  15.244	  -2.979
64	 -41.214	4	  26.017	  34.478	  35.016
65	 -31.175	3	  41.294	  38.765	  19.783
66	 -30.089	3	  22.294	  55.771	   2.476
67	 -18.859	2	  44.721	  20.649	  24.307
68	 -18.781	2	  38.789	  23.746	  -4.722
