1	-985.112	73	 -65.206	  89.770	  94.281
2	-793.284	67	 -44.570	  72.641	  84.534
3	-600.934	57	 -54.288	  66.264	  78.034
4	-580.957	53	 -66.456	 104.395	  97.239
5	-550.242	54	 -48.863	  82.929	  78.207
6	-462.129	43	 -52.734	  71.174	 101.946
7	-458.795	39	 -71.430	 102.799	  87.133
8	-437.048	40	 -61.487	  89.609	 100.527
9	-422.561	37	 -83.199	  87.681	  89.292
10	-383.988	34	 -63.559	  76.919	 105.412
11	-366.796	31	 -65.158	  81.465	  71.820
12	-337.793	29	 -55.914	  75.053	  73.298
13	-301.888	29	 -79.737	  71.519	  78.188
14	-269.183	24	 -71.936	  69.396	  80.243
15	-267.451	25	 -87.290	  85.341	  79.515
16	-266.583	26	 -58.766	  89.301	  75.919
17	-254.939	25	 -68.820	  97.899	  76.444
18	-249.323	23	 -79.388	  91.779	  95.292
19	-248.755	22	 -75.404	  83.211	  71.874
20	-246.000	24	 -77.801	  92.047	  77.324
21	-238.930	21	 -57.486	  97.359	  92.114
22	-227.793	22	 -73.077	  99.226	  98.095
23	-226.247	21	 -65.897	  60.125	  83.046
24	-213.682	20	 -63.656	  54.097	  95.999
25	-198.292	19	 -64.874	  70.744	  73.742
26	-192.144	19	 -50.509	  59.124	  94.636
27	-183.764	18	 -50.535	  88.322	  95.921
28	-181.517	17	 -85.419	  73.978	  87.430
29	-177.115	17	 -72.804	  79.531	 100.639
30	-164.287	16	 -63.985	  63.720	 104.300
31	-159.581	15	 -55.639	  59.810	  86.033
32	-151.128	14	 -77.660	  66.879	  98.204
33	-127.162	12	 -80.674	  66.107	  90.772
34	-119.588	11	 -45.091	  84.760	  89.824
35	-115.399	10	 -70.822	  57.963	  97.826
36	-114.072	11	 -69.250	  56.795	  88.905
37	-104.028	10	 -73.704	  89.828	 104.726
38	 -89.675	9	 -52.347	  94.128	  86.850
39	 -86.725	9	 -71.689	  68.908	 101.618
40	 -79.087	8	 -45.055	  71.476	  95.886
41	 -55.832	6	 -51.608	  81.580	 101.858
42	 -53.235	5	 -88.532	  80.641	  88.181
43	 -50.442	5	 -76.887	  75.236	  70.363
44	 -49.239	5	 -75.589	 110.040	  95.372
45	 -48.540	5	 -46.473	  64.449	  95.650
46	 -45.134	4	 -79.880	  77.448	  97.580
47	 -38.121	3	 -58.728	  80.535	  91.451
48	 -30.760	3	 -56.800	  54.954	  91.561
49	 -29.583	3	 -80.318	 100.168	  83.205
50	 -29.409	3	 -59.631	 105.029	  81.655
51	 -28.974	3	 -82.884	  84.609	  99.559
52	 -24.453	2	 -53.963	  85.250	  85.181
53	 -19.877	2	 -74.117	  60.306	  83.598
54	 -18.440	1	 -76.589	  73.250	  91.181
55	  -9.572	1	 -42.589	  73.250	  75.181
56	  -8.986	1	 -40.589	  77.250	  91.181
57	  -8.969	1	 -45.589	  90.250	  80.181
