1	-1083.088	100	  69.040	  40.164	  17.993
2	-973.713	89	  15.541	  40.369	  18.404
3	-931.291	85	  74.255	  33.955	  20.854
4	-929.652	84	  26.581	  37.635	  16.193
5	-893.153	71	   9.717	  48.324	  29.595
6	-854.625	65	  61.930	  47.935	  28.486
7	-854.480	68	  26.694	  60.565	  29.065
8	-840.133	67	  79.023	  60.897	  29.197
9	-828.260	70	  19.531	  32.180	  19.588
10	-727.703	67	  78.120	  44.522	  10.912
11	-684.496	54	  35.923	  16.842	  15.065
12	-683.130	59	  88.933	  34.800	  16.296
13	-670.695	55	  72.938	  18.888	  -5.543
14	-668.905	57	  17.571	  18.307	  -5.215
15	-634.295	57	  21.641	  30.608	  28.859
16	-601.630	55	  43.634	  33.083	  41.816
17	-593.398	54	  34.240	  34.422	  14.046
18	-576.028	44	  74.374	  29.597	  14.612
19	-563.545	50	  51.642	  45.286	  27.706
20	-562.067	49	  80.579	  37.666	  15.981
21	-560.274	41	  89.740	  16.920	  15.420
22	-556.382	48	  79.114	  48.710	  50.670
23	-540.063	49	  23.064	  44.610	   9.824
24	-533.650	49	  13.165	   7.403	  -1.251
25	-526.459	52	  56.435	  34.309	  23.293
26	-521.976	50	  51.529	  35.935	  33.780
27	-518.081	51	  43.814	  26.086	  21.308
28	-517.911	49	  -3.590	   4.994	  10.199
29	-500.957	42	  28.917	  48.609	  50.209
30	-489.365	41	  13.622	  37.847	  31.183
31	-483.121	46	  86.170	  25.901	  27.475
32	-482.549	47	  69.892	   7.654	  -2.135
33	-475.244	42	  52.145	  13.113	  20.931
34	-468.731	44	  50.870	   4.908	   7.387
35	-467.385	45	  53.414	  53.430	  25.253
36	-456.440	38	  60.231	   3.108	   1.918
37	-453.220	39	  65.855	  37.746	  30.421
38	-447.996	44	 102.845	  36.039	  35.320
39	-442.543	40	  -1.123	  12.842	  23.965
40	-425.281	38	  92.731	  33.268	  44.014
41	-398.162	34	   5.197	   2.531	   4.567
42	-391.103	36	   5.922	  20.500	  -5.432
43	-390.359	36	  75.395	  30.588	  28.177
44	-369.416	35	  34.170	  25.763	  27.070
45	-367.499	35	  23.384	  37.245	  39.899
46	-358.008	32	  29.641	  58.305	  51.417
47	-357.769	34	  74.248	  37.017	  39.448
48	-356.428	33	  52.995	  28.329	   2.835
49	-354.259	32	  15.716	  54.607	  19.564
50	-353.381	34	  78.389	   7.199	   5.413
51	-352.314	34	  81.710	  38.062	  47.683
52	-343.606	32	  13.821	  24.806	  33.079
53	-342.868	31	  93.702	  48.278	  52.799
54	-328.924	29	  29.792	  31.552	  23.441
55	-328.562	30	  23.808	   7.812	   5.198
56	-318.728	31	  48.230	  41.540	  19.051
57	-313.964	31	  42.910	  63.548	  20.277
58	-309.893	27	  79.846	  58.370	  51.934
59	-303.202	28	  17.379	  28.006	  -5.981
60	-298.343	28	  31.579	  37.391	  46.265
61	-297.178	24	  20.904	  29.701	  11.781
62	-285.812	27	  95.704	  27.081	  23.647
63	-285.560	28	   5.114	  33.719	  25.541
64	-283.907	26	  -1.374	  28.740	   4.053
65	-274.666	26	  49.874	  31.427	  25.632
66	-274.158	24	  68.090	  54.204	  18.682
67	-269.748	27	  34.502	  71.389	  36.528
68	-264.656	25	  62.227	  43.785	  38.428
69	-255.193	25	  95.084	  63.832	  21.664
70	-252.559	22	  43.983	  48.660	  50.733
71	-251.120	23	  65.617	  23.257	  31.803
72	-247.030	22	  73.018	  28.021	  -6.366
73	-244.403	24	  29.257	  61.334	  14.846
74	-239.242	21	  33.694	  53.019	  13.526
75	-236.992	23	  57.360	  56.834	  30.704
76	-236.748	20	  82.814	  32.054	  24.489
77	-234.840	20	  86.928	  52.493	  14.785
78	-230.494	21	  22.526	  17.853	  33.994
79	-226.352	21	  97.559	  59.207	  46.342
80	-224.001	22	  87.041	  15.911	   5.015
81	-218.805	21	   8.330	   4.712	  27.046
82	-218.139	21	  94.588	  23.520	  14.194
83	-218.097	21	  47.432	  59.234	  43.946
84	-216.244	19	  65.584	  23.176	  -6.282
85	-208.295	20	  19.510	  64.864	  30.083
86	-205.946	19	  73.624	  17.279	  33.508
87	-203.350	17	  82.008	  11.824	  26.448
88	-202.054	21	  29.996	  26.889	  -0.250
89	-201.624	19	  35.788	  68.416	  26.279
90	-200.105	17	  18.280	  39.298	   2.445
91	-196.810	20	  95.381	  69.195	  35.303
92	-194.352	19	  82.418	  60.879	  15.433
93	-192.451	17	  80.548	  70.370	  42.902
94	-191.660	19	  14.213	  46.211	  40.887
95	-187.088	18	  40.166	  25.178	  12.730
96	-186.350	15	  28.345	  69.578	  43.270
97	-181.125	18	  59.937	  40.056	  10.493
98	-179.587	16	  28.943	  11.365	  26.400
99	-179.264	17	  31.999	   7.223	  14.849
100	-176.037	18	  10.392	  41.189	   8.412
101	-175.184	17	 100.632	  41.481	  20.206
102	-170.970	17	  66.016	   1.379	  21.842
103	-168.327	17	  68.116	  56.651	  45.392
104	-167.188	16	  99.648	  35.395	  45.141
105	-166.747	15	  36.593	  53.201	  50.914
106	-165.698	12	  36.607	  45.360	  20.913
107	-165.141	17	  45.082	  15.594	  12.174
108	-164.394	11	  64.042	  15.216	  23.698
109	-159.823	16	  20.831	   8.675	  27.792
110	-159.310	14	  59.008	  19.522	  -7.468
111	-159.259	15	  85.837	   7.369	  15.097
112	-159.016	16	  66.924	  49.952	  44.148
113	-157.302	14	 100.964	  44.758	  27.142
114	-148.154	14	  50.576	  57.901	  36.614
115	-147.604	15	  48.257	  34.601	  13.072
116	-147.207	15	  30.915	  18.616	   1.303
117	-145.629	15	  11.495	  36.341	  -6.045
118	-142.340	15	  87.705	  71.654	  36.271
119	-141.200	14	   2.234	  38.515	  11.462
120	-138.916	13	  88.446	  68.579	  26.841
121	-137.591	10	  10.202	  15.271	  24.911
122	-136.731	14	  60.006	  11.497	  -8.439
123	-135.234	12	  71.839	  64.915	  30.119
124	-134.960	14	   5.005	  46.500	  22.435
125	-134.698	14	  16.531	  57.380	  45.213
126	-133.871	12	  93.241	  16.687	  24.014
127	-133.810	13	  29.494	  37.495	   3.023
128	-130.720	13	  26.081	  72.301	  33.372
129	-128.203	12	  40.829	  16.094	  21.999
130	-124.716	12	  72.017	  40.862	   3.556
131	-124.671	12	  82.156	  22.086	  -1.254
132	-122.509	12	  -3.860	  21.737	  15.955
133	-121.829	12	 101.689	  57.506	  39.539
134	-121.312	12	  44.431	  68.761	  34.066
135	-119.951	11	  34.466	  42.971	  13.767
136	-119.104	12	  43.425	  41.249	  52.008
137	-118.600	8	  88.310	  46.087	  21.622
138	-118.120	12	  19.405	  50.337	  46.806
139	-118.074	11	  88.054	  43.292	  14.525
140	-116.845	12	 103.510	  65.757	  30.734
141	-116.720	11	  40.879	  70.122	  44.950
142	-115.982	11	  92.691	  69.591	  46.404
143	-115.900	11	  85.114	  66.883	  52.640
144	-113.435	10	  32.600	  13.236	   7.332
145	-111.859	11	  87.821	  55.384	  52.851
146	-111.506	11	  50.554	   4.735	  14.944
147	-111.119	11	  57.779	  46.191	  21.253
148	-110.742	11	  12.111	  11.901	  32.341
149	-109.979	10	  64.670	  12.792	  30.936
150	-109.792	11	  73.818	   8.617	  27.414
151	-109.161	11	  39.779	  63.008	  51.819
152	-108.355	11	  68.012	  36.840	  -6.784
153	-106.713	10	  46.286	  12.304	   0.614
154	-106.675	11	  -2.603	   3.048	  19.056
155	-105.496	10	  11.048	  63.104	  35.000
156	-105.068	10	  81.275	  12.635	  -2.022
157	-105.011	10	  41.062	  37.297	  15.821
158	-104.927	9	  51.180	  51.196	  44.076
159	-104.724	9	  51.412	  21.556	  -2.398
160	-102.599	10	  67.040	  -0.234	  12.102
161	-101.507	10	  17.754	  68.511	  41.717
162	-101.352	10	  -4.693	  34.963	  17.917
163	-100.819	10	  16.791	   2.176	  22.044
164	-100.219	10	  12.904	  -0.122	  13.294
165	 -99.171	10	   3.051	  11.656	  -6.300
166	 -98.546	9	  49.876	  21.524	  14.666
167	 -94.540	9	  56.714	  50.938	  36.846
168	 -93.506	9	  78.232	  72.366	  33.130
169	 -92.371	9	 106.084	  42.936	  45.468
170	 -91.486	9	   7.172	  55.815	  33.759
171	 -87.313	9	  87.205	  27.045	   1.518
172	 -86.074	8	  26.508	  12.581	  -1.347
173	 -85.526	8	 102.968	  52.793	  30.652
174	 -85.438	8	  63.065	  63.805	  33.604
175	 -81.246	7	  68.350	  30.703	  32.745
176	 -79.971	8	  68.252	  67.916	  41.495
177	 -79.659	8	   5.817	  40.204	   0.250
178	 -79.165	8	  31.957	  68.588	  51.499
179	 -78.912	7	  62.152	  40.404	  -1.462
180	 -78.500	7	  53.984	  20.706	  27.558
181	 -75.236	8	   4.210	  31.010	  -5.790
182	 -71.153	7	  99.083	  51.467	  17.854
183	 -69.123	7	  -7.603	  14.997	  14.678
184	 -68.718	7	  -8.576	  12.377	   2.962
185	 -67.722	7	   0.363	  21.007	  29.032
186	 -66.107	6	 101.703	  51.583	  46.904
187	 -64.193	6	  84.612	  37.889	   4.634
188	 -64.059	6	  72.066	  41.742	  48.002
189	 -63.118	6	  50.155	  37.567	  46.146
190	 -63.092	6	  -3.905	  20.785	  -0.788
191	 -62.438	6	  21.509	  41.416	  48.113
192	 -62.079	6	  52.067	  64.953	  27.158
193	 -60.277	6	  58.756	   7.420	  28.099
194	 -59.797	6	  40.050	  29.144	  36.335
195	 -56.581	6	  88.922	  39.742	  54.596
196	 -56.538	6	  92.214	  28.619	  36.811
197	 -56.308	6	  23.917	   2.071	  11.303
198	 -48.943	5	  45.312	  50.592	  14.778
199	 -48.374	5	  52.721	   8.004	  -4.020
200	 -47.307	5	  18.715	  50.781	  12.587
201	 -38.627	4	  59.424	  32.094	  -6.210
202	 -38.331	4	 105.927	  46.494	  33.726
203	 -37.317	4	  25.890	   4.600	  22.521
204	 -30.310	3	  81.923	  31.284	  35.062
205	 -30.135	3	  78.492	   4.616	  22.087
206	 -29.158	3	  69.923	  48.915	  12.436
207	 -28.799	3	   2.868	  28.218	  30.033
208	 -28.109	3	  30.254	  30.588	  34.091
209	 -27.620	3	  74.257	  12.581	  -7.899
210	 -21.729	2	  -2.077	   7.098	  -1.743
211	 -20.098	2	  78.467	   1.132	  15.311
212	 -19.612	2	  -1.077	   0.588	  28.271
213	 -19.464	2	   4.412	  55.077	  23.745
214	 -18.767	2	  94.923	  59.092	  14.767
215	 -18.758	1	  16.923	  10.588	  15.767
216	 -18.580	2	  30.490	  42.615	  53.280
217	 -18.071	2	  24.934	  33.105	  -3.222
218	 -13.457	1	  40.923	  57.588	  26.767
219	 -11.784	1	  29.923	  40.588	  29.767
220	 -11.390	1	  28.923	  52.588	  27.767
221	 -10.722	1	  72.923	  62.588	  48.767
222	 -10.427	1	  82.923	  40.588	  29.767
223	  -9.640	1	  81.923	  34.588	  -2.233
224	  -9.457	1	  55.923	  -1.412	  18.767
225	  -9.409	1	  56.923	  28.588	  30.767
226	  -9.120	1	  87.923	  68.588	  18.767
