1	-1205.876	100	  23.886	  98.064	  60.738
2	-862.045	80	  24.042	  92.649	  53.077
3	-850.060	72	  25.096	  80.613	  31.761
4	-631.304	56	  16.423	 111.148	  69.040
5	-589.437	48	  17.988	  87.513	  27.189
6	-558.888	46	   4.166	  88.165	  59.050
7	-536.351	47	  13.047	 107.131	  47.549
8	-535.034	49	  26.758	  75.959	  39.769
9	-514.874	45	  18.892	  84.250	  80.948
10	-513.957	41	  17.967	  93.945	  47.695
11	-472.884	41	  31.041	  99.434	  67.723
12	-460.858	45	  33.398	  90.202	  77.555
13	-457.669	41	   6.395	 108.272	  62.111
14	-450.882	40	   9.328	 100.286	  31.665
15	-435.439	39	   4.342	  98.602	  40.088
16	-394.775	33	   8.952	  84.108	  66.727
17	-391.711	37	  22.394	  79.302	  74.471
18	-372.551	32	  25.403	  78.124	  53.600
19	-351.976	32	  24.435	  97.881	  48.661
20	-351.634	33	  14.507	 104.642	  79.969
21	-322.524	31	  34.220	  84.282	  67.262
22	-278.976	27	  14.233	  90.760	  85.079
23	-268.454	26	  32.279	  93.911	  31.242
24	-254.879	26	  18.812	  74.427	  59.752
25	-238.466	23	  29.593	 112.539	  70.458
26	-221.921	19	   9.286	  78.374	  59.231
27	-210.084	18	  34.746	  86.353	  38.483
28	-209.478	20	  21.515	  94.735	  23.982
29	-203.632	20	  35.883	  97.096	  46.083
30	-203.386	16	  12.503	  81.019	  53.597
31	-198.500	20	   2.807	 104.540	  46.531
32	-197.362	19	  26.285	 105.797	  51.941
33	-189.179	18	   6.639	  96.587	  81.203
34	-178.272	16	   1.641	  98.573	  52.943
35	-177.879	17	   3.215	  78.895	  50.577
36	-172.769	13	  14.528	  75.971	  45.230
37	-163.413	14	   2.287	  98.010	  69.481
38	-161.688	15	   4.605	  81.179	  34.426
39	-154.090	15	  34.629	 105.957	  37.306
40	-152.508	15	  25.360	 107.278	  29.861
41	-149.172	14	   7.359	  89.858	  31.803
42	-145.442	14	  30.542	  75.599	  70.259
43	-122.529	12	  28.234	 109.432	  41.634
44	-119.428	12	   5.933	 103.698	  77.026
45	-107.300	11	  32.635	 107.494	  65.734
46	-106.862	11	  -0.172	  77.392	  43.762
47	-106.218	11	  16.402	 104.686	  25.726
48	-105.308	9	  36.364	 102.377	  77.054
49	-104.957	10	  19.055	  73.373	  27.792
50	-103.303	10	   3.376	  88.933	  72.810
51	 -98.426	10	  -1.053	  90.381	  52.429
52	 -98.360	10	  33.844	  89.440	  62.065
53	 -93.184	9	  26.984	  92.608	  88.073
54	 -79.682	7	  17.696	  70.227	  37.272
55	 -76.901	8	  -0.423	 104.743	  58.542
56	 -73.087	7	  -3.167	  85.997	  42.113
57	 -71.470	7	  10.921	  72.291	  32.111
58	 -68.498	7	  27.249	 105.358	  85.434
59	 -64.325	6	  40.173	  96.129	  37.170
60	 -57.289	6	  11.678	  77.460	  78.590
61	 -56.468	3	  13.091	  97.707	  37.130
62	 -47.428	5	  33.250	  80.869	  33.165
63	 -47.356	5	  33.271	  78.118	  58.178
64	 -38.830	4	   7.845	  82.709	  85.505
65	 -38.790	4	  15.717	 112.189	  37.016
66	 -37.441	4	  20.418	 111.958	  56.001
67	 -32.494	3	  35.844	  83.124	  47.060
68	 -29.015	3	  22.829	 111.442	  74.144
69	 -26.879	2	  14.844	  95.107	  61.110
70	 -22.687	2	  13.996	  83.155	  40.605
71	 -21.490	2	  30.358	  74.963	  28.762
72	 -20.458	2	   8.041	  72.812	  44.560
73	 -20.130	1	   8.844	 102.460	  57.757
74	 -17.212	1	  11.844	  89.460	  49.757
75	  -9.758	1	   5.844	  90.460	  85.757
76	  -9.744	1	  10.844	 115.460	  69.757
77	  -9.302	1	  32.844	 102.460	  59.757
78	  -8.901	1	  13.844	  94.460	  19.757
