1	-1054.422	93	  40.197	 -33.736	 134.023
2	-1026.782	91	   0.802	  -3.864	 125.408
3	-976.911	86	   6.719	  20.045	 110.695
4	-908.153	81	  22.671	   9.782	 125.976
5	-855.789	73	  34.489	 -10.466	 118.181
6	-855.188	76	  27.724	  -6.598	 119.327
7	-834.591	75	  56.477	 -23.404	 118.424
8	-820.024	75	   3.952	  18.808	 136.169
9	-781.937	71	  37.586	 -32.426	 108.324
10	-728.858	68	  29.003	   0.871	 111.371
11	-661.608	60	   2.060	  30.595	 127.519
12	-657.755	60	  18.212	  -9.316	 109.822
13	-583.924	50	  23.446	  -2.501	 124.943
14	-583.404	47	  32.266	 -39.821	 112.818
15	-558.736	52	  16.241	 -17.901	 116.168
16	-525.430	46	  51.846	 -14.603	 136.488
17	-519.035	45	  57.330	 -11.315	 119.972
18	-470.217	40	  18.514	   0.990	 108.367
19	-468.519	41	  20.317	 -27.870	 118.661
20	-462.833	44	  38.686	 -45.057	 128.645
21	-461.305	44	  32.679	  -4.154	 124.767
22	-429.920	38	 -13.371	  14.848	 125.835
23	-424.948	39	  49.056	  -5.278	 113.989
24	-410.699	38	   9.396	  29.540	 107.496
25	-394.183	37	   5.664	  -8.351	 134.555
26	-389.554	37	  22.349	 -19.659	 129.558
27	-384.887	35	  28.080	  14.363	 115.558
28	-383.542	36	   5.154	  31.814	 116.639
29	-380.184	35	  14.267	  -8.431	 129.508
30	-379.303	30	  -0.684	  25.121	 133.194
31	-367.409	31	   4.916	   7.894	 138.989
32	-359.135	32	  41.254	  -9.703	 103.755
33	-352.969	32	  43.333	 -10.969	 138.498
34	-340.923	30	  61.390	 -27.625	 129.386
35	-340.551	32	  -8.329	  11.738	 106.068
36	-338.993	34	  39.120	  -4.124	 110.524
37	-335.481	30	  25.873	 -25.634	 138.029
38	-328.050	29	  34.758	 -43.449	 119.732
39	-327.805	28	  54.330	 -33.699	 122.866
40	-325.496	30	  32.623	  -7.941	 135.352
41	-320.596	30	  57.850	 -29.808	 140.959
42	-318.843	30	  23.744	  17.175	 103.535
43	-315.037	29	  -0.979	  -5.075	 108.776
44	-313.372	18	  41.365	 -24.455	 120.806
45	-310.785	25	   7.412	  -3.565	 140.742
46	-306.760	25	  20.646	  20.043	 121.669
47	-305.987	25	  38.630	 -21.507	 105.702
48	-300.528	28	  42.570	 -43.522	 137.115
49	-299.844	17	  -1.438	   5.349	 111.713
50	-289.312	15	  32.226	 -18.689	 132.782
51	-279.903	16	   7.777	  10.971	 123.718
52	-277.028	25	 -12.386	   1.605	 138.001
53	-274.036	27	   1.802	 -13.487	 114.338
54	-269.830	26	  56.605	  -6.916	 129.425
55	-246.183	24	 -10.459	   5.712	 113.496
56	-243.913	24	  17.519	  29.160	 122.367
57	-243.507	23	  38.383	 -46.307	 114.373
58	-238.619	22	   8.878	  -8.992	 103.949
59	-229.132	22	  26.008	  -9.663	 127.336
60	-228.743	21	   9.994	  -2.003	 106.805
61	-226.661	22	 -12.205	  25.036	 126.881
62	-226.656	21	   3.383	   1.520	 104.898
63	-222.100	21	  31.702	   3.640	 123.680
64	-221.943	21	  51.259	 -43.492	 123.062
65	-218.853	22	  20.890	   1.970	 139.263
66	-217.877	21	  36.127	 -14.646	 139.697
67	-217.034	21	  12.152	  31.252	 132.250
68	-213.049	20	  45.844	 -44.929	 112.705
69	-210.911	19	 -13.380	  12.949	 115.340
70	-209.073	21	  62.501	 -16.681	 127.912
71	-200.529	19	  53.907	 -21.119	 143.156
72	-199.588	19	  16.327	 -33.586	 131.388
73	-197.950	19	  29.363	 -34.413	 139.500
74	-196.427	19	  47.708	 -33.155	 114.565
75	-196.125	19	  24.971	 -35.477	 107.666
76	-190.507	18	  13.770	  10.291	 134.289
77	-188.231	18	  21.989	  -4.011	 133.265
78	-185.031	17	  29.976	 -46.217	 131.092
79	-181.574	17	  47.807	 -23.739	 110.525
80	-180.118	17	  -2.419	  21.690	 104.797
81	-177.507	17	  21.561	 -38.741	 117.465
82	-171.012	16	 -17.358	   7.150	 130.130
83	-170.238	17	  21.102	   7.241	 101.507
84	-167.698	17	  12.809	  12.109	 100.524
85	-167.507	16	  46.868	 -49.038	 130.275
86	-166.774	15	  21.008	 -16.549	 105.901
87	-164.795	16	  21.427	 -43.132	 131.097
88	-164.702	16	  13.147	  19.115	 130.403
89	-163.123	15	  11.667	 -15.379	 124.368
90	-161.931	15	  45.268	   2.005	 120.207
91	-161.138	16	  -6.677	  -4.703	 126.721
92	-160.159	16	  37.058	   1.506	 131.123
93	-155.901	11	  32.276	 -13.280	 105.943
94	-154.586	14	  30.749	 -25.578	 103.067
95	-152.790	15	  13.814	  35.387	 114.730
96	-151.862	14	  -3.717	  32.863	 113.440
97	-147.076	14	 -12.577	  29.998	 113.209
98	-143.902	14	  54.881	 -15.812	 105.256
99	-138.707	11	  52.666	 -39.151	 133.709
100	-135.844	13	  -8.710	  21.795	 136.592
101	-135.036	13	  -6.006	  30.023	 130.350
102	-133.101	13	  47.433	 -28.406	 144.456
103	-130.987	10	  -1.026	  -1.416	 137.715
104	-129.004	13	  -4.968	 -11.098	 135.932
105	-121.253	12	  56.291	 -10.643	 112.656
106	-118.642	12	 -18.403	   9.622	 136.961
107	-115.679	12	  46.950	  -2.017	 136.005
108	-108.133	10	  -2.505	  12.127	 141.986
109	-106.650	9	  21.520	 -27.681	 128.113
110	-103.986	10	  16.088	 -39.291	 137.465
111	 -97.754	9	  -9.496	  27.969	 105.802
112	 -95.114	9	 -18.605	  28.529	 106.703
113	 -91.650	9	  11.936	   3.252	 140.441
114	 -89.790	9	 -10.413	  20.583	 105.238
115	 -85.538	8	 -14.889	   1.332	 126.362
116	 -84.531	9	 -18.284	  20.343	 111.031
117	 -79.234	8	  46.374	 -16.639	 103.749
118	 -78.080	8	   3.440	  11.064	 103.740
119	 -77.371	8	 -10.029	  12.252	 141.286
120	 -77.092	8	  26.557	 -44.994	 115.375
121	 -75.185	7	  23.655	 -41.703	 138.741
122	 -66.604	7	  13.897	 -46.746	 138.641
123	 -65.186	6	  47.508	   1.398	 127.765
124	 -59.700	6	  17.048	 -25.239	 133.740
125	 -59.313	6	  22.820	 -26.684	 102.631
126	 -52.418	5	  -6.145	  -4.302	 115.687
127	 -40.057	4	  21.676	  25.898	 110.996
128	 -32.881	3	  42.322	 -21.741	 142.542
129	 -29.468	3	 -13.985	  25.528	 118.893
130	 -28.738	3	  -5.198	   2.259	 104.527
131	 -28.185	3	  -1.954	  28.896	 101.566
132	 -27.946	3	  31.046	 -43.734	 142.903
133	 -27.511	3	  16.008	 -28.665	 111.872
134	 -19.103	2	  58.046	  -2.741	 119.764
135	 -10.242	1	  13.046	  27.259	 100.238
136	 -10.104	1	  26.046	  -7.741	 104.238
137	  -9.978	1	  31.046	 -24.741	 143.238
138	  -9.937	1	  38.046	   1.259	 141.238
139	  -9.744	1	   4.046	 -14.741	 103.238
140	  -9.643	1	  61.046	 -18.741	 115.238
141	  -9.312	1	  15.046	 -30.741	 140.238
142	  -9.241	1	  -3.954	   2.259	 144.238
143	  -9.190	1	  -7.954	  -4.741	 141.238
144	  -9.055	1	  50.046	 -35.741	 147.238
145	  -9.008	1	  43.046	 -40.741	 106.238
146	  -8.992	1	   4.046	 -19.741	 122.238
