1	-1126.408	91	  13.930	 -12.973	  21.310
2	-806.424	74	  14.017	 -12.103	  11.606
3	-708.610	42	   3.062	 -13.490	  30.982
4	-570.964	50	  -2.914	  -5.128	  25.145
5	-547.251	50	  15.164	   1.251	  37.729
6	-492.404	42	  -2.530	  13.824	  27.157
7	-423.528	39	  32.313	  -7.233	  23.033
8	-417.327	26	   3.213	   4.525	  11.729
9	-410.815	36	  22.304	 -15.342	  24.927
10	-395.255	38	   2.519	 -18.858	  24.292
11	-384.587	35	   2.834	  -1.830	  39.305
12	-380.350	35	  18.742	 -17.291	  38.032
13	-359.930	33	   1.943	   9.898	  37.574
14	-359.914	33	  16.655	   8.781	   1.582
15	-335.950	32	  20.364	  14.434	  18.851
16	-318.824	30	  26.260	   4.595	  31.609
17	-318.658	30	  -2.498	 -11.469	  18.037
18	-297.032	26	  29.628	  -3.499	  11.513
19	-277.688	27	  24.349	 -12.820	   7.651
20	-254.908	24	  11.345	  15.408	  33.894
21	-252.025	21	  13.321	  18.255	  24.855
22	-241.272	23	  32.177	   2.655	  18.082
23	-236.739	24	   9.654	 -17.941	  36.871
24	-213.455	21	   4.073	  17.610	  11.606
25	-208.594	20	  -5.965	   9.227	  14.965
26	-205.328	19	  -8.206	   5.616	  26.189
27	-203.180	20	  10.588	   5.989	  -1.208
28	-201.345	20	   0.158	   2.548	  -1.678
29	-187.121	17	  23.140	  -8.282	   1.041
30	-175.361	16	  -5.074	   0.054	  17.648
31	-174.341	16	  24.319	  -5.481	  36.728
32	-169.801	17	  -1.473	   0.952	   5.727
33	-141.258	14	  29.540	  11.112	   8.896
34	-135.821	13	  27.799	   3.031	   2.662
35	-123.372	12	  14.425	  17.355	   8.624
36	-112.335	11	  -3.862	  -3.007	  34.860
37	-105.981	11	   3.309	  -9.349	  -2.250
38	-102.038	10	  30.013	 -16.584	  13.327
39	-101.162	10	   1.167	  19.771	  22.709
40	-100.892	10	  10.442	 -11.349	  -0.677
41	-100.414	10	   0.320	 -11.243	   6.588
42	 -99.129	10	  31.685	  13.141	  23.781
43	 -80.369	8	  22.936	  12.644	  30.599
44	 -65.737	6	   5.943	 -17.735	  13.220
45	 -62.415	6	   6.366	  -1.080	  -6.178
46	 -61.474	5	  10.840	 -14.429	  28.230
47	 -40.570	4	  24.643	 -17.157	  31.853
48	 -40.201	4	  15.948	 -12.188	  43.608
49	 -39.051	4	  30.929	  16.045	  14.372
50	 -32.618	3	   4.302	  11.252	   4.129
51	 -30.376	3	   1.949	  17.560	  32.658
52	 -19.400	2	  15.092	  -4.939	  -4.402
53	 -17.654	1	  20.643	  -5.429	  27.129
54	 -12.020	1	   3.643	   5.571	  21.129
55	  -9.764	1	  32.643	   2.571	  26.129
56	  -9.055	1	  24.643	 -21.429	  13.129
