1	-858.321	64	  57.597	  76.673	 -17.289
2	-423.703	41	  63.038	  64.924	 -17.244
3	-387.647	32	  46.593	  78.408	   4.323
4	-363.272	31	  47.678	  85.562	  -4.534
5	-361.515	34	  52.669	  66.840	   3.543
6	-358.579	33	  54.742	  68.804	 -20.794
7	-325.486	30	  39.062	  69.440	 -21.461
8	-294.062	28	  71.462	  68.321	 -15.063
9	-270.621	22	  50.864	  83.004	 -22.041
10	-249.089	22	  52.560	  53.838	 -19.111
11	-245.416	20	  62.541	  54.234	 -12.936
12	-235.218	23	  36.713	  78.211	 -11.754
13	-231.342	22	  59.575	  92.868	 -13.968
14	-215.623	21	  56.946	  49.383	  -4.979
15	-208.239	21	  58.164	  60.984	   5.671
16	-192.178	19	  41.447	  57.385	 -19.651
17	-187.426	18	  42.036	  66.885	   1.575
18	-185.447	18	  45.378	  50.980	   0.330
19	-179.801	11	  57.365	  60.838	  -2.384
20	-169.571	16	  72.023	  68.738	  -5.360
21	-168.445	14	  56.496	  75.531	   4.001
22	-166.805	14	  39.146	  53.251	  -8.404
23	-154.828	15	  36.525	  78.278	  -3.516
24	-154.795	15	  69.320	  81.919	 -14.525
25	-140.344	13	  48.536	  70.559	 -23.487
26	-120.977	11	  58.604	  88.894	  -2.808
27	-120.030	12	  35.785	  62.648	  -2.267
28	-119.187	12	  39.621	  81.723	 -19.176
29	-116.392	11	  68.547	  64.252	   1.481
30	-113.116	11	  65.095	  54.225	  -0.520
31	 -96.641	9	  66.505	  77.648	  -0.776
32	 -86.877	8	  49.342	  49.254	 -12.509
33	 -82.744	4	  62.373	  83.389	 -10.926
34	 -81.570	8	  44.540	  87.309	 -19.495
35	 -75.733	7	  43.821	  88.299	 -11.276
36	 -67.104	7	  71.745	  75.559	  -9.132
37	 -62.865	6	  51.532	  96.137	 -12.176
38	 -60.331	6	  63.826	  86.554	 -20.013
39	 -57.448	6	  48.621	  60.094	 -24.580
40	 -52.474	5	  56.535	  89.708	 -20.355
41	 -51.708	5	  68.575	  84.696	  -5.838
42	 -48.413	5	  33.389	  65.205	 -13.588
43	 -46.988	5	  31.572	  70.561	  -3.879
44	 -29.345	3	  51.936	  85.496	   5.216
45	 -19.285	2	  62.612	  69.137	   3.039
46	 -19.185	2	  47.136	  79.137	 -14.425
47	 -18.540	2	  35.596	  55.645	 -14.917
48	 -10.061	1	  57.612	  67.137	 -10.425
49	  -9.065	1	  70.612	  58.137	 -11.425
