1	-1245.483	98	  19.379	  60.553	  -2.570
2	-836.119	68	  29.034	  65.027	  -1.937
3	-465.643	43	   8.621	  48.987	   8.186
4	-352.688	33	  30.069	  54.969	  -7.471
5	-289.082	27	  30.686	  69.477	   8.916
6	-282.827	27	  22.705	  57.472	  -9.399
7	-268.489	26	  21.206	  61.680	  14.923
8	-246.340	23	  20.058	  69.391	   7.646
9	-243.583	23	  39.808	  61.499	   4.058
10	-232.597	22	  22.509	  48.363	   5.194
11	-225.176	21	  35.050	  55.395	   7.147
12	-219.558	20	  17.817	  44.838	  -6.706
13	-218.732	21	  39.493	  52.884	  -3.750
14	-176.643	17	  26.535	  47.512	  -5.950
15	-171.502	16	  16.364	  52.253	  14.874
16	-151.061	13	  10.638	  42.185	   0.091
17	-145.405	14	   4.443	  49.629	 -11.271
18	-129.325	13	  20.833	  53.171	 -15.105
19	-128.597	11	  39.847	  65.466	  -4.600
20	-126.266	13	   7.676	  60.201	   8.914
21	-120.718	12	   2.110	  49.198	  -2.914
22	 -97.357	10	  17.841	  43.926	 -14.491
23	 -91.025	9	  11.724	  64.433	  -1.444
24	 -81.408	8	  28.101	  58.637	  15.795
25	 -77.518	8	  10.235	  50.004	 -18.034
26	 -73.499	7	   7.438	  41.102	 -10.842
27	 -68.410	7	  32.779	  46.774	  -2.520
28	 -38.082	4	   7.343	  58.355	 -13.982
29	 -22.745	2	  12.575	  62.910	  -9.672
30	  -9.150	1	  41.097	  58.910	  -9.672
