1	-806.341	72	   6.073	  -5.266	   5.349
2	-642.332	52	  -4.873	   2.041	  14.553
3	-595.539	54	   3.418	 -12.112	  12.858
4	-529.228	45	   5.734	  -5.065	  25.314
5	-480.867	42	 -25.466	  -0.680	  31.846
6	-436.320	35	 -11.077	 -10.603	  -3.210
7	-362.085	34	 -11.917	   8.058	  30.564
8	-353.291	32	 -11.122	 -19.061	  17.634
9	-350.302	30	 -25.474	   6.836	   5.601
10	-349.205	33	 -11.787	  15.092	   9.341
11	-346.277	29	  11.697	  -1.501	  13.811
12	-339.127	30	  -0.212	  11.227	  24.835
13	-335.189	31	 -17.035	  -9.668	  37.245
14	-323.954	31	 -24.163	 -12.629	  15.922
15	-289.661	27	 -19.484	   8.631	  32.376
16	-270.874	27	 -27.164	  -4.805	  15.888
17	-245.543	24	  11.417	   2.796	  25.779
18	-206.149	20	   0.543	  -7.905	  -6.953
19	-179.867	17	  -3.174	  -9.881	  31.438
20	-175.683	17	  -6.803	  -4.478	  38.126
21	-157.733	15	  -1.334	   3.079	  35.066
22	-155.394	14	 -24.636	  -2.652	   5.173
23	-153.175	15	  -5.315	  20.491	  22.288
24	-146.676	14	 -11.794	   7.911	  -3.460
25	-141.214	14	 -18.301	 -13.835	  26.248
26	-120.904	12	 -25.615	  15.663	  12.089
27	-116.883	11	 -19.271	   0.959	  -3.481
28	-102.625	10	  -6.182	 -18.557	   4.694
29	-100.182	10	  -6.920	   6.884	   8.031
30	 -98.945	8	  -2.910	 -12.868	  23.062
31	 -94.764	9	 -15.305	  20.053	  16.999
32	 -89.028	9	   2.422	   4.534	  11.849
33	 -86.635	9	   1.384	   1.402	  -4.789
34	 -71.762	7	 -27.822	   3.072	  18.062
35	 -69.579	7	  12.784	 -10.155	  17.544
36	 -67.934	7	 -10.261	   1.732	  37.055
37	 -67.811	7	  -7.109	   2.133	  -7.101
38	 -62.541	6	  -7.781	 -16.474	  32.549
39	 -61.387	6	 -26.977	   6.606	  27.475
40	 -41.865	4	  -4.028	 -13.932	  -3.414
41	 -40.372	2	 -18.806	  10.797	  11.521
42	 -40.272	4	  -0.365	   3.818	   2.257
43	 -39.522	4	 -21.191	 -13.499	   1.757
44	 -30.162	3	 -14.437	  -5.012	  -6.966
45	 -29.777	3	   6.568	   7.936	  20.711
46	 -28.856	3	 -18.806	 -21.324	   7.050
47	 -19.881	2	 -17.283	  17.310	  24.034
48	 -19.277	2	 -24.793	  -6.210	  36.554
49	 -18.470	2	  -8.310	  15.814	  30.034
50	  -9.832	1	 -22.806	  -6.690	  -0.966
