1	-603.217	49	  -4.694	   1.699	  14.485
2	-585.759	51	   6.076	  -4.768	   5.524
3	-497.605	43	 -25.324	  -0.803	  31.505
4	-411.767	35	   5.502	  -5.530	  24.651
5	-407.952	35	   3.492	 -11.822	  15.263
6	-407.676	39	 -16.770	  -9.771	  37.010
7	-386.421	32	  11.568	  -1.430	  13.756
8	-361.261	33	 -11.030	 -19.079	  17.611
9	-359.570	32	 -11.918	   7.372	  30.678
10	-353.814	33	 -19.607	   8.544	  32.355
11	-307.283	26	 -25.692	   6.744	   5.779
12	-280.261	26	  -0.151	  10.715	  25.909
13	-258.853	24	 -24.489	 -12.318	  15.679
14	-255.441	24	 -11.826	  15.448	   9.591
15	-240.257	23	   3.498	 -12.154	   7.772
16	-233.169	23	 -27.214	  -5.057	  14.695
17	-218.207	21	 -24.279	  -2.838	   3.839
18	-217.870	18	 -11.614	 -10.009	  -3.565
19	-208.681	20	  -2.699	  -9.689	  31.273
20	-192.349	18	  -7.766	  -5.697	  37.730
21	-189.787	19	  11.699	   2.506	  25.940
22	-187.536	18	  -3.584	   2.955	  35.313
23	-161.264	16	 -11.699	   8.803	  -2.248
24	-154.493	14	   2.465	  -8.456	  -6.686
25	-151.870	15	 -19.086	   0.399	  -3.549
26	-151.235	15	  -6.074	  20.975	  21.085
27	-126.384	13	 -28.025	   4.188	  18.362
28	-122.681	12	 -17.728	 -14.058	  25.824
29	-116.767	12	   1.116	   1.304	  -4.671
30	 -92.359	9	 -15.311	  20.044	  17.007
31	 -87.849	9	  13.151	  -9.763	  17.580
32	 -86.306	7	  -2.905	 -12.709	  23.140
33	 -86.012	9	  -7.090	   7.269	   8.214
34	 -80.416	8	  -4.892	 -18.262	   4.704
35	 -70.671	7	 -20.533	 -14.303	   1.692
36	 -67.253	7	   3.672	   4.911	  11.790
37	 -67.207	7	  -7.052	   2.201	  -6.956
38	 -61.544	6	 -26.488	   6.923	  27.007
39	 -58.486	6	  -7.468	 -16.339	  32.709
40	 -58.462	6	 -25.096	  15.824	  11.191
41	 -56.870	6	 -16.413	 -21.011	   4.840
42	 -56.036	6	   0.365	  15.179	  18.177
43	 -33.169	2	 -18.788	  10.789	  11.494
44	 -30.537	3	   9.365	   7.012	  20.090
45	 -27.987	3	  -4.777	  -5.035	  -7.978
46	 -20.681	2	 -17.237	  17.317	  24.022
47	 -19.984	2	  -1.283	   4.317	   2.022
48	 -19.002	2	  -8.285	  15.814	  30.022
49	 -18.062	2	 -24.777	  -6.694	  36.539
50	  -9.958	1	 -15.788	   1.317	  41.022
