1	-836.978	75	   4.340	  -2.672	   6.383
2	-515.555	45	 -25.344	  -0.690	  31.719
3	-496.125	46	 -12.881	   6.601	  31.795
4	-493.534	39	  -5.370	   1.938	  15.593
5	-468.447	40	 -10.020	 -10.794	  -3.158
6	-447.994	38	   5.872	  -5.337	  24.817
7	-440.719	38	   3.408	 -11.793	  15.050
8	-380.510	34	 -25.895	   7.241	   5.754
9	-366.188	28	  11.845	  -1.498	  13.779
10	-336.915	31	  -0.255	  10.671	  25.860
11	-312.834	30	 -24.364	 -12.043	  16.017
12	-305.585	28	 -17.160	  -9.472	  37.188
13	-289.221	26	 -11.987	 -18.962	  17.813
14	-264.304	25	 -20.476	   0.814	  -1.858
15	-249.583	25	 -27.166	  -5.195	  14.832
16	-242.918	24	  -9.418	   9.758	   7.642
17	-236.419	22	  -3.696	 -10.341	  31.703
18	-211.385	21	  12.258	   2.547	  25.200
19	-197.945	19	   4.070	 -11.859	   7.742
20	-163.538	15	   2.090	  -8.521	  -6.679
21	-161.514	15	  -0.697	   2.716	  35.480
22	-146.937	15	   0.915	   5.461	  13.045
23	-145.270	13	 -11.878	  17.181	  11.395
24	-145.253	14	 -11.891	   8.205	  -3.201
25	-131.476	13	 -16.343	 -14.846	  26.320
26	-114.659	11	 -23.860	   9.284	  27.927
27	-113.642	12	 -27.967	   3.995	  18.904
28	-107.993	11	   1.195	   1.193	  -4.976
29	 -93.773	9	 -15.942	  19.641	  19.283
30	 -93.421	9	  -5.832	  -2.281	  39.501
31	 -80.875	8	   8.042	   7.336	  19.927
32	 -76.845	7	 -25.578	  13.633	  14.614
33	 -71.884	7	 -20.767	 -14.077	   1.744
34	 -67.401	7	  -5.654	  -5.312	  -7.817
35	 -63.101	4	 -18.808	  11.178	  11.534
36	 -62.230	6	  -3.166	 -13.628	  23.674
37	 -58.494	6	  14.030	  -8.566	  18.287
38	 -56.603	6	 -18.442	  -1.056	  41.692
39	 -51.628	5	  -4.020	 -17.409	   3.599
40	 -48.520	5	  -7.519	  21.685	  20.602
41	 -48.274	5	   0.591	  14.554	  18.632
42	 -47.898	5	  -6.993	   2.182	  -6.942
43	 -42.261	4	   8.437	  -5.671	   0.479
44	 -30.232	3	  -3.808	 -20.291	  17.057
45	 -30.128	3	   0.165	   3.681	   2.342
46	 -29.633	3	 -10.808	 -20.339	   6.403
47	 -29.202	3	 -19.470	 -20.986	   7.401
48	 -28.107	3	 -26.506	  -1.334	   6.452
49	 -19.609	2	 -13.808	  -5.140	  -6.960
50	 -18.959	2	   2.717	 -14.648	   0.089
51	 -18.817	2	 -24.292	  -7.143	   0.524
52	 -18.336	2	  -7.310	  15.850	  29.542
