1	-821.606	71	  19.698	  40.163	  35.346
2	-817.359	77	  44.642	  38.465	  21.494
3	-784.219	69	  41.830	  25.286	  42.372
4	-749.153	67	  40.868	   7.528	  43.204
5	-732.341	66	  31.161	  33.382	  40.948
6	-729.658	64	  20.906	  51.242	  21.974
7	-724.025	67	  17.248	  14.643	  32.628
8	-705.949	56	  36.982	  48.750	  35.693
9	-654.400	54	  25.069	  19.362	  49.742
10	-644.457	59	  14.896	  21.254	  30.396
11	-610.434	56	  27.742	  54.833	  30.322
12	-604.594	54	  51.186	  22.084	  26.859
13	-569.391	54	  47.421	  47.708	  25.353
14	-524.013	50	  12.598	  13.633	  18.581
15	-489.733	46	  47.494	  32.343	  24.804
16	-451.719	40	  20.183	  27.456	  16.475
17	-449.436	38	  40.233	  18.243	  21.046
18	-408.901	37	  30.393	  -0.966	  29.845
19	-405.481	39	  19.079	  26.720	  54.268
20	-377.394	32	  11.336	  29.522	  23.960
21	-376.030	35	  48.935	  28.586	  10.601
22	-371.630	33	  36.352	  10.844	  48.365
23	-366.442	34	  43.330	  47.436	  44.275
24	-335.926	30	  36.669	  56.218	  17.480
25	-333.997	32	  50.637	  37.787	   5.807
26	-318.600	29	  46.420	  24.343	  17.107
27	-313.107	28	  16.214	  21.114	  18.250
28	-304.160	28	  44.046	   2.497	  31.726
29	-302.730	26	  30.534	  45.714	   7.039
30	-302.036	29	  24.491	  31.736	  46.689
31	-298.262	29	  10.646	   3.524	  22.643
32	-287.196	27	  17.776	  44.624	  11.109
33	-277.806	26	  24.764	   0.838	  44.052
34	-271.167	26	  22.533	  -3.056	  35.115
35	-266.226	25	  36.842	  49.647	   6.973
36	-257.230	24	  48.847	   9.847	  34.547
37	-250.445	24	  11.287	   9.369	  34.193
38	-244.531	22	  10.276	  38.348	  28.612
39	-243.551	24	  50.300	  29.061	  45.123
40	-239.022	24	  37.724	  38.155	   3.588
41	-238.250	22	  14.156	  12.701	  41.973
42	-229.049	21	  12.150	  42.107	  19.169
43	-224.448	22	  29.090	  33.087	   4.842
44	-220.613	21	  51.369	  20.826	  37.479
45	-185.333	18	  27.565	   5.132	  18.879
46	-182.426	18	  12.378	  38.222	  42.581
47	-173.131	17	  34.746	  39.823	  41.399
48	-154.853	16	  20.457	   5.091	  48.241
49	-147.227	14	   6.056	  34.192	  35.332
50	-146.124	14	  55.907	  30.311	  37.377
51	-145.096	8	  31.053	  19.683	  12.083
52	-139.166	12	  25.804	  10.950	  56.706
53	-137.857	13	  18.952	  52.091	   8.958
54	-132.190	13	  36.320	   7.677	  16.768
55	-128.022	13	  11.254	  28.600	  52.925
56	-127.473	11	  31.201	  13.130	   6.786
57	-126.796	12	  40.781	  38.338	  46.118
58	-124.379	11	  29.670	  46.727	  36.201
59	-122.300	12	  38.261	  58.975	  36.916
60	-116.880	12	  51.298	  46.124	  44.198
61	-112.173	11	   5.365	  21.562	  28.054
62	-109.427	10	  23.955	  15.550	   9.065
63	-109.306	11	  40.174	  57.030	  23.651
64	-108.501	11	   5.121	  24.297	  49.696
65	-103.817	10	  51.896	  41.411	  17.637
66	-101.527	10	  49.383	  48.205	   8.062
67	-101.225	9	  32.641	  -5.385	  41.444
68	 -99.198	10	  20.474	  -1.596	  23.974
69	 -97.580	8	   3.160	  25.046	  42.784
70	 -92.713	8	  31.880	  20.794	  48.402
71	 -91.762	7	  42.545	  31.823	  16.827
72	 -88.660	8	  28.996	  58.009	  11.167
73	 -83.814	8	  13.647	  47.892	  25.753
74	 -78.735	8	  35.227	  20.381	   4.935
75	 -74.698	8	  55.090	  50.941	  31.550
76	 -73.570	7	  58.946	  40.267	  34.725
77	 -70.434	7	  56.549	  47.572	  38.040
78	 -67.681	7	  45.014	  60.423	  30.509
79	 -66.658	7	  49.144	  55.906	  39.122
80	 -60.791	6	  11.374	  -0.904	  31.774
81	 -59.670	6	  21.564	  18.327	  59.254
82	 -52.422	5	  14.851	   9.568	  55.576
83	 -51.141	5	  55.607	  27.390	  21.784
84	 -50.848	5	  42.156	  -4.112	  35.600
85	 -50.769	5	  47.603	  48.588	  16.611
86	 -49.465	5	  46.847	  14.178	  22.996
87	 -48.932	5	  38.415	  27.544	   5.784
88	 -48.679	5	  58.468	  33.321	  25.802
89	 -39.301	4	  40.072	  -0.389	  43.552
90	 -39.052	4	  11.345	  18.072	  56.782
91	 -38.916	4	  22.105	   8.820	  15.545
92	 -38.896	4	  20.586	  29.354	   8.291
93	 -32.364	3	  21.840	  56.223	  16.071
94	 -31.608	3	   7.526	  15.269	  50.782
95	 -29.311	3	  45.658	  24.247	  32.126
96	 -28.890	2	  21.059	  13.737	  24.784
97	 -28.298	3	  51.520	  36.565	  45.440
98	 -19.640	2	  51.372	  31.773	   1.188
99	 -19.625	2	  32.335	  -0.924	  50.784
100	 -19.050	2	  45.898	  15.581	  46.726
101	 -18.919	2	  26.328	  25.581	   1.296
102	 -16.256	1	  28.840	  17.581	  26.784
103	 -15.993	1	  14.840	   5.581	  28.784
104	 -11.279	1	  32.840	  24.581	  30.784
105	 -10.583	1	  33.840	  39.581	  19.784
106	  -9.778	1	  31.840	  31.581	  19.784
