1	-1089.253	99	   7.007	  -3.371	  70.565
2	-1079.836	97	  13.883	   2.695	  57.296
3	-876.748	78	 -16.081	   2.120	  72.198
4	-836.124	72	  -7.754	  -3.711	  52.688
5	-828.201	76	  15.769	   6.566	  74.434
6	-812.192	71	  39.001	   4.013	  81.273
7	-787.708	68	  46.675	  -2.437	  62.286
8	-785.710	69	  27.043	  -4.886	  48.058
9	-783.844	73	  23.684	  -4.862	  64.060
10	-779.240	62	  18.522	   6.713	  99.701
11	-727.382	66	   6.198	  -7.333	  36.669
12	-660.044	59	   3.663	   5.252	  85.376
13	-652.960	59	  32.286	 -12.059	  51.915
14	-623.404	57	   9.475	  11.728	  40.507
15	-617.905	56	  26.499	   9.313	  95.244
16	-598.174	55	  -7.354	 -15.119	  74.640
17	-582.308	48	  19.707	   8.310	  41.463
18	-557.204	50	  22.367	  23.021	  83.387
19	-553.699	49	  20.896	  -7.734	  71.342
20	-550.318	51	  -2.062	  -2.217	  85.896
21	-544.504	47	  41.188	  -8.269	  75.952
22	-522.053	46	  38.354	 -17.777	  67.232
23	-477.902	44	   5.762	 -14.658	  78.413
24	-462.157	43	  13.678	  20.139	  74.089
25	-456.955	41	  22.942	   0.749	  41.993
26	-451.537	42	  17.377	  13.591	  50.159
27	-422.386	38	  26.963	 -18.310	  63.727
28	-411.458	38	  13.342	  -7.854	  65.635
29	-405.676	37	   2.698	  11.719	  49.144
30	-404.482	32	   0.624	  19.087	  78.811
31	-402.935	38	  32.559	  -1.648	  98.012
32	-395.613	39	  46.143	  13.876	  54.645
33	-393.181	37	  -3.913	  13.901	  84.374
34	-385.820	38	 -15.487	  18.074	  68.837
35	-373.280	34	  33.361	 -13.602	  75.210
36	-366.510	34	  24.427	 -14.973	  43.231
37	-364.398	34	  49.561	  10.927	  66.071
38	-356.794	34	  12.900	 -15.951	  70.586
39	-356.618	34	  15.131	  14.032	  63.269
40	-355.805	32	   7.888	  12.682	  87.475
41	-348.204	35	   8.421	 -24.095	  42.468
42	-342.039	29	  31.396	  16.168	  83.563
43	-341.635	33	  -2.968	 -15.681	  66.476
44	-335.322	28	  23.024	 -20.097	  51.206
45	-332.608	30	   8.136	  20.386	  83.701
46	-325.283	30	  19.744	 -14.287	  30.079
47	-317.697	30	  28.226	  18.836	  76.113
48	-315.572	29	   6.573	  -1.674	  94.774
49	-313.366	30	  23.353	  18.600	  66.445
50	-312.513	30	  22.090	  -9.249	  99.295
51	-304.417	20	  22.074	  -2.888	  56.092
52	-288.802	27	  24.443	 -16.183	  78.017
53	-285.631	27	 -18.610	   9.699	  86.728
54	-285.099	25	  49.464	  -2.456	  44.538
55	-284.429	25	  21.255	   1.762	  70.937
56	-281.700	26	  10.127	   5.091	 104.501
57	-273.098	27	  -1.774	 -27.187	  49.860
58	-265.405	26	  19.599	 -26.662	  49.307
59	-265.191	26	  38.627	  23.266	  62.902
60	-264.481	25	   7.898	  16.041	  57.771
61	-257.360	24	  34.147	   5.317	  44.468
62	-255.259	24	  20.070	   5.862	  64.826
63	-254.952	24	  10.982	   6.191	  65.832
64	-254.179	25	  34.021	  17.465	  47.291
65	-240.833	22	   6.075	   2.915	  22.973
66	-226.715	21	   6.694	 -20.361	  64.793
67	-219.709	13	   8.414	   2.916	  77.481
68	-217.273	21	 -18.612	  10.121	  61.646
69	-211.521	20	  49.217	   3.736	  54.273
70	-209.558	17	  20.054	  12.563	  71.489
71	-209.543	20	  -0.416	   4.851	  41.751
72	-205.707	19	  -6.751	   3.722	  45.708
73	-202.558	18	  27.244	  20.773	  58.416
74	-198.783	19	  -2.713	  26.082	  73.873
75	-198.232	17	  -9.338	 -11.165	  61.074
76	-190.534	18	  50.253	   4.486	  64.109
77	-189.950	17	   0.762	 -10.699	  87.252
78	-189.841	18	  -3.934	 -16.301	  42.583
79	-186.394	18	 -14.103	 -11.531	  66.561
80	-183.092	16	  23.342	  25.851	 102.679
81	-181.998	18	  12.610	  25.918	  92.471
82	-180.866	16	  18.301	 -17.681	  83.543
83	-178.880	17	   4.032	  22.715	  63.755
84	-177.691	17	  43.732	  10.319	  46.151
85	-175.680	17	 -11.719	 -13.179	  87.878
86	-175.084	17	  27.887	 -17.253	  90.919
87	-161.881	14	  37.824	  15.458	  80.972
88	-159.363	11	   1.005	  -3.573	  58.648
89	-157.586	11	  -4.621	  -9.778	  80.558
90	-154.436	14	  13.676	 -25.687	  60.611
91	-153.720	15	  14.014	  -5.162	 103.837
92	-151.319	13	 -16.446	 -13.326	  81.956
93	-148.811	15	   1.126	 -26.846	  58.035
94	-146.783	13	 -24.320	 -10.883	  80.483
95	-145.109	14	  41.921	 -21.922	  54.984
96	-144.372	14	  46.171	   5.922	  78.712
97	-142.082	14	 -14.160	  -3.145	  91.350
98	-132.421	13	  56.066	 -16.615	  60.414
99	-129.575	13	  13.590	  10.163	 108.956
100	-128.416	10	   6.808	 -11.681	  67.933
101	-128.292	12	  19.834	 -19.054	  66.230
102	-126.088	12	  10.444	 -17.358	  31.925
103	-125.565	12	   9.042	  19.411	  99.064
104	-124.492	12	  11.327	 -14.396	  95.375
105	-124.401	12	  -8.463	  23.699	  60.844
106	-122.767	11	  36.398	  -2.114	  44.041
107	-122.731	12	  -5.101	  21.552	  55.205
108	-121.270	12	  38.722	  12.719	  92.825
109	-119.952	12	  56.744	  -4.511	  55.285
110	-118.775	11	  23.258	  13.361	 107.459
111	-113.009	11	  18.781	   8.078	  30.135
112	-112.373	11	   5.962	  -9.816	  25.087
113	-110.900	10	  30.587	 -19.566	  55.449
114	-109.512	11	  17.163	 -23.536	  38.211
115	-106.050	6	  45.031	  -4.513	  50.237
116	-105.193	6	  35.053	 -15.277	  60.072
117	-103.898	10	   9.756	   7.919	  30.060
118	-103.576	7	  15.439	  18.533	  84.904
119	-102.078	9	  46.220	  21.333	  68.151
120	-101.959	10	  35.521	 -13.352	  95.400
121	-101.643	9	  44.149	 -15.676	  47.785
122	-101.200	9	 -14.890	  18.679	  55.038
123	-100.243	10	  40.443	  -2.564	  91.304
124	-100.089	10	 -14.280	  -0.797	  52.826
125	 -99.652	10	  16.794	  23.181	 110.722
126	 -98.431	10	  -7.439	  14.774	  47.957
127	 -96.125	9	 -15.052	  -7.653	  58.438
128	 -93.142	9	  21.841	  -0.657	  28.821
129	 -89.182	9	  -8.281	  -1.674	  37.767
130	 -85.837	9	 -20.453	  12.226	  77.663
131	 -84.608	8	 -15.016	  18.227	  76.582
132	 -82.719	6	  30.450	   0.311	  76.098
133	 -81.583	8	  39.027	  22.341	  75.154
134	 -72.145	7	  59.419	 -14.783	  49.424
135	 -67.971	7	  20.450	  26.501	  93.582
136	 -64.773	6	  31.570	  12.379	 101.044
137	 -61.829	6	  49.429	   5.498	  43.931
138	 -59.426	6	 -24.218	  -0.778	  68.770
139	 -59.004	6	  -7.723	 -22.295	  59.230
140	 -58.666	6	   0.140	 -22.085	  37.929
141	 -57.784	6	  -1.772	  -9.031	  34.160
142	 -57.006	6	 -10.571	 -15.569	  48.921
143	 -53.661	5	  31.175	 -10.961	 105.070
144	 -52.843	5	 -15.767	   6.770	  52.160
145	 -50.253	4	  47.630	 -19.210	  61.407
146	 -50.245	5	  50.154	  -3.886	  76.178
147	 -50.113	5	   8.635	 -30.156	  49.714
148	 -49.845	5	  53.107	 -13.431	  67.919
149	 -48.986	5	  37.519	 -16.254	  87.086
150	 -42.578	3	 -13.824	   6.241	  81.337
151	 -41.985	4	  55.420	  -1.004	  66.508
152	 -41.263	4	 -26.353	  -0.310	  76.255
153	 -39.661	4	 -30.867	  -6.688	  77.280
154	 -38.749	4	  -1.549	  -0.810	  25.193
155	 -38.609	4	  14.008	  -5.408	  16.901
156	 -38.458	4	   6.468	  -6.771	  17.713
157	 -30.530	3	 -27.232	   6.795	  83.297
158	 -30.530	3	  46.110	  13.878	  76.050
159	 -29.581	3	  38.429	 -10.077	  45.402
160	 -29.346	3	  -9.883	  22.229	  80.320
161	 -29.313	3	  17.734	 -21.455	  31.110
162	 -28.384	3	 -22.532	  -6.904	  62.121
163	 -28.170	3	  28.460	  24.198	  96.327
164	 -28.108	3	  -9.933	   3.570	  91.412
165	 -27.635	3	 -32.216	  -1.739	  85.054
166	 -27.472	3	 -26.894	  -2.428	  91.402
167	 -21.338	2	  22.429	 -16.771	  97.221
168	 -21.327	2	  15.947	  -9.253	  34.731
169	 -20.276	2	  25.884	  -6.226	  37.097
170	 -18.973	2	 -22.997	  -8.820	  88.157
171	 -18.209	2	 -25.068	 -10.771	  71.228
172	 -16.920	1	  28.429	  10.229	  48.731
173	 -10.391	1	  35.429	  19.229	  55.731
174	  -9.245	1	  53.429	  19.229	  58.731
175	  -9.148	1	  26.429	  20.229	 110.731
176	  -9.102	1	  14.429	 -13.771	  20.731
177	  -9.011	1	  33.429	  20.229	 101.731
