1	-1724.963	159	  -8.587	  16.972	  25.828
2	-812.496	76	 -11.689	  14.149	  33.246
3	-376.961	33	 -16.956	  12.803	   4.390
4	-367.729	32	  -8.405	   4.442	  14.123
5	-353.536	34	 -26.446	  22.930	  30.091
6	-344.737	32	  -6.599	  34.532	  25.741
7	-341.925	32	 -16.374	  22.157	  41.920
8	-335.519	32	 -12.576	   5.431	  26.417
9	-267.726	24	  -9.897	  25.720	  15.249
10	-260.067	22	 -18.992	  33.262	  18.730
11	-256.334	23	 -22.545	  11.351	  26.209
12	-241.529	22	 -18.599	  33.487	  38.247
13	-238.305	22	   1.013	  12.812	  28.578
14	-238.152	21	  -2.674	  21.262	  51.730
15	-234.675	22	   2.715	  11.249	  39.823
16	-201.975	17	 -30.920	  19.238	  17.637
17	-169.544	15	  -2.177	  36.967	  38.227
18	-163.031	16	 -23.092	  28.522	  11.853
19	-150.125	14	   1.485	  24.353	  29.789
20	-145.885	14	 -18.755	  38.437	  30.724
21	-143.600	14	  -4.038	   4.134	  22.834
22	-142.597	14	 -11.989	  34.057	  44.981
23	-141.357	14	   6.895	  17.950	  45.014
24	-122.709	11	 -27.051	  15.309	   9.880
25	-104.177	10	 -17.733	   3.514	   8.256
26	 -91.627	9	 -10.770	   5.733	   4.041
27	 -79.573	8	  -0.622	  28.129	  47.968
28	 -73.867	7	 -16.197	  23.497	   7.284
29	 -68.474	7	   1.415	  11.791	  50.874
30	 -67.397	7	 -24.193	  17.937	  34.692
31	 -60.663	6	  -2.265	   5.364	  33.681
32	 -57.758	6	 -21.891	   3.398	  15.741
33	 -52.455	5	 -29.296	  11.252	  22.247
34	 -51.531	5	  -7.908	  10.115	  46.694
35	 -48.178	5	 -25.113	   6.024	   9.117
36	 -37.642	4	  -7.639	  15.400	   8.466
37	 -36.880	4	   7.351	  23.834	  36.099
38	 -32.709	3	   4.033	  32.093	  32.878
39	 -32.661	3	  -0.875	  12.001	  18.580
40	 -30.460	3	   6.789	  26.049	  46.538
41	 -28.381	3	 -11.554	  16.373	  43.239
42	 -28.261	3	 -29.211	  30.027	  20.878
43	 -19.409	2	 -30.484	  25.227	  12.414
44	 -10.193	1	 -26.875	  31.373	  32.878
