1	-863.086	64	  35.290	  23.706	  37.835
2	-648.623	61	  33.232	  15.126	  32.603
3	-423.969	38	  42.622	  40.202	  28.445
4	-294.198	28	  16.774	  32.548	  32.767
5	-273.677	27	  39.364	  21.129	  12.800
6	-209.637	21	  41.455	  15.020	  17.164
7	-197.510	19	  31.233	  28.063	  11.233
8	-196.936	19	  49.020	  26.634	  34.591
9	-180.102	17	  45.072	  10.739	  28.279
10	-179.129	17	  15.855	  21.517	  35.522
11	-172.177	17	  31.566	  35.881	  38.715
12	-162.573	16	  22.216	  11.971	  18.338
13	-162.272	15	  51.507	  19.532	  24.461
14	-159.109	15	  21.898	  21.864	  42.095
15	-153.376	15	  46.033	  12.541	  35.730
16	-137.042	13	  41.197	  31.203	  37.212
17	-131.937	13	  41.768	  33.236	  13.652
18	-128.114	12	  24.157	  20.007	  11.704
19	-118.102	12	  14.436	  27.112	  19.990
20	-109.691	11	  26.919	  27.178	  46.517
21	-108.972	11	  35.351	  14.606	  41.146
22	-106.348	10	  21.116	  13.407	  34.807
23	-105.163	10	  40.326	  40.627	  20.497
24	 -89.110	9	  33.797	  10.286	  19.493
25	 -84.270	8	  30.668	  42.093	  30.780
26	 -78.965	8	  28.109	  40.247	  22.379
27	 -67.120	5	  49.106	  27.070	  20.886
28	 -66.405	7	  12.497	  15.317	  27.455
29	 -61.397	6	  23.252	  39.607	  32.572
30	 -57.442	6	  39.460	  38.259	  35.396
31	 -56.144	6	  19.111	  29.981	  14.569
32	 -48.876	5	  28.726	  17.510	  48.740
33	 -45.334	4	  31.525	  35.577	  12.730
34	 -38.099	4	  37.933	  21.855	  45.573
35	  -9.655	1	  22.933	   9.138	  25.563
36	  -9.544	1	  20.933	  37.138	  20.563
37	  -9.134	1	   9.933	  26.138	  31.563
38	  -8.996	1	  32.933	  32.138	  45.563
