1	-1799.116	145	   7.860	  40.212	 137.719
2	-1417.651	112	   9.734	  47.381	  74.650
3	-1409.243	118	  18.365	  58.038	  71.856
4	-1364.738	119	  15.260	  57.751	 111.635
5	-1362.005	113	  -6.779	  59.439	  77.323
6	-1059.394	85	  -5.596	  51.057	 103.412
7	-960.546	84	  16.376	  39.280	  74.638
8	-945.944	71	   8.131	  57.521	  73.939
9	-926.247	71	  23.843	  50.429	 110.851
10	-922.202	80	  16.636	  41.894	 105.020
11	-893.529	82	  -7.563	  47.944	  95.276
12	-846.371	76	  26.779	  45.647	 117.900
13	-831.575	73	   2.388	  58.332	 103.398
14	-806.989	72	  19.806	  31.216	  78.727
15	-805.917	67	  15.855	  66.130	  68.899
16	-804.916	74	   0.226	  51.430	 142.814
17	-766.142	64	   1.975	  41.704	 106.905
18	-745.092	61	  33.101	  46.905	  66.825
19	-739.451	65	 -13.875	  40.097	 146.750
20	-724.912	61	  15.793	  62.203	  83.208
21	-703.249	61	   0.123	  64.027	  81.429
22	-671.452	61	  31.433	  61.546	  72.360
23	-669.981	64	  14.402	  69.684	  82.549
24	-663.056	57	 -15.815	  72.664	  70.841
25	-649.797	48	   8.698	  55.756	  64.482
26	-632.603	55	  -0.900	  26.305	 130.223
27	-620.738	52	   2.895	  58.298	 131.634
28	-562.372	46	  -5.513	  68.906	  49.217
29	-547.282	49	 -12.179	  54.976	 142.608
30	-542.966	49	  13.490	  33.198	  60.542
31	-537.944	50	   4.450	  24.373	 151.503
32	-535.482	49	 -14.514	  51.935	  81.126
33	-524.762	40	   8.000	  50.040	  82.589
34	-521.630	43	  11.469	  50.338	 140.156
35	-519.632	46	   1.000	  31.912	 135.460
36	-503.872	46	  18.016	  58.548	  59.852
37	-488.657	35	  10.853	  45.563	 130.444
38	-487.732	47	  -6.218	  83.008	  64.316
39	-466.462	44	 -13.745	  59.675	  66.625
40	-434.066	39	   5.636	  37.834	 116.243
41	-429.198	41	   9.738	  56.052	  56.849
42	-420.655	40	  35.415	  51.030	  98.068
43	-415.457	37	  22.732	  65.538	  80.868
44	-410.213	37	  -1.448	  54.343	  64.027
45	-393.043	35	   0.618	  80.405	  71.279
46	-384.765	32	  -1.472	  57.705	  91.508
47	-371.301	32	  19.568	  55.029	 123.451
48	-369.729	34	   6.903	  70.404	  83.823
49	-368.400	33	  14.393	  70.053	  55.651
50	-368.006	35	  18.780	  67.916	 103.903
51	-361.259	24	  11.321	  47.883	  65.689
52	-358.002	32	  24.920	  52.532	 137.962
53	-354.490	32	 -15.486	  38.133	 137.374
54	-345.391	33	  11.364	  64.372	 118.933
55	-343.313	32	 -14.971	  53.209	 116.227
56	-342.902	20	   9.397	  49.389	 106.487
57	-337.728	32	   4.825	  32.065	 122.280
58	-335.661	30	  13.545	  39.584	  94.887
59	-328.621	31	  28.210	  38.413	  56.603
60	-320.559	29	  -0.632	  66.867	 113.577
61	-317.479	29	  19.605	  57.474	 131.989
62	-314.266	31	  31.660	  37.699	  80.753
63	-303.031	28	 -10.116	  63.716	  57.903
64	-300.399	29	  -9.574	  29.860	 153.937
65	-288.247	27	  34.537	  44.615	  74.223
66	-287.714	27	  -3.747	  60.174	 135.277
67	-286.247	28	  27.946	  68.700	  89.639
68	-285.934	21	   3.278	  44.872	 132.344
69	-283.060	20	  15.674	  49.352	  79.778
70	-275.895	25	  22.908	  41.737	 148.416
71	-272.171	26	   3.773	  81.442	  63.317
72	-263.317	25	  -2.178	  31.825	  93.731
73	-259.601	25	  34.890	  48.652	  83.310
74	-246.857	23	  32.879	  44.245	 132.891
75	-241.356	23	  -5.913	  38.889	  72.045
76	-235.370	22	   5.940	  26.185	 142.918
77	-229.332	22	  23.930	  35.830	 115.384
78	-228.818	22	   5.095	  18.591	 134.765
79	-228.424	21	  26.353	  50.320	  55.154
80	-228.025	20	  14.171	  36.170	  86.429
81	-225.171	21	   5.077	  45.213	  58.802
82	-224.877	15	   7.201	  40.567	 145.726
83	-223.642	22	   6.792	  65.615	  96.122
84	-222.127	17	   7.549	  67.403	  75.341
85	-214.389	20	  20.048	  30.994	  66.147
86	-207.011	20	 -18.410	  52.969	 128.820
87	-205.706	21	  32.158	  61.390	  98.384
88	-204.959	20	  14.994	  24.399	  73.401
89	-201.411	19	 -15.615	  43.778	 129.936
90	-200.950	20	   3.893	  46.407	 153.274
91	-198.461	19	  29.960	  35.441	 125.905
92	-190.934	18	   7.544	  37.170	  60.965
93	-190.559	17	  26.088	  31.501	  71.399
94	-189.692	17	  35.359	  63.431	  89.762
95	-189.106	17	   9.191	  25.934	  88.352
96	-188.948	18	  31.081	  51.828	  61.496
97	-188.161	18	  -9.467	  64.061	 128.923
98	-188.001	15	   6.242	  36.969	 131.304
99	-186.956	19	 -18.458	  46.628	 116.450
100	-181.149	17	   4.230	  30.562	  71.798
101	-180.279	16	 -11.430	  39.397	  86.279
102	-177.332	17	  -1.500	  69.269	 125.592
103	-175.235	17	  11.293	  29.117	 150.209
104	-174.640	17	  13.977	  36.545	 152.974
105	-173.326	17	  20.312	  27.196	 133.457
106	-172.156	14	  12.567	  42.056	  79.862
107	-171.056	17	  31.873	  37.393	  92.564
108	-171.022	16	  30.756	  39.071	 139.642
109	-167.369	16	  11.242	  78.002	  56.493
110	-166.500	16	  24.024	  32.549	 138.956
111	-166.439	17	   9.293	  75.347	  47.355
112	-165.592	17	 -11.528	  59.716	  87.947
113	-161.660	14	   9.678	  22.883	 121.005
114	-160.607	15	  14.524	  78.317	  64.600
115	-159.048	16	  -7.096	  25.074	 138.953
116	-156.836	15	 -10.192	  78.241	  53.549
117	-156.525	16	 -15.385	  51.021	 148.144
118	-155.971	15	  37.505	  56.711	  86.235
119	-153.457	12	  -1.418	  22.598	 144.486
120	-153.212	15	  -1.729	  32.525	  77.089
121	-151.989	15	  -2.707	  40.509	 160.653
122	-148.683	14	  25.393	  33.276	  85.874
123	-147.519	14	  -6.667	  29.239	 124.448
124	-146.078	15	   8.810	  65.374	  47.709
125	-145.844	14	 -16.535	  60.307	 126.225
126	-143.645	15	  22.315	  73.457	  75.851
127	-141.850	14	  -9.836	  75.130	  76.280
128	-141.051	13	 -18.020	  39.301	 120.406
129	-140.717	14	   9.411	  77.683	  77.169
130	-139.025	13	  25.358	  67.381	  66.198
131	-137.552	14	 -11.237	  60.905	 116.576
132	-135.658	13	   2.726	  58.128	  52.698
133	-134.401	13	 -10.082	  23.769	 147.358
134	-133.923	13	  14.598	  24.110	 137.393
135	-133.423	13	   1.819	  79.166	  46.294
136	-131.386	12	  19.854	  26.203	  57.280
137	-129.416	13	 -17.003	  71.268	  60.431
138	-127.227	12	  37.448	  42.968	  90.781
139	-126.682	12	  24.120	  25.113	 124.135
140	-125.906	12	   6.822	  65.436	 106.272
141	-125.020	12	  16.544	  22.824	  82.526
142	-124.282	12	   1.197	  18.625	 127.027
143	-122.748	12	 -11.518	  34.223	 118.718
144	-115.603	11	  19.357	  73.025	  92.749
145	-114.597	11	  -6.025	  29.408	  85.196
146	-114.283	10	  11.658	  46.083	  51.782
147	-109.806	10	   4.311	  34.652	 100.924
148	-108.769	10	   1.060	  28.542	 161.950
149	-108.299	10	  27.419	  52.636	 120.207
150	-106.915	11	  20.133	  49.464	  50.558
151	-106.278	11	  -2.419	  40.420	 100.521
152	-104.784	10	  37.183	  57.083	  66.808
153	-103.410	10	  17.337	  39.431	  48.107
154	 -98.939	10	 -11.810	  44.633	  72.334
155	 -97.356	9	  -5.786	  47.729	  64.511
156	 -96.301	10	  -8.807	  40.415	 104.902
157	 -94.033	9	  15.926	  12.129	 125.063
158	 -92.818	9	   7.907	  35.067	 161.772
159	 -91.701	8	  14.530	  34.334	 109.299
160	 -90.847	9	 -10.053	  58.310	 107.041
161	 -88.715	8	  17.071	  28.237	 115.589
162	 -79.177	8	 -17.896	  29.760	 140.061
163	 -77.858	8	  36.405	  36.413	  70.715
164	 -75.382	8	  28.098	  30.373	  61.784
165	 -74.928	7	  10.201	  32.665	  93.425
166	 -73.510	7	  18.703	  49.669	 145.534
167	 -69.980	7	 -12.229	  28.355	 132.985
168	 -69.906	7	  39.592	  50.759	  76.212
169	 -69.318	4	   1.982	  71.085	  48.556
170	 -68.889	7	  20.269	  33.341	  53.270
171	 -68.542	7	  28.137	  57.530	 109.003
172	 -63.887	6	 -18.314	  80.727	  67.687
173	 -62.614	6	  -5.182	  55.392	 150.067
174	 -59.942	6	 -15.038	  80.508	  60.764
175	 -58.807	6	 -13.634	  33.962	 126.307
176	 -57.089	6	 -19.117	  53.452	 140.177
177	 -55.894	6	   9.624	  17.609	  88.459
178	 -52.939	5	  30.201	  41.292	 105.527
179	 -52.855	5	   1.711	  22.862	  92.205
180	 -52.600	5	  -4.114	  35.935	 115.121
181	 -49.852	5	   7.336	  13.159	  79.192
182	 -49.355	5	  23.140	  37.751	  96.118
183	 -48.719	5	  29.082	  55.905	 128.337
184	 -42.623	4	  18.099	  20.297	 117.846
185	 -40.934	4	   1.371	  18.258	  83.292
186	 -39.205	4	   7.322	  24.820	 158.826
187	 -38.500	4	   6.367	  14.357	 121.241
188	 -38.368	4	 -20.911	  45.284	 136.297
189	 -37.955	4	  36.341	  51.003	 125.547
190	 -37.594	4	  -6.432	  81.811	  74.514
191	 -37.081	4	 -16.678	  51.539	  69.289
192	 -31.307	3	  13.507	  18.737	 128.714
193	 -28.910	3	  32.288	  50.316	 145.258
194	 -28.825	3	  19.328	  77.952	  70.636
195	 -28.193	3	  -9.356	  67.949	 119.954
196	 -27.233	3	  36.980	  45.309	 141.595
197	 -20.974	2	  24.322	  42.757	  47.292
198	 -20.700	2	   5.156	  23.379	  79.375
199	 -18.985	2	  11.838	  33.780	  52.325
200	 -18.782	2	 -14.678	  47.818	  95.292
201	 -18.047	2	   3.821	  66.795	 131.293
202	 -17.915	2	  39.823	  38.798	  64.294
203	 -12.165	1	  14.322	  47.296	 114.292
204	 -12.152	1	  23.322	  49.296	  83.292
205	 -10.245	1	  -4.678	  59.296	  53.292
206	 -10.100	1	  -4.678	  65.296	 107.292
207	  -9.764	1	 -16.678	  45.296	  87.292
208	  -9.728	1	  -5.678	  32.296	 164.292
209	  -9.503	1	   7.322	   8.296	 130.292
210	  -9.232	1	 -13.678	  68.296	  52.292
211	  -9.107	1	 -10.678	  38.296	 161.292
212	  -9.098	1	  23.322	  65.296	 109.292
213	  -8.937	1	  36.322	  42.296	 124.292
214	  -8.901	1	  15.322	  15.296	  83.292
