1	-1366.941	119	  32.493	  66.963	  20.249
2	-656.653	51	  35.981	  88.243	  23.448
3	-499.827	46	  34.936	  75.008	  15.526
4	-475.027	40	  13.909	  67.155	  18.229
5	-467.698	43	  11.373	  53.489	  17.122
6	-435.748	39	  59.618	  79.662	  15.744
7	-424.565	36	  27.046	  65.618	  11.672
8	-384.992	33	  43.048	  59.169	  41.735
9	-384.581	36	  14.773	  57.802	  34.681
10	-375.116	33	  28.347	  64.779	  45.250
11	-363.578	35	  22.690	  48.614	  16.127
12	-357.064	32	  11.416	  68.461	  28.231
13	-350.410	34	  46.533	  92.457	  14.865
14	-344.068	32	  39.853	  46.507	  26.266
15	-330.262	30	  39.255	  50.580	  17.792
16	-325.593	31	  34.547	  71.345	  45.258
17	-253.122	23	  30.156	  42.756	  32.128
18	-235.827	24	  43.237	  51.121	  37.704
19	-227.077	21	  47.219	  84.976	   4.968
20	-226.571	22	  36.126	  84.759	  40.438
21	-222.367	22	  54.264	  85.753	  11.853
22	-221.814	21	  25.428	  72.836	  12.727
23	-216.914	20	  59.056	  68.330	  30.154
24	-215.613	22	  57.295	  76.447	  32.847
25	-210.770	19	  27.173	  81.361	  17.076
26	-206.108	13	  43.037	  64.267	  16.463
27	-201.139	20	  39.784	  70.728	   9.094
28	-195.366	19	  56.386	  54.522	  32.684
29	-193.496	19	  58.166	  57.453	  26.366
30	-191.455	18	  54.431	  67.693	  39.700
31	-181.274	18	  53.920	  65.805	   8.339
32	-171.588	17	  24.040	  50.630	  39.458
33	-170.231	16	  21.423	  59.252	  13.636
34	-167.918	14	  19.777	  79.546	  33.932
35	-166.547	16	  46.966	  66.472	   7.782
36	-157.948	16	  49.950	  81.803	  37.508
37	-157.341	14	  47.522	  88.803	  24.701
38	-152.255	14	  26.780	  90.992	  28.748
39	-151.582	14	  50.517	  54.923	  12.001
40	-148.550	14	  49.471	  69.570	  45.057
41	-147.352	14	  47.196	  75.309	   4.718
42	-146.248	9	  27.986	  69.648	  28.117
43	-142.138	14	  15.557	  46.334	  24.798
44	-139.773	10	  21.564	  51.332	  24.590
45	-138.956	13	  42.778	  85.540	  33.589
46	-133.840	13	  36.691	  92.146	  12.657
47	-131.111	9	  28.545	  59.402	  20.513
48	-126.855	12	  59.864	  70.183	  13.179
49	-119.106	12	  35.202	  48.315	  39.564
50	-113.835	11	  18.441	  64.123	  42.465
51	-112.209	11	  42.110	  77.125	  44.646
52	-106.025	10	  42.749	  58.505	   8.892
53	-105.956	11	  20.786	  43.488	  29.627
54	-100.992	10	  20.672	  76.858	  41.262
55	 -95.472	8	  57.204	  62.459	  15.293
56	 -95.032	6	  26.532	  78.245	  28.120
57	 -92.732	9	  32.479	  54.100	  44.896
58	 -91.101	9	   4.213	  61.126	  17.445
59	 -88.875	9	  50.399	  56.157	  42.557
60	 -88.083	4	  43.791	  82.214	  19.992
61	 -79.580	8	  65.423	  71.579	  20.090
62	 -70.280	7	  55.307	  86.522	  30.749
63	 -64.288	6	  15.438	  67.586	  35.002
64	 -63.762	6	  35.457	  86.299	   8.352
65	 -60.345	6	  48.384	  50.621	  18.335
66	 -60.201	6	  24.539	  87.276	  21.664
67	 -52.488	5	   2.986	  57.417	  28.406
68	 -49.856	5	  28.805	  53.416	  12.003
69	 -49.200	5	  30.976	  42.930	  21.300
70	 -40.091	4	  47.279	  46.956	  26.767
71	 -37.960	4	  23.301	  71.712	  46.218
72	 -31.799	3	  26.080	  88.956	  36.469
73	 -29.111	3	  58.727	  59.922	  39.147
74	 -29.093	3	  43.049	  92.951	   3.464
75	 -28.375	3	  49.728	  77.298	  43.795
76	 -21.509	2	  48.049	  58.956	  24.943
77	 -19.614	2	  26.507	  83.414	  42.469
78	 -19.452	2	  19.543	  85.944	  26.939
79	 -18.541	2	  17.031	  79.411	  15.960
80	 -15.254	1	  50.049	  61.956	  36.469
81	 -13.243	1	  29.049	  58.956	  35.469
82	 -12.516	1	  44.049	  73.956	  24.469
83	  -9.529	1	  36.049	  95.956	  20.469
84	  -9.197	1	  35.049	  54.956	   7.469
85	  -9.156	1	  12.049	  75.956	  23.469
