1	-772.234	67	  24.047	   1.361	   8.386
2	-517.397	48	  22.480	 -10.901	  22.495
3	-439.255	39	   9.805	   0.148	  14.420
4	-387.450	34	  11.757	  25.170	  25.506
5	-384.518	33	  21.178	  21.046	  15.971
6	-377.064	35	  37.258	   6.841	  -2.710
7	-367.764	30	  39.368	  11.867	  21.537
8	-363.179	34	  11.323	  -1.291	  31.771
9	-350.282	29	  17.536	  -5.740	  13.675
10	-343.787	31	  33.404	 -13.795	  11.738
11	-319.908	27	  30.068	   5.532	  36.998
12	-306.262	29	  32.202	  -7.924	   0.384
13	-280.170	27	  36.945	  12.978	  29.355
14	-272.098	27	  32.614	  18.911	  29.349
15	-259.102	25	  18.060	  13.611	  38.429
16	-257.790	24	   0.059	   2.621	  20.485
17	-245.343	22	  25.237	   9.238	  10.558
18	-240.456	24	  33.609	  13.257	  38.256
19	-238.902	23	  22.757	  26.991	  20.388
20	-235.579	23	  31.721	  -6.348	  23.485
21	-228.878	23	  46.304	   9.054	   6.796
22	-227.202	22	  18.153	  15.313	  11.438
23	-188.747	18	  21.593	  -5.767	  36.716
24	-168.696	15	  19.437	 -15.351	  11.074
25	-157.849	15	  -1.455	  21.682	  16.702
26	-156.451	16	  35.266	   0.292	  31.688
27	-152.466	15	  23.172	  24.236	  29.529
28	-145.789	14	  -1.018	  16.165	  28.672
29	-138.972	13	   1.645	   7.828	  31.618
30	-133.805	11	  47.126	  -0.567	  11.789
31	-133.159	12	  44.281	  -1.935	  21.056
32	-128.361	13	  -0.508	  -6.071	  26.504
33	-127.494	13	  23.363	   5.584	  41.711
34	-107.776	11	  36.380	  21.738	  16.513
35	 -95.323	9	  18.097	  -9.047	   5.575
36	 -91.545	8	   2.417	 -10.075	  19.307
37	 -88.385	8	  41.818	  -4.555	   3.458
38	 -86.202	8	  39.798	   0.777	  -5.162
39	 -84.127	8	   9.210	  10.685	   8.564
40	 -81.039	8	   4.409	  26.309	  21.197
41	 -73.611	7	  14.371	   5.722	  38.854
42	 -66.357	7	  33.473	  13.044	   4.632
43	 -66.215	7	  47.189	   9.729	  18.817
44	 -62.563	6	  34.604	  -3.304	 -11.479
45	 -61.012	6	  10.700	 -14.123	  16.194
46	 -60.196	6	  31.151	  26.156	  21.130
47	 -59.221	6	   7.984	  14.702	  35.026
48	 -58.313	6	  28.255	   7.375	   0.906
49	 -54.804	5	  11.824	  22.902	  12.747
50	 -50.084	5	  40.261	  18.389	  10.211
51	 -48.344	5	  -2.125	  11.731	  19.077
52	 -40.230	4	  44.126	  -8.786	  15.432
53	 -32.945	3	  29.016	   1.893	  -4.810
54	 -31.238	3	   6.911	  15.927	  12.831
55	 -28.906	3	  11.209	  -8.844	  26.140
56	 -28.683	3	  11.628	  -8.113	  -5.461
57	 -28.424	2	  14.628	  13.538	  19.190
58	 -28.290	3	   9.756	  22.556	  33.540
59	 -27.343	3	  25.967	 -14.794	   5.856
60	 -20.125	2	  43.072	 -11.794	   8.190
61	 -19.713	2	  -3.545	  -5.707	  16.733
62	 -18.113	2	  24.628	  -9.794	  -5.305
63	 -10.688	1	  38.628	   4.206	 -12.810
64	  -9.557	1	  30.628	  18.206	  11.190
65	  -9.532	1	  14.628	   3.206	   6.190
66	  -9.473	1	   2.628	  25.206	  11.190
67	  -9.423	1	   4.628	  10.206	  24.190
68	  -8.906	1	  -6.372	  23.206	  25.190
