1	-1113.473	82	  37.618	  26.235	  34.178
2	-1090.002	88	   9.142	  20.803	  32.788
3	-952.047	81	  53.371	  22.372	  23.807
4	-910.970	76	  36.987	  -5.322	  47.138
5	-874.742	76	  14.874	  41.837	  28.554
6	-856.049	73	  25.611	  24.897	  28.064
7	-828.524	74	  27.025	   2.460	  49.712
8	-811.871	64	   6.611	  24.635	  13.058
9	-785.851	62	  32.664	  22.580	  26.479
10	-749.096	67	  14.092	  28.670	  40.106
11	-692.325	60	  26.949	  -4.548	  35.727
12	-689.248	62	  42.718	  -0.727	  30.350
13	-619.756	56	  23.351	   1.150	  24.231
14	-593.879	40	  17.546	  20.620	  45.554
15	-592.856	50	  43.511	  41.775	  13.867
16	-590.480	50	   5.288	  21.409	  26.425
17	-568.367	52	  54.743	   4.996	  32.529
18	-561.735	54	  42.179	  29.105	  16.893
19	-550.610	52	  14.647	  -1.165	  28.534
20	-546.884	50	  42.023	  26.736	  58.498
21	-526.366	51	  17.593	  16.521	  53.933
22	-488.779	46	  36.520	  31.493	   3.791
23	-472.421	42	  14.587	  37.654	   5.932
24	-458.698	40	  25.708	  26.146	   2.868
25	-418.666	38	  10.126	  23.754	  54.713
26	-382.251	34	  44.319	   8.487	  53.598
27	-376.896	34	  -2.569	  15.209	  35.814
28	-376.820	34	  21.088	  52.650	  26.509
29	-369.534	31	  36.501	  36.016	  32.389
30	-363.457	35	  14.548	  36.224	  38.172
31	-357.014	33	  33.513	   5.387	  54.510
32	-353.497	33	   4.930	  45.081	   7.514
33	-353.118	33	  35.488	   7.729	  17.953
34	-330.328	31	  46.732	  32.315	  33.813
35	-309.128	22	  19.991	  12.939	  37.657
36	-300.289	26	  59.671	   5.156	  50.371
37	-287.731	26	  -2.023	  13.921	  57.281
38	-282.170	25	  39.427	  37.332	  25.746
39	-279.020	27	  50.362	  13.429	  57.251
40	-275.665	25	  18.178	  32.702	  45.400
41	-271.512	19	  29.693	  24.668	  54.035
42	-269.512	26	  22.201	  10.328	   6.980
43	-260.562	25	   4.179	  25.842	  35.841
44	-250.785	23	  11.590	  -1.068	  39.149
45	-249.083	24	  29.283	  44.792	  35.516
46	-243.142	22	  21.301	  -8.064	  44.859
47	-239.920	21	  26.377	  41.246	   2.090
48	-232.812	20	  18.340	  24.381	   2.758
49	-232.763	22	  55.413	  25.359	  53.813
50	-232.035	16	  38.625	  22.124	  17.621
51	-231.289	21	   6.091	  46.828	  18.981
52	-226.321	21	   1.679	  19.091	  62.675
53	-222.493	21	  13.443	  53.467	  18.565
54	-214.512	21	  10.140	   2.042	  48.305
55	-207.546	19	  14.582	  17.860	   2.530
56	-204.715	20	  43.291	   4.464	  19.862
57	-204.381	20	  21.396	  57.933	  18.369
58	-201.286	20	  58.812	   5.785	  22.691
59	-200.608	19	   5.460	  31.509	   8.276
60	-199.512	20	  39.056	  19.284	  10.828
61	-195.534	18	  61.329	  13.611	  44.751
62	-194.283	19	  63.183	  17.135	  38.210
63	-192.774	19	   0.799	   4.499	  30.636
64	-184.283	18	  31.019	  29.045	  60.676
65	-179.629	16	  16.468	  44.196	   2.369
66	-178.140	18	  50.415	  -0.340	  53.396
67	-176.659	16	  34.441	  38.487	   2.839
68	-172.660	18	  35.651	  -7.087	  36.150
69	-172.508	17	  35.189	  54.315	  19.854
70	-170.944	17	  -3.021	  25.611	  49.151
71	-161.436	16	  59.888	  22.246	  47.315
72	-160.685	15	   1.539	  34.275	  25.670
73	-160.496	16	   0.214	  12.836	  19.996
74	-160.431	16	  28.558	  34.607	  43.415
75	-159.901	15	  35.697	  34.999	  40.323
76	-158.985	14	  32.267	  52.116	  28.248
77	-152.966	12	  28.612	  25.225	  19.517
78	-145.053	14	  54.759	  31.069	  31.573
79	-144.810	14	  62.491	  22.260	  30.582
80	-142.420	14	   0.676	  18.140	   7.883
81	-139.171	14	   7.636	   6.963	   4.740
82	-134.002	13	  24.221	   6.123	  15.141
83	-132.916	13	  26.218	  53.108	   6.544
84	-131.497	13	   7.770	  43.169	  26.267
85	-129.401	13	   3.751	   2.366	  20.352
86	-126.948	12	  39.992	  30.497	  51.542
87	-122.298	12	  -7.658	  18.477	  41.155
88	-121.486	11	  49.731	  -5.140	  37.743
89	-120.013	12	  21.778	  28.097	  53.442
90	-118.673	12	  34.087	  13.691	  61.210
91	-114.694	10	  55.528	   7.493	  56.910
92	-110.428	10	  -6.723	   5.846	  42.203
93	-110.006	11	   1.606	  38.338	  15.462
94	-109.640	10	   4.735	   2.100	  38.857
95	-106.869	10	  19.398	   6.252	  51.973
96	-104.372	10	  45.187	  40.784	   6.336
97	-103.198	10	  17.459	  52.534	   9.749
98	-101.915	9	  52.324	  11.446	  14.794
99	-101.268	10	  16.926	   2.300	  11.860
100	 -94.748	9	  35.505	  52.585	  12.092
101	 -93.977	9	  59.453	  31.600	  39.697
102	 -91.703	9	  53.298	  -4.322	  45.773
103	 -87.782	9	  17.386	  -9.691	  37.480
104	 -84.669	8	  12.230	  11.174	  54.609
105	 -84.558	8	  66.787	  12.804	  29.075
106	 -82.278	7	  35.279	  -4.617	  27.928
107	 -77.703	8	  65.387	  12.082	  17.054
108	 -76.993	8	   9.679	  -0.456	  16.477
109	 -74.179	7	  29.077	  14.986	   6.248
110	 -71.471	7	  57.144	  -1.487	  37.335
111	 -64.860	6	  36.363	  35.375	  60.260
112	 -60.623	6	  39.519	  45.918	  23.378
113	 -60.353	6	  -0.095	  22.212	  14.358
114	 -59.476	6	  -5.266	   7.760	  50.427
115	 -59.346	6	   6.214	  37.019	  37.978
116	 -58.769	6	  58.294	  18.577	  16.720
117	 -58.198	6	  30.262	   1.399	  21.562
118	 -57.729	6	  -1.133	   0.890	  49.046
119	 -57.553	4	  41.889	  22.201	  29.686
120	 -56.889	6	   9.680	  27.038	   0.570
121	 -53.989	5	  50.670	  30.641	  48.054
122	 -52.169	5	  22.858	  48.467	  36.451
123	 -50.248	5	  19.614	  33.065	   0.054
124	 -47.951	5	  41.079	  46.871	   2.250
125	 -46.699	3	  26.889	   7.412	  38.989
126	 -42.522	4	  33.449	  50.379	   0.883
127	 -40.618	3	  33.607	  37.818	  19.547
128	 -40.254	4	  61.889	   5.229	  42.787
129	 -39.589	4	   9.889	  48.535	  -0.449
130	 -37.409	4	  63.888	   6.065	  31.044
131	 -37.016	4	  40.383	   0.045	  55.054
132	 -36.378	4	  20.640	  42.561	  41.807
133	 -33.246	2	  20.889	  13.501	  21.054
134	 -31.718	2	   1.474	  12.065	  46.054
135	 -31.469	3	  47.546	  31.767	   3.054
136	 -30.750	3	   5.727	  14.539	   0.345
137	 -28.162	3	  47.571	  29.065	  12.012
138	 -27.008	2	  30.225	  19.729	  42.054
139	 -20.802	2	  56.889	  16.594	  63.054
140	 -19.866	2	  50.418	  20.123	  13.112
141	 -19.117	2	  -8.070	  17.065	  48.616
142	 -19.078	2	  39.819	  29.960	  67.089
143	 -19.027	2	   5.420	  29.065	  47.523
144	 -18.866	2	  45.386	  10.065	  13.054
145	 -18.645	2	   9.402	  39.065	   0.054
146	 -18.543	2	   4.370	   4.065	  55.054
147	 -18.462	2	  66.377	  20.065	  19.054
148	 -12.808	1	  21.889	  46.065	   7.054
149	 -12.579	1	  44.889	  21.065	  39.054
150	 -11.601	1	  52.889	  11.065	  26.054
151	 -10.172	1	   7.889	   9.065	  33.054
152	  -9.924	1	  16.889	  -2.935	  51.054
153	  -9.652	1	  50.889	  37.065	  10.054
154	  -9.201	1	  26.889	  44.065	  17.054
155	  -9.179	1	  46.889	  -8.935	  44.054
156	  -9.095	1	  63.889	  15.065	  58.054
157	  -8.915	1	  28.889	  -4.935	  53.054
