1	-1164.429	88	  27.088	  56.797	  48.709
2	-855.133	76	  13.147	  50.474	  39.835
3	-524.439	48	  24.321	  59.994	  57.987
4	-471.134	41	   7.649	  66.022	  59.674
5	-433.787	42	  12.263	  58.375	  66.873
6	-335.211	28	   5.228	  54.045	  47.512
7	-326.473	31	  21.100	  42.857	  43.247
8	-319.266	30	   8.287	  47.747	  63.911
9	-258.238	23	  27.749	  67.209	  37.394
10	-247.812	23	   5.323	  45.660	  52.257
11	-236.138	21	   7.707	  70.802	  44.971
12	-213.638	20	  30.393	  69.613	  52.567
13	-213.135	21	  15.695	  72.216	  54.336
14	-197.167	20	  31.846	  56.974	  43.151
15	-175.318	17	   5.929	  58.878	  39.411
16	-168.224	16	  30.207	  48.394	  58.996
17	-167.319	16	  20.450	  62.641	  31.702
18	-159.071	15	  14.260	  69.101	  34.224
19	-136.305	12	  15.872	  49.225	  66.588
20	-135.702	13	  17.015	  63.824	  64.517
21	-134.107	13	  15.505	  41.090	  63.290
22	-130.911	13	  24.261	  49.223	  66.231
23	-101.964	10	  18.349	  73.233	  42.564
24	-101.322	10	  24.757	  40.135	  52.312
25	 -94.690	9	  23.069	  77.250	  47.474
26	 -65.272	6	  26.654	  75.538	  56.074
27	 -53.007	5	  34.902	  68.010	  44.646
28	 -49.842	5	  20.151	  50.418	  33.384
29	 -48.287	5	  23.519	  69.654	  60.782
30	 -39.256	4	   0.549	  58.830	  58.211
31	 -37.423	4	   0.800	  63.310	  45.049
32	 -31.237	3	  12.946	  42.454	  49.097
33	 -30.928	3	  31.140	  49.077	  46.150
34	 -10.209	1	   5.549	  66.057	  36.782
35	  -9.830	1	  26.549	  46.057	  36.782
36	  -9.061	1	  29.549	  77.057	  42.782
37	  -8.982	1	   0.549	  68.057	  54.782
