1	-1495.127	112	  32.834	 127.923	  25.218
2	-1228.591	100	  33.626	 136.424	  39.273
3	-688.976	62	  38.753	 116.858	   4.770
4	-667.417	58	  13.916	 133.669	  54.281
5	-560.798	43	  29.881	 131.326	  34.596
6	-525.669	48	  44.491	 114.262	  11.855
7	-490.941	45	   7.638	 127.740	  48.132
8	-489.763	41	  38.271	 119.144	  20.729
9	-467.433	39	  16.391	 141.805	  46.252
10	-466.919	36	  32.733	 138.064	  20.892
11	-446.806	40	  32.250	 130.063	  64.018
12	-416.678	37	  33.830	 119.223	  32.236
13	-399.264	36	  34.772	 124.371	  50.332
14	-378.552	34	  33.330	 137.570	  61.008
15	-314.536	28	  26.068	 117.526	  42.008
16	-312.919	29	  20.528	 144.160	  30.395
17	-305.616	29	  20.484	 109.925	  27.345
18	-301.744	29	  18.954	 109.776	  13.804
19	-299.952	28	  33.235	 130.782	   0.350
20	-287.834	24	  19.863	 137.238	  18.814
21	-282.105	27	  41.241	 141.386	  25.097
22	-274.631	26	  23.047	 125.447	   7.353
23	-272.893	25	  15.287	 115.875	  19.560
24	-261.847	24	   8.052	 137.469	  40.012
25	-253.233	23	  12.205	 122.197	  27.446
26	-230.519	19	  33.332	 137.028	   3.926
27	-225.642	22	  37.764	 106.190	  10.300
28	-217.111	20	  40.963	 137.464	  53.930
29	-207.818	19	  19.955	 120.215	  50.681
30	-203.310	20	  42.293	 139.114	   5.704
31	-202.441	19	  25.379	 116.868	   6.002
32	-186.976	18	  23.058	 139.005	  56.944
33	-185.791	18	  49.501	 130.876	  25.143
34	-178.520	18	   4.284	 136.682	  47.929
35	-174.303	17	  11.631	 123.710	  35.702
36	-158.125	15	  32.866	 144.992	  36.391
37	-150.696	15	  29.738	 104.805	  23.301
38	-144.753	14	  44.200	 125.962	  39.751
39	-143.521	14	  37.136	 112.644	  23.280
40	-140.802	14	  13.183	 144.961	  33.855
41	-140.120	13	  16.102	 117.020	  32.063
42	-136.891	14	  50.547	 126.680	  15.449
43	-121.655	12	  17.580	 131.989	  12.483
44	-120.805	12	  27.202	 141.185	  16.900
45	-116.595	12	  29.442	 125.013	  57.856
46	-104.562	10	  43.646	 124.955	   2.736
47	 -99.389	9	   8.897	 135.776	  30.178
48	 -96.168	10	  11.243	 135.057	  23.173
49	 -95.512	10	  40.518	 126.662	  57.466
50	 -92.568	9	  28.087	 105.614	  13.816
51	 -89.158	9	  27.790	 108.931	   4.956
52	 -83.895	8	  30.679	 112.641	  36.291
53	 -78.172	7	  22.306	 129.204	  63.697
54	 -77.189	8	  46.807	 124.047	  22.619
55	 -66.131	6	  16.462	 120.216	  10.980
56	 -58.526	4	  27.420	 138.485	  27.840
57	 -57.055	6	  30.243	 144.051	  49.750
58	 -48.488	5	  32.025	 146.042	  28.056
59	 -43.139	4	   9.978	 120.274	  45.986
60	 -41.004	4	  10.888	 125.011	  57.746
61	 -40.125	4	  41.949	 129.901	  48.908
62	 -38.358	4	  10.992	 125.051	  16.454
63	 -30.126	3	  23.731	 135.374	  68.589
64	 -29.814	3	  38.439	 143.051	  14.576
65	 -28.619	3	  20.121	 147.051	  40.234
66	 -28.154	3	  49.070	 128.624	  32.229
67	 -27.384	3	   2.410	 140.053	  54.278
68	 -20.616	1	  27.420	 114.051	  28.278
69	 -19.221	2	  45.947	 137.051	  33.751
70	 -18.612	2	  47.919	 131.051	   2.777
71	 -16.514	1	  27.420	 133.051	   9.278
72	 -10.241	1	  19.420	 123.051	  59.278
73	  -9.078	1	  47.420	 139.051	  16.278
74	  -8.925	1	  36.420	 118.051	  44.278
