1	-1475.774	113	  -1.618	 -34.538	  25.563
2	-1361.900	119	  16.854	 -32.259	  25.964
3	-1232.663	106	  17.073	 -41.638	  31.718
4	-1214.364	103	  40.931	 -29.608	  19.279
5	-1213.799	105	  31.306	  -1.686	   0.465
6	-889.976	80	  44.371	 -20.415	  -3.688
7	-881.582	81	  37.740	 -34.819	   4.458
8	-807.804	64	   9.728	 -34.633	  34.211
9	-795.634	69	  18.110	   5.719	  -2.229
10	-778.377	53	  23.240	  -2.676	   2.369
11	-768.308	72	  28.778	 -37.382	  40.225
12	-733.789	67	  30.367	 -45.740	  11.532
13	-706.725	56	  40.883	  15.630	   6.441
14	-653.369	59	  -4.486	 -34.459	  13.399
15	-649.780	55	  -0.176	 -45.309	  46.526
16	-618.930	52	  25.375	 -33.827	   3.887
17	-607.108	58	  43.576	  -9.343	  -9.871
18	-604.528	55	  51.236	   5.188	 -13.593
19	-595.701	55	  14.678	 -32.257	  72.259
20	-578.955	48	  -4.906	 -18.397	  17.071
21	-578.405	54	  53.448	 -24.782	   2.128
22	-568.922	51	  60.622	  -7.096	   1.123
23	-560.474	46	  51.564	 -11.765	   2.864
24	-551.531	50	  34.598	  -8.887	  -4.082
25	-538.907	42	  20.062	 -28.380	  12.327
26	-532.431	50	   3.172	  -4.388	  20.690
27	-527.504	46	 -11.451	 -10.210	  30.470
28	-524.533	48	  32.556	 -29.735	   0.982
29	-515.251	47	  53.039	   8.589	   5.896
30	-509.310	48	   3.958	 -37.578	  53.404
31	-507.444	45	  31.103	 -24.857	  20.791
32	-499.759	47	  21.249	 -35.175	  66.588
33	-499.552	42	  36.574	  23.028	   8.984
34	-494.091	46	  38.912	 -53.456	  15.081
35	-492.188	44	  -1.860	 -15.069	   9.140
36	-486.113	44	  32.401	  -2.039	  12.248
37	-482.397	40	  44.172	  -9.534	  11.618
38	-476.505	40	  21.183	 -23.921	  18.565
39	-469.804	43	  47.642	 -36.193	  19.906
40	-443.855	35	  38.069	   3.481	   1.016
41	-440.445	40	  29.686	 -39.773	  50.609
42	-434.836	39	  18.447	 -20.128	  -1.169
43	-429.182	41	  50.193	 -43.480	  26.591
44	-416.157	39	  57.423	 -17.166	   5.837
45	-399.201	38	  53.961	 -29.986	  14.833
46	-392.977	36	 -10.421	   1.368	  35.215
47	-388.504	33	  -2.955	   2.472	  23.163
48	-388.499	31	 -10.284	 -17.373	  26.068
49	-385.308	37	  -2.262	 -16.685	  32.761
50	-384.344	35	   4.472	   9.344	  37.668
51	-371.645	29	  56.061	 -15.831	  14.833
52	-365.181	34	  39.980	 -38.074	  37.586
53	-360.050	32	  13.841	   5.410	  10.351
54	-354.455	31	   4.105	 -18.085	  22.420
55	-348.788	35	  32.996	 -41.632	   1.141
56	-348.734	33	   9.366	 -38.478	  19.474
57	-347.045	31	  53.040	  -6.600	  -7.782
58	-347.023	23	  -6.769	 -42.891	  37.944
59	-341.834	30	  39.135	  13.552	  13.190
60	-335.245	31	  20.141	 -44.213	   8.933
61	-334.403	32	  24.641	  -6.228	  13.906
62	-325.609	30	   4.863	 -35.967	  45.205
63	-317.282	30	 -10.859	 -41.016	  27.844
64	-316.475	31	  22.580	 -46.719	  59.016
65	-314.033	28	  26.189	   3.551	  -7.791
66	-310.459	30	  20.057	 -31.606	  37.670
67	-304.764	28	   7.367	 -24.535	  25.527
68	-301.983	29	  15.367	 -53.848	  46.005
69	-301.198	30	   0.763	 -57.265	  33.674
70	-289.212	27	  -1.447	 -30.883	  36.041
71	-284.842	25	  10.587	 -27.939	   5.415
72	-281.667	26	   6.461	 -38.032	  73.027
73	-275.483	25	  58.536	 -43.492	   6.052
74	-273.950	24	  55.559	  -7.562	  11.891
75	-270.721	25	  49.665	 -56.112	   2.687
76	-267.181	26	  12.499	 -44.575	  26.366
77	-264.597	26	  33.647	 -54.534	  23.306
78	-263.272	26	  45.816	   3.902	  10.462
79	-262.884	22	  53.974	 -41.774	  11.574
80	-256.445	23	  12.680	  -0.548	  18.254
81	-255.659	22	  53.771	 -31.509	  -6.029
82	-253.391	24	  41.146	 -43.834	  -3.086
83	-253.103	24	  -6.920	   7.152	  39.327
84	-249.780	20	  26.940	 -15.461	  -3.994
85	-244.478	22	  59.682	   7.067	  -0.971
86	-239.000	23	  -9.031	 -29.953	  34.137
87	-238.283	24	  42.232	 -31.082	  -3.451
88	-237.732	22	  15.270	 -44.330	  69.494
89	-233.327	22	  15.960	 -25.634	  61.370
90	-230.970	22	  12.975	 -53.183	  34.191
91	-227.349	23	  47.867	 -36.089	  34.052
92	-226.899	21	   6.607	 -45.347	  21.941
93	-222.897	21	  23.658	  18.266	  -6.506
94	-218.937	19	  -1.720	  -7.736	  38.898
95	-212.356	20	  26.795	 -28.912	  56.221
96	-207.677	20	  21.052	 -47.524	  36.436
97	-207.104	19	  -0.791	 -53.818	  20.650
98	-203.517	20	  -1.598	 -42.306	  60.403
99	-202.712	17	  45.853	 -50.921	  24.231
100	-198.283	19	  37.429	   5.879	 -11.159
101	-197.866	19	  -2.961	 -37.333	  66.338
102	-191.543	19	  49.661	  18.200	  -6.707
103	-188.815	16	  42.044	   1.126	  -6.023
104	-188.111	17	  11.317	 -28.657	  52.190
105	-187.557	16	   7.546	 -22.015	  -0.264
106	-186.575	18	  18.969	  -9.279	  17.628
107	-186.040	18	  31.241	 -46.871	  35.016
108	-184.992	18	  12.737	 -34.077	   8.994
109	-180.433	18	   5.817	 -25.444	  63.361
110	-177.753	17	   6.330	   1.254	  30.174
111	-176.385	17	  26.575	  18.412	  21.240
112	-175.405	17	  38.321	  22.369	  -7.296
113	-172.025	16	  23.756	 -49.456	  45.210
114	-159.179	14	  29.412	 -11.659	  16.154
115	-158.824	16	  24.296	  -7.959	  -6.406
116	-157.016	16	   3.792	 -56.009	  44.005
117	-154.541	13	  38.131	  22.635	  19.198
118	-152.741	14	   8.225	  -0.657	   4.143
119	-148.005	14	  -1.173	 -44.044	  17.623
120	-146.896	14	  49.277	 -51.320	  -6.288
121	-145.921	14	  11.062	   2.856	  40.927
122	-142.428	14	  -7.421	 -49.867	  40.441
123	-134.135	13	  -3.947	 -36.906	  42.131
124	-132.820	13	  19.109	  19.245	   1.034
125	-131.989	13	  14.919	  -3.364	  -3.290
126	-130.919	10	  32.223	 -40.328	  16.369
127	-130.274	13	  21.262	 -50.042	  13.198
128	-125.445	11	   2.560	  -5.380	   8.649
129	-124.788	12	  56.689	 -50.308	  13.993
130	-123.976	13	  39.425	 -58.057	   6.458
131	-122.258	12	  54.958	 -15.623	  -3.873
132	-122.200	8	  20.426	 -15.109	  11.113
133	-120.760	12	   3.784	 -32.581	   4.563
134	-120.091	12	 -14.663	  -9.375	  22.374
135	-120.050	12	  -7.565	 -11.492	  18.497
136	-119.239	12	  36.330	 -26.572	  30.788
137	-119.221	12	  10.566	 -51.699	  58.061
138	-118.850	12	  31.669	 -19.471	  -8.154
139	-116.940	11	 -12.573	 -37.171	  38.553
140	-115.334	11	  24.359	 -52.908	  27.470
141	-115.200	11	  49.441	 -20.790	  21.971
142	-112.870	11	  57.185	 -51.164	  -2.336
143	-112.287	11	  -9.955	 -47.583	  31.677
144	-109.841	11	   6.701	 -26.887	  73.277
145	-107.303	11	  17.898	 -51.178	  23.052
146	-106.882	10	  14.002	 -19.283	  20.008
147	 -99.768	10	  13.617	 -31.076	  44.891
148	 -98.418	10	  23.561	  25.000	   5.031
149	 -96.821	10	  -1.243	 -25.668	   3.074
150	 -95.839	10	  23.110	  11.366	 -11.234
151	 -95.502	9	  27.208	   4.277	  18.506
152	 -90.675	8	  16.498	  14.560	  10.027
153	 -87.288	9	   7.272	  -6.044	  38.845
154	 -85.293	8	  60.159	  -1.186	  -7.636
155	 -81.783	8	 -10.513	 -27.793	  15.895
156	 -80.403	8	  55.102	 -56.177	  10.768
157	 -80.164	7	 -10.855	 -36.521	  19.506
158	 -79.443	8	  14.705	 -45.663	  14.161
159	 -77.020	7	  -4.606	 -33.322	  55.280
160	 -75.169	8	 -13.924	 -31.511	  26.231
161	 -71.934	7	  -6.737	 -56.199	  30.662
162	 -70.968	7	  22.657	  19.409	  14.116
163	 -70.666	7	   6.217	 -46.523	  66.854
164	 -68.232	7	  43.163	 -50.607	  34.393
165	 -67.830	7	  -2.077	  -2.498	  45.654
166	 -67.046	7	  11.241	 -11.334	  21.948
167	 -66.929	6	  33.590	  15.921	 -10.008
168	 -64.206	6	  44.165	 -60.211	  11.800
169	 -62.957	6	  18.096	   4.169	  21.107
170	 -61.778	6	  51.723	 -37.533	 -10.307
171	 -60.275	6	  32.119	  20.941	  29.306
172	 -59.806	6	  48.946	 -18.623	  -8.883
173	 -52.460	5	  20.272	 -27.694	  46.385
174	 -51.524	5	   8.188	 -10.110	  -6.346
175	 -51.118	5	  60.542	   7.764	 -10.353
176	 -49.745	4	  42.400	  15.679	  -2.774
177	 -49.204	5	  41.947	 -16.275	  19.265
178	 -49.140	5	  35.742	   7.536	  16.046
179	 -48.138	5	  -9.233	 -23.270	   8.015
180	 -47.564	5	  54.749	  -0.028	  11.035
181	 -39.987	4	  39.645	  -0.785	  10.916
182	 -38.528	4	  44.947	  17.720	 -12.532
183	 -38.290	4	  59.714	 -22.191	  15.019
184	 -30.475	3	  -8.340	   7.974	  26.620
185	 -30.211	3	  -8.727	 -47.725	  15.655
186	 -30.169	3	 -13.059	  -2.383	  27.746
187	 -29.198	3	  26.225	 -42.770	  67.682
188	 -29.063	3	 -13.777	 -43.099	  44.611
189	 -28.543	3	  59.897	 -40.424	  -1.445
190	 -20.276	2	  34.947	  12.941	  26.119
191	 -20.012	2	  54.402	 -44.694	  18.290
192	 -19.717	2	  43.550	 -27.593	  35.586
193	 -19.677	2	   0.557	 -13.743	  -0.419
194	 -19.196	2	  30.453	  28.941	  14.655
195	 -18.558	2	   6.464	 -12.576	  29.070
196	 -18.451	2	   3.435	   4.941	  49.655
197	 -16.180	1	  43.947	  -2.059	   3.655
198	 -15.708	1	  43.947	 -13.059	   0.655
199	 -13.481	1	  49.947	 -44.059	  -1.345
200	 -11.351	1	  29.947	 -38.059	  60.655
201	  -9.902	1	  28.947	  26.941	  -4.345
202	  -9.717	1	  36.947	 -54.059	  30.655
203	  -9.470	1	  15.947	 -12.059	  -8.345
204	  -9.362	1	  23.947	  10.941	  20.655
205	  -9.338	1	  11.947	 -55.059	  26.655
206	  -9.255	1	   1.947	 -53.059	  56.655
207	  -9.183	1	  42.947	  21.941	   1.655
208	  -9.040	1	 -10.053	  -6.059	  41.655
209	  -9.011	1	  16.947	 -45.059	  44.655
