1	-791.432	63	  12.369	 -13.338	  22.181
2	-778.162	73	  15.123	   6.513	  -0.366
3	-764.045	70	  12.820	 -12.188	  12.090
4	-710.740	43	   3.795	 -13.342	  30.798
5	-599.371	53	  -2.988	  -6.114	  25.804
6	-570.628	36	   2.793	   4.283	  11.037
7	-564.002	52	  22.310	 -15.111	  23.720
8	-480.174	44	  15.215	   1.293	  37.820
9	-449.764	41	  -3.159	  11.802	  30.951
10	-381.554	33	  32.438	  -7.315	  23.220
11	-345.738	32	   2.937	  11.514	  38.413
12	-342.010	34	  25.015	 -12.522	   7.613
13	-334.294	28	   2.767	  -5.318	  38.046
14	-312.993	27	  29.557	  -3.731	  11.321
15	-312.902	28	  32.279	   3.064	  18.609
16	-297.104	27	  -1.299	  16.607	  23.891
17	-286.869	28	  11.731	 -18.317	  37.198
18	-276.836	25	  26.023	  16.000	  18.957
19	-276.176	26	  19.815	 -15.657	  39.174
20	-273.600	26	   8.898	 -10.792	  -1.329
21	-271.050	26	  18.374	  17.920	  14.129
22	-263.444	22	  25.560	   1.234	   0.689
23	-262.797	26	  27.198	   4.585	  30.738
24	-261.482	24	   2.635	 -18.886	  24.805
25	-247.828	24	  21.613	  -8.059	  -0.757
26	-217.772	21	  -6.324	   8.857	  15.582
27	-215.365	20	  -2.207	 -11.787	  17.371
28	-203.406	19	  11.464	  15.808	  32.982
29	-202.892	20	   0.754	   2.073	  -2.304
30	-195.026	17	  13.213	  18.753	  24.412
31	-183.759	18	  -3.319	   2.355	  37.635
32	-175.903	17	   8.750	  -2.885	  -6.776
33	-167.312	17	   3.408	   1.580	  40.802
34	-123.304	10	   5.116	 -17.783	  14.057
35	-120.219	12	   1.091	  17.749	  33.118
36	-119.133	10	  -7.281	   3.317	  27.057
37	-118.851	11	   5.670	  12.088	   4.077
38	-114.314	11	  14.797	  16.904	   7.552
39	-111.885	11	  31.036	  12.575	  24.511
40	-107.869	11	  30.673	 -15.737	  12.990
41	-102.633	9	  24.804	  12.847	   5.845
42	 -98.455	9	  21.690	  -6.631	  38.833
43	 -97.103	10	   1.063	 -12.596	   6.477
44	 -92.509	9	  31.197	   9.275	   9.768
45	 -92.356	9	  -5.979	  -0.276	  14.474
46	 -89.150	9	   1.202	  17.596	  11.330
47	 -78.475	8	  29.039	  -6.026	  32.293
48	 -61.441	6	  24.985	 -16.826	  31.482
49	 -47.509	5	  22.478	  14.411	  29.720
50	 -29.611	3	  18.036	 -20.493	  30.910
51	 -18.658	2	  19.184	  -0.649	  -9.117
52	 -17.952	1	   3.688	   4.833	  20.890
53	 -12.614	1	  20.688	  -6.167	  26.890
54	  -9.647	1	  25.688	 -21.167	  12.890
55	  -9.271	1	  -2.312	  -4.167	   5.890
56	  -9.192	1	  -8.312	  17.833	  16.890
57	  -9.170	1	  17.688	  12.833	  38.890
58	  -9.001	1	  11.688	   7.833	  41.890
