1	-978.062	82	  13.906	 -13.174	  21.429
2	-874.372	82	  13.345	 -12.240	  12.551
3	-807.026	73	  14.908	   6.583	  -0.308
4	-730.927	44	   4.153	 -13.181	  30.566
5	-699.855	59	  -3.127	  11.646	  31.248
6	-626.374	54	  -2.799	  -5.406	  25.747
7	-528.770	48	  15.723	   1.205	  37.453
8	-454.711	27	   3.245	   4.391	  11.637
9	-409.448	37	  32.209	  -7.176	  23.880
10	-368.979	33	  22.737	 -15.368	  24.820
11	-347.639	32	  32.260	   3.373	  18.627
12	-331.509	32	  23.496	 -13.060	   8.010
13	-330.331	31	   3.424	  11.157	  38.469
14	-326.875	29	  29.742	  -3.829	  11.194
15	-323.893	32	  -1.856	   1.899	  38.212
16	-294.637	26	  -1.581	  16.542	  23.576
17	-294.567	27	  19.792	 -15.997	  38.698
18	-290.458	28	  -2.569	 -11.259	  16.945
19	-289.930	25	   2.943	  -5.014	  38.072
20	-266.239	25	  18.090	  17.918	  14.239
21	-254.576	25	  27.381	   4.507	  30.476
22	-253.455	24	   8.644	 -10.742	  -1.659
23	-241.169	20	  25.508	   1.255	   0.804
24	-238.012	23	  11.803	 -18.180	  37.040
25	-227.325	21	   2.881	 -19.035	  24.561
26	-222.516	21	  -6.312	   8.858	  15.661
27	-188.707	18	  24.023	  -5.261	  36.860
28	-185.854	17	  11.713	  15.825	  32.487
29	-184.406	18	   0.309	   2.356	  -1.902
30	-178.524	17	   8.100	  -2.315	  -6.876
31	-172.085	15	  13.857	  18.592	  24.871
32	-156.348	14	  22.918	  -8.525	   1.101
33	-154.472	15	   1.683	  17.471	  11.428
34	-143.519	13	  -7.753	   5.197	  26.094
35	-132.051	13	  14.914	  16.806	   7.492
36	-128.629	11	  24.408	  15.949	  20.989
37	-123.416	12	  31.168	  12.599	  24.209
38	-119.448	11	  24.580	  13.084	   5.471
39	-110.414	11	   0.673	 -11.833	   6.430
40	-106.274	11	  29.718	 -16.328	  13.017
41	-104.013	10	   5.739	  11.818	   3.828
42	-100.385	8	   5.141	 -17.836	  14.057
43	 -99.656	10	  30.163	  16.432	  14.956
44	 -92.785	9	  -5.987	  -0.175	  14.104
45	 -78.432	8	   6.254	   2.495	  42.434
46	 -70.729	7	  17.098	  -8.455	  -3.888
47	 -60.492	6	  31.144	   9.809	   9.502
48	 -51.086	5	  25.063	 -16.980	  31.567
49	 -48.320	5	   6.915	  20.229	  23.032
50	 -48.024	5	  21.908	  14.213	  30.785
51	 -46.895	5	   1.886	  18.028	  31.018
52	 -38.864	4	  -1.315	   1.590	   5.582
53	 -37.397	4	  17.195	 -20.660	  31.061
54	 -18.553	2	  19.180	   3.311	  -8.696
55	 -17.468	1	   3.685	   4.827	  20.820
56	 -13.363	1	   9.685	  -5.173	  13.820
57	  -9.337	1	  21.685	  -5.173	  27.820
58	  -9.064	1	  -8.315	  17.827	  16.820
59	  -8.977	1	  11.685	   7.827	  41.820
