1	-1875.065	166	  16.390	  44.648	 -15.604
2	-1120.559	100	  17.835	  35.280	  37.219
3	-953.556	82	  24.946	  32.170	 -22.801
4	-913.482	80	  20.870	  21.588	  47.747
5	-651.289	61	  41.229	  31.217	 -12.880
6	-646.053	58	  21.005	  41.121	 -26.510
7	-603.189	49	  20.776	  32.271	  -2.896
8	-571.506	53	   6.407	  20.139	  59.302
9	-510.229	47	  14.437	  49.279	  48.445
10	-507.833	46	   5.139	  44.566	  -2.083
11	-488.494	41	  25.677	  58.524	 -13.390
12	-487.313	40	   4.254	  25.862	  37.393
13	-486.255	44	  15.412	  48.804	  -2.824
14	-449.099	42	  15.928	  25.987	 -22.077
15	-447.577	40	   8.243	  35.410	  66.187
16	-427.900	39	  23.038	  16.646	  38.225
17	-426.433	37	   7.619	  19.818	  31.381
18	-414.082	37	  40.438	  35.714	  41.912
19	-411.689	37	   9.664	  38.088	  23.668
20	-400.070	37	  19.405	  36.905	  44.575
21	-399.664	36	   1.719	  39.637	  -7.911
22	-392.913	36	  24.743	  37.680	  55.700
23	-384.504	35	  26.374	  27.830	  47.847
24	-383.665	34	  11.158	  46.010	 -37.473
25	-383.637	37	  -1.489	  30.080	  47.949
26	-382.086	34	  15.756	  32.519	  22.322
27	-376.975	33	   3.858	  47.497	  58.434
28	-359.236	33	  33.414	  16.922	  35.113
29	-357.335	31	  38.571	  57.243	  -7.257
30	-347.819	34	  13.827	  12.655	  40.989
31	-340.196	30	  45.231	  47.158	 -15.874
32	-330.105	30	   9.119	  25.685	 -29.855
33	-308.826	26	  44.821	  39.563	 -18.936
34	-295.375	25	  17.314	  30.574	 -31.872
35	-268.279	24	  12.461	  27.887	  -5.026
36	-267.919	27	  -7.237	  38.902	 -18.592
37	-259.269	23	  10.877	  27.786	  66.366
38	-254.732	25	  -0.291	  34.761	 -29.639
39	-241.441	23	  33.220	  50.441	  37.201
40	-239.722	21	  29.495	  51.010	 -26.408
41	-230.091	22	  28.114	  23.687	  -4.219
42	-226.145	22	  23.278	  39.893	  17.718
43	-224.811	21	  30.849	  39.070	  -0.858
44	-221.457	20	   9.146	  43.209	  33.814
45	-218.307	21	   3.466	  54.628	 -35.638
46	-209.330	18	  23.263	  48.535	  57.830
47	-208.121	20	  -6.101	  46.444	 -13.216
48	-197.280	18	  41.673	  45.573	  29.634
49	-194.603	19	  36.571	  26.229	  26.678
50	-182.026	18	  35.722	  28.622	  -3.557
51	-181.977	18	  27.269	  19.689	  25.221
52	-179.065	17	  20.234	  21.590	  22.442
53	-177.983	17	   8.152	  60.186	 -27.847
54	-176.763	17	  13.484	  20.511	  -9.600
55	-176.179	18	  18.193	  42.639	  66.623
56	-175.761	17	  20.129	  23.163	 -14.579
57	-174.026	17	  29.864	  31.499	  17.629
58	-173.966	16	   1.722	  28.155	 -13.786
59	-172.776	16	  29.118	  17.056	  43.496
60	-172.064	17	  42.526	  44.124	  36.131
61	-171.992	17	   1.065	  27.846	 -21.298
62	-167.572	17	  27.316	  47.604	  28.546
63	-165.620	16	  12.449	  53.711	 -20.885
64	-164.361	17	   1.803	  55.365	 -19.558
65	-155.537	15	  23.109	  53.397	 -22.134
66	-153.471	15	  33.276	  43.837	  23.709
67	-153.333	15	  22.466	  42.870	  48.519
68	-139.737	14	  -2.113	  24.362	  55.499
69	-137.738	14	  41.167	  55.390	 -24.091
70	-137.592	14	   4.117	  49.032	  51.516
71	-135.451	14	  30.581	  34.312	  46.092
72	-134.942	14	  17.891	  30.764	  69.013
73	-133.129	13	  -1.153	  18.816	  50.980
74	-130.683	13	  15.222	  13.264	  57.277
75	-130.187	13	  37.160	  47.371	 -30.265
76	-129.031	13	  29.587	  57.517	  -5.733
77	-124.936	12	  36.754	  44.262	  -1.718
78	-124.160	12	  14.622	  14.144	  32.556
79	-119.569	12	   5.344	  13.198	  35.893
80	-119.025	12	   0.654	  40.226	  44.789
81	-118.900	11	  44.488	  46.340	  -4.141
82	-116.823	10	  31.883	  59.388	 -25.506
83	-112.007	11	  20.627	  14.378	  28.257
84	-101.041	9	  -2.423	  35.861	  61.377
85	 -99.622	10	  42.824	  35.544	  25.911
86	 -96.251	9	   1.973	  14.464	  45.248
87	 -96.152	10	  -3.423	  41.362	  54.417
88	 -95.133	9	  44.592	  43.988	 -25.875
89	 -91.836	9	  -4.174	  52.120	 -24.268
90	 -91.461	9	   6.187	  27.311	  -8.588
91	 -91.065	9	  24.479	  34.796	  63.425
92	 -88.024	8	  11.145	  52.451	  61.829
93	 -85.944	8	  38.442	  63.683	 -15.146
94	 -82.213	8	  12.918	  21.386	  25.023
95	 -79.605	8	  27.214	  47.841	  -0.708
96	 -79.445	8	  15.875	  53.295	 -29.080
97	 -68.945	7	  -4.023	  43.769	 -34.746
98	 -68.657	7	  34.093	  27.259	  47.897
99	 -65.344	6	  25.325	  44.898	  37.601
100	 -63.130	6	  40.703	  27.742	  33.342
101	 -60.403	6	  37.542	  35.519	  -2.682
102	 -59.704	6	  -2.002	  37.403	  36.994
103	 -57.389	4	  38.692	  46.202	 -22.127
104	 -57.108	6	  28.169	  44.222	 -29.682
105	 -55.926	5	   3.435	  37.379	 -35.875
106	 -51.657	5	  20.956	  18.741	  -5.278
107	 -49.629	5	  19.130	  42.101	   5.921
108	 -49.004	5	  31.414	  42.452	  43.920
109	 -46.902	5	   1.932	  34.717	  24.924
110	 -40.115	4	  22.937	  63.740	 -17.135
111	 -39.258	4	  16.642	  57.741	  52.355
112	 -37.675	4	  19.153	  44.243	 -33.176
113	 -32.226	3	  -1.507	  30.060	  34.011
114	 -29.081	3	  31.768	  65.664	 -20.836
115	 -29.017	3	   1.460	  27.397	  64.318
116	 -28.841	3	  31.513	  35.706	 -33.682
117	 -28.807	3	   6.475	  22.741	 -16.334
118	 -28.552	3	  36.785	  25.389	 -21.666
119	 -27.905	3	  19.153	  21.743	  67.320
120	 -26.298	2	  16.153	  34.741	  61.790
121	 -23.569	2	  14.153	  29.741	  49.887
122	 -20.984	2	  28.153	  39.741	 -16.238
123	 -18.945	2	  40.153	  20.255	 -12.682
124	 -18.563	2	  23.153	  63.703	 -25.201
125	 -18.425	2	   0.153	  51.240	  -2.682
126	 -18.355	2	  29.659	  20.729	 -15.163
127	 -18.340	2	  12.153	  45.229	  20.318
128	 -17.879	2	   9.654	  37.743	   4.819
129	 -17.591	1	  14.153	  21.741	  55.318
130	 -16.087	1	  18.153	  37.741	 -18.682
131	 -12.461	1	  35.153	  32.741	 -18.682
132	 -10.953	1	  19.153	  53.741	  -9.682
133	  -9.651	1	  12.153	  45.741	  41.318
134	  -9.450	1	  44.153	  34.741	 -27.682
135	  -9.422	1	  41.153	  42.741	  44.318
136	  -9.021	1	  -7.847	  45.741	 -23.682
