1	-982.884	81	  39.502	  22.401	  31.831
2	-921.458	81	  33.019	  34.937	  24.425
3	-916.930	71	  79.079	  15.875	  11.556
4	-769.353	66	  28.352	  23.151	  14.888
5	-741.941	63	  80.160	  27.160	  14.406
6	-738.797	60	  65.919	  32.103	  17.377
7	-706.216	62	  31.467	  17.051	  19.001
8	-685.432	51	  48.600	  27.768	  12.947
9	-556.158	35	  49.733	  16.603	  21.735
10	-556.089	55	  87.804	  24.890	   6.027
11	-554.194	49	  55.825	  24.105	   3.113
12	-519.561	43	  86.736	  17.410	   2.310
13	-514.771	42	  68.892	  16.885	  -8.181
14	-467.895	42	  37.076	  23.192	   3.244
15	-449.217	41	  63.626	  31.813	   6.678
16	-443.582	42	  78.954	  -4.120	   6.371
17	-439.232	39	 105.292	   1.037	  20.813
18	-428.412	37	  58.958	  28.419	  32.705
19	-418.219	37	  73.872	  14.519	  31.582
20	-407.337	36	  35.251	  16.453	  24.709
21	-403.187	36	  49.929	   5.647	  13.239
22	-402.732	37	  57.443	   6.931	  24.482
23	-385.208	36	  75.192	  25.011	  29.989
24	-381.415	35	  83.026	   0.001	  30.324
25	-378.492	36	  70.132	  -1.032	  20.906
26	-369.575	32	  99.038	  -4.630	  24.954
27	-349.071	33	  35.755	   7.255	  22.196
28	-338.500	31	  77.423	  28.823	  23.958
29	-333.652	31	  42.921	  33.382	  37.388
30	-300.592	28	  58.429	  -0.046	   1.566
31	-299.693	28	  91.105	  -2.765	  28.424
32	-293.143	27	 105.952	  11.386	  22.120
33	-289.585	28	  88.251	   6.513	  -3.557
34	-286.111	25	  66.583	  -1.420	  -4.279
35	-268.665	26	  40.596	  10.810	   4.907
36	-252.924	25	  81.590	  13.880	  -6.605
37	-251.882	22	  64.744	  19.430	  33.069
38	-245.987	21	  64.668	  35.025	  25.128
39	-242.340	23	 106.969	  12.200	   9.552
40	-236.046	20	  97.710	  16.352	  25.986
41	-232.347	22	  90.251	   0.912	  -0.639
42	-227.923	21	  91.484	  27.873	  23.265
43	-227.016	20	  27.216	  28.579	   8.335
44	-222.293	22	  40.320	  46.930	  22.321
45	-218.831	22	  43.768	  40.313	   5.798
46	-207.379	19	  96.893	  11.993	   4.426
47	-206.897	19	  54.546	   7.016	   3.584
48	-205.022	20	  72.744	  24.284	  -8.310
49	-199.804	18	  51.888	  40.403	  33.454
50	-191.074	19	  99.398	  24.173	   9.552
51	-188.322	17	  77.630	  -6.513	  19.058
52	-188.169	17	  94.230	   8.086	  31.388
53	-187.564	18	  95.962	  -1.745	   6.852
54	-179.121	18	 104.149	   5.448	   9.644
55	-174.164	16	  29.765	  15.464	   7.064
56	-169.275	17	  32.570	  41.791	  18.654
57	-166.495	16	  64.566	   6.411	  -8.474
58	-165.669	16	  88.235	  17.500	  29.656
59	-161.616	15	  51.466	  15.197	   0.370
60	-155.169	15	  94.176	  28.775	  14.828
61	-153.130	14	  56.663	   7.484	  -3.363
62	-150.140	14	  80.637	   7.884	  33.114
63	-145.588	14	  33.018	  28.969	  31.936
64	-142.050	14	  80.237	  30.702	  -1.715
65	-135.548	13	  23.013	  32.493	  14.501
66	-125.091	13	 100.213	  -9.232	  14.628
67	-120.905	11	 108.802	   2.421	  27.135
68	-120.236	12	  42.583	   2.615	  18.827
69	-115.153	11	  63.451	  -9.388	   1.973
70	-112.435	11	  47.391	  24.638	  40.913
71	-111.087	11	  78.178	  -5.899	  -5.447
72	-109.061	10	  55.586	  36.285	   5.302
73	-108.824	11	  54.723	  46.820	   7.629
74	-106.059	11	  90.941	  -8.025	   8.371
75	-104.365	10	  50.276	   6.206	  23.680
76	 -99.911	10	  66.270	  -4.600	  12.407
77	 -98.822	10	  30.031	  34.735	   5.412
78	 -96.472	8	  52.677	  20.312	  11.589
79	 -93.776	9	  58.512	  -1.814	  19.806
80	 -91.722	9	  58.549	  45.839	  18.471
81	 -91.387	9	  79.973	   1.172	  -8.368
82	 -87.747	8	  71.120	  -9.643	   5.407
83	 -86.797	8	  44.347	  16.178	  38.257
84	 -86.159	9	  71.207	  35.771	   9.828
85	 -84.673	5	  55.278	  29.380	  18.985
86	 -84.545	8	  96.753	  29.167	   4.399
87	 -78.741	7	  46.893	  46.468	  27.642
88	 -76.883	7	 104.122	  19.182	  17.616
89	 -70.937	7	  59.203	  20.298	  -2.404
90	 -70.487	7	  85.583	  24.729	  -4.324
91	 -70.483	6	  55.815	  -0.042	  11.210
92	 -68.941	6	  54.597	  13.476	  33.868
93	 -67.265	7	  60.153	  40.752	  10.674
94	 -64.858	6	  54.928	  25.599	  38.696
95	 -61.234	6	  98.276	  23.763	  21.371
96	 -59.469	6	  44.770	  18.252	   2.055
97	 -59.239	5	  42.084	   9.832	  28.372
98	 -57.859	6	  84.131	  -7.924	  10.566
99	 -53.283	5	  80.655	  34.134	   8.238
100	 -51.560	4	  78.285	  17.431	  20.760
101	 -51.383	5	  76.891	  -5.452	  26.758
102	 -51.025	5	  47.090	  32.934	   0.350
103	 -45.621	5	 103.484	  -2.428	  31.968
104	 -41.351	4	  58.836	  -5.944	   7.140
105	 -40.659	4	  24.373	  28.709	  25.206
106	 -39.925	4	  74.546	  34.000	   2.852
107	 -38.924	4	  41.821	  49.528	   9.858
108	 -38.843	4	  28.285	   9.545	  14.389
109	 -38.093	4	 101.821	   7.984	  34.362
110	 -38.009	4	  84.289	 -10.229	  25.875
111	 -32.777	3	  73.298	   6.771	  18.372
112	 -31.027	3	  21.319	  23.104	  17.672
113	 -24.607	2	  39.498	  27.324	  20.925
114	 -21.471	2	  49.992	  50.918	  21.652
115	 -21.407	2	  41.800	  42.771	  35.372
116	 -19.330	2	  73.232	 -10.755	  -1.734
117	 -19.239	2	  88.376	 -11.744	  19.887
118	 -19.157	2	  48.285	  48.271	   5.372
119	 -18.978	2	  68.774	   4.282	  31.372
120	 -17.940	2	  59.784	  43.272	  27.370
121	 -17.560	1	  41.285	  15.771	  20.372
122	 -11.441	1	  65.285	   7.771	  18.372
123	 -10.001	1	  34.285	  43.771	   9.372
124	  -9.927	1	  60.285	  17.771	  15.372
125	  -9.323	1	  50.285	  54.771	  15.372
126	  -9.256	1	  69.285	  18.771	  18.372
127	  -9.212	1	  98.285	 -11.229	  21.372
128	  -9.044	1	  72.285	   4.771	 -10.628
