1	-860.194	64	  44.799	  21.346	  52.122
2	-426.372	40	  51.496	  23.801	  41.644
3	-417.406	35	  32.822	   7.407	  57.129
4	-373.623	35	  38.068	  24.833	  58.250
5	-324.144	30	  31.043	   4.191	  37.509
6	-301.362	28	  53.406	  21.607	  32.782
7	-297.216	27	  35.776	  25.932	  31.283
8	-278.129	25	  43.228	  26.160	  44.056
9	-268.755	26	  25.098	   5.842	  47.903
10	-268.600	25	  27.305	  10.530	  29.708
11	-244.705	23	  49.216	  10.409	  24.395
12	-222.714	19	  33.087	  -0.077	  49.265
13	-214.895	20	  42.716	  16.141	  68.062
14	-195.640	19	  50.617	   1.180	  33.731
15	-189.488	18	  27.466	  26.594	  42.375
16	-185.707	18	  53.233	  24.087	  55.251
17	-184.694	17	  43.764	   0.398	  48.261
18	-177.909	17	  44.161	  26.628	  29.419
19	-174.926	16	  57.832	  12.979	  50.076
20	-167.622	16	  24.259	  15.383	  49.429
21	-162.167	15	  50.693	   2.405	  42.862
22	-158.851	15	  36.110	  28.511	  44.976
23	-141.235	14	  41.235	  15.657	  22.737
24	-140.429	14	  20.678	  15.190	  40.052
25	-135.152	8	  48.095	   8.918	  35.246
26	-110.833	10	  53.540	   5.298	  53.168
27	-107.861	11	  55.213	  14.570	  62.264
28	-107.285	11	  40.132	   1.075	  34.591
29	 -98.710	10	  29.968	  20.724	  61.458
30	 -89.551	9	  28.329	  29.357	  50.105
31	 -80.208	8	  44.256	   4.962	  62.430
32	 -60.970	4	  47.312	  14.450	  57.671
33	 -56.963	6	  37.156	   7.379	  23.107
34	 -46.676	5	  60.163	  19.467	  42.302
35	 -39.682	4	  56.469	   8.575	  33.522
36	 -34.531	3	  31.149	  17.537	  24.452
37	 -20.178	2	  49.149	  11.072	  68.452
38	 -19.645	2	  49.634	  20.530	  65.452
39	 -18.982	2	  60.659	  23.523	  47.969
40	 -10.395	1	  38.149	  13.530	  42.452
41	  -9.925	1	  60.149	  19.530	  56.452
42	  -9.474	1	  38.149	  -2.470	  57.452
43	  -9.458	1	  34.149	  17.530	  68.452
44	  -9.194	1	  45.149	  31.530	  35.452
45	  -9.009	1	  24.149	  22.530	  34.452
