1	-707.082	53	  45.038	  21.156	  52.229
2	-434.835	40	  51.551	  24.057	  41.492
3	-372.904	34	  44.164	  26.057	  44.234
4	-321.219	30	  53.285	  21.620	  32.292
5	-318.764	29	  38.265	  24.906	  58.093
6	-302.284	25	  33.457	   6.569	  56.235
7	-292.874	27	  31.600	   4.197	  37.077
8	-277.924	26	  27.343	  10.383	  29.707
9	-275.679	25	  35.152	  26.135	  31.689
10	-258.608	25	  25.186	   5.756	  48.038
11	-250.003	22	  33.190	  -0.133	  49.322
12	-226.110	21	  42.749	  16.112	  68.115
13	-213.406	20	  43.015	  26.470	  29.310
14	-206.732	20	  27.369	  26.606	  42.495
15	-193.188	17	  58.113	  13.746	  50.849
16	-184.565	18	  50.839	   1.220	  33.686
17	-184.541	18	  35.782	  28.535	  44.981
18	-181.177	17	  43.901	   0.453	  48.227
19	-167.169	16	  24.209	  15.215	  49.372
20	-157.912	15	  48.844	   7.386	  24.737
21	-145.047	13	  50.591	   2.535	  42.774
22	-144.860	15	  54.831	  13.986	  61.976
23	-134.217	13	  39.955	  10.657	  22.592
24	-129.734	12	  53.844	   5.064	  53.010
25	-127.871	12	  53.005	  24.069	  54.749
26	-127.781	8	  48.091	   8.934	  35.186
27	-108.583	11	  21.073	  16.824	  40.421
28	-106.590	10	  49.748	  14.799	  23.980
29	 -90.887	9	  30.316	  20.880	  62.006
30	 -89.761	9	  44.462	   5.144	  62.410
31	 -84.273	7	  30.213	  12.115	  59.484
32	 -81.421	8	  28.152	  29.143	  49.966
33	 -75.077	8	  41.161	  19.560	  23.067
34	 -60.056	6	  39.950	   1.197	  37.972
35	 -58.998	4	  47.641	  13.566	  57.778
36	 -56.078	6	  60.335	  19.200	  42.309
37	 -46.348	4	  31.421	  17.040	  24.444
38	 -38.776	4	  40.926	   0.795	  29.692
39	 -29.184	3	  57.382	   8.225	  34.320
40	 -27.618	3	  19.842	   9.550	  40.120
41	 -19.990	2	  49.171	  11.105	  68.444
42	 -19.669	2	  49.655	  20.550	  65.444
43	 -19.253	2	  34.647	  17.550	  68.920
44	 -18.679	2	  60.693	  23.535	  47.981
45	 -12.131	1	  38.171	  13.550	  42.444
46	  -9.471	1	  45.171	  31.550	  35.444
47	  -9.247	1	  24.171	  22.550	  34.444
