1	-1324.010	103	  18.320	   4.447	  23.484
2	-1292.328	100	  39.252	  20.808	   2.643
3	-923.723	71	  24.975	  14.833	   2.032
4	-767.575	65	  23.984	   9.472	   9.060
5	-609.062	51	  31.228	   5.380	  -4.150
6	-583.307	54	  19.509	  -8.204	   6.571
7	-564.365	52	   2.346	 -13.083	  12.096
8	-548.204	49	  23.315	  32.816	  -2.771
9	-539.915	50	  35.189	  37.953	 -16.907
10	-480.443	42	  14.624	  20.980	  14.930
11	-470.440	44	  43.280	  19.912	  -7.249
12	-436.152	40	  33.657	  24.502	 -18.394
13	-425.350	39	   1.360	   0.239	   9.809
14	-417.613	37	  12.188	  14.057	   5.497
15	-386.764	35	  16.303	  12.756	  -3.023
16	-339.916	30	  42.357	  -1.303	 -10.254
17	-330.960	30	   7.959	   5.305	  23.042
18	-313.199	27	  18.742	  17.967	   7.000
19	-296.401	28	  19.714	 -15.337	  12.908
20	-286.125	28	  26.032	  25.969	   8.042
21	-279.823	25	   5.665	  26.623	  20.098
22	-248.727	23	  40.644	  42.101	 -11.336
23	-246.383	22	   4.924	 -16.699	  18.995
24	-245.653	23	  33.781	   5.282	   3.302
25	-245.109	23	  29.168	  40.016	   0.221
26	-229.630	20	  16.361	  27.854	  -5.872
27	-211.965	21	  28.534	  -1.314	  13.510
28	-211.417	21	  26.112	  29.689	 -19.203
29	-210.725	19	  18.966	  -3.268	  -1.555
30	-204.254	19	  26.303	  12.578	 -11.458
31	-201.240	19	  42.687	  20.893	 -17.803
32	-197.694	17	  54.075	  30.770	  -7.342
33	-196.367	19	  -2.890	  -7.447	  21.571
34	-195.426	19	  -1.395	   3.702	  17.651
35	-190.513	19	  16.395	 -13.737	  33.024
36	-186.783	17	  22.899	   7.595	  -4.399
37	-186.518	16	  49.906	  28.996	  13.329
38	-184.352	18	   2.494	 -16.349	  26.530
39	-180.527	17	  48.494	  41.373	 -11.156
40	-179.737	17	  46.094	  32.671	 -17.725
41	-178.688	15	  24.416	  -3.864	  36.905
42	-160.379	16	  43.704	   9.986	   4.690
43	-159.676	15	  13.158	   4.609	  -2.528
44	-151.200	15	  24.512	 -17.132	  22.679
45	-151.177	15	  48.874	  39.172	   3.953
46	-150.769	15	  33.953	   1.761	 -14.009
47	-141.256	14	  36.209	  43.036	   6.893
48	-134.145	13	  19.994	  16.881	  24.355
49	-133.068	13	   4.059	  -5.018	   2.155
50	-130.805	12	   4.647	  24.949	  12.036
51	-129.286	13	  36.085	  45.046	  -4.455
52	-125.181	12	  11.305	  11.913	  27.194
53	-124.053	11	   3.035	  -7.414	  33.660
54	-120.939	12	  46.320	  13.044	  -3.744
55	-120.546	12	  36.822	  34.664	  13.758
56	-114.712	11	  27.143	  -9.620	  14.033
57	-113.386	11	  31.993	  13.860	   6.997
58	-111.105	11	  23.186	  36.010	 -11.833
59	-108.083	11	  16.919	  20.710	 -12.611
60	-105.724	10	  25.999	 -15.389	  30.462
61	-104.836	10	  48.630	   1.212	  -5.736
62	 -99.865	10	  12.821	 -20.052	  18.357
63	 -99.780	10	   3.695	  16.153	   9.788
64	 -94.972	9	  24.505	  11.785	  18.477
65	 -93.834	9	  43.386	  40.037	  12.470
66	 -92.614	9	  45.422	   2.622	   1.762
67	 -92.439	9	  26.539	  34.169	   6.511
68	 -87.657	9	  32.993	  10.982	 -16.664
69	 -84.660	9	  46.107	   2.729	 -18.782
70	 -81.006	8	  27.871	   1.839	  25.279
71	 -74.465	7	  29.707	  -9.780	  27.124
72	 -74.007	7	  38.276	  23.639	  12.334
73	 -73.078	7	  10.136	 -11.332	   3.029
74	 -70.717	7	  15.839	  22.470	  27.863
75	 -70.253	7	   8.449	 -12.868	  31.963
76	 -58.611	6	  24.953	 -11.422	  39.230
77	 -57.500	6	  51.056	  37.008	  14.640
78	 -56.994	6	  -2.996	  15.220	  21.305
79	 -56.656	6	   6.633	   0.684	  32.826
80	 -55.296	6	   6.354	   8.065	   5.832
81	 -50.688	5	  31.185	  41.298	 -11.809
82	 -48.105	5	  45.925	  21.477	   6.000
83	 -42.068	4	  -2.828	  22.830	  21.782
84	 -41.058	4	  36.281	  -2.469	  -3.972
85	 -40.861	4	  51.659	  37.625	  -2.981
86	 -38.625	4	   7.540	  22.542	  29.227
87	 -19.878	2	   2.963	  12.516	  26.970
88	 -19.142	2	  48.525	  12.932	 -15.093
89	 -19.075	1	  45.004	  32.537	   1.991
90	 -19.011	2	  54.493	  28.537	   3.006
91	 -18.722	2	  43.004	  44.537	  -0.495
92	 -18.320	2	  10.496	  -3.463	  37.991
93	 -18.026	2	  39.509	  31.537	 -22.009
94	 -12.609	1	  16.004	  -7.463	  28.991
95	  -9.208	1	  15.004	 -19.463	  26.991
