1	-1453.574	127	  36.848	   3.517	  46.608
2	-1332.857	117	  46.589	 -23.178	  22.337
3	-1117.605	97	  38.691	   2.798	  12.742
4	-1057.391	98	  53.451	  -2.376	  31.615
5	-984.468	83	  47.004	  11.587	  13.899
6	-982.865	88	  30.639	   4.746	  34.579
7	-982.158	70	  39.611	  -2.732	  25.993
8	-914.472	82	  41.042	  -7.781	  -1.552
9	-894.042	79	  39.548	  18.164	  -5.903
10	-799.603	71	  32.237	 -15.512	  26.121
11	-714.410	61	  11.447	  -8.319	  44.392
12	-679.606	58	  26.305	  25.059	  17.326
13	-667.723	59	  29.545	   9.471	  49.755
14	-651.337	58	  27.993	 -24.440	   1.883
15	-612.476	53	  24.570	  22.978	   9.139
16	-601.505	46	  33.525	 -36.764	  16.629
17	-596.638	48	  36.591	 -18.139	  -1.281
18	-586.344	52	  25.821	  22.855	  29.353
19	-581.798	52	  22.934	 -22.512	  40.971
20	-573.211	49	  17.477	   1.701	  20.411
21	-559.311	46	  42.302	  33.122	   6.702
22	-516.239	46	  54.348	  -2.217	  12.825
23	-496.911	43	  53.957	  14.993	  14.353
24	-493.377	39	  17.425	 -14.432	  45.234
25	-487.530	44	  45.189	  16.392	  35.770
26	-484.124	45	  33.142	  13.470	  -4.191
27	-480.932	45	  58.114	 -23.062	  -0.221
28	-456.345	41	  38.462	 -25.887	   0.398
29	-452.942	42	  34.310	 -17.234	  60.898
30	-450.685	43	  20.763	   2.926	  62.176
31	-420.019	39	  44.330	  34.727	  26.243
32	-417.466	37	  18.221	 -10.390	  52.424
33	-398.318	35	  41.650	 -18.521	  37.436
34	-395.807	33	  23.209	  -3.620	  26.633
35	-384.956	33	  26.718	  -8.011	  17.733
36	-377.521	37	  41.476	 -39.611	   7.813
37	-376.717	34	  37.806	 -18.278	  23.821
38	-369.825	33	  47.971	  16.682	   4.868
39	-367.856	32	  19.598	  10.684	  53.041
40	-363.764	31	  26.002	   1.355	  17.910
41	-354.810	35	  52.274	 -16.748	  34.246
42	-337.060	31	  17.754	  -8.967	  21.431
43	-335.727	31	  53.906	  27.601	  18.957
44	-334.801	31	  32.020	  29.013	  13.125
45	-323.837	31	  34.989	  26.917	  -2.759
46	-318.437	29	  40.291	 -38.360	  27.952
47	-316.813	29	  19.842	  -3.377	  12.251
48	-293.517	27	  25.096	 -29.463	   9.266
49	-286.760	28	  59.472	 -26.702	  10.641
50	-277.045	24	  25.413	  18.058	   2.950
51	-260.303	25	  60.379	  -8.899	  21.089
52	-259.610	25	  47.116	   0.772	  50.070
53	-257.076	23	  51.988	  -8.613	  43.073
54	-250.502	24	  12.940	   5.433	  51.228
55	-249.255	25	  17.315	  21.979	  14.250
56	-241.186	22	  37.787	  13.978	  36.943
57	-237.562	24	  25.410	 -13.749	  -2.851
58	-234.778	23	  55.168	 -23.024	  24.466
59	-234.293	21	  18.412	 -18.029	  12.274
60	-232.757	22	  18.939	   7.121	   7.856
61	-231.089	21	  60.073	 -22.316	  19.890
62	-230.270	20	  48.266	 -36.895	   3.955
63	-229.238	22	  44.724	 -18.395	  45.267
64	-227.648	22	  58.070	  -7.234	   9.391
65	-225.993	22	  29.679	 -23.752	  37.529
66	-223.885	21	  56.352	   8.734	  32.174
67	-217.770	21	  23.038	  10.605	  38.076
68	-215.925	21	  48.295	 -24.659	  -4.738
69	-214.187	21	  58.299	  12.929	  20.271
70	-213.656	20	  43.926	  -2.964	  57.141
71	-211.322	21	  10.977	 -18.888	  40.976
72	-206.254	20	  30.630	   3.276	  -2.165
73	-205.307	20	  22.206	 -28.739	  20.056
74	-204.631	20	  10.041	  -0.492	  31.198
75	-188.831	18	  22.383	  -0.263	   1.240
76	-185.719	18	  14.121	  17.853	  22.333
77	-181.152	16	  23.789	  -4.816	  65.091
78	-179.036	17	  40.129	  28.429	  33.087
79	-178.288	16	  25.987	  15.836	  51.789
80	-178.004	17	  36.689	   5.174	   3.757
81	-177.375	17	  12.478	  10.514	  42.296
82	-170.171	17	  47.305	  10.127	  39.378
83	-169.218	16	  55.878	  16.274	  31.901
84	-162.273	15	  53.138	 -12.319	  -2.518
85	-160.591	14	  10.386	   0.854	  43.667
86	-157.919	14	  40.377	 -31.272	  22.740
87	-151.230	14	  12.382	  10.196	  27.507
88	-150.136	14	  15.832	  13.180	  35.443
89	-147.497	15	  48.561	 -33.019	  20.692
90	-144.992	14	  48.721	  17.140	  -4.552
91	-144.709	13	  22.992	 -15.929	  56.953
92	-137.490	12	  61.370	   3.010	  24.065
93	-133.901	13	  37.284	  -6.079	  61.260
94	-130.653	13	  17.291	  15.950	  42.255
95	-128.645	13	  46.018	  28.282	   0.174
96	-124.491	12	  31.568	   8.384	  56.003
97	-110.878	11	  53.265	 -35.572	  13.334
98	-110.808	11	  11.359	 -18.077	  33.203
99	-107.096	11	  31.421	  18.508	  36.721
100	-106.976	10	  54.139	   3.745	  42.417
101	 -92.143	8	  30.251	 -25.842	  23.970
102	 -91.702	9	  20.112	  12.232	   2.952
103	 -89.684	9	  31.277	 -14.904	  -7.691
104	 -88.871	9	  30.476	  30.641	  21.439
105	 -88.114	9	  34.998	 -21.829	  54.724
106	 -86.228	9	  49.403	  -2.656	   0.587
107	 -84.655	8	  36.226	  35.401	  19.698
108	 -81.796	8	  31.513	   0.375	  63.756
109	 -78.190	8	  26.655	 -12.362	  67.151
110	 -72.137	7	  42.202	 -42.854	  20.072
111	 -70.576	5	  43.020	 -10.310	  31.703
112	 -70.238	7	  22.391	 -21.404	  50.601
113	 -69.430	7	  51.869	  27.815	   7.866
114	 -67.746	6	  49.372	  35.037	  19.262
115	 -60.663	6	  14.874	 -19.549	  23.075
116	 -60.618	5	  21.187	 -24.392	  28.391
117	 -60.575	6	  49.731	 -11.122	  54.718
118	 -58.427	6	  27.483	  28.436	   4.610
119	 -58.050	5	  46.945	  -0.130	   9.230
120	 -55.650	6	  33.898	 -44.633	  15.415
121	 -50.901	5	  25.159	 -37.161	  12.949
122	 -50.868	5	  26.342	  12.960	  58.991
123	 -50.506	4	  46.928	  -1.533	  20.008
124	 -50.122	5	  34.733	 -41.668	  23.586
125	 -46.642	5	  41.925	  39.955	  14.598
126	 -44.228	3	  42.513	   4.822	  31.625
127	 -39.684	4	  19.718	  27.367	  22.167
128	 -38.720	4	   9.739	  -8.616	  30.131
129	 -37.744	4	  44.210	 -10.914	  60.147
130	 -37.652	4	  18.982	 -13.628	   5.899
131	 -29.917	3	  50.544	  28.587	  31.507
132	 -29.710	3	  18.433	  18.373	  51.699
133	 -29.571	3	  60.739	 -10.639	  31.399
134	 -29.500	3	  34.412	 -32.633	  -0.256
135	 -28.210	3	  53.389	 -33.304	  -2.259
136	 -22.083	2	  14.303	   3.367	  13.399
137	 -20.149	2	  31.263	 -25.109	  48.923
138	 -19.991	2	  10.709	  -5.118	  53.855
139	 -19.740	2	  14.739	  11.367	  13.879
140	 -19.338	2	  64.739	 -15.633	  15.938
141	 -17.922	2	  11.238	  -5.130	  21.399
142	 -13.229	1	  33.739	   9.367	  19.399
143	 -11.537	1	  31.739	 -26.633	  12.399
144	  -9.861	1	  63.739	 -13.633	   6.399
145	  -9.010	1	  35.739	 -11.633	  14.399
