1	-713.903	53	  45.189	  20.799	  52.181
2	-494.541	47	  51.192	  23.814	  41.857
3	-352.598	33	  35.447	  26.139	  31.015
4	-330.146	30	  53.441	  21.038	  32.442
5	-329.680	27	  33.463	   6.646	  56.305
6	-306.942	28	  31.673	   4.233	  36.882
7	-288.528	26	  43.387	  26.119	  43.816
8	-287.477	26	  38.550	  24.810	  56.991
9	-235.920	20	  32.997	  -0.103	  49.324
10	-230.342	21	  27.303	  10.963	  29.200
11	-228.430	21	  58.162	  13.168	  50.633
12	-222.570	21	  49.063	  11.745	  24.126
13	-216.351	20	  42.866	  15.529	  68.087
14	-215.733	21	  27.563	  26.576	  42.035
15	-210.763	20	  44.345	  26.795	  29.510
16	-205.344	19	  25.144	   6.184	  48.019
17	-192.068	19	  53.990	  16.296	  62.877
18	-187.993	18	  53.826	   4.926	  52.905
19	-185.643	17	  43.593	   0.026	  48.100
20	-167.888	16	  35.983	  28.680	  44.125
21	-160.962	15	  52.641	  24.232	  54.359
22	-157.596	15	  24.304	  15.798	  49.375
23	-156.983	15	  50.158	   0.915	  33.498
24	-155.361	15	  50.886	   2.064	  42.462
25	-143.762	8	  48.024	   8.871	  35.057
26	-116.003	12	  21.241	  17.362	  39.063
27	-112.805	11	  39.532	  10.617	  22.541
28	-111.015	10	  44.975	   5.103	  62.172
29	-100.875	10	  31.217	  21.034	  62.010
30	 -98.338	9	  54.917	   8.258	  30.048
31	 -95.951	8	  30.027	  12.433	  59.484
32	 -72.908	7	  28.102	  29.009	  49.968
33	 -68.243	7	  60.809	  18.154	  43.211
34	 -66.430	7	  40.387	   1.195	  37.584
35	 -65.595	6	  31.008	  17.268	  24.559
36	 -56.579	6	  40.596	  19.821	  22.798
37	 -53.494	3	  47.688	  12.913	  57.596
38	 -40.711	4	  39.500	  23.738	  65.028
39	 -38.543	4	  40.750	   0.979	  29.799
40	 -29.967	3	  48.915	  10.155	  67.973
41	 -28.593	3	  61.197	  23.180	  48.853
42	 -20.240	2	  20.252	   9.477	  37.930
43	 -13.884	1	  38.252	  13.477	  42.295
44	 -10.544	1	  58.252	   7.477	  37.295
45	 -10.353	1	  47.252	  16.477	  42.295
46	  -9.768	1	  33.252	  18.477	  51.295
47	  -9.445	1	  38.252	  -2.523	  57.295
48	  -9.224	1	  57.252	  12.477	  23.295
