1	-768.608	57	  45.166	  20.991	  52.609
2	-405.545	34	  32.897	   7.197	  57.232
3	-400.127	38	  51.915	  23.637	  41.243
4	-312.572	29	  31.331	   4.232	  37.308
5	-307.605	28	  37.822	  24.796	  58.630
6	-306.054	28	  35.554	  26.070	  31.325
7	-301.270	26	  33.387	  -0.050	  49.562
8	-266.136	25	  27.392	  10.901	  29.451
9	-260.867	24	  43.357	  26.261	  43.873
10	-248.406	23	  53.274	  21.957	  32.232
11	-243.427	23	  52.946	  24.169	  54.374
12	-226.487	22	  24.998	   6.302	  48.141
13	-224.529	21	  42.800	  15.780	  68.346
14	-223.833	22	  27.443	  26.537	  42.309
15	-184.101	18	  50.552	   1.150	  33.779
16	-179.334	16	  58.287	  13.634	  50.945
17	-172.261	16	  44.054	   0.417	  48.285
18	-167.963	16	  35.959	  28.505	  44.569
19	-167.424	16	  24.304	  15.177	  49.455
20	-166.608	16	  53.988	   5.142	  53.111
21	-160.314	15	  44.220	  26.842	  29.591
22	-159.431	15	  51.351	   2.426	  42.939
23	-147.151	14	  48.932	   7.420	  24.769
24	-138.858	9	  48.368	   8.884	  35.261
25	-124.507	13	  40.543	   1.130	  34.957
26	-121.707	12	  41.576	  14.864	  22.553
27	-117.028	12	  21.165	  16.935	  40.205
28	-106.981	10	  50.579	  14.532	  23.889
29	-100.277	10	  55.225	  15.136	  62.490
30	 -99.903	10	  30.000	  20.266	  62.020
31	 -99.618	10	  45.307	   5.242	  62.707
32	 -97.167	6	  47.815	  14.078	  58.344
33	 -80.949	8	  28.225	  29.104	  50.034
34	 -74.666	8	  60.634	  19.107	  42.210
35	 -70.335	7	  55.530	   9.028	  32.464
36	 -47.092	5	  49.258	  19.940	  66.317
37	 -38.697	4	  37.523	   7.777	  22.783
38	 -34.720	3	  31.258	  17.508	  24.542
39	 -30.750	3	  48.958	  10.887	  68.542
40	 -28.032	3	  19.940	   9.520	  40.201
41	 -27.713	3	  61.246	  23.194	  49.186
42	 -26.970	3	  33.926	  17.187	  69.210
43	 -15.740	1	  38.258	  13.520	  42.542
44	  -9.517	1	  38.258	  -2.480	  57.542
45	  -9.350	1	  24.258	  22.520	  34.542
