1	-779.144	58	  45.037	  20.935	  52.322
2	-392.592	37	  51.656	  23.753	  41.396
3	-370.397	32	  33.355	   6.320	  56.250
4	-312.747	29	  31.557	   4.257	  36.904
5	-312.258	29	  35.551	  26.073	  31.003
6	-301.255	28	  43.574	  26.047	  43.943
7	-290.002	27	  53.342	  21.621	  32.435
8	-261.989	22	  33.140	  -0.088	  49.129
9	-260.502	23	  37.935	  24.964	  57.225
10	-240.069	23	  52.805	  24.043	  54.541
11	-231.226	21	  27.344	  10.917	  29.178
12	-224.169	21	  42.754	  15.627	  67.970
13	-223.845	22	  27.247	  26.399	  41.981
14	-208.594	20	  24.915	   6.351	  47.897
15	-180.095	17	  35.925	  28.642	  44.375
16	-179.632	17	  44.229	  26.499	  29.187
17	-177.696	16	  58.329	  13.540	  50.714
18	-176.646	17	  50.263	   0.956	  33.631
19	-176.460	17	  54.030	   5.243	  52.973
20	-168.601	16	  24.332	  15.337	  49.294
21	-163.233	15	  43.795	   0.332	  47.850
22	-156.889	15	  48.917	   7.332	  24.629
23	-140.031	9	  48.346	   8.877	  35.055
24	-139.213	13	  51.780	   2.467	  42.854
25	-129.878	13	  41.318	  15.583	  22.568
26	-109.045	11	  45.424	   5.364	  62.482
27	-108.376	11	  55.298	  14.295	  62.353
28	-107.955	11	  21.056	  16.887	  39.543
29	-107.077	9	  30.121	  11.975	  59.013
30	-106.746	10	  49.970	  14.770	  23.862
31	 -91.066	6	  47.796	  13.975	  58.104
32	 -88.912	9	  30.468	  20.774	  62.154
33	 -77.477	8	  41.916	   1.500	  38.328
34	 -69.587	7	  27.744	  28.864	  49.156
35	 -66.280	7	  60.937	  18.619	  42.234
36	 -47.869	5	  37.043	   7.514	  22.926
37	 -41.670	4	  55.466	   8.718	  32.124
38	 -39.344	4	  49.525	  20.033	  65.787
39	 -38.823	4	  40.981	   0.759	  29.583
40	 -34.557	3	  31.232	  17.501	  24.333
41	 -30.959	3	  39.552	  23.848	  64.985
42	 -29.558	3	  21.481	   8.884	  38.144
43	 -29.118	3	  48.910	  10.856	  68.333
44	 -28.241	3	  61.206	  23.192	  48.948
45	 -18.367	2	  23.250	  21.526	  31.877
46	 -12.777	1	  38.232	  13.508	  42.333
47	 -12.744	1	  47.232	  16.508	  42.333
48	  -9.351	1	  38.232	  -2.492	  57.333
