1	-1465.991	138	  36.873	  25.064	  23.014
2	-1018.906	96	  41.494	  29.784	  18.001
3	-376.509	36	  35.605	  11.194	  25.013
4	-356.129	33	  54.794	  29.950	  15.777
5	-325.682	31	  33.317	  32.839	  13.977
6	-322.086	30	  35.187	  33.776	  29.385
7	-306.961	29	  56.350	  44.863	  24.905
8	-278.513	27	  47.997	  16.096	  33.016
9	-253.588	25	  40.437	   2.820	  18.505
10	-245.785	23	  51.397	  19.308	   8.832
11	-244.940	22	  41.219	  44.643	  25.963
12	-244.269	20	  32.776	   5.965	   7.129
13	-198.321	19	  45.430	  34.236	  36.080
14	-196.023	19	  52.337	  43.318	  35.698
15	-189.590	18	  23.140	   7.810	  14.750
16	-180.982	18	  31.723	  19.804	   3.890
17	-180.667	16	  47.117	   7.106	  22.130
18	-179.868	18	  16.049	  16.402	  15.130
19	-176.983	15	  21.782	  24.906	  14.510
20	-176.110	14	  59.807	  33.440	  34.443
21	-175.317	16	  42.987	  26.911	  34.301
22	-171.688	15	  59.903	  22.237	  17.984
23	-153.473	15	  59.174	  14.096	  22.795
24	-153.242	15	  19.699	  14.316	   8.056
25	-153.038	15	  49.696	  50.112	  27.144
26	-151.379	13	  40.957	   8.474	   5.243
27	-131.921	13	  31.026	  27.893	   8.224
28	-131.606	13	  63.744	  27.337	  24.301
29	-116.430	11	  53.524	  36.790	  18.696
30	-114.605	10	  57.355	  25.934	  36.781
31	-103.695	11	  31.006	  37.665	  20.296
32	 -90.205	9	  38.654	  23.419	   6.699
33	 -61.936	6	  43.022	  16.889	   3.485
34	 -59.071	6	  21.290	  18.971	  24.249
35	 -51.155	5	  30.005	  15.130	  23.193
36	 -50.719	5	  43.989	  43.717	  34.170
37	 -43.223	4	  23.592	  30.245	  21.551
38	 -37.981	4	  49.600	  27.266	  39.834
39	 -32.038	3	  22.898	  22.213	   6.280
40	 -28.878	3	  27.547	  12.546	   2.642
41	 -20.217	2	  59.101	  18.535	  31.586
42	 -18.367	2	  46.592	   4.535	  10.586
43	  -9.021	1	  43.592	  45.535	  16.586
44	  -8.972	1	  28.592	  24.535	  27.586
