1	-574.084	49	   8.162	  -3.414	   1.895
2	-537.610	46	   9.384	   1.764	  40.934
3	-482.492	44	  22.314	  -4.162	  16.698
4	-453.768	36	   5.132	  -3.980	  43.159
5	-425.563	33	   4.522	   2.484	   5.145
6	-407.505	36	   3.686	  14.287	  55.724
7	-390.315	36	  37.988	   6.239	   1.633
8	-386.380	35	 -12.019	  24.948	  42.677
9	-318.555	31	  -1.280	  24.781	  52.330
10	-296.038	28	  33.909	  -3.587	  13.172
11	-255.621	25	 -13.101	  13.978	  33.151
12	-245.040	24	   7.308	   8.675	  -1.765
13	-241.652	23	  12.652	  18.039	  34.829
14	-237.446	23	  -1.856	   9.263	  28.120
15	-237.002	24	  22.595	 -13.518	  -4.347
16	-232.681	22	  37.373	   0.873	  -8.987
17	-229.272	21	  12.851	  11.111	  47.660
18	-227.568	22	  19.729	   3.301	 -10.938
19	-220.906	20	  30.573	  12.605	  12.022
20	-210.894	21	  27.104	  11.526	  -6.680
21	-210.704	19	 -14.894	  15.084	  51.042
22	-190.393	16	   7.758	   2.369	  50.847
23	-181.177	18	  16.520	 -11.629	   7.937
24	-176.025	17	  18.661	  12.172	  -0.881
25	-169.455	17	  29.154	  15.671	   2.281
26	-168.472	17	 -16.708	  14.032	  40.672
27	-165.780	16	   5.145	   4.986	  29.118
28	-155.372	15	  30.328	   4.170	 -13.727
29	-152.357	15	  41.803	  -1.818	   0.784
30	-146.031	14	  -9.012	   3.690	  38.612
31	-144.428	14	  -3.524	  -2.985	  37.990
32	-143.808	14	  -7.408	  18.475	  25.558
33	-138.906	14	  13.090	   5.553	  12.366
34	-137.806	12	   9.482	  -3.532	  11.372
35	-137.369	14	  37.514	 -10.684	  -5.172
36	-136.911	13	  12.915	  -1.483	  -9.842
37	-136.152	14	   7.759	  24.759	  39.965
38	-134.795	14	  30.946	 -11.728	   1.195
39	-131.832	13	  -6.788	  26.343	  29.677
40	-125.593	13	  -1.602	   2.276	  51.915
41	-103.497	10	  15.136	  -6.606	 -14.997
42	 -91.455	9	   9.793	  10.956	  23.991
43	 -88.163	9	   4.008	  31.118	  33.873
44	 -87.534	9	  -2.738	  32.967	  37.128
45	 -83.455	8	  35.572	   7.720	  12.052
46	 -76.702	7	  36.885	  -8.560	   3.568
47	 -75.366	8	  22.218	   5.814	  19.691
48	 -74.002	7	 -10.916	   4.376	  49.542
49	 -72.157	7	   1.763	  -7.437	  35.154
50	 -64.495	6	  16.591	  11.932	   8.989
51	 -62.637	6	   1.969	  29.720	  42.956
52	 -59.910	6	  32.360	  -7.394	 -13.521
53	 -59.683	6	   3.997	  -2.257	  -6.172
54	 -52.150	5	   2.582	  24.819	  25.768
55	 -51.232	5	  15.995	   6.928	  37.185
56	 -49.503	5	   9.555	  -2.815	  32.724
57	 -47.965	5	   5.117	  -6.221	  52.300
58	 -47.204	5	  10.217	 -12.208	  -1.836
59	 -40.705	4	 -10.866	  20.890	  54.967
60	 -39.582	4	   3.418	   1.934	  13.300
61	 -38.111	4	  23.172	  -5.591	 -16.450
62	 -37.750	4	  -1.803	  -8.882	  46.272
63	 -37.190	4	   2.971	  15.654	  22.300
64	 -29.417	3	  -6.521	  10.764	  59.300
65	 -20.225	2	 -15.278	   4.865	  43.300
66	 -19.863	2	  -0.304	   0.415	   0.300
67	  -9.760	1	  17.172	 -13.585	 -10.700
68	  -9.253	1	   2.172	  10.415	   7.300
69	  -9.119	1	  36.172	   8.415	 -10.700
