1	-785.632	63	  44.187	  12.582	  28.650
2	-549.465	47	  22.362	  10.060	  20.143
3	-454.809	38	  31.860	  19.101	  28.783
4	-429.137	40	  23.072	  16.435	   7.858
5	-425.171	39	  33.221	   8.257	  -0.514
6	-409.753	36	  51.322	  35.436	   9.856
7	-398.612	37	  37.097	   2.504	  20.937
8	-386.347	32	  48.434	  32.960	  24.095
9	-378.107	34	  57.766	   7.785	  23.376
10	-375.246	36	  22.605	  27.251	   8.698
11	-361.422	29	  45.201	  14.221	   2.754
12	-350.405	33	  50.206	   3.423	   5.754
13	-339.197	31	  27.528	  -1.287	  15.873
14	-332.066	30	  65.888	  24.048	  23.771
15	-316.095	31	  43.754	  -1.493	   4.968
16	-305.000	26	  50.121	  41.082	  18.235
17	-283.837	25	  66.668	  11.964	  19.572
18	-281.870	28	  48.004	  24.172	  29.401
19	-260.225	25	  35.471	  10.194	  28.248
20	-259.781	22	  35.084	   1.156	   0.702
21	-257.805	23	  55.993	  25.335	  31.250
22	-241.275	22	  36.029	  31.875	  22.655
23	-218.579	20	  33.663	  17.550	  -0.034
24	-210.880	19	  63.740	   6.041	  12.790
25	-203.506	16	  44.681	  26.932	   2.156
26	-200.303	19	  64.159	  26.569	  15.225
27	-184.177	18	  60.499	   2.599	   3.314
28	-178.132	16	  55.992	   1.416	  15.720
29	-177.834	17	  21.538	   7.107	  12.108
30	-177.594	17	  30.056	  34.268	  11.591
31	-170.925	16	  58.708	  25.860	   7.152
32	-165.046	16	  49.027	   2.130	  22.389
33	-160.313	15	  40.177	  40.103	  14.505
34	-160.128	16	  54.703	  -1.798	   8.109
35	-157.967	16	  70.810	  11.990	  11.902
36	-131.572	14	  36.061	  28.521	   4.237
37	-128.810	13	  24.797	   3.024	   5.113
38	-126.074	13	  64.835	  19.917	   3.211
39	-118.431	11	  60.732	  32.666	  18.030
40	-112.271	11	  40.766	  34.225	   8.108
41	-112.050	11	  27.123	   9.929	  26.676
42	-106.573	10	  17.857	  23.289	  23.586
43	-100.709	10	  53.533	  34.281	  29.609
44	 -87.719	9	  56.444	  18.320	  34.611
45	 -80.823	8	  73.643	  20.401	  15.800
46	 -80.525	8	  52.674	   6.944	  32.101
47	 -69.102	7	  52.222	  28.967	   4.420
48	 -63.063	6	  20.213	  31.011	  18.466
49	 -52.574	5	  35.283	  -6.044	   5.405
50	 -51.388	3	  33.206	  11.850	   9.742
51	 -50.383	5	  52.461	  22.101	   0.409
52	 -50.060	5	  15.243	  13.864	  15.179
53	 -38.052	4	  37.310	  -3.560	  13.917
54	 -37.743	4	  26.821	  26.808	  26.981
55	 -30.637	3	  12.821	  16.302	  25.928
56	 -30.383	3	  53.098	  12.966	   0.291
57	 -29.763	3	  71.557	  23.251	   9.283
58	 -27.863	3	  18.821	  17.298	  30.968
59	 -19.329	2	  42.311	   8.302	  -2.032
60	 -10.643	1	  37.821	  24.302	  30.968
61	  -9.097	1	  66.821	  12.302	  -0.032
