1	-833.443	64	  11.823	  44.709	  45.897
2	-589.464	52	   4.260	  24.184	  37.735
3	-501.557	48	  25.756	  46.655	  24.179
4	-471.622	43	  17.998	  35.053	  38.357
5	-457.360	40	  22.263	  53.695	  40.849
6	-400.194	33	  10.605	  46.467	  20.163
7	-383.854	36	  -1.897	  28.246	  25.616
8	-365.867	31	  -5.478	  62.039	  27.373
9	-345.936	34	   9.350	  36.391	  45.793
10	-334.155	30	  -0.471	  37.784	  46.313
11	-320.575	31	   3.647	  54.163	  46.866
12	-309.235	29	  13.186	  68.861	  40.459
13	-299.803	28	  -8.133	  47.927	  41.280
14	-281.802	27	 -11.374	  32.816	  26.891
15	-274.019	24	  -1.278	  52.201	  19.884
16	-265.645	25	  24.461	  38.270	  22.676
17	-263.840	25	   8.599	  33.033	  16.703
18	-260.364	23	  -4.141	  59.316	  42.672
19	-246.810	21	  16.735	  31.546	  17.968
20	-211.665	19	  22.228	  63.782	  37.071
21	-208.896	19	  16.731	  23.648	  30.518
22	-208.858	19	 -11.215	  63.362	  34.651
23	-182.963	17	   9.414	  69.281	  32.939
24	-179.894	17	   5.611	  22.858	  28.650
25	-179.046	17	 -15.289	  42.181	  29.704
26	-176.271	17	 -14.550	  53.702	  32.292
27	-175.569	16	  27.335	  50.400	  33.306
28	-168.346	15	   6.610	  62.217	  49.635
29	-166.212	15	  26.471	  58.914	  29.938
30	-165.938	16	  14.210	  23.831	  37.484
31	-141.874	14	  14.971	  66.282	  20.745
32	-135.050	12	  -0.186	  36.655	  18.279
33	-119.303	11	   7.301	  40.141	  15.658
34	-118.520	11	   6.469	  28.615	  44.038
35	-117.786	11	  18.724	  45.615	  21.117
36	-111.304	11	  11.066	  24.379	  20.418
37	-103.869	10	   1.930	  68.737	  34.757
38	-101.775	6	   7.262	  34.580	  27.147
39	-100.787	9	   6.503	  64.005	  25.076
40	 -99.876	10	  -6.218	  45.116	  22.926
41	 -96.646	9	 -10.073	  27.457	  41.662
42	 -95.359	10	  24.447	  44.507	  40.060
43	 -90.783	9	  12.517	  58.312	  52.462
44	 -89.858	9	  17.982	  74.625	  31.203
45	 -89.689	8	  -9.341	  51.595	  26.574
46	 -89.009	9	  17.326	  54.666	  17.793
47	 -88.789	9	  28.588	  57.645	  20.839
48	 -86.434	9	  24.676	  31.959	  31.595
49	 -80.526	8	   0.422	  59.351	  21.817
50	 -75.898	8	   6.886	  70.604	  46.316
51	 -71.992	7	  25.090	  67.284	  27.528
52	 -56.666	5	  -9.525	  36.511	  43.951
53	 -50.287	5	  23.830	  28.691	  21.550
54	 -48.929	5	   6.623	  57.080	  17.954
55	 -42.491	4	  -8.299	  65.836	  41.035
56	 -38.197	4	  -2.754	  19.745	  33.083
57	 -37.442	4	  20.003	  51.712	  49.811
58	 -36.703	4	  19.031	  66.720	  48.538
59	 -29.307	3	 -16.072	  34.469	  37.595
60	 -10.048	1	  -5.749	  24.724	  48.563
61	  -9.989	1	  -5.749	  18.724	  42.563
62	  -9.332	1	  22.251	  64.724	  17.563
