1	-948.792	76	  11.545	  44.378	  45.463
2	-564.666	53	  23.643	  46.273	  22.238
3	-564.379	49	   4.340	  24.264	  37.765
4	-526.150	45	  22.336	  54.094	  40.076
5	-447.440	38	  15.360	  32.273	  17.086
6	-433.237	41	  18.509	  34.839	  37.666
7	-391.472	35	  -5.452	  61.237	  26.551
8	-384.168	37	   4.190	  53.618	  46.139
9	-376.303	35	  -0.963	  27.826	  25.128
10	-374.540	32	  -4.411	  58.499	  41.283
11	-356.252	33	 -10.846	  32.148	  26.646
12	-343.877	31	   1.028	  36.784	  46.173
13	-338.238	30	  22.796	  64.778	  36.287
14	-330.785	26	   9.983	  46.512	  19.918
15	-308.816	30	  24.153	  38.035	  21.531
16	-301.502	29	  15.959	  23.924	  34.335
17	-301.381	28	   6.862	  68.773	  32.448
18	-287.478	26	 -10.937	  63.351	  34.713
19	-269.726	26	  10.988	  69.601	  40.532
20	-256.082	22	  -1.403	  52.071	  19.619
21	-243.122	22	  28.210	  49.468	  30.749
22	-234.699	23	   7.453	  31.915	  16.880
23	-221.578	20	   5.298	  62.601	  23.307
24	-211.640	19	  -8.438	  46.803	  40.548
25	-193.816	19	  11.759	  35.007	  43.340
26	-178.241	16	   1.622	  37.454	  17.259
27	-169.646	16	  26.684	  58.717	  29.567
28	-167.810	16	 -15.177	  41.980	  29.849
29	-152.300	14	   6.901	  62.851	  48.907
30	-147.803	14	 -14.490	  53.638	  31.742
31	-145.530	15	  17.790	  54.462	  16.947
32	-139.617	14	  10.640	  23.258	  22.031
33	-119.387	12	  14.835	  65.978	  19.699
34	-116.923	12	  11.934	  58.404	  51.463
35	 -99.228	9	   6.403	  22.187	  29.275
36	 -96.461	10	  23.779	  44.971	  40.757
37	 -96.453	7	   7.278	  34.464	  26.897
38	 -94.690	9	  -8.252	  35.505	  44.781
39	 -86.555	9	  17.794	  74.052	  28.899
40	 -82.954	8	   6.441	  28.501	  43.911
41	 -82.705	8	  25.118	  66.133	  27.310
42	 -80.398	8	 -10.249	  28.917	  40.161
43	 -79.590	8	  28.751	  57.558	  20.176
44	 -75.347	7	  -9.743	  51.182	  25.881
45	 -60.402	6	 -15.920	  33.307	  36.941
46	 -59.310	6	  -6.548	  45.085	  21.357
47	 -58.850	6	  -3.460	  19.646	  34.171
48	 -50.119	5	  20.579	  51.041	  48.964
49	 -48.914	5	  23.819	  28.017	  22.059
50	 -48.175	5	   6.869	  56.830	  17.187
51	 -39.213	4	  26.624	  40.412	  34.714
52	 -37.956	4	  20.693	  65.846	  46.683
53	 -29.702	3	  -1.265	  44.287	  48.267
54	 -19.299	2	  14.415	  40.611	  14.438
55	  -9.604	1	  22.415	  64.611	  16.947
56	  -9.598	1	  -4.585	  19.611	  45.947
57	  -8.929	1	  -6.585	  28.611	  47.947
