1	-738.864	57	  43.211	  12.521	  27.856
2	-593.176	51	  22.497	  10.095	  19.994
3	-495.715	45	  57.693	   7.713	  23.607
4	-482.031	40	  45.761	  13.437	   1.886
5	-469.347	40	  32.365	  19.171	  28.713
6	-460.177	43	  23.358	  16.246	   7.818
7	-459.755	42	  38.391	   2.278	  20.903
8	-418.702	35	  51.210	  35.371	   9.468
9	-410.640	39	  49.810	   3.820	   5.355
10	-356.340	32	  33.249	   8.470	  -0.628
11	-349.590	32	  66.104	  24.102	  23.341
12	-339.809	32	  27.917	  -1.161	  15.823
13	-338.039	32	  48.451	  23.988	  29.015
14	-336.353	27	  48.566	  33.669	  23.231
15	-309.895	29	  22.481	  27.023	   8.881
16	-301.933	27	  67.045	  12.030	  19.296
17	-283.488	25	  50.526	  41.354	  17.315
18	-241.124	23	  63.171	  29.181	  16.067
19	-223.527	19	  34.990	   1.148	   0.638
20	-221.521	21	  35.297	  10.089	  28.051
21	-221.011	20	  36.790	  31.698	  23.290
22	-204.294	19	  63.797	   6.036	  12.619
23	-196.655	18	  57.447	  26.374	   6.183
24	-194.119	19	  44.376	  -1.324	   5.195
25	-190.996	17	  56.987	  25.625	  31.673
26	-161.142	16	  55.201	  -1.836	   7.992
27	-160.229	15	  40.918	  40.265	  14.298
28	-149.042	14	  56.651	   1.644	  16.620
29	-138.040	13	  29.569	  35.427	  12.970
30	-129.962	13	  24.829	   2.814	   4.992
31	-129.035	13	  50.247	   2.168	  22.903
32	-129.020	12	  49.237	  15.614	  31.046
33	-125.049	12	  21.575	   7.043	  12.570
34	-122.317	11	  46.265	  28.910	   2.579
35	-121.877	11	  31.413	  18.655	   0.710
36	-117.859	12	  56.674	  18.440	  34.504
37	-115.905	11	  37.569	  14.757	  -1.891
38	-111.832	11	  65.469	  20.205	   3.243
39	-104.534	10	  18.374	  23.606	  24.716
40	 -95.716	9	  40.423	  34.317	   8.649
41	 -89.471	9	  55.786	   8.453	  31.973
42	 -83.311	8	  63.719	   1.819	   4.891
43	 -83.242	9	  35.997	  29.082	   5.817
44	 -79.313	8	  58.600	   6.469	   1.369
45	 -76.995	5	  33.377	  11.644	   9.521
46	 -72.732	7	  15.136	  14.524	  15.756
47	 -69.536	7	  25.919	  10.558	  26.549
48	 -68.705	7	  70.695	  11.492	  10.412
49	 -51.105	5	  26.601	  27.349	  26.425
50	 -42.391	4	  53.730	  34.772	  29.092
51	 -40.821	4	  53.996	  21.576	   1.125
52	 -40.740	4	  21.881	  32.129	  19.449
53	 -36.853	4	  17.528	  17.066	  30.139
54	 -31.193	3	  74.667	  19.604	  14.837
55	 -31.006	3	  35.991	  -5.969	   4.533
56	 -29.776	3	  71.666	  22.660	   9.209
57	 -29.776	3	  37.689	  24.322	  30.191
58	 -29.254	3	  36.626	  -3.678	  16.184
59	 -20.019	2	  40.533	  27.780	  -2.671
60	 -18.904	2	  68.483	  18.814	  28.396
61	  -9.922	1	  58.991	  39.322	  18.871
62	  -9.403	1	  66.991	  12.322	  -0.129
