1	-1467.749	123	  37.075	  46.042	  60.939
2	-1301.089	111	  15.167	  72.571	  59.838
3	-889.707	79	  37.218	  37.521	  50.302
4	-889.121	70	  12.492	  64.226	  65.863
5	-847.130	68	  42.543	  67.133	  56.095
6	-797.677	61	   9.636	  50.824	  56.664
7	-784.559	71	  15.398	  79.662	  49.443
8	-777.100	62	  40.072	  54.893	  66.008
9	-673.994	58	  40.743	  73.170	  72.685
10	-572.142	49	  18.007	  80.969	  59.491
11	-557.783	47	  36.950	  33.671	  70.617
12	-504.590	47	   1.197	  61.653	  54.501
13	-500.878	42	  34.051	  36.726	  60.292
14	-433.141	36	  27.002	  53.281	  43.146
15	-432.516	36	  10.676	  44.643	  71.223
16	-428.448	38	  50.606	  56.262	  54.476
17	-410.783	37	  32.905	  46.950	  38.668
18	-400.756	23	  26.191	  59.208	  67.778
19	-379.725	32	  17.614	  85.798	  70.871
20	-368.899	35	  13.835	  59.604	  40.707
21	-360.731	34	  39.241	  56.596	  40.467
22	-352.619	28	  24.688	  64.527	  42.738
23	-350.225	31	  41.375	  44.970	  72.171
24	-338.906	32	   6.621	  73.737	  57.637
25	-336.441	31	  30.564	  30.807	  67.752
26	-335.221	31	  20.092	  29.343	  51.340
27	-331.222	31	  18.733	  43.815	  37.587
28	-322.524	30	   3.279	  55.947	  63.859
29	-318.746	29	  19.929	  69.697	  37.983
30	-314.314	29	  45.649	  43.940	  58.152
31	-313.932	25	  28.255	  84.626	  71.986
32	-313.441	28	  22.594	  88.307	  63.450
33	-304.545	29	  40.689	  65.695	  42.123
34	-303.255	28	  32.951	  68.700	  80.457
35	-302.821	28	  46.132	  27.165	  51.604
36	-302.462	19	  40.940	  45.051	  47.410
37	-301.985	26	  10.484	  38.737	  55.971
38	-299.651	28	  10.624	  74.708	  70.880
39	-294.756	28	   2.077	  73.445	  45.067
40	-278.370	22	  23.825	  34.360	  73.680
41	-263.400	26	  12.765	  40.916	  47.302
42	-258.943	24	  34.970	  84.506	  65.545
43	-258.397	21	  28.812	  29.038	  51.594
44	-256.228	15	  10.912	  72.087	  46.426
45	-254.548	24	  18.845	  50.635	  80.717
46	-253.566	25	  16.573	  88.255	  56.467
47	-252.995	25	  37.550	  58.154	  77.229
48	-251.403	24	  11.295	  51.310	  42.773
49	-247.002	23	  41.824	  78.926	  54.613
50	-246.974	23	  39.486	  75.822	  46.233
51	-246.689	23	  35.692	  29.719	  56.440
52	-246.633	22	  32.451	  87.864	  49.139
53	-242.444	22	  48.563	  62.428	  62.886
54	-241.926	23	  24.141	  87.935	  40.088
55	-231.188	21	   8.019	  86.515	  48.531
56	-229.896	21	  12.743	  47.604	  77.204
57	-226.846	20	  18.344	  32.858	  66.652
58	-220.603	21	  -1.262	  70.651	  50.357
59	-214.500	21	  15.754	  61.307	  77.598
60	-202.110	18	  35.914	  88.765	  57.823
61	-184.550	18	  53.242	  46.765	  51.032
62	-181.493	15	  24.851	  54.621	  77.905
63	-180.893	17	  27.428	  28.865	  41.503
64	-174.090	14	  27.056	  64.370	  77.458
65	-168.383	16	  34.450	  42.348	  79.775
66	-167.103	15	  14.902	  79.438	  38.921
67	-164.243	16	  13.095	  95.746	  50.741
68	-161.353	15	  22.846	  90.099	  49.514
69	-160.680	15	  18.840	  77.231	  79.057
70	-150.391	15	  49.794	  46.947	  43.976
71	-137.509	13	  11.817	  85.739	  65.174
72	-130.006	13	   6.983	  43.211	  62.215
73	-121.801	12	   6.935	  58.638	  73.654
74	-120.098	10	  33.654	  36.574	  39.702
75	-117.741	11	   3.343	  95.474	  44.800
76	-113.936	11	  44.527	  27.322	  41.030
77	-112.650	10	  39.708	  22.383	  51.549
78	-112.007	11	  34.500	  79.872	  82.594
79	-108.831	7	  35.961	  72.518	  63.675
80	-105.525	10	  45.889	  73.981	  62.111
81	-104.944	10	  16.665	  29.140	  60.547
82	-102.848	10	  42.739	  39.648	  41.314
83	 -98.714	9	  33.402	  75.057	  36.660
84	 -91.245	9	  46.810	  63.864	  71.408
85	 -88.777	9	  49.922	  38.481	  50.504
86	 -86.607	6	  16.453	  45.894	  64.655
87	 -84.399	8	  17.273	  40.460	  84.019
88	 -83.964	4	  39.070	  60.259	  53.043
89	 -82.490	8	  19.210	  32.471	  42.733
90	 -77.758	8	  15.270	  38.056	  72.283
91	 -76.256	4	  13.769	  57.064	  53.234
92	 -70.732	7	  35.369	  27.108	  42.394
93	 -70.175	7	  32.426	  84.750	  40.870
94	 -68.466	7	  31.459	  64.266	  36.785
95	 -64.313	6	  47.037	  20.394	  46.943
96	 -60.232	6	  21.254	  53.857	  37.620
97	 -59.330	6	  16.092	  90.561	  41.538
98	 -48.574	5	   6.851	  99.849	  53.221
99	 -47.835	5	  45.271	  19.584	  58.725
100	 -40.527	4	   7.311	  90.783	  55.744
101	 -37.604	4	  35.601	  81.236	  74.774
102	 -32.124	3	  26.086	  80.035	  33.774
103	 -31.103	3	  25.160	  36.035	  35.159
104	 -30.229	3	  19.078	  67.708	  80.090
105	 -21.340	2	   7.582	  89.027	  40.774
106	 -20.489	2	  32.171	  52.942	  79.867
107	 -19.122	2	   3.106	  64.521	  43.719
108	 -18.637	2	  11.573	  68.510	  35.774
109	 -10.584	1	   8.078	  60.035	  59.774
110	  -9.789	1	  40.078	  46.035	  36.774
111	  -9.709	1	  30.078	  92.035	  64.774
