1	-1497.596	129	  49.169	  85.103	  81.591
2	-1129.448	89	  64.010	  86.934	  83.227
3	-1120.979	95	  60.785	  54.020	  61.372
4	-1062.283	92	  52.072	  88.683	  63.363
5	-999.607	85	  70.730	  84.762	  50.427
6	-822.927	60	  60.244	  67.990	  65.167
7	-796.683	72	  52.007	  56.145	  55.109
8	-732.247	63	  74.185	  65.503	  79.622
9	-601.350	52	  49.880	  63.635	  47.850
10	-590.621	50	  64.546	  69.189	  91.424
11	-584.573	50	  55.120	  51.322	  86.559
12	-553.513	44	  47.260	  61.409	  62.183
13	-508.143	35	  70.014	  66.869	  70.124
14	-488.756	44	  79.857	  64.187	  87.418
15	-437.319	39	  60.264	  61.230	  38.315
16	-424.715	33	  65.006	  70.068	  33.081
17	-406.031	35	  55.500	  95.800	  72.337
18	-382.789	37	  86.875	  76.838	  80.962
19	-374.379	25	  67.948	  38.687	  74.006
20	-352.257	31	  76.203	  65.657	  37.329
21	-351.305	31	  63.562	  57.130	  98.891
22	-341.233	30	  47.575	  55.907	  83.102
23	-337.448	31	  42.436	  77.881	  88.667
24	-335.041	33	  46.466	  74.615	  48.022
25	-334.878	30	  54.227	  58.490	  94.337
26	-314.940	29	  82.575	  66.258	  70.088
27	-309.935	30	  81.024	  64.221	  55.355
28	-302.376	27	  61.683	  87.617	  43.488
29	-302.357	28	  64.945	  40.102	  89.284
30	-275.255	26	  83.819	  92.998	  76.928
31	-271.060	26	  49.672	  68.716	  94.927
32	-260.121	20	  61.729	  51.527	  92.215
33	-254.204	24	  69.150	  53.285	  41.099
34	-254.003	22	  58.276	  44.418	  86.811
35	-248.370	24	  40.144	  74.424	  68.633
36	-246.042	23	  85.505	  87.225	  69.279
37	-244.403	23	  64.704	  95.503	  55.654
38	-242.804	23	  87.378	  90.672	  83.805
39	-240.884	23	  74.965	  99.332	  76.761
40	-240.175	21	  56.734	  37.090	  72.487
41	-232.638	22	  79.964	  90.811	  63.848
42	-232.429	23	  75.910	  72.399	  91.410
43	-232.408	20	  76.490	  55.960	  65.989
44	-229.754	20	  45.791	  77.548	  55.302
45	-229.137	23	  76.485	  38.693	  68.973
46	-224.072	21	  84.981	  75.605	  51.611
47	-219.781	20	  74.474	  32.987	  85.735
48	-219.238	18	  41.618	  79.716	  75.463
49	-218.612	21	  81.538	  34.959	  78.008
50	-215.071	13	  63.265	  80.163	  58.905
51	-206.713	19	  69.068	  85.837	  90.296
52	-206.273	19	  72.898	  56.736	  98.928
53	-203.395	19	  37.807	  67.334	  77.907
54	-196.107	17	  81.047	  51.150	  93.654
55	-194.662	17	  53.928	  67.073	  38.867
56	-188.838	18	  71.214	  53.249	  60.773
57	-185.168	17	  53.471	  79.577	  90.190
58	-183.895	17	  67.847	  81.473	  31.911
59	-181.789	17	  84.044	  77.432	  90.120
60	-175.448	17	  86.554	  47.480	  84.028
61	-171.976	17	  70.656	  51.553	  51.645
62	-165.924	16	  57.042	  91.392	  84.689
63	-162.683	12	  54.995	  59.955	  85.826
64	-162.673	16	  57.675	  70.542	  28.799
65	-157.272	16	  57.093	  73.528	  94.246
66	-156.560	15	  57.484	  92.169	  47.078
67	-155.916	15	  40.647	  80.392	  62.647
68	-153.784	15	  38.688	  60.961	  69.567
69	-150.653	15	  52.051	  41.844	  78.685
70	-146.558	15	  74.493	  43.866	  96.203
71	-144.870	14	  74.432	  95.693	  87.289
72	-144.652	14	  52.819	  45.974	  68.973
73	-143.651	13	  67.853	  34.176	  80.490
74	-142.520	11	  61.333	  80.342	  86.942
75	-138.514	13	  69.333	  73.327	  24.962
76	-135.346	13	  49.090	  73.163	  39.515
77	-131.318	13	  35.924	  79.811	  82.289
78	-130.301	12	  47.888	  62.565	  87.561
79	-130.249	13	  80.564	  60.923	  48.893
80	-127.507	8	  58.679	  66.899	  86.597
81	-124.837	12	  82.624	  56.601	  77.024
82	-122.767	11	  79.398	  72.837	  42.524
83	-122.492	12	  66.345	 102.139	  72.652
84	-120.080	12	  38.622	  74.447	  58.927
85	-117.538	10	  41.972	  54.443	  78.539
86	-115.577	12	  90.505	  79.344	  70.730
87	-114.847	11	  38.092	  67.230	  55.095
88	-112.048	11	  76.801	  80.182	  40.141
89	-110.369	7	  66.191	  97.308	  80.949
90	-109.507	7	  66.685	  69.163	  83.082
91	-109.144	11	  80.813	  67.915	  77.758
92	-104.184	6	  63.721	  59.215	  55.516
93	-100.995	10	  41.779	  67.155	  85.468
94	 -92.186	9	  52.595	  53.011	  43.293
95	 -85.329	8	  81.121	  90.267	  54.613
96	 -82.893	8	  58.031	  80.069	  26.935
97	 -82.878	8	  59.336	  66.567	 101.834
98	 -76.124	7	  48.267	  52.508	  67.000
99	 -76.112	7	  73.223	  97.547	  64.968
100	 -72.929	7	  47.754	  84.837	  44.239
101	 -68.219	7	  59.470	  41.156	  63.390
102	 -68.012	4	  78.160	  78.184	  78.004
103	 -64.932	6	  66.677	  85.044	  38.509
104	 -63.313	6	  61.925	  99.785	  63.318
105	 -62.485	6	  46.303	  87.385	  51.589
106	 -59.560	6	  56.298	  82.401	  33.781
107	 -58.765	6	  76.242	  72.722	  30.732
108	 -58.549	6	  55.444	  34.749	  85.115
109	 -57.729	6	  44.166	  86.951	  68.802
110	 -57.499	6	  88.625	  74.373	  61.171
111	 -53.384	3	  50.877	  69.717	  56.102
112	 -50.459	5	  81.504	  48.298	  68.954
113	 -48.409	5	  89.837	  82.689	  86.108
114	 -40.983	4	  49.938	  94.386	  55.574
115	 -33.172	3	  48.448	  47.284	  75.413
116	 -31.056	2	  65.882	  88.764	  57.536
117	 -29.994	3	  61.935	  28.491	  70.486
118	 -29.903	3	  81.145	  86.534	  47.102
119	 -29.481	3	  90.078	  83.207	  77.791
120	 -27.489	3	  35.129	  67.562	  67.144
121	 -27.456	3	  61.787	  47.896	  48.054
122	 -19.932	2	  84.448	  38.445	  89.102
123	 -19.682	2	  79.448	  96.351	  70.102
124	 -19.241	2	  43.476	  88.403	  60.623
125	 -19.003	1	  64.448	  61.896	  74.102
126	 -18.880	2	  80.962	  89.867	  92.102
127	 -18.658	2	  79.946	  56.893	  38.102
128	 -18.064	2	  79.447	  51.395	  45.603
129	  -9.515	1	  47.448	  62.896	  70.102
130	  -9.077	1	  54.448	  45.896	  48.102
131	  -9.075	1	  57.448	  80.896	  73.102
132	  -8.992	1	  86.448	  42.896	  74.102
