1	-856.800	75	  24.673	   7.522	 -13.820
2	-724.657	60	  40.169	 -11.561	 -20.750
3	-559.101	45	  20.509	 -15.411	  -8.977
4	-532.447	48	  37.770	 -13.953	 -12.088
5	-513.212	39	  24.049	   1.324	 -30.742
6	-453.755	39	  34.867	  12.795	 -16.194
7	-447.086	39	  15.285	  34.413	 -18.758
8	-437.416	39	  18.551	  -5.312	   4.413
9	-423.910	38	  10.387	   6.883	  -6.291
10	-423.233	39	  28.516	  26.144	 -31.685
11	-408.643	38	  11.414	  23.833	 -15.594
12	-407.838	34	  48.906	  -3.131	 -16.783
13	-403.623	34	  17.973	   9.876	 -31.401
14	-374.672	33	   5.933	   8.299	 -16.715
15	-365.552	32	  27.120	   9.372	 -33.442
16	-350.850	33	   4.606	  -5.130	   3.660
17	-346.959	32	  45.436	  -5.144	  -5.711
18	-340.590	31	  28.196	  18.183	 -36.527
19	-334.674	31	  33.011	  22.377	 -23.241
20	-296.185	29	   5.631	  12.006	 -24.111
21	-292.374	28	  36.482	  -2.816	   0.294
22	-291.616	29	  45.947	   8.479	 -24.548
23	-290.657	28	  38.674	  14.930	 -27.320
24	-276.612	24	  23.914	 -13.697	 -26.853
25	-246.116	23	  11.500	 -10.318	   1.961
26	-240.038	22	  30.919	  13.216	  -8.345
27	-236.354	22	  37.745	 -10.086	  -0.297
28	-236.079	22	  11.167	  -2.966	 -25.604
29	-233.886	22	  45.963	   3.662	  -7.550
30	-225.159	22	  21.685	  34.836	  -8.731
31	-222.819	20	   9.540	 -11.974	 -18.244
32	-215.374	20	  28.989	  24.795	 -11.265
33	-206.297	20	   5.684	 -10.879	  -8.379
34	-196.227	18	  27.111	  -9.695	 -31.812
35	-193.399	18	  49.061	  -5.432	 -25.956
36	-191.453	19	  29.432	   2.882	  -2.731
37	-180.537	17	   0.252	   1.692	  -3.880
38	-175.225	17	  13.307	  30.401	  -6.409
39	-174.744	17	  16.773	  36.315	 -28.308
40	-166.914	16	  28.893	  36.824	 -16.822
41	-146.170	14	  43.776	   9.239	 -12.712
42	-143.149	14	   9.644	  15.392	 -31.917
43	-142.916	14	  21.730	  28.870	 -39.167
44	-141.280	14	   4.840	  -6.114	 -23.261
45	-138.181	12	  32.494	 -17.215	 -26.663
46	-136.034	14	  25.191	  35.807	 -31.448
47	-131.291	11	  21.247	  17.764	  -9.597
48	-129.692	13	  37.075	  12.486	 -36.379
49	-127.653	13	  38.932	  20.710	   9.681
50	-124.257	12	   8.375	  26.268	 -29.324
51	-106.787	10	  31.320	 -22.280	  -6.470
52	-102.549	10	  -1.492	  -6.003	  -7.281
53	-100.006	10	  30.864	 -23.333	 -20.882
54	 -86.554	8	  40.145	  -4.425	 -35.112
55	 -82.406	8	  16.005	   3.486	   0.001
56	 -81.580	6	  19.375	  -2.231	 -16.838
57	 -80.922	8	  13.225	  25.489	 -37.998
58	 -79.304	8	  29.900	  35.124	 -24.953
59	 -79.233	7	  16.525	  18.824	 -37.144
60	 -78.538	8	  22.433	  25.033	  -2.733
61	 -75.064	7	  29.052	  -4.479	   7.001
62	 -73.676	4	  31.342	   3.764	 -24.717
63	 -64.863	7	  17.026	 -18.763	 -18.293
64	 -51.204	5	  18.706	  -6.602	 -30.971
65	 -50.679	5	  38.693	 -12.185	 -32.373
66	 -50.295	5	  20.686	 -14.195	   4.798
67	 -49.666	5	  33.284	 -16.821	   0.001
68	 -48.395	5	   3.108	  19.872	 -19.444
69	 -47.983	4	  25.853	 -21.715	 -11.353
70	 -47.910	5	  11.885	   4.414	 -30.590
71	 -39.488	4	   7.895	  15.526	 -10.257
72	 -37.960	4	  33.281	  -2.590	 -37.999
73	 -37.314	4	  20.069	  38.993	 -15.455
74	 -32.327	3	   1.639	   7.337	  -9.960
75	 -30.258	3	  42.042	   3.364	 -35.999
76	 -29.593	3	  38.290	  19.951	  -0.318
77	 -27.710	3	  30.292	  18.667	  -1.667
78	 -26.928	2	  39.295	  -1.514	 -27.999
79	 -19.927	2	  28.295	  16.544	 -28.550
80	 -19.444	2	  43.796	  15.494	  12.003
81	 -10.696	1	  37.295	 -25.007	 -14.999
82	  -9.797	1	  23.295	   9.993	 -21.999
83	  -9.567	1	  11.295	  32.993	 -33.999
84	  -9.119	1	  38.295	   8.993	  -3.999
85	  -9.045	1	  22.295	 -22.007	 -25.999
