1	-1223.014	87	  19.062	  11.968	  13.916
2	-967.396	83	  14.707	   5.444	  21.134
3	-486.714	45	  17.580	  23.646	  12.784
4	-465.845	43	   5.302	   5.707	  22.934
5	-400.234	35	  10.751	  28.806	  23.443
6	-359.225	31	  -2.063	  20.510	  29.297
7	-333.815	32	  23.928	   7.037	  34.491
8	-315.908	28	   6.419	  30.493	  15.089
9	-294.451	29	   4.600	  12.080	  34.980
10	-253.441	24	  -3.552	  22.475	  12.141
11	-248.427	23	  -5.784	  17.277	  22.145
12	-230.437	21	  10.987	  23.448	  37.903
13	-220.764	21	  10.811	  -0.556	  29.343
14	-212.161	21	  28.462	   8.479	  18.926
15	-189.861	17	  23.594	  21.590	  23.574
16	-187.705	18	  22.732	  18.718	  38.737
17	-172.914	16	   8.895	   4.269	   8.485
18	-160.075	15	  16.551	  11.705	  39.157
19	-157.521	16	   3.228	  -0.456	  34.843
20	-155.191	15	  -0.400	   6.778	   9.681
21	-122.109	12	  -2.887	   8.385	  21.244
22	-118.101	12	  17.313	  27.843	  32.379
23	-111.403	11	  29.338	  14.957	  30.710
24	-108.372	11	   2.938	  19.430	   3.961
25	 -75.153	7	  16.683	  17.722	   4.060
26	 -69.498	7	  23.651	  22.587	   9.024
27	 -69.438	7	  18.711	  27.594	  22.720
28	 -69.315	7	  -7.293	  12.781	  15.404
29	 -55.478	6	  13.437	   5.002	  40.455
30	 -50.763	5	  21.159	   5.195	  11.300
31	 -43.514	4	  -0.374	  28.477	   8.243
32	 -39.260	4	   0.790	   5.175	  30.296
33	 -38.701	4	  30.541	  19.193	  18.068
34	 -32.687	3	  -2.443	  14.181	   8.640
35	 -29.504	3	  20.563	  -2.825	  32.244
36	 -29.441	3	   9.866	  26.103	   6.609
37	 -21.166	2	  27.563	  13.740	  10.306
38	 -21.164	2	   8.508	  11.120	  10.833
39	 -19.142	2	   1.093	  27.705	  36.306
40	 -11.467	1	   1.563	  19.175	  38.306
41	  -9.082	1	  17.563	   9.175	   2.306
