1	-1417.765	124	  20.964	  94.758	  50.179
2	-1229.278	103	  23.677	  97.729	  60.646
3	-863.259	72	  24.855	  81.104	  32.101
4	-604.133	55	  19.745	  84.457	  80.988
5	-593.102	47	  18.243	  88.355	  27.565
6	-558.262	50	  31.094	 100.066	  67.842
7	-537.468	47	   4.347	  99.235	  40.383
8	-523.220	45	   9.062	 101.820	  32.558
9	-514.737	46	   6.313	 108.846	  62.625
10	-513.348	46	  16.745	 111.698	  69.076
11	-480.749	42	  26.026	  78.587	  53.842
12	-465.122	40	  13.249	 107.097	  48.624
13	-463.893	39	   9.278	  84.043	  67.449
14	-423.316	41	  33.680	  90.379	  76.795
15	-423.035	38	  24.948	  76.097	  40.045
16	-411.012	32	  11.053	  81.010	  57.148
17	-365.963	34	  15.039	 105.544	  80.245
18	-337.215	31	  32.718	  89.073	  64.195
19	-337.172	26	   5.115	  86.764	  56.511
20	-283.628	27	   3.349	  90.876	  63.035
21	-266.905	26	  32.565	  91.747	  32.862
22	-259.575	25	  29.692	 112.792	  70.832
23	-252.876	24	  23.431	  80.206	  75.408
24	-245.716	25	  18.927	  75.077	  60.094
25	-231.599	18	  13.798	  76.745	  47.234
26	-220.259	21	  28.465	  93.093	  53.991
27	-219.605	21	  14.201	  91.362	  85.588
28	-214.203	19	   1.523	  99.755	  53.062
29	-208.131	20	  30.419	 109.114	  41.221
30	-207.493	21	  26.578	 106.054	  51.841
31	-206.628	20	   6.871	  91.679	  33.062
32	-201.821	19	  21.752	  95.833	  24.395
33	-187.507	17	   3.495	  79.675	  50.920
34	-172.985	17	  36.200	  97.506	  46.211
35	-170.541	16	   6.533	  96.858	  81.474
36	-168.243	14	   2.676	  98.615	  69.946
37	-167.707	15	  35.211	  87.421	  39.690
38	-159.261	16	  25.294	 107.984	  30.317
39	-150.402	15	  31.932	  78.146	  42.185
40	-149.299	14	   4.564	  81.464	  34.810
41	-146.301	14	  -3.174	  86.978	  42.391
42	-145.701	14	  33.396	  78.062	  68.539
43	-130.396	13	   2.904	 105.799	  46.482
44	-130.290	10	  36.024	 103.204	  77.210
45	-116.099	12	  11.230	  74.469	  31.272
46	-112.561	10	   3.788	  88.845	  74.852
47	-108.459	11	  16.046	 105.164	  26.107
48	-101.614	10	   5.751	 104.299	  77.050
49	 -99.583	10	  -0.664	  78.349	  44.296
50	 -98.953	10	  12.671	 112.066	  41.913
51	 -93.351	9	  27.462	  92.393	  88.200
52	 -88.661	9	  27.120	 106.123	  85.868
53	 -85.965	8	  17.556	  70.785	  37.664
54	 -83.579	8	  40.231	  97.150	  38.081
55	 -80.452	8	  32.497	 108.844	  65.647
56	 -80.270	8	  31.466	  98.243	  29.237
57	 -71.297	5	  20.206	 103.202	  56.766
58	 -67.724	7	  20.359	  71.907	  29.479
59	 -60.206	6	  35.394	  82.364	  50.121
60	 -58.479	6	  -0.306	 106.288	  58.563
61	 -58.012	6	  12.505	  77.787	  78.628
62	 -52.338	3	  13.128	  98.367	  37.443
63	 -50.301	5	  -0.930	  91.257	  53.352
64	 -49.579	5	  32.422	  77.482	  61.139
65	 -47.971	5	  22.477	  76.703	  68.905
66	 -38.640	4	  23.340	 111.875	  74.808
67	 -37.253	4	  36.125	 105.118	  33.879
68	 -30.496	3	  18.550	 112.719	  36.796
69	 -26.818	3	  21.204	 113.103	  57.106
70	 -21.834	2	   7.991	  73.514	  44.991
71	 -19.755	1	   8.868	 103.107	  58.114
72	 -19.416	2	  33.389	  78.148	  76.635
73	 -18.805	2	  33.381	  82.620	  33.627
74	 -18.599	2	  10.387	 116.107	  71.114
75	 -18.488	2	   8.856	  84.107	  86.114
76	 -18.134	2	  28.371	  72.622	  28.611
77	 -17.009	1	  11.868	  90.107	  50.114
78	 -12.110	1	  12.868	 104.107	  67.114
79	 -11.326	1	  17.868	  92.107	  75.114
80	  -9.490	1	  12.868	  86.107	  42.114
