1	-1729.550	148	  14.609	   4.866	  14.735
2	-652.874	63	  13.489	  12.471	  27.738
3	-612.945	57	   0.912	  14.677	   2.976
4	-580.056	49	  18.287	   6.366	  21.503
5	-510.229	48	  14.118	   9.471	   5.253
6	-444.670	42	  -6.831	  20.480	  17.848
7	-367.947	31	  -0.024	   0.940	  30.075
8	-337.380	31	   7.511	  21.763	   9.164
9	-335.313	28	   0.785	 -10.642	  11.069
10	-330.158	27	  -5.419	   9.154	  16.490
11	-324.029	31	  -7.741	  14.175	  11.184
12	-318.050	31	  11.426	  26.738	  18.306
13	-311.542	27	   8.046	  -1.972	   1.498
14	-289.452	27	  17.628	  19.488	   8.146
15	-272.565	25	   7.037	  24.344	  26.233
16	-271.835	26	  14.345	  -2.587	  28.249
17	-256.160	22	  -7.588	  -4.746	  25.389
18	-249.757	18	  16.520	  20.367	  18.765
19	-232.172	22	   2.019	  11.249	  31.166
20	-212.288	21	  25.098	   0.056	  13.101
21	-198.812	18	  23.965	  10.944	  13.348
22	-194.872	18	  18.730	   0.644	   4.274
23	-190.938	17	  22.016	  -8.563	  22.013
24	-189.597	19	   0.786	  29.456	  17.223
25	-188.344	18	   9.770	 -11.975	  22.988
26	-176.495	18	  -6.436	  27.334	   7.764
27	-175.936	17	  -0.239	 -12.041	  21.725
28	-151.713	15	  -5.060	  26.714	  22.258
29	-140.894	13	  -8.452	   0.892	  20.331
30	-140.096	13	   7.685	  -1.863	  31.351
31	-126.449	12	  -5.944	  -1.475	   1.766
32	-121.724	12	   0.378	  -9.210	  32.459
33	-110.623	11	  16.040	  26.017	  28.041
34	-108.175	10	  -7.711	   2.472	   9.611
35	-104.916	10	 -11.235	  19.440	   3.258
36	 -69.913	7	  -7.608	  -8.241	  16.320
37	 -58.733	6	  -8.845	  15.555	  27.294
38	 -58.106	6	   8.001	   5.753	   0.958
39	 -50.654	5	  -7.281	   4.563	  29.354
40	 -40.428	4	  18.182	 -14.108	   9.687
41	 -40.216	4	   7.674	 -11.620	   1.467
42	 -32.239	3	  -2.087	  21.108	  30.033
43	 -30.648	3	   9.330	  17.566	  32.958
44	 -19.546	2	   0.651	  26.390	   9.958
45	 -11.200	1	  -4.349	  -9.100	   3.958
46	  -9.240	1	  22.651	  18.900	  24.958
47	  -8.992	1	 -11.349	  11.900	   4.958
