1	-2097.749	167	  17.898	  14.724	  29.364
2	-1203.306	87	   6.715	  23.570	  39.939
3	-1128.045	102	  25.059	  31.105	  16.909
4	-1096.978	88	  39.466	   9.957	  20.813
5	-938.694	75	  -8.383	  38.592	  52.338
6	-904.381	81	  28.584	  22.260	  23.358
7	-882.783	83	  15.154	  36.174	  56.148
8	-771.581	64	   2.179	  19.691	  43.128
9	-725.368	71	   9.337	  32.384	  52.300
10	-717.961	66	  19.129	   7.268	  40.454
11	-691.651	61	  38.970	  28.624	  28.053
12	-601.131	56	  -0.155	  24.131	  29.317
13	-556.300	42	  30.661	  14.526	  28.483
14	-554.934	52	 -10.062	  18.294	  53.785
15	-503.151	49	  17.810	  28.444	  58.921
16	-483.044	41	   1.675	  34.626	  44.334
17	-457.910	40	  13.055	  16.333	   2.805
18	-449.886	43	   9.476	  38.694	  35.580
19	-423.275	41	   8.340	  43.696	  49.992
20	-402.195	36	   3.375	  11.893	  66.508
21	-353.389	31	  34.364	  22.870	  29.677
22	-350.715	33	  48.997	  30.166	  20.641
23	-340.403	31	  22.515	   2.333	  13.841
24	-339.249	33	 -22.502	  36.763	  58.206
25	-333.164	29	  19.187	  38.283	  20.832
26	-331.939	31	  20.897	  35.356	   5.728
27	-320.077	29	  50.757	   9.984	  16.414
28	-303.517	27	  39.437	  35.057	   9.486
29	-300.858	29	  31.087	  19.333	  39.672
30	-295.286	25	  26.105	  25.977	  54.618
31	-295.087	27	  15.909	  46.996	  23.465
32	-294.558	25	  12.674	  42.895	  69.213
33	-291.973	28	 -13.616	  28.052	  46.462
34	-288.140	28	   7.316	  11.013	  45.829
35	-287.739	27	  12.873	  14.995	  38.323
36	-285.581	25	   8.710	  19.651	   9.359
37	-275.643	26	  47.858	  11.092	   0.854
38	-274.961	27	   4.897	  28.081	   9.116
39	-270.671	25	   8.177	   8.791	  59.126
40	-269.626	26	   8.161	  20.463	  72.668
41	-269.346	24	 -13.663	  47.187	  59.636
42	-267.190	25	  35.871	  25.161	  54.457
43	-265.667	26	  29.909	   0.412	  21.493
44	-265.615	25	   2.774	  53.794	  59.700
45	-259.443	25	   0.735	  12.254	  53.320
46	-255.739	24	   6.593	  16.014	  23.170
47	-254.682	24	  45.007	  -0.834	  11.632
48	-254.501	24	   9.114	  19.426	  31.691
49	-251.124	23	   1.633	  23.750	  14.764
50	-249.786	24	  29.579	  35.044	  23.627
51	-225.959	21	  53.708	  18.418	   6.030
52	-225.923	22	  21.507	  25.139	  -0.751
53	-214.672	20	  -2.698	  50.531	  54.443
54	-205.639	20	  18.860	  24.169	  68.903
55	-205.540	20	  16.700	   7.945	  61.035
56	-202.005	20	  11.845	  11.593	  14.563
57	-199.986	19	  15.888	   5.183	  53.779
58	-198.665	18	  36.394	  17.835	  -1.972
59	-195.296	19	  36.401	  14.642	  45.581
60	-183.401	17	  50.489	  20.543	  21.399
61	-181.284	17	  10.815	  37.747	   6.763
62	-181.243	17	  14.379	  48.007	  55.327
63	-178.829	17	 -17.872	  41.459	  71.501
64	-171.817	17	  31.059	  14.443	  58.963
65	-170.530	16	   3.161	  51.626	  68.837
66	-168.899	16	  -7.032	  48.548	  73.368
67	-167.798	17	 -11.530	  38.620	  74.241
68	-165.661	14	  25.850	   8.216	  45.429
69	-165.159	16	   1.279	  27.091	  74.835
70	-159.122	16	  -1.634	  36.503	  35.227
71	-154.856	14	  26.567	  34.029	  43.632
72	-154.166	15	   7.760	  41.909	  15.092
73	-144.991	14	 -17.292	  28.687	  67.913
74	-139.189	13	  38.077	   2.784	   1.625
75	-134.758	12	   0.171	  32.112	  26.712
76	-133.830	12	  -2.778	  34.043	  76.372
77	-130.580	12	   5.899	  46.075	  23.512
78	-129.106	12	  25.071	  15.098	  66.728
79	-118.992	11	  37.307	  -5.511	  11.899
80	-116.532	10	  24.268	  37.747	  33.875
81	-116.221	10	  38.364	   9.567	  29.524
82	-114.397	11	   1.552	  41.784	  29.995
83	-114.187	11	  -6.769	  39.554	  42.987
84	-112.591	11	  20.381	   2.775	  27.368
85	-110.209	11	  -7.043	  21.107	  40.323
86	-108.971	11	   6.133	  42.263	  75.849
87	-105.075	10	  31.634	  36.463	  16.125
88	-104.136	10	 -16.569	  20.216	  62.831
89	-103.733	10	  45.482	  18.409	  27.232
90	-103.111	10	  31.943	  26.712	  41.674
91	-102.180	10	   8.301	  51.449	  50.136
92	 -99.249	10	  10.462	  53.127	  61.726
93	 -97.269	10	  -0.289	  33.085	  17.158
94	 -95.783	10	 -22.623	  25.356	  56.232
95	 -94.455	10	  -4.012	  19.863	  71.230
96	 -92.454	9	 -15.486	  40.679	  50.317
97	 -91.506	9	  43.144	   3.813	  22.028
98	 -90.674	9	  14.075	  37.775	  74.920
99	 -89.240	9	  31.826	  10.807	  37.289
100	 -86.131	8	  22.841	  36.522	  50.755
101	 -85.102	8	  42.274	  30.039	   2.075
102	 -85.059	8	  -6.193	   9.793	  62.397
103	 -77.796	8	  53.898	  26.753	  11.487
104	 -76.721	7	  32.595	  37.357	   4.151
105	 -75.949	7	  27.183	   2.268	   2.443
106	 -62.356	6	  -6.602	  54.053	  59.786
107	 -62.043	6	  17.355	  41.355	  31.970
108	 -60.231	6	  24.699	   5.860	  54.604
109	 -60.197	6	  26.732	  11.756	  -1.375
110	 -56.284	3	  -3.254	  26.696	  44.721
111	 -50.383	5	  38.613	  37.831	  20.023
112	 -50.143	5	  30.239	  21.516	  -2.041
113	 -48.165	5	 -10.401	  31.597	  36.403
114	 -47.601	3	  25.117	   9.076	  25.581
115	 -40.747	4	  28.919	   1.063	  34.580
116	 -39.493	4	  14.862	   5.268	   4.622
117	 -33.394	3	  48.381	  22.321	   0.987
118	 -32.325	3	  28.756	  -4.968	  10.927
119	 -31.584	3	  47.038	  -1.639	   1.625
120	 -30.149	3	  20.717	  37.017	  64.629
121	 -29.025	3	  32.705	  -3.307	   3.294
122	 -27.542	3	  33.706	   8.026	  49.289
123	 -20.935	2	  48.381	  32.482	   9.625
124	 -19.585	2	  15.467	  43.575	  47.539
125	 -18.979	2	  22.841	  42.058	  10.112
126	 -18.894	2	  36.934	  16.514	  33.625
127	 -18.487	2	  28.381	  26.525	  66.136
128	 -18.222	2	  28.883	  30.032	  -2.375
129	 -17.837	2	  10.881	  27.531	  76.625
130	 -11.261	1	  22.381	  42.032	  42.625
131	 -10.244	1	  47.381	  27.032	  29.625
132	  -9.711	1	 -25.619	  37.032	  69.625
133	  -9.645	1	  32.381	  36.032	  35.625
134	  -9.124	1	  40.381	  -3.968	  21.625
