1	-834.308	78	  18.419	  63.392	  42.014
2	-804.324	65	  37.271	  38.481	  -8.407
3	-762.697	64	  36.662	  37.362	  23.114
4	-754.908	67	  55.373	  38.820	  -6.203
5	-718.595	62	  19.116	  38.597	  -7.032
6	-698.507	63	  51.336	  52.406	  33.905
7	-690.453	61	  28.935	  54.065	  21.704
8	-672.351	58	  44.436	  21.256	  20.895
9	-659.495	60	   5.466	  43.762	 -26.668
10	-652.440	57	  70.442	  33.721	 -25.138
11	-634.794	57	  30.156	  18.712	 -19.510
12	-606.284	56	  22.021	  21.674	  32.880
13	-597.059	50	  37.346	  38.456	 -20.799
14	-591.187	55	  30.792	  63.989	  16.210
15	-580.608	53	  54.539	  42.541	  28.580
16	-568.087	51	  18.908	  32.086	  28.030
17	-564.112	52	   7.573	  20.152	 -10.950
18	-550.899	49	  55.465	   9.490	  39.002
19	-550.426	47	  45.122	  36.806	 -21.375
20	-541.908	49	  34.706	  56.540	 -13.880
21	-540.838	49	  40.292	  21.225	 -15.193
22	-536.253	49	  42.678	  11.379	  14.669
23	-531.117	45	  63.920	  45.570	   0.023
24	-503.967	46	  49.375	  32.427	  20.983
25	-495.972	44	  44.161	  58.726	 -17.465
26	-493.826	45	  11.147	  31.755	  -1.505
27	-487.349	45	  27.120	  47.958	  -5.995
28	-485.970	44	  13.614	  58.412	  26.510
29	-481.104	45	  20.200	  12.038	  30.346
30	-479.497	44	  22.003	  48.467	  42.994
31	-477.684	45	  47.608	  29.518	  -6.440
32	-469.153	43	  12.725	  38.765	  22.349
33	-464.030	43	  53.323	  63.620	 -16.722
34	-444.329	41	  42.725	  32.084	  36.968
35	-442.801	42	  52.707	  72.304	   7.995
36	-434.686	40	  13.117	   8.141	   8.428
37	-429.020	33	  36.384	  37.057	  34.447
38	-420.306	39	  66.655	  26.678	 -10.775
39	-411.720	38	  21.663	  13.335	 -18.242
40	-407.592	37	  52.329	  62.758	  32.691
41	-406.033	36	  30.875	  43.370	  37.062
42	-405.127	37	  39.368	  29.217	 -22.003
43	-395.729	36	   8.943	  50.319	 -11.661
44	-393.640	36	  24.277	  42.954	  20.997
45	-389.157	37	  27.701	  34.295	  36.459
46	-388.356	34	  29.911	  41.030	 -21.808
47	-388.000	37	  60.338	  16.508	  25.992
48	-385.161	36	  21.832	  47.424	 -28.002
49	-383.273	35	  61.196	  37.003	  23.210
50	-382.566	35	  51.881	  25.494	  42.456
51	-380.471	34	  38.484	  72.782	  23.636
52	-378.427	34	  31.326	   3.040	  24.705
53	-376.795	34	  48.841	  17.302	  -8.263
54	-373.803	34	  44.965	  39.893	  37.084
55	-356.314	32	  26.883	  60.581	  -7.865
56	-355.104	20	  37.068	  38.104	   7.427
57	-352.114	32	  51.590	  22.867	 -25.788
58	-344.026	31	  30.232	  50.061	   9.501
59	-342.984	33	  73.696	  45.223	 -11.347
60	-341.117	33	  45.006	  53.055	 -24.195
61	-337.126	31	  68.763	  54.873	  -6.399
62	-334.281	32	  36.069	  48.020	 -21.946
63	-332.753	31	  53.349	  30.879	 -27.800
64	-332.607	32	  61.675	  51.905	 -30.164
65	-320.633	30	  19.340	   4.658	   5.832
66	-319.267	30	  26.933	  24.604	  38.914
67	-316.093	31	  24.891	   1.281	  15.933
68	-302.267	29	  27.985	  32.217	 -29.629
69	-299.245	29	  37.147	  64.313	  46.828
70	-296.841	27	  63.104	  52.000	  17.822
71	-295.610	29	  37.564	  49.306	  44.907
72	-293.489	27	  26.242	  72.613	  28.446
73	-291.472	27	  18.134	  48.503	  -9.852
74	-285.433	25	  60.689	  67.263	  10.394
75	-283.580	25	  10.721	  24.119	  16.582
76	-283.420	25	  56.736	  28.738	  -9.927
77	-283.386	25	  43.644	  26.042	   8.114
78	-281.246	27	  30.135	  24.519	 -25.316
79	-277.655	26	  65.453	  59.460	 -11.243
80	-271.754	24	  36.427	   8.980	  -3.967
81	-271.734	25	   1.230	  32.824	 -13.694
82	-270.957	25	  46.908	   2.327	  26.908
83	-270.501	26	  46.184	  50.117	  40.036
84	-268.947	26	  48.181	  45.820	 -29.399
85	-267.308	24	  15.119	  43.405	  39.869
86	-265.909	26	  64.946	  65.327	  -1.936
87	-261.324	23	  53.852	  24.844	  24.482
88	-256.413	25	  34.634	  24.845	  44.037
89	-254.486	23	  57.613	  30.659	  40.438
90	-253.103	25	  49.346	  74.204	  18.921
91	-250.411	22	  23.160	  54.957	 -25.518
92	-250.007	24	   9.344	  12.410	  -4.203
93	-241.004	22	  56.624	  44.054	   1.454
94	-237.178	21	  75.262	  38.275	 -18.952
95	-233.438	23	  37.942	   1.896	  20.664
96	-231.938	23	  53.891	  13.885	  44.194
97	-230.495	20	  38.243	  67.738	  -2.467
98	-229.586	22	  43.646	  71.419	  28.793
99	-221.027	21	  55.415	  14.729	 -21.124
100	-220.452	20	  19.964	  70.952	  35.509
101	-220.371	19	  23.599	  41.406	   6.714
102	-217.122	19	  -0.035	  38.648	 -20.545
103	-215.689	21	  19.377	  62.864	 -21.137
104	-213.836	21	  38.554	  13.285	  45.998
105	-211.564	19	  53.084	   3.693	  33.652
106	-197.172	19	  14.966	   6.641	 -12.730
107	-191.261	18	  36.147	  66.938	   7.591
108	-188.069	17	  15.653	  36.761	  34.774
109	-186.192	17	  14.001	  27.900	 -32.081
110	-186.075	18	  55.003	  71.908	  27.083
111	-185.936	17	  19.955	  50.166	  24.174
112	-177.344	17	  38.391	   9.890	   6.141
113	-175.612	16	  40.254	  18.071	  13.070
114	-172.477	17	  70.865	  27.444	  27.639
115	-170.797	17	  45.742	   6.618	  42.266
116	-169.898	14	  50.512	  37.364	   7.374
117	-169.239	16	  52.009	  38.678	 -30.462
118	-168.758	16	  71.535	  53.886	 -20.814
119	-167.319	16	  57.841	  73.934	   1.926
120	-165.941	17	  51.431	  73.836	 -10.844
121	-165.333	16	  60.681	  69.750	  -9.872
122	-164.690	16	  69.586	  44.693	 -27.758
123	-162.167	15	  34.074	  57.627	  12.891
124	-160.963	15	  18.608	   3.051	  24.111
125	-158.494	16	  61.744	  64.545	  28.601
126	-157.107	15	   6.964	  43.069	  35.974
127	-146.841	15	   0.089	  41.891	  -8.984
128	-146.277	14	  23.473	   2.635	 -12.532
129	-146.107	14	  63.539	  59.194	   6.543
130	-144.187	13	  63.041	  49.228	   8.555
131	-142.498	13	  10.963	  26.673	   7.218
132	-141.446	14	  29.996	   4.460	   8.139
133	-139.911	14	   1.324	  50.445	 -17.147
134	-136.310	14	  28.463	  74.445	  36.695
135	-133.392	13	  10.330	  64.387	  32.114
136	-129.957	13	  21.331	  24.893	 -31.149
137	-128.641	13	  54.045	   6.138	  19.912
138	-127.617	12	  67.214	  35.240	  35.103
139	-126.455	12	  62.346	  26.368	 -27.486
140	-124.989	12	  60.976	  11.860	 -15.256
141	-124.701	12	   6.701	  33.612	 -29.861
142	-124.683	12	  27.804	  67.380	  44.368
143	-119.155	9	  21.032	  22.345	 -16.125
144	-118.901	12	  36.759	  73.807	  36.293
145	-115.881	11	  63.187	  40.853	 -32.049
146	-115.382	11	  46.655	  19.126	 -21.063
147	-110.604	11	  44.973	   0.016	  35.132
148	-110.314	11	  34.687	   6.433	  44.815
149	-108.299	10	  18.425	  32.241	   0.986
150	-106.395	7	  32.092	  42.648	   1.033
151	-106.337	11	   0.712	  29.765	 -23.287
152	-104.966	10	  14.887	  50.089	 -28.976
153	-104.718	10	  24.976	  39.273	 -30.782
154	-104.319	10	  42.093	  25.261	  44.826
155	-101.895	10	  42.177	  18.891	   1.471
156	-101.672	10	  57.247	  38.010	  35.455
157	-101.001	10	  73.771	  26.253	 -16.237
158	 -99.464	9	   8.103	  38.132	  -1.659
159	 -96.256	10	  64.051	  19.376	  39.255
160	 -96.174	10	   4.200	  22.893	 -22.926
161	 -96.095	9	  28.946	  57.799	 -20.166
162	 -95.696	6	  41.836	  33.883	   0.791
163	 -93.546	9	  36.070	   0.842	  35.945
164	 -91.352	9	  19.871	  68.223	  20.478
165	 -90.813	7	  44.422	  59.340	  30.765
166	 -90.309	8	  10.723	  19.889	   3.836
167	 -90.283	8	  12.809	  17.793	 -24.792
168	 -90.086	5	  54.481	  54.691	 -14.335
169	 -89.775	6	  39.075	  27.506	  32.728
170	 -87.468	9	  73.401	  35.893	  -5.796
171	 -86.662	9	  57.353	  42.069	  14.155
172	 -86.176	9	   3.214	  47.884	  26.069
173	 -84.090	8	  63.220	  60.077	 -22.317
174	 -81.533	8	  42.480	  70.624	  10.502
175	 -80.686	8	  40.835	  70.972	 -12.925
176	 -78.995	8	   9.117	  55.640	  39.483
177	 -78.481	8	  29.593	  16.547	  43.803
178	 -78.306	8	  43.787	  57.426	  45.078
179	 -77.714	4	  30.901	  40.894	  13.308
180	 -76.485	8	   8.728	  55.807	 -24.850
181	 -72.150	7	  28.424	   5.218	  36.766
182	 -70.877	7	  62.172	  54.365	  31.489
183	 -70.069	7	  11.375	  20.735	  29.641
184	 -69.855	5	  29.340	  15.566	  29.327
185	 -69.775	7	  66.223	  28.234	  37.731
186	 -69.480	7	  32.371	  57.717	   2.321
187	 -66.797	7	  65.241	  37.665	  -0.149
188	 -65.646	7	  28.649	   0.662	  -4.831
189	 -64.251	6	  45.015	  68.761	  39.329
190	 -62.482	6	  61.570	  72.141	  16.774
191	 -62.447	6	  63.231	  11.229	  30.638
192	 -62.262	6	  18.767	  34.702	  11.503
193	 -60.076	6	  50.740	  29.922	   6.858
194	 -58.716	6	  31.423	  10.546	 -19.998
195	 -58.464	6	  13.077	  65.246	 -15.179
196	 -58.282	6	  12.416	  30.589	  19.488
197	 -58.108	6	  67.087	  62.096	  18.326
198	 -57.908	6	  52.789	  54.113	 -29.187
199	 -56.220	6	   6.750	  15.954	  16.985
200	 -49.527	5	  10.241	   8.301	  23.859
201	 -49.474	5	  43.685	  66.238	 -18.435
202	 -49.083	3	  42.882	  35.717	  13.513
203	 -47.692	5	  75.671	  45.899	 -19.294
204	 -40.459	4	  30.075	  58.652	  48.764
205	 -40.127	4	  15.297	  35.571	 -34.156
206	 -39.147	4	  15.324	   1.710	  -3.297
207	 -35.381	3	  46.812	  63.438	   8.308
208	 -32.068	3	  59.804	  14.466	  -7.692
209	 -29.646	3	  14.111	  71.099	  27.007
210	 -28.676	2	  18.087	  18.529	   6.308
211	 -28.276	3	   9.425	   2.761	  17.992
212	 -27.600	3	  12.424	  42.769	 -32.692
213	 -21.061	2	  33.309	   5.321	 -14.692
214	 -20.961	2	  72.566	  42.099	  -0.171
215	 -20.819	2	  78.087	  33.099	 -11.230
216	 -20.551	2	  59.525	   4.099	  26.308
217	 -19.894	2	  51.550	  78.099	   1.771
218	 -19.740	2	  16.378	  60.808	  -6.776
219	 -19.551	2	   3.507	  38.205	  31.308
220	 -16.669	1	  56.087	  58.099	   8.308
221	 -10.426	1	  39.087	   0.099	  28.308
222	  -9.644	1	  44.087	  75.099	  -2.692
223	  -9.124	1	  24.087	  46.099	  14.308
224	  -9.048	1	   1.087	  29.099	  -6.692
