1	-1843.324	156	  42.677	  13.170	  59.477
2	-1546.598	132	  33.555	   5.329	  56.974
3	-799.234	57	  27.328	  -1.838	  61.041
4	-661.256	61	  32.709	  -0.603	  69.093
5	-594.538	54	  20.980	 -16.222	  55.496
6	-590.621	54	  48.304	   1.893	  68.408
7	-574.641	51	  44.741	  22.558	  64.484
8	-563.550	50	  37.926	  -8.291	  67.907
9	-482.536	42	  17.557	  -3.769	  39.599
10	-468.655	38	  65.873	  12.021	  52.912
11	-444.342	41	  35.779	  33.508	  55.640
12	-437.607	40	  68.844	  16.588	  59.314
13	-418.525	39	  22.109	  19.569	  45.751
14	-408.484	39	  36.968	 -16.356	  43.328
15	-377.314	33	  53.115	   8.342	  66.873
16	-365.865	24	  42.894	  25.760	  48.051
17	-352.412	35	  23.258	 -19.644	  43.742
18	-340.393	30	  25.660	   3.906	  35.359
19	-321.580	28	  38.958	  20.108	  36.774
20	-314.472	24	  10.842	  12.746	  58.357
21	-314.444	29	  33.014	  26.943	  66.137
22	-292.044	25	  32.619	  -4.813	  34.664
23	-291.444	28	  63.105	  16.781	  45.309
24	-276.355	27	  59.744	  -5.113	  59.425
25	-275.679	26	  22.723	  23.108	  52.810
26	-275.318	25	  52.607	  15.082	  36.732
27	-274.043	17	  43.633	  25.907	  57.091
28	-273.889	26	  66.745	  15.893	  70.411
29	-245.761	22	  27.591	 -24.486	  53.302
30	-241.540	22	  22.370	  15.659	  70.722
31	-238.801	21	  43.086	 -15.804	  52.563
32	-237.340	21	  49.937	  36.363	  57.821
33	-236.148	23	  11.916	   9.933	  67.763
34	-233.320	22	  49.246	 -11.702	  61.710
35	-230.360	21	  20.997	 -14.359	  64.157
36	-228.192	21	  31.175	  24.297	  38.733
37	-227.703	20	  24.506	  -8.132	  38.555
38	-222.250	21	   9.979	  -3.230	  38.697
39	-215.526	20	   6.866	   2.050	  45.792
40	-211.903	20	  13.696	  20.620	  54.125
41	-208.843	19	  38.045	 -17.631	  59.392
42	-204.352	20	  49.052	  26.289	  40.551
43	-199.511	20	  12.335	 -10.863	  63.854
44	-196.969	19	  58.215	  -6.056	  36.942
45	-195.516	19	  58.655	  26.381	  42.358
46	-187.058	17	  25.037	   5.327	  69.423
47	-186.522	19	  64.723	   2.708	  68.221
48	-180.198	16	  66.473	   1.104	  49.311
49	-179.514	15	   8.058	   4.108	  58.477
50	-179.001	17	  54.749	  33.202	  49.552
51	-174.942	16	  55.716	  29.093	  71.336
52	-169.864	16	  10.337	  -7.380	  47.516
53	-165.455	15	  10.616	  15.991	  47.362
54	-164.556	15	  57.996	  -8.398	  51.916
55	-164.314	16	  25.889	  27.632	  59.099
56	-160.008	15	  60.612	  13.651	  73.750
57	-152.571	14	  50.696	  -1.387	  34.176
58	-146.186	13	  59.733	   9.687	  37.706
59	-145.486	14	  25.966	  -7.318	  70.770
60	-142.770	14	  66.632	   3.076	  39.149
61	-142.491	13	  51.496	  35.780	  65.442
62	-138.656	14	  38.586	  11.068	  73.898
63	-138.222	12	  46.570	   6.013	  33.339
64	-137.622	14	  42.938	  32.973	  42.623
65	-137.522	14	  20.780	  13.259	  38.289
66	-133.490	13	  28.878	  29.966	  47.189
67	-129.874	13	  40.072	  -3.430	  31.446
68	-129.647	13	   6.723	   7.300	  50.565
69	-122.126	12	  67.192	  27.572	  65.819
70	-121.663	8	  51.409	   1.491	  54.617
71	-120.181	12	  28.143	 -18.594	  66.592
72	-115.531	11	  40.736	  11.194	  30.906
73	-112.785	11	  45.735	  30.410	  67.886
74	-112.143	10	  14.119	 -15.875	  43.122
75	-111.924	11	  40.969	  19.419	  70.828
76	-105.094	10	  57.066	  -7.698	  67.104
77	-104.397	10	  50.150	 -15.192	  39.860
78	 -99.081	6	  35.910	  16.549	  66.198
79	 -93.365	9	  59.269	  33.286	  56.080
80	 -90.934	9	  14.727	   6.764	  35.301
81	 -84.516	8	  43.335	 -11.768	  35.854
82	 -78.765	5	  38.345	  -7.751	  46.728
83	 -78.044	8	   4.471	  -3.180	  62.249
84	 -66.032	7	  54.151	 -16.853	  48.181
85	 -62.308	6	  29.161	  12.908	  73.236
86	 -61.349	6	  29.658	  14.226	  34.063
87	 -60.005	6	  17.609	   3.566	  69.714
88	 -58.467	6	  60.849	 -12.406	  42.940
89	 -50.898	5	  63.081	  30.510	  47.009
90	 -49.858	5	  35.769	 -25.133	  53.493
91	 -48.880	5	  67.903	  11.869	  43.886
92	 -48.286	3	  59.958	  24.479	  63.302
93	 -47.891	4	  66.638	  24.040	  52.090
94	 -46.767	5	  72.373	   6.103	  63.495
95	 -39.898	3	  37.734	  14.049	  41.726
96	 -38.143	4	  24.970	  23.809	  69.582
97	 -20.848	2	  71.958	   6.601	  47.848
98	 -19.866	2	  66.958	  31.049	  57.629
99	 -19.068	2	  48.465	  -6.951	  72.090
100	 -18.705	2	  43.442	  39.049	  64.057
101	 -18.531	2	  18.463	  20.554	  65.585
102	 -12.704	1	  32.958	  17.049	  57.090
103	 -10.097	1	   5.958	  -6.951	  54.090
104	  -9.872	1	  70.958	   3.049	  56.090
105	  -9.395	1	  66.958	  -5.951	  44.090
106	  -9.314	1	  17.958	  -9.951	  74.090
107	  -9.100	1	  50.958	  -8.951	  34.090
108	  -8.926	1	  45.958	  -0.951	  43.090
