1	-1017.499	86	  62.784	  23.778	  14.049
2	-781.457	67	  81.783	  17.122	   6.012
3	-556.085	46	  73.128	  19.991	  27.091
4	-541.767	45	  80.346	  28.371	   5.104
5	-406.295	36	  83.195	  18.709	  25.873
6	-378.914	32	  88.559	  20.599	  19.010
7	-341.596	31	  66.395	  42.878	  23.559
8	-331.675	29	  69.031	  26.852	  26.782
9	-329.947	30	  63.831	   7.629	  12.079
10	-329.288	28	  62.895	  25.146	   5.213
11	-270.757	23	  86.186	  27.946	  15.294
12	-263.071	25	  70.914	  33.510	  31.801
13	-254.001	25	  79.231	  46.290	  21.674
14	-244.364	21	  84.981	  30.783	  23.017
15	-239.266	23	  60.740	  29.342	  24.518
16	-214.323	21	  84.731	  37.262	  15.104
17	-196.722	18	  74.444	  13.269	   1.434
18	-177.870	17	  90.579	   6.545	   5.184
19	-177.756	17	  82.075	  32.613	  30.855
20	-163.533	15	  91.667	  18.912	  10.981
21	-153.846	14	  60.926	  39.769	   9.928
22	-148.260	15	  58.225	  33.467	   4.408
23	-144.487	14	  87.720	   2.190	  19.197
24	-138.543	14	  72.237	   7.137	   4.853
25	-134.080	12	  78.654	   2.481	   9.444
26	-124.034	12	  60.968	  16.397	   8.061
27	-113.078	11	  65.809	  37.702	  -0.778
28	-100.426	10	  70.340	   1.634	  21.054
29	 -94.088	9	  96.249	  12.119	  23.232
30	 -92.375	9	  74.898	  40.967	  34.881
31	 -85.117	8	  69.839	   8.285	  29.519
32	 -82.475	8	  63.205	  17.290	  28.827
33	 -78.617	8	  72.959	  41.218	   1.244
34	 -75.673	8	  67.451	  44.467	  12.977
35	 -75.667	7	  77.530	   7.999	  28.223
36	 -75.655	8	  90.541	  -0.253	  10.304
37	 -74.913	7	  81.707	   3.815	  22.826
38	 -69.536	7	  54.356	   8.237	  18.610
39	 -55.915	6	  99.318	   6.769	  17.156
40	 -41.486	4	  76.481	  44.600	  13.902
41	 -28.679	3	  79.201	  48.085	  33.540
42	 -28.671	3	  55.789	  16.757	  19.449
43	 -23.758	2	  78.894	  36.107	   3.149
44	 -18.082	2	  55.486	  32.107	  15.648
45	 -17.922	2	  89.489	   9.107	  27.647
46	 -11.338	1	  71.486	  47.107	  29.149
47	  -9.551	1	  71.486	  33.107	  -3.851
