1	-796.092	60	  12.794	  38.706	   1.669
2	-579.101	50	  33.216	  38.497	  -2.047
3	-501.483	46	  12.636	  39.805	  14.484
4	-429.264	37	   3.868	  28.259	   6.044
5	-412.854	40	  21.818	  40.462	  20.572
6	-399.253	34	  15.119	  30.590	  24.144
7	-377.595	35	  34.550	  38.559	   9.718
8	-362.747	32	   4.179	  20.938	  12.273
9	-349.471	31	  26.829	  20.908	  23.033
10	-281.568	25	   7.748	  37.275	  -8.192
11	-271.549	24	  25.385	  23.503	  -6.282
12	-270.105	24	  27.962	  30.874	  23.732
13	-263.551	24	   8.616	  36.076	   8.790
14	-239.375	23	   7.324	  12.852	  15.593
15	-234.243	17	   5.812	  27.671	  19.200
16	-228.837	22	  26.447	  17.496	   4.450
17	-220.373	20	  13.489	   9.069	  12.700
18	-216.540	21	  17.296	  47.995	   2.941
19	-196.208	19	  30.121	  20.360	  11.270
20	-193.986	18	  33.918	  25.028	  -0.271
21	-192.828	11	  14.967	  17.441	   5.638
22	-189.062	18	  20.852	  12.034	  19.913
23	-185.171	18	   6.281	  29.611	  -8.759
24	-183.256	16	  26.198	  37.878	 -13.116
25	-179.443	18	   2.596	  23.966	  -2.519
26	-165.614	16	  18.345	  11.116	   1.730
27	-156.096	16	  18.119	  18.072	  -4.747
28	-154.108	14	  35.602	  26.763	  17.272
29	-145.897	15	  23.565	  47.462	  15.472
30	-130.371	13	  24.937	  51.648	  -2.945
31	-128.527	13	  27.993	  49.084	   4.709
32	-123.736	12	  35.638	  25.448	   9.012
33	-122.638	12	  12.294	  27.191	 -12.328
34	-116.725	11	  19.574	  30.509	 -13.247
35	 -98.236	10	   6.485	  11.965	   4.496
36	 -90.526	9	  12.070	  39.458	 -14.285
37	 -79.462	8	  18.089	  46.383	 -10.038
38	 -74.318	7	   9.729	  15.960	  -5.782
39	 -68.871	7	  23.607	   9.748	   8.013
40	 -58.800	6	  40.026	  30.489	   1.863
41	 -56.936	6	  31.551	  30.966	 -11.933
42	 -41.734	4	   0.258	  38.148	  -0.955
43	 -31.464	3	  10.217	  19.498	  22.059
44	 -29.494	3	   5.203	  34.815	  22.712
45	 -28.609	3	  -1.130	  17.518	   6.279
46	 -12.320	1	  23.870	  40.148	   6.712
