1	-1070.697	90	  19.185	  27.896	  38.413
2	-1045.391	88	  14.452	  19.679	  12.584
3	-809.610	67	  18.865	  19.343	  50.302
4	-769.553	67	   7.401	  16.940	  48.963
5	-684.052	60	   6.179	  15.645	  24.962
6	-670.630	59	   8.594	  33.447	  26.314
7	-639.958	49	  13.737	  33.088	  66.111
8	-479.497	44	   1.644	  24.547	  48.823
9	-470.377	44	  24.868	  25.950	  55.523
10	-469.141	44	  15.443	  12.719	  30.576
11	-459.961	40	   0.148	  24.036	  21.889
12	-429.103	40	  -0.586	  13.245	   4.936
13	-368.597	29	   9.594	  31.786	  46.749
14	-271.743	25	   3.288	  11.602	  43.691
15	-251.145	18	  15.555	  12.816	  62.473
16	-250.274	21	  14.338	  29.611	   3.617
17	-237.033	20	   3.343	  27.535	  57.714
18	-230.292	21	  -3.077	  24.591	   0.662
19	-227.688	21	  -8.337	  24.596	  16.291
20	-223.902	17	  -0.251	  17.496	  38.669
21	-216.066	19	  22.412	  11.664	  66.615
22	-212.725	19	  15.081	  15.241	   2.415
23	-207.494	18	  19.152	  28.859	  27.445
24	-202.394	18	  17.704	  11.997	  43.251
25	-200.776	20	   8.863	  10.007	  -0.493
26	-198.676	18	  14.124	  37.415	  56.637
27	-194.245	18	  28.601	  24.759	  68.040
28	-184.922	16	  17.541	  18.087	  71.236
29	-179.959	18	  18.055	  29.049	  74.343
30	-176.897	17	  -1.414	  22.806	  64.161
31	-175.564	17	  21.368	  18.645	  23.539
32	-175.258	13	  -4.715	  29.424	  11.192
33	-174.022	17	  22.291	  35.287	  51.862
34	-170.937	15	  -1.109	  11.866	  16.739
35	-161.737	16	   6.013	  32.147	  65.261
36	-155.251	15	  30.811	  19.779	  60.025
37	-151.658	11	  14.321	  25.469	  19.184
38	-146.741	14	   2.319	  33.708	  18.088
39	-137.566	14	  26.537	  34.025	  62.654
40	-133.676	12	   5.103	  15.303	  60.823
41	-118.489	11	 -10.232	  14.705	  10.201
42	-103.976	10	  -2.486	  30.360	  24.194
43	-100.844	10	  14.513	  35.917	  11.027
44	-100.207	9	  -1.826	  27.437	  36.399
45	 -94.922	9	   3.985	  36.057	   7.855
46	 -91.075	9	   7.552	   6.992	   8.980
47	 -81.325	8	  11.410	   4.929	  36.543
48	 -79.917	8	  24.663	  18.130	  42.050
49	 -76.186	8	  12.436	  30.617	  -3.441
50	 -75.418	8	  14.193	  34.351	  36.661
51	 -68.677	7	   5.154	  25.953	  -7.220
52	 -65.677	6	   0.842	  33.274	   0.658
53	 -61.600	6	  25.152	  16.744	  34.411
54	 -53.722	5	   4.258	  37.207	  39.588
55	 -48.594	5	  -2.124	  35.196	  31.455
56	 -48.365	5	   4.583	  21.482	  73.278
57	 -42.306	4	   6.335	  38.387	   0.618
58	 -41.807	4	   8.694	  18.949	  -6.900
59	 -39.190	4	  24.819	  34.331	  71.327
60	 -31.059	3	   8.627	   8.855	  17.047
61	 -30.683	3	   9.626	   6.855	  45.696
62	 -21.173	2	   8.780	  15.324	  70.527
63	 -20.803	2	  16.311	  12.855	  16.525
64	 -20.613	2	  29.311	  15.371	  69.058
65	 -19.008	2	  28.834	  11.855	  59.535
66	 -18.578	2	  18.284	  39.341	  68.085
67	  -9.995	1	  -9.689	  16.855	  19.058
68	  -9.120	1	  16.311	  10.855	  54.058
