1	-1831.567	153	 -24.546	  51.198	  84.878
2	-1804.484	160	 -34.039	  45.382	 143.775
3	-968.476	89	 -36.924	  53.108	 113.122
4	-859.227	74	 -23.054	  41.329	 113.788
5	-837.906	73	 -20.961	  48.988	 115.360
6	-837.601	75	 -28.331	  59.140	 117.075
7	-705.756	56	 -30.146	  33.525	  82.332
8	-667.107	64	 -39.078	  42.281	 115.632
9	-624.869	52	 -11.246	  27.094	  81.641
10	-601.841	54	 -23.586	  33.662	 119.970
11	-572.760	49	 -21.171	  41.404	  72.591
12	-536.069	49	 -40.348	  50.586	 142.411
13	-516.576	43	 -26.609	  35.377	 154.446
14	-511.839	45	 -19.130	  33.896	 105.850
15	-502.016	47	 -10.056	  53.197	  76.863
16	-501.658	41	 -23.027	  63.054	 128.812
17	-484.364	36	 -31.559	  40.685	 112.264
18	-463.387	43	 -13.500	  49.333	 128.764
19	-438.975	41	 -37.613	  35.237	 116.498
20	-435.360	40	 -10.486	  29.167	  73.128
21	-425.510	39	 -36.942	  33.730	  98.016
22	-414.739	28	 -25.545	  35.638	  94.680
23	-407.022	39	 -19.418	  21.756	 133.593
24	-400.563	35	 -43.560	  51.389	 103.325
25	-397.819	39	 -37.384	  40.838	 151.032
26	-396.914	30	 -20.464	  21.562	 143.607
27	-392.817	36	 -43.018	  32.431	 150.113
28	-383.401	28	 -38.723	  51.679	 132.375
29	-376.904	34	 -25.763	  61.010	  87.044
30	-372.659	31	 -43.630	  53.195	  92.392
31	-369.511	23	 -20.298	  39.624	 132.833
32	-368.080	25	 -26.358	  57.763	  96.143
33	-363.378	26	 -17.998	  40.139	 146.038
34	-357.256	30	 -26.131	  61.970	 138.769
35	-352.881	33	 -12.308	  51.078	 108.539
36	-341.993	32	 -34.836	  54.466	  87.212
37	-335.586	31	 -10.955	  26.081	  91.527
38	-321.331	31	 -49.364	  53.437	 125.679
39	-320.943	29	 -14.342	  33.466	  67.665
40	-319.177	31	 -51.544	  38.020	 136.771
41	-317.364	32	 -19.880	  52.460	  76.899
42	-314.293	31	 -21.993	  67.434	 103.812
43	-309.762	31	 -50.313	  36.045	 126.078
44	-299.192	29	 -38.424	  48.816	  85.191
45	-296.135	27	   0.282	  44.068	 101.786
46	-295.580	29	 -21.305	  70.433	  92.244
47	-291.153	29	  -0.376	  29.895	  89.395
48	-284.424	21	  -3.400	  35.690	  74.770
49	-277.712	25	 -25.998	  24.320	  89.752
50	-268.853	25	 -31.368	  55.835	 142.641
51	-261.365	24	 -20.707	  21.177	 151.504
52	-251.083	25	 -17.541	  56.991	 116.180
53	-249.735	25	  -8.375	  61.616	  90.948
54	-248.809	23	 -41.770	  22.615	 123.956
55	-244.899	20	 -31.058	  17.762	 150.173
56	-243.397	23	 -52.926	  51.722	 138.195
57	-240.195	24	 -31.708	  31.504	 113.568
58	-236.180	21	 -24.285	  55.490	 144.221
59	-234.620	20	 -10.589	  33.258	 136.575
60	-225.268	21	 -28.655	  18.110	 126.011
61	-222.745	21	 -12.189	  40.892	 112.305
62	-217.430	21	  -2.598	  33.407	 100.227
63	-215.215	21	 -24.386	  50.548	 151.453
64	-192.753	19	 -34.111	  45.771	  77.189
65	-190.714	19	 -14.239	  28.392	 151.197
66	-186.617	19	  -6.180	  57.503	  81.918
67	-185.369	18	 -33.084	  14.333	 134.895
68	-177.448	17	  -4.731	  46.427	 107.328
69	-173.649	16	  -8.695	  61.146	 101.194
70	-172.965	17	 -48.293	  31.570	 144.841
71	-172.840	17	 -11.505	  41.044	 141.540
72	-172.513	16	 -38.052	  34.842	 105.320
73	-164.669	17	  -2.735	  56.418	 101.876
74	-161.592	15	 -40.385	  28.794	 119.278
75	-159.863	15	 -15.773	  29.814	 131.247
76	-151.555	14	 -19.093	  27.166	  95.008
77	-148.372	14	 -41.920	  38.824	  88.330
78	-147.648	15	 -48.397	  57.616	 136.424
79	-145.953	10	 -24.689	  41.919	  86.611
80	-140.337	7	 -31.389	  42.056	  98.360
81	-137.872	14	 -30.397	  26.489	  99.578
82	-129.638	12	 -22.664	  27.023	  74.358
83	-128.801	13	   3.709	  44.072	  92.167
84	-128.208	13	 -35.600	  60.655	 112.769
85	-126.801	12	 -21.801	  44.798	 156.733
86	-122.957	6	 -22.962	  48.264	 130.424
87	-119.057	7	 -14.569	  46.890	  89.488
88	-118.356	12	 -42.960	  19.072	 132.282
89	-116.533	12	 -47.460	  41.569	 100.177
90	-115.979	11	 -37.529	  21.784	 153.928
91	-115.816	11	 -25.101	  14.575	 137.624
92	-115.305	11	 -14.764	  61.130	 135.636
93	-115.230	12	 -14.492	  62.988	 127.109
94	-113.131	7	  -7.120	  51.026	  98.293
95	-111.573	7	 -35.294	  35.104	 137.697
96	-111.187	11	 -43.195	  62.441	 131.155
97	-108.904	11	 -29.214	  41.205	  69.816
98	-105.221	6	 -42.577	  31.910	 128.915
99	-105.082	8	 -26.186	  40.496	 140.686
100	 -96.928	9	 -23.191	  27.484	 159.633
101	 -93.303	9	  -9.990	  39.658	 127.913
102	 -93.076	9	 -32.938	  28.709	 159.902
103	 -87.276	9	 -45.672	  36.896	 119.618
104	 -86.915	8	 -27.351	  69.995	  96.567
105	 -86.620	8	 -37.792	  61.626	  95.809
106	 -83.446	8	  -3.740	  45.106	  72.804
107	 -81.938	8	 -36.485	  63.449	 136.369
108	 -81.569	8	 -17.121	  64.231	  79.183
109	 -78.883	8	 -13.495	  39.299	 154.360
110	 -77.492	8	 -39.709	  64.644	 121.029
111	 -76.049	7	 -12.865	  43.961	  67.127
112	 -73.430	7	 -26.626	  13.039	 145.367
113	 -72.442	7	 -28.762	  24.359	 119.949
114	 -70.566	7	 -33.406	  66.636	  99.686
115	 -69.518	7	 -36.711	  34.782	  80.264
116	 -64.665	7	 -25.115	  69.046	 135.377
117	 -56.263	6	 -47.275	  46.895	 115.096
118	 -53.981	5	 -13.996	  63.511	 111.528
119	 -50.404	5	 -40.791	  64.166	 101.923
120	 -47.813	5	   0.624	  30.300	  80.174
121	 -47.618	5	 -29.393	  30.534	  73.688
122	 -47.219	5	 -47.558	  24.508	 136.546
123	 -40.786	4	  -5.457	  33.420	  65.474
124	 -39.499	4	 -42.953	  21.429	 142.263
125	 -38.744	4	  -0.730	  47.405	  81.940
126	 -38.270	4	   1.265	  51.368	  90.466
127	 -33.201	3	 -12.764	  52.686	 139.857
128	 -31.686	3	 -29.342	  66.910	 125.264
129	 -30.629	3	 -38.975	  13.910	 142.917
130	 -30.100	3	 -10.285	  31.285	 104.939
131	 -29.128	3	   5.025	  35.910	  96.883
132	 -29.049	3	 -37.293	  67.910	 128.584
133	 -29.015	3	 -12.975	  47.225	 146.625
134	 -27.182	3	 -10.975	  55.243	 125.278
135	 -18.848	2	   5.025	  52.405	  97.939
136	 -18.361	2	 -30.462	  42.884	 152.965
137	 -12.637	1	 -33.975	  38.910	 128.939
138	 -11.576	1	 -17.975	  46.910	  98.939
139	 -10.201	1	 -12.975	  67.910	 103.939
140	 -10.026	1	 -25.975	  17.910	 157.939
141	  -9.594	1	 -49.975	  21.910	 127.939
142	  -9.550	1	 -24.975	  67.910	  82.939
143	  -9.493	1	 -13.975	  44.910	  78.939
144	  -9.363	1	 -47.975	  42.910	 151.939
145	  -9.322	1	 -10.975	  25.910	 140.939
146	  -9.314	1	 -54.975	  44.910	 124.939
147	  -9.254	1	   4.025	  39.910	  81.939
148	  -9.045	1	 -46.975	  45.910	  89.939
149	  -8.997	1	 -36.975	  51.910	 148.939
150	  -8.917	1	 -48.975	  52.910	 147.939
151	  -8.917	1	 -50.975	  47.910	  97.939
