1	-1054.685	88	  28.663	  48.951	   0.490
2	-627.132	55	  18.922	  53.652	 -10.880
3	-556.167	35	  23.689	  52.489	  -4.174
4	-491.768	46	  10.857	  52.600	  -6.498
5	-464.326	42	  28.847	  39.251	   2.903
6	-422.177	35	  13.544	  32.219	   9.291
7	-365.121	32	   5.885	  45.432	   4.025
8	-342.431	33	  22.629	  39.075	  15.080
9	-306.568	28	  11.890	  30.550	  -7.190
10	-257.529	24	  17.393	  28.288	   2.451
11	-236.098	22	  10.907	  46.659	  17.689
12	-231.461	21	  13.802	  57.985	   3.170
13	-203.205	18	   3.930	  41.291	  -4.793
14	-192.746	18	  27.376	  57.656	  15.734
15	-185.587	17	  16.419	  57.303	  18.222
16	-184.081	17	  27.270	  33.831	 -10.100
17	-162.780	16	  25.746	  62.771	  -1.514
18	-149.187	14	  33.611	  44.437	   6.897
19	-145.439	13	  22.748	  50.592	  18.579
20	-139.779	14	  29.769	  59.133	   8.484
21	-135.801	13	  29.753	  43.854	 -11.296
22	-129.460	13	  25.934	  31.047	   1.396
23	-127.638	12	  34.782	  37.388	  15.002
24	-114.984	11	  20.836	  63.390	  10.808
25	-103.032	10	   6.733	  53.381	   5.191
26	 -91.452	9	  20.180	  30.061	  -9.302
27	 -80.692	8	  15.353	  59.485	 -11.227
28	 -70.927	7	  15.027	  36.544	 -15.424
29	 -61.020	6	  29.915	  46.777	  19.973
30	 -59.411	6	   5.530	  33.793	 -11.184
31	 -50.854	5	  15.805	  64.989	  -2.488
32	 -50.210	5	  28.628	  55.356	  -9.070
33	 -49.948	5	  37.399	  46.542	  13.046
34	 -38.405	4	   3.399	  34.544	  -1.448
35	 -21.301	2	  29.399	  34.777	   9.804
36	 -20.370	2	   8.399	  43.292	 -13.174
37	 -19.085	2	   8.885	  34.291	  15.825
38	 -18.129	2	  27.397	  50.278	 -16.689
39	  -9.695	1	  37.399	  54.777	  11.311
40	  -9.664	1	  10.399	  61.777	  10.311
