1	-1113.045	99	  28.500	  99.380	  65.144
2	-1010.527	89	  20.486	  95.383	  48.926
3	-916.951	77	  25.636	  81.028	  32.367
4	-856.180	74	  21.728	  94.418	  57.279
5	-599.053	52	   6.575	  85.358	  70.348
6	-559.640	47	   4.395	  88.250	  59.483
7	-534.060	49	   9.543	 100.345	  31.933
8	-524.768	42	  18.462	  87.994	  27.819
9	-501.271	45	  16.588	 111.147	  70.271
10	-489.278	44	  19.342	  84.385	  81.774
11	-446.299	39	  13.206	 106.819	  48.967
12	-443.106	39	  25.614	  76.147	  40.272
13	-442.840	40	   6.065	 107.959	  63.029
14	-438.222	37	  10.299	  80.418	  61.562
15	-422.472	38	   4.372	  98.580	  40.549
16	-405.795	35	  25.595	  78.352	  54.062
17	-367.049	35	  22.929	  79.618	  75.367
18	-364.472	36	  33.520	  90.767	  78.538
19	-320.543	30	  34.761	  85.549	  69.285
20	-302.021	28	  14.656	 105.631	  79.526
21	-299.405	29	  14.123	  90.245	  85.853
22	-298.673	29	  28.000	  92.406	  53.828
23	-252.966	25	  32.837	  91.420	  33.052
24	-252.925	20	  13.867	  76.282	  47.109
25	-223.192	20	   1.653	  99.350	  53.090
26	-221.694	15	  12.821	  82.882	  54.593
27	-217.004	22	  18.798	  74.672	  60.974
28	-212.462	20	  30.451	 108.872	  41.322
29	-210.048	20	  16.028	  99.791	  85.541
30	-207.385	20	  21.059	  94.926	  24.445
31	-200.792	19	  27.684	 113.480	  72.312
32	-199.250	19	  32.952	 109.048	  68.427
33	-186.944	18	   6.973	  96.828	  82.041
34	-176.603	17	   3.202	  79.627	  51.353
35	-172.589	17	  31.515	  76.172	  70.362
36	-171.306	17	  36.356	  96.906	  46.490
37	-169.580	17	   3.124	 104.873	  46.782
38	-167.124	17	  27.162	 104.320	  53.045
39	-150.303	15	  33.353	  77.403	  40.971
40	-139.054	13	   6.157	 103.688	  77.545
41	-138.841	12	  35.817	  86.922	  40.094
42	-138.277	14	  25.469	 107.772	  30.577
43	-133.793	13	   4.628	  81.284	  35.014
44	-130.050	12	   2.301	  98.314	  69.997
45	-128.689	13	  15.752	 105.346	  26.642
46	-120.268	12	  33.729	  79.646	  33.314
47	-114.514	11	   7.389	  89.716	  31.659
48	-106.389	10	  28.803	 105.129	  85.697
49	-101.695	10	  12.883	 111.690	  42.278
50	 -98.027	10	  30.063	  97.561	  27.801
51	 -94.611	9	  40.195	  96.794	  37.955
52	 -91.225	9	  27.961	  91.916	  87.868
53	 -86.583	6	  20.420	 102.985	  57.110
54	 -84.718	8	  34.080	  89.795	  63.045
55	 -84.430	8	  -3.178	  85.862	  42.874
56	 -81.053	8	  -0.323	  77.608	  44.037
57	 -77.832	8	  -1.121	  89.495	  53.220
58	 -77.474	8	  10.101	 114.396	  66.861
59	 -72.300	7	  19.049	  74.160	  28.164
60	 -71.321	7	  37.344	 102.081	  77.391
61	 -68.819	6	  17.691	  70.530	  37.811
62	 -51.541	5	  10.738	  72.105	  33.192
63	 -51.029	3	  13.249	  97.937	  37.719
64	 -50.564	5	  11.644	  77.661	  79.118
65	 -46.445	5	  34.379	  79.673	  56.970
66	 -46.374	5	  22.552	 112.064	  56.581
67	 -40.621	4	  -0.525	 105.176	  58.826
68	 -40.161	4	   9.736	  82.899	  28.387
69	 -39.494	4	   8.232	  72.917	  45.136
70	 -35.907	2	  11.973	  89.661	  49.996
71	 -31.563	3	  36.271	  83.630	  47.387
72	 -30.251	3	  18.653	 112.309	  37.067
73	 -29.202	3	   6.643	  82.630	  86.026
74	 -27.873	3	  22.980	 109.326	  48.722
75	 -20.827	2	  36.470	 105.158	  34.382
76	 -19.378	2	  23.015	 111.140	  76.950
77	 -18.671	2	  26.013	  69.171	  30.857
78	 -18.331	1	  14.973	  95.661	  61.387
79	 -17.908	1	   8.973	 102.661	  58.387
80	 -10.296	1	  14.973	  81.661	  39.387
