1	-1385.583	123	  20.831	  94.552	  50.196
2	-1176.623	101	  23.984	  97.546	  60.817
3	-839.724	71	  25.167	  81.006	  32.034
4	-708.391	65	  20.702	  83.320	  80.022
5	-612.962	55	  16.437	 111.311	  69.241
6	-503.025	39	  18.528	  87.751	  27.693
7	-484.630	43	  30.780	  99.766	  67.964
8	-469.890	41	   6.407	  85.290	  70.804
9	-469.550	41	   6.150	 108.085	  62.880
10	-467.967	41	  13.143	 106.852	  48.584
11	-466.080	38	  10.132	  80.571	  61.182
12	-457.577	41	  25.724	  76.165	  40.307
13	-433.302	42	  33.383	  90.388	  77.776
14	-384.110	33	  25.413	  78.385	  53.919
15	-376.674	33	   4.366	  98.940	  40.439
16	-331.219	30	   3.382	  90.090	  63.090
17	-317.775	30	  28.125	  92.312	  53.669
18	-308.915	28	   9.143	 102.716	  33.033
19	-305.340	24	   4.986	  86.465	  56.476
20	-297.438	27	  14.435	 104.952	  79.996
21	-287.506	27	  34.261	  84.339	  67.859
22	-282.527	28	  13.818	  91.053	  85.421
23	-245.570	25	  18.774	  74.649	  60.263
24	-235.592	23	  21.549	  95.410	  24.283
25	-233.748	23	  29.816	 112.472	  71.047
26	-223.077	20	  35.163	  86.531	  39.001
27	-213.487	17	  13.841	  76.081	  47.102
28	-213.415	21	  32.893	  92.218	  33.004
29	-199.811	19	  30.251	 108.916	  41.043
30	-199.744	19	   7.259	  91.473	  32.066
31	-189.316	17	   1.542	  99.343	  52.434
32	-185.828	18	  27.041	 105.242	  53.004
33	-178.818	17	   6.503	  96.707	  81.555
34	-178.736	12	  12.568	  82.742	  54.296
35	-177.824	17	  35.873	  97.211	  46.135
36	-175.489	16	   2.142	  98.167	  70.005
37	-160.925	16	  25.437	 107.468	  30.068
38	-159.605	15	   4.665	  81.315	  34.688
39	-156.393	16	   2.840	 105.172	  46.635
40	-141.016	14	   5.892	 103.958	  77.175
41	-132.345	13	   2.777	  79.102	  50.771
42	-125.978	12	  29.981	  75.685	  70.311
43	-115.410	11	  33.883	  90.117	  62.383
44	-114.043	11	  32.845	  77.334	  40.630
45	-108.276	11	  20.448	  77.379	  71.179
46	-107.565	10	  19.165	  73.506	  28.144
47	-107.420	10	  12.819	 111.688	  41.797
48	 -96.090	10	  -0.472	  77.689	  43.881
49	 -95.950	10	  16.838	 104.710	  25.809
50	 -91.620	9	  -3.090	  86.191	  42.304
51	 -87.514	8	  27.483	  93.721	  88.542
52	 -84.421	8	  40.094	  96.679	  37.590
53	 -77.959	8	  -1.279	  89.633	  52.202
54	 -72.590	5	  20.178	 102.823	  56.715
55	 -70.548	7	  10.933	  72.533	  32.420
56	 -70.076	6	  17.493	  70.556	  37.573
57	 -69.554	7	  31.078	 105.401	  84.224
58	 -59.907	6	  32.017	 108.834	  65.485
59	 -58.750	6	  12.789	  77.372	  78.584
60	 -57.783	6	  34.128	  80.111	  33.920
61	 -57.557	3	  13.090	  97.946	  37.454
62	 -50.259	5	  31.624	  98.620	  28.703
63	 -50.057	5	  -0.768	 105.732	  57.613
64	 -49.790	5	  35.638	  82.517	  48.991
65	 -48.148	5	  36.599	 104.334	  33.919
66	 -47.937	5	  28.398	  72.788	  29.528
67	 -47.298	4	  14.958	  82.800	  40.486
68	 -47.049	5	   7.772	  82.685	  85.887
69	 -37.290	4	  18.573	 112.191	  36.586
70	 -31.937	3	  38.118	 103.051	  77.106
71	 -31.159	3	   8.767	  72.709	  44.457
72	 -29.224	3	  32.871	  77.764	  60.050
73	 -28.885	3	  22.853	 111.673	  74.472
74	 -27.667	3	  19.872	 112.010	  56.398
75	 -27.579	3	  30.849	 116.023	  78.761
76	 -27.516	3	  22.187	 109.678	  48.431
77	 -19.490	2	  24.358	 103.685	  87.072
78	 -18.633	2	  10.829	 115.685	  70.572
79	 -16.681	1	   8.829	 102.685	  58.092
80	 -16.299	1	  11.829	  89.685	  50.092
