1	-2117.737	179	  16.521	  19.680	  30.054
2	-1018.897	78	  18.918	  26.668	  30.630
3	-653.612	58	  39.281	  27.645	  28.851
4	-435.439	40	  13.864	  26.288	  11.389
5	-424.843	39	  30.027	  24.688	  55.910
6	-390.285	37	  40.332	  16.570	  34.724
7	-389.734	35	   7.393	  32.520	  33.619
8	-381.519	35	  20.466	   8.383	  18.345
9	-360.948	36	  14.115	  41.817	  32.721
10	-357.660	34	  15.755	  30.364	  52.866
11	-320.347	29	  30.143	  12.592	  21.088
12	-310.687	30	  43.714	  23.563	  43.458
13	-307.770	31	  21.187	  38.909	  44.592
14	-297.457	28	   7.621	  24.081	  33.070
15	-294.197	26	  23.895	   9.360	  38.150
16	-238.538	23	  22.859	  42.322	  22.165
17	-233.964	23	  10.813	  36.407	  49.799
18	-231.302	20	  40.375	  16.596	  53.449
19	-229.064	22	  36.517	  12.585	  29.939
20	-225.661	19	  23.374	  18.674	  56.017
21	-225.099	21	  31.587	  38.805	  15.936
22	-220.982	21	  17.490	  37.694	  10.641
23	-210.163	20	  22.072	  32.911	   4.854
24	-208.612	19	   5.236	  28.049	  47.709
25	-195.543	12	  29.087	  28.283	  40.423
26	-175.750	17	  28.812	  33.778	  55.201
27	-162.300	15	  34.567	  36.056	  49.965
28	-156.729	14	  36.966	  30.797	  12.483
29	-154.832	15	  28.099	  38.496	  35.118
30	-148.026	14	  16.838	   9.841	  35.162
31	-142.207	11	  34.942	  22.115	  17.841
32	-139.748	14	  25.978	  21.957	   1.931
33	-134.805	13	   7.644	  20.510	  15.463
34	-131.298	13	  14.576	  10.902	  10.256
35	-129.160	12	  24.722	  42.089	   8.493
36	-123.535	12	  40.144	  28.059	  20.361
37	-122.096	12	  10.594	  36.236	  18.585
38	-121.359	12	  27.519	   8.507	  45.969
39	-116.932	11	  31.840	  37.239	   7.405
40	-109.720	10	   8.159	  14.784	  37.103
41	-105.954	10	   7.944	  11.450	  22.151
42	-101.120	10	  10.002	  12.858	  44.678
43	 -98.886	10	  31.943	  14.651	   9.411
44	 -95.623	9	  39.661	  32.430	  45.684
45	 -94.126	9	  12.260	  15.592	  51.110
46	 -92.451	9	  33.610	  22.138	   2.705
47	 -84.421	8	  25.080	   6.522	  25.177
48	 -80.557	8	  40.471	  18.631	  23.050
49	 -79.005	7	  46.830	  28.365	  49.793
50	 -77.811	8	  36.383	  10.240	  49.901
51	 -69.025	7	   3.755	  31.189	  40.450
52	 -65.572	7	  30.963	  13.482	  57.081
53	 -65.110	6	  27.850	   7.286	  32.364
54	 -60.851	6	  39.523	  10.455	  42.169
55	 -50.301	5	  15.394	  22.082	  55.193
56	 -50.143	5	  20.640	   9.012	  50.954
57	 -49.877	5	  45.382	  20.550	  58.761
58	 -34.472	3	  38.594	  30.736	  38.488
59	 -30.520	2	  19.502	  22.631	  20.410
60	 -30.485	3	  32.682	   4.631	  40.091
61	 -28.224	3	   3.711	  20.306	  42.416
62	 -22.190	2	  22.041	  22.182	   7.410
63	 -15.428	1	  14.041	  27.631	  45.410
64	 -11.239	1	   7.041	  29.631	  21.410
65	  -9.645	1	  23.041	  35.631	  14.410
66	  -9.600	1	  11.041	  42.631	  45.410
67	  -9.519	1	  28.041	  46.631	  14.410
68	  -9.211	1	  39.041	  37.631	  26.410
69	  -9.064	1	  35.041	  36.631	  34.410
