1	-2037.088	173	  26.044	  30.624	  41.782
2	-1483.902	129	  12.251	  26.879	  49.687
3	-1260.225	102	  24.637	  23.256	  48.326
4	-1211.476	95	  19.402	  44.404	  35.909
5	-1018.021	83	  27.439	  49.101	  24.688
6	-908.019	74	  25.249	  32.722	  52.670
7	-639.447	39	  37.854	  26.939	  44.704
8	-600.667	55	  44.031	  28.268	  52.355
9	-580.952	49	  41.343	  25.748	  33.289
10	-523.382	47	  26.937	  41.319	  37.099
11	-518.461	44	  15.547	   7.502	  30.241
12	-515.656	48	  28.433	  18.117	  27.644
13	-507.859	47	  11.152	  13.395	  56.859
14	-486.118	46	  31.636	   7.396	  52.413
15	-483.236	43	  34.627	  46.844	  34.159
16	-474.465	43	  36.084	  59.273	  11.426
17	-449.868	40	  10.438	  49.849	  12.645
18	-442.680	38	  18.145	  40.274	   2.148
19	-441.545	40	  16.799	  61.081	  20.157
20	-436.035	41	  18.489	  28.626	  34.306
21	-434.496	42	  37.824	  50.052	  29.114
22	-420.074	39	  14.393	  33.506	  16.958
23	-407.762	38	  14.693	  28.655	  25.498
24	-405.940	36	  30.224	   4.336	  38.496
25	-397.921	33	  23.773	  50.373	  45.890
26	-377.630	24	  31.765	  31.841	  57.584
27	-370.158	31	  45.730	  20.803	  43.175
28	-362.436	27	  22.819	  69.856	  30.515
29	-354.378	30	  37.380	  47.641	  18.454
30	-344.646	24	  29.113	  60.169	  19.598
31	-341.153	31	  29.000	  49.303	  -1.334
32	-337.355	31	   2.562	  12.355	  50.118
33	-321.057	29	  13.410	  33.609	  39.547
34	-315.593	24	  21.554	  31.065	  59.748
35	-311.054	28	  33.801	  41.094	  55.942
36	-309.626	27	  13.071	  51.971	  23.752
37	-304.139	18	  31.549	  53.465	  38.131
38	-296.274	28	  40.580	  38.651	  28.637
39	-281.157	23	   9.827	  47.409	  35.850
40	-279.598	25	   6.711	   5.594	  41.392
41	-278.963	26	  35.308	  11.963	  44.538
42	-272.547	27	  21.345	  -2.222	  43.907
43	-270.309	25	  23.250	  42.224	  60.479
44	-266.339	26	   7.970	  26.466	  39.763
45	-259.626	24	  40.129	  46.541	   7.834
46	-259.038	25	  26.768	  32.891	  26.601
47	-257.929	20	  30.743	  11.323	  29.496
48	-256.994	24	  36.768	  65.563	  31.169
49	-255.463	25	  21.285	  -0.467	  31.664
50	-253.672	24	  19.694	  17.535	  26.213
51	-247.918	25	  12.178	  56.166	   3.190
52	-234.638	21	  41.982	  35.562	  52.421
53	-232.469	21	  25.218	  13.536	  66.571
54	-230.188	22	  41.950	  51.530	  44.198
55	-229.913	22	  11.394	  45.864	   0.636
56	-225.628	21	  24.826	  23.998	  68.134
57	-220.152	19	  21.612	   9.747	  26.083
58	-214.062	20	  19.000	  60.575	   5.001
59	-211.604	17	  13.781	  35.727	   7.312
60	-204.505	19	  34.912	  51.025	  47.922
61	-202.939	20	  12.152	  59.647	  12.090
62	-201.314	19	  23.767	  39.600	  29.306
63	-198.926	19	  39.107	  39.394	  13.796
64	-196.932	17	   8.469	  40.565	  15.339
65	-193.626	16	  39.536	  53.353	   3.158
66	-187.798	17	  34.392	  39.121	  33.152
67	-185.664	16	  20.236	  31.881	  10.247
68	-184.227	17	  37.764	  60.290	  21.306
69	-182.888	18	  42.323	  11.680	  50.156
70	-182.661	15	   5.915	  18.387	  45.398
71	-175.543	13	  16.425	  54.375	  42.461
72	-168.912	16	  30.309	  68.968	  23.844
73	-162.838	16	   6.849	   5.407	  49.335
74	-159.643	16	  45.783	  19.967	  64.250
75	-156.819	15	  44.163	  42.742	  46.736
76	-152.203	14	  16.660	  20.604	  61.467
77	-152.149	16	  27.467	  27.029	  23.122
78	-149.111	15	  34.222	  33.427	  -2.292
79	-147.190	14	  49.635	  45.545	  37.529
80	-138.733	14	  35.296	  68.086	  38.206
81	-137.660	13	   6.312	   8.807	  27.076
82	-137.648	13	  22.825	  48.240	  52.541
83	-135.556	13	   6.005	  49.319	   6.667
84	-132.449	13	   9.702	  57.288	  28.611
85	-130.858	13	  52.066	  32.442	  37.318
86	-120.228	11	  14.887	  35.988	  30.017
87	-118.649	11	  14.151	  68.204	  34.283
88	-115.353	11	   0.345	  15.260	  30.558
89	-114.515	11	  38.176	  13.641	  36.643
90	-105.583	10	   8.161	  37.427	  45.461
91	-104.959	10	  18.059	  66.051	  41.239
92	-103.385	10	  30.749	  39.618	  20.949
93	 -97.338	9	  38.188	  27.540	  26.970
94	 -96.502	9	  33.264	  42.516	  -2.156
95	 -95.809	10	  55.328	  37.719	  26.418
96	 -95.213	10	  10.778	  39.116	  35.323
97	 -95.211	10	  24.119	  32.919	   2.531
98	 -79.402	8	  31.863	  58.241	  46.811
99	 -77.315	8	  13.814	  50.007	  52.389
100	 -77.281	8	  43.846	  12.354	  62.582
101	 -76.796	8	   8.849	  17.301	  24.149
102	 -73.779	7	  11.891	  -3.348	  37.319
103	 -72.544	7	  30.703	   0.367	  44.884
104	 -71.918	7	   7.802	   1.379	  29.322
105	 -71.464	7	  41.249	  26.505	  66.515
106	 -69.972	7	  31.890	  56.350	   0.893
107	 -69.825	7	  33.277	  26.131	  71.585
108	 -69.192	7	  13.721	  30.277	  60.061
109	 -68.914	7	  50.733	  38.793	  46.044
110	 -64.570	7	   7.582	  34.520	  22.902
111	 -63.406	6	   7.811	  44.477	  24.364
112	 -62.330	6	  28.627	  68.806	  14.979
113	 -61.861	6	  19.844	   6.988	  62.683
114	 -60.905	5	  33.780	  10.591	  62.823
115	 -59.225	6	  25.832	   0.343	  54.539
116	 -56.788	6	  38.134	  16.668	  70.381
117	 -56.617	5	   1.927	   8.598	  35.405
118	 -56.570	4	  21.910	  16.271	  58.375
119	 -55.092	5	   5.801	  20.317	  58.036
120	 -51.088	5	   0.506	  19.289	  51.058
121	 -49.244	5	  17.893	  67.080	  12.634
122	 -47.587	5	  24.160	  63.763	  44.599
123	 -45.719	5	  30.520	  -3.090	  36.631
124	 -43.023	4	  39.589	  60.449	  40.307
125	 -41.597	4	  27.256	  26.728	   5.399
126	 -40.243	4	  13.509	  41.484	  60.040
127	 -38.010	4	  36.754	  19.503	  26.766
128	 -31.297	3	  27.991	  32.788	  68.321
129	 -30.429	3	  15.316	   1.574	  56.107
130	 -29.348	3	   7.070	  45.946	  49.611
131	 -29.027	3	   1.990	  32.829	  59.364
132	 -28.952	3	  45.901	  53.185	  34.352
133	 -28.755	3	  24.657	  25.503	  14.377
134	 -28.116	3	  38.999	  58.503	  32.036
135	 -27.898	3	  38.309	  36.511	  63.371
136	 -24.129	2	  10.316	  58.503	  38.480
137	 -20.342	2	  28.789	  64.503	   6.563
138	 -19.996	2	  53.808	  47.503	  31.036
139	 -11.905	1	  19.316	  13.503	  51.036
140	 -10.268	1	  29.316	  73.503	  35.036
141	 -10.038	1	  31.316	  23.503	  39.036
142	 -10.007	1	  26.316	  34.503	  -4.964
143	  -9.864	1	   6.316	  24.503	  25.036
144	  -8.943	1	  20.316	  42.503	  -6.964
145	  -8.927	1	  46.316	  55.503	  11.036
