1	-1768.258	151	  26.172	  29.736	  40.555
2	-1474.604	129	  12.836	  26.905	  49.722
3	-1451.367	117	  26.770	  23.481	  48.325
4	-1160.424	89	  20.270	  43.110	  35.615
5	-1155.514	97	  29.189	  47.970	  24.890
6	-789.829	73	  37.076	  48.049	  32.062
7	-704.159	56	  25.528	  32.198	  52.020
8	-692.674	43	  38.490	  26.679	  45.167
9	-672.092	64	  15.958	  28.262	  25.748
10	-598.070	56	  12.147	  14.195	  56.595
11	-585.983	53	  37.334	  58.332	  10.687
12	-574.031	55	  28.393	  18.336	  26.876
13	-560.905	49	  16.458	   7.459	  30.029
14	-535.081	46	  27.903	  40.860	  36.797
15	-523.202	47	  10.233	  49.733	  11.398
16	-501.424	44	  19.446	  39.185	   2.148
17	-499.468	44	  39.218	  45.779	  17.373
18	-494.294	34	  31.935	  31.895	  56.571
19	-481.706	43	  17.385	  60.293	  19.906
20	-465.367	43	  32.747	   7.523	  51.961
21	-465.196	42	  38.223	  38.950	  30.765
22	-458.303	38	  41.995	  25.229	  33.230
23	-448.681	41	  44.580	  28.546	  52.712
24	-439.858	40	  31.331	   3.263	  38.836
25	-421.156	35	  23.969	  49.739	  46.890
26	-375.926	30	  23.835	  69.450	  30.294
27	-350.472	31	  29.668	  48.508	  -1.524
28	-339.085	31	  13.914	  50.936	  23.630
29	-338.893	33	  15.393	  32.466	  16.788
30	-332.790	28	  20.232	  30.540	  59.858
31	-331.577	32	  28.036	  30.823	  25.341
32	-330.984	32	  14.414	  34.557	  37.933
33	-326.799	31	  23.605	  -0.818	  31.642
34	-311.175	26	  46.476	  21.152	  42.784
35	-292.566	26	  20.126	  28.638	  34.295
36	-280.931	22	  31.578	  11.792	  29.376
37	-277.688	18	  29.530	  59.178	  18.946
38	-277.441	27	  19.105	  58.577	   4.076
39	-273.788	26	  11.846	  44.862	   0.984
40	-265.971	26	  36.702	  67.319	  34.984
41	-261.655	24	   3.163	  13.354	  51.201
42	-261.069	24	   7.465	   5.509	  41.128
43	-254.833	22	  38.454	  34.434	  56.000
44	-252.406	22	  23.468	  41.430	  59.780
45	-248.864	24	  38.824	  59.331	  20.144
46	-247.187	24	  22.148	  -2.213	  44.066
47	-240.519	21	  40.506	  46.738	   8.108
48	-239.736	21	  43.759	  39.446	  48.604
49	-239.376	23	  35.740	  50.764	  48.072
50	-238.950	21	  34.097	  40.839	  55.744
51	-235.783	23	   8.416	  25.909	  39.196
52	-235.105	22	  35.832	  11.534	  44.088
53	-232.966	21	  42.257	  50.919	  43.915
54	-231.686	20	  10.366	  47.250	  35.632
55	-229.930	14	  32.123	  52.612	  38.106
56	-226.134	14	  30.491	  33.614	  45.265
57	-225.758	20	  19.694	  18.795	  60.696
58	-225.448	20	  24.787	  25.075	  66.042
59	-222.282	21	  20.050	  16.999	  25.453
60	-218.561	20	  14.805	  34.846	   6.865
61	-209.614	20	  42.797	  11.996	  48.858
62	-200.675	19	  30.530	  68.749	  23.407
63	-199.743	17	  21.210	  31.048	  10.261
64	-196.861	17	  22.509	   8.889	  26.027
65	-196.616	17	  40.100	  53.498	   3.312
66	-189.760	19	  13.858	  60.021	  12.520
67	-185.014	18	  10.620	  55.659	  28.251
68	-184.698	18	   8.160	   8.640	  27.319
69	-183.621	17	  38.806	  60.348	  30.065
70	-180.117	17	   8.738	  40.053	  14.553
71	-178.026	17	  25.155	  13.646	  66.007
72	-168.948	16	  12.654	  54.614	   2.879
73	-166.938	16	  14.372	  35.489	  30.073
74	-166.681	15	   5.752	  18.162	  44.457
75	-160.142	15	  39.445	  28.459	  26.717
76	-142.080	13	  24.600	  39.047	  29.089
77	-132.792	13	   1.064	  14.838	  31.761
78	-129.972	13	   9.524	  18.133	  23.918
79	-128.019	12	  38.265	  35.748	  11.892
80	-119.914	12	  36.225	  33.824	  -2.378
81	-118.180	11	  50.377	  45.471	  37.313
82	-115.992	10	  17.437	  54.671	  42.651
83	-114.668	9	  20.681	  50.193	  34.739
84	-112.356	11	  39.743	  13.779	  36.319
85	-107.386	10	  46.481	  20.449	  61.279
86	-105.751	10	   7.690	   5.219	  48.999
87	-105.345	10	   7.765	  42.894	  45.910
88	-104.487	10	  13.622	  66.693	  33.997
89	-101.036	10	  17.127	  64.095	  40.321
90	 -98.313	10	  55.233	  35.231	  37.967
91	 -98.272	10	  32.795	  57.626	  46.383
92	 -93.112	9	  13.042	  -3.635	  37.468
93	 -92.248	9	  50.121	  30.480	  33.697
94	 -90.822	9	  33.717	  42.533	  -2.908
95	 -90.083	9	  41.851	  18.873	  69.018
96	 -88.496	9	  44.264	  12.899	  63.063
97	 -84.004	8	   8.908	  33.687	  46.205
98	 -81.183	8	  20.970	   6.635	  62.166
99	 -80.314	8	   6.822	  20.648	  57.420
100	 -79.846	8	  27.146	   0.283	  54.197
101	 -79.633	8	  51.359	  38.726	  45.572
102	 -79.057	8	  34.398	  26.257	  70.807
103	 -76.509	8	  42.104	  26.860	  65.852
104	 -75.719	8	  57.216	  37.900	  25.689
105	 -74.891	7	  32.383	  55.717	   0.858
106	 -70.958	7	  32.798	  39.325	  20.641
107	 -70.215	7	   3.210	   7.351	  35.258
108	 -61.313	6	   8.606	  43.777	  23.884
109	 -60.493	6	   9.277	   1.139	  28.875
110	 -60.067	6	   2.294	  11.984	  43.240
111	 -58.042	6	  28.309	  68.139	  13.716
112	 -50.996	5	  40.539	  59.693	  40.472
113	 -49.129	5	  25.939	  31.926	   0.758
114	 -48.901	5	  14.538	  49.551	  51.662
115	 -48.333	5	  20.925	  40.353	  -6.110
116	 -46.752	5	  45.909	  55.737	  11.101
117	 -45.862	5	  36.962	  19.139	  26.311
118	 -42.570	4	  28.336	  25.688	   6.428
119	 -41.921	4	  14.248	  41.102	  59.192
120	 -38.856	4	  53.957	  46.884	  30.231
121	 -38.320	4	  19.650	  49.846	  -5.562
122	 -37.128	4	   8.389	  34.112	  22.688
123	 -30.772	3	   2.199	  34.227	  58.106
124	 -30.134	3	  34.422	   8.524	  61.691
125	 -30.118	3	  28.818	  63.538	   5.171
126	 -28.837	3	  24.407	  61.718	  44.714
127	 -28.655	3	  18.118	  66.139	  11.705
128	 -22.127	2	  11.118	  58.139	  38.095
129	 -19.940	2	  16.118	   2.652	  56.691
130	 -19.736	2	  27.587	  21.139	  72.160
131	 -19.585	2	  29.609	  32.648	  68.691
132	 -15.857	1	  20.118	  14.139	  50.691
133	  -9.781	1	  32.118	  27.139	  14.691
134	  -8.934	1	  51.118	  25.139	  47.691
