1	-771.022	62	  10.111	   8.244	  26.095
2	-767.036	67	  -6.888	  26.998	  12.842
3	-755.061	62	   4.011	  -1.666	  14.962
4	-653.127	59	  -4.679	  30.650	   4.547
5	-513.210	46	   0.250	  33.214	  20.190
6	-444.825	42	 -15.870	  13.501	  22.431
7	-440.316	43	  11.380	  37.494	  11.254
8	-437.300	40	   7.705	  18.114	  42.801
9	-359.187	29	  -0.866	  15.603	   2.247
10	-343.146	32	  -5.129	   4.430	  19.837
11	-323.159	31	  14.896	  11.925	  34.957
12	-319.646	30	   8.781	  33.271	   3.269
13	-319.402	26	 -13.530	   8.906	  43.649
14	-301.251	29	  21.103	  13.389	  16.311
15	-275.351	25	   1.906	   4.889	   3.957
16	-274.616	25	   6.145	  21.749	   1.020
17	-253.913	23	  -4.399	  28.248	  27.203
18	-249.459	23	 -13.897	  23.248	  15.836
19	-231.123	22	 -11.190	  24.992	  26.023
20	-222.153	22	 -16.862	   8.255	  35.655
21	-216.609	20	  20.522	  24.972	  25.814
22	-210.263	20	 -13.922	   0.385	  47.880
23	-202.667	19	   2.196	   4.567	  46.785
24	-201.913	19	  -8.566	   6.864	  50.535
25	-193.061	18	  18.285	  18.518	  30.908
26	-192.577	18	   3.905	  18.065	  48.586
27	-190.257	17	  -0.076	   0.659	  34.772
28	-181.321	17	  -9.082	   6.217	   6.512
29	-178.120	16	  -3.798	  24.304	  37.386
30	-175.769	17	 -13.027	   9.298	   0.840
31	-168.758	17	  20.276	   4.999	  10.732
32	-168.755	17	  11.536	  34.361	  25.826
33	-156.935	15	  23.835	  15.027	  23.630
34	-151.599	14	   9.818	  23.740	  35.980
35	-148.730	13	 -14.357	  21.723	   6.095
36	-123.093	12	  -7.622	  -1.408	  40.717
37	-121.890	11	  -1.665	   1.233	   9.677
38	-115.067	11	  15.828	  -5.993	  13.745
39	-114.687	11	 -13.434	  16.948	  41.619
40	-111.016	11	  -8.147	  19.381	  49.081
41	-109.407	11	   6.333	  -1.348	  27.755
42	-103.160	9	  14.886	  -0.180	  21.560
43	 -98.132	7	   6.301	   8.291	  36.829
44	 -97.693	10	   0.010	  19.967	  54.316
45	 -89.624	9	 -15.759	  13.483	   9.962
46	 -84.630	8	 -14.246	   5.665	  28.983
47	 -83.281	8	  21.457	  30.010	  17.118
48	 -72.681	7	  22.701	  21.921	  16.366
49	 -69.824	7	 -13.364	   1.267	  35.315
50	 -69.225	7	  10.742	   4.183	   4.661
51	 -66.843	7	   0.683	  24.907	  44.528
52	 -66.668	6	  15.883	  20.931	   2.707
53	 -59.036	6	 -13.786	  30.234	   6.946
54	 -54.435	5	  21.352	  28.359	   8.947
55	 -51.888	5	  10.999	   2.031	  41.294
56	 -49.738	5	  -0.786	   9.221	  51.719
57	 -49.200	5	  -9.609	  27.020	   0.352
58	 -47.407	5	 -11.581	   7.585	  16.408
59	 -43.994	4	  18.379	  15.697	   7.933
60	 -40.898	4	   6.563	  30.283	  35.352
61	 -39.526	4	  14.350	   8.071	  47.577
62	 -38.115	2	  -6.425	   7.790	  30.906
63	 -31.543	3	  16.763	  37.087	  19.386
64	 -29.866	3	 -10.344	  17.177	  -1.914
65	 -19.749	1	   0.575	  17.790	  10.352
66	 -19.554	2	  26.575	   6.304	  23.352
67	 -18.683	2	  17.639	  28.274	  -1.132
68	 -18.609	2	 -20.445	   4.280	  48.291
69	  -9.090	1	  -9.425	  38.790	   7.352
70	  -9.019	1	   4.575	  -2.210	   5.352
