1	-783.903	66	   4.761	  -2.326	   5.918
2	-643.897	54	  -4.776	   2.247	  14.969
3	-583.751	51	   6.429	  -5.415	  24.187
4	-517.624	47	 -11.370	   6.204	  31.537
5	-505.070	45	 -25.289	  -0.994	  31.891
6	-437.300	38	   3.978	 -11.894	  15.310
7	-345.851	31	 -25.638	   7.071	   5.472
8	-321.691	29	   0.001	  11.026	  25.613
9	-313.883	29	 -16.929	  -9.459	  37.077
10	-310.384	23	 -10.180	 -10.446	  -3.277
11	-305.570	24	  11.751	  -1.741	  13.728
12	-289.579	29	 -18.983	  -0.947	  -3.236
13	-277.015	25	 -12.783	 -19.005	  16.764
14	-276.892	26	 -24.322	 -12.153	  15.590
15	-251.422	25	 -10.297	  10.679	   7.287
16	-242.876	22	 -12.741	  18.252	  12.865
17	-240.441	24	 -27.248	  -4.593	  14.974
18	-236.221	23	  -1.400	   2.467	  36.358
19	-212.251	20	   3.474	 -12.435	   7.294
20	-211.075	20	  -2.255	  -9.659	  31.022
21	-172.244	16	 -18.308	   7.150	  34.275
22	-151.032	14	 -26.101	  12.708	  14.322
23	-150.897	14	   2.347	  -8.540	  -6.551
24	-142.491	13	 -25.357	  -1.912	   6.192
25	-136.986	13	  -6.625	  21.053	  21.067
26	-131.642	13	   8.673	  -8.198	   2.670
27	-126.922	12	  13.905	   1.469	  23.799
28	-120.848	12	  -5.495	 -18.648	   4.746
29	-115.066	11	   1.392	   1.134	  -4.914
30	-114.343	11	  -4.594	  -4.443	  -7.576
31	-105.415	10	 -23.614	   9.596	  27.694
32	-101.310	10	  -5.875	 -19.984	  19.036
33	 -98.841	9	 -20.541	 -13.937	   1.792
34	 -89.764	9	 -17.134	 -14.674	  26.015
35	 -87.944	9	  -6.359	  -5.187	  38.272
36	 -83.869	7	  -2.827	 -13.067	  23.405
37	 -79.534	8	 -27.990	   3.943	  18.753
38	 -72.711	7	  -7.690	 -15.796	  33.294
39	 -70.520	7	   5.478	   5.580	  12.888
40	 -69.380	7	 -14.010	   9.701	  -1.848
41	 -67.901	7	   7.739	   4.291	  28.984
42	 -67.119	7	  -7.683	   3.610	  -6.388
43	 -62.500	6	   6.777	   7.460	  20.719
44	 -58.427	6	  13.968	 -10.061	  17.437
45	 -39.142	4	  -0.755	  17.090	  16.280
46	 -34.176	2	 -18.723	  10.823	  11.542
47	 -30.813	3	  -0.361	   3.946	   2.316
48	 -30.231	3	 -12.037	 -17.324	  -0.973
49	 -30.061	3	  -3.413	 -14.692	  -2.639
50	 -21.319	2	 -16.723	   0.758	  41.027
51	 -20.263	2	 -17.169	  17.754	  23.581
52	 -18.751	2	  -8.199	  15.784	  30.027
53	 -18.142	2	 -19.215	 -21.200	   7.535
