1	-1364.541	122	  26.372	  30.462	  67.825
2	-1109.859	82	   9.164	  56.918	  75.808
3	-1092.929	98	  22.713	  27.561	 109.397
4	-1035.084	78	  29.240	  58.131	 106.668
5	-876.810	80	  23.073	  51.346	 112.103
6	-753.753	67	  17.340	  53.561	  70.010
7	-745.033	62	   1.268	  40.036	 115.036
8	-725.646	68	  46.137	  41.467	 116.932
9	-686.075	56	  41.772	  51.690	  65.428
10	-661.287	61	  18.085	  27.738	  81.649
11	-633.095	56	  18.756	  50.760	  60.695
12	-611.511	46	  22.541	  41.036	  90.005
13	-606.579	53	  26.004	  63.108	  78.713
14	-597.178	55	  31.027	  28.627	  96.307
15	-591.973	55	   2.635	  41.593	 103.802
16	-561.954	50	  11.179	  57.900	 104.692
17	-521.579	48	  42.032	  43.442	  94.531
18	-466.818	41	  20.655	  66.906	 101.794
19	-460.238	43	  41.638	  50.713	  75.289
20	-459.894	39	  22.245	  46.225	 121.038
21	-457.527	42	  22.296	  19.927	 112.603
22	-452.518	38	  32.155	  56.001	  84.984
23	-422.013	35	   8.236	  50.977	  97.031
24	-421.883	38	   3.611	  25.350	  63.848
25	-418.811	37	  23.480	  61.071	  87.593
26	-417.485	39	  46.070	  29.382	 114.306
27	-416.534	38	  -1.170	  37.687	  63.885
28	-414.438	41	  18.497	  36.408	 131.354
29	-414.379	38	  46.727	  41.248	  70.090
30	-405.010	37	  13.957	  58.809	  95.006
31	-404.719	38	  37.140	  51.143	  86.240
32	-399.815	35	   4.313	  34.400	  85.662
33	-399.758	39	  -1.776	  40.084	  80.949
34	-383.780	37	  41.127	  32.847	 126.672
35	-382.005	36	  30.276	  40.433	 130.514
36	-370.161	34	  24.905	  14.984	 120.298
37	-366.213	30	  14.808	  23.120	 108.293
38	-360.565	34	  36.561	  33.769	  91.512
39	-354.923	33	  12.865	  41.859	  48.957
40	-350.382	32	  35.097	  29.939	  80.450
41	-349.107	35	   8.967	  20.823	 117.936
42	-346.765	33	  -0.739	  24.426	  72.687
43	-340.525	31	  13.964	  24.725	  98.185
44	-339.902	30	   8.812	  60.672	  87.748
45	-334.633	32	  24.685	  23.132	 103.601
46	-331.624	31	   4.689	  44.386	  93.858
47	-330.004	28	  33.447	  29.420	  50.223
48	-322.723	30	  29.090	  52.430	 119.047
49	-317.510	30	   6.418	  32.248	  52.162
50	-305.024	29	  35.748	  59.486	  61.813
51	-302.923	29	   1.943	  23.638	 105.063
52	-296.500	28	  26.386	  26.066	  74.137
53	-295.624	25	  27.479	  62.562	  94.014
54	-295.289	27	  26.825	  41.908	  47.884
55	-290.880	28	  34.289	  62.578	 115.187
56	-283.155	27	  38.930	  41.934	  51.473
57	-281.957	23	  36.264	  29.529	  69.323
58	-281.286	26	   1.734	  44.764	  63.823
59	-276.135	26	   3.122	  49.280	 118.299
60	-270.187	27	  41.608	  32.637	  60.297
61	-269.399	26	  47.641	  46.301	 101.406
62	-265.688	24	  10.660	  53.514	  63.070
63	-257.928	23	  39.028	  48.801	 117.898
64	-255.481	24	  38.731	  43.367	  83.163
65	-240.663	22	  44.249	  62.002	 109.730
66	-230.278	22	  10.631	  59.757	 119.704
67	-228.511	22	  49.303	  30.361	 101.279
68	-223.676	22	   7.948	  31.144	 129.070
69	-222.127	21	  29.500	  50.610	  51.521
70	-221.911	21	   7.217	  36.785	  95.874
71	-219.435	19	   5.060	  47.172	  57.761
72	-210.867	15	  15.709	  44.983	  92.146
73	-199.471	20	  -0.117	  49.274	  82.949
74	-199.301	20	  26.131	  67.427	  63.537
75	-197.215	19	  29.165	  20.842	  56.504
76	-186.255	18	  11.773	  28.784	  86.866
77	-184.353	17	   0.164	  31.543	  60.289
78	-183.582	11	  14.373	  47.539	  80.034
79	-178.475	17	  11.657	  48.473	 126.647
80	-175.498	17	  26.276	  24.183	 132.833
81	-172.963	13	  26.508	  47.803	  88.625
82	-172.012	16	   0.751	  58.853	  66.935
83	-168.047	16	  27.371	  57.717	  54.999
84	-164.500	15	   1.207	  52.637	 109.386
85	-163.956	16	  20.905	  16.784	 126.651
86	-158.453	15	  14.018	  19.425	  62.860
87	-152.770	14	  23.155	  30.813	  44.909
88	-149.465	15	  31.543	  13.085	 123.204
89	-141.661	14	  -1.830	  41.828	  55.204
90	-136.896	11	  16.090	  22.352	 128.413
91	-135.224	13	  32.005	  67.651	  99.018
92	-135.107	7	  27.965	  48.416	 101.248
93	-130.692	9	  19.689	  52.772	  90.420
94	-130.111	13	  21.782	  17.034	  51.663
95	-129.517	13	  -3.261	  61.563	  82.657
96	-125.658	12	  13.131	  18.625	  70.521
97	-121.623	12	  38.654	  61.921	  72.350
98	-118.047	8	  25.352	  36.380	 113.936
99	-115.581	11	  38.817	  20.216	 114.060
100	-114.542	12	  -6.597	  53.819	  73.794
101	-114.236	10	  40.725	  53.470	 102.076
102	-113.390	10	  51.500	  32.476	 108.392
103	-112.298	11	   2.614	  33.592	 101.766
104	-110.729	11	  40.276	  21.544	 104.768
105	-110.112	11	  11.601	  69.119	  77.524
106	-108.611	8	  20.595	  38.606	  65.206
107	-102.109	10	  46.125	  45.595	 124.089
108	 -98.458	9	  16.169	  66.923	 112.382
109	 -93.028	9	  36.245	  63.367	  94.014
110	 -91.770	9	  15.731	  31.618	  46.473
111	 -88.065	9	  15.473	  63.872	  68.776
112	 -87.512	8	  44.031	  30.181	  94.422
113	 -86.497	8	  18.674	  70.658	  71.931
114	 -85.600	8	  46.069	  33.252	  76.027
115	 -80.139	8	  41.215	  67.660	 101.433
116	 -78.620	8	  39.913	  57.422	  95.760
117	 -78.065	8	  -0.921	  33.161	 118.255
118	 -75.166	6	  28.691	  42.358	 115.824
119	 -74.555	8	   7.893	  63.442	  70.411
120	 -68.868	7	  32.792	  23.210	  63.296
121	 -68.196	7	  21.456	  60.930	 114.407
122	 -67.209	7	  -5.157	  66.860	  74.564
123	 -66.356	7	  -5.840	  30.857	  80.895
124	 -60.093	6	  37.824	  43.546	 129.012
125	 -59.586	6	  -7.499	  35.311	  69.385
126	 -59.190	6	  45.144	  44.285	  59.385
127	 -58.825	6	   0.717	  57.217	  88.556
128	 -57.537	6	  24.517	  67.191	 110.665
129	 -56.582	5	  15.333	  67.405	  84.232
130	 -56.484	6	  20.151	  24.975	  91.059
131	 -51.696	5	  35.738	  24.898	 129.229
132	 -51.476	5	   6.018	  24.093	  83.422
133	 -49.850	5	  32.160	  31.068	 132.830
134	 -40.332	4	  55.090	  40.887	 110.084
135	 -38.992	4	  36.631	  72.318	 109.533
136	 -29.106	3	  -2.158	  27.009	 114.035
137	 -28.389	3	  29.149	  23.329	  45.024
138	 -27.976	3	   2.824	  36.982	 124.032
139	 -23.658	2	  -3.268	  30.318	 107.035
140	 -19.445	2	  24.591	  26.318	  84.989
141	 -18.836	2	   8.641	  52.837	  53.554
142	 -18.778	2	  42.160	  21.826	 124.543
143	 -18.135	2	  32.652	  14.318	 109.035
144	 -18.113	2	   5.160	  19.318	  72.530
145	 -18.002	1	  10.160	  40.318	  65.035
146	  -9.118	1	   8.160	  19.318	 127.035
147	  -8.907	1	  31.160	  51.318	 128.035
