1	-1305.904	111	  43.350	  35.739	  54.884
2	-1225.901	94	  20.641	   7.647	  94.474
3	-1019.685	87	  22.081	  -7.204	  94.113
4	-987.279	89	  42.759	   6.988	  86.259
5	-963.886	86	  22.932	  26.296	  68.482
6	-923.667	84	  20.348	  -4.808	  76.991
7	-819.583	74	  20.139	  11.181	  80.101
8	-782.559	53	  43.873	  36.487	  73.017
9	-731.021	64	  28.660	   5.936	  80.387
10	-723.902	60	  29.340	  40.334	  67.510
11	-718.590	65	  37.199	  21.014	  66.755
12	-715.465	64	  13.360	   9.820	  89.388
13	-712.324	66	  46.725	  29.300	  71.916
14	-684.896	59	  35.334	   4.739	 101.092
15	-644.298	59	  45.661	  16.414	  55.183
16	-642.890	57	  25.002	  11.921	 101.370
17	-603.311	54	  46.273	  18.325	  71.759
18	-584.508	55	   7.017	  -0.051	 119.554
19	-560.713	44	  58.191	  43.050	  58.868
20	-546.539	51	  17.649	 -12.865	  81.717
21	-543.675	44	   7.153	  -5.807	 101.043
22	-519.116	49	  57.364	  61.105	  65.626
23	-499.116	46	  48.523	  24.348	  48.734
24	-486.352	42	  54.156	  31.086	  75.076
25	-452.769	41	  29.177	  28.950	  45.209
26	-443.646	42	  36.986	 -17.367	  86.867
27	-405.774	38	  39.298	  43.808	  76.551
28	-392.668	35	  46.118	  22.336	  57.555
29	-385.489	35	  49.008	  45.395	  83.178
30	-373.422	35	  47.683	  -1.684	  97.852
31	-372.942	35	  17.534	  38.704	  61.875
32	-367.515	32	  40.971	   4.718	  72.824
33	-365.830	26	  32.811	  14.938	  75.236
34	-361.427	33	  24.321	  23.367	  85.578
35	-352.946	32	  24.425	 -20.132	  83.684
36	-340.296	33	  50.006	  34.903	  83.223
37	-332.513	30	  14.734	  20.216	  95.870
38	-326.070	29	  14.476	  18.799	 105.895
39	-321.783	29	  41.142	  26.746	  41.691
40	-313.579	29	  62.855	  41.989	  69.384
41	-311.576	27	  19.502	  46.037	  51.915
42	-310.554	23	  28.827	   8.486	 115.216
43	-289.464	27	  29.974	  29.180	  80.429
44	-287.129	26	  35.098	   5.126	  63.657
45	-286.641	22	  28.094	  27.093	  60.598
46	-285.625	28	  43.096	  57.520	  80.185
47	-284.393	26	  39.963	  26.716	  58.317
48	-280.784	25	  26.888	  13.244	  64.949
49	-276.002	27	  57.163	  29.870	  67.159
50	-273.973	25	  40.897	  39.559	  38.474
51	-272.780	26	  18.506	 -12.663	 105.407
52	-268.099	26	  23.610	   1.126	  63.924
53	-268.078	26	  41.097	  61.535	  63.790
54	-262.731	24	  51.838	  58.824	  75.968
55	-259.262	25	  55.991	  45.912	  50.577
56	-255.020	23	  41.215	  23.566	  85.846
57	-251.289	25	  25.405	  -8.279	  71.260
58	-249.649	24	  44.237	  11.600	  95.211
59	-246.613	22	  13.584	   4.201	 125.049
60	-241.481	23	  51.083	  65.380	  69.046
61	-239.986	23	  34.042	  12.720	  95.283
62	-239.418	23	  21.116	  14.733	 117.923
63	-238.252	22	  23.319	  35.092	  76.045
64	-234.314	23	   8.729	  15.407	  93.774
65	-231.858	22	  18.412	  17.311	  62.584
66	-229.173	21	  32.188	  51.046	  65.506
67	-228.523	18	  34.296	  -9.258	 106.706
68	-226.136	22	  49.776	  33.375	  43.000
69	-221.562	19	  26.421	  -3.461	  84.855
70	-218.218	19	   2.017	   4.260	 101.294
71	-213.173	16	  45.458	 -11.396	 104.533
72	-212.260	18	  34.216	  55.985	  75.013
73	-212.051	21	  36.676	 -12.501	  78.218
74	-211.727	20	  45.458	  32.734	  65.652
75	-204.062	20	  11.844	  20.439	  85.535
76	-201.736	19	  24.434	 -24.242	  95.844
77	-200.597	17	  31.386	  48.584	  53.164
78	-199.321	20	   7.044	   4.373	  91.806
79	-198.403	20	  29.594	  20.566	  48.601
80	-189.179	17	  23.162	  47.693	  62.425
81	-188.599	18	  49.855	   7.831	  60.897
82	-186.409	18	  49.842	   1.526	  75.415
83	-186.392	18	  26.640	   1.154	 119.194
84	-185.412	18	  12.226	  -2.119	  88.369
85	-183.538	17	  36.992	  -1.889	  81.926
86	-182.276	17	  33.524	  22.973	  84.129
87	-180.701	17	  21.410	  -3.644	 119.799
88	-170.522	11	  38.043	  -0.344	  89.842
89	-168.946	16	  39.503	  63.882	  70.600
90	-168.205	16	  32.075	   9.842	 106.934
91	-165.676	15	  38.353	  52.287	  55.722
92	-164.561	16	   0.783	  11.043	 111.658
93	-160.641	14	  42.028	  -1.827	 107.466
94	-159.069	16	  19.631	  33.289	  55.503
95	-154.832	15	  11.958	  10.648	 118.777
96	-152.017	15	  14.340	 -17.487	  90.418
97	-151.636	12	  34.941	  17.379	  88.274
98	-147.195	14	  71.316	  53.917	  56.941
99	-141.832	14	  40.342	  10.492	  54.046
100	-136.051	12	  57.524	  14.969	  64.315
101	-134.339	13	  54.134	  24.154	  82.002
102	-133.916	13	  -6.592	  -8.367	 111.927
103	-132.514	12	   8.469	   3.696	  73.604
104	-128.598	12	   8.981	 -13.296	 103.489
105	-127.452	12	  62.039	  60.988	  54.477
106	-126.580	13	  38.488	  35.325	  81.290
107	-126.232	11	  32.600	  46.650	  71.659
108	-123.469	11	  32.642	   2.264	 109.057
109	-121.029	12	   1.501	 -13.207	 117.009
110	-117.124	11	  32.112	  34.826	  74.992
111	-115.724	12	  31.010	 -26.201	  94.073
112	-115.298	11	  45.728	  -7.020	  91.485
113	-114.841	11	  22.901	 -11.447	  88.126
114	-111.994	11	  47.446	  47.844	  51.113
115	-109.615	11	  13.377	  -9.988	 120.196
116	-109.115	11	   6.355	  11.203	  77.970
117	-102.669	10	  -1.871	   2.810	 115.000
118	-102.581	10	  52.605	  63.973	  57.420
119	-101.304	10	  50.996	  57.085	  51.148
120	 -95.922	10	  13.247	  27.711	  78.541
121	 -87.656	9	   9.807	  10.009	  65.317
122	 -84.063	8	  26.049	  17.677	  97.403
123	 -83.251	8	  59.400	  18.324	  71.988
124	 -83.042	8	   7.153	  17.216	 112.617
125	 -76.573	8	  41.347	 -22.903	  94.252
126	 -69.542	7	  19.449	   1.455	  81.376
127	 -69.222	7	  64.239	  58.083	  68.626
128	 -67.611	7	  21.113	   5.498	 125.050
129	 -67.085	7	  13.607	   3.311	  66.640
130	 -66.656	7	  53.728	  19.055	  88.125
131	 -61.282	6	  64.762	  49.745	  77.393
132	 -60.697	6	  20.058	   9.365	  62.124
133	 -59.907	5	  26.045	 -10.095	 109.677
134	 -58.140	6	  56.706	   5.936	  69.713
135	 -58.123	6	  68.507	  48.381	  52.201
136	 -55.526	6	  58.058	  51.018	  82.214
137	 -41.857	4	  51.224	  27.996	  59.289
138	 -39.087	4	  67.036	  43.867	  60.061
139	 -38.712	4	  44.938	   7.707	 103.286
140	 -38.436	4	  42.984	  48.914	  40.743
141	 -38.294	4	  24.738	   4.216	  86.774
142	 -37.944	4	  33.432	  47.440	  39.792
143	 -37.614	4	  52.962	  23.969	  42.052
144	 -37.324	4	  60.697	  56.224	  48.299
145	 -37.191	4	  25.197	  45.964	  42.056
146	 -35.389	3	  32.703	 -14.359	  94.305
147	 -30.802	3	  37.323	  -1.467	  68.045
148	 -30.698	3	  10.663	 -16.122	 113.343
149	 -28.976	3	  38.751	 -15.278	 107.138
150	 -28.807	3	  26.962	  33.845	  38.453
151	 -28.628	3	  13.142	 -19.549	  81.357
152	 -28.609	3	  -3.926	 -11.847	 105.733
153	 -28.390	3	  21.703	 -24.129	 104.020
154	 -28.063	3	  10.701	  20.225	  68.982
155	 -21.008	2	  32.703	  36.216	  48.600
156	 -20.411	2	  16.703	  -3.243	 128.045
157	 -19.332	2	  67.703	  63.216	  62.513
158	 -19.236	2	  52.194	  11.180	  85.518
159	 -18.510	2	  47.207	 -16.280	  99.054
160	 -12.870	1	  57.703	  53.216	  56.045
161	 -12.776	1	  29.703	   9.216	  58.045
162	 -10.600	1	  51.703	  35.216	  57.045
163	 -10.598	1	  29.703	 -17.784	  73.045
164	 -10.416	1	  31.703	  14.216	  52.045
165	 -10.088	1	  19.703	  43.216	  71.045
166	  -9.814	1	  -0.297	  -6.784	 100.045
167	  -9.702	1	  55.703	  10.216	  78.045
168	  -9.429	1	  34.703	  -8.784	  72.045
169	  -9.207	1	  36.703	  16.216	  42.045
170	  -9.062	1	  29.703	  39.216	  58.045
