1	-1692.665	149	  19.251	  12.496	  13.429
2	-1147.898	101	  42.568	 -11.684	  50.509
3	-930.591	76	  56.428	 -15.026	  52.570
4	-840.935	68	  21.205	   4.553	  28.726
5	-811.181	69	  15.992	   6.646	  23.433
6	-768.773	70	  19.860	 -21.071	  33.918
7	-660.572	64	   8.839	   5.610	  36.651
8	-645.086	59	  36.274	  -4.384	  25.829
9	-599.594	56	  25.408	  20.652	  34.036
10	-592.234	54	  27.933	  31.740	  14.155
11	-525.663	45	  57.405	  -8.151	  29.741
12	-525.118	44	  20.530	 -20.266	  15.397
13	-513.528	48	  25.324	  13.068	   5.811
14	-496.455	43	  35.687	 -25.429	  66.570
15	-491.546	34	  22.877	 -13.339	  38.953
16	-472.122	44	   9.895	 -11.198	  13.962
17	-462.386	43	  55.698	  -8.579	  56.770
18	-449.468	40	  48.763	 -10.279	  77.297
19	-446.458	43	  63.072	 -24.696	  29.410
20	-445.815	38	  18.098	   3.951	   1.423
21	-427.106	39	  49.008	  -9.381	  46.410
22	-411.237	38	  18.521	   3.655	  35.652
23	-409.278	39	   8.261	  -0.629	  14.046
24	-402.332	39	  59.984	 -33.006	  48.093
25	-395.322	34	  33.660	 -24.936	  31.522
26	-395.270	37	  22.104	 -10.730	   2.538
27	-377.480	35	  10.133	  29.267	  35.295
28	-376.801	37	  47.274	 -29.589	  51.054
29	-362.635	34	  40.136	   5.892	  66.430
30	-357.666	33	  37.692	  -3.643	  49.234
31	-352.902	33	  62.507	 -26.228	  67.551
32	-349.086	29	  36.137	  -3.175	  39.192
33	-347.996	32	  39.736	 -21.012	  76.105
34	-343.172	29	  53.613	 -31.436	  37.039
35	-334.422	30	  45.257	  -7.868	  28.225
36	-329.242	31	  69.002	 -28.308	  38.626
37	-308.439	28	  31.685	  10.593	  12.904
38	-297.445	25	  30.051	 -21.626	  21.076
39	-288.019	26	  34.892	 -12.828	  20.708
40	-287.526	26	  65.730	 -28.957	  58.730
41	-284.461	27	  63.826	 -13.838	  24.966
42	-279.452	24	  44.500	 -28.145	  65.569
43	-276.123	19	  51.581	 -24.074	  54.781
44	-257.476	22	   8.881	  24.727	  20.131
45	-256.467	23	   8.587	  20.316	  39.404
46	-247.803	23	  69.651	 -13.817	  46.673
47	-244.013	23	  22.368	  13.398	  32.322
48	-239.859	23	  27.926	 -13.902	  70.697
49	-236.050	22	   3.435	 -17.050	  27.802
50	-230.471	21	  53.874	 -31.675	  60.967
51	-229.660	22	  65.031	 -14.158	  75.638
52	-221.116	21	  18.959	 -24.635	  24.934
53	-220.839	12	  44.290	 -22.533	  47.189
54	-218.529	21	  34.246	 -26.159	  52.673
55	-216.011	20	  70.270	 -16.740	  54.514
56	-212.472	20	  14.451	  34.026	  16.071
57	-210.213	21	  29.984	  18.602	  21.758
58	-206.666	14	  26.513	   2.700	  21.381
59	-206.425	18	  38.568	 -28.256	  42.124
60	-203.114	20	  50.871	 -19.392	  26.408
61	-192.915	19	   2.349	  20.142	  31.783
62	-192.669	18	   6.882	  -8.492	  41.808
63	-189.868	19	   0.427	  -8.198	  35.735
64	-188.606	18	  53.452	  -0.946	  63.474
65	-186.122	18	  30.230	  -7.696	  10.684
66	-182.670	17	  33.896	  -4.160	  55.943
67	-176.108	16	  20.799	 -11.270	  45.787
68	-174.919	16	  31.807	  -0.707	   8.283
69	-166.211	16	  32.941	  17.837	  13.103
70	-163.399	16	  17.459	  24.333	  39.826
71	-155.726	15	  28.963	  -8.503	  60.524
72	-153.443	14	  63.286	  -8.136	  64.481
73	-153.091	14	  51.555	 -22.342	  75.436
74	-151.884	14	  72.575	 -12.115	  26.681
75	-151.658	14	  72.034	  -5.968	  45.267
76	-150.274	15	  13.732	  16.803	  12.667
77	-147.300	15	  40.585	  -9.691	  80.853
78	-140.748	12	  42.999	  -2.389	  35.228
79	-133.087	13	  27.173	  -3.556	  41.585
80	-132.681	13	  70.947	 -26.675	  51.617
81	-131.716	13	   4.601	   6.000	  23.022
82	-126.350	12	  19.544	  26.368	   7.806
83	-125.418	12	  33.419	   0.390	  63.669
84	-122.931	12	  73.095	 -18.985	  42.604
85	-120.327	12	   8.822	 -11.262	   0.739
86	-120.084	12	  22.384	  37.648	  25.490
87	-118.401	12	  61.981	  -0.912	  50.051
88	-117.599	12	  29.798	 -25.878	  46.377
89	-116.847	12	  26.032	 -20.909	  40.779
90	-112.515	11	  47.734	   4.507	  72.554
91	-112.156	11	  10.589	  32.647	  24.885
92	-111.039	11	  31.558	  29.373	  28.678
93	-110.670	11	  54.601	  -1.115	  41.189
94	-110.224	11	   8.889	 -24.523	  31.025
95	-109.709	11	   4.958	  -4.165	   2.472
96	-104.510	10	  45.759	 -27.993	  32.034
97	-101.301	10	  29.835	 -15.324	  10.849
98	-101.069	10	   7.755	  16.570	  20.438
99	-100.982	9	  48.445	   6.670	  59.197
100	 -98.633	10	  29.614	  -0.635	  -1.475
101	 -98.547	10	  26.260	 -18.683	  58.311
102	 -97.349	10	  20.556	 -14.903	   7.540
103	 -88.505	9	  35.585	  -4.804	  80.753
104	 -87.241	9	  69.670	 -15.129	  65.743
105	 -87.123	8	  55.803	  -7.336	  72.557
106	 -86.565	9	   1.205	  -3.329	  20.909
107	 -83.926	8	  32.629	   1.550	  35.249
108	 -81.441	8	  69.638	  -6.787	  56.674
109	 -80.987	8	  40.695	 -21.080	  28.538
110	 -80.126	8	  10.539	   9.361	  12.550
111	 -79.208	8	  26.521	 -18.075	  48.885
112	 -77.521	8	  27.677	  25.279	   6.171
113	 -76.929	8	  46.150	   1.613	  53.156
114	 -72.262	6	  25.470	  11.030	  17.991
115	 -67.582	7	  35.175	   8.045	  25.632
116	 -63.957	6	   5.267	 -17.386	  41.779
117	 -62.629	6	   3.380	  -7.968	  10.207
118	 -62.585	6	  36.620	  24.329	  12.421
119	 -61.984	6	  30.996	  -3.375	  73.694
120	 -61.198	6	  13.512	  -2.007	  41.313
121	 -60.622	6	  44.355	  -1.669	  43.167
122	 -60.572	6	  23.146	  31.376	  36.966
123	 -59.907	6	  65.519	   1.834	  36.582
124	 -57.363	6	   3.354	 -13.145	  21.030
125	 -56.988	6	  28.872	 -25.668	  59.012
126	 -55.515	6	   5.692	   2.492	   7.876
127	 -54.061	5	   0.649	  -0.888	  34.861
128	 -52.496	5	   9.263	 -19.657	  20.166
129	 -49.692	5	  20.425	  -5.196	  -4.666
130	 -49.069	5	  71.453	  -5.833	  30.215
131	 -45.218	4	  25.810	  -7.038	  51.632
132	 -40.917	4	  11.216	  -0.399	  -1.989
133	 -40.097	4	  68.046	   4.002	  46.773
134	 -36.908	4	  73.776	 -23.262	  31.791
135	 -31.909	2	  31.426	 -14.998	  37.527
136	 -30.372	3	  11.727	  26.394	  12.511
137	 -29.853	3	  52.336	  -1.685	  31.539
138	 -29.817	3	  38.351	   2.002	  76.180
139	 -29.689	3	  60.361	 -22.977	  77.196
140	 -29.587	3	  27.364	 -23.679	  11.208
141	 -29.528	3	  38.023	   7.728	  55.267
142	 -29.032	3	  71.334	 -24.998	  62.839
143	 -27.839	3	  30.686	 -10.636	  80.544
144	 -20.020	2	  40.522	 -26.998	  57.527
145	 -19.567	2	  38.522	   3.002	  15.526
146	 -19.404	2	  18.023	  14.523	  40.527
147	 -17.173	1	  25.023	 -15.998	  24.527
148	  -9.369	1	  13.023	  37.002	  31.527
149	  -9.082	1	  26.023	   8.002	  36.527
150	  -9.010	1	  25.023	   7.002	  -2.473
