1	-1123.722	108	 -22.047	  47.289	  54.161
2	-852.696	78	 -25.473	  50.219	  46.516
3	-811.890	75	  -1.310	  34.469	  61.161
4	-650.219	59	 -16.473	  50.432	  29.294
5	-485.053	45	 -15.966	  65.244	  39.836
6	-463.389	42	 -22.375	  64.820	  49.864
7	-452.256	40	 -16.168	  53.047	  66.448
8	-448.942	39	 -25.280	  46.588	  69.032
9	-315.345	20	  -8.335	  45.634	  55.117
10	-312.160	29	   7.714	  41.966	  48.829
11	-301.524	27	   5.858	  45.723	  55.856
12	-286.483	26	   7.319	  48.207	  37.016
13	-271.901	20	  -7.101	  43.160	  63.460
14	-259.813	24	  -4.983	  55.260	  72.107
15	-254.134	24	  -2.850	  66.451	  33.987
16	-235.981	21	  -8.892	  65.337	  65.454
17	-229.969	22	  -9.492	  34.103	  61.464
18	-227.284	22	 -13.595	  39.176	  47.251
19	-222.771	21	   2.006	  60.790	  65.215
20	-211.832	20	 -23.175	  56.905	  36.187
21	-196.169	18	 -28.534	  39.442	  57.064
22	-192.574	19	  -3.013	  41.514	  71.118
23	-190.959	18	  -7.772	  64.860	  44.796
24	-184.628	19	 -37.178	  45.629	  58.792
25	-182.537	17	 -10.709	  28.411	  50.033
26	-180.659	16	  -3.310	  25.105	  53.345
27	-180.424	17	  -4.831	  33.202	  40.499
28	-176.458	17	  -0.147	  64.605	  56.310
29	-172.220	16	   2.325	  30.573	  49.487
30	-169.300	16	  -0.239	  41.173	  34.963
31	-168.777	16	   3.490	  54.494	  70.160
32	-165.898	15	  -8.632	  66.080	  53.056
33	-159.462	16	 -11.393	  39.174	  36.888
34	-156.694	16	 -41.383	  53.258	  63.649
35	-154.002	14	  -5.543	  46.361	  31.771
36	-150.983	14	   8.734	  55.351	  52.697
37	-141.829	14	 -27.210	  64.922	  59.553
38	-134.625	13	   9.950	  53.621	  45.377
39	-131.323	12	 -39.368	  54.289	  47.422
40	-115.685	12	 -14.223	  38.803	  54.744
41	-109.696	11	 -32.812	  60.912	  65.023
42	 -98.087	10	 -31.499	  60.273	  40.907
43	 -93.531	9	 -32.471	  39.984	  66.272
44	 -93.072	8	   5.089	  34.061	  43.064
45	 -88.391	9	  -5.737	  57.471	  28.086
46	 -76.475	8	 -19.068	  41.938	  65.662
47	 -74.880	8	 -21.559	  43.037	  40.299
48	 -74.023	7	 -17.956	  61.966	  30.010
49	 -67.494	7	 -30.754	  43.015	  47.002
50	 -66.753	7	   3.924	  52.157	  31.841
51	 -65.874	6	   5.187	  62.759	  33.475
52	 -64.451	6	 -16.840	  67.452	  61.566
53	 -60.084	6	   6.657	  47.808	  63.506
54	 -58.162	6	 -42.973	  64.375	  50.251
55	 -57.154	6	 -27.366	  57.343	  69.574
56	 -48.890	5	 -41.035	  47.512	  51.603
57	 -48.223	5	   3.062	  65.442	  44.968
58	 -43.127	4	 -19.329	  61.760	  67.411
59	 -39.895	4	 -26.017	  64.981	  35.641
60	 -39.749	2	  -0.813	  50.703	  43.411
61	 -29.406	3	 -35.809	  65.277	  46.401
62	 -28.753	3	 -19.138	  41.968	  32.395
63	 -28.555	3	 -44.813	  60.957	  58.731
64	  -9.481	1	   1.187	  54.290	  59.411
