1	-710.485	65	  29.154	  35.374	  60.205
2	-702.574	63	  27.087	  39.866	  52.385
3	-663.039	58	  25.655	  31.018	  52.928
4	-647.342	58	  40.190	  27.129	  67.718
5	-593.552	52	  42.613	  27.528	  38.512
6	-589.576	52	  32.378	  45.388	  71.551
7	-586.290	51	  29.371	  26.354	  73.243
8	-566.612	51	  42.479	  40.798	  66.719
9	-538.983	49	  24.619	  36.709	  75.039
10	-458.322	42	  21.504	  11.262	  47.930
11	-450.831	41	   1.850	  29.281	  58.414
12	-443.058	41	  18.591	   3.899	  58.055
13	-415.274	38	  10.678	  56.959	  53.900
14	-361.701	34	   4.783	  47.522	  57.168
15	-347.270	33	  31.984	  14.635	  44.525
16	-322.235	29	  19.957	  36.468	  55.480
17	-320.924	31	  43.806	  37.736	  38.621
18	-317.241	29	  38.616	  63.216	  56.743
19	-312.793	30	  28.059	  58.230	  46.438
20	-310.186	29	   9.394	  41.989	  74.149
21	-300.249	26	  35.848	   7.267	  57.303
22	-293.214	28	   7.593	  19.596	  55.778
23	-292.318	20	  18.390	  24.262	  54.261
24	-290.184	26	  36.797	  54.158	  41.218
25	-283.933	24	  23.315	  47.845	  49.240
26	-279.703	25	  49.033	  57.042	  45.770
27	-268.886	24	  51.842	  18.225	  44.503
28	-264.127	25	  51.980	  43.548	  55.409
29	-260.764	23	  55.630	  33.752	  48.379
30	-260.440	26	  17.710	  56.767	  76.176
31	-258.645	24	  -2.579	  32.999	  70.242
32	-255.450	23	  -1.347	  39.197	  59.062
33	-245.171	22	   6.958	  19.506	  71.796
34	-242.337	22	  15.734	  65.595	  61.857
35	-207.662	20	  35.274	  39.772	  37.741
36	-207.394	19	  44.706	  16.278	  57.040
37	-206.202	20	  12.334	  10.876	  52.625
38	-203.581	20	  53.270	  45.391	  42.237
39	-201.548	19	  11.811	  26.394	  80.635
40	-201.079	19	  19.048	  15.084	  69.622
41	-198.679	18	  28.885	  56.014	  74.069
42	-198.522	18	  18.465	  61.867	  49.790
43	-184.741	18	  29.245	  59.690	  65.190
44	-183.079	16	  36.274	  18.251	  72.684
45	-177.771	18	  45.909	  57.520	  64.427
46	-171.076	15	   8.851	  54.322	  71.465
47	-159.667	14	  20.290	  28.511	  80.338
48	-158.463	15	  24.360	  26.564	  45.067
49	-156.301	16	  -0.702	  45.706	  67.725
50	-151.204	15	  34.699	   9.471	  69.458
51	-150.777	15	  45.984	  16.605	  38.174
52	-147.542	14	  47.935	  30.236	  67.423
53	-147.172	15	  11.886	  22.247	  49.497
54	-141.781	14	  46.797	  53.835	  37.932
55	-141.691	13	  48.957	  20.710	  64.000
56	-138.163	14	  42.073	  11.470	  44.647
57	-133.441	13	  55.605	  29.335	  61.040
58	-131.402	13	  29.152	  21.315	  40.377
59	-128.353	13	  56.526	  26.890	  53.458
60	-120.014	12	  13.971	  66.415	  54.393
61	-115.907	12	  41.702	  65.439	  47.029
62	-115.238	11	  16.888	  17.079	  76.783
63	-113.698	7	  36.582	  41.861	  47.789
64	-110.564	11	   8.737	  10.939	  62.882
65	-109.698	11	  32.510	   4.885	  49.315
66	-109.448	11	  44.330	  48.980	  69.311
67	-102.420	10	  21.667	  52.702	  44.043
68	 -96.314	8	  13.303	  50.433	  56.971
69	 -94.604	9	  14.130	  39.193	  49.512
70	 -94.339	9	  43.737	  12.745	  63.970
71	 -94.116	9	   2.850	  55.809	  64.171
72	 -93.225	9	  -6.047	  35.019	  64.090
73	 -90.407	8	  36.163	  60.988	  67.849
74	 -88.904	9	  30.543	  64.937	  50.304
75	 -85.757	6	  34.797	  25.806	  49.101
76	 -85.022	9	   5.118	  30.006	  47.327
77	 -83.550	8	  21.397	  47.674	  79.726
78	 -82.093	7	  52.355	  35.623	  64.336
79	 -81.935	8	  30.464	  34.538	  42.642
80	 -80.531	8	   5.948	  41.385	  52.167
81	 -77.921	5	  11.990	  38.896	  60.251
82	 -76.609	7	  26.850	  47.167	  36.500
83	 -69.664	7	  12.275	  46.788	  79.994
84	 -68.351	7	  55.960	  29.168	  38.894
85	 -63.235	6	  38.281	  54.624	  71.904
86	 -61.118	6	   1.850	  17.866	  63.442
87	 -58.372	6	  10.054	  48.616	  44.882
88	 -57.489	6	  52.163	  37.014	  38.569
89	 -57.410	6	  19.052	  21.305	  39.562
90	 -52.305	5	  24.167	  66.848	  54.675
91	 -51.559	5	  32.316	  30.845	  33.315
92	 -49.348	5	  13.812	  38.072	  81.075
93	 -46.568	5	  25.945	  15.665	  75.492
94	 -40.843	4	  -3.982	  23.187	  67.369
95	 -30.388	3	  51.880	  47.995	  61.558
96	 -30.375	3	  26.221	  41.984	  42.264
97	 -28.772	3	  50.234	  57.971	  55.552
98	  -9.663	1	  33.546	  51.659	  47.891
