1	-2177.585	146	 -13.434	  20.644	 -18.259
2	-2004.826	78	 -15.482	  45.036	  -1.408
3	-1935.658	149	 -20.499	  48.706	  16.799
4	-1757.884	127	 -20.529	  39.470	  19.005
5	-1587.173	117	 -24.187	  23.425	 -24.747
6	-1545.143	114	 -20.397	  24.572	  14.137
7	-1480.918	123	 -29.397	  32.763	  -9.265
8	-1399.027	106	  -5.511	  52.153	  -9.672
9	-1387.853	109	 -10.569	  30.811	  16.050
10	-1339.775	106	  -7.570	  51.712	 -21.234
11	-1267.276	108	 -16.385	  57.397	   7.838
12	-1217.650	100	  -3.249	  46.792	  10.160
13	-1172.596	87	 -27.910	  24.358	  -9.938
14	-1155.241	93	 -18.415	  53.497	 -26.207
15	-1101.157	86	 -16.126	  20.358	  -4.743
16	-1094.223	81	 -28.780	  35.580	 -23.088
17	-1074.964	87	  -6.214	  39.277	  16.049
18	-1039.741	87	  -2.558	  46.065	  -0.826
19	-1019.724	75	  -7.434	  41.866	 -28.330
20	-993.690	82	 -11.679	  39.763	 -34.689
21	-977.088	74	 -20.238	  54.353	 -12.859
22	-942.085	75	  -5.431	  34.075	   9.389
23	-906.699	68	 -13.058	  56.994	 -10.811
24	-888.691	75	  -7.725	  28.204	  -6.309
25	-830.644	66	  -9.498	  51.431	  19.474
26	-827.786	69	  -9.768	  24.285	   4.601
27	-781.525	62	 -23.746	  17.870	 -20.329
28	-749.549	64	  -6.820	  32.359	 -18.417
29	-735.698	62	 -22.251	  20.831	   3.652
30	-717.215	58	 -25.784	  41.664	 -32.757
31	-705.126	57	  -3.277	  40.526	  -7.800
32	-693.162	57	 -28.436	  43.704	  -1.185
33	-689.253	58	 -12.505	  57.530	  -1.740
34	-686.052	57	  -4.962	  37.242	 -14.335
35	-678.155	55	 -21.531	  53.348	  -2.846
36	-675.568	57	 -26.420	  29.916	  18.225
37	-647.613	50	 -14.257	  30.096	 -33.068
38	-645.712	55	 -28.682	  23.596	   3.527
39	-567.629	48	 -12.449	  23.888	  13.001
40	-566.357	47	  -7.815	  26.333	 -22.521
41	-560.138	48	 -29.617	  42.921	 -14.279
42	-547.944	45	 -24.545	  17.305	 -10.870
43	-538.725	43	 -19.299	  21.643	 -30.286
44	-523.076	43	  -9.090	  34.401	 -28.374
45	-502.919	42	  -5.518	  33.745	   2.728
46	-494.150	42	 -28.345	  47.508	  15.086
47	-481.160	41	 -12.164	  22.576	 -30.790
48	-461.949	37	 -26.544	  49.168	  -5.823
49	-444.423	41	 -20.285	  44.400	 -38.138
50	-433.553	33	  -4.110	  55.527	   7.356
51	-389.599	30	 -24.540	  47.396	 -26.299
52	-309.529	29	  -0.365	  46.959	 -19.669
53	-300.662	27	 -30.291	  34.664	  14.036
54	-299.495	28	 -14.006	  45.769	  24.615
55	-275.152	25	 -26.950	  50.272	 -15.336
56	-269.649	26	 -31.046	  43.439	   4.569
57	-250.701	23	 -23.666	  27.295	 -35.996
58	-228.664	21	 -24.187	  35.788	 -38.235
59	-226.974	21	 -31.905	  32.231	   1.563
60	-192.845	18	 -15.630	  59.039	 -20.472
61	-114.559	5	 -18.396	  38.932	 -27.179
62	 -68.869	7	 -17.000	  32.741	 -39.821
63	 -53.325	5	  -7.392	  59.054	  12.940
64	 -28.987	2	 -18.656	  32.452	 -12.383
65	 -26.495	1	 -16.990	  39.452	   9.617
