1	-1074.742	91	  39.464	  22.550	  31.853
2	-992.660	77	  79.243	  15.838	  11.514
3	-900.471	74	  65.954	  31.903	  17.112
4	-754.302	68	  33.457	  36.597	  23.655
5	-660.562	48	  48.752	  27.747	  12.889
6	-598.114	54	  76.502	  26.787	  27.256
7	-563.955	53	  56.756	  23.853	   2.193
8	-561.042	48	  28.253	  23.491	  15.105
9	-559.829	46	  69.351	  16.799	  -8.325
10	-517.346	40	  87.025	  17.159	   2.874
11	-502.610	47	  78.775	  -4.069	   6.393
12	-496.741	45	  59.035	  27.822	  33.448
13	-483.255	41	  31.639	  17.183	  17.505
14	-451.068	39	  49.607	   6.369	  12.178
15	-445.494	26	  49.804	  16.799	  21.752
16	-441.093	40	  57.884	   6.914	  24.507
17	-409.817	39	  85.019	  -0.903	  30.159
18	-403.642	38	  74.152	  15.708	  31.902
19	-403.519	37	  37.618	  23.402	   3.457
20	-382.295	38	 105.671	   9.076	   9.395
21	-371.958	33	 105.532	   0.744	  20.709
22	-368.500	35	  63.830	  31.894	   6.268
23	-367.257	34	  43.711	  33.561	  37.391
24	-351.203	34	  88.951	  25.197	   4.085
25	-341.551	29	  36.263	  12.987	  24.659
26	-334.624	31	  85.234	  26.195	  11.996
27	-332.381	31	  75.533	  -4.476	  19.279
28	-325.969	28	  66.825	  -1.602	  -4.564
29	-319.852	29	  98.612	  -4.015	  25.676
30	-316.763	31	  88.157	   6.225	  -3.838
31	-315.052	30	  50.440	  16.115	   0.883
32	-309.681	28	  56.240	   7.814	  -1.592
33	-306.464	29	  36.695	   6.098	  21.163
34	-306.037	28	  58.979	  -0.303	   1.311
35	-289.028	28	  41.009	  10.940	   4.774
36	-271.213	23	  78.743	  27.352	  15.875
37	-269.476	25	 106.029	  11.331	  20.910
38	-265.155	24	  64.778	  19.643	  33.592
39	-253.385	24	  26.896	  27.682	   8.460
40	-241.077	22	  32.481	  30.458	  28.778
41	-239.443	23	  32.926	  19.766	  24.570
42	-232.999	22	  90.506	   0.754	  -0.465
43	-229.428	22	  44.264	  39.907	   5.802
44	-228.694	20	  64.986	  34.910	  25.237
45	-227.951	22	  81.731	  14.120	  -6.942
46	-215.096	20	  67.313	  -0.394	  21.261
47	-213.846	20	  97.252	  12.609	   4.359
48	-211.456	19	  51.713	  40.743	  33.467
49	-207.398	21	  99.624	  24.662	   9.727
50	-197.670	18	  91.639	  27.704	  23.707
51	-196.155	19	  88.567	  17.784	  29.647
52	-186.658	18	  80.595	   7.598	  33.046
53	-172.920	17	  91.884	  -4.964	   6.047
54	-171.252	17	  49.374	  24.965	  40.470
55	-158.249	16	  94.058	  29.066	  14.526
56	-152.897	13	  91.394	  -7.516	  25.372
57	-151.488	14	  63.605	  -9.393	   1.719
58	-146.291	14	  39.614	  45.702	  24.101
59	-142.059	12	  97.475	  16.291	  25.397
60	-140.762	13	  50.221	   5.873	  22.753
61	-133.605	13	  77.396	  34.572	   6.467
62	-132.601	13	  29.465	  15.090	   6.439
63	-127.769	13	  53.172	  47.529	   7.059
64	-126.341	10	  54.380	  20.384	  10.995
65	-124.328	12	  21.568	  31.344	  14.655
66	-117.794	12	  32.391	  42.920	  16.585
67	-114.988	11	  94.559	   9.375	  31.631
68	-109.298	11	  59.240	  45.494	  18.687
69	-105.708	10	  64.699	   6.045	  -8.660
70	-100.584	10	 108.980	   2.588	  27.643
71	-100.167	10	  77.631	  -5.956	  -5.696
72	 -99.406	10	 100.595	  -8.842	  15.407
73	 -98.309	9	  70.814	  -9.530	   5.774
74	 -98.212	7	  55.483	  29.596	  18.863
75	 -94.780	9	  79.723	  30.813	  -1.792
76	 -91.495	8	  46.777	  46.524	  27.688
77	 -91.470	9	  55.105	   1.061	   9.660
78	 -90.012	8	 104.253	  19.267	  17.548
79	 -89.484	9	  73.771	  23.751	  -9.299
80	 -84.609	9	  39.540	  49.472	  14.320
81	 -83.174	8	  67.653	  -4.247	  12.371
82	 -82.004	8	  58.874	  -2.175	  19.718
83	 -80.587	8	  28.984	  35.047	   6.525
84	 -73.622	7	  43.826	  17.770	  39.279
85	 -73.186	7	  80.282	   1.186	  -8.462
86	 -71.227	7	  54.279	  13.277	  34.332
87	 -68.656	7	  57.999	  36.630	  35.140
88	 -66.678	7	  99.533	  -0.791	   8.910
89	 -65.912	7	  84.291	 -10.492	  24.212
90	 -64.606	6	  55.926	  36.316	   5.212
91	 -60.463	6	  84.242	  -8.556	  11.050
92	 -58.532	6	  95.020	  31.473	   5.514
93	 -55.938	5	  28.403	  10.480	  13.442
94	 -52.720	5	  98.415	  23.803	  21.287
95	 -51.810	5	  85.833	  25.323	  -4.025
96	 -50.836	5	  45.800	  11.429	  34.961
97	 -50.341	5	  70.814	  35.605	  10.117
98	 -49.671	5	  37.357	  29.547	  -0.018
99	 -49.392	5	  24.962	  28.641	  25.858
100	 -47.605	5	  27.033	  36.370	  18.157
101	 -47.589	5	 104.627	  10.187	  30.460
102	 -46.084	5	  60.208	  40.982	  10.566
103	 -42.547	4	  76.910	  -5.708	  26.597
104	 -42.491	4	  42.648	   9.093	  28.107
105	 -41.775	4	  60.395	  -7.218	   8.751
106	 -38.593	4	  60.857	  42.819	  28.055
107	 -38.556	4	  84.933	  31.965	   4.295
108	 -37.445	4	  72.152	   5.760	 -11.139
109	 -36.652	4	  69.392	  27.793	  -4.649
110	 -32.879	2	  78.403	  17.023	  20.730
111	 -30.583	3	  40.603	  42.497	  35.055
112	 -30.213	3	  48.698	  52.095	  20.642
113	 -28.745	2	  39.720	  27.368	  20.926
114	 -28.604	3	  20.746	  23.446	  18.982
115	 -27.391	3	  77.390	  17.833	 -11.322
116	 -20.699	2	  73.901	   6.789	  18.347
117	 -19.646	2	  73.783	 -10.751	  -1.814
118	 -18.764	2	 103.841	  -1.732	  32.826
119	 -18.546	2	  68.403	   5.300	  31.347
120	 -18.483	2	  46.920	  32.306	  -1.136
121	 -14.366	1	  65.403	   7.789	  18.347
122	  -9.956	1	  61.403	  17.789	  19.347
123	  -9.769	1	  91.403	 -12.211	  11.347
124	  -9.257	1	  40.403	  -0.211	  14.347
125	  -8.942	1	  70.403	  20.789	  15.347
