1	-605.623	55	  39.764	  20.310	  39.066
2	-598.536	53	  61.532	  23.583	  42.959
3	-586.962	51	  49.779	  23.829	  42.015
4	-554.487	50	  25.693	  44.116	  24.535
5	-549.692	48	  47.852	  20.021	 -12.474
6	-522.287	46	  33.210	  44.384	  45.665
7	-500.233	43	  24.816	  27.304	  43.759
8	-468.446	29	  55.340	  11.641	  36.347
9	-452.976	38	  34.709	  20.113	 -16.818
10	-409.131	37	  28.088	  41.002	  59.205
11	-395.005	37	  70.660	  14.383	  44.163
12	-387.597	36	  43.327	  33.097	  46.271
13	-385.731	36	  21.587	  23.421	  21.517
14	-375.174	34	  42.429	  24.342	  -4.715
15	-365.824	31	  34.424	  33.052	 -23.140
16	-356.009	31	  48.529	  14.678	  55.553
17	-351.124	32	  50.874	   6.140	  38.564
18	-348.916	31	  21.779	  34.637	  54.268
19	-348.595	32	  21.286	  33.566	  40.845
20	-345.724	32	  13.583	  30.258	  16.255
21	-340.757	30	  46.843	  35.448	  19.948
22	-340.070	30	  60.002	  16.287	  59.036
23	-332.008	31	  63.359	  12.445	  23.459
24	-330.281	31	  65.383	  29.494	  19.395
25	-326.671	30	  25.713	  41.145	  42.049
26	-323.475	29	  35.653	  32.259	  -4.068
27	-312.024	28	  26.142	  22.091	  50.665
28	-303.245	27	  39.590	  27.154	  69.862
29	-284.710	26	  33.915	  15.482	  50.546
30	-281.265	24	  35.983	  16.797	  59.003
31	-278.442	23	  72.100	   8.607	  28.099
32	-278.276	24	  32.111	  28.705	  71.814
33	-271.876	24	  78.513	  22.070	  34.277
34	-262.596	23	  33.635	  38.247	  21.964
35	-259.359	25	  79.678	  15.001	  26.446
36	-257.909	24	  30.182	  39.692	  -6.733
37	-255.753	21	  24.420	  42.513	  15.636
38	-254.039	24	  74.196	  21.410	  23.714
39	-244.151	23	  60.206	   4.055	  34.428
40	-240.974	24	  33.511	  30.743	  21.286
41	-230.685	20	  45.947	  33.544	  38.988
42	-220.638	21	  24.714	  31.231	  65.265
43	-217.254	21	  79.140	  13.854	  36.261
44	-215.140	19	  20.459	  35.160	 -14.436
45	-208.920	21	  49.239	  25.987	  65.485
46	-205.172	19	  53.090	  36.661	  31.553
47	-204.488	20	  58.737	   4.829	  50.383
48	-201.879	16	  42.181	  18.980	  64.488
49	-200.255	18	  28.874	  19.131	  60.266
50	-192.484	19	  56.744	  24.097	  -3.636
51	-192.363	16	  41.256	  18.044	  30.805
52	-189.492	16	  41.912	   6.464	  49.762
53	-185.688	17	  40.621	  37.505	 -20.818
54	-182.642	15	  53.723	  19.104	  19.326
55	-180.956	18	  14.064	  42.309	  20.655
56	-179.407	17	  22.784	  34.703	  -2.921
57	-178.637	16	  61.540	  27.852	   8.333
58	-172.669	16	  55.940	  29.284	  52.496
59	-171.906	17	  16.177	  41.049	  32.732
60	-166.487	16	  47.604	  13.216	  24.514
61	-165.827	16	  35.019	  42.238	  55.876
62	-165.110	15	  32.040	  18.903	  30.816
63	-161.921	16	  57.831	  20.288	   7.072
64	-160.656	15	  53.533	  31.077	  12.611
65	-159.550	15	  61.346	  35.584	  31.351
66	-155.656	14	  48.381	  25.093	  18.585
67	-155.319	15	  20.043	  23.441	  31.792
68	-154.521	15	  40.964	  24.803	 -23.233
69	-150.452	13	  33.601	  47.965	  28.633
70	-149.125	14	  40.101	  22.542	  24.413
71	-145.596	14	  53.232	  19.122	  60.643
72	-143.129	14	  67.742	  30.073	  35.713
73	-142.692	14	  76.041	   7.753	  40.702
74	-141.637	14	  24.997	  22.386	  38.001
75	-140.150	14	  49.999	  26.550	   7.561
76	-125.527	12	  32.391	  51.584	  37.384
77	-124.417	13	  43.663	  43.929	  24.287
78	-122.861	12	  46.269	  42.470	  35.626
79	-120.069	12	  17.442	  38.742	  10.045
80	-117.451	12	  63.589	  24.334	  55.789
81	-115.751	10	  29.751	  29.641	   2.323
82	-115.090	11	  44.994	  37.465	  68.850
83	-111.706	11	  33.944	  18.623	  43.969
84	-108.511	11	  47.355	   8.152	  30.213
85	 -98.081	10	  61.308	  18.583	  15.980
86	 -95.946	9	  66.107	  10.519	  55.155
87	 -88.603	7	  32.602	  35.252	  66.686
88	 -85.352	8	  29.408	  22.654	  67.640
89	 -82.699	8	  42.618	  34.232	  -4.709
90	 -82.465	7	  17.938	  28.680	   3.945
91	 -81.155	8	  47.013	  37.524	 -15.714
92	 -78.796	6	  47.676	  24.731	  50.012
93	 -77.388	8	  21.767	  27.615	  58.082
94	 -76.537	6	  61.882	  22.930	  32.456
95	 -75.381	7	  55.823	  10.175	  24.628
96	 -75.080	8	  86.072	  16.303	  20.373
97	 -74.568	7	  26.042	  23.161	 -17.647
98	 -74.453	7	  57.551	  31.899	  59.390
99	 -70.743	7	  50.057	  31.959	 -20.657
100	 -69.705	7	  39.470	  47.398	  41.488
101	 -63.316	6	  12.362	  31.772	  30.448
102	 -62.614	6	  26.852	  37.061	   5.044
103	 -61.369	6	  52.598	   2.325	  47.872
104	 -60.658	6	  63.058	   3.221	  43.922
105	 -60.425	6	  39.336	   9.743	  37.358
106	 -60.132	6	  57.204	  31.445	  38.939
107	 -60.119	6	  69.323	   2.754	  36.805
108	 -59.153	6	  30.368	  19.745	  -7.754
109	 -56.474	6	  29.358	  23.807	  21.227
110	 -56.160	6	  51.675	  38.113	  56.183
111	 -54.749	6	  21.560	  22.728	  -7.678
112	 -52.511	5	  54.431	   9.393	  59.037
113	 -51.830	5	  31.446	  40.024	  15.270
114	 -48.995	5	   9.036	  38.371	  25.267
115	 -42.372	4	  27.276	  37.014	 -21.282
116	 -40.452	4	  26.845	  26.328	   9.815
117	 -40.450	4	  69.263	  31.048	  27.712
118	 -40.191	3	  32.594	  26.773	  38.731
119	 -39.449	3	  56.718	  27.584	  20.234
120	 -39.103	4	  72.264	  26.813	  42.966
121	 -37.958	4	  85.034	  21.561	  25.797
122	 -29.718	3	  20.020	  28.584	 -18.506
123	 -29.585	3	  52.706	  34.584	  -1.172
124	 -29.023	3	  34.713	   6.229	  45.163
125	 -28.239	3	  59.036	  30.169	  -8.572
126	 -28.132	3	  44.726	  40.257	  59.496
127	 -19.793	2	  10.036	  26.070	  25.478
128	 -18.334	2	  43.039	   3.584	  40.980
129	  -9.569	1	  23.036	  42.584	  49.478
130	  -9.383	1	  59.036	  38.584	  18.478
131	  -9.327	1	  24.036	  17.584	  26.478
132	  -9.100	1	  34.036	  41.584	 -13.522
