1	-934.304	72	  54.698	   9.671	  37.754
2	-926.044	86	  39.883	  20.668	  39.761
3	-780.251	71	  26.396	  25.796	  47.249
4	-683.616	62	  62.965	  24.043	  43.766
5	-549.884	51	  48.447	  20.748	 -12.203
6	-540.010	50	  70.941	  12.938	  45.620
7	-502.697	45	  26.557	  44.824	  25.108
8	-479.092	42	  51.585	  23.908	  41.189
9	-477.803	44	  27.387	  41.481	  59.472
10	-470.040	41	  43.488	  32.250	  46.789
11	-458.534	41	  34.663	  44.485	  46.164
12	-455.881	41	  12.479	  30.627	  19.257
13	-416.722	38	  62.527	  14.678	  59.112
14	-399.847	38	  21.578	  33.544	  41.787
15	-396.909	35	  43.308	  25.160	  -4.762
16	-393.131	37	  23.083	  24.635	  21.416
17	-392.380	37	  22.204	  34.120	  55.551
18	-373.105	31	  26.259	  42.231	  15.581
19	-369.908	33	  47.871	  36.792	  20.440
20	-359.002	31	  40.349	  27.294	  70.582
21	-354.359	34	  33.052	  36.091	  21.138
22	-350.878	34	  43.713	  38.109	 -19.442
23	-350.239	30	  35.225	  33.723	 -23.452
24	-323.961	30	  36.267	  32.812	  -4.151
25	-322.455	30	  30.221	  19.272	  32.161
26	-316.756	27	  36.160	  19.274	 -16.257
27	-315.544	30	  66.362	  28.791	  18.768
28	-311.719	28	  26.650	  41.288	  43.145
29	-299.971	28	  49.721	  15.091	  56.596
30	-297.901	22	  48.651	  25.400	  50.930
31	-295.838	26	  66.936	   6.442	  32.738
32	-287.308	28	  48.473	  11.783	  27.057
33	-285.252	26	  79.758	  22.237	  35.248
34	-283.569	25	  58.573	  30.209	  58.308
35	-268.857	24	  46.571	  34.452	  39.828
36	-268.540	23	  73.240	   9.069	  28.667
37	-267.203	23	  36.242	  17.602	  60.042
38	-254.636	23	  42.749	   6.767	  50.889
39	-251.057	23	  29.178	  28.291	   1.593
40	-250.944	22	  34.404	  48.796	  29.670
41	-249.922	24	  64.389	  10.941	  25.161
42	-244.238	24	  33.990	  15.637	  43.241
43	-240.977	23	  59.885	   5.140	  51.402
44	-234.524	23	  53.708	  30.038	  12.287
45	-231.959	22	  18.566	  24.295	  33.419
46	-231.238	22	  20.716	  34.659	 -15.541
47	-230.017	21	  48.735	  25.563	  19.061
48	-227.912	21	  33.056	  20.214	  48.944
49	-224.918	22	  25.134	  29.927	  64.492
50	-214.596	20	  16.049	  40.076	  34.020
51	-208.693	20	  40.142	  48.955	  41.325
52	-206.446	17	  54.255	  19.880	  19.742
53	-206.038	21	  68.806	  30.700	  34.403
54	-205.867	20	  13.904	  43.085	  22.142
55	-204.706	19	  32.746	  29.148	  73.221
56	-200.873	20	  54.402	  19.517	  61.575
57	-199.209	18	  53.392	  36.770	  31.165
58	-195.035	16	  41.948	  18.981	  32.351
59	-193.068	18	  56.372	  28.590	  49.827
60	-191.418	17	  23.327	  35.392	  -2.152
61	-187.025	19	  35.431	  12.630	  51.515
62	-186.015	18	  28.130	  19.513	  59.906
63	-184.083	17	  60.304	   3.167	  36.905
64	-181.725	18	  18.102	  39.530	  10.509
65	-179.955	16	  43.324	  19.160	  65.850
66	-178.316	18	  29.688	  40.859	  -7.360
67	-176.128	17	  64.548	  24.524	  56.107
68	-169.918	17	  51.427	  26.463	  65.129
69	-165.867	16	  62.029	  17.221	  20.103
70	-164.832	15	  78.016	  19.995	  25.268
71	-159.493	16	  58.604	  25.455	  -5.017
72	-158.688	15	  18.215	  28.936	   4.328
73	-157.665	13	  32.537	  35.872	  68.944
74	-148.091	15	  64.999	   3.663	  45.161
75	-143.039	13	  63.075	  27.868	   8.797
76	-138.181	13	  79.357	  11.527	  38.656
77	-133.821	13	  38.020	  41.916	  57.373
78	-133.281	13	  39.560	  38.660	  69.987
79	-131.587	13	  58.637	  20.608	   7.660
80	-128.226	12	  41.592	  24.221	 -22.644
81	-126.983	12	  31.046	  24.436	 -19.870
82	-120.343	11	  42.507	  36.414	  -7.519
83	-116.517	12	  51.540	  37.128	  55.089
84	-110.197	11	  37.277	  30.474	  22.972
85	-109.779	11	  12.712	  32.712	  32.005
86	-108.702	10	  29.957	  23.101	  68.456
87	-105.389	11	  46.029	  44.336	  26.864
88	-101.574	10	  25.748	  22.653	  40.075
89	 -95.999	10	  30.594	  52.580	  38.681
90	 -94.266	9	  62.555	  35.732	  30.704
91	 -91.707	8	  27.831	  38.632	 -21.068
92	 -90.558	9	  48.929	  33.322	 -22.379
93	 -88.644	9	  71.167	  22.731	  22.527
94	 -87.995	9	  53.091	   2.514	  48.469
95	 -85.499	8	  35.409	  42.730	  23.816
96	 -85.029	8	  27.485	  37.745	   5.806
97	 -83.738	8	  46.211	  43.745	  36.315
98	 -83.089	6	  62.697	  22.537	  33.661
99	 -81.438	8	  51.541	  29.455	   3.199
100	 -78.712	7	  41.159	  24.275	  24.893
101	 -72.403	7	  46.460	  32.297	  71.375
102	 -69.592	7	  85.850	  21.475	  27.444
103	 -64.982	7	  27.315	  19.898	 -11.677
104	 -60.378	6	  34.408	  42.207	 -13.023
105	 -58.070	6	  53.265	   6.240	  30.016
106	 -53.112	5	  74.697	   7.483	  42.557
107	 -50.163	5	  55.503	   9.324	  59.754
108	 -49.850	5	  39.918	   9.921	  37.770
109	 -46.722	3	  33.333	  26.911	  39.544
110	 -41.924	4	  28.195	  12.160	  37.201
111	 -39.598	4	  31.396	  22.133	  -6.036
112	 -39.299	4	  27.719	  28.214	  10.108
113	 -38.743	4	  58.191	  31.651	  39.891
114	 -38.589	4	  20.239	  25.032	  -3.930
115	 -31.342	3	  47.028	  39.580	  68.177
116	 -29.308	3	  87.851	  14.829	  22.526
117	 -28.397	3	  54.357	  35.542	  -2.435
118	 -28.057	3	  81.348	  11.580	  28.157
119	 -25.834	2	  58.335	  27.898	  20.177
120	 -21.111	2	  73.238	  27.373	  43.702
121	 -20.955	2	  45.713	  40.396	  60.177
122	 -19.425	2	  52.281	  26.925	 -21.282
123	 -19.342	2	  72.200	  10.898	  56.177
124	 -18.728	2	  51.713	  36.898	 -10.345
125	 -18.483	2	  42.691	   3.898	  41.666
126	 -18.306	2	  65.713	  21.411	  14.177
127	 -11.726	1	  30.713	  32.898	  30.177
128	 -11.248	1	  33.713	  27.898	  49.177
129	 -11.090	1	  24.713	  44.898	 -14.823
130	  -9.824	1	  19.713	  24.898	  50.177
131	  -9.373	1	  58.713	  38.898	  17.177
132	  -9.218	1	  22.713	  41.898	  51.177
