1	-851.028	61	  55.224	  10.007	  37.192
2	-690.449	68	  22.970	  32.022	  42.596
3	-643.034	59	  62.295	  23.995	  43.787
4	-562.823	52	  39.852	  21.566	  40.047
5	-562.504	51	  25.549	  44.757	  24.618
6	-531.284	46	  50.608	  23.985	  41.034
7	-527.394	46	  70.043	   7.829	  30.289
8	-526.263	47	  48.381	  20.580	 -12.211
9	-466.059	40	  35.250	  20.294	 -16.892
10	-449.397	38	  26.801	  24.426	  49.006
11	-434.291	36	  43.633	  32.219	  47.331
12	-409.355	37	  40.948	  28.245	  70.910
13	-406.850	37	  22.058	  34.101	  55.449
14	-393.062	38	  21.660	  23.994	  21.951
15	-373.237	35	  43.259	  38.260	 -19.459
16	-361.126	27	  49.250	  25.512	  50.418
17	-355.357	33	  38.836	  34.167	  -5.177
18	-349.955	33	  61.372	   5.108	  50.360
19	-338.545	32	  42.949	  24.735	  -4.577
20	-333.265	30	  71.823	  15.779	  44.373
21	-327.910	29	  52.611	  36.889	  29.790
22	-314.813	29	  33.736	  44.699	  45.769
23	-309.213	28	  36.422	  34.032	 -23.750
24	-303.584	28	  66.534	  28.339	  18.914
25	-294.786	28	  63.743	  10.927	  25.097
26	-292.628	27	  27.673	  41.695	  59.913
27	-289.178	27	  61.961	   3.290	  37.978
28	-284.490	26	  26.724	  41.957	  42.800
29	-277.984	25	  79.121	  22.982	  35.739
30	-277.880	21	  33.249	  36.397	  68.089
31	-271.405	24	  34.465	  46.267	  27.652
32	-266.729	25	  69.517	   9.406	  47.116
33	-258.461	23	  57.581	  29.108	  55.073
34	-257.847	24	  62.051	  15.945	  59.112
35	-253.694	24	  14.146	  30.680	  16.429
36	-244.636	21	  42.047	  18.432	  31.948
37	-243.266	23	  35.849	  42.188	  57.314
38	-239.702	21	  49.338	  15.028	  56.406
39	-239.261	23	  78.086	  19.248	  25.596
40	-237.121	19	  54.061	  20.023	  19.869
41	-236.890	21	  22.984	  35.840	  -3.617
42	-232.093	21	  43.396	  18.975	  65.182
43	-225.742	21	  45.915	  33.391	  39.765
44	-225.186	20	  48.737	  25.810	  18.934
45	-221.802	20	  46.894	  36.792	  19.991
46	-220.570	21	  79.439	  12.073	  38.389
47	-217.249	19	  42.392	   6.640	  50.536
48	-205.900	19	  31.350	  31.194	   3.308
49	-204.055	19	  62.678	  27.949	   8.546
50	-203.067	17	  24.675	  42.963	  14.852
51	-199.583	19	  32.916	  37.085	  20.608
52	-195.119	20	  50.640	  26.219	  65.030
53	-192.640	16	  35.824	  17.486	  60.023
54	-192.325	19	  25.155	  31.445	  66.227
55	-190.359	19	  54.473	  18.819	  61.633
56	-188.978	19	  31.197	  19.679	  32.287
57	-188.304	17	  33.572	  19.773	  49.779
58	-188.186	18	  16.053	  40.751	  33.584
59	-178.748	16	  29.868	  40.733	  -7.300
60	-172.691	16	  28.312	  19.625	  60.527
61	-172.192	17	  32.058	  41.812	  15.008
62	-172.112	16	  29.207	  36.293	 -22.151
63	-165.176	16	  64.342	  34.565	  29.930
64	-163.808	15	  41.400	  24.453	 -22.498
65	-160.652	16	  30.498	  43.709	   2.420
66	-159.817	14	  29.909	  37.704	   7.672
67	-151.796	15	  35.991	  13.330	  46.450
68	-150.569	14	  47.928	  13.240	  25.629
69	-143.247	14	  20.420	  23.709	  33.165
70	-142.159	14	  19.605	  40.460	   9.016
71	-141.158	13	  32.997	  28.793	  73.099
72	-141.078	14	  46.467	  39.800	  66.663
73	-135.893	13	  54.745	  31.719	  13.051
74	-134.585	13	  49.291	   5.227	  41.747
75	-134.441	13	  58.860	  20.527	   7.703
76	-133.462	12	  20.417	  35.761	 -15.007
77	-133.444	13	  14.948	  43.457	  21.107
78	-130.854	13	  36.354	  30.486	  23.271
79	-129.451	12	  29.880	  23.099	  68.549
80	-124.342	12	  58.382	  32.077	  38.503
81	-123.982	12	  61.805	  17.086	  20.190
82	-120.887	12	  67.975	  30.669	  36.052
83	-113.440	11	  72.927	   5.258	  40.538
84	-106.692	11	  64.321	  24.152	  56.103
85	 -98.598	10	  35.162	  13.476	  53.839
86	 -95.550	9	  31.645	  52.184	  37.639
87	 -89.776	9	  48.776	   7.860	  30.534
88	 -89.469	9	  56.916	  22.980	  -4.263
89	 -89.091	8	  41.116	  25.422	  24.600
90	 -88.631	9	  39.815	  50.032	  40.550
91	 -84.985	9	  12.231	  32.974	  31.275
92	 -84.538	9	  87.349	  20.975	  21.297
93	 -82.931	8	  46.597	  43.001	  36.634
94	 -82.533	6	  62.672	  22.598	  32.354
95	 -81.998	8	  58.949	  29.563	  -1.954
96	 -81.392	8	  43.866	  39.300	  43.698
97	 -75.429	8	  44.916	  44.689	  26.500
98	 -71.756	7	  28.709	  21.391	  -6.639
99	 -71.398	7	  56.437	   8.614	  26.500
100	 -67.936	7	  25.252	  26.311	   8.917
101	 -67.411	6	  52.311	  33.726	 -13.416
102	 -59.458	6	  29.285	  25.689	  19.979
103	 -58.529	6	  21.954	  23.336	  -9.477
104	 -56.969	6	  39.624	   9.841	  37.816
105	 -56.645	6	  50.817	   4.816	  53.621
106	 -52.636	5	  70.863	  21.339	  22.682
107	 -49.874	5	  26.605	  22.627	  39.470
108	 -49.171	5	  51.668	  25.161	   9.065
109	 -48.514	5	  59.248	  30.186	  -9.555
110	 -47.367	5	  54.074	  28.190	 -20.166
111	 -44.085	4	  18.010	  28.743	   0.644
112	 -40.580	4	  48.627	  33.666	 -22.671
113	 -40.139	4	  49.448	  29.234	   3.105
114	 -39.160	4	   9.448	  39.641	  25.398
115	 -38.467	3	  33.211	  26.902	  39.407
116	 -37.867	4	  22.196	  26.681	  59.147
117	 -35.942	2	  57.874	  28.184	  20.644
118	 -34.723	3	  57.374	  33.258	  61.718
119	 -32.059	3	  85.743	  20.528	  28.644
120	 -31.553	3	  10.448	  27.741	  25.521
121	 -29.314	3	  55.745	   8.877	  59.951
122	 -29.314	3	  15.804	  32.855	  38.330
123	 -28.527	3	  38.075	  35.486	  74.655
124	 -23.385	2	  25.945	  23.681	 -17.853
125	 -22.646	2	  34.925	  42.184	 -13.879
126	 -21.743	2	  72.940	  27.184	  43.644
127	 -19.265	2	  20.930	  29.666	 -19.838
128	 -18.479	2	  66.448	  22.184	  14.154
129	 -18.305	2	  53.920	  35.184	  -1.828
130	 -11.259	1	  53.448	  36.184	  54.644
131	  -9.378	1	  35.448	   5.184	  46.644
132	  -9.127	1	  23.448	  43.184	  50.644
133	  -9.055	1	  38.448	  15.184	  -7.356
