1	-1443.265	125	  45.024	  -1.049	  25.566
2	-1372.651	116	  27.827	  23.973	   6.747
3	-1236.636	107	  10.341	 -24.972	   8.410
4	-1171.474	105	  21.682	   3.613	  36.126
5	-1162.419	102	  -7.260	   2.231	  25.220
6	-1092.280	99	  15.510	  -1.617	  -3.382
7	-1067.599	78	   2.559	   3.232	  27.474
8	-1014.152	73	  14.896	 -16.693	   5.962
9	-955.354	69	  35.479	  -1.889	  27.977
10	-950.027	81	  13.173	  24.981	  27.602
11	-881.293	63	  23.425	  15.742	   4.068
12	-855.119	74	  15.600	  -2.739	  35.428
13	-774.218	65	   1.052	  14.655	   3.498
14	-698.151	59	  40.284	 -15.894	   5.441
15	-670.528	56	  25.523	 -22.169	  29.411
16	-634.018	54	  33.639	 -22.217	  17.151
17	-631.467	52	  19.342	  -0.050	   8.104
18	-619.777	56	  24.617	   0.431	  -2.349
19	-571.917	50	  51.559	  -3.264	   2.865
20	-553.269	44	  19.192	   0.425	  24.696
21	-535.507	47	   8.991	 -29.860	  31.485
22	-530.823	41	  42.339	  15.483	  15.784
23	-521.696	45	   3.310	  21.893	  17.103
24	-517.941	45	 -13.025	   2.600	   2.416
25	-497.842	45	  30.006	  31.079	  29.295
26	-487.556	36	  -3.941	 -14.837	  16.924
27	-471.749	43	  25.051	  -5.729	  15.461
28	-461.240	41	  33.301	 -13.513	  -0.307
29	-409.617	37	  12.705	   5.233	  15.393
30	-405.387	38	  48.076	   7.214	   3.951
31	-379.914	32	  29.732	 -27.124	  25.585
32	-377.652	33	  -1.564	  21.261	   7.694
33	-374.626	35	   1.139	 -22.989	  29.700
34	-362.933	35	   3.862	  -2.058	  -2.451
35	-352.170	33	  34.103	   0.757	  -2.529
36	-342.945	31	  22.248	 -31.956	  30.180
37	-339.643	27	  13.324	  -3.586	  16.430
38	-336.674	27	  25.135	   4.006	  16.284
39	-336.669	30	  53.321	 -19.924	  15.229
40	-322.617	31	  30.648	  10.534	  -5.528
41	-307.975	29	  26.845	  14.198	  34.803
42	-299.946	27	 -14.946	  20.300	  13.795
43	-298.936	28	  -9.988	  15.627	   2.979
44	-289.018	28	  11.906	  28.255	   7.063
45	-280.877	25	  17.649	   9.033	  17.946
46	-280.023	25	  40.667	 -21.844	   9.095
47	-279.795	26	   7.825	  28.762	  23.493
48	-273.697	26	  26.480	 -28.714	   8.981
49	-273.303	27	   6.731	 -38.013	  20.476
50	-271.042	26	  16.452	 -16.942	  -8.719
51	-257.013	22	  32.612	   5.985	  37.964
52	-253.418	24	  25.170	 -16.035	  36.353
53	-250.072	22	  24.035	 -38.915	  20.287
54	-245.719	24	  28.312	  38.998	  22.333
55	-243.002	23	  12.149	 -12.140	  35.888
56	-240.976	22	  37.497	  23.776	  28.128
57	-240.442	21	   9.664	 -10.081	  -5.290
58	-232.907	20	   6.734	  -3.892	  38.661
59	-231.944	22	  14.133	  39.538	  17.584
60	-230.392	21	  -9.886	  -6.656	   4.180
61	-230.134	21	  37.057	  -2.104	  41.151
62	-229.534	21	   1.260	   4.334	  40.404
63	-228.233	21	   6.299	  11.510	  -3.890
64	-223.222	21	  42.609	 -17.673	  25.449
65	-219.163	20	  23.318	  17.105	  -8.786
66	-216.920	18	  20.139	  23.891	  36.877
67	-213.012	21	 -19.411	   9.392	   8.188
68	-204.198	19	  36.070	 -11.443	  34.925
69	-201.120	20	  44.723	 -24.249	  17.888
70	-199.888	17	  19.683	  -8.470	  19.576
71	-187.028	18	   7.166	  33.341	  14.886
72	-186.513	18	  49.427	  12.218	  17.333
73	-183.624	16	  13.662	  17.626	  35.803
74	-181.616	15	  -1.863	   8.210	  -5.097
75	-180.519	17	   1.676	  13.187	  33.644
76	-179.974	18	  58.951	  -4.325	  11.619
77	-175.698	17	  31.551	 -33.514	  17.784
78	-172.801	16	  14.692	  19.638	  -2.534
79	-171.070	17	  39.308	  13.329	  34.529
80	-167.475	17	  13.948	 -38.652	  27.029
81	-164.701	16	  -5.151	  18.428	  24.823
82	-162.780	16	  -3.495	 -22.164	  15.256
83	-161.351	15	  17.710	  36.548	  26.425
84	-161.270	16	  24.990	 -37.273	  10.354
85	-157.452	15	  23.493	  -8.611	  -9.931
86	-151.907	15	  57.512	 -10.821	   7.743
87	-147.635	15	   7.966	 -22.489	   1.226
88	-146.480	15	  60.515	  -5.746	  21.135
89	-140.131	14	  -6.406	  25.406	  15.459
90	-138.877	14	  30.018	  21.886	  -0.175
91	-130.811	13	   0.741	 -13.645	  -2.206
92	-129.510	13	  -5.427	  -0.400	  32.158
93	-126.131	11	  23.229	 -20.903	  -1.135
94	-125.930	13	  -2.084	 -31.299	  26.709
95	-121.837	12	  42.929	  21.746	  10.203
96	-120.674	12	  53.291	  -7.932	  31.399
97	-120.007	11	  25.816	  33.872	   0.833
98	-118.404	12	 -22.001	   6.642	  20.336
99	-117.749	10	   4.849	  19.369	  27.564
100	-115.361	10	  50.822	 -15.766	   4.708
101	-109.687	11	 -10.267	 -11.969	  21.159
102	-108.368	11	  20.669	  27.943	   0.625
103	-107.514	10	  51.263	 -19.564	  25.369
104	-106.656	9	  30.806	 -20.902	   5.111
105	-106.520	11	 -19.873	   0.489	   8.095
106	-105.314	10	 -14.535	   9.431	  30.399
107	-103.971	10	  45.226	  -8.720	  32.018
108	-102.621	9	 -12.828	  20.708	  23.436
109	-101.365	10	  -0.143	 -10.668	  36.099
110	-100.816	7	  28.462	  21.213	  14.426
111	-100.298	9	  13.346	 -33.964	   3.399
112	 -99.965	10	  32.856	  38.650	  14.088
113	 -99.362	8	   7.913	  20.380	   3.772
114	 -99.084	10	  18.969	  12.149	 -11.673
115	 -95.397	9	  25.059	  -8.062	  42.175
116	 -95.035	9	  13.675	  37.166	   7.454
117	 -94.478	9	  -6.849	  10.215	  30.893
118	 -93.591	8	  17.528	 -22.808	  38.587
119	 -90.302	9	  24.531	  43.098	  12.709
120	 -89.644	9	  30.876	  -4.051	  44.359
121	 -84.232	8	  -6.601	 -12.814	  29.156
122	 -83.123	8	  18.376	 -28.452	   3.095
123	 -82.047	8	  12.788	   8.795	  -9.223
124	 -80.763	6	  40.964	  -9.006	  -3.972
125	 -79.976	8	  13.484	  10.292	  41.790
126	 -79.021	5	   9.849	 -21.474	  16.654
127	 -74.963	5	  43.364	   0.005	  16.824
128	 -72.889	7	  33.690	 -18.547	  30.368
129	 -72.641	7	  41.813	  12.391	  -1.260
130	 -72.123	7	  37.502	  32.913	   9.954
131	 -71.960	7	  10.294	 -41.850	  12.296
132	 -69.410	4	  -4.664	   0.427	  16.971
133	 -69.278	7	  59.842	 -13.925	  17.109
134	 -61.708	6	  24.382	   4.221	 -10.430
135	 -61.346	6	   7.755	   5.722	  44.712
136	 -60.983	6	  43.939	   0.101	  -3.447
137	 -60.333	6	  40.462	  32.369	  24.515
138	 -57.164	6	  15.259	 -42.953	  18.585
139	 -56.241	5	  -6.600	  -0.204	  -3.437
140	 -55.724	5	  56.412	   3.792	  22.417
141	 -51.465	5	 -18.134	  -2.786	  22.728
142	 -50.367	5	   1.248	 -33.166	  12.577
143	 -47.579	5	 -20.782	  14.600	  14.040
144	 -41.864	4	  43.738	  24.458	  17.396
145	 -39.891	4	  43.974	  -0.507	  37.148
146	 -38.627	4	 -14.650	 -12.097	  14.900
147	 -37.817	4	  25.995	   4.463	  42.148
148	 -28.844	3	 -20.083	  -2.139	  15.073
149	 -28.433	3	  17.602	 -45.789	  11.726
150	 -28.169	3	  61.567	 -15.526	  24.058
151	 -27.985	3	   9.247	 -22.118	  37.050
152	 -24.248	2	  -8.753	  -7.217	  14.399
153	 -20.255	2	  30.775	  23.200	  34.893
154	 -19.769	2	  -2.768	 -18.759	   3.876
155	 -19.629	2	  58.737	   4.211	  13.909
156	 -19.287	2	  57.247	   3.688	   5.399
157	 -18.809	2	 -15.186	 -10.789	   6.877
158	 -18.786	2	 -22.753	  17.243	  21.431
159	 -17.650	1	  35.247	  10.211	   3.399
160	 -16.305	1	   3.247	  -9.789	  29.399
161	 -14.337	1	  35.247	  11.211	  28.399
162	  -9.718	1	   3.247	 -10.789	   4.399
