1	-823.086	68	   3.304	  42.506	  50.587
2	-400.740	37	  -7.387	  50.434	  61.028
3	-378.875	32	 -11.987	  54.258	  53.463
4	-372.920	33	   0.913	  53.684	  33.811
5	-371.072	33	 -10.629	  28.074	  40.467
6	-279.248	26	 -20.547	  53.230	  31.763
7	-269.888	24	 -18.584	  45.472	  28.763
8	-259.928	25	  -7.190	  48.090	  27.999
9	-229.557	21	  -9.043	  41.104	  64.769
10	-221.962	21	  -3.227	  37.358	  63.430
11	-215.754	21	 -21.701	  54.340	  45.819
12	-205.122	19	 -13.002	  33.609	  55.533
13	-199.913	18	 -16.018	  61.960	  37.109
14	-197.183	20	  -6.132	  39.104	  29.460
15	-178.008	17	 -21.095	  40.245	  51.792
16	-165.218	16	 -23.902	  46.049	  45.489
17	-161.380	14	   6.110	  51.165	  45.778
18	-153.308	15	   3.992	  47.431	  61.159
19	-141.428	13	   5.685	  44.613	  38.035
20	-140.378	14	  -1.001	  57.820	  46.865
21	-133.547	13	  -8.018	  30.819	  33.528
22	-127.471	12	 -25.912	  45.103	  37.825
23	-115.783	12	  -3.627	  28.642	  47.416
24	-105.834	10	 -17.699	  28.612	  44.098
25	 -95.521	10	   0.612	  55.556	  54.332
26	 -80.396	8	 -20.927	  32.415	  35.166
27	 -72.072	7	   2.065	  34.289	  40.619
28	 -69.247	7	 -23.927	  32.615	  43.082
29	 -69.149	7	  -8.510	  59.444	  48.743
30	 -52.928	5	 -18.805	  41.321	  60.285
31	 -50.949	5	   1.171	  59.670	  39.155
32	 -48.432	5	  -6.665	  63.662	  36.606
33	 -43.363	4	 -20.986	  48.275	  54.470
34	 -41.325	4	 -13.053	  59.290	  30.168
35	 -38.696	4	  -3.078	  29.541	  58.907
36	 -38.268	4	   5.662	  37.538	  57.908
37	 -28.476	3	  -4.399	  57.954	  30.572
38	 -19.634	2	 -19.607	  37.749	  28.448
39	 -19.185	2	   3.934	  32.809	  51.388
