1	-888.060	73	  58.853	  30.960	 -16.435
2	-556.936	52	  66.638	  46.061	 -20.376
3	-480.679	45	  40.948	  38.222	 -25.203
4	-302.100	29	  64.204	  51.008	  -5.263
5	-290.795	24	  50.780	  36.769	   1.286
6	-288.032	26	  37.267	  53.449	 -10.881
7	-264.978	25	  44.194	  59.133	 -12.765
8	-254.132	23	  44.903	  56.717	 -24.906
9	-249.530	25	  54.872	  58.111	 -16.819
10	-244.708	22	  36.734	  40.838	 -16.105
11	-236.617	21	  72.052	  42.736	 -11.384
12	-202.596	20	  52.049	  41.137	 -29.851
13	-169.844	17	  43.705	  34.906	  -1.789
14	-166.553	16	  57.615	  47.961	 -26.578
15	-166.221	17	  48.015	  43.503	   4.981
16	-165.652	16	  69.434	  32.362	 -21.059
17	-160.597	15	  63.271	  41.799	  -1.158
18	-156.376	15	  38.010	  37.943	  -9.706
19	-154.729	15	  54.852	  33.540	 -26.657
20	-142.033	13	  39.316	  51.347	  -2.785
21	-116.916	12	  55.596	  31.064	  -1.609
22	-116.646	12	  57.388	  55.340	  -6.999
23	-113.364	11	  52.162	  52.135	   3.128
24	-110.650	11	  47.192	  48.557	 -31.186
25	-110.301	11	  70.566	  36.064	  -5.845
26	-102.889	10	  46.515	  30.110	 -19.751
27	 -90.590	7	  72.688	  33.914	 -12.734
28	 -72.679	7	  58.192	  54.627	 -22.862
29	 -67.360	7	  34.068	  47.911	 -19.606
30	 -67.196	7	  34.068	  44.460	  -5.064
31	 -65.316	7	  48.362	  58.198	  -2.138
32	 -62.663	6	  63.085	  38.782	 -26.659
33	 -61.837	6	  43.560	  49.067	   2.791
34	 -59.258	6	  65.397	  30.087	  -2.350
35	 -41.229	4	  45.834	  29.073	  -8.648
36	 -29.273	3	  57.386	  36.755	   5.442
37	 -10.798	1	  66.068	  27.073	 -12.891
38	  -9.168	1	  37.068	  41.073	   1.109
39	  -9.140	1	  38.068	  51.073	 -25.891
40	  -8.932	1	  59.068	  26.073	  -8.891
