1	-1763.246	157	  36.397	   3.040	  82.871
2	-1610.671	123	  19.731	  -4.460	  32.211
3	-1504.752	114	  44.056	  11.444	 101.280
4	-1489.023	114	  48.395	   6.288	  84.653
5	-1422.824	108	  17.619	  -9.584	  50.492
6	-1277.303	119	  31.681	  -5.204	  81.450
7	-1185.835	108	  42.358	   1.986	  64.456
8	-962.553	86	   0.662	   0.937	  25.984
9	-958.948	84	  11.164	   5.051	  24.665
10	-915.881	82	  38.896	  -4.340	  57.389
11	-804.978	75	  57.726	  -7.136	  81.673
12	-799.215	71	  30.491	  -0.818	  35.826
13	-751.362	65	  22.399	   7.143	  60.838
14	-749.079	64	  40.841	  -0.337	 111.204
15	-741.560	68	  71.673	   3.981	  86.421
16	-716.470	63	  52.806	  18.353	  99.691
17	-714.722	59	  63.305	   1.263	  82.204
18	-674.930	63	  40.220	  -6.279	  68.059
19	-635.967	56	  47.209	   3.218	 114.614
20	-634.763	55	  22.417	  -4.068	  39.612
21	-615.982	54	  14.512	  -9.255	  43.244
22	-607.635	52	  43.286	   5.794	  90.248
23	-602.397	55	  35.353	  -7.944	 110.423
24	-597.164	55	  23.201	   3.851	 102.158
25	-595.183	55	  39.461	   6.460	  73.275
26	-589.140	50	  10.192	 -14.851	  44.219
27	-559.315	50	  49.193	  11.882	  95.906
28	-536.185	43	  51.655	  11.634	 120.203
29	-529.132	48	  64.073	  21.862	  81.044
30	-524.617	43	   9.736	  12.876	  30.673
31	-520.163	44	  16.004	   0.149	  60.639
32	-516.681	49	  25.617	  -6.577	  86.633
33	-506.862	48	  79.858	  12.281	  84.042
34	-484.469	44	  53.964	  -1.564	 112.300
35	-476.735	38	  23.681	  11.135	  36.248
36	-469.543	37	  43.627	  -9.842	  86.706
37	-464.150	42	 -10.237	  -8.059	  22.118
38	-460.214	41	  44.786	 -10.277	 111.712
39	-459.826	43	  37.763	 -12.371	 125.149
40	-458.096	43	  15.905	  13.543	  59.445
41	-454.085	41	  35.952	  12.125	  63.749
42	-453.221	36	  50.950	  -8.719	  71.482
43	-448.492	40	  23.752	   0.516	  88.493
44	-432.851	41	  51.379	  18.581	  86.586
45	-423.669	33	   1.068	  -5.622	  49.594
46	-420.062	39	   6.021	 -19.287	  15.035
47	-419.324	32	  60.122	   9.144	 106.354
48	-418.139	39	  49.182	   9.950	  65.478
49	-410.539	35	   3.946	 -17.924	  23.977
50	-407.764	33	  24.272	   8.065	  28.172
51	-407.694	37	  46.338	   8.621	  56.474
52	-400.308	35	  15.567	 -13.988	  24.927
53	-392.636	38	  18.446	  14.593	  74.239
54	-384.219	37	  45.155	  23.317	 119.391
55	-383.780	35	   8.740	 -19.467	  67.630
56	-381.906	35	   4.103	  18.793	  24.594
57	-380.999	34	   6.388	   3.648	  58.060
58	-378.516	37	  -6.228	  10.597	  15.456
59	-377.216	36	  15.706	 -15.059	  34.350
60	-368.847	33	  24.506	 -11.580	 110.524
61	-367.679	33	  66.110	  22.838	  71.766
62	-363.080	31	   4.667	  -8.628	  57.160
63	-355.455	32	  18.478	   8.832	 110.254
64	-354.141	28	  21.576	  11.112	  19.926
65	-349.446	33	  26.994	   2.432	 133.215
66	-348.592	34	   8.450	 -20.039	  82.360
67	-346.230	31	  42.842	   2.566	  52.170
68	-343.981	33	  27.186	   6.272	  -0.142
69	-339.752	26	  51.003	   1.461	 122.681
70	-339.743	32	  38.999	  -3.034	  47.484
71	-338.106	26	   4.108	  -8.350	  65.906
72	-334.085	28	  48.484	  -7.784	  61.263
73	-332.732	32	  76.197	  15.681	  73.000
74	-332.591	30	  35.878	  21.722	 114.742
75	-331.237	30	  29.127	   3.329	  14.246
76	-329.340	27	  45.951	  -5.708	  78.968
77	-327.824	30	  25.183	  13.102	  57.355
78	-323.258	29	  24.663	  -7.303	  14.700
79	-322.402	29	  28.856	  -9.905	  46.193
80	-322.297	25	  53.350	  11.848	 111.735
81	-315.757	28	  19.941	 -19.770	  65.845
82	-315.237	29	 -11.177	   0.777	  42.831
83	-306.806	29	  -3.506	 -12.140	  13.184
84	-305.312	29	  40.926	  22.955	 134.387
85	-300.135	28	  -1.002	   8.098	  27.349
86	-299.255	28	  53.132	  -4.534	  50.802
87	-298.068	29	  65.249	  24.179	  89.652
88	-293.446	29	  16.509	  -5.335	  90.794
89	-292.839	25	  60.358	 -13.286	  75.160
90	-291.486	28	  45.210	  23.474	 107.769
91	-291.276	27	  26.744	 -12.907	  56.092
92	-283.097	25	  24.667	  20.896	  47.011
93	-281.422	24	   3.261	 -15.971	  72.991
94	-280.745	26	  75.835	   1.386	  59.145
95	-276.436	27	  -6.926	   1.492	  28.898
96	-274.017	25	  74.652	   3.866	 104.321
97	-272.586	25	   2.399	   1.873	   0.041
98	-272.377	27	  36.198	  -8.743	  76.661
99	-270.335	24	  33.540	  10.355	  94.135
100	-268.590	25	  17.780	  18.373	   4.034
101	-264.793	24	   2.420	  -6.409	  82.994
102	-264.596	25	  13.515	 -20.783	  55.983
103	-262.690	24	   0.445	 -20.317	  31.965
104	-258.363	23	  52.990	  16.281	  76.639
105	-254.573	25	  79.692	  -5.420	  75.271
106	-252.063	24	  47.908	  10.634	 137.236
107	-249.744	24	  52.343	  -9.693	 118.421
108	-246.120	23	   6.254	 -18.020	  49.830
109	-244.665	24	  52.075	  -3.847	 133.015
110	-244.583	22	  40.965	 -20.429	  96.826
111	-242.974	23	  19.520	  -1.917	 113.567
112	-241.499	20	  49.172	  19.693	 126.954
113	-239.876	20	  27.627	  11.026	  10.673
114	-237.675	23	  67.517	 -15.177	  82.600
115	-235.418	21	  69.769	  -4.411	  86.500
116	-230.638	22	  21.574	  -3.457	  96.322
117	-224.649	21	  33.734	  27.251	 123.131
118	-218.061	21	  -0.224	  11.965	  37.980
119	-216.981	20	  59.913	 -15.059	  58.015
120	-216.401	20	  22.025	   8.291	 124.370
121	-214.305	21	  65.966	  -8.151	  96.136
122	-211.124	20	  27.912	  21.446	 115.392
123	-204.238	19	  21.122	 -12.084	  10.021
124	-202.598	19	  18.099	 -25.142	  74.318
125	-195.656	18	  31.687	  15.321	 104.112
126	-195.389	19	  53.420	  15.351	  62.944
127	-191.674	18	   0.637	   6.354	  77.962
128	-191.495	17	  28.557	  -5.353	   4.748
129	-190.304	19	  31.836	   8.683	 140.278
130	-189.709	17	  47.012	  10.468	  78.595
131	-188.966	15	  12.304	  15.210	  19.874
132	-180.323	18	  61.915	   4.286	  50.878
133	-179.223	17	   4.189	  10.574	  69.368
134	-177.364	17	  76.399	 -12.058	  57.925
135	-175.413	17	  29.548	  -4.553	  24.171
136	-170.700	16	  26.724	 -20.136	  68.660
137	-170.258	16	  17.708	  -0.834	  -3.349
138	-167.070	16	   6.923	  14.035	  63.234
139	-166.719	15	  20.214	 -15.930	  85.100
140	-162.070	15	  37.154	 -13.214	 105.251
141	-159.201	14	   0.990	   3.216	  66.499
142	-155.658	15	   8.805	   1.437	  90.894
143	-154.896	15	  29.489	  18.493	 133.640
144	-151.590	15	  46.180	 -14.946	  95.702
145	-145.656	14	  -6.976	   8.825	   7.859
146	-137.613	13	   5.428	  -6.297	   3.133
147	-132.499	13	  32.645	  18.444	  63.715
148	-132.185	13	 -12.044	 -12.083	  34.881
149	-131.964	13	   9.804	  16.210	  49.366
150	-130.964	13	  -1.627	   5.350	  45.591
151	-129.389	13	  76.811	  16.917	  95.848
152	-128.971	12	  71.357	   9.971	  60.646
153	-126.894	13	  20.728	  11.203	  82.488
154	-125.358	12	 -13.773	  -2.072	  23.168
155	-123.048	12	   0.697	 -18.345	  44.897
156	-121.741	8	   7.865	   0.744	  67.638
157	-120.000	12	  66.860	  -5.571	  48.829
158	-119.493	12	  69.796	 -20.278	  69.088
159	-117.355	12	  49.927	 -12.943	 129.247
160	-115.481	11	  72.371	  12.368	 105.350
161	-114.559	12	   5.524	  24.020	  11.722
162	-111.802	11	  19.447	  -9.923	   0.739
163	-110.981	11	  55.264	  20.240	 111.178
164	-110.924	11	  36.314	  -4.551	 140.102
165	-109.600	11	  15.711	  16.576	  43.493
166	-108.830	10	  58.465	  13.458	  55.121
167	-108.744	11	  14.085	   7.518	  89.063
168	-108.608	10	  26.949	 -19.743	  78.282
169	-108.171	11	  60.658	  21.400	 104.124
170	-107.502	11	  54.239	 -13.161	 104.164
171	-105.209	11	  57.305	 -17.370	  66.008
172	-104.236	10	  26.695	   7.274	  89.501
173	-102.263	9	  32.471	  18.624	  42.642
174	-102.030	9	 -10.617	  -7.736	  44.540
175	-101.248	10	  24.099	  19.906	 124.364
176	-101.159	10	   7.497	   7.837	  -4.932
177	-100.354	9	  -3.372	  18.359	   9.039
178	 -99.035	9	  11.395	  13.778	  81.711
179	 -97.949	10	  28.659	 -18.079	 110.026
180	 -96.158	9	  72.938	  -3.741	  52.885
181	 -93.522	9	  66.102	   1.024	 103.466
182	 -89.275	9	  36.351	   5.968	  37.300
183	 -88.368	9	  54.339	   7.940	 130.249
184	 -87.761	9	  17.327	  20.684	  12.493
185	 -86.967	9	  81.813	   7.603	  94.731
186	 -86.555	8	  76.253	 -18.519	  77.069
187	 -86.036	9	  -6.521	 -17.946	  40.770
188	 -85.541	8	  34.771	 -10.311	  55.982
189	 -84.009	6	  59.351	 -10.989	  88.646
190	 -83.158	8	  -5.577	  -8.510	  52.312
191	 -79.356	8	  34.058	 -17.621	  89.202
192	 -78.945	8	  31.957	 -16.128	 120.840
193	 -77.216	8	  40.536	   7.626	  43.269
194	 -70.839	7	  24.149	  16.570	  65.717
195	 -70.149	7	  81.556	  -3.921	  67.547
196	 -69.394	7	  68.830	  21.827	 100.118
197	 -67.769	7	  23.139	 -15.908	 104.225
198	 -67.592	7	  40.422	   1.905	 143.668
199	 -67.226	7	  77.293	 -10.904	  80.052
200	 -64.429	6	   7.281	  18.166	  -2.518
201	 -61.103	6	  37.395	  16.753	  50.353
202	 -60.912	6	  78.874	 -13.662	  69.135
203	 -60.881	6	  -0.883	  -3.602	  76.611
204	 -60.467	6	   9.959	 -13.952	   4.118
205	 -59.333	6	  30.269	   7.366	  20.617
206	 -58.320	6	  34.199	 -23.894	  98.081
207	 -51.615	5	  66.271	  17.167	  60.212
208	 -50.611	5	  -0.750	  15.015	  -0.384
209	 -50.014	5	  41.357	  -9.735	 134.711
210	 -49.665	5	  76.667	  -0.687	  85.175
211	 -48.675	5	  14.226	  10.494	  -7.216
212	 -48.315	3	  14.043	 -13.182	  58.194
213	 -48.011	5	  83.440	   8.824	  76.754
214	 -47.507	5	   6.058	  17.160	  74.566
215	 -47.251	5	  33.393	 -18.631	  63.497
216	 -46.323	4	   8.518	   6.369	  36.806
217	 -45.978	5	  32.234	  14.182	  73.420
218	 -42.963	4	  27.569	 -16.933	  96.729
219	 -41.886	3	  48.378	   3.369	  74.969
220	 -40.443	4	  74.066	 -19.343	  63.234
221	 -40.161	2	  74.773	   4.369	  76.969
222	 -39.475	4	  -3.260	  22.598	  17.959
223	 -38.883	4	  31.515	  25.886	  47.686
224	 -38.622	4	  63.286	  14.074	 110.727
225	 -38.515	4	  -8.238	 -16.393	  23.510
226	 -32.940	2	  14.781	  -0.631	  18.483
227	 -31.197	3	 -15.442	  -2.649	  35.033
228	 -30.747	3	  19.267	 -16.934	  19.307
229	 -30.440	2	  -2.733	  -0.168	  16.969
230	 -30.439	3	  19.647	  -8.250	 104.420
231	 -30.104	3	  46.270	  -4.934	 140.317
232	 -29.990	3	  59.940	  27.369	  75.275
233	 -29.468	3	  38.267	  19.351	 104.644
234	 -29.397	3	  29.889	  -9.320	 131.935
235	 -29.164	3	  57.877	  22.747	  65.115
236	 -29.099	3	  -3.703	  -5.631	   3.969
237	 -28.119	3	   5.549	   9.697	  85.287
238	 -27.981	2	  22.584	  -0.631	  23.628
239	 -21.732	2	  30.773	  13.369	  32.969
240	 -19.703	1	  38.267	   9.369	 114.969
241	 -19.642	2	  16.730	 -19.704	  12.506
242	 -19.517	2	  34.805	 -15.016	 113.969
243	 -19.046	2	  20.267	  -2.116	 125.969
244	 -18.692	2	  41.786	  17.369	 142.450
245	 -18.657	1	  30.267	   0.369	 110.969
246	 -18.633	2	   1.760	  22.862	   4.969
247	 -18.484	2	  84.202	  -0.696	  80.485
248	 -18.255	2	  10.267	 -24.631	  19.478
249	 -16.817	1	  67.267	   9.369	  77.969
250	 -15.032	1	   3.267	  -5.631	  20.969
251	 -14.563	1	  57.267	   3.369	  72.969
252	 -13.094	1	  26.267	   7.369	  69.969
253	 -11.869	1	  58.267	  -2.631	  92.969
254	 -11.479	1	  49.267	  -2.631	 104.969
255	  -9.949	1	  23.267	   5.369	  -9.031
256	  -9.819	1	  79.267	   9.369	  63.969
257	  -9.685	1	 -14.733	   1.369	  13.969
258	  -9.643	1	   5.267	 -13.631	  89.969
259	  -9.485	1	  13.267	 -19.631	  90.969
260	  -9.222	1	  21.267	  14.369	  -5.031
261	  -9.196	1	  23.267	 -11.631	 122.969
262	  -8.969	1	  34.267	  22.369	 141.969
263	  -8.943	1	  47.267	  28.369	 126.969
