1	-1802.675	155	  11.929	   0.057	  61.635
2	-1563.417	130	   2.806	  11.080	  68.534
3	-1347.855	111	   6.412	   8.821	  30.353
4	-1150.725	96	  15.606	 -10.222	  74.653
5	-1073.093	92	   4.577	 -13.796	  74.722
6	-994.283	78	   1.823	   2.371	  54.493
7	-960.598	87	   0.217	   8.109	  60.084
8	-948.604	72	  18.252	  17.634	  57.409
9	-948.283	71	  11.786	  13.789	  45.556
10	-945.948	84	  14.090	   6.829	  35.369
11	-937.869	63	  11.932	   4.589	  50.512
12	-896.561	72	  17.717	   3.805	  43.178
13	-881.644	73	   6.217	  -9.359	  58.094
14	-872.613	73	  15.753	 -10.041	  31.967
15	-872.601	63	   3.076	  -6.504	  43.611
16	-839.847	73	  -1.249	  -5.043	  65.750
17	-822.389	76	  28.682	   2.164	  34.409
18	-746.213	67	   6.533	  11.338	  39.229
19	-746.186	68	 -18.363	   0.745	  55.337
20	-701.669	63	   7.976	  32.817	  41.822
21	-628.516	58	  -7.801	  12.394	  26.981
22	-591.269	52	  32.648	  13.151	  26.020
23	-581.949	53	  21.521	  15.224	  35.865
24	-557.259	44	  23.032	   5.571	  69.969
25	-547.794	50	  25.184	  10.359	  47.390
26	-544.585	51	  14.256	 -11.338	  54.089
27	-515.073	46	  22.612	  -1.964	  70.475
28	-507.724	37	  31.811	   2.465	  25.135
29	-502.091	45	   2.706	  17.290	  14.384
30	-468.039	46	  -8.666	  -4.508	  55.362
31	-466.124	40	  25.064	  -5.461	  34.315
32	-454.802	41	  -6.963	  23.647	  71.442
33	-452.114	41	 -10.720	  14.256	  81.619
34	-435.910	41	   5.487	   4.789	  65.456
35	-429.630	36	 -10.595	   4.524	  47.031
36	-390.221	35	  19.298	  21.586	  33.721
37	-389.963	33	 -13.456	  23.193	  47.086
38	-368.115	33	   6.471	   1.686	  17.598
39	-348.298	33	  23.194	  12.774	  74.831
40	-332.255	32	  16.739	  25.525	  42.215
41	-310.535	29	 -18.604	   1.556	  75.651
42	-300.388	28	   1.085	  -3.550	  28.350
43	-292.877	28	 -22.512	  -7.439	  65.489
44	-292.316	27	   9.364	  -6.642	  87.407
45	-291.511	28	   9.152	  17.839	  37.217
46	-288.017	27	  12.508	  20.032	  71.518
47	-286.391	25	 -11.628	  26.666	  61.908
48	-282.999	26	  11.407	  30.971	  21.110
49	-282.186	27	  -5.598	  17.339	  17.841
50	-276.799	28	  17.812	  37.937	  31.299
51	-275.936	26	  28.238	   5.525	  14.997
52	-265.259	26	  10.494	  -0.207	  89.680
53	-263.106	25	   1.972	  26.740	  19.851
54	-258.464	22	  -6.498	  28.122	  27.134
55	-258.055	22	   6.476	  16.080	  81.509
56	-256.811	25	 -23.587	  13.385	  41.499
57	-250.240	22	  17.258	 -11.933	  47.164
58	-250.010	23	  25.153	  -3.459	  13.865
59	-243.228	24	  16.892	  13.191	  81.421
60	-242.450	24	 -14.789	  18.004	  35.974
61	-241.848	22	 -14.446	  28.888	  31.973
62	-241.634	23	 -17.464	  12.675	  75.388
63	-239.536	23	 -10.043	  21.927	  78.257
64	-234.884	21	   5.323	  25.615	  50.597
65	-226.663	22	 -21.496	   5.886	  68.927
66	-225.410	15	   3.165	  11.053	  49.101
67	-224.139	20	 -22.323	  23.999	  60.446
68	-222.259	21	   2.771	  20.380	  66.754
69	-214.071	18	 -20.967	  16.161	  65.997
70	-210.564	20	  20.829	  -2.890	  90.989
71	-209.614	21	  30.419	  17.274	  33.151
72	-208.205	20	  -7.763	  36.517	  51.867
73	-207.625	20	  16.273	  -8.579	  65.239
74	-176.562	17	  -2.219	   9.188	  86.983
75	-168.972	17	 -12.518	  34.082	  42.940
76	-168.939	15	  26.205	   1.548	  48.572
77	-168.042	16	  27.958	  10.480	  66.187
78	-163.880	10	  28.889	   8.966	  30.330
79	-163.041	16	  11.090	  -7.183	  20.670
80	-159.680	14	  -0.883	   5.711	  31.479
81	-159.584	15	   0.695	  34.568	  34.570
82	-156.291	16	  -5.735	  -3.280	  41.257
83	-153.544	14	  30.170	   6.697	  39.779
84	-151.574	15	 -20.783	 -12.719	  75.252
85	-150.005	15	 -10.207	 -13.614	  82.260
86	-146.207	14	   4.919	  32.658	  25.676
87	-145.207	14	  12.795	 -14.459	  37.396
88	-138.894	13	  25.035	  -3.646	  62.519
89	-138.222	14	  12.499	  24.663	  57.041
90	-136.582	13	  31.754	  14.066	  14.167
91	-130.293	13	  22.911	 -15.747	  81.403
92	-128.390	13	  27.091	  28.190	  18.875
93	-126.851	12	  -0.029	  21.052	  76.631
94	-124.790	12	  26.561	  23.406	  13.289
95	-123.612	12	  25.231	 -14.959	  13.924
96	-123.022	12	   0.068	  -0.776	  92.431
97	-122.733	12	  25.346	  -7.812	  42.911
98	-122.646	11	  -2.546	   7.061	  22.311
99	-121.163	11	  24.659	   5.883	  90.943
100	-120.716	11	  -3.480	  24.252	  64.045
101	-119.591	12	  30.196	   6.816	  77.723
102	-119.059	12	 -13.261	  -5.650	  84.956
103	-117.684	12	 -22.253	  21.462	  47.594
104	-117.427	12	  28.974	  -9.008	  74.687
105	-115.474	7	  -5.263	  17.080	  48.145
106	-114.074	11	  39.800	  -2.646	  25.287
107	-112.986	12	   5.861	 -15.555	  40.038
108	-110.128	11	   6.731	   9.862	  87.209
109	-108.898	11	  13.834	 -21.088	  24.546
110	-108.247	10	  25.744	  29.020	  34.053
111	-107.772	11	   1.946	 -12.398	  87.690
112	-104.927	10	  36.728	 -11.188	  24.811
113	-103.452	10	  22.379	  36.393	  21.880
114	-100.899	9	  20.338	   3.363	  11.320
115	-100.582	10	 -12.659	 -13.921	  67.268
116	 -95.862	9	  33.430	  -0.020	  85.507
117	 -94.607	9	  37.767	   3.623	  31.962
118	 -94.207	10	  26.971	  17.840	  63.749
119	 -90.901	9	  30.266	 -18.494	  22.652
120	 -89.918	9	 -13.535	  19.120	  27.239
121	 -86.464	8	 -22.774	   8.668	  53.361
122	 -84.196	9	  16.721	  27.569	  13.852
123	 -83.713	8	  28.647	   4.090	  57.502
124	 -80.544	7	  -0.154	  31.021	  54.774
125	 -77.693	8	  20.796	  11.495	   8.213
126	 -72.491	7	  26.387	 -12.806	  32.374
127	 -72.393	7	  13.737	  19.436	  10.254
128	 -70.002	7	 -11.629	  30.233	  53.792
129	 -64.817	7	  31.078	  12.609	  53.529
130	 -63.698	6	  12.161	  28.575	  47.623
131	 -60.766	6	  21.358	  39.610	  39.431
132	 -58.323	6	  33.683	  19.558	  22.637
133	 -57.817	5	  13.107	   8.906	  13.030
134	 -53.903	5	 -16.263	   6.573	  39.562
135	 -52.755	4	  -9.642	   9.695	  75.528
136	 -50.231	5	 -10.531	 -16.624	  74.870
137	 -50.208	5	 -26.201	   0.932	  67.044
138	 -49.495	5	 -26.642	  15.756	  52.933
139	 -47.371	5	 -18.652	  -7.406	  79.949
140	 -46.146	5	  11.767	 -17.220	  84.363
141	 -43.205	4	  -9.415	   3.167	  87.962
142	 -40.668	4	  29.633	  -2.399	  91.734
143	 -39.028	4	  36.873	   6.388	  17.989
144	 -38.944	4	  20.339	  22.273	  68.962
145	 -37.901	4	  33.091	  -9.496	  13.962
146	 -37.104	4	  -5.903	 -10.464	  88.226
147	 -36.756	3	   5.626	  20.020	  22.216
148	 -29.734	3	  -1.228	  36.766	  45.060
149	 -29.126	3	   9.829	 -15.622	  18.492
150	 -28.346	3	  29.519	  16.974	  85.593
151	 -28.010	2	  13.894	  23.766	  24.962
152	 -27.672	3	   8.341	  41.423	  30.945
153	 -20.302	2	   0.890	 -11.234	  31.962
154	 -20.034	2	  -5.089	  33.766	  60.962
155	 -19.612	2	  20.991	 -18.814	  27.382
156	 -18.885	1	  17.358	  10.766	  26.962
157	 -18.025	2	  27.358	  20.766	  54.457
158	 -17.989	2	  -2.144	 -13.230	  64.958
159	 -13.066	1	 -19.642	 -12.234	  57.962
160	 -11.271	1	 -17.642	   1.766	  82.962
161	 -10.509	1	  27.358	 -22.234	  16.962
162	  -9.555	1	  13.358	  42.766	  37.962
163	  -9.184	1	  17.358	  -7.234	  12.962
164	  -8.968	1	 -19.642	  -6.234	  50.962
