1	-902.637	75	 -14.960	  35.989	  11.574
2	-677.817	60	 -23.888	  33.217	  31.377
3	-624.434	57	  12.906	  31.059	  12.307
4	-551.153	50	  -6.679	  26.883	  -1.848
5	-541.342	44	 -16.935	  27.524	  23.218
6	-415.072	37	 -11.205	  28.282	  12.955
7	-311.561	30	 -15.482	  30.567	  32.412
8	-291.325	27	  -6.090	  25.910	  23.168
9	-291.243	27	  11.782	  44.496	  -0.103
10	-284.444	26	   8.164	  29.912	  20.381
11	-277.410	27	  -5.605	  11.400	   6.512
12	-275.550	25	 -24.157	  38.815	  12.094
13	-266.174	24	   3.394	  47.666	   3.865
14	-264.089	25	 -12.376	  27.879	   5.762
15	-263.959	25	 -38.679	  39.095	  26.344
16	-259.910	24	  -3.044	  47.229	  11.460
17	-256.848	24	 -13.128	  47.596	  23.978
18	-231.731	22	  -2.266	  38.199	  -4.578
19	-225.740	19	  -9.964	  18.458	   4.980
20	-223.663	21	  -4.138	  44.445	  -0.542
21	-219.388	21	  -9.596	  16.187	  12.942
22	-215.385	21	 -20.992	  24.790	  29.602
23	-215.144	19	 -23.660	  48.461	  27.057
24	-214.081	21	 -14.657	  41.427	   3.907
25	-204.774	19	   8.267	  23.546	  -3.982
26	-197.898	19	 -26.669	  43.718	  36.015
27	-196.501	18	   4.907	  14.769	  17.241
28	-181.802	18	 -31.741	  45.320	  16.007
29	-178.654	17	   2.883	  39.220	  20.060
30	-168.264	17	   5.892	  37.303	  -7.940
31	-168.167	17	   7.893	  17.275	   1.211
32	-151.841	15	  16.554	  29.901	  -0.355
33	-150.086	15	  11.775	  21.504	  13.284
34	-113.006	11	 -21.616	  30.543	  12.845
35	-112.923	11	   9.522	  43.255	  14.482
36	-109.278	11	  -2.226	  15.818	  23.152
37	-106.158	10	   0.772	   9.103	  12.325
38	-103.682	10	 -11.026	  17.790	  -3.076
39	-102.171	10	 -38.657	  35.464	  13.959
40	 -98.612	10	  17.907	  38.723	   3.231
41	 -94.719	10	  16.256	  38.723	  -4.815
42	 -85.509	9	 -15.277	  46.941	  12.077
43	 -78.329	8	 -25.394	  49.148	  18.458
44	 -77.622	8	  -2.678	  46.076	  22.200
45	 -72.571	7	 -33.829	  28.790	  26.967
46	 -68.109	7	 -32.082	  29.057	  14.853
47	 -63.782	6	  11.584	  29.707	  -7.029
48	 -61.869	6	  15.229	  24.368	   6.247
49	 -61.005	6	  -1.072	  29.489	  -6.231
50	 -58.260	6	 -41.104	  30.422	  19.316
51	 -55.984	6	  -0.228	  32.719	  23.901
52	 -46.564	4	 -16.607	  41.405	  33.870
53	 -40.507	3	  -9.600	  38.628	  23.350
54	 -40.193	4	  -1.373	  18.606	  -5.831
55	 -40.076	4	 -25.838	  25.380	  20.978
56	 -20.130	2	 -34.063	  45.875	  31.414
57	 -19.597	2	   8.928	  34.906	  -0.595
58	 -10.248	1	  -7.072	  33.380	   6.405
59	  -9.775	1	 -10.072	   7.380	  14.405
60	  -9.073	1	 -11.072	  40.380	  -2.595
