1	-1498.210	130	   9.792	  25.430	   5.729
2	-1259.006	110	  16.780	  19.452	   5.869
3	-385.410	37	  11.172	  35.803	  -7.188
4	-376.286	35	   8.581	  39.410	   7.699
5	-355.576	31	   3.642	  39.346	  22.049
6	-347.585	30	  18.639	  17.678	 -18.463
7	-329.951	29	  21.928	   7.232	 -11.978
8	-318.485	28	  17.007	  40.856	  22.522
9	-299.715	30	  17.618	  46.126	   9.842
10	-269.228	25	   4.217	  17.307	   0.807
11	-261.474	25	  30.134	  28.828	   6.379
12	-246.668	22	  26.708	  18.974	  -0.543
13	-235.392	21	  10.213	   6.541	  -2.049
14	-198.424	19	  25.911	  42.032	  -0.080
15	-196.625	19	  28.210	  24.418	 -13.275
16	-172.123	16	  21.270	  24.112	  17.632
17	-168.470	14	  15.316	  28.533	 -17.030
18	-165.756	15	   6.788	  24.570	  -6.706
19	-163.106	13	  30.136	  28.408	  -3.972
20	-162.856	16	  16.699	   0.519	  -6.827
21	-161.207	16	  14.941	  20.055	  19.199
22	-151.645	14	  11.827	  16.153	  13.637
23	-145.570	11	  26.224	  37.740	  17.937
24	-142.800	13	   4.674	  23.419	  21.687
25	-131.012	13	  27.769	  35.598	  -7.840
26	-124.639	13	   7.524	  29.759	  28.150
27	-113.395	11	  27.687	  29.992	  17.280
28	-108.410	10	  10.167	  13.443	 -17.106
29	-100.905	10	   4.287	  15.175	  12.133
30	 -99.361	10	  11.518	   6.314	 -13.395
31	 -74.404	7	  -2.092	  29.264	  15.170
32	 -71.316	7	  -1.690	  32.489	  24.829
33	 -68.626	7	   6.894	  25.773	 -14.588
34	 -67.449	7	  14.168	  34.980	  28.400
35	 -63.622	4	  16.536	  42.082	   1.694
36	 -59.861	6	  28.225	  21.382	   7.135
37	 -58.560	6	  20.476	   6.188	   0.858
38	 -50.077	5	  26.925	  14.111	  -8.551
39	 -46.547	5	  21.797	  32.944	 -15.940
40	 -46.311	5	  19.006	  26.869	  25.306
41	 -37.078	4	   8.748	   7.896	   5.694
42	 -21.000	2	   7.986	  31.318	   1.694
43	 -19.417	2	   4.216	  34.917	  11.694
44	 -19.315	2	  26.178	  44.921	  15.280
45	 -10.002	1	  24.729	  36.404	  25.694
46	  -9.019	1	   1.729	  26.404	   7.694
