1	-1450.099	125	  16.290	  20.193	   5.880
2	-1367.678	124	   9.081	  25.915	   5.660
3	-397.604	35	   3.923	  39.470	  21.637
4	-395.174	36	   8.623	  39.688	   7.655
5	-376.463	35	  11.137	  35.734	  -7.263
6	-329.392	29	  21.802	   7.569	 -12.228
7	-303.078	27	  18.271	  17.416	 -18.361
8	-296.396	28	   4.266	  16.674	   1.003
9	-291.812	29	  12.568	  17.920	  16.378
10	-269.335	24	  16.471	  40.730	  22.841
11	-263.396	25	  29.932	  28.608	   6.707
12	-253.592	25	  16.928	  46.421	  10.212
13	-247.385	22	  26.305	  18.826	  -0.430
14	-238.697	21	   9.586	   7.179	  -2.195
15	-234.019	23	  28.086	  24.499	 -13.198
16	-216.639	21	  25.527	  42.681	   0.960
17	-188.858	18	  21.228	  24.509	  18.027
18	-185.511	17	   6.585	  24.753	  -6.795
19	-184.401	16	  15.075	  28.608	 -16.736
20	-169.410	14	  26.048	  38.161	  17.997
21	-154.397	15	  16.647	   0.673	  -6.683
22	-143.052	12	  30.051	  28.396	  -4.040
23	-130.217	13	  27.893	  35.444	  -7.983
24	-130.035	11	   4.617	  23.808	  21.461
25	-125.356	12	   9.966	  13.665	 -17.051
26	-109.875	11	   3.972	  15.569	  12.328
27	-103.746	10	  27.927	  30.585	  16.471
28	 -99.123	10	  11.647	   6.175	 -13.263
29	 -97.558	10	  -1.407	  33.617	  24.989
30	 -97.029	10	   7.241	  30.423	  27.998
31	 -77.159	8	   6.437	  23.666	 -14.537
32	 -75.360	7	  -2.245	  28.924	  15.133
33	 -68.580	5	  16.966	  42.534	   1.560
34	 -59.562	6	  28.167	  21.451	   7.065
35	 -58.758	6	  20.444	   6.348	   0.861
36	 -49.026	5	  14.113	  34.977	  28.468
37	 -38.273	4	   8.977	   7.789	   5.712
38	 -38.167	4	  21.213	  33.051	 -15.798
39	 -30.205	3	  26.691	  13.217	  -8.625
40	 -29.985	3	  20.124	  28.303	  25.383
41	 -28.265	3	   4.007	  35.556	  11.055
42	 -18.997	2	  28.259	  42.942	  11.651
43	 -10.068	1	   4.691	  32.556	   1.696
44	  -9.182	1	  33.691	  34.556	   0.696
