1	-882.097	79	  14.254	  54.583	  52.171
2	-580.331	52	  39.842	  74.463	  60.918
3	-515.659	43	  13.589	  51.104	  34.792
4	-472.525	40	  14.182	  29.195	  47.351
5	-465.065	43	  25.604	  68.953	  35.943
6	-445.040	41	   8.390	  54.399	  44.221
7	-439.143	29	  22.091	  48.570	  52.970
8	-422.514	39	  20.986	  53.317	  63.156
9	-399.470	33	  30.240	  57.052	  37.656
10	-397.871	34	  20.164	  38.972	  39.548
11	-374.648	36	  49.021	  46.429	  60.018
12	-362.431	34	  33.017	  47.533	  39.723
13	-357.006	31	  41.461	  69.393	  39.781
14	-355.631	33	  19.723	  60.679	  34.949
15	-353.460	27	  36.076	  40.894	  57.064
16	-351.939	32	  51.642	  65.327	  53.038
17	-323.799	27	   8.200	  33.115	  51.610
18	-322.516	30	  47.892	  64.432	  41.489
19	-311.586	29	  50.276	  64.641	  63.938
20	-306.224	28	   4.686	  47.344	  58.178
21	-293.922	19	  14.970	  44.322	  51.452
22	-270.846	24	  38.791	  56.272	  40.127
23	-258.129	23	  50.069	  75.045	  62.269
24	-253.208	23	  37.728	  77.836	  44.439
25	-249.515	24	  14.368	  78.979	  46.974
26	-243.591	23	  12.890	  60.071	  66.277
27	-232.342	23	  47.234	  74.477	  51.456
28	-220.977	20	  30.843	  38.864	  44.107
29	-214.007	20	  14.747	  33.327	  38.302
30	-211.464	20	   6.486	  42.191	  35.360
31	-209.904	20	  47.858	  48.756	  48.149
32	-200.309	20	  13.385	  64.811	  37.186
33	-200.192	20	  30.489	  71.506	  62.736
34	-189.798	19	  23.730	  29.707	  54.093
35	-181.002	18	  43.642	  53.007	  66.876
36	-175.191	17	  34.026	  46.008	  66.506
37	-173.761	16	  21.169	  32.028	  62.653
38	-171.556	16	  28.548	  81.343	  44.959
39	-168.062	16	  10.919	  73.651	  39.377
40	-163.102	16	   6.200	  69.133	  49.441
41	-158.592	16	  39.020	  62.841	  37.034
42	-140.640	12	  19.507	  71.460	  61.369
43	-139.779	14	  -1.481	  39.499	  47.772
44	-138.869	13	  51.486	  55.973	  45.650
45	-135.537	13	   6.022	  55.101	  54.243
46	-126.605	11	  38.268	  72.556	  32.539
47	-126.427	13	  30.280	  35.796	  62.571
48	-118.542	12	  16.233	  37.570	  65.957
49	-117.930	12	  53.657	  58.081	  59.018
50	-115.373	11	   7.700	  29.337	  42.512
51	-105.919	11	  22.013	  77.953	  38.383
52	 -98.368	10	  22.493	  79.100	  60.337
53	 -88.512	9	   5.298	  64.577	  58.791
54	 -87.965	9	  56.777	  73.556	  73.402
55	 -81.127	8	  32.261	  35.608	  51.077
56	 -72.709	7	  31.943	  63.541	  64.373
57	 -69.005	7	  10.766	  73.338	  59.094
58	 -59.916	6	  41.870	  64.550	  66.899
59	 -58.780	6	  41.190	  45.639	  44.191
60	 -49.915	5	  47.295	  73.328	  72.896
61	 -49.037	5	   3.623	  35.009	  38.171
62	 -40.880	4	  -2.999	  45.337	  43.127
63	 -39.379	4	  31.324	  53.177	  66.117
64	 -39.049	4	  21.467	  85.856	  49.964
65	 -37.385	4	  10.446	  46.926	  64.851
66	 -20.800	2	  26.146	  28.462	  45.179
67	 -19.178	2	   2.000	  37.337	  54.098
68	 -19.045	2	  46.490	  41.337	  52.621
69	 -19.011	2	  23.490	  42.862	  33.117
70	 -18.740	2	   5.005	  52.357	  36.117
71	 -18.634	2	  30.992	  76.337	  32.615
72	 -18.026	2	  11.998	  29.332	  59.117
73	 -14.688	1	  24.490	  59.337	  52.117
74	 -12.878	1	  21.490	  65.337	  66.117
75	  -9.765	1	  55.490	  75.337	  81.117
