1	-1168.438	114	  28.142	  77.109	   2.670
2	-1160.270	91	  51.181	  69.438	 -18.657
3	-1157.192	105	  50.460	  58.557	   6.335
4	-1145.406	103	  52.508	  61.653	   0.822
5	-1126.886	93	  43.092	  55.699	  27.722
6	-1104.776	96	  69.975	  78.178	  22.198
7	-1078.076	92	  74.615	  58.715	 -16.096
8	-1069.078	93	  39.224	  60.239	  19.927
9	-1029.712	90	  44.924	  64.274	   3.488
10	-977.312	90	  28.929	  49.484	 -13.290
11	-965.589	72	  36.795	  40.540	 -14.446
12	-963.232	85	  23.796	  60.138	  -9.698
13	-951.942	82	  60.827	  38.508	  23.275
14	-942.290	64	  44.949	  40.521	  10.283
15	-938.444	63	  67.830	  73.063	  -3.284
16	-779.336	70	  36.045	  56.270	 -23.468
17	-761.651	65	  30.518	  41.959	   4.699
18	-760.065	68	  41.817	  35.143	 -14.890
19	-741.319	66	  32.975	  64.625	   9.211
20	-721.432	63	  54.154	  84.510	  18.999
21	-716.969	56	  89.249	  84.141	  13.823
22	-685.921	61	  56.231	  63.744	 -25.912
23	-669.391	56	  40.694	  86.177	  16.553
24	-662.783	53	  42.506	  16.223	  -6.638
25	-651.474	59	  50.247	  54.530	  33.685
26	-627.218	56	  70.150	  86.357	  -3.944
27	-626.312	57	  82.110	  68.808	 -18.170
28	-620.781	53	  65.295	  46.235	   2.067
29	-617.502	55	  59.891	  83.598	  35.602
30	-608.678	54	  27.253	  61.079	   5.088
31	-572.754	48	  61.925	  85.706	   3.205
32	-564.101	49	  31.753	  44.984	 -26.016
33	-559.502	52	  53.316	  28.228	  25.424
34	-528.742	48	  82.578	  59.311	  13.815
35	-527.483	44	  31.037	  14.426	  13.529
36	-523.574	36	  72.577	  78.630	  -2.266
37	-520.217	43	  41.750	  74.999	  -2.157
38	-518.358	46	  29.981	  20.848	   0.800
39	-516.511	48	  58.299	  75.443	 -22.663
40	-516.244	46	  32.932	  33.199	  11.283
41	-509.433	44	  80.801	  93.987	   6.988
42	-505.493	44	  48.133	  21.741	  -8.025
43	-495.384	42	  50.042	  73.003	  29.749
44	-494.524	44	  33.046	  55.301	  21.167
45	-489.176	42	  47.179	  73.117	 -10.535
46	-484.951	42	  86.462	  76.402	  14.302
47	-483.195	45	  38.287	  47.911	  29.875
48	-474.807	44	  50.717	  80.171	 -12.180
49	-468.658	42	  38.317	  71.624	  22.067
50	-463.469	39	  69.219	  52.051	   5.668
51	-446.245	32	  41.058	  34.026	   9.138
52	-438.152	29	  40.825	  30.123	  -7.177
53	-435.875	38	  83.589	  96.543	  -3.892
54	-433.390	41	  28.860	  92.138	  -2.803
55	-432.953	29	  33.381	  33.564	  -3.598
56	-428.067	33	  29.974	  69.417	 -12.862
57	-422.337	40	  92.585	  64.681	  -4.509
58	-414.316	36	  61.615	  86.458	 -10.395
59	-413.478	32	  39.119	  78.888	   5.997
60	-409.981	26	  76.077	  80.474	  14.061
61	-406.842	33	  73.864	  53.985	  -2.790
62	-405.365	27	  50.039	  54.634	  14.104
63	-404.470	27	  70.441	  86.210	  10.161
64	-401.041	34	  90.425	  91.580	  -8.064
65	-399.501	25	  56.104	  63.433	  -7.145
66	-398.924	26	  81.703	  71.345	   1.621
67	-393.909	33	  42.648	  35.969	  31.788
68	-387.692	36	  37.490	  68.930	 -14.908
69	-368.967	24	  64.437	  84.140	  19.415
70	-368.563	24	  52.109	  27.509	   5.859
71	-365.897	34	  14.825	  68.143	  11.223
72	-348.732	32	  65.496	  35.871	   4.837
73	-348.028	31	  61.879	  46.006	  26.540
74	-347.892	29	  30.098	  44.935	  17.369
75	-347.400	31	  38.882	  12.879	  18.675
76	-345.313	33	  24.583	  75.909	  12.228
77	-344.724	33	  79.878	  55.344	   2.276
78	-343.848	33	  74.842	  49.516	  15.160
79	-335.554	31	  55.719	  86.205	  27.033
80	-326.009	29	  35.763	  29.065	  31.015
81	-321.650	31	  22.141	  26.983	 -21.749
82	-320.839	30	  48.963	  56.819	 -28.198
83	-318.285	30	  64.414	  67.372	  35.317
84	-310.679	27	  88.728	  72.065	 -12.226
85	-310.507	26	  70.701	  77.022	 -24.672
86	-308.667	29	  62.721	  94.416	  29.303
87	-302.354	27	  31.205	  93.684	  19.365
88	-298.973	28	  47.606	  85.726	  12.194
89	-295.001	29	  29.811	  37.424	  16.634
90	-293.741	28	  62.183	  29.202	  -4.992
91	-292.912	27	  79.861	 101.599	  20.846
92	-292.227	29	  51.513	  40.705	 -26.601
93	-281.972	26	  75.014	  85.210	 -24.038
94	-279.172	25	  62.489	  20.828	  13.444
95	-277.662	26	  26.863	  28.819	  17.125
96	-275.220	25	  75.015	  97.823	  13.217
97	-272.743	26	  30.489	  52.480	  13.877
98	-266.354	26	  43.405	  86.083	   1.360
99	-266.247	23	  61.436	  21.771	   2.537
100	-265.563	23	  68.735	  79.517	  32.400
101	-265.085	25	  52.978	  63.932	  35.087
102	-261.095	22	  24.576	  25.306	  -5.903
103	-260.141	25	  24.736	  78.837	  -5.395
104	-259.261	25	  55.624	  86.563	  -0.981
105	-257.597	22	  56.149	  30.077	 -18.286
106	-256.188	23	  12.493	  66.291	 -10.772
107	-255.065	24	  41.876	  84.882	  23.362
108	-246.809	19	  33.294	  77.237	  19.413
109	-243.421	23	  24.466	  54.237	  -1.293
110	-235.908	20	  48.019	  80.324	  31.212
111	-233.308	22	  42.312	  12.454	   6.834
112	-230.857	22	  22.227	  19.085	 -14.651
113	-230.105	21	  81.405	  66.527	  25.338
114	-228.614	19	  93.661	  76.795	   4.114
115	-227.709	21	  72.666	  98.614	  29.120
116	-225.153	21	  85.758	  92.968	  20.038
117	-220.895	20	  86.363	  66.164	  17.124
118	-214.291	18	  80.743	  95.200	 -13.463
119	-214.182	18	  53.763	  22.212	  20.019
120	-209.821	21	  18.518	  83.191	  13.519
121	-209.166	12	  59.900	  51.160	   9.065
122	-208.853	18	  41.037	  36.684	 -24.771
123	-201.535	19	  93.225	  84.656	  -0.398
124	-200.001	19	  38.682	  97.858	   8.970
125	-186.904	17	  90.571	  63.601	   6.322
126	-182.899	18	  24.593	  37.987	 -24.872
127	-182.863	15	  28.628	  20.859	  20.637
128	-180.369	18	  90.714	  87.009	 -16.264
129	-180.364	18	  60.669	  44.938	  33.937
130	-178.375	17	  52.420	  46.203	  36.563
131	-178.302	17	  48.411	  28.449	 -13.768
132	-175.947	17	  52.660	  16.944	  13.658
133	-175.785	17	  26.876	  53.529	   6.558
134	-174.490	17	  41.154	  43.721	 -32.912
135	-174.009	15	  91.452	  89.585	   6.098
136	-173.316	15	  37.084	  12.821	   1.045
137	-172.952	11	  63.307	  54.842	  -3.389
138	-170.194	17	  67.945	  56.386	 -26.921
139	-170.015	16	  85.673	  95.669	  12.954
140	-169.316	16	  78.103	  60.592	 -26.686
141	-166.849	16	  64.558	  64.077	 -29.338
142	-166.594	16	  12.310	  57.970	   0.596
143	-162.618	16	  60.255	  35.718	  33.799
144	-160.870	13	  50.607	  15.538	   2.813
145	-158.773	15	  63.774	  75.052	  39.964
146	-156.745	15	   9.628	  77.991	   4.573
147	-154.478	16	  80.013	  52.292	  27.365
148	-152.600	15	  16.279	  82.427	  -4.128
149	-151.838	10	  78.419	  77.156	 -11.944
150	-151.194	14	  69.257	  53.951	 -20.314
151	-150.399	15	  72.000	  63.178	  34.051
152	-149.177	14	  58.338	  25.807	 -10.311
153	-148.640	15	  40.420	  28.820	 -18.791
154	-146.012	14	  92.906	  74.763	  -6.235
155	-145.091	14	  69.538	  45.138	  -5.916
156	-141.327	10	  70.208	  59.073	   5.703
157	-141.107	12	  73.256	  93.567	 -10.834
158	-139.047	13	  80.480	  74.146	  20.059
159	-138.748	9	  30.339	  67.248	  -2.387
160	-138.104	8	  59.051	  42.414	   1.313
161	-133.584	12	  77.839	  82.324	  25.483
162	-133.430	13	  77.406	  70.082	 -28.827
163	-131.967	13	  68.366	  36.756	  -9.119
164	-131.284	13	  51.548	  33.487	  36.742
165	-131.183	13	  70.368	  55.307	  36.206
166	-130.391	12	  66.909	  27.727	  10.184
167	-129.014	12	  67.905	  98.367	  18.479
168	-128.424	12	  64.362	  39.652	  10.863
169	-126.777	12	  17.661	  88.053	   4.331
170	-126.486	12	  88.464	  57.294	  -3.095
171	-124.841	11	  81.221	  93.590	 -20.245
172	-124.330	9	  44.280	  29.926	  18.780
173	-123.778	8	  63.547	  65.128	  -0.492
174	-121.271	9	  67.211	  72.839	  19.091
175	-111.286	10	  47.188	  49.626	 -30.134
176	-110.111	11	  31.664	  15.625	 -13.171
177	-108.542	11	  31.177	  66.879	  19.118
178	-107.768	10	  31.555	  14.967	  -5.954
179	-107.635	11	  37.510	  76.547	 -12.170
180	-107.427	10	  71.499	  41.929	 -14.933
181	-105.695	10	   7.375	  75.232	  -7.633
182	-103.115	10	  70.130	  91.999	   1.590
183	-101.660	6	  50.835	  47.234	   7.448
184	-100.843	10	  41.292	  62.944	  29.596
185	 -99.947	10	  28.649	  34.240	  26.729
186	 -98.475	10	  58.662	  85.541	 -21.023
187	 -96.881	9	  20.108	  36.146	 -18.730
188	 -92.361	9	   3.765	  66.336	  10.823
189	 -92.033	9	  68.681	  92.781	 -16.792
190	 -88.448	9	  32.166	  21.534	 -24.605
191	 -87.435	9	  67.096	  34.021	 -21.735
192	 -86.459	8	  62.140	  58.680	  35.818
193	 -86.008	8	  21.066	  31.388	 -11.646
194	 -81.751	8	  85.785	  57.995	 -13.408
195	 -80.759	8	  61.419	  41.343	 -28.294
196	 -79.731	8	  36.693	  53.696	 -34.922
197	 -77.175	8	  11.561	  75.943	  12.602
198	 -70.614	7	  20.395	  94.474	  17.466
199	 -68.595	7	  22.357	  68.517	 -16.374
200	 -67.465	7	  56.348	  92.728	  12.567
201	 -66.732	7	  69.575	  38.803	  20.369
202	 -64.809	7	  31.621	  42.063	  29.112
203	 -64.567	7	  36.659	  81.785	  -1.430
204	 -62.601	6	  56.995	  50.362	 -29.324
205	 -60.415	6	  75.673	  47.180	  22.424
206	 -58.621	6	  46.481	  17.502	  26.441
207	 -56.690	6	  53.197	  75.310	  42.102
208	 -55.513	5	   3.351	  64.536	  -3.584
209	 -52.598	5	  24.103	  35.684	  -2.431
210	 -52.242	5	  27.513	  31.102	   5.546
211	 -50.083	5	  81.679	  90.343	  31.603
212	 -49.322	5	  77.143	  48.790	 -13.145
213	 -48.627	5	  65.903	  84.714	 -23.789
214	 -48.439	5	  90.300	  78.336	 -19.246
215	 -48.005	5	  91.925	  69.334	  11.754
216	 -47.764	5	  16.347	  74.722	 -13.422
217	 -47.382	5	  85.495	  87.908	 -24.824
218	 -46.712	5	  49.340	  75.935	 -25.447
219	 -42.249	4	  27.030	 103.485	   0.881
220	 -40.750	4	  42.003	  63.812	 -23.858
221	 -40.509	4	  34.422	  22.329	  33.036
222	 -39.061	4	  64.271	  94.356	   9.605
223	 -38.668	4	  22.281	  43.763	  -5.299
224	 -38.656	4	  65.746	  29.339	  20.613
225	 -38.515	4	  19.522	  95.312	   4.058
226	 -37.910	4	  39.744	  94.583	  -1.683
227	 -37.171	4	  28.783	  13.321	   6.109
228	 -35.066	3	  28.636	  22.588	  27.110
229	 -33.321	2	  72.522	  66.859	  23.584
230	 -31.175	3	  24.304	  85.847	  21.624
231	 -30.783	3	  56.847	  19.330	  -4.738
232	 -30.777	3	  31.533	  85.927	  23.247
233	 -29.074	3	  66.177	  48.021	 -27.793
234	 -28.789	3	  25.853	  96.999	  -9.085
235	 -28.410	3	  47.209	  15.351	  19.266
236	 -28.128	3	  67.826	  30.627	 -15.082
237	 -27.837	3	  35.368	  38.689	 -33.736
238	 -27.793	3	  28.523	  60.009	 -23.057
239	 -27.786	2	  39.522	  23.949	   1.584
240	 -25.529	2	  71.049	  51.330	  28.111
241	 -23.892	2	  42.373	  28.032	  26.584
242	 -21.761	2	  33.257	  15.877	  27.772
243	 -20.412	2	  57.031	  13.330	   5.584
244	 -19.324	2	  16.522	  58.811	  11.078
245	 -19.060	2	  45.522	  91.805	   5.959
246	 -18.464	2	  43.036	  75.816	 -19.416
247	 -18.405	2	  69.522	  34.330	  14.099
248	 -15.631	1	  52.522	  38.330	 -16.416
249	 -13.233	1	  81.522	  70.330	  12.584
250	 -12.906	1	  75.522	  59.330	  19.584
251	 -12.684	1	  44.522	  46.330	  -4.416
252	 -10.956	1	  34.522	  32.330	 -29.416
253	 -10.947	1	  66.522	  45.330	 -20.416
254	 -10.004	1	  80.522	  80.330	 -19.416
255	  -9.692	1	  46.522	  43.330	 -13.416
256	  -9.550	1	  86.522	  58.330	  24.584
257	  -9.455	1	  64.522	  93.330	  38.584
258	  -9.336	1	  61.522	  72.330	  11.584
259	  -9.171	1	  87.522	  97.330	   2.584
260	  -9.132	1	  81.522	  52.330	  -6.416
261	  -9.128	1	  24.522	  52.330	 -24.416
262	  -9.100	1	  59.522	  92.330	  -6.416
263	  -9.023	1	  45.522	  24.330	  33.584
