1	-1229.680	112	  50.472	  58.666	   6.355
2	-1222.201	104	  69.526	  77.599	  21.829
3	-1193.664	99	  43.159	  55.756	  27.939
4	-1163.891	105	  52.474	  61.736	   0.860
5	-1085.893	104	  27.833	  77.154	   2.841
6	-1050.574	91	  39.019	  60.368	  19.961
7	-1034.992	90	  44.980	  64.401	   3.599
8	-1021.071	89	  61.263	  38.272	  23.179
9	-1015.813	87	  31.669	  63.796	   7.422
10	-1014.874	86	  74.590	  58.986	 -15.910
11	-983.599	73	  36.752	  40.478	 -14.332
12	-977.999	67	  44.956	  40.569	  10.389
13	-977.365	79	  53.604	  69.011	 -20.896
14	-945.045	81	  47.722	  71.618	 -13.557
15	-905.807	81	  29.103	  49.637	 -12.297
16	-897.522	82	  41.604	  34.377	 -15.327
17	-868.235	60	  67.682	  73.159	  -3.173
18	-832.745	74	  54.371	  84.740	  19.985
19	-830.301	74	  36.292	  56.247	 -23.317
20	-777.534	61	  89.185	  84.162	  13.851
21	-736.124	64	  43.477	  86.066	  14.062
22	-727.212	58	  42.300	  16.417	  -6.645
23	-689.436	57	  62.592	  85.472	   2.807
24	-676.222	62	  32.699	  33.558	  11.503
25	-670.622	58	  65.434	  46.327	   2.085
26	-642.330	51	  69.359	  53.558	   5.672
27	-631.441	56	  58.613	  83.919	  33.058
28	-619.970	57	  82.228	  69.089	 -18.419
29	-597.227	49	  31.366	  40.926	   4.008
30	-571.323	48	  48.079	  21.710	  -7.673
31	-567.160	53	  50.782	  80.599	 -11.535
32	-557.737	50	  32.918	  54.968	  21.199
33	-556.623	49	  24.087	  58.903	  -6.794
34	-553.850	49	  56.613	  63.322	 -26.143
35	-553.217	40	  72.426	  78.841	  -2.228
36	-536.797	45	  41.872	  74.728	  -2.764
37	-535.863	48	  53.012	  28.271	  25.668
38	-529.196	46	  50.265	  54.419	  33.527
39	-498.365	44	  30.321	  41.885	  17.456
40	-497.194	43	  70.421	  87.002	  -4.490
41	-492.305	41	  31.011	  14.576	  13.557
42	-491.220	35	  41.164	  33.891	   9.291
43	-485.461	41	  86.342	  76.439	  14.304
44	-480.714	41	  81.367	  93.654	   6.776
45	-479.150	39	  50.392	  73.332	  29.884
46	-475.046	42	  38.351	  71.530	  22.011
47	-474.290	44	  23.352	  61.854	 -13.272
48	-468.882	36	  30.111	  69.265	 -12.877
49	-468.392	41	  32.691	  44.988	 -27.243
50	-459.759	37	  39.306	  79.066	   5.577
51	-449.219	40	  40.610	  85.328	  21.717
52	-447.151	42	  39.180	  47.806	  29.782
53	-446.713	31	  70.225	  86.365	  10.744
54	-436.306	29	  40.768	  30.149	  -7.127
55	-429.941	37	  30.100	  20.754	   0.372
56	-417.669	36	  83.479	  96.501	  -3.937
57	-416.588	36	  61.717	  86.479	 -10.405
58	-414.593	38	  58.583	  76.798	 -22.402
59	-409.075	27	  33.336	  33.542	  -3.539
60	-404.890	36	  61.861	  45.532	  26.444
61	-399.953	25	  56.059	  63.448	  -7.026
62	-397.112	37	  29.550	  92.228	  -2.734
63	-396.940	26	  76.012	  80.544	  14.124
64	-394.717	39	  75.315	  49.324	  16.506
65	-394.282	32	  73.665	  53.737	  -2.702
66	-391.327	26	  81.872	  71.130	   1.438
67	-389.876	35	  81.547	  58.554	  14.980
68	-389.104	27	  64.329	  83.915	  19.561
69	-380.302	25	  50.053	  54.822	  13.849
70	-378.513	35	  92.445	  64.817	  -4.452
71	-371.758	31	  42.209	  36.095	  32.067
72	-369.463	34	  38.288	  68.874	 -15.064
73	-367.012	34	  65.574	  35.821	   4.871
74	-365.911	33	  38.969	  13.086	  18.934
75	-362.927	34	  14.870	  68.132	  11.348
76	-357.197	29	  70.453	  76.989	 -24.427
77	-353.978	34	  52.914	  62.816	  35.179
78	-353.506	33	  88.520	  62.697	   8.220
79	-347.451	29	  90.213	  91.813	  -7.983
80	-343.059	33	  25.156	  58.757	   6.868
81	-341.787	31	  64.052	  67.407	  35.408
82	-337.888	22	  51.500	  27.385	   5.275
83	-332.062	31	  62.665	  94.282	  29.311
84	-327.090	31	  79.701	 101.628	  20.550
85	-323.800	31	  22.105	  27.126	 -21.965
86	-314.365	30	  62.270	  30.452	  -5.318
87	-312.935	30	  24.400	  76.053	  12.454
88	-308.688	27	  32.174	  75.107	  19.603
89	-306.073	29	  79.475	  55.371	   2.559
90	-302.335	29	  28.666	  47.147	 -20.318
91	-298.125	26	  24.460	  25.239	  -6.144
92	-291.398	27	  75.037	  85.230	 -23.971
93	-291.257	26	  61.627	  22.102	   2.259
94	-289.776	25	  88.620	  71.899	 -12.106
95	-283.531	28	  51.563	  40.905	 -26.583
96	-282.813	24	  81.119	  94.798	 -15.899
97	-282.651	25	  31.234	  93.676	  19.267
98	-274.020	25	  75.186	  97.589	  12.509
99	-273.696	26	  22.188	  18.775	 -15.144
100	-272.530	24	  62.532	  20.945	  13.559
101	-267.714	24	  36.928	  28.003	  31.797
102	-266.797	26	  43.635	  86.402	   1.974
103	-266.589	24	  51.560	  56.655	 -27.739
104	-262.602	25	  24.518	  54.264	  -1.269
105	-255.384	23	  37.666	  12.571	   1.550
106	-249.602	22	  28.339	  20.717	  21.658
107	-247.706	22	  47.712	  80.316	  31.165
108	-246.936	23	  30.633	  52.503	  14.283
109	-246.253	24	  60.175	  39.030	  33.639
110	-241.322	23	  68.630	  55.599	 -22.203
111	-239.652	21	  56.233	  30.085	 -18.195
112	-238.278	23	  24.842	  78.839	  -5.312
113	-235.982	22	  72.713	  98.638	  29.143
114	-231.930	21	  27.343	  30.942	  20.144
115	-230.284	22	  12.991	  65.872	 -11.729
116	-229.411	13	  59.642	  51.139	   8.851
117	-228.438	21	  41.163	  36.754	 -24.672
118	-224.647	21	  28.112	  46.402	   7.433
119	-224.070	21	  81.601	  66.563	  25.371
120	-223.892	21	  93.127	  84.866	  -0.375
121	-223.000	20	  86.285	  65.922	  17.016
122	-215.663	18	  53.920	  22.105	  19.851
123	-215.142	19	  94.018	  76.702	   4.214
124	-209.955	20	  55.878	  86.925	  -0.375
125	-209.327	21	  18.572	  83.250	  13.513
126	-209.141	20	  52.497	  46.399	  36.572
127	-202.160	20	  86.099	  95.280	  13.173
128	-200.935	18	  85.170	  93.005	  20.165
129	-195.784	13	  78.167	  77.076	 -11.912
130	-188.412	18	  53.415	  17.133	  13.862
131	-188.202	19	  16.069	  82.397	  -3.869
132	-184.726	16	  68.278	  79.551	  32.400
133	-182.740	17	  42.941	  12.784	   7.447
134	-182.600	12	  30.285	  67.089	  -2.106
135	-181.954	18	  24.718	  38.325	 -24.486
136	-180.397	18	  90.711	  87.146	 -15.870
137	-175.893	17	  64.347	  64.424	 -29.295
138	-174.991	18	  34.292	  79.654	  -2.454
139	-174.461	17	  40.874	  43.753	 -32.880
140	-173.349	17	  38.976	  97.708	   8.915
141	-167.994	16	  92.491	  74.808	  -6.371
142	-167.748	16	  12.733	  57.979	  -0.227
143	-167.561	17	  44.124	  60.339	 -27.429
144	-167.454	16	  77.398	  60.329	 -27.011
145	-166.951	16	   9.519	  78.004	   4.494
146	-166.685	14	  91.530	  89.504	   5.999
147	-165.701	16	  18.355	  90.223	   3.828
148	-158.110	15	  87.046	  56.881	  -2.460
149	-156.042	15	  48.353	  28.464	 -13.666
150	-154.428	10	  63.012	  54.939	  -3.110
151	-149.009	14	  80.266	  73.888	  20.589
152	-145.658	15	  80.653	  53.005	  27.638
153	-145.316	14	  50.381	  32.762	  36.159
154	-139.429	13	  62.674	  84.936	  39.896
155	-136.723	12	  73.007	  93.841	 -10.270
156	-135.379	13	  63.804	  75.276	  40.002
157	-134.869	13	  69.301	  45.356	  -5.753
158	-133.181	12	  67.817	  98.280	  18.430
159	-133.098	13	  77.015	  70.188	 -28.908
160	-131.889	13	  72.581	  64.433	  33.306
161	-129.553	12	  30.870	  31.330	  29.286
162	-129.481	12	  58.295	  25.842	 -10.406
163	-128.672	13	  66.906	  38.428	  11.352
164	-127.698	8	  63.447	  65.148	  -0.405
165	-127.411	13	  31.028	  15.460	 -13.216
166	-127.385	12	  77.510	  81.956	  25.473
167	-127.014	13	  60.906	  42.674	 -29.060
168	-124.464	12	  20.943	  31.568	 -11.441
169	-123.848	7	  59.030	  42.708	   1.232
170	-120.517	11	  51.372	  14.071	   3.329
171	-117.337	9	  44.289	  29.585	  19.109
172	-116.861	12	  63.816	  49.502	  35.988
173	-112.009	11	  68.560	  92.655	 -16.567
174	-110.824	11	  71.208	  56.852	  36.290
175	-110.564	11	  76.539	  51.855	 -17.185
176	-108.925	10	  31.515	  14.990	  -5.878
177	-108.433	10	  47.058	  49.486	 -30.440
178	-105.394	10	  68.568	  37.178	  -9.258
179	-102.816	10	  20.094	  36.194	 -18.838
180	-102.705	10	  70.005	  92.031	   1.818
181	-101.985	8	   6.481	  66.030	  -4.447
182	 -98.930	10	  58.352	  85.199	 -21.161
183	 -96.479	9	   3.748	  66.399	  10.901
184	 -96.367	10	  67.786	  35.702	 -21.837
185	 -90.661	8	  66.938	  26.863	  10.717
186	 -89.869	9	  64.954	  53.852	 -29.577
187	 -89.138	9	  32.313	  20.742	 -23.503
188	 -88.908	8	  71.461	  41.865	 -15.328
189	 -81.020	8	  36.677	  53.711	 -34.875
190	 -80.488	7	  62.073	  58.626	  35.734
191	 -79.433	8	  26.911	  27.594	   5.518
192	 -78.760	5	  50.636	  47.362	   6.945
193	 -78.525	8	  85.622	  57.474	 -13.202
194	 -73.507	7	  20.489	  95.129	  17.259
195	 -70.361	7	  25.492	  26.054	  12.692
196	 -70.252	7	  35.200	  75.753	 -12.100
197	 -65.833	7	  31.352	  41.919	  29.207
198	 -62.529	6	  33.378	  51.606	  32.084
199	 -61.091	6	  81.908	  92.135	  30.562
200	 -60.322	6	  46.437	  17.534	  26.497
201	 -59.508	6	  41.246	  62.984	  29.683
202	 -57.779	6	  16.519	  73.734	 -13.552
203	 -57.532	6	  57.402	  93.367	  13.100
204	 -57.420	6	  52.831	  75.347	  41.981
205	 -56.908	6	  71.652	  41.025	  17.139
206	 -56.577	6	  89.505	  77.876	 -20.026
207	 -56.311	6	  49.316	  76.036	 -25.035
208	 -50.804	5	   7.340	  74.969	  -8.984
209	 -50.132	5	  24.238	  35.990	  -2.233
210	 -50.024	5	  64.475	  28.949	  21.248
211	 -49.311	5	  10.611	  75.748	  12.282
212	 -48.768	5	  23.512	  69.769	 -16.352
213	 -48.452	5	  66.060	  84.932	 -23.752
214	 -47.959	5	  85.259	  87.726	 -24.779
215	 -47.468	5	  18.677	  56.351	   8.843
216	 -46.917	5	  22.491	  44.305	  -4.664
217	 -46.388	5	  21.102	  92.116	  -2.782
218	 -44.940	4	  56.489	  50.851	 -28.791
219	 -41.198	4	  27.226	 103.537	   0.756
220	 -39.099	4	  24.326	  86.205	  21.672
221	 -38.666	4	  64.176	  94.594	   9.915
222	 -38.228	4	  49.764	  87.848	  28.641
223	 -38.190	4	  67.465	  30.089	 -15.117
224	 -38.126	4	  25.964	  97.110	  -9.121
225	 -37.451	4	  31.695	  85.217	  23.600
226	 -36.823	4	  28.988	  13.105	   6.132
227	 -33.568	2	  72.489	  66.918	  23.637
228	 -31.152	3	  91.815	  69.325	  11.632
229	 -30.816	3	  34.230	  15.749	  28.102
230	 -29.474	3	  56.841	  19.030	  -4.689
231	 -29.077	3	  36.380	  29.522	 -26.841
232	 -28.829	3	  47.161	  15.358	  19.307
233	 -28.602	3	  39.825	  94.678	  -1.695
234	 -27.654	3	  33.438	  38.699	 -33.688
235	 -26.524	2	  52.489	  38.352	 -16.709
236	 -25.956	2	  60.489	  38.352	  14.220
237	 -25.488	2	  71.081	  51.352	  28.229
238	 -23.897	2	  42.469	  28.311	  26.637
239	 -20.182	2	  43.551	  71.698	  28.229
240	 -18.895	2	  76.489	  47.866	  -9.849
241	 -18.804	2	  27.522	  60.836	 -21.879
242	 -18.715	2	  81.489	  52.352	  -5.878
243	 -18.547	2	  42.489	  77.367	 -16.319
244	 -18.542	2	  87.977	  97.352	   2.637
245	 -18.227	2	  23.981	  53.877	 -23.855
246	 -18.158	1	  39.489	  24.352	   1.637
247	 -14.955	1	  44.489	  46.352	  -4.363
248	 -12.987	1	  63.489	  61.352	  -9.363
249	 -12.896	1	  75.489	  59.352	  19.637
250	 -12.041	1	  66.489	  45.352	 -20.363
251	 -11.651	1	  80.489	  80.352	 -19.363
252	 -10.842	1	  70.489	  69.352	  -9.363
253	 -10.209	1	  61.489	  72.352	  11.637
254	  -9.381	1	  64.489	  93.352	  38.637
255	  -9.369	1	  45.489	  92.352	   8.637
256	  -9.229	1	  45.489	  24.352	  33.637
257	  -9.191	1	  52.489	  28.352	  -5.363
258	  -9.112	1	  71.489	  86.352	  37.637
