1	-813.550	74	  27.903	  45.071	  -1.947
2	-614.166	51	  29.731	  59.467	  19.617
3	-506.857	44	   2.618	  63.007	   6.074
4	-451.752	35	  16.291	  52.949	  16.108
5	-442.532	40	  -4.475	  56.589	  11.511
6	-424.183	36	  11.206	  71.213	  20.534
7	-410.329	37	  11.167	  36.409	  17.589
8	-398.683	37	   8.311	  48.907	  35.987
9	-390.575	37	   9.723	  45.966	  27.991
10	-377.754	34	   0.088	  65.663	  16.369
11	-361.923	32	   9.915	  48.366	  -7.762
12	-346.973	32	  25.155	  43.507	  37.671
13	-342.058	32	  18.952	  66.486	  22.715
14	-332.916	32	 -11.572	  51.271	  24.168
15	-331.698	31	  28.454	  74.327	   1.203
16	-327.544	28	   0.081	  35.076	  17.815
17	-324.292	29	  15.950	  58.939	  25.410
18	-318.354	26	  17.686	  43.873	  15.423
19	-305.661	28	  35.469	  58.227	   1.857
20	-289.762	26	  14.985	  59.322	  -5.792
21	-289.309	24	  23.067	  35.174	  10.945
22	-282.874	26	  15.805	  40.221	  32.964
23	-266.888	26	  31.939	  69.031	  13.764
24	-250.383	24	  -4.730	  66.550	  35.220
25	-249.809	23	  32.789	  49.842	   7.901
26	-244.477	23	  14.692	  41.008	  41.652
27	-238.558	23	   6.626	  41.601	  39.805
28	-230.377	23	   5.115	  74.718	  25.374
29	-219.223	20	  -2.642	  40.409	  32.818
30	-217.848	21	  -2.697	  71.016	  22.477
31	-215.892	22	  31.854	  62.046	  -5.230
32	-197.302	19	  10.133	  64.780	  32.904
33	-191.700	16	  13.502	  76.271	  14.621
34	-188.765	18	 -12.983	  60.692	  22.336
35	-186.664	18	  22.593	  72.746	  14.829
36	-186.202	18	   2.282	  64.623	  38.859
37	-179.520	15	  17.676	  48.087	  31.446
38	-173.057	17	  11.275	  80.751	   5.562
39	-170.525	17	 -10.969	  53.275	  32.786
40	-165.578	15	  12.349	  74.067	  -0.083
41	-162.806	16	  26.252	  24.967	   7.338
42	-155.429	15	  20.329	  78.520	   1.677
43	-154.563	14	  33.617	  35.944	   7.154
44	-147.709	13	  21.283	  64.513	  -5.302
45	-147.143	14	   2.697	  75.480	   8.492
46	-144.045	11	  30.689	  62.148	  10.446
47	-139.537	13	   4.258	  79.183	  17.509
48	-136.404	14	   1.521	  45.798	   0.522
49	-131.871	13	  30.293	  65.550	  22.970
50	-129.330	13	  12.733	  30.530	  38.160
51	-127.614	12	   5.702	  29.517	  32.465
52	-121.954	11	  20.804	  81.921	  10.255
53	-120.979	12	 -12.154	  50.320	  14.220
54	-119.548	12	 -11.068	  66.744	  29.907
55	-117.076	11	   4.300	  35.090	  -0.089
56	-116.131	11	  22.576	  35.250	  34.535
57	-110.527	10	  10.973	  66.217	  -4.397
58	-108.128	10	  -3.090	  55.298	  42.605
59	-105.869	9	  12.556	  30.933	   1.754
60	-105.699	10	  27.741	  46.584	 -10.205
61	 -94.784	9	  18.560	  42.422	  -7.114
62	 -86.885	9	  14.032	  22.008	   8.892
63	 -85.886	9	   5.332	  28.665	  20.041
64	 -80.231	8	  26.672	  57.243	 -10.190
65	 -69.170	7	  35.831	  47.369	  -5.641
66	 -67.864	7	 -10.183	  41.239	  25.099
67	 -61.344	6	  -7.054	  43.459	   7.313
68	 -60.902	5	  11.461	  36.694	  -4.612
69	 -56.043	6	  -2.868	  36.751	  10.466
70	 -51.527	5	  12.797	  33.814	  28.113
71	 -50.068	5	  21.797	  31.330	  -6.042
72	 -49.399	5	  34.649	  68.887	  -1.799
73	 -41.650	4	   6.291	  56.189	  -3.741
74	 -30.731	3	  -3.066	  52.586	   3.948
75	 -28.322	3	   7.247	  56.704	  39.984
76	 -28.052	3	  -2.077	  77.669	  30.957
77	 -27.757	3	  21.575	  33.336	  45.984
78	 -22.328	2	  28.710	  41.669	  11.984
79	 -19.576	2	   4.747	  27.169	   8.484
80	 -18.407	2	  -4.239	  37.725	   2.928
81	 -18.237	2	  23.726	  25.641	  -0.002
82	 -11.060	1	  25.247	  42.669	  28.984
83	  -9.453	1	  18.247	  53.669	 -11.016
84	  -9.367	1	   6.247	  86.669	   7.984
85	  -9.350	1	   0.247	  33.669	  36.984
86	  -9.099	1	  25.247	  60.669	  27.984
87	  -8.904	1	   1.247	  72.669	  35.984
