1	-975.651	74	  44.482	  -6.994	  45.866
2	-949.996	72	  27.792	  -0.051	  51.704
3	-853.318	71	  49.661	 -12.234	  44.211
4	-801.050	70	  42.204	  -4.870	  68.967
5	-735.854	62	  21.624	   0.422	  56.425
6	-705.160	59	  26.838	 -20.505	  41.636
7	-592.424	50	  10.705	  11.302	  67.028
8	-581.692	51	  19.524	 -13.092	  69.870
9	-556.823	47	  45.372	 -29.001	  52.679
10	-509.268	44	  29.331	 -20.421	  67.318
11	-482.381	44	  32.595	  -8.141	  36.355
12	-471.198	40	  35.630	 -26.963	  58.993
13	-452.132	40	  61.547	 -21.229	  32.413
14	-425.588	31	  58.626	 -12.604	  22.188
15	-415.241	37	  39.323	 -23.650	  43.698
16	-388.638	37	  55.657	  -4.869	  50.809
17	-378.214	34	  40.208	   5.793	  57.636
18	-369.247	23	  36.489	  -2.905	  48.098
19	-369.123	35	  15.774	  21.096	  68.548
20	-360.561	34	  24.771	  12.260	  70.531
21	-360.360	36	   5.298	  -5.510	  57.050
22	-349.765	33	  47.595	 -20.414	  26.831
23	-349.475	32	  52.661	  -4.862	  17.702
24	-341.182	31	  24.841	   0.966	  62.825
25	-340.634	31	  56.273	   3.070	  26.258
26	-339.966	31	  23.449	  23.092	  47.081
27	-331.368	30	  42.160	 -19.364	  33.851
28	-327.369	30	  21.583	  -0.238	  42.618
29	-318.177	28	  29.235	   6.527	  68.527
30	-317.572	30	  38.925	   1.213	  70.750
31	-307.498	28	  37.874	 -16.470	  68.373
32	-298.644	28	   6.764	 -12.548	  67.411
33	-295.140	27	  28.451	 -25.038	  53.714
34	-293.718	28	  14.485	  -1.180	  46.925
35	-289.827	26	  22.127	 -26.375	  54.772
36	-289.610	29	  49.749	 -28.223	  67.831
37	-284.392	26	  45.729	 -17.460	  41.413
38	-282.561	24	  20.519	 -14.995	  40.494
39	-274.179	25	  25.341	  27.534	  59.013
40	-268.891	26	  65.587	 -19.697	  49.479
41	-264.720	25	  50.263	 -24.195	  37.635
42	-255.332	23	  61.471	 -14.111	  61.270
43	-253.939	24	  59.138	 -30.181	  54.677
44	-248.188	23	  32.310	 -20.945	  34.959
45	-244.936	22	  70.517	  -1.559	  35.442
46	-237.909	22	   5.605	 -18.010	  57.651
47	-228.304	22	  54.739	 -19.520	  21.109
48	-223.965	21	  43.413	 -20.171	  70.056
49	-211.508	20	  53.076	  -7.418	  67.626
50	-211.101	19	  46.954	   6.271	  38.024
51	-209.052	20	  19.750	   3.162	  70.108
52	-206.619	20	  63.618	 -25.766	  41.034
53	-191.740	19	  14.660	 -26.219	  62.223
54	-191.233	18	  63.161	  -6.396	  21.042
55	-188.827	17	  33.883	  16.849	  66.126
56	-175.913	11	  19.231	  19.763	  62.073
57	-174.780	17	  31.080	  12.871	  42.149
58	-174.033	17	  50.435	 -34.560	  53.540
59	-164.586	16	   3.935	   3.225	  65.905
60	-160.594	15	  69.898	 -16.270	  31.329
61	-158.517	14	  36.107	 -26.944	  51.120
62	-155.367	14	  39.874	 -12.723	  23.410
63	-151.796	14	  38.066	   9.282	  44.513
64	-150.657	14	   2.666	  14.752	  59.473
65	-138.214	14	  39.078	  -3.521	  26.882
66	-134.606	14	  33.675	  22.706	  56.321
67	-134.466	13	  17.293	  -9.083	  40.834
68	-126.874	11	  30.876	  -3.547	  69.442
69	-126.081	12	  12.472	   9.142	  44.435
70	-124.875	12	  16.032	 -19.431	  72.860
71	-124.295	11	  52.116	   1.844	  48.929
72	-114.710	11	  14.820	 -18.729	  43.395
73	-108.167	11	   2.516	   1.477	  57.882
74	-104.748	10	  53.467	 -31.599	  43.629
75	-104.477	10	  13.881	  27.077	  55.955
76	 -99.858	10	   6.435	  22.865	  51.497
77	 -95.388	10	   8.697	 -20.430	  69.360
78	 -95.239	9	  49.969	   7.489	  30.685
79	 -90.199	9	  38.227	  14.647	  56.838
80	 -89.264	9	  49.428	   0.383	  62.106
81	 -88.517	9	  61.012	  -0.919	  44.006
82	 -87.477	9	  63.600	   3.176	  37.558
83	 -86.852	9	  53.551	 -34.898	  60.365
84	 -84.803	8	  43.813	 -35.346	  60.065
85	 -83.552	8	   8.576	 -10.148	  47.745
86	 -80.190	8	  62.727	 -10.434	  47.128
87	 -76.352	8	  23.831	  23.522	  70.241
88	 -71.320	7	   4.893	  16.767	  46.707
89	 -70.442	7	  11.796	  -2.873	  73.465
90	 -70.264	7	  64.941	 -27.806	  49.832
91	 -69.292	7	  55.642	  -4.110	  60.585
92	 -58.798	6	  69.114	  -2.445	  26.496
93	 -57.004	4	  57.788	 -15.628	  44.495
94	 -56.451	6	  24.843	 -28.783	  64.343
95	 -50.580	5	  39.040	   4.246	  32.039
96	 -49.754	3	  52.450	  -2.789	  36.874
97	 -49.409	5	  35.349	 -29.134	  66.604
98	 -49.084	5	   8.336	   4.134	  49.485
99	 -48.412	4	  13.788	   1.342	  57.863
100	 -40.187	4	  30.268	 -13.370	  69.949
101	 -32.538	2	  23.489	  11.275	  49.125
102	 -31.550	3	  44.097	   6.873	  49.130
103	 -30.477	3	  71.104	 -15.165	  41.830
104	 -30.217	3	  31.464	   1.564	  37.475
105	 -28.427	3	  14.471	  10.556	  74.826
106	 -25.065	2	   2.382	  -5.127	  65.475
107	 -21.464	2	  32.788	 -12.127	  29.040
108	 -20.999	2	   7.276	  20.361	  63.475
109	 -20.459	2	  54.265	 -14.127	  71.475
110	 -19.130	2	  13.302	 -24.156	  49.018
111	 -18.930	1	  40.788	 -19.127	  55.475
112	 -18.893	2	  19.296	   7.873	  39.967
113	 -10.475	1	  62.788	  -9.127	  54.475
114	  -9.843	1	  44.788	   4.873	  25.475
115	  -9.673	1	  59.788	 -27.127	  64.475
116	  -9.421	1	  33.788	  19.873	  44.475
117	  -9.195	1	  45.788	 -13.127	  16.475
118	  -9.144	1	  69.788	  -7.127	  42.475
119	  -8.962	1	  21.788	  -4.127	  72.475
