1	-624.257	57	  -2.724	  23.252	  13.289
2	-619.304	55	   4.407	  20.613	  12.503
3	-508.882	40	  12.382	  20.057	  -3.635
4	-415.917	37	  11.098	  21.776	  30.805
5	-411.089	37	  -0.512	  33.192	   3.005
6	-405.989	31	  11.058	  16.975	   8.221
7	-393.071	36	  -6.870	  24.178	  27.916
8	-376.321	33	  16.014	  19.825	  23.527
9	-355.981	34	  24.837	  29.031	  16.353
10	-327.514	30	  11.782	  44.947	   6.713
11	-252.472	25	  23.504	  27.720	   7.700
12	-223.572	20	   9.723	  40.203	  -2.560
13	-211.290	20	   8.124	  42.880	  27.883
14	-203.221	19	   2.655	  45.636	  22.548
15	-196.209	18	 -16.676	  31.733	  16.963
16	-195.828	19	  14.081	  42.401	  18.748
17	-195.245	17	  20.936	  37.180	  18.040
18	-195.104	18	  18.087	  39.141	   0.741
19	-193.453	18	  19.882	  19.144	   3.355
20	-189.443	18	  17.279	  12.984	  15.124
21	-180.033	15	   8.601	  46.117	  14.179
22	-168.134	16	  22.065	  22.826	  20.413
23	-157.010	15	 -11.087	  39.418	  20.265
24	-156.541	14	  14.251	  38.424	  32.147
25	-153.582	15	  17.396	  41.295	  11.596
26	-150.156	15	  21.113	  28.918	  29.550
27	-142.319	14	  -5.092	  28.771	   8.065
28	-126.022	12	 -11.502	  37.676	   9.785
29	-123.383	12	  -1.085	  32.415	  31.109
30	-118.235	12	 -10.034	  32.344	  27.720
31	-117.666	11	  21.791	  37.028	  26.405
32	-117.481	11	  -7.434	  14.831	  18.842
33	-108.328	11	   8.922	  27.201	  35.553
34	 -85.669	8	  -2.435	  42.959	   7.659
35	 -71.115	7	  20.073	  19.656	  -8.082
36	 -67.072	7	  -8.456	  13.705	  30.788
37	 -64.568	6	   5.949	  33.618	  35.578
38	 -59.779	6	  -1.126	  47.622	  15.098
39	 -59.324	6	   3.341	  37.470	  -5.141
40	 -59.158	6	  21.608	  29.929	  -2.788
41	 -59.101	6	   2.831	  20.531	   2.788
42	 -51.320	5	 -16.053	  26.911	  27.133
43	 -50.723	5	  -1.697	  41.923	  29.125
44	 -50.639	5	 -15.681	  21.206	  13.978
45	 -39.728	4	   4.715	  48.738	   3.023
46	 -29.208	3	   0.258	  14.506	  23.545
47	 -28.724	3	  17.584	  11.506	   7.231
48	 -27.541	2	   0.947	  31.948	  11.548
49	 -22.570	2	  15.782	  28.882	  -9.452
50	  -9.416	1	   5.947	  28.506	  -7.452
