1	-1097.248	101	  23.631	   3.724	  19.159
2	-555.255	46	   7.458	 -19.353	   2.822
3	-538.557	50	  39.844	   9.211	  10.279
4	-512.828	45	  34.712	  17.571	  20.686
5	-504.735	47	  22.246	 -16.046	  -6.477
6	-439.138	38	   9.514	  -7.384	  26.020
7	-435.800	39	  11.639	 -20.728	  18.613
8	-428.558	30	  10.611	  -5.549	  -2.512
9	-425.681	41	   4.357	  12.047	  14.085
10	-405.683	39	  27.051	  -5.167	  13.488
11	-380.229	33	  19.315	 -26.895	  -3.506
12	-373.016	32	  39.066	  21.766	  13.288
13	-346.020	31	  26.863	  19.160	   7.549
14	-340.387	27	  29.130	   2.496	  13.388
15	-335.036	32	  16.340	  17.832	  20.574
16	-328.312	32	  20.316	  14.892	  -2.093
17	-295.814	27	  19.688	   7.717	  24.755
18	-283.512	25	  26.066	 -22.558	  -0.097
19	-255.243	21	  18.414	 -30.170	   4.799
20	-244.962	22	  30.504	   2.976	  -4.896
21	-224.417	21	  30.339	  15.906	  -2.310
22	-222.545	21	   4.663	 -10.640	  -2.617
23	-220.081	20	  27.417	 -17.264	   5.832
24	-216.715	22	  30.312	  -4.886	   1.133
25	-208.515	19	   7.254	   8.080	   2.190
26	-196.468	18	  19.304	  -8.605	  22.302
27	-192.401	16	  12.430	  14.800	  10.186
28	-171.046	16	   5.902	 -16.531	  24.917
29	-167.232	15	  -5.685	 -10.427	  19.677
30	-161.223	16	  -0.463	  -5.678	  28.535
31	-158.939	16	  25.379	   1.063	 -11.551
32	-158.753	16	  14.133	   8.211	  -8.783
33	-156.918	15	   1.670	   6.657	  25.544
34	-151.904	14	  -1.182	  -4.342	   1.446
35	-140.227	13	  23.773	   8.654	 -14.204
36	-130.808	11	  16.934	   1.398	  23.003
37	-128.461	13	  38.212	  15.909	   3.718
38	-127.947	12	  24.028	  23.117	  15.194
39	-122.058	12	  20.190	  15.930	  29.059
40	-119.375	12	  -1.431	 -20.615	  22.505
41	-108.326	11	  27.935	 -20.928	  13.804
42	-107.766	10	  14.831	 -14.490	  24.550
43	-104.577	10	   9.467	 -30.466	   4.716
44	-102.773	9	  11.233	   8.888	  27.995
45	-100.602	10	  37.496	  12.026	  -2.454
46	 -94.054	10	  -7.300	   7.519	  16.484
47	 -91.701	9	  24.428	 -12.891	  20.502
48	 -86.686	9	  -2.426	 -16.259	   9.738
49	 -84.581	8	  -6.652	  -1.911	  15.194
50	 -81.562	5	  12.506	  -7.459	  18.811
51	 -80.998	8	  37.819	   6.770	  19.855
52	 -72.745	7	  12.783	  -8.731	 -10.017
53	 -71.862	7	  37.616	  -0.847	  15.210
54	 -70.258	7	  26.114	   3.962	  28.070
55	 -69.831	7	  12.922	  14.998	   1.587
56	 -69.474	7	  -6.085	  -9.345	   6.451
57	 -63.395	6	  -0.475	   7.374	   4.773
58	 -61.688	6	  -7.932	   5.991	   7.104
59	 -52.690	5	  21.373	  -8.925	  -8.392
60	 -48.493	5	  11.811	  -0.384	 -10.298
61	 -47.495	5	  32.794	  -1.034	  22.674
62	 -42.906	3	   9.211	   0.409	  17.267
63	 -41.913	4	  26.699	  25.635	  26.821
64	 -30.271	3	  18.569	 -30.307	  14.069
65	 -29.593	3	  10.878	 -30.170	  14.831
66	 -29.490	3	  32.891	  27.729	  19.781
67	 -28.982	3	  42.539	  18.072	  20.110
68	 -28.804	3	  29.855	  18.075	  31.106
69	 -28.705	3	  47.877	  15.421	  13.453
70	 -28.437	3	  14.569	 -24.184	  -8.298
71	 -27.817	3	   2.555	 -26.935	  13.115
72	 -21.360	2	  29.801	  12.879	 -10.834
73	 -19.403	2	   3.211	  14.409	  21.621
74	 -18.737	2	  35.718	  -0.591	   6.120
75	 -10.500	1	  26.211	 -30.591	  12.106
76	  -9.380	1	   8.211	 -18.591	  -4.894
77	  -9.357	1	  18.211	  25.409	  24.106
