1	-1434.923	97	  -3.707	   0.177	  34.259
2	-1253.366	109	  -4.352	  15.843	  34.037
3	-944.628	80	  -4.253	 -14.770	  33.928
4	-747.144	69	   2.387	 -23.341	  28.827
5	-698.456	56	  10.481	 -31.143	  23.195
6	-670.309	58	  -6.651	 -21.863	  44.092
7	-668.639	62	  14.709	  10.952	  32.177
8	-663.806	60	   2.671	  22.511	  30.592
9	-645.040	60	  13.627	 -28.661	   0.665
10	-607.514	52	   1.115	 -16.790	  38.806
11	-603.682	55	 -23.810	   8.924	  35.690
12	-599.063	53	 -12.578	  20.891	  33.642
13	-597.324	48	 -22.151	  30.684	  37.868
14	-589.589	53	   4.602	 -10.785	  17.282
15	-586.884	52	  10.068	   0.092	  24.359
16	-570.175	47	  11.245	  31.682	  25.294
17	-570.082	50	 -17.510	  -0.115	  44.689
18	-564.240	50	  17.318	  10.976	  20.711
19	-509.856	49	  -4.578	  -9.912	  72.209
20	-502.229	42	  -4.308	   5.500	  11.190
21	-469.702	39	 -13.151	 -30.987	  50.947
22	-458.414	41	   5.732	 -22.309	  64.646
23	-440.493	42	  12.281	 -20.346	  48.721
24	-436.731	39	  33.591	  27.883	  27.855
25	-422.797	40	  -6.135	  -0.904	  55.881
26	-402.827	38	  22.454	 -11.687	  49.988
27	-394.979	34	  17.941	  -5.591	  41.945
28	-394.841	33	 -24.161	  -9.508	  27.333
29	-394.475	37	  14.176	 -10.154	  21.091
30	-394.302	36	   1.063	  17.324	  61.625
31	-384.721	35	  -2.775	 -25.611	  52.441
32	-369.744	30	 -24.710	 -10.012	  56.917
33	-369.571	33	  11.114	  27.898	  38.674
34	-365.266	34	 -10.472	  12.621	   4.516
35	-364.574	35	  31.128	  16.588	  44.195
36	-361.782	32	  -1.839	 -28.087	  20.072
37	-356.871	33	 -10.627	 -20.820	  28.275
38	-356.649	31	 -29.557	  10.362	  46.430
39	-348.227	35	  -2.480	  25.718	  20.657
40	-347.489	29	  -3.743	   9.280	  55.939
41	-345.881	30	  -8.061	  -8.756	  52.457
42	-344.198	32	  -2.171	 -17.259	  -1.685
43	-344.109	33	  -1.232	  -4.106	  12.926
44	-335.979	30	 -44.159	  27.020	  32.093
45	-331.085	30	 -13.536	  21.293	  13.689
46	-325.970	27	  -7.672	  17.811	  26.063
47	-325.828	31	 -21.197	 -10.846	  48.507
48	-325.151	30	  -7.798	  25.700	  44.330
49	-308.960	29	 -28.186	  -4.718	   0.127
50	-307.232	28	 -27.833	 -19.303	  20.625
51	-304.676	28	  25.626	  22.613	  52.093
52	-303.942	28	 -14.923	  -9.458	  53.191
53	-301.017	28	  20.141	 -30.609	  20.712
54	-299.503	28	 -16.896	 -25.866	  21.873
55	-299.474	27	 -35.433	  15.393	  13.357
56	-298.523	29	  23.291	  35.286	  29.280
57	-296.144	27	 -29.336	  22.208	  15.165
58	-293.675	27	 -27.894	  30.859	  46.885
59	-287.519	27	 -24.377	   2.762	  27.900
60	-287.444	26	 -14.969	 -26.972	  72.619
61	-286.692	26	 -39.903	  11.868	  22.086
62	-282.903	26	 -38.128	  30.154	  40.415
63	-280.180	25	 -20.989	  25.375	  26.792
64	-279.309	27	  21.451	  -8.462	  29.743
65	-277.770	26	   7.844	   9.057	  11.732
66	-276.607	25	 -12.329	 -21.723	   1.206
67	-276.356	26	  -9.986	 -27.996	   7.608
68	-272.797	25	  20.220	  27.339	  50.317
69	-270.782	24	  18.269	 -16.723	  36.080
70	-270.589	26	 -12.805	  -0.541	  -0.734
71	-267.706	24	  17.076	  30.979	  16.380
72	-264.637	24	  20.410	   4.442	  68.538
73	-264.050	25	 -28.484	  -7.504	  22.457
74	-262.986	22	  18.497	 -10.157	  13.732
75	-257.084	24	  22.549	  18.932	  64.411
76	-256.743	23	  15.658	 -19.395	  63.280
77	-251.211	23	   0.946	  17.409	  12.626
78	-250.061	24	  16.151	   6.407	  39.632
79	-247.880	24	   5.022	   6.621	  68.671
80	-247.001	24	 -44.797	  22.540	  40.306
81	-243.323	21	  15.063	  25.839	  58.702
82	-242.049	24	 -12.458	 -13.667	  75.829
83	-241.258	23	 -32.617	   9.929	   2.597
84	-241.018	24	   0.338	  22.007	  46.305
85	-238.545	22	   3.255	  25.756	  50.924
86	-236.766	22	 -22.997	 -19.092	  -0.618
87	-236.469	23	   9.720	 -25.125	  37.349
88	-231.676	23	 -46.240	  14.210	  29.716
89	-230.557	21	 -21.914	  10.625	  46.141
90	-230.214	22	  10.052	  -1.151	  73.834
91	-230.049	23	 -33.216	  -8.603	  14.483
92	-223.535	22	 -13.320	 -25.724	  35.125
93	-221.678	21	 -22.975	 -31.354	  52.627
94	-220.352	20	 -21.648	 -22.954	  71.195
95	-216.998	22	  26.259	 -17.930	  21.556
96	-213.062	21	 -16.770	  11.177	  54.920
97	-210.881	21	 -30.510	 -20.673	  65.953
98	-207.632	19	 -20.987	 -30.915	  64.623
99	-205.251	21	  27.586	  -4.439	  57.691
100	-203.137	20	 -38.862	   5.702	  27.996
101	-201.158	20	 -11.596	 -32.558	  63.334
102	-195.068	19	 -10.761	  18.588	  19.204
103	-192.877	18	  17.563	 -11.281	  71.182
104	-192.860	18	  -5.907	  -8.112	   1.069
105	-189.590	19	 -30.641	  19.696	  54.596
106	-189.522	19	  13.783	 -34.678	  10.329
107	-183.013	18	 -16.734	  -8.973	  -4.430
108	-179.348	17	   6.837	 -15.475	  70.777
109	-179.281	18	 -31.907	 -20.622	  54.549
110	-178.531	18	 -42.566	  20.817	  49.160
111	-178.102	17	 -27.672	 -11.141	  39.814
112	-177.794	17	  14.026	  17.188	   9.453
113	-176.081	17	  28.975	   9.001	  58.771
114	-175.539	17	   7.337	 -17.677	  -4.681
115	-168.632	17	  -2.809	 -24.020	  74.744
116	-166.351	17	   2.166	 -11.755	  -0.322
117	-164.939	16	 -37.415	   1.043	   9.521
118	-164.534	16	 -28.251	  27.382	  25.082
119	-164.226	14	  26.643	   8.816	  48.431
120	-164.143	15	  28.361	  30.980	  21.027
121	-163.738	16	  25.049	 -20.685	   5.220
122	-163.242	15	 -24.891	  19.887	   6.103
123	-160.177	15	 -10.496	  19.158	  53.114
124	-159.527	15	 -23.738	 -20.205	  34.833
125	-158.499	15	 -42.203	  22.994	  20.507
126	-158.176	15	  36.696	  18.596	  36.011
127	-157.854	13	 -36.003	   3.539	  19.183
128	-156.385	15	 -15.417	  -3.500	  62.894
129	-153.132	14	  -7.537	   1.549	   5.809
130	-150.146	15	  19.199	   0.644	  36.169
131	-150.054	15	  17.520	  32.208	  37.882
132	-147.118	13	  26.125	   3.091	  53.439
133	-146.785	14	 -20.407	 -26.835	   8.365
134	-143.690	14	  32.619	  21.619	  15.830
135	-137.724	14	  13.391	  22.978	  65.330
136	-135.041	13	  -1.127	 -29.607	  -2.062
137	-131.532	13	 -29.176	 -21.222	   7.120
138	-130.230	13	 -33.050	  32.838	  31.032
139	-129.593	8	  10.634	   2.637	  54.360
140	-128.994	13	 -26.470	  -2.903	  32.926
141	-128.285	13	  24.313	 -12.297	  64.799
142	-126.199	7	  -5.948	 -16.694	  18.455
143	-121.545	12	  -3.373	 -28.453	  60.504
144	-121.480	12	  28.412	   9.827	  39.242
145	-118.207	12	  35.859	  13.675	  24.244
146	-116.884	12	 -23.175	  14.836	  -0.234
147	-116.702	7	  11.777	  16.489	  41.076
148	-115.693	11	 -24.500	  28.210	  56.516
149	-113.958	10	   0.546	  -2.212	  68.531
150	-108.548	11	 -11.495	 -31.422	  42.783
151	-107.973	11	 -35.292	   3.584	  40.078
152	-107.751	6	 -18.556	  -2.319	  14.464
153	-106.867	9	  21.677	   0.372	  46.369
154	-106.132	10	  10.708	  15.069	  72.247
155	-103.259	10	  28.205	   8.621	  19.278
156	-101.805	10	  32.099	  29.262	  44.086
157	-101.135	10	  -0.640	 -31.524	  12.573
158	 -99.977	10	   6.030	 -35.557	  12.395
159	 -96.273	10	  14.837	  26.890	   7.705
160	 -94.924	9	  26.606	   5.813	  27.334
161	 -93.891	9	  18.269	 -13.596	  -0.444
162	 -91.781	8	  27.991	 -25.605	  26.043
163	 -89.808	5	 -21.091	  13.007	  24.924
164	 -89.432	5	  -0.572	 -13.183	  53.690
165	 -88.598	9	  28.022	   1.140	  63.873
166	 -88.100	9	 -44.821	  10.102	  40.655
167	 -86.640	9	 -32.382	 -11.331	  56.160
168	 -78.968	8	   7.019	  28.835	  59.167
169	 -78.671	8	 -30.826	 -20.861	  40.788
170	 -78.232	8	  23.691	  19.017	  11.022
171	 -77.941	8	   8.918	  -1.769	  17.155
172	 -76.612	7	  19.977	 -29.888	   6.986
173	 -76.514	8	  16.501	   1.635	  27.740
174	 -75.232	7	 -31.429	 -28.389	  46.933
175	 -73.598	7	 -17.037	  31.806	  50.710
176	 -73.220	7	 -20.932	   8.542	  -5.990
177	 -72.553	7	  12.092	  -5.870	   7.390
178	 -71.916	7	 -23.985	 -13.613	  71.803
179	 -69.717	7	 -35.377	  -7.549	   5.239
180	 -67.387	7	 -23.683	 -28.584	  15.398
181	 -66.590	7	 -18.722	  21.864	  58.096
182	 -61.735	5	  -0.879	   4.778	  61.240
183	 -60.371	5	  17.452	 -28.538	  34.657
184	 -57.043	6	 -21.030	   0.013	  -5.578
185	 -56.965	6	  19.479	   9.349	  12.589
186	 -56.675	6	  26.940	 -11.318	  13.596
187	 -53.300	4	  -1.027	  -8.938	  40.260
188	 -52.304	5	 -33.851	  11.600	  54.604
189	 -51.232	5	 -16.708	  21.817	   4.495
190	 -48.946	5	 -14.925	  29.410	  36.255
191	 -48.395	5	  27.885	 -19.974	  13.059
192	 -47.943	3	 -15.267	  17.007	  39.414
193	 -47.896	5	 -35.090	 -16.041	   8.259
194	 -47.460	5	  16.286	  10.190	  72.656
195	 -46.763	5	  13.898	  31.208	  47.664
196	 -44.358	4	   0.501	  27.216	  14.524
197	 -42.907	4	  26.292	 -17.695	  29.922
198	 -41.296	4	  27.734	  11.552	  12.817
199	 -41.153	4	 -30.418	 -16.100	  47.260
200	 -39.297	4	  19.074	 -23.211	  57.481
201	 -38.263	4	 -24.181	   0.780	  40.769
202	 -38.095	4	  23.555	 -29.536	  30.701
203	 -30.838	3	  24.292	  -9.993	  21.241
204	 -28.069	3	 -26.367	 -31.998	  42.275
205	 -28.061	3	  31.631	  35.007	  36.256
206	 -27.949	2	  21.876	  12.007	  29.676
207	 -27.809	3	 -29.025	  35.007	  39.588
208	 -27.383	3	 -38.045	   7.340	  49.260
209	 -25.238	2	   5.746	  17.007	  26.169
210	 -20.403	1	   0.292	  11.007	  36.260
211	 -19.959	2	   4.870	 -36.993	   4.807
212	 -19.727	2	   6.916	  -9.617	   9.835
213	 -18.073	1	   8.292	 -16.993	  28.260
214	 -11.731	1	  -4.708	  -7.993	  64.260
215	 -10.654	1	   4.292	  -9.993	  29.260
216	 -10.544	1	 -20.708	 -28.993	  36.260
217	  -9.913	1	  17.292	  25.007	  30.260
218	  -9.634	1	  -8.708	 -35.993	  57.260
219	  -9.272	1	 -17.708	 -34.993	  40.260
220	  -9.241	1	  26.292	  -4.993	  69.260
221	  -9.139	1	 -17.708	  -7.993	  73.260
222	  -9.087	1	 -29.708	 -14.993	  -1.740
223	  -8.957	1	  16.292	  38.007	  29.260
