1	-866.826	79	  11.015	  11.512	  85.373
2	-729.915	62	  18.188	 -12.462	  99.267
3	-638.614	62	  26.180	  18.963	 128.738
4	-587.074	55	  23.740	  14.975	 136.206
5	-561.986	52	  13.835	   6.980	  78.823
6	-508.933	43	   5.932	  13.137	  98.272
7	-468.068	41	  23.903	   9.266	 147.877
8	-400.824	37	  21.859	  14.303	  75.920
9	-389.089	34	  -0.949	   4.955	  88.184
10	-368.123	33	  30.584	   3.167	 136.962
11	-348.821	34	  18.654	  28.578	 127.897
12	-310.064	24	  49.651	  20.975	 145.853
13	-294.331	28	  41.592	   9.750	 156.915
14	-268.711	26	  14.362	  27.760	 139.248
15	-258.030	26	  23.154	  20.381	  85.712
16	-250.231	23	  16.599	  17.884	 145.258
17	-243.658	22	   9.678	  -6.960	  84.469
18	-235.998	22	  41.745	   3.064	 139.666
19	-233.094	22	  41.761	  15.952	 131.444
20	-207.043	18	  25.661	  37.286	 143.996
21	-198.715	19	   4.546	 -11.476	 107.487
22	-198.087	19	  20.586	  -2.313	 108.816
23	-197.813	19	  14.626	  19.332	  92.667
24	-196.672	19	  41.969	  36.000	 142.636
25	-188.106	18	  13.686	  12.718	 109.182
26	-180.317	17	  11.468	  20.620	 104.706
27	-176.563	17	   4.535	  -2.019	 109.600
28	-169.554	13	  26.047	   9.672	 100.135
29	-156.542	15	  25.729	  16.192	 159.053
30	-150.872	14	  40.678	  23.389	 157.570
31	-147.712	14	  18.209	  13.081	 155.695
32	-147.659	14	  -0.202	  -6.833	  90.151
33	-139.458	13	  50.361	   7.495	 152.021
34	-134.475	12	   8.934	   5.764	 111.574
35	-132.656	11	  26.889	  29.552	 151.181
36	-132.370	13	  27.748	 -11.221	  84.894
37	-130.694	12	  -2.247	  -1.777	 104.967
38	-129.901	13	  49.984	  20.365	 133.910
39	-128.515	13	  46.164	  33.520	 133.779
40	-125.759	12	  51.155	  12.333	 142.584
41	-125.040	12	  -3.798	  -5.115	  97.076
42	-119.261	12	  30.440	  19.962	  77.685
43	-117.590	12	  14.154	 -15.583	  88.293
44	-111.167	11	  34.308	  -4.477	  89.234
45	-107.165	11	  16.043	  39.137	 130.755
46	-106.052	10	  32.067	   9.438	  94.307
47	-102.642	10	  26.289	  33.828	 124.347
48	-100.839	10	   2.570	  11.785	 106.044
49	 -99.813	10	  48.130	  19.676	 156.393
50	 -97.253	9	  33.580	  11.946	 160.135
51	 -96.958	10	  32.284	  26.659	 158.756
52	 -93.009	9	  21.094	  16.475	 105.420
53	 -92.131	9	  17.675	  -5.159	  78.657
54	 -91.483	9	  29.588	   1.611	 149.605
55	 -90.537	9	  34.791	  40.664	 134.841
56	 -89.493	9	  49.789	  29.871	 147.527
57	 -88.079	9	  36.721	   2.819	 131.280
58	 -86.226	8	  42.789	  33.461	 152.076
59	 -80.331	8	  29.112	   6.364	  73.809
60	 -79.084	8	  21.406	  22.134	 157.622
61	 -78.940	8	  34.517	  12.391	 128.144
62	 -71.820	7	  29.573	  -7.306	  97.431
63	 -71.778	7	   7.981	  -0.263	  79.685
64	 -70.531	7	  26.061	  40.095	 132.847
65	 -70.354	7	  34.299	  15.371	  85.019
66	 -69.273	7	  51.161	  28.024	 139.064
67	 -68.336	7	  35.834	   7.456	  85.623
68	 -67.791	7	  37.209	  32.138	 155.517
69	 -67.381	7	  23.552	  17.966	  97.483
70	 -67.368	7	  28.880	  -4.593	  79.065
71	 -64.922	7	  29.849	   1.137	 104.611
72	 -60.609	6	  24.893	  -9.299	 107.244
73	 -59.581	6	  23.513	   7.356	 108.924
74	 -50.963	5	  40.021	   3.264	 152.314
75	 -50.482	5	  10.830	 -15.484	  99.068
76	 -50.357	5	  36.804	  -0.704	 144.942
77	 -49.882	5	  -4.738	   3.920	  98.592
78	 -47.092	5	   0.633	   3.829	 111.930
79	 -40.046	4	  15.718	  -8.995	 109.474
80	 -38.822	4	  38.752	  34.942	 128.792
81	 -38.804	4	  22.929	 -17.314	  93.258
82	 -34.991	2	   6.436	   2.190	  90.736
83	 -31.922	3	  47.436	   9.397	 136.388
84	 -30.845	3	  39.212	  24.278	 127.001
85	 -27.794	3	  16.842	  21.686	 133.851
86	 -25.977	2	  18.992	   7.130	  90.736
87	 -22.172	2	  28.436	  23.686	 141.332
88	 -22.151	2	  26.436	   7.216	 156.736
89	 -19.495	2	  -2.547	 -12.314	 102.295
90	 -19.221	2	  21.962	   5.057	  72.262
91	 -18.916	2	  18.436	  14.202	 131.220
92	 -18.229	2	  18.939	  28.698	 148.730
93	 -12.107	1	  27.436	   2.686	  84.736
94	 -10.881	1	  49.436	   1.686	 143.736
95	  -9.518	1	  34.436	  38.686	 145.736
96	  -9.256	1	  20.436	  15.686	 122.736
97	  -9.236	1	  11.436	  15.686	  74.736
98	  -9.134	1	   2.436	  14.686	  76.736
99	  -8.901	1	  12.436	  35.686	 124.736
