1	-1517.413	135	  51.091	   9.615	  74.471
2	-1371.090	119	 -11.903	  32.595	  49.437
3	-1244.392	98	  29.864	  17.445	  38.965
4	-1218.957	107	  24.118	  56.485	  23.307
5	-1183.731	106	  25.281	  21.731	  19.946
6	-1148.984	98	  46.832	  10.450	  46.783
7	-1130.246	101	  44.907	  23.692	  28.490
8	-1105.576	95	  10.261	  33.715	  32.931
9	-1060.451	93	  -4.597	   5.490	  41.980
10	-1006.571	89	  19.830	  32.679	  64.515
11	-1005.270	84	  53.039	  22.436	  65.199
12	-1003.434	80	  27.358	  28.032	  38.537
13	-997.869	86	  45.530	 -10.809	  27.896
14	-996.485	85	  18.756	  -1.714	  60.570
15	-985.646	84	  49.708	  37.923	  65.998
16	-977.007	84	  35.376	   1.654	  51.408
17	-975.837	82	  46.971	  51.061	  41.416
18	-967.601	83	  15.391	  -6.662	  26.138
19	-962.611	79	  28.777	  -9.640	  32.953
20	-957.762	82	  13.196	  22.263	  17.491
21	-954.104	79	  55.282	  23.263	  34.814
22	-949.472	81	  20.500	  43.830	  63.082
23	-911.168	75	  32.390	  54.509	  37.089
24	-889.774	74	  -6.872	  20.470	  40.603
25	-879.248	67	  27.566	  21.114	  51.070
26	-873.788	67	  19.284	  22.944	  46.665
27	-854.119	56	  29.241	   8.459	  24.971
28	-850.005	54	  33.462	  25.533	  66.192
29	-845.305	73	  17.734	   9.228	  62.579
30	-827.665	64	  41.003	   5.936	  49.242
31	-798.404	61	  12.692	  37.819	  38.876
32	-791.963	50	  38.043	  36.642	  29.702
33	-776.127	50	   6.884	  16.883	  55.025
34	-754.185	62	  16.733	  23.212	  33.400
35	-743.541	71	  40.225	  17.906	  43.339
36	-735.927	57	  13.954	  44.047	  44.074
37	-732.502	65	  31.721	  24.399	  86.744
38	-709.216	63	  32.213	 -11.543	  49.597
39	-701.600	58	  34.372	  17.250	  51.838
40	-679.951	60	  59.502	  13.589	  51.795
41	-679.646	60	  18.231	  54.884	  46.994
42	-672.028	49	  31.921	  13.603	  12.536
43	-669.001	61	  18.700	  38.305	  46.221
44	-658.490	58	  -2.022	  30.379	  27.747
45	-656.422	56	  25.235	  11.382	  49.554
46	-636.837	47	   2.166	  49.263	  34.954
47	-598.716	42	  44.520	  32.851	  18.560
48	-594.840	52	  -5.849	  15.876	  70.804
49	-591.307	50	  24.207	  32.238	  50.116
50	-588.473	51	  33.054	  59.314	  28.100
51	-569.482	50	  53.904	  19.539	  75.019
52	-567.119	51	  38.169	 -12.673	  29.931
53	-564.615	40	  24.419	  26.923	  76.175
54	-547.604	40	   6.082	  13.655	  68.479
55	-541.736	47	 -13.686	  23.237	  47.011
56	-534.218	45	  45.915	  43.265	  12.277
57	-519.944	40	  51.091	  -5.751	  54.656
58	-517.253	44	  36.303	   3.501	   6.411
59	-492.726	45	  40.973	  48.961	  52.638
60	-485.307	45	  57.797	   3.386	  40.140
61	-481.742	44	  12.240	  -5.737	  38.363
62	-477.979	43	   1.714	   7.272	  31.299
63	-477.874	44	 -13.603	  13.666	  67.362
64	-468.957	42	  53.448	  36.252	  53.375
65	-466.858	42	  34.458	  -4.958	   5.618
66	-452.126	40	  21.634	  32.734	  36.742
67	-442.965	41	  29.604	   6.109	  49.572
68	-441.824	41	  47.896	  51.097	  13.008
69	-441.181	40	  38.670	  16.583	  18.598
70	-434.984	38	  34.246	 -15.295	  23.861
71	-415.922	36	  36.473	  29.685	  17.999
72	-412.672	37	  39.335	  27.104	  89.622
73	-390.761	35	  15.390	  29.439	  45.351
74	-390.091	37	  20.548	  23.749	  67.097
75	-381.734	34	  18.716	  -0.974	   7.764
76	-378.400	35	  23.369	  12.255	  75.573
77	-366.961	34	   6.083	  42.319	  64.355
78	-366.061	33	  37.135	  -6.746	  63.452
79	-365.820	33	  56.587	  10.031	  27.586
80	-365.426	34	  57.501	  47.256	  25.531
81	-364.417	31	   8.468	  22.220	  67.867
82	-364.292	33	  -7.111	   0.334	  61.060
83	-363.811	24	  39.475	  26.129	  42.793
84	-363.004	33	  50.918	  37.411	  17.520
85	-353.267	34	  15.516	  18.287	  64.808
86	-351.605	33	   7.538	  40.185	  19.513
87	-349.122	33	  -8.710	  44.316	  50.035
88	-345.190	31	   0.574	  49.105	  46.549
89	-336.890	32	  27.462	  31.822	  81.464
90	-333.708	30	  38.496	  40.550	  81.671
91	-332.940	30	  28.671	  -1.047	  71.704
92	-331.021	31	  12.948	  53.906	  19.720
93	-328.609	28	  54.954	  -5.950	  45.901
94	-325.282	27	  34.861	  10.668	  41.208
95	-320.142	30	  50.540	  17.469	  26.795
96	-306.307	29	  21.975	  28.288	  15.196
97	-304.041	28	  49.695	  -1.852	  71.259
98	-303.591	28	  22.061	   5.143	  67.984
99	-302.393	29	  30.280	  32.477	  10.894
100	-302.087	29	  54.723	  -8.489	  34.425
101	-301.453	27	  16.826	  35.330	  12.365
102	-294.075	28	  28.118	   8.283	   6.612
103	-288.168	28	  60.617	  37.741	  37.398
104	-288.130	27	  13.130	  36.130	  65.982
105	-284.243	27	  43.491	  15.482	  86.109
106	-278.753	26	   4.760	  -6.889	  55.406
107	-275.005	25	  43.423	  -7.960	  13.689
108	-274.834	25	  47.486	  13.635	  17.412
109	-274.607	25	  25.970	  51.400	  54.095
110	-270.224	24	   5.972	  47.926	  24.348
111	-267.290	25	  -0.273	   8.071	  69.610
112	-265.364	25	  46.111	  -6.675	  63.003
113	-264.627	23	  16.915	  61.155	  32.870
114	-260.826	25	  35.116	  54.481	  13.022
115	-259.314	24	   6.095	  29.806	  70.561
116	-254.698	20	  23.664	  20.346	  74.539
117	-253.234	24	 -14.137	  26.034	  62.999
118	-252.894	23	 -12.355	  36.438	  38.378
119	-252.375	21	  59.645	   7.084	  65.785
120	-249.773	23	  20.637	 -11.220	  14.385
121	-247.793	22	  42.835	 -16.868	  40.359
122	-230.530	22	   8.173	   7.715	  14.349
123	-225.749	21	   4.988	  -0.280	  33.686
124	-221.124	20	   2.283	  20.581	  24.578
125	-218.140	20	  40.545	   2.928	  80.726
126	-217.041	20	  -9.236	  37.963	  62.213
127	-216.043	20	  32.450	  48.881	  69.805
128	-215.038	21	  54.156	  46.255	  44.806
129	-211.418	19	  21.408	  -8.472	  49.622
130	-211.323	21	  48.732	 -16.348	  35.405
131	-210.498	21	  45.773	  45.979	  63.026
132	-210.417	19	  57.953	  23.964	  47.646
133	-210.121	19	  51.128	  56.883	  29.872
134	-210.052	20	  30.655	  55.600	  47.789
135	-209.597	20	  10.054	  54.800	  51.962
136	-209.064	20	  -3.581	  18.232	  29.993
137	-208.928	19	  49.933	  36.668	  79.338
138	-206.368	19	  48.664	  44.385	  53.823
139	-205.135	20	  33.295	 -12.556	  57.195
140	-203.472	20	   7.689	  -1.839	  24.360
141	-202.193	19	  58.319	  25.473	  56.254
142	-196.551	17	  -4.284	  56.658	  33.041
143	-196.140	18	 -14.020	   5.238	  51.710
144	-196.003	18	  22.663	 -11.798	  41.328
145	-193.973	18	  53.008	  -4.358	  21.070
146	-191.492	18	  22.291	  50.227	  10.858
147	-191.361	19	  10.537	  -6.753	  49.487
148	-189.170	18	  -0.002	  34.179	  21.525
149	-188.863	18	   4.168	  48.655	  55.015
150	-188.503	18	  30.915	  44.045	   5.805
151	-184.714	18	  16.835	  61.141	  25.171
152	-173.922	17	  31.596	   8.646	  85.665
153	-172.643	17	   0.609	  -3.038	  42.933
154	-171.704	16	  -6.424	  33.298	  71.254
155	-156.371	15	  51.721	   1.685	  13.619
156	-147.160	14	  57.928	 -13.191	  54.717
157	-146.433	14	  28.620	  44.158	  78.319
158	-144.196	14	  16.114	   9.453	   6.184
159	-141.907	9	  15.069	  11.492	  54.542
160	-141.891	13	  54.801	  10.551	  20.073
161	-139.984	13	  23.297	  35.758	   8.382
162	-138.234	13	  44.444	  60.163	  19.543
163	-135.939	13	  65.594	   3.361	  52.799
164	-135.662	10	  41.811	  29.854	  34.956
165	-132.962	12	  49.623	  25.774	  86.500
166	-132.211	12	  62.415	  10.600	  45.411
167	-132.025	12	  60.765	  36.855	  25.936
168	-131.385	11	   3.355	  37.373	  69.595
169	-130.004	12	   2.037	  -3.052	  65.407
170	-128.849	13	  35.308	 -18.217	  40.516
171	-119.642	12	   6.215	  14.449	  17.143
172	-118.121	7	  22.929	  15.384	  26.413
173	-116.910	11	  26.297	   2.884	  77.294
174	-115.377	9	  32.068	  31.569	  51.419
175	-114.360	12	  -8.554	   4.874	  69.276
176	-113.780	11	   0.968	  21.363	  73.083
177	-113.571	11	  -7.718	  41.866	  25.315
178	-112.872	6	  16.357	  42.520	  27.371
179	-104.485	10	  40.390	  36.722	  10.755
180	-104.351	7	   0.742	  31.978	  63.442
181	-104.122	8	  17.827	  11.798	  45.106
182	-102.772	10	  40.152	 -18.083	  54.226
183	-101.336	10	  57.785	  -0.517	  70.869
184	-101.328	9	 -18.964	  15.477	  58.148
185	-100.765	6	  47.421	   6.057	  21.955
186	-100.687	6	  25.709	  16.926	  62.933
187	 -99.597	9	  32.470	 -13.801	  11.551
188	 -99.571	10	  28.990	  50.231	  63.251
189	 -99.401	9	  20.158	  38.946	  72.922
190	 -99.303	6	  28.449	  31.283	  60.839
191	 -97.937	10	  40.330	  54.942	  42.743
192	 -97.140	10	  62.598	  13.761	  62.936
193	 -97.087	10	  54.879	  32.176	  64.628
194	 -96.782	9	  40.727	  61.805	  34.450
195	 -95.918	7	  19.492	  13.696	  35.155
196	 -95.634	9	 -14.435	  43.295	  43.614
197	 -94.519	8	  54.933	  27.165	  24.922
198	 -94.111	9	  24.788	 -16.788	  24.902
199	 -93.955	6	  46.589	   2.196	  38.068
200	 -89.639	6	  30.178	  28.780	  25.573
201	 -88.963	9	  57.100	  36.219	  45.739
202	 -88.087	7	  12.123	   2.340	  67.627
203	 -86.990	8	   4.789	   8.139	  23.184
204	 -83.995	5	   4.381	  38.221	  48.338
205	 -82.347	8	 -15.665	  13.647	  43.029
206	 -82.030	8	  57.752	  28.844	  73.542
207	 -81.884	8	  35.972	  49.198	  60.189
208	 -80.550	8	  44.457	   7.423	  10.408
209	 -80.426	8	 -11.583	  28.987	  31.926
210	 -76.916	8	  55.896	  45.888	  16.229
211	 -76.119	8	  35.233	  36.686	  87.714
212	 -75.830	8	  26.723	  -0.029	   2.339
213	 -72.068	7	  35.194	  -5.529	  76.527
214	 -71.171	6	  20.557	  18.828	  10.387
215	 -70.814	7	  59.861	  29.615	  40.739
216	 -69.559	7	  41.334	  -1.732	   8.950
217	 -68.767	7	 -20.246	  16.438	  49.253
218	 -66.084	6	  25.186	  18.893	  82.410
219	 -62.780	6	   8.717	  61.186	  44.645
220	 -61.918	4	  38.076	  16.385	  28.246
221	 -61.722	3	  14.506	  25.538	  58.950
222	 -60.596	6	  12.695	  -8.608	  59.164
223	 -60.250	6	  61.715	  12.512	  35.815
224	 -59.024	6	  42.573	  63.855	  26.592
225	 -58.402	6	  25.554	  60.510	  34.782
226	 -58.168	6	  -0.087	  57.495	  45.277
227	 -57.949	6	  28.885	  58.207	  16.638
228	 -57.754	6	  13.571	 -12.987	  19.934
229	 -56.417	6	  61.397	   1.996	  26.234
230	 -56.249	4	  39.068	  32.070	  54.308
231	 -56.156	6	  28.595	 -18.465	  17.071
232	 -53.676	4	  32.874	  10.291	  75.755
233	 -50.595	5	  22.081	  62.253	  41.305
234	 -49.937	5	 -15.702	   6.077	  60.751
235	 -49.659	3	  40.597	   4.322	  61.713
236	 -48.983	5	   7.101	  63.647	  32.939
237	 -48.416	4	  43.447	  24.760	  67.160
238	 -47.716	5	  63.288	  -3.758	  46.760
239	 -46.688	5	  53.689	  16.270	  84.154
240	 -42.004	4	  -2.557	  46.877	  63.424
241	 -41.251	4	  34.224	  48.524	  33.506
242	 -40.361	4	  61.866	  19.103	  40.702
243	 -40.202	4	  23.893	  50.349	  71.467
244	 -39.945	3	  38.626	  36.855	  44.257
245	 -39.909	4	 -12.108	   1.631	  42.951
246	 -39.723	4	  18.132	  52.865	  58.670
247	 -39.137	4	  54.660	  40.855	  72.673
248	 -39.099	4	  17.853	  44.407	   4.029
249	 -39.025	4	  63.187	  -2.628	  62.886
250	 -38.900	4	  23.435	 -10.164	  58.427
251	 -38.786	4	  51.893	  58.323	  38.992
252	 -38.714	3	  28.420	  -0.782	  26.851
253	 -38.456	3	  27.571	  40.272	  14.950
254	 -38.124	4	  10.174	  49.874	  60.960
255	 -37.624	4	  33.157	  63.349	  19.437
256	 -36.748	4	  46.151	 -15.654	  59.928
257	 -35.005	2	  30.893	  35.313	  20.950
258	 -31.524	3	  13.206	  43.205	   9.637
259	 -30.175	3	 -11.104	  21.855	  68.282
260	 -30.070	3	  56.197	  27.192	  82.646
261	 -29.956	3	  40.551	 -17.489	  18.983
262	 -29.723	3	  53.207	  55.541	  21.572
263	 -29.543	3	  50.527	 -18.829	  45.681
264	 -29.144	3	  -3.140	  47.822	  21.950
265	 -28.754	2	   6.569	  26.531	  60.950
266	 -28.666	3	  40.180	  48.855	  67.269
267	 -28.638	3	  18.841	 -11.093	  32.058
268	 -28.403	3	 -13.107	  45.855	  34.990
269	 -28.109	2	  50.893	  28.319	  55.950
270	 -27.533	3	   8.915	  17.159	   9.232
271	 -25.355	2	  27.057	   6.314	  61.950
272	 -21.175	2	  -0.657	  16.405	  49.400
273	 -20.819	2	  25.346	  -9.598	   6.950
274	 -20.717	2	  45.333	  34.415	  86.950
275	 -20.657	2	   3.331	  26.417	  17.512
276	 -20.462	2	  -4.650	  26.398	  73.950
277	 -20.269	2	   7.284	  32.928	  14.559
278	 -20.086	2	  38.893	  12.317	   6.950
279	 -19.680	2	 -16.075	  30.371	  57.466
280	 -19.591	2	  45.893	 -11.641	  19.446
281	 -19.422	2	  39.893	  48.342	   9.950
282	 -18.525	2	  64.391	  29.851	  31.455
283	 -14.695	1	  29.893	  14.855	  69.950
284	 -14.351	1	  40.893	   9.855	  23.950
285	 -11.713	1	  43.893	  15.855	  72.950
286	 -11.281	1	  29.893	  -9.145	  63.950
287	 -10.049	1	  58.893	  -1.145	  15.950
288	  -9.425	1	  10.893	   1.855	   9.950
289	  -9.271	1	  23.893	  37.855	   0.950
290	  -8.909	1	  -1.107	  40.855	  74.950
