1	-1460.729	117	  17.810	 -15.689	  19.140
2	-1103.451	100	   6.426	 -10.702	  35.747
3	-1086.394	91	   4.922	 -19.698	  16.564
4	-968.952	85	   4.869	  18.129	  29.513
5	-948.793	84	  33.714	  12.068	  27.086
6	-944.217	80	  15.050	  15.855	  19.528
7	-924.922	85	  -2.412	   8.827	  11.081
8	-882.698	77	  27.620	  -8.634	   2.301
9	-785.440	71	  17.089	   3.020	  13.945
10	-782.531	62	  25.133	  18.623	   9.425
11	-759.162	67	  32.974	 -16.271	  21.775
12	-714.647	64	  15.766	   2.951	  24.470
13	-703.832	64	  44.873	   9.904	  25.866
14	-697.220	63	  20.786	  -2.435	  22.959
15	-669.068	60	 -12.706	   4.563	  11.888
16	-662.566	59	  35.947	  -5.068	  -3.593
17	-632.930	52	   9.324	  -0.284	  20.835
18	-599.006	53	  -2.688	  -7.673	  41.394
19	-576.292	47	  24.181	   0.795	  16.496
20	-554.563	49	  13.364	  -4.118	  15.018
21	-553.242	51	  54.683	   2.214	  37.682
22	-546.817	50	  27.336	 -18.311	  12.759
23	-525.348	48	  37.069	   1.722	 -18.168
24	-523.351	45	 -12.020	 -13.786	  14.712
25	-500.101	44	   6.295	 -16.757	   2.150
26	-494.198	43	  29.770	 -15.052	  35.860
27	-482.781	42	  15.582	  16.242	  39.748
28	-467.512	41	  20.731	  22.189	  18.316
29	-456.340	43	 -15.552	 -15.687	   5.442
30	-455.326	40	  14.870	  16.157	  -1.548
31	-448.896	42	  34.592	  14.702	 -11.334
32	-440.932	41	  -3.615	  11.481	  49.366
33	-435.655	40	  -0.496	  -1.793	  58.881
34	-430.605	39	   2.316	  17.582	  19.056
35	-430.290	40	  50.976	  -9.449	  33.001
36	-424.475	41	  -3.256	 -13.069	  -6.439
37	-403.409	38	   8.173	 -19.232	  26.184
38	-403.120	35	  38.847	  11.756	  -1.027
39	-401.402	36	  40.759	 -15.326	  33.251
40	-400.423	35	  15.378	 -22.161	  21.508
41	-381.560	35	  52.501	   8.439	  43.275
42	-379.330	35	  27.088	   0.985	  50.719
43	-372.775	36	   6.442	  -0.680	 -12.786
44	-366.991	34	 -20.439	  -3.738	  -3.018
45	-363.103	31	  -3.728	 -19.173	   5.161
46	-358.786	31	   5.200	  17.135	  43.629
47	-355.415	33	  -6.764	  -1.198	 -11.454
48	-353.258	34	  39.339	  -9.044	  44.688
49	-352.595	31	  22.177	   1.541	 -20.211
50	-330.514	31	  22.578	   8.136	  49.438
51	-329.990	29	  46.674	   0.984	  46.352
52	-328.237	30	  39.958	   3.512	  49.326
53	-325.614	32	  17.766	  12.131	 -13.415
54	-325.112	28	  24.469	  18.536	  -5.923
55	-321.282	29	   4.382	  -8.237	  -9.250
56	-315.419	29	 -13.564	  -3.578	  -8.828
57	-311.619	27	  16.598	  -9.413	 -13.541
58	-311.294	29	  30.034	  -4.144	 -22.995
59	-311.196	29	  15.293	  -0.210	  57.641
60	-303.446	27	  11.373	   7.523	 -12.011
61	-293.973	25	  -7.357	   7.751	  39.274
62	-289.634	26	   7.924	   1.223	  59.675
63	-271.355	25	  31.890	  -6.075	  47.033
64	-265.853	22	  48.038	  -5.605	  21.538
65	-263.111	25	  17.716	  -9.297	  52.657
66	-244.808	24	  15.433	  12.479	  49.958
67	-227.888	22	   9.925	  21.504	  19.199
68	-223.398	22	  46.213	 -12.056	  25.358
69	-219.568	21	 -11.505	  -2.371	  35.160
70	-214.531	21	  30.475	  18.761	  18.492
71	-211.553	21	 -15.295	  -1.981	  23.048
72	-202.927	20	  -7.434	  16.639	  30.598
73	-201.898	19	  20.447	 -16.458	  -6.710
74	-196.821	14	  17.562	 -13.157	  30.202
75	-194.552	16	  -7.273	  -0.843	  51.556
76	-192.346	12	  18.108	 -13.583	   7.774
77	-183.698	18	  44.831	   2.234	   3.059
78	-173.540	16	   9.960	  11.298	  54.671
79	-172.589	17	  34.122	  17.055	  -3.390
80	-167.989	15	 -21.645	  -3.423	   5.162
81	-167.220	16	  42.904	 -15.415	  15.618
82	-163.197	16	  -6.369	 -20.358	  22.659
83	-161.348	15	  -3.184	  13.984	  41.255
84	-156.914	14	  -1.924	   8.025	  -7.134
85	-156.736	15	  37.078	  20.596	   7.133
86	-152.172	15	  26.597	  20.962	   2.060
87	-143.035	14	  24.639	 -10.867	  43.486
88	-140.754	14	  12.359	  24.508	   5.424
89	-140.745	14	  25.951	 -18.098	   3.798
90	-137.816	14	  37.540	  14.572	  20.764
91	-132.459	13	  12.413	 -24.525	   6.859
92	-131.521	13	   7.243	  11.489	  -4.617
93	-130.312	13	  18.741	  23.621	  11.015
94	-124.097	12	  27.075	 -21.555	  22.581
95	-123.619	12	   5.568	  19.677	   2.054
96	-121.081	11	  47.752	   4.394	  15.182
97	-116.139	11	  20.637	 -19.914	  38.155
98	-110.783	11	  17.445	  25.446	  31.990
99	-107.361	11	  -6.636	  10.750	  17.418
100	-105.797	10	  33.972	  18.337	  40.452
101	-104.723	10	  15.408	 -15.689	  47.491
102	-104.613	11	  -1.390	 -15.960	  54.399
103	-103.237	10	  -0.213	  18.079	  10.691
104	 -95.226	6	  22.433	  14.539	  28.302
105	 -92.910	9	  10.753	 -18.575	  34.632
106	 -90.777	9	  34.306	 -10.325	   4.823
107	 -90.761	9	  30.363	  20.920	  27.366
108	 -89.405	7	  31.314	  11.699	  43.490
109	 -89.124	9	  26.680	 -13.937	 -17.798
110	 -85.828	5	   8.840	  13.324	   9.598
111	 -85.789	8	  25.239	 -23.289	  31.414
112	 -85.234	8	  -3.793	  14.359	  -2.747
113	 -81.744	8	  11.236	 -13.367	  -4.346
114	 -79.384	8	  39.246	  11.432	  48.718
115	 -79.269	7	  15.352	 -20.371	   0.233
116	 -72.602	5	  -7.401	  -1.851	  26.653
117	 -72.245	5	  40.650	   2.318	  11.533
118	 -69.748	7	  23.829	  20.988	  36.208
119	 -69.315	7	  23.782	  14.399	  41.800
120	 -68.710	7	 -20.536	   8.626	  -5.632
121	 -67.358	7	 -24.144	   9.650	   3.506
122	 -64.604	6	 -23.143	   1.830	  10.242
123	 -61.872	4	  17.690	   7.875	  29.584
124	 -60.635	6	  43.934	  14.477	   9.390
125	 -59.940	6	  13.821	  -3.196	 -18.783
126	 -59.465	6	  48.219	  19.968	  36.986
127	 -59.268	6	  38.621	 -12.511	 -15.299
128	 -53.846	5	 -12.547	   9.721	  28.461
129	 -51.361	4	  14.389	   7.553	   9.344
130	 -49.659	5	   2.759	 -12.486	  60.440
131	 -48.713	5	   0.187	  11.926	  58.823
132	 -48.678	5	  55.784	  15.585	  35.761
133	 -47.451	5	  51.042	  16.303	  43.050
134	 -41.085	4	 -11.249	 -13.508	  26.722
135	 -40.135	4	  44.087	  -3.158	  -8.166
136	 -39.868	4	  56.132	   9.808	  29.109
137	 -39.779	4	  -9.148	  -8.110	  45.350
138	 -38.028	4	  30.382	  13.589	 -21.178
139	 -36.456	3	  11.968	  -0.359	   2.710
140	 -31.789	3	  21.565	   0.965	  35.409
141	 -29.116	3	  31.198	 -14.682	  -5.203
142	 -28.708	3	 -17.736	 -15.718	  -4.550
143	 -28.000	3	  53.299	  -9.041	  42.699
144	 -21.543	2	  46.044	  -9.104	  10.478
145	 -19.964	2	  11.097	 -15.682	  54.056
146	 -18.827	2	  -1.402	  21.294	  23.521
147	 -17.981	2	  36.124	 -18.681	  10.055
148	 -15.587	1	  13.622	   4.318	  39.056
149	 -10.871	1	   2.622	  -4.682	   4.056
150	 -10.575	1	 -15.378	  14.318	  -1.944
151	  -9.988	1	 -15.378	  13.318	   6.056
152	  -9.796	1	 -10.378	   7.318	  49.056
153	  -9.436	1	  13.622	  -6.682	  61.056
154	  -9.272	1	  20.622	  -5.682	 -22.944
155	  -9.235	1	  56.622	  -3.682	  25.056
156	  -9.234	1	 -21.378	 -12.682	  10.056
