1	-1152.064	101	  12.742	  21.858	  15.676
2	-1134.974	99	   6.491	  27.152	  10.537
3	-647.716	59	  11.233	  10.910	  19.365
4	-617.043	54	  18.278	  22.155	   1.099
5	-382.478	37	   7.971	  26.736	  19.961
6	-347.037	31	  -7.478	  13.481	   7.684
7	-312.231	30	   1.540	   4.605	   5.240
8	-258.822	23	  -3.963	  20.661	   0.494
9	-250.440	25	  14.777	  32.289	  17.649
10	-245.326	22	  -7.272	  16.536	  17.324
11	-235.022	22	   0.747	  21.060	  26.440
12	-228.128	22	   2.898	   5.761	  23.730
13	-200.344	18	   5.209	  25.299	  -5.536
14	-193.848	18	  10.404	   6.510	  -2.591
15	-178.781	18	  -2.473	  11.223	  26.036
16	-172.774	14	  -2.359	   6.254	  13.500
17	-154.397	14	  18.838	  16.223	   9.911
18	-152.149	14	  16.666	  18.882	  -6.783
19	-147.814	13	   4.046	  11.905	  -5.878
20	-140.385	13	  -1.774	  27.782	  11.968
21	-136.133	12	  -6.373	  25.127	  20.809
22	-119.285	11	  18.115	  39.059	   2.475
23	-101.850	9	  22.430	  25.711	  19.292
24	 -99.236	10	  16.904	  10.317	   1.884
25	 -97.920	10	   0.702	  33.151	   3.332
26	 -97.841	9	  22.411	  31.655	   2.472
27	 -87.781	8	  13.322	  30.870	  -9.568
28	 -81.510	8	   7.207	  42.575	   2.636
29	 -64.730	6	   4.897	  12.987	  31.418
30	 -63.974	6	  25.478	  21.273	  13.821
31	 -59.024	6	  11.942	   4.337	   8.415
32	 -56.438	6	  11.918	  38.477	  -5.832
33	 -41.697	4	  -5.448	  28.408	   4.157
34	 -40.258	4	   8.359	  17.473	 -11.077
35	 -21.611	2	  15.672	  12.311	 -10.351
36	 -18.038	2	 -10.415	  22.962	  10.144
37	  -9.610	1	  25.087	  32.969	  13.649
38	  -9.295	1	   7.087	  40.969	  10.649
