1	-909.592	77	  15.889	  21.054	  18.178
2	-492.693	42	   6.180	  25.113	  27.975
3	-433.399	40	  13.298	  24.904	  11.028
4	-322.924	28	   8.415	  -2.523	  23.669
5	-301.310	27	  19.768	  12.431	   2.255
6	-298.836	28	   4.840	  23.446	   1.859
7	-288.722	27	   8.850	   0.964	  10.513
8	-283.984	24	  -6.366	  12.700	   2.003
9	-259.095	19	  17.052	   1.316	  27.491
10	-246.760	23	  -3.465	  28.158	  16.632
11	-245.223	21	  11.729	   1.574	  32.825
12	-237.090	24	  12.948	  22.936	   2.893
13	-227.679	22	   5.103	   5.322	  33.717
14	-226.792	22	  24.305	  20.531	  15.021
15	-220.760	18	  28.075	   4.803	  21.105
16	-213.675	19	  15.612	  23.757	  25.553
17	-184.765	17	  -3.790	   4.017	  18.701
18	-181.798	18	  27.054	  12.577	   8.694
19	-180.082	17	  13.151	   4.848	  -0.623
20	-179.913	18	  -2.651	  19.569	  -1.789
21	-170.556	16	  20.226	   3.934	   5.935
22	-162.044	15	  20.763	  17.389	  24.346
23	-161.567	14	  23.357	   2.755	  12.799
24	-156.804	15	 -12.992	  13.226	   8.456
25	-150.835	9	   3.253	  10.456	   5.082
26	-150.122	15	  31.549	  11.435	  15.201
27	-130.477	13	 -11.071	  13.054	  19.202
28	-125.634	12	   2.070	  11.919	  33.806
29	-124.339	12	  14.990	  14.649	  32.866
30	-117.582	12	   7.419	  14.156	  -5.221
31	-116.602	11	   0.269	   3.403	   2.253
32	-114.097	11	  -1.489	   2.591	  11.557
33	 -99.099	10	  28.297	   7.543	  35.074
34	 -97.394	9	   0.802	  -1.446	  22.521
35	 -96.962	10	  -7.493	  24.171	   6.535
36	 -93.526	9	  19.211	   6.759	  35.614
37	 -92.856	9	  23.577	  -1.593	  22.452
38	 -87.879	9	  -7.643	   7.524	  24.432
39	 -78.288	8	  -8.107	  17.207	  28.658
40	 -72.429	7	   9.601	  20.104	  36.067
41	 -67.100	7	  25.938	  15.841	  29.989
42	 -49.841	5	  -1.775	  22.803	  29.119
43	 -47.523	5	   0.369	  30.654	   7.070
44	 -39.256	4	  -0.862	   9.122	  -2.659
45	 -38.468	4	  32.872	  13.588	  27.594
46	 -20.552	2	  17.859	  -7.159	  19.852
47	 -19.748	2	  10.863	  32.347	  20.852
48	 -19.582	2	  22.369	  25.297	   4.308
49	  -9.453	1	   4.369	  -2.159	  32.852
