1	-1641.819	141	  35.172	  28.962	  44.404
2	-999.519	87	  44.129	  50.542	  49.896
3	-579.410	53	  39.024	  22.795	  45.449
4	-508.060	45	  47.917	  21.719	  50.078
5	-468.495	41	  37.617	  38.060	  67.771
6	-457.813	41	  21.564	  44.872	  59.030
7	-431.513	41	  48.686	  43.573	  28.432
8	-410.322	37	  30.206	  43.875	  27.671
9	-376.762	34	  59.944	  35.932	  51.292
10	-358.348	35	  24.503	  58.865	  59.299
11	-356.628	33	  41.565	  57.089	  45.345
12	-341.265	31	  17.713	  49.678	  49.618
13	-332.996	31	  52.269	  32.899	  63.537
14	-322.181	30	  20.727	  30.109	  39.728
15	-317.904	28	  29.171	  47.772	  65.179
16	-310.997	26	  18.919	  40.598	  51.224
17	-281.190	26	  40.239	  48.628	  68.284
18	-279.604	26	  30.749	  60.539	  42.057
19	-273.641	27	  30.183	  28.326	  61.960
20	-260.632	24	  24.485	  34.221	  29.648
21	-249.056	24	  51.590	  49.477	  45.745
22	-229.776	22	  48.779	  55.329	  65.348
23	-227.845	22	  53.535	  23.310	  39.168
24	-210.337	21	  27.997	  26.748	  29.674
25	-205.417	19	  57.730	  45.078	  49.812
26	-203.236	20	  18.976	  47.477	  38.950
27	-201.683	18	  42.395	  25.385	  62.825
28	-199.761	19	  24.904	  65.067	  51.245
29	-198.515	20	  37.446	  38.571	  23.243
30	-177.668	18	  38.730	  21.233	  27.579
31	-169.832	15	  22.525	  27.269	  53.041
32	-167.850	16	  44.581	  18.296	  36.894
33	-161.388	13	  23.058	  33.286	  60.179
34	-158.937	15	  35.036	  21.039	  56.928
35	-154.088	15	  34.959	  58.345	  33.749
36	-152.962	15	  54.580	  51.035	  34.515
37	-147.745	14	  58.669	  35.001	  35.050
38	-137.415	12	  58.823	  26.830	  44.658
39	-131.039	13	  32.721	  20.647	  33.542
40	-129.453	13	  42.771	  60.512	  53.775
41	-129.201	12	  27.779	  54.765	  36.076
42	-123.513	12	  57.196	  47.825	  67.403
43	-115.553	11	  46.541	  25.959	  24.741
44	-113.358	11	  39.633	  51.601	  25.644
45	-110.741	11	  26.352	  21.733	  42.661
46	-110.609	10	  62.544	  49.732	  58.570
47	-100.030	10	  18.742	  57.914	  43.463
48	 -95.583	9	  56.045	  28.602	  31.975
49	 -78.247	8	  52.449	  32.840	  26.208
50	 -73.718	7	  55.244	  55.000	  60.115
51	 -71.624	7	  33.265	  62.796	  55.794
52	 -70.215	6	  15.035	  40.067	  43.390
53	 -50.868	5	  31.242	  60.701	  65.381
54	 -48.376	5	  57.986	  44.049	  37.626
55	 -38.482	4	  53.832	  39.618	  70.945
56	 -37.163	2	  48.961	  37.844	  36.408
57	 -30.414	3	  17.092	  61.148	  52.408
58	 -28.193	3	  49.715	  58.458	  31.312
59	 -21.461	2	  45.522	  38.717	  72.408
60	 -20.150	2	  59.395	  29.844	  57.853
61	 -16.854	1	  46.395	  50.844	  60.408
62	  -9.176	1	  12.395	  53.844	  62.408
63	  -8.974	1	  36.395	  26.844	  22.408
