1	-1735.191	149	  36.773	  16.621	  19.289
2	-1302.554	115	  40.224	   1.224	  13.682
3	-1287.636	90	  34.950	  16.287	  -0.131
4	-1222.612	88	  36.093	   1.120	  31.109
5	-1044.197	92	  28.530	   3.970	  11.228
6	-1043.525	76	  20.922	   7.762	  15.638
7	-988.922	72	  49.725	   5.039	  13.087
8	-978.328	88	  29.918	   1.826	   3.286
9	-898.824	82	  38.575	   6.860	 -16.846
10	-859.684	70	  58.033	  -9.175	  16.102
11	-837.854	72	  66.589	   1.572	   3.523
12	-824.226	74	  37.816	  -6.270	  17.604
13	-785.112	70	  29.337	 -16.801	  34.632
14	-785.055	65	  10.181	   2.960	   3.514
15	-777.973	64	   5.741	   0.330	  19.804
16	-758.332	66	  60.897	  26.537	  -2.646
17	-741.204	61	  65.494	  25.678	  13.308
18	-741.123	59	  10.397	  22.762	  32.340
19	-725.809	62	  13.125	  10.613	  43.151
20	-724.242	65	  67.774	   9.585	  22.121
21	-722.722	63	   4.696	   9.207	   8.220
22	-699.909	66	  42.523	 -13.473	  19.339
23	-677.684	60	  30.603	 -19.228	  10.255
24	-671.971	58	  66.673	  -2.953	  21.891
25	-658.541	62	  25.385	  -0.289	  -3.171
26	-648.057	58	   4.543	  21.522	  15.921
27	-647.860	58	  33.984	 -12.916	  -3.295
28	-619.187	48	  51.935	  -0.462	   5.539
29	-604.996	57	  33.818	 -10.677	   9.699
30	-598.494	52	  21.735	  26.336	  28.213
31	-563.809	42	  16.746	  -0.942	  16.159
32	-551.726	51	  32.949	  -7.573	   4.229
33	-532.996	39	  29.617	  18.951	  23.552
34	-508.925	46	  48.571	  36.182	  -6.791
35	-508.542	45	  14.793	  -2.491	  40.898
36	-495.092	36	  44.013	  19.514	  18.235
37	-489.721	47	  17.985	   2.428	  -6.967
38	-472.276	42	  42.173	 -22.236	  -4.132
39	-468.765	42	  22.438	 -15.025	  29.326
40	-464.673	41	  20.471	 -23.701	   4.765
41	-463.027	39	   4.329	  14.956	  41.766
42	-454.302	38	  55.287	  26.494	  18.511
43	-452.158	40	  58.040	  15.920	  23.281
44	-448.862	39	  42.197	 -16.206	 -12.559
45	-448.694	39	  63.399	  -4.229	  15.698
46	-447.301	41	  -2.909	   3.518	  18.037
47	-442.592	40	  41.355	 -13.895	  51.568
48	-438.587	38	  70.265	  26.334	   0.881
49	-432.379	31	  13.589	  16.040	  18.011
50	-427.396	37	  56.059	  17.165	 -11.087
51	-426.938	36	  16.614	  23.180	  18.739
52	-423.349	37	  53.284	  18.184	  27.399
53	-417.163	37	  24.893	  -1.149	  -9.936
54	-416.765	36	  21.006	 -26.411	  14.461
55	-405.957	32	  48.242	  26.800	  22.264
56	-402.197	38	 -11.134	   6.678	  24.415
57	-400.957	28	  58.450	  10.945	  17.047
58	-400.082	38	   9.397	 -24.095	  14.868
59	-396.555	36	  45.264	   2.404	 -12.856
60	-395.674	36	  36.876	  13.096	  52.018
61	-394.971	38	  -8.965	  14.243	  33.481
62	-384.621	36	 -13.974	  18.459	  20.786
63	-382.308	33	  32.450	 -25.280	  19.049
64	-372.285	33	  38.061	  -6.534	  54.513
65	-369.079	31	  21.414	  26.757	  16.768
66	-367.631	31	  31.744	  -9.292	 -13.490
67	-367.313	35	  86.299	   8.200	  14.884
68	-357.448	32	  -0.064	  21.052	  39.624
69	-346.810	33	  48.350	 -20.358	  16.605
70	-346.532	31	  26.004	  11.996	  50.636
71	-345.891	32	  81.860	  16.114	   2.380
72	-344.992	31	  31.088	  22.099	 -24.595
73	-343.011	33	  54.740	   6.440	  50.684
74	-340.003	31	  21.197	  -9.098	  39.321
75	-334.614	30	   4.353	  12.128	   1.437
76	-334.033	32	  20.437	  38.743	  -6.274
77	-331.902	32	  34.130	  -2.671	   9.908
78	-329.396	30	  38.814	  39.978	  -3.622
79	-329.282	31	  29.300	  34.201	 -16.086
80	-328.209	29	  75.780	  26.579	   6.023
81	-321.538	30	  38.364	  37.096	  14.959
82	-319.088	30	  49.754	 -16.546	  23.385
83	-315.627	28	  30.922	  40.622	   4.092
84	-312.301	26	  45.083	  17.875	  46.652
85	-312.144	30	  27.768	   6.057	  56.624
86	-311.869	29	  81.960	   4.475	   4.022
87	-308.619	21	  29.947	  27.057	  27.360
88	-306.744	26	  40.582	 -17.508	  24.332
89	-297.642	18	  42.121	 -19.450	  33.627
90	-294.965	29	  79.494	  12.939	  22.305
91	-291.640	28	  81.420	  20.081	  11.087
92	-288.110	27	  11.859	  18.241	  42.445
93	-282.066	27	  -5.979	  25.836	  19.498
94	-277.431	26	  49.281	  34.952	  10.431
95	-275.493	16	  25.253	   7.275	 -16.927
96	-274.072	25	  58.889	 -14.652	  27.335
97	-267.395	24	  31.865	  24.859	  39.357
98	-257.527	24	  71.996	  19.175	  20.055
99	-254.686	24	  63.628	  30.073	   3.398
100	-248.982	23	  57.935	 -23.090	  -6.317
101	-247.567	24	  38.872	  -6.087	 -15.472
102	-247.260	23	  -5.254	   6.477	  39.937
103	-243.970	23	  25.716	  27.671	 -23.364
104	-240.851	22	   8.696	   9.290	  -7.535
105	-235.299	23	  52.273	  -9.452	  51.000
106	-231.782	22	   2.796	  26.394	  24.769
107	-229.427	16	  47.276	  13.490	  -0.974
108	-228.787	21	  47.508	  13.001	 -14.149
109	-227.505	22	  53.197	 -28.497	  -3.051
110	-226.412	21	  77.298	  17.855	  -5.795
111	-220.444	21	  19.329	  29.188	 -19.034
112	-219.895	22	  22.494	  36.064	  12.579
113	-217.080	21	  65.407	   4.373	  34.413
114	-215.891	20	  56.086	 -14.635	 -11.196
115	-215.362	20	   8.491	  -8.743	  30.920
116	-214.814	20	  45.738	   0.450	  53.988
117	-210.586	20	  74.329	  -2.903	   9.265
118	-205.881	18	  52.032	 -17.888	  32.152
119	-205.789	17	  15.774	  -4.650	  -5.321
120	-201.720	20	  72.742	   2.275	  25.332
121	-199.127	19	  14.391	 -16.803	  25.532
122	-197.294	19	  10.604	  27.312	  -8.975
123	-194.128	17	   5.382	 -22.588	   6.287
124	-193.518	20	  19.055	 -11.499	 -12.727
125	-192.062	17	  15.712	   9.322	 -13.825
126	-184.821	17	  24.759	  21.537	  41.381
127	-182.572	18	  40.301	  40.610	   7.406
128	-178.045	17	  36.358	  29.193	 -22.043
129	-177.736	18	  -0.512	  20.320	   8.319
130	-175.388	12	  23.621	   1.251	  30.689
131	-172.427	16	   7.147	  26.523	   1.259
132	-168.513	16	   9.534	 -24.208	  -0.994
133	-167.880	16	  48.923	 -19.136	  44.603
134	-167.438	16	  55.374	  35.248	 -17.378
135	-167.167	16	  18.869	   3.754	  58.450
136	-165.989	16	  18.730	  17.855	 -22.299
137	-162.138	15	  35.539	  34.854	  23.994
138	-158.694	16	   3.728	  -5.784	  21.847
139	-157.707	12	  58.614	  -2.910	   2.112
140	-156.358	15	  54.001	  19.846	  37.557
141	-153.509	15	  61.470	   9.338	  41.988
142	-153.105	14	  -7.588	  22.382	  30.052
143	-151.019	15	  64.300	  -1.624	  -3.508
144	-150.873	15	  42.433	  31.352	  29.779
145	-150.152	15	  25.851	 -23.089	  24.029
146	-148.232	14	  58.890	   3.417	 -10.295
147	-146.735	14	  13.438	  35.042	   1.799
148	-146.412	14	  54.428	  21.880	 -17.587
149	-142.834	14	  25.448	  -5.944	  58.885
150	-139.138	13	  26.930	  -2.370	 -19.402
151	-138.062	13	  51.225	 -19.680	 -13.776
152	-137.320	13	  61.710	  -3.485	  42.132
153	-136.525	13	  52.341	   1.914	 -12.705
154	-136.012	12	  39.439	  26.028	  37.873
155	-135.189	13	  58.048	 -20.926	  14.129
156	-134.243	13	  22.818	 -12.373	  49.361
157	-127.258	12	   7.377	 -13.504	  22.430
158	-124.318	11	  38.633	 -26.596	  27.494
159	-120.629	12	  35.873	 -26.091	   9.983
160	-119.726	11	  46.726	  30.943	 -23.956
161	-119.102	12	  59.418	  -5.114	  -9.033
162	-118.630	12	  72.907	   7.905	  -8.047
163	-118.293	12	  27.399	 -15.883	  -8.589
164	-118.288	12	  10.788	   2.077	  49.624
165	-118.203	12	   5.567	  -1.205	  41.376
166	-117.887	11	  63.148	 -11.242	   0.103
167	-117.177	11	   7.315	  -5.134	  -4.307
168	-117.128	11	   3.488	  -7.267	  11.508
169	-113.671	11	  47.131	  19.568	 -23.105
170	-111.866	7	  39.370	  14.817	   8.091
171	-108.671	11	  43.354	 -29.500	  14.652
172	-107.582	11	  57.708	  14.255	  46.601
173	-107.080	11	  30.528	  33.976	  32.697
174	-106.983	11	  76.300	  -1.755	  -3.684
175	-106.182	10	  16.514	  -5.469	  49.710
176	-105.680	11	  56.902	 -14.808	  42.992
177	-105.389	7	  19.364	  -0.334	  23.285
178	-104.770	10	  36.124	  23.000	  45.834
179	-100.387	10	  -8.084	  -3.723	  23.713
180	 -98.505	6	  16.504	   9.699	  34.136
181	 -97.563	10	  62.213	  27.203	 -12.318
182	 -93.838	9	  65.692	  17.167	 -11.423
183	 -93.441	7	  49.927	   5.261	   1.570
184	 -92.552	5	  56.364	  19.482	   2.711
185	 -91.841	9	   7.272	 -13.206	  -6.531
186	 -91.688	9	  13.005	  20.021	 -17.790
187	 -91.205	9	   0.536	 -15.195	  11.250
188	 -89.453	9	  19.160	  41.361	   2.206
189	 -88.687	8	  56.018	 -27.165	   9.780
190	 -87.108	7	  32.037	   7.109	  25.832
191	 -86.192	9	  -4.109	  -1.449	  33.219
192	 -85.870	8	  46.930	  37.025	 -18.190
193	 -82.675	8	   2.888	  -6.459	   2.228
194	 -80.714	8	  46.519	 -32.037	   5.116
195	 -80.046	5	  33.127	  -9.842	  24.824
196	 -78.223	8	  48.223	  35.917	  24.391
197	 -74.967	7	  50.511	  -7.978	 -13.423
198	 -74.639	5	  34.921	   3.879	  -5.283
199	 -73.203	7	  66.325	 -12.977	  31.248
200	 -69.084	7	  36.927	  39.066	 -16.084
201	 -68.775	7	   2.803	  14.628	  -8.422
202	 -67.831	7	  -3.641	  14.669	  44.499
203	 -67.687	5	  50.008	  -6.351	  10.872
204	 -61.743	6	   8.602	  27.965	   8.765
205	 -61.278	6	  38.067	   3.287	  58.728
206	 -61.140	6	  30.009	  10.269	 -23.750
207	 -60.856	6	   8.076	  26.234	  39.085
208	 -58.556	6	  48.339	  27.040	  34.584
209	 -58.455	6	  19.517	  27.548	  35.499
210	 -54.010	5	  62.732	 -17.288	   8.387
211	 -53.791	5	  46.749	  13.672	  52.756
212	 -49.695	4	  18.133	  -0.853	   8.330
213	 -48.110	5	  13.803	  -1.284	  56.277
214	 -47.278	5	  78.158	  26.118	  -2.646
215	 -46.863	4	  36.364	  19.457	 -15.989
216	 -44.380	3	  42.663	  11.216	  23.184
217	 -41.836	3	  60.696	   8.663	  -1.423
218	 -41.385	4	  25.388	  36.174	  23.014
219	 -35.051	3	  29.666	  42.908	  -3.078
220	 -33.152	2	  24.364	  12.908	  -6.909
221	 -30.343	3	  69.067	  24.908	  -9.047
222	 -29.381	3	  58.685	  29.506	 -20.381
223	 -28.871	3	  43.045	 -27.092	  36.257
224	 -28.738	3	 -10.957	   8.585	  12.577
225	 -28.088	3	  30.966	  19.896	  50.567
226	 -21.401	2	  49.364	  19.393	  -6.423
227	 -21.020	2	  19.640	 -22.637	  -5.968
228	 -20.792	1	  30.364	  17.908	  13.577
229	 -20.331	2	  64.364	 -20.637	  -2.423
230	 -19.902	2	 -11.027	  21.227	   9.968
231	 -19.729	2	  38.364	 -22.146	  41.037
232	 -19.646	1	  45.364	  -9.092	  31.577
233	 -19.211	2	  31.839	 -19.092	   1.584
234	 -19.125	1	  25.364	  12.908	  25.577
235	 -18.978	2	  15.383	 -10.602	  34.577
236	 -18.903	2	   1.364	 -18.568	  20.577
237	 -18.336	1	   9.364	   0.908	  28.577
238	 -15.965	1	  47.364	  16.908	  11.577
239	 -10.452	1	   3.364	   6.908	  46.577
240	 -10.388	1	  76.364	  10.908	   0.577
241	 -10.073	1	  37.364	  27.908	  12.577
242	  -9.715	1	   3.364	 -18.092	  -0.423
243	  -9.653	1	  23.364	   5.908	 -24.423
244	  -9.650	1	  63.364	 -11.092	 -12.423
245	  -9.287	1	  23.364	  -7.092	  26.577
246	  -9.102	1	  -3.636	  11.908	   6.577
