1	-1196.157	99	  22.709	  22.524	  -4.203
2	-1133.203	97	  32.677	  40.826	  -9.234
3	-1108.816	91	  13.989	   5.342	 -13.236
4	-1014.235	87	   6.992	  60.302	  25.426
5	-898.874	80	  33.972	 -20.584	  23.913
6	-694.974	54	  21.909	  21.647	   7.797
7	-623.479	55	  39.918	   1.605	  39.512
8	-616.175	57	  12.675	  27.513	  13.635
9	-597.496	51	  -2.513	  38.303	  38.399
10	-560.457	50	  25.345	  32.981	  17.811
11	-559.710	51	  30.800	  14.035	  13.771
12	-526.362	45	  18.556	  11.066	  16.229
13	-436.657	41	  19.817	  50.589	  18.410
14	-434.116	42	  12.829	  -1.469	  15.960
15	-430.833	41	  28.868	  43.077	  20.791
16	-429.629	35	  28.260	   0.037	  10.729
17	-392.260	36	  35.693	  -3.406	   6.285
18	-391.336	37	  22.282	  -8.362	  14.215
19	-389.553	38	  31.612	   2.749	 -16.760
20	-385.228	35	   8.074	  46.316	   8.027
21	-369.234	36	   3.027	  54.731	  16.705
22	-365.182	33	  15.453	  19.853	  -2.274
23	-356.081	35	  38.924	   8.082	   8.224
24	-352.188	32	  29.752	  24.517	  -1.041
25	-336.423	31	  14.887	  60.937	   0.378
26	-332.188	32	  30.201	  27.187	   9.719
27	-329.025	32	  13.269	  14.731	   6.724
28	-320.297	30	  15.243	  44.188	 -14.485
29	-319.147	29	   5.482	  49.942	  41.246
30	-316.497	29	  -6.063	  29.399	  21.671
31	-298.626	27	  18.174	  31.704	  36.684
32	-296.678	27	  10.194	  48.985	  19.815
33	-292.458	26	  47.218	 -11.461	  21.224
34	-292.264	27	  40.388	  13.468	  33.129
35	-292.140	28	   6.839	  11.113	  -2.484
36	-283.590	26	   5.056	  34.308	   7.736
37	-270.256	25	  -7.028	  52.161	  19.749
38	-269.277	23	  32.702	  -8.837	  18.010
39	-268.593	25	  46.301	 -11.265	  37.110
40	-264.460	25	  -1.008	  26.889	  31.067
41	-263.160	26	  16.009	  53.099	   9.369
42	-261.253	24	   9.976	 -14.748	  -1.174
43	-257.901	22	  25.641	 -11.487	   2.086
44	-255.488	25	  28.675	  14.956	 -12.213
45	-253.826	24	 -11.562	  44.424	  35.147
46	-242.436	23	  15.185	  41.604	  42.808
47	-241.060	23	  22.186	  40.437	  34.316
48	-236.477	19	  25.925	 -13.831	  22.065
49	-234.851	22	 -14.641	  41.050	  24.314
50	-229.766	21	  18.142	 -15.705	  -1.108
51	-223.835	19	  31.051	 -11.228	  39.303
52	-223.827	21	  34.645	  15.645	   3.153
53	-220.698	19	 -10.151	  33.780	  31.815
54	-219.082	19	  14.418	  42.724	  13.173
55	-214.124	21	   0.169	  44.084	   5.292
56	-210.936	20	  21.500	   3.744	  39.078
57	-208.842	20	  11.616	  59.692	  34.184
58	-207.620	19	  33.567	  58.960	   6.321
59	-202.171	19	  39.170	 -14.220	  15.631
60	-200.498	19	  54.594	  -0.447	  27.568
61	-197.396	18	  23.663	  35.476	 -14.654
62	-196.322	19	  33.182	  15.632	  22.614
63	-195.433	19	  49.371	  -4.255	  37.758
64	-194.303	17	  23.072	   9.915	 -17.706
65	-192.438	19	  40.727	  53.412	  -1.596
66	-191.622	18	  36.178	  31.405	   1.000
67	-189.738	18	  16.238	   1.469	  29.499
68	-186.401	16	  43.552	  -3.626	   8.479
69	-185.573	18	  16.954	  31.483	 -11.512
70	-185.044	17	   3.032	   2.952	  -8.293
71	-182.758	18	 -12.225	  49.152	  27.636
72	-177.499	17	  -8.981	  52.695	  33.415
73	-175.652	16	  16.802	  -7.554	  25.828
74	-174.463	15	  16.226	  16.924	 -10.695
75	-172.010	16	  19.283	 -12.730	 -16.772
76	-169.087	17	   7.720	  44.089	  -4.981
77	-168.162	15	  22.731	  48.621	  29.703
78	-167.348	17	  51.081	  -9.725	  30.272
79	-166.928	15	  28.307	 -16.043	  -4.229
80	-163.945	16	  10.622	  25.170	   4.532
81	-162.386	15	  49.195	   9.608	  23.401
82	-160.963	15	  27.835	  15.704	  32.427
83	-160.208	14	  11.251	  24.761	  32.375
84	-160.150	15	  36.209	 -15.237	  -2.271
85	-157.090	15	  27.177	  58.950	 -11.010
86	-156.487	15	  26.004	  59.625	   5.619
87	-156.338	11	   9.236	  38.727	   2.789
88	-154.029	15	  -4.548	  47.177	  41.139
89	-152.363	15	   4.240	  -7.824	  -9.212
90	-148.685	15	  49.717	   7.578	  33.931
91	-147.768	14	  20.790	  -5.011	  38.957
92	-144.935	14	  41.063	  36.903	   4.253
93	-141.558	14	  42.898	  14.499	  26.384
94	-140.817	13	  24.868	  50.381	 -16.955
95	-136.526	14	  38.112	   1.620	  -5.690
96	-134.400	9	  34.752	   4.812	   2.832
97	-132.087	13	  21.544	  -2.956	 -21.228
98	-129.048	13	  31.971	   0.669	  42.853
99	-128.924	13	  -8.204	  43.081	   8.823
100	-128.160	12	  42.326	  42.730	  -2.392
101	-127.829	12	   5.569	  38.159	  43.580
102	-127.420	12	  33.596	  52.300	 -12.051
103	-123.285	12	  13.071	  -5.469	 -17.992
104	-114.061	11	  10.218	  30.324	  -1.399
105	-111.979	11	  38.947	  40.929	  14.403
106	-101.880	10	  44.495	 -17.107	  30.932
107	-101.493	10	   9.618	  24.787	  22.207
108	-101.040	10	   6.177	  56.169	   3.022
109	-101.033	10	  26.395	 -20.199	  30.283
110	-100.947	9	  38.969	  -8.161	  41.772
111	 -99.322	10	  28.026	  -6.613	   7.393
112	 -97.880	7	  21.103	   3.703	  11.802
113	 -96.353	10	   4.779	  31.201	  40.572
114	 -94.654	9	  42.083	  53.036	   8.885
115	 -93.677	9	  -8.475	  35.536	  13.065
116	 -92.665	9	  16.603	  50.743	  39.873
117	 -89.151	6	  21.817	  38.797	  14.442
118	 -84.794	8	  51.665	  -2.162	  11.969
119	 -84.239	9	  20.756	  26.525	  22.201
120	 -81.928	8	  19.300	  12.168	  31.830
121	 -71.225	7	  25.191	 -12.832	  35.767
122	 -71.145	7	  -4.377	  58.415	  29.916
123	 -70.350	7	  50.624	   6.278	  16.259
124	 -69.153	7	  35.529	  57.107	  -6.342
125	 -67.105	7	   3.192	  26.887	  19.482
126	 -62.637	6	  29.495	  27.126	  -9.700
127	 -59.853	6	  32.465	  10.474	  40.256
128	 -56.276	6	  10.551	 -11.218	 -13.730
129	 -55.814	6	  18.524	  56.757	  24.231
130	 -54.263	5	   1.446	   0.768	   0.494
131	 -49.382	5	  42.080	   2.312	   0.840
132	 -49.022	5	  43.847	  11.420	  16.658
133	 -48.405	5	  44.037	  48.633	  15.222
134	 -46.869	3	   5.886	  42.278	  25.772
135	 -40.615	4	   9.745	   8.799	   9.532
136	 -39.332	4	  36.678	  33.539	  11.252
137	 -38.871	4	  22.486	  27.811	  32.751
138	 -38.165	4	   0.554	  58.681	  37.354
139	 -37.992	4	  -0.797	  -4.972	   7.511
140	 -31.077	3	  40.171	 -16.674	  38.111
141	 -29.920	3	  -2.099	  30.381	  13.987
142	 -29.632	3	  37.530	  57.940	  14.790
143	 -28.905	3	   2.219	 -10.998	   1.425
144	 -27.622	3	  31.214	  53.290	  20.102
145	 -27.195	3	  34.879	  10.622	 -10.541
146	 -20.856	2	  20.774	 -16.196	 -11.248
147	 -20.245	2	  -7.269	  51.294	  10.244
148	 -18.831	2	  36.203	 -23.214	  13.772
149	 -18.655	2	   6.769	  -9.706	  13.259
150	 -18.332	2	  25.202	  61.794	  -4.728
151	 -18.305	2	   8.673	  67.804	  25.752
152	 -15.366	1	  15.203	  33.294	   7.772
153	 -11.506	1	   6.203	  64.294	  15.772
154	  -9.914	1	   9.203	  59.294	  -8.228
155	  -9.782	1	  10.203	  35.294	  -9.228
156	  -9.564	1	  36.203	  -5.706	 -11.228
157	  -9.451	1	  17.203	  60.294	 -14.228
158	  -9.265	1	  36.203	 -13.706	 -12.228
159	  -9.180	1	  54.203	  -8.706	  21.772
160	  -8.969	1	  30.203	 -12.706	 -19.228
