1	-1059.377	93	 -16.730	  86.055	 100.339
2	-1051.149	94	  -3.626	  76.621	  83.458
3	-980.135	83	  15.222	  73.916	  89.583
4	-955.043	81	  -8.986	 100.119	 109.407
5	-815.039	72	  -7.101	  83.547	  75.799
6	-805.880	71	 -19.055	  74.437	 106.306
7	-799.298	71	   3.046	  81.560	  94.515
8	-771.373	74	  -5.361	  93.937	  94.922
9	-771.245	67	  -3.754	  88.570	 101.239
10	-735.892	51	   9.889	  75.867	  82.676
11	-723.371	72	   1.238	  75.303	  99.381
12	-671.451	47	 -13.977	  93.075	 111.100
13	-641.801	58	 -36.497	  71.639	 120.087
14	-630.451	58	  -4.986	  79.208	  53.945
15	-545.351	44	   5.491	  96.445	  79.919
16	-537.403	43	  -4.482	  74.299	 116.976
17	-517.947	49	   3.302	 105.589	  90.547
18	-496.225	45	  12.900	  91.395	  79.295
19	-478.529	46	  -9.409	  97.993	 125.634
20	-468.543	43	  23.351	  80.935	  78.387
21	-445.623	42	 -16.630	  77.327	 100.535
22	-444.300	40	  26.848	  72.408	  75.148
23	-439.398	41	 -15.275	 106.268	 123.622
24	-439.155	40	  20.609	  77.995	  67.566
25	-420.547	41	   7.892	  70.486	 113.009
26	-365.917	32	 -19.676	  93.988	 128.511
27	-360.909	31	  -7.188	  81.906	 120.863
28	-359.478	33	 -12.096	  73.577	  73.933
29	-335.941	31	 -17.900	  70.360	 115.364
30	-326.213	29	  -2.583	  90.215	  69.010
31	-324.005	25	 -31.961	  71.246	 109.174
32	-311.998	23	   2.621	  66.062	  73.137
33	-306.144	28	 -41.078	  84.034	 125.080
34	-295.405	29	 -22.577	  86.788	 130.437
35	-293.669	29	   0.709	  87.814	  62.266
36	-292.396	25	   4.325	  69.257	  51.867
37	-280.792	28	 -23.202	  72.189	 121.853
38	-273.913	26	  16.462	  81.348	  62.253
39	-272.451	26	 -30.495	 103.752	 116.353
40	-271.160	18	  18.140	  73.675	  77.339
41	-266.733	26	  -3.632	  66.408	  60.389
42	-263.896	22	 -10.909	  75.745	  63.257
43	-263.776	24	  14.838	  62.945	  78.723
44	-260.775	22	 -36.498	  91.191	 126.544
45	-252.130	24	  11.169	  90.462	 104.312
46	-245.861	24	 -23.075	 103.674	 112.157
47	-225.228	22	  26.951	  68.168	  81.085
48	-214.505	20	 -27.446	  77.018	 100.666
49	-214.469	21	  -3.029	 100.073	  80.121
50	-202.910	12	 -16.334	  98.585	 119.155
51	-202.682	19	  14.573	  59.878	  71.721
52	-197.119	19	  19.881	  86.272	  84.726
53	-195.633	18	 -45.178	  76.539	 127.904
54	-195.599	18	  -9.401	  68.321	  98.807
55	-193.268	18	  -6.802	  92.749	  76.262
56	-190.801	17	   7.620	  99.670	  97.224
57	-184.469	18	  -0.632	  85.077	 120.606
58	-182.251	16	  16.793	  71.699	  57.575
59	-176.872	16	 -13.468	  96.800	  99.408
60	-169.157	17	  -4.816	  72.201	  92.501
61	-167.720	17	 -21.491	  95.277	 102.669
62	-166.352	16	 -33.362	  92.366	 105.912
63	-164.036	16	  14.863	  73.437	  99.787
64	-160.322	14	  20.320	  87.635	  97.763
65	-159.053	10	 -27.974	  88.635	 110.010
66	-153.802	15	  -4.401	  92.816	 120.969
67	-153.708	15	  23.385	  62.261	  63.431
68	-151.230	15	  11.663	  75.676	 107.627
69	-143.138	14	 -22.878	  75.128	 129.790
70	-140.942	14	 -11.343	  72.885	 125.062
71	-140.798	14	  -1.467	 103.791	 103.430
72	-139.419	14	  -3.223	  67.006	 112.286
73	-138.284	14	 -39.901	  88.388	 114.530
74	-133.897	12	   1.469	 102.168	 109.886
75	-131.497	13	 -31.019	  93.340	 130.930
76	-131.397	13	   8.332	  88.777	  58.456
77	-130.812	13	   7.300	  96.025	  69.045
78	-130.646	13	   4.702	  66.660	  83.284
79	-125.868	11	 -14.192	  88.772	  87.463
80	-124.050	12	  13.770	  99.638	  88.219
81	-122.643	11	  25.150	  62.765	  72.971
82	-120.690	12	  -3.718	  61.991	  69.653
83	-119.512	11	   8.386	  96.153	 113.192
84	-119.488	11	  11.127	  65.391	  56.995
85	-112.779	10	   4.050	  68.918	  91.251
86	-108.826	11	  10.917	  74.185	  50.390
87	-104.021	10	 -25.243	 108.922	 124.142
88	-103.615	9	  19.765	  78.709	  95.518
89	-100.442	10	 -32.438	 104.589	 127.934
90	 -93.072	9	 -40.474	  80.005	 113.317
91	 -86.920	7	 -15.212	  80.547	 110.083
92	 -86.866	9	 -37.090	  74.332	 105.297
93	 -85.545	7	  -0.187	  84.208	  78.500
94	 -83.589	8	 -12.979	  68.738	 110.025
95	 -82.287	8	   0.106	  72.307	  44.478
96	 -69.886	7	  -6.948	 101.727	  87.975
97	 -68.812	7	 -40.334	  96.649	 122.111
98	 -67.590	6	 -33.026	  70.815	 130.685
99	 -63.029	6	 -45.691	  82.054	 132.297
100	 -61.766	6	 -36.926	  83.284	 106.958
101	 -59.392	6	 -12.521	  84.549	  81.576
102	 -58.729	6	  25.208	  82.851	  89.859
103	 -58.398	6	  -0.270	 101.374	 118.981
104	 -50.679	5	   9.454	  84.176	  46.440
105	 -49.264	5	 -35.463	  83.668	 132.578
106	 -48.794	5	  16.354	  88.631	  66.486
107	 -48.457	5	 -15.079	  77.658	  89.594
108	 -47.951	5	   9.928	  85.292	 117.132
109	 -41.743	4	  15.190	  57.858	  62.189
110	 -40.830	4	 -15.889	  82.806	 130.715
111	 -39.664	4	   3.979	  62.104	  58.199
112	 -36.724	4	   7.208	  70.087	  43.701
113	 -34.426	3	   0.690	  65.858	 105.897
114	 -30.441	3	 -39.279	  96.164	 111.871
115	 -30.054	3	 -19.262	 111.858	 117.860
116	 -29.778	3	 -12.259	  94.858	  82.189
117	 -29.247	3	 -26.279	  66.858	 115.182
118	 -27.872	3	 -11.279	 110.538	 112.858
119	 -21.782	2	 -21.755	  77.858	 115.189
120	 -20.382	2	   5.236	  57.858	  65.189
121	 -19.081	2	   1.192	  69.387	 119.189
122	 -18.893	2	   5.169	  79.858	 121.189
123	 -12.925	1	   0.721	  82.858	  69.189
124	 -12.856	1	   6.721	  85.858	 101.189
125	 -12.016	1	  -3.279	  74.858	  70.189
126	 -10.361	1	  -8.279	  86.858	  62.189
127	 -10.156	1	   1.721	  86.858	  51.189
128	  -9.344	1	  -3.279	 106.858	 124.189
129	  -9.282	1	  22.721	  69.858	  89.189
130	  -8.900	1	  29.721	  68.858	  65.189
