1	-1803.040	145	  29.877	  11.383	   1.302
2	-593.252	48	  20.027	   8.165	 -17.428
3	-551.203	51	   7.965	  15.535	   0.767
4	-515.816	48	  21.564	   8.358	  11.964
5	-475.212	40	  34.506	  15.375	  -3.314
6	-354.758	32	  40.975	   6.751	  -0.879
7	-311.764	29	  13.180	  32.174	   3.091
8	-290.572	27	  37.665	  14.020	   7.350
9	-286.173	28	  15.503	  20.040	  16.887
10	-284.891	25	  17.300	  20.764	  -9.555
11	-280.366	26	   6.860	   3.775	  -8.898
12	-260.760	25	  26.331	  26.112	  16.046
13	-243.698	21	  14.880	  -0.399	  -0.025
14	-234.342	20	  32.445	  26.215	   2.372
15	-219.362	20	  29.312	  18.841	 -14.003
16	-205.583	20	  17.957	  29.995	  -4.699
17	-201.128	19	  22.515	  29.151	   6.220
18	-187.600	18	  27.526	   0.034	 -12.680
19	-166.327	16	   4.632	  24.819	   6.520
20	-160.547	14	   9.821	   6.108	   8.393
21	-153.359	15	  34.776	  12.857	 -19.493
22	-152.070	14	  34.234	  25.027	  10.512
23	-150.221	15	  28.319	  25.868	  -5.333
24	-149.435	15	  24.109	  -1.802	   2.136
25	-149.109	15	  18.481	  -3.598	  -7.566
26	-139.292	14	  11.414	  -1.698	 -12.872
27	-137.602	13	  19.659	  16.330	 -20.211
28	-137.490	14	  37.735	  -2.779	  -4.964
29	-113.438	11	   7.061	  13.819	   8.431
30	-102.654	9	   7.407	   1.745	   1.439
31	-101.911	10	  28.948	  20.285	  19.882
32	 -67.840	7	  35.238	   1.061	 -16.210
33	 -66.733	7	  11.323	  13.450	 -15.445
34	 -43.333	4	   8.809	  23.266	  -4.260
35	 -38.996	4	  36.192	   1.115	   7.056
36	 -31.050	3	  38.364	  19.575	 -13.068
37	 -30.588	3	  14.749	   9.258	  18.224
38	 -29.459	3	  32.366	  11.283	  13.557
39	 -29.257	3	   5.661	  22.625	  13.877
40	 -28.879	3	  30.742	  -5.717	  -8.137
41	 -27.365	3	  21.059	  11.626	  23.564
42	  -9.167	1	  43.051	   6.283	 -11.776
