1	-1041.862	88	  -8.439	 100.141	 109.872
2	-1039.217	90	  15.804	  73.888	  90.105
3	-855.478	75	  -3.260	  88.205	 101.712
4	-822.988	80	  -5.845	  94.585	  95.168
5	-789.396	67	  -1.993	  75.486	  84.593
6	-750.322	71	   4.208	  77.981	  98.544
7	-708.148	60	 -16.437	  86.278	 102.024
8	-706.609	64	 -17.712	  77.208	 103.549
9	-700.294	49	  10.454	  75.598	  83.077
10	-684.527	49	 -13.437	  93.307	 111.717
11	-632.279	57	   0.975	  84.721	  93.798
12	-620.172	50	  -3.563	  73.668	 117.466
13	-604.874	51	   4.866	  97.301	  79.668
14	-596.432	54	  -7.357	  80.691	  80.436
15	-591.343	54	 -16.712	  70.327	 113.388
16	-585.572	54	  -5.400	  79.067	  54.772
17	-571.125	53	  19.604	  79.131	  66.808
18	-562.810	51	 -35.559	  71.425	 121.068
19	-551.794	51	  -4.498	  89.008	  71.314
20	-530.779	49	   4.231	 105.055	  91.045
21	-529.187	49	  13.483	  91.331	  79.477
22	-513.800	50	  -0.263	  72.913	  99.179
23	-477.507	46	  -9.052	  96.825	 125.964
24	-445.483	41	 -14.774	 106.354	 124.047
25	-443.293	42	  27.400	  71.049	  78.295
26	-435.010	39	 -12.206	  73.099	  74.277
27	-415.999	37	 -11.304	  77.370	  65.317
28	-412.532	37	 -19.257	  93.876	 129.160
29	-398.700	37	 -25.191	 103.104	 113.210
30	-395.892	35	  -6.566	  81.893	 121.408
31	-370.474	36	  24.312	  80.904	  77.994
32	-362.061	31	   4.607	  69.268	  52.030
33	-345.289	32	  11.236	  76.460	 109.591
34	-329.368	32	 -23.592	  71.928	 121.696
35	-326.584	31	   8.028	  69.794	 114.081
36	-316.196	29	 -40.526	  84.274	 125.856
37	-302.393	29	 -21.888	  85.639	 131.286
38	-296.636	29	   0.743	  87.533	  62.569
39	-296.416	26	 -36.513	  91.707	 126.356
40	-285.822	25	  12.390	  66.907	  57.029
41	-283.171	26	  15.404	  62.825	  78.945
42	-275.397	26	 -28.820	  77.124	 101.194
43	-265.339	25	  15.388	  59.837	  72.044
44	-259.102	18	 -16.087	  80.694	 111.303
45	-253.375	25	 -28.715	 106.707	 122.064
46	-234.160	16	   0.956	  82.307	  77.408
47	-226.111	22	  20.377	  86.467	  85.581
48	-224.918	20	  -5.798	  93.155	  76.850
49	-219.689	21	  -4.503	  67.286	 111.719
50	-213.025	20	  -5.525	  67.371	  62.267
51	-212.404	13	  18.749	  73.364	  77.897
52	-210.886	19	   4.596	 101.209	 110.304
53	-207.965	12	 -15.960	  98.506	 119.753
54	-204.417	19	  -4.320	 100.234	  82.558
55	-201.055	19	  12.045	  91.694	 102.889
56	-195.359	19	 -44.734	  76.776	 128.413
57	-188.600	18	  24.378	  62.057	  70.828
58	-184.210	17	  20.932	  87.497	  98.371
59	-177.181	17	 -32.452	  92.498	 106.396
60	-176.758	17	  -2.651	  93.463	 121.159
61	-170.356	15	  20.132	  78.566	  95.171
62	-166.407	12	   2.214	  69.298	  72.593
63	-165.474	16	  15.617	  73.789	 100.737
64	-161.694	14	 -13.063	  96.685	  99.814
65	-161.324	16	  -0.085	  85.474	 121.070
66	-159.756	16	  -0.495	 103.654	 103.707
67	-144.187	14	   0.481	  61.359	  72.765
68	-143.025	9	 -27.438	  88.684	 110.468
69	-139.059	14	 -20.793	  94.930	 102.524
70	-134.928	13	 -22.355	  75.371	 130.530
71	-133.725	12	   4.372	  69.033	  91.710
72	-132.026	13	   0.305	  72.873	  44.995
73	-131.454	13	   8.448	  88.675	  59.070
74	-126.007	12	 -10.886	  72.961	 125.894
75	-121.611	12	 -39.454	  88.777	 115.269
76	-121.334	12	   1.850	  62.916	  60.981
77	-120.598	12	 -32.642	 101.189	 130.146
78	-118.181	10	 -32.715	  71.956	 109.094
79	-117.105	11	  11.989	 100.083	  85.321
80	-115.160	11	   7.503	  96.084	  69.111
81	-101.491	10	 -39.845	  79.723	 113.944
82	-100.784	9	  14.314	  82.061	  58.809
83	-100.341	10	 -14.890	  86.741	  94.211
84	-100.245	10	 -35.557	  84.047	 132.841
85	 -92.820	8	 -36.231	  82.800	 108.070
86	 -89.161	9	  -6.365	  73.057	  90.903
87	 -78.773	8	   6.817	  66.082	  81.697
88	 -76.941	8	   0.510	  67.204	  85.080
89	 -72.316	7	  11.750	  75.333	  51.930
90	 -71.811	7	   8.049	  98.964	  98.653
91	 -70.789	7	  -8.189	  66.165	 103.157
92	 -66.806	7	  23.494	  62.537	  62.117
93	 -64.904	6	 -29.319	  91.796	 131.449
94	 -64.503	6	   1.197	  65.830	 106.496
95	 -62.279	6	  17.825	  97.031	  93.981
96	 -62.268	6	  25.549	  62.373	  80.178
97	 -61.907	6	  18.693	  72.243	  58.672
98	 -60.519	6	 -12.780	  71.890	  98.145
99	 -60.015	6	   9.374	  85.148	  47.683
100	 -59.464	6	 -14.462	  77.025	  90.510
101	 -56.357	6	  10.535	  85.788	 117.800
102	 -52.457	5	  10.776	  88.516	 110.256
103	 -52.367	5	  16.135	  88.220	  65.326
104	 -50.521	5	 -13.397	  91.080	  84.207
105	 -50.250	5	   0.411	 101.258	 119.414
106	 -49.346	5	  25.798	  82.818	  89.532
107	 -49.039	5	   8.209	  96.830	 115.480
108	 -41.146	4	 -32.994	  70.573	 131.420
109	 -40.809	4	  15.038	  58.051	  62.671
110	 -38.942	4	 -25.558	  66.830	 115.407
111	 -38.827	4	 -18.059	 111.830	 118.895
112	 -38.105	4	  26.444	  73.085	  66.919
113	 -31.973	3	 -43.508	  80.444	 136.954
114	 -29.637	3	 -37.791	  68.830	 113.682
115	 -28.901	3	 -32.478	  75.479	 137.671
116	 -28.751	3	 -10.791	 110.492	 113.013
117	 -27.347	3	 -38.452	 100.502	 121.671
118	 -21.452	2	   2.209	  86.325	  51.671
119	 -20.478	2	   5.675	  57.830	  65.671
120	 -20.067	2	  -8.275	  86.830	  63.155
121	 -19.079	1	 -14.791	  84.830	 120.671
122	 -13.468	1	  10.209	  83.830	  73.671
123	 -11.556	1	  -2.791	  74.830	  70.671
124	 -10.780	1	   9.209	  72.830	  41.671
125	 -10.456	1	 -38.791	  95.830	 112.671
126	  -8.934	1	   5.209	  79.830	 121.671
127	  -8.902	1	  24.209	  66.830	  89.671
