1	-987.096	77	  29.297	  13.744	  73.186
2	-984.485	78	  16.526	 -11.750	  74.276
3	-888.573	65	  21.061	  -0.110	  12.877
4	-884.928	70	  13.005	 -11.245	  -4.810
5	-877.295	69	  28.424	  10.932	  -5.593
6	-826.205	60	  22.504	   0.665	  55.583
7	-773.154	67	  26.482	 -18.567	  18.805
8	-732.737	65	  23.559	  -7.969	 -12.882
9	-727.031	59	   2.702	  -2.500	  50.548
10	-708.219	61	  15.054	  -0.974	  81.374
11	-698.817	64	  44.204	   2.308	  12.194
12	-695.787	62	  -4.091	   4.099	  -6.643
13	-682.697	57	  41.628	   2.683	  48.667
14	-672.054	54	  29.323	   1.452	  23.356
15	-664.245	52	  19.537	   8.484	  46.552
16	-664.073	47	  18.562	  15.309	  12.196
17	-653.330	58	  18.707	   7.926	 -12.707
18	-641.266	58	  11.144	  19.102	  45.813
19	-628.395	46	  36.797	   4.924	  56.997
20	-627.516	55	  31.508	   1.508	  81.305
21	-584.245	41	   7.937	  -3.877	  57.745
22	-577.132	53	  19.642	 -15.372	  51.927
23	-569.420	52	  24.386	  15.922	  51.205
24	-566.490	52	  38.471	 -19.757	  74.349
25	-562.905	41	  23.180	 -14.366	  11.123
26	-559.022	51	  30.271	 -21.172	  56.313
27	-552.847	42	  13.018	  -1.094	  21.914
28	-550.296	47	  36.002	 -26.045	  20.194
29	-544.067	40	  24.652	  -7.375	  46.752
30	-522.974	49	   9.754	  -0.451	  30.137
31	-512.551	44	  -6.806	  13.967	   8.837
32	-508.305	44	  51.629	  -1.855	  47.061
33	-507.569	48	  34.211	   8.771	  17.387
34	-465.568	43	  26.169	 -10.049	  37.708
35	-459.889	41	  14.819	  19.182	  20.016
36	-455.008	42	  11.922	  31.541	   2.919
37	-450.512	42	  33.957	  -1.662	  29.744
38	-447.443	38	  47.876	 -18.223	  58.408
39	-445.452	42	  17.696	 -34.855	  16.124
40	-443.925	41	   5.555	  25.572	 -11.985
41	-427.222	39	  16.642	  10.365	  38.193
42	-423.397	41	  -6.334	   4.242	  81.464
43	-422.505	40	  52.797	  18.147	  51.061
44	-411.553	34	  48.617	 -14.063	   8.906
45	-411.100	35	   5.685	  26.091	  20.666
46	-409.269	35	  45.374	  -5.931	  -6.122
47	-405.364	37	  24.463	  34.890	  15.628
48	-395.228	36	   0.649	   0.740	  22.658
49	-392.476	36	  15.687	  21.718	  55.893
50	-388.541	34	   7.231	  20.058	  74.791
51	-386.940	35	  44.396	 -13.603	  78.840
52	-379.083	35	  -1.279	  -2.905	  13.091
53	-376.007	35	   4.131	 -10.407	  81.008
54	-375.433	34	   3.098	  21.676	  66.348
55	-359.004	34	 -10.121	  -7.783	  67.776
56	-358.684	32	  -7.887	 -17.294	  53.556
57	-353.977	33	  -0.207	  26.611	   0.096
58	-350.842	33	  28.091	 -33.150	   1.541
59	-347.891	30	  -3.491	  19.007	  60.196
60	-339.048	29	  -1.279	  14.290	 -10.147
61	-338.726	31	  48.774	  -7.598	   2.271
62	-332.893	31	  13.567	  24.473	  77.918
63	-329.412	30	  -0.236	  15.029	  79.488
64	-322.735	31	  55.634	   8.408	  64.869
65	-321.293	29	   5.445	 -10.083	  14.147
66	-316.836	29	  38.460	 -16.265	  83.876
67	-315.728	28	  30.204	 -17.763	  46.587
68	-313.595	29	  21.602	  22.719	 -12.485
69	-313.012	30	  41.699	 -21.093	  65.932
70	-307.661	29	  -3.702	  -5.273	   0.287
71	-306.918	28	  42.498	  -5.193	 -16.526
72	-306.595	26	  45.637	   5.492	   0.171
73	-302.215	26	  41.321	   0.568	  21.900
74	-298.692	27	  20.762	 -22.879	 -12.645
75	-296.621	27	  53.248	   2.288	  77.689
76	-294.060	29	  38.819	  13.876	   7.248
77	-293.565	27	  -2.408	   3.088	  49.073
78	-290.454	28	  46.870	   1.218	  -9.100
79	-287.290	26	  -0.235	  19.758	  19.313
80	-286.744	26	  43.271	  10.793	  80.304
81	-286.353	26	  42.774	 -19.670	  19.275
82	-280.213	24	  42.807	 -13.847	 -11.064
83	-275.077	26	  55.893	  -8.588	  67.192
84	-273.784	26	  33.602	 -27.131	 -11.752
85	-273.271	26	 -10.923	   3.328	  47.565
86	-273.038	25	  25.479	  12.029	  80.938
87	-271.741	25	  -4.974	  11.345	  50.341
88	-266.822	24	  -9.130	  -0.875	  65.984
89	-266.121	23	  35.336	 -29.201	   3.206
90	-263.938	24	  49.377	 -10.676	  48.606
91	-257.616	24	   9.375	  17.771	  85.419
92	-256.646	24	  -6.511	   8.150	   1.528
93	-250.300	23	  12.015	  -7.195	 -12.339
94	-240.282	24	  17.585	 -34.965	   5.012
95	-238.695	22	  10.406	  -8.247	  19.412
96	-237.021	24	  30.476	   3.594	 -14.616
97	-234.983	22	  17.437	  25.081	  68.658
98	-232.858	21	  -0.675	   5.041	 -16.538
99	-229.269	23	  26.157	 -35.366	  24.510
100	-228.856	22	  10.609	  23.404	  61.956
101	-222.670	21	  48.718	   0.662	  84.239
102	-221.741	20	  28.133	 -23.646	  67.323
103	-218.071	21	  31.794	 -24.231	  76.846
104	-218.026	21	  43.735	 -25.943	  -0.103
105	-216.766	19	  55.277	   0.912	  64.559
106	-210.890	20	  36.932	 -13.983	 -17.233
107	-210.534	20	  28.399	  22.377	  60.136
108	-207.930	20	  40.404	 -24.338	 -10.843
109	-205.867	20	  -6.262	 -18.533	  64.763
110	-205.098	20	  17.823	 -21.854	  62.703
111	-199.382	18	   7.389	   8.547	  38.684
112	-198.277	18	  43.894	  -5.109	  24.857
113	-194.642	17	  35.284	  11.495	  -5.978
114	-191.909	18	  36.509	 -18.981	  43.308
115	-186.373	18	  50.664	 -18.192	  67.314
116	-184.475	18	  16.262	  27.304	  27.192
117	-178.541	17	 -14.849	   9.955	  58.903
118	-178.193	18	  29.769	  22.977	   1.338
119	-178.075	16	  -5.255	  19.231	  69.034
120	-176.452	17	  -5.082	   1.158	   6.265
121	-173.476	17	  16.707	 -14.433	  24.447
122	-171.493	17	  37.363	  18.364	  67.798
123	-167.544	16	  49.568	  20.041	  63.502
124	-166.393	16	  26.142	 -14.227	 -17.141
125	-164.540	16	 -11.936	 -10.673	  45.694
126	-163.363	16	  48.380	   7.293	  40.593
127	-163.253	16	  53.816	  -6.263	  77.464
128	-163.176	16	  23.976	  -8.928	  82.954
129	-161.220	16	  60.129	  -7.748	  55.388
130	-161.010	15	  -8.132	  17.417	   0.657
131	-157.953	16	  12.455	 -22.789	   0.872
132	-157.029	16	   5.743	 -16.996	  68.208
133	-153.865	15	  16.946	  -0.668	 -15.479
134	-153.223	15	  15.870	  35.522	  23.931
135	-153.034	14	  -7.359	  -3.812	  78.552
136	-150.960	15	  38.342	   0.566	  84.968
137	-149.028	14	  50.132	 -17.204	   0.620
138	-145.834	14	  35.333	  -8.953	  37.163
139	-144.867	14	  -4.437	  -7.755	  42.008
140	-143.843	14	  -2.609	  30.630	  12.017
141	-142.195	14	   8.109	  16.243	  23.477
142	-141.804	14	   3.434	  -8.206	 -11.875
143	-140.811	14	  27.312	  33.823	   5.191
144	-140.678	14	  33.934	 -16.010	  23.728
145	-136.135	13	  38.131	  14.289	  75.537
146	-135.140	14	  20.720	   8.081	  84.701
147	-131.439	13	  56.446	  10.464	  43.030
148	-130.643	12	   6.900	   7.961	  29.317
149	-126.136	12	   3.321	 -14.084	   5.650
150	-121.673	11	  13.559	  29.562	  -8.726
151	-120.716	11	  -3.742	  -4.570	  -9.353
152	-119.864	11	  31.301	   9.955	  43.436
153	-116.424	11	  27.016	  19.540	  -7.550
154	-116.134	11	  26.671	 -26.449	  26.869
155	-115.087	12	   9.040	  -1.831	  86.061
156	-114.188	11	  11.471	  -9.333	  44.460
157	-113.414	11	  25.878	  13.649	  24.058
158	-112.305	10	  31.681	 -37.579	  16.248
159	-111.084	11	   4.644	  15.034	 -17.153
160	-110.512	11	   0.858	 -20.851	  56.909
161	-100.201	10	   0.174	  19.366	  52.126
162	 -98.256	10	  31.172	  28.164	  12.555
163	 -94.141	9	  31.578	 -27.859	  45.034
164	 -92.271	9	  14.949	  13.983	 -17.141
165	 -91.293	9	  21.036	 -17.638	  77.376
166	 -90.996	9	  46.847	 -28.788	  10.100
167	 -89.958	9	 -11.308	   6.758	  68.505
168	 -88.828	9	  -5.555	  11.457	  17.243
169	 -87.838	9	  45.680	  -8.232	  84.375
170	 -87.517	9	  14.239	 -26.649	  19.736
171	 -85.524	9	  19.841	 -31.558	  -4.534
172	 -85.256	9	  52.029	  13.848	  72.405
173	 -83.697	8	  27.826	 -30.266	  -8.726
174	 -80.707	8	   2.616	 -14.862	  47.862
175	 -79.573	8	  47.746	 -11.798	  17.031
176	 -78.662	8	   7.201	  36.081	  13.077
177	 -77.750	7	  15.248	 -19.611	  -7.117
178	 -76.942	8	  40.296	  10.675	  44.022
179	 -76.819	7	   1.733	   9.414	  85.953
180	 -76.568	8	  39.815	 -34.277	  12.817
181	 -71.164	7	  50.796	   3.768	  23.582
182	 -70.716	7	  20.807	  37.643	   6.688
183	 -67.578	7	  -8.667	  -3.857	  23.142
184	 -67.355	7	  48.067	 -16.138	  -6.644
185	 -67.322	7	  -5.349	 -14.910	  73.274
186	 -66.961	7	  41.630	  -6.603	  42.408
187	 -64.629	7	  21.945	  32.388	  -3.694
188	 -62.682	6	  25.949	 -21.545	  82.109
189	 -61.146	6	  11.181	 -28.347	  12.268
190	 -59.856	6	  19.752	 -12.742	  33.275
191	 -51.278	5	  56.568	  17.025	  60.502
192	 -50.388	5	  44.601	 -18.940	  50.878
193	 -50.109	5	  33.556	   5.454	  35.624
194	 -49.859	5	  43.975	  21.433	  55.721
195	 -49.549	5	  21.604	  21.225	  82.654
196	 -48.977	5	  13.195	 -20.956	  57.260
197	 -48.466	5	  26.994	 -22.357	 -18.726
198	 -47.927	5	  15.010	  22.054	 -18.726
199	 -47.763	5	  -0.369	  -3.911	  87.452
200	 -46.388	5	 -15.610	  -0.574	  59.267
201	 -45.298	4	  23.323	   0.231	  83.274
202	 -44.967	4	  -9.204	  12.687	  72.757
203	 -44.224	3	  35.686	  -9.696	  59.178
204	 -43.819	3	  30.072	 -21.769	   4.757
205	 -41.491	4	  12.457	  28.766	  45.981
206	 -40.128	4	  60.796	   1.075	  56.455
207	 -38.535	4	  22.799	  21.458	  24.484
208	 -37.197	4	   8.838	  -5.811	  36.509
209	 -31.922	3	  24.808	  12.231	  33.577
210	 -30.624	2	  -1.705	  -0.270	  64.774
211	 -30.624	3	  -8.862	  26.231	   7.274
212	 -30.461	3	  41.090	   7.231	 -14.370
213	 -29.596	3	  51.818	 -15.072	  77.274
214	 -29.227	3	  17.443	  14.216	  31.598
215	 -27.926	3	 -19.204	  -4.769	  49.593
216	 -27.848	3	  27.796	  27.277	  23.305
217	 -27.397	2	  -3.204	   6.827	  69.678
218	 -26.541	2	  28.384	  10.819	  11.862
219	 -22.056	2	  -6.610	   3.637	  26.680
220	 -20.366	2	  33.457	 -30.323	  27.166
221	 -20.352	1	  22.796	  -0.769	  34.274
222	 -19.517	2	  22.219	  15.231	 -16.778
223	 -19.352	2	  36.324	   8.174	  84.802
224	 -18.829	1	  15.796	 -10.769	  57.274
225	 -18.584	1	  28.796	  12.231	  56.274
226	 -18.511	2	   1.790	  -1.769	 -20.726
227	 -18.455	2	  40.774	   1.231	 -20.726
228	 -18.308	2	  42.296	  18.231	  47.275
229	 -14.215	1	  36.796	  -9.769	   9.274
230	 -12.241	1	  13.796	 -10.769	  11.274
231	 -11.614	1	  25.796	  -9.769	  -2.726
232	 -11.179	1	  29.796	 -16.769	  88.274
233	 -10.484	1	  55.796	   1.231	  41.274
234	 -10.362	1	   9.796	   8.231	  88.274
235	 -10.199	1	   6.796	  31.231	  26.274
236	 -10.149	1	  48.796	  -5.769	  68.274
237	 -10.020	1	  47.796	   5.231	  64.274
238	  -9.591	1	  33.796	 -37.769	  24.274
239	  -9.372	1	   7.796	  39.231	  23.274
240	  -9.344	1	  37.796	  -7.769	  87.274
241	  -9.108	1	  15.796	 -13.769	 -12.726
242	  -9.053	1	  16.796	  17.231	  89.274
243	  -9.049	1	  32.796	 -23.769	  85.274
244	  -9.039	1	   3.796	  20.231	   0.274
245	  -8.941	1	  37.796	 -26.769	  50.274
246	  -8.922	1	  62.796	   6.231	  44.274
247	  -8.901	1	  36.796	 -21.769	  -0.726
