1	-1583.890	130	   5.917	   8.183	  30.390
2	-1523.751	123	   2.918	  11.446	  68.186
3	-1499.897	130	  12.245	   0.404	  60.757
4	-1351.558	107	  17.099	   4.580	  40.612
5	-1060.869	93	   4.611	 -13.865	  74.466
6	-989.438	80	  15.589	 -10.790	  74.509
7	-935.984	72	   2.522	  -6.494	  43.194
8	-908.741	71	   1.475	   2.328	  54.258
9	-890.209	69	  12.011	  15.047	  44.762
10	-887.886	66	  18.306	  17.660	  57.229
11	-883.168	79	  -1.698	  -5.962	  65.349
12	-874.762	60	  12.034	   4.651	  50.311
13	-794.065	64	  31.843	  12.775	  26.344
14	-760.248	68	  28.805	   1.978	  33.534
15	-759.880	63	  18.219	  -9.832	  33.754
16	-757.970	65	   6.612	  11.641	  39.932
17	-726.974	66	   1.772	   9.101	  58.900
18	-713.548	59	   6.192	  -9.319	  57.531
19	-677.964	61	   8.047	  33.077	  41.309
20	-676.010	46	  31.866	   3.544	  25.729
21	-605.229	48	  23.458	   4.737	  69.286
22	-605.215	55	 -18.605	   1.696	  54.647
23	-591.205	53	  -7.632	  12.173	  26.663
24	-565.235	50	   1.992	  17.353	  14.177
25	-525.899	47	  23.216	  -2.324	  70.358
26	-525.815	44	 -10.366	   4.442	  46.843
27	-496.277	44	  25.161	  -4.889	  34.107
28	-486.222	43	   3.807	  18.163	  78.209
29	-480.298	45	   6.407	   5.103	  64.910
30	-468.796	43	  15.681	  -7.805	  66.999
31	-464.038	42	 -10.572	  14.263	  81.307
32	-447.270	40	  22.591	  15.460	  35.896
33	-429.351	40	  15.222	 -12.743	  50.004
34	-421.920	33	  24.426	  11.290	  47.434
35	-410.301	37	  -6.692	  23.741	  70.879
36	-405.575	32	   5.714	  25.286	  49.530
37	-403.665	34	 -13.296	  23.296	  46.757
38	-401.983	38	  23.006	  12.921	  74.232
39	-386.353	35	  19.466	  21.503	  33.178
40	-372.629	36	   9.434	  16.636	  34.868
41	-360.098	35	  12.248	   8.423	  34.669
42	-353.869	34	  28.477	   6.258	  14.757
43	-339.105	32	  -3.334	   5.206	  62.499
44	-326.700	32	  -7.990	  -5.153	  56.817
45	-321.573	31	 -11.464	  21.491	  76.438
46	-311.674	29	 -18.827	   1.628	  74.990
47	-310.795	26	  -7.064	  27.547	  26.534
48	-306.760	29	 -21.571	  -8.499	  65.398
49	-304.497	30	  10.261	   0.700	  89.486
50	-293.822	26	 -11.585	  26.796	  61.512
51	-290.171	27	  12.736	 -10.927	  29.179
52	-282.022	27	  17.099	  25.515	  41.319
53	-278.013	26	   8.846	  -6.451	  87.086
54	-275.389	23	 -20.532	  17.090	  66.301
55	-274.606	18	   2.879	  11.285	  48.902
56	-274.279	26	   2.065	  26.568	  19.183
57	-271.124	25	   1.070	  -3.631	  28.136
58	-267.603	25	  15.326	  20.155	  70.212
59	-256.079	24	  11.099	  30.414	  20.573
60	-255.271	25	 -21.725	   6.432	  68.272
61	-254.656	25	  17.704	  38.138	  30.910
62	-253.435	24	 -17.563	  11.280	  75.513
63	-252.603	25	  27.783	  13.816	  64.517
64	-243.203	24	  16.867	  13.496	  80.847
65	-238.875	20	   4.108	   2.402	  18.645
66	-236.439	23	  -7.710	  36.516	  51.698
67	-226.352	21	 -22.255	  24.295	  59.990
68	-222.511	21	 -13.654	  18.045	  32.633
69	-220.670	20	 -14.450	  29.127	  32.020
70	-216.777	20	  27.167	  -6.584	  13.872
71	-213.248	20	   2.924	  20.386	  66.550
72	-210.246	21	  10.807	  -7.476	  21.048
73	-204.928	20	 -23.504	  13.888	  40.479
74	-199.428	19	 -13.006	  -2.325	  51.889
75	-191.392	19	  11.644	 -14.748	  37.093
76	-190.548	19	  30.119	  17.723	  33.149
77	-189.411	18	  16.955	  -7.974	  55.463
78	-188.365	19	 -12.080	 -14.064	  79.348
79	-185.366	18	  21.984	   1.829	  12.141
80	-178.022	17	  28.010	  27.446	  18.009
81	-170.988	16	  -5.661	  18.665	  18.778
82	-169.070	15	  24.752	  -6.920	  42.811
83	-167.663	15	  26.050	   3.438	  48.358
84	-167.241	16	  28.900	   4.864	  40.483
85	-166.487	16	  19.456	  -1.595	  90.311
86	-165.751	16	  -0.474	   9.668	  86.732
87	-160.751	15	   0.491	  34.649	  34.690
88	-159.333	15	   9.627	  10.715	  11.718
89	-153.317	15	  28.185	 -18.648	  24.181
90	-145.653	14	   5.094	  32.593	  24.974
91	-145.609	15	  19.164	  27.197	  13.408
92	-145.081	14	  21.532	  35.864	  20.494
93	-143.372	14	 -23.139	   9.065	  53.911
94	-132.510	12	  24.800	  -3.475	  61.911
95	-131.313	13	  31.344	  14.617	  13.756
96	-131.195	8	  -5.205	  17.186	  47.893
97	-131.023	13	  10.496	   0.186	  15.561
98	-130.377	13	   1.214	 -13.154	  86.912
99	-129.938	13	 -17.394	  18.947	  39.614
100	-129.744	13	  23.386	 -15.720	  81.541
101	-129.311	12	  -2.591	   7.128	  22.204
102	-129.046	13	  28.247	   3.617	  56.762
103	-127.102	12	 -21.070	 -12.252	  75.210
104	-119.611	12	  39.844	  -2.715	  24.665
105	-117.635	12	  20.412	  40.427	  36.739
106	-116.783	11	  -0.875	   0.709	  91.011
107	-112.406	11	  14.102	 -21.254	  23.948
108	-110.885	11	  25.879	 -15.224	  13.734
109	-109.085	11	 -13.654	  31.806	  45.048
110	-104.386	10	  36.446	 -10.814	  25.272
111	-104.027	10	  33.328	   1.715	  83.515
112	-100.477	9	  -3.230	  24.465	  63.613
113	 -96.658	10	 -22.746	  22.105	  48.486
114	 -95.801	10	  -5.621	  -3.475	  40.982
115	 -89.818	9	 -16.117	   6.865	  39.688
116	 -87.180	8	  25.818	  29.309	  33.316
117	 -86.769	8	   8.575	  13.171	  83.657
118	 -86.530	8	  25.687	   5.203	  91.249
119	 -85.353	9	  12.049	  25.303	  56.581
120	 -84.992	8	   0.164	  30.696	  54.855
121	 -82.752	8	  29.756	  -7.359	  74.490
122	 -81.653	8	  19.768	  12.033	   8.289
123	 -81.465	8	  37.291	   3.936	  32.118
124	 -80.682	8	 -26.518	  16.106	  51.889
125	 -78.734	8	 -13.848	  -5.721	  83.890
126	 -76.925	8	 -19.399	  -6.143	  78.990
127	 -76.604	8	   4.765	 -15.140	  42.597
128	 -74.050	7	  12.183	  28.679	  47.058
129	 -72.047	7	  34.868	   4.753	  90.357
130	 -71.578	7	 -20.208	 -12.395	  58.316
131	 -69.637	7	 -11.513	 -12.966	  64.420
132	 -69.261	7	 -11.323	  29.402	  54.291
133	 -68.530	7	  -7.460	 -10.875	  86.789
134	 -67.800	7	  15.314	 -16.189	  83.725
135	 -60.553	6	  -9.787	  37.195	  41.751
136	 -60.374	6	  26.662	 -12.465	  32.450
137	 -58.886	6	 -23.268	  -3.467	  57.156
138	 -58.410	6	  13.853	  19.683	   9.972
139	 -58.296	6	  28.011	   7.831	  74.933
140	 -58.122	6	  24.885	  18.363	  84.639
141	 -49.843	4	  -9.654	   9.852	  75.166
142	 -41.008	4	  -9.878	   2.800	  87.395
143	 -40.567	4	  29.350	 -10.632	  81.370
144	 -40.397	4	  29.572	  -2.326	  91.406
145	 -39.319	4	 -16.690	   1.403	  83.583
146	 -38.952	4	  33.597	  19.108	  22.368
147	 -38.910	4	  37.313	   7.551	  17.861
148	 -38.348	4	  32.112	  14.860	  82.691
149	 -37.889	4	  10.874	  42.365	  34.393
150	 -36.756	4	  31.346	  12.852	  53.365
151	 -29.811	3	  27.089	  20.794	  10.991
152	 -29.547	3	  34.346	 -15.772	  19.316
153	 -28.934	3	  10.720	 -15.511	  17.877
154	 -28.382	3	  25.774	 -23.083	  17.880
155	 -20.342	2	  -2.248	  36.860	  44.025
156	 -19.744	2	   0.888	 -11.140	  31.619
157	 -18.708	1	   5.346	  19.860	  21.619
158	 -18.609	2	  17.346	 -10.099	  14.098
159	 -13.046	1	  17.346	  10.860	  26.619
160	 -11.881	1	   3.346	   0.860	  72.619
161	 -11.864	1	  13.346	  23.860	  24.619
162	  -9.385	1	  13.346	  38.860	  44.619
163	  -9.240	1	  -4.654	  33.860	  60.619
164	  -9.075	1	  27.346	  20.860	  54.619
165	  -8.914	1	 -19.654	  -6.140	  50.619
