1	-1076.820	93	  -8.429	 100.304	 110.054
2	-851.551	82	   1.682	  73.827	  99.077
3	-797.445	76	  -6.496	  79.860	  81.216
4	-758.658	65	  17.498	  76.832	  91.736
5	-718.105	62	 -16.779	  86.402	 102.064
6	-716.498	50	 -13.635	  93.417	 111.858
7	-688.916	49	  10.263	  75.660	  83.058
8	-681.839	66	  -5.565	  94.765	  95.118
9	-633.403	52	  -3.953	  74.078	 117.670
10	-609.576	52	   4.836	  97.128	  79.953
11	-590.531	54	  -5.168	  79.320	  54.792
12	-583.976	49	  -1.231	  74.403	  84.881
13	-527.365	49	  19.511	  79.133	  66.961
14	-513.571	47	 -35.963	  71.572	 120.963
15	-505.016	46	  -3.007	  90.784	 101.172
16	-504.516	45	  -5.227	  83.240	 121.472
17	-496.755	45	  -4.807	  88.934	  71.473
18	-483.805	44	  27.032	  71.404	  77.783
19	-458.010	43	   3.713	 105.651	  90.808
20	-454.322	44	  -9.254	  97.183	 126.093
21	-451.357	41	 -16.100	  70.041	 114.416
22	-435.169	41	 -16.720	  78.844	 102.242
23	-422.776	38	 -19.036	  72.944	 106.857
24	-420.234	37	   0.467	  85.365	  93.091
25	-415.205	35	   2.797	  65.594	  73.313
26	-414.334	40	 -12.208	  72.076	  74.730
27	-412.596	35	  13.989	  70.819	  89.234
28	-411.402	36	  -2.992	  82.801	 102.079
29	-409.363	38	 -14.877	 106.357	 123.996
30	-401.520	36	 -19.594	  93.998	 129.192
31	-395.138	34	 -40.992	  83.540	 125.307
32	-374.064	34	   4.879	  80.619	  96.387
33	-354.753	32	  13.044	  67.940	  57.069
34	-344.016	30	 -11.655	  76.288	  65.128
35	-338.815	28	   3.847	  69.104	  52.743
36	-329.802	20	 -15.979	  98.217	 119.884
37	-329.589	32	   7.729	  69.632	 114.181
38	-327.571	31	  24.207	  80.561	  78.242
39	-323.928	29	  12.121	  90.937	  77.137
40	-319.477	31	 -23.722	  71.721	 121.674
41	-318.208	30	  11.213	  76.857	 109.466
42	-305.585	30	 -22.217	  86.234	 131.219
43	-292.083	28	 -27.797	  76.741	 101.125
44	-288.740	24	 -35.990	  91.130	 127.276
45	-277.963	18	  18.514	  73.527	  77.704
46	-266.436	26	   0.396	  87.411	  62.616
47	-256.938	23	  15.249	  62.874	  78.944
48	-254.212	20	 -32.973	  71.708	 111.181
49	-254.073	24	  -4.858	 100.253	  83.024
50	-241.356	17	 -16.401	  80.543	 111.289
51	-234.839	23	  -4.485	  67.149	 111.871
52	-228.328	21	  15.273	  59.877	  72.189
53	-224.597	20	  -5.799	  93.522	  77.022
54	-223.658	21	  11.820	  91.556	 102.859
55	-222.207	20	   3.998	 101.567	 110.224
56	-200.815	18	 -22.377	 103.761	 112.812
57	-199.276	18	 -13.742	  96.611	  99.851
58	-192.756	19	  15.682	  92.875	  83.182
59	-192.328	15	   0.682	  82.402	  77.090
60	-189.974	18	 -32.321	  92.652	 106.843
61	-184.038	18	  -2.850	  93.554	 121.203
62	-176.722	16	  20.967	  87.635	  97.961
63	-175.421	17	  22.083	  85.245	  86.975
64	-173.206	17	 -29.525	 106.753	 122.234
65	-171.424	17	  -5.473	  68.242	  60.036
66	-170.666	16	 -38.153	  81.544	 110.767
67	-163.206	9	 -27.630	  88.699	 110.550
68	-162.210	16	 -13.471	  89.287	  93.940
69	-162.112	16	 -44.622	  75.527	 128.339
70	-156.041	15	  25.582	  62.502	  76.532
71	-154.977	15	  15.231	  73.504	 100.513
72	-146.881	14	  -7.992	  72.106	  92.978
73	-142.943	14	  10.585	  73.433	  50.791
74	-140.961	13	 -29.794	 102.195	 114.310
75	-140.663	14	 -11.076	  72.961	 125.854
76	-140.513	14	  -0.313	 103.830	 103.970
77	-133.755	12	  14.151	  81.782	  58.232
78	-132.615	14	   4.543	  66.266	  84.297
79	-131.466	13	  23.574	  62.349	  63.105
80	-123.282	11	   4.128	  68.799	  91.501
81	-123.129	12	   8.499	  96.747	 113.384
82	-122.930	12	   0.378	  72.902	  44.525
83	-121.527	12	   7.411	  96.057	  68.853
84	-120.415	12	   8.177	  88.671	  58.980
85	-114.852	12	   1.807	  62.772	  60.641
86	-114.154	11	 -22.353	  75.331	 130.718
87	-110.485	11	 -21.045	  95.173	 103.008
88	-108.362	11	  17.871	  86.527	  79.109
89	-105.047	10	 -30.261	  92.773	 131.443
90	-102.084	9	  11.859	 100.131	  85.413
91	-101.019	10	  16.166	  87.331	  64.952
92	 -98.991	10	 -39.545	  88.431	 114.941
93	 -90.780	9	  17.041	  97.682	  93.489
94	 -80.512	8	 -33.004	 103.306	 129.649
95	 -80.006	8	 -34.973	  83.713	 133.037
96	 -78.545	8	  -4.876	  62.396	  70.339
97	 -76.254	8	  26.094	  72.997	  66.421
98	 -75.552	7	   7.289	 100.241	  97.408
99	 -71.433	7	  10.703	  88.458	 110.635
100	 -62.055	6	 -15.448	  83.667	 131.010
101	 -61.358	6	  -8.119	  66.373	 102.917
102	 -60.248	6	 -14.631	  77.027	  90.508
103	 -57.786	6	   0.183	 101.191	 119.991
104	 -55.466	5	   1.029	  65.830	 106.641
105	 -51.469	5	 -39.052	  99.086	 122.361
106	 -50.209	5	 -13.973	  88.241	  83.684
107	 -49.881	5	   9.407	  85.029	  47.666
108	 -40.614	4	 -32.998	  69.873	 131.228
109	 -40.602	4	 -43.989	  80.320	 136.896
110	 -39.951	4	 -25.749	  66.830	 115.426
111	 -39.013	4	   7.137	  70.003	  44.035
112	 -38.505	4	  10.027	  84.089	 118.379
113	 -37.411	4	 -10.973	 110.598	 113.435
114	 -31.274	3	  15.085	  57.830	  62.677
115	 -30.217	3	 -35.268	  74.830	 103.281
116	 -22.386	2	   5.538	  57.830	  65.677
117	 -20.940	2	  21.027	  68.265	  58.677
118	 -20.537	2	 -32.973	  75.333	 137.677
119	 -19.672	2	 -18.980	 112.327	 118.174
120	 -19.365	2	  23.546	  67.311	  89.677
121	 -18.688	2	   4.525	  79.830	 121.677
122	 -12.374	1	  -2.973	  74.830	  70.677
123	 -10.863	1	   2.027	  86.830	  51.677
124	 -10.087	1	 -38.973	  95.830	 112.677
125	 -10.048	1	  -7.973	  86.830	  62.677
126	  -9.498	1	   5.027	  88.830	 100.677
