1	-1729.881	148	  11.794	   0.346	  61.325
2	-1583.596	130	   2.795	  11.876	  68.299
3	-1404.477	114	   6.624	   8.344	  30.185
4	-1179.747	87	  33.068	   6.241	  25.684
5	-1034.208	95	  20.369	  17.985	  34.857
6	-1008.062	88	   4.773	 -14.007	  74.287
7	-1001.515	77	  17.897	  18.081	  57.437
8	-996.542	81	  15.573	 -11.108	  75.182
9	-991.467	77	   2.503	  -6.520	  43.101
10	-959.538	88	  28.887	   3.085	  35.218
11	-936.704	78	  23.176	   3.056	  70.124
12	-917.008	61	  11.877	   4.553	  50.268
13	-899.773	81	   1.795	   8.384	  59.207
14	-898.532	69	  17.604	   4.031	  42.907
15	-898.406	73	   6.865	  -9.473	  57.861
16	-848.015	73	  -1.033	  -5.765	  65.343
17	-817.955	61	  11.811	  14.331	  45.294
18	-788.941	61	   1.619	   1.757	  53.845
19	-776.390	69	  14.110	   7.090	  35.662
20	-740.760	67	   6.480	  11.450	  39.055
21	-674.141	58	  16.112	 -10.254	  31.980
22	-632.274	57	   8.003	  33.280	  41.141
23	-599.226	54	  -7.739	  11.954	  26.794
24	-589.488	53	 -17.592	  -0.165	  55.224
25	-580.751	52	  30.777	  15.730	  27.266
26	-536.233	46	  23.525	  -6.546	  33.904
27	-531.868	47	   2.135	  17.550	  14.383
28	-511.684	43	  -9.891	   4.203	  46.352
29	-510.298	47	  15.816	 -12.457	  49.985
30	-425.277	37	 -11.151	  13.984	  81.047
31	-417.905	42	  -8.244	  -5.722	  56.667
32	-413.805	37	  15.655	  -7.428	  68.547
33	-401.293	37	  25.402	   9.760	  47.793
34	-396.889	36	 -11.775	  26.464	  60.189
35	-390.594	37	  -3.298	   4.175	  61.710
36	-386.890	36	  24.443	   2.209	  13.813
37	-372.227	37	 -20.063	 -11.133	  63.658
38	-370.128	34	  27.819	   3.227	  58.899
39	-369.138	35	   9.086	  17.265	  35.968
40	-368.228	31	 -13.638	  22.756	  46.893
41	-361.177	33	   5.303	   1.838	  18.154
42	-353.552	34	  13.156	  20.493	  70.939
43	-351.922	34	  16.720	  25.560	  41.884
44	-345.613	32	   5.190	   4.891	  65.453
45	-345.509	28	   5.434	  25.234	  50.052
46	-340.758	33	 -18.929	   0.500	  74.945
47	-323.767	30	   1.268	  -3.775	  28.127
48	-320.641	28	   6.347	  15.462	  81.610
49	-319.881	28	  -7.053	  23.389	  71.104
50	-308.577	30	  -5.508	  17.140	  18.049
51	-298.874	28	   9.484	  -6.650	  86.977
52	-291.597	28	  29.779	  10.736	  13.530
53	-288.834	27	  11.333	  30.995	  20.958
54	-286.038	28	  17.354	  38.817	  31.795
55	-277.579	26	   2.127	  26.585	  19.418
56	-274.342	27	  23.136	  12.753	  74.471
57	-273.953	27	  -8.567	  35.925	  52.216
58	-260.765	22	 -22.620	  23.377	  60.238
59	-253.976	24	 -17.684	  10.617	  75.682
60	-247.423	24	 -14.510	  17.913	  34.033
61	-233.576	23	  35.429	 -11.972	  26.820
62	-229.113	20	 -14.691	  28.657	  31.573
63	-228.216	19	  -6.443	  28.282	  26.892
64	-225.519	15	   2.790	  10.971	  49.209
65	-211.309	20	 -23.482	  13.149	  40.394
66	-207.352	20	   3.486	  33.444	  27.637
67	-207.085	20	  12.450	 -14.641	  37.601
68	-201.374	19	   9.016	   0.938	  89.770
69	-199.131	20	  11.214	  -7.324	  20.352
70	-197.554	19	 -10.552	 -13.703	  81.254
71	-195.576	18	 -22.609	  14.442	  64.814
72	-193.910	18	  17.877	  -0.620	  89.923
73	-189.825	12	  -5.420	  17.217	  47.755
74	-181.915	17	  -2.404	   6.862	  22.072
75	-177.916	17	  -9.027	  22.566	  78.255
76	-171.704	17	  16.756	  13.249	  81.267
77	-167.396	16	  22.635	 -12.614	  34.866
78	-163.209	14	  25.491	  -6.219	  13.911
79	-161.447	16	 -22.221	   4.237	  68.896
80	-157.701	16	 -20.436	   5.006	  49.773
81	-154.850	16	   2.151	 -13.063	  87.022
82	-154.496	15	  17.644	  -7.671	  55.701
83	-149.183	13	  -1.018	   5.557	  31.135
84	-143.032	14	  -1.309	  -0.213	  91.293
85	-138.385	14	  23.119	 -15.760	  81.641
86	-135.759	11	 -18.415	  19.906	  67.782
87	-135.334	12	 -22.488	   7.309	  58.771
88	-135.317	12	  26.407	   1.244	  48.287
89	-131.986	13	  32.385	  -3.472	  84.979
90	-128.301	12	  -2.841	  23.901	  64.623
91	-126.847	13	  28.291	 -15.312	  13.936
92	-125.307	11	  -1.248	  34.301	  39.166
93	-124.529	12	  -0.412	  21.158	  76.262
94	-121.983	12	  26.937	  12.596	  66.281
95	-117.731	12	  12.289	  28.690	  47.134
96	-113.757	12	  15.835	 -15.459	  84.202
97	-113.221	11	  39.067	   0.522	  29.724
98	-111.891	11	 -11.027	  -3.190	  50.339
99	-110.511	10	  -0.094	  31.165	  54.094
100	-109.032	11	 -13.666	  -6.468	  83.797
101	-109.025	11	  25.119	  24.249	  12.961
102	-107.580	11	  21.507	  -5.786	  64.982
103	-106.686	11	 -23.842	  19.627	  47.841
104	-106.482	10	 -16.612	   5.963	  40.187
105	-106.432	10	  23.460	  36.815	  22.708
106	-105.539	10	  -9.176	   5.216	  87.190
107	-104.808	10	 -14.835	  18.781	  74.621
108	-103.354	11	  17.314	  29.031	  15.020
109	-101.816	10	  28.404	  19.114	  35.616
110	-101.327	10	  14.185	 -21.256	  24.143
111	 -98.574	10	 -20.888	 -12.761	  74.923
112	 -97.219	10	  23.427	  -5.372	  91.596
113	 -94.717	10	  -6.245	  -2.644	  41.652
114	 -93.034	9	  30.016	  -7.345	  75.702
115	 -90.810	9	  26.921	  28.334	  19.203
116	 -90.763	9	   3.270	   7.461	  87.691
117	 -90.244	9	  28.662	   5.698	  75.247
118	 -90.195	9	  -3.158	  11.008	  86.812
119	 -90.179	8	  25.491	  -7.858	  42.492
120	 -89.568	8	  25.997	  28.488	  33.546
121	 -87.190	9	   4.911	 -15.303	  43.828
122	 -86.707	8	   8.964	  10.789	  11.933
123	 -85.119	8	  19.849	  11.939	   8.484
124	 -75.238	7	  24.251	   6.964	  90.298
125	 -71.799	7	 -14.131	  31.857	  43.487
126	 -70.842	7	  -9.842	 -13.898	  64.790
127	 -69.824	7	  31.907	  15.392	  84.023
128	 -69.197	7	  10.635	  25.254	  56.653
129	 -68.572	7	  34.707	   6.948	  84.517
130	 -67.784	7	 -27.221	  15.607	  56.192
131	 -63.288	6	  13.689	   3.324	  12.920
132	 -56.579	6	 -19.665	  -6.024	  78.396
133	 -56.103	6	  37.647	  10.690	  19.716
134	 -52.437	5	  23.459	 -24.511	  18.969
135	 -49.786	5	  31.540	 -17.976	  21.208
136	 -49.437	5	  22.124	 -18.309	  27.311
137	 -49.067	5	  -0.667	 -12.917	  64.913
138	 -48.133	5	  13.757	  20.513	  10.335
139	 -46.851	5	  -3.911	 -16.303	  74.438
140	 -44.622	3	   5.601	  19.982	  21.994
141	 -41.486	4	  23.573	  17.928	  85.478
142	 -40.044	4	  -9.839	  36.949	  41.354
143	 -37.748	4	  27.085	  17.893	  60.231
144	 -36.519	4	  17.816	 -11.028	  14.942
145	 -31.542	3	  40.655	  -4.620	  21.693
146	 -29.825	3	   0.994	 -11.605	  31.709
147	 -29.132	3	  28.990	  -0.283	  92.709
148	 -29.016	3	 -17.347	   1.034	  83.040
149	 -25.477	2	 -10.078	  -0.303	  72.709
150	 -21.451	2	  -9.678	   9.275	  75.287
151	 -18.638	2	   6.314	  25.195	  63.709
152	 -18.619	2	   8.806	  41.697	  31.193
153	 -18.608	2	  -5.166	  33.697	  60.709
154	 -12.772	1	  13.322	  23.697	  24.709
155	 -11.864	1	   3.322	   0.697	  72.709
156	  -9.412	1	  -1.678	 -11.303	  54.709
157	  -9.072	1	  12.322	  10.697	  87.709
158	  -9.056	1	  31.322	  10.697	  52.709
159	  -8.988	1	   8.322	 -14.303	  20.709
160	  -8.966	1	 -18.678	  -8.303	  50.709
