1	-1017.422	91	  28.709	  99.681	  65.029
2	-692.814	65	  23.221	  92.810	  52.891
3	-656.393	55	  19.643	  95.148	  47.340
4	-585.413	54	  16.456	 111.181	  68.551
5	-584.156	49	  24.397	  80.843	  31.327
6	-573.949	49	  25.970	  76.277	  39.275
7	-547.865	50	  33.181	  88.448	  35.165
8	-529.584	45	  21.340	  95.850	  59.527
9	-492.624	41	  20.687	  90.178	  26.630
10	-478.653	42	   6.301	 108.260	  62.081
11	-462.671	38	  10.217	  80.272	  61.050
12	-452.624	42	  19.056	  84.331	  80.987
13	-451.071	43	  33.010	  90.344	  77.828
14	-429.389	39	   5.118	  88.054	  64.022
15	-375.557	33	  25.447	  78.134	  53.510
16	-357.724	32	   9.395	 101.169	  31.675
17	-338.259	30	   4.237	  98.370	  40.675
18	-333.651	32	  21.726	  78.261	  73.488
19	-323.391	30	  18.112	  97.392	  85.724
20	-283.363	22	   5.074	  86.141	  56.080
21	-283.007	25	  11.253	 107.562	  47.443
22	-268.863	25	   2.175	 101.535	  49.388
23	-265.419	25	   2.196	  79.036	  48.761
24	-260.158	24	  34.830	  85.971	  69.378
25	-252.003	21	  14.154	  75.742	  47.011
26	-234.802	21	  17.854	 107.278	  49.430
27	-233.441	21	  14.536	 105.693	  78.750
28	-227.654	22	  26.315	 103.929	  51.707
29	-216.146	20	   3.312	  85.197	  71.670
30	-209.208	20	  30.996	 108.266	  40.968
31	-205.421	21	  18.061	 103.040	  25.253
32	-197.193	19	  12.839	  90.055	  84.329
33	-193.963	19	  32.989	 109.403	  68.532
34	-186.955	18	  36.711	  96.675	  45.832
35	-176.524	17	   6.744	  97.145	  81.270
36	-153.997	13	   2.618	  98.178	  69.716
37	-150.264	15	  17.885	  74.904	  62.828
38	-149.595	9	  12.695	  83.050	  54.447
39	-145.611	14	   6.392	  93.299	  34.203
40	-139.447	13	  34.797	  85.475	  48.512
41	-138.377	14	   5.677	 103.809	  76.454
42	-130.716	13	  25.191	 108.091	  30.754
43	-123.931	12	   4.428	  81.334	  34.741
44	-118.247	12	  10.536	  87.782	  26.653
45	-118.136	12	  31.691	  77.500	  42.312
46	-117.302	11	  -3.357	  85.865	  42.862
47	 -96.543	9	  40.058	  96.357	  37.230
48	 -89.913	9	  31.582	  99.151	  28.345
49	 -89.090	9	  -0.867	 104.959	  57.640
50	 -86.511	6	  20.488	 102.851	  56.746
51	 -85.069	5	  13.113	  98.010	  37.301
52	 -78.658	7	  34.530	  90.503	  61.568
53	 -77.960	8	   9.533	 112.118	  53.932
54	 -73.362	7	  11.093	  72.606	  32.457
55	 -71.837	6	  17.555	  70.345	  37.445
56	 -70.657	7	  25.274	 103.885	  86.544
57	 -69.778	7	  -1.117	  90.229	  53.145
58	 -69.593	7	  34.718	  77.438	  67.883
59	 -62.174	6	  38.208	 102.300	  76.458
60	 -59.902	6	  17.047	 111.927	  36.989
61	 -57.829	6	  18.390	  74.472	  55.297
62	 -55.301	6	  11.547	  98.321	  22.643
63	 -52.374	5	   9.181	  78.616	  77.432
64	 -50.431	5	  21.204	  70.158	  30.470
65	 -49.700	5	  31.827	  92.285	  85.605
66	 -49.494	5	   7.757	  73.029	  45.290
67	 -49.457	5	  34.281	  79.486	  57.732
68	 -49.398	5	   0.315	  93.857	  62.967
69	 -49.027	5	  36.857	 103.738	  33.600
70	 -48.473	5	  35.564	  75.467	  32.048
71	 -46.868	5	   6.851	  75.877	  69.425
72	 -40.317	4	  27.415	  73.539	  28.439
73	 -38.831	4	   0.174	  83.702	  77.977
74	 -38.659	4	  32.655	 105.606	  83.970
75	 -38.500	4	  28.960	 113.259	  78.216
76	 -30.539	3	  24.978	 113.169	  68.554
77	 -28.792	2	  11.118	  90.627	  47.660
78	 -28.169	3	   5.222	  90.133	  85.970
79	 -19.288	2	  20.914	 112.959	  57.918
80	 -18.422	2	  37.888	  86.970	  41.472
81	 -13.098	1	   8.888	 102.472	  57.970
82	 -11.503	1	  22.888	  83.472	  62.970
83	 -10.516	1	  31.888	  81.472	  78.970
84	 -10.094	1	   9.888	 114.472	  71.970
85	  -9.156	1	  -2.112	  93.472	  45.970
86	  -9.045	1	  16.888	  77.472	  25.970
87	  -8.914	1	  30.888	  86.472	  27.970
