1	-1479.130	131	  20.805	  94.906	  49.919
2	-885.448	76	  22.142	  97.997	  59.516
3	-857.041	76	  28.774	  99.976	  64.219
4	-613.971	53	   4.548	  88.645	  64.179
5	-581.191	53	  11.894	 108.176	  47.909
6	-576.723	53	  32.646	  88.960	  35.078
7	-560.350	51	   6.254	 109.214	  62.043
8	-555.317	51	  16.450	 111.616	  68.017
9	-511.317	45	  26.388	  76.109	  39.575
10	-458.959	42	  18.972	  84.974	  80.839
11	-441.204	38	  25.622	  78.690	  53.441
12	-410.607	37	   4.538	  99.267	  39.892
13	-389.668	38	  33.638	  90.438	  76.656
14	-370.165	30	  10.023	  81.364	  61.901
15	-365.223	34	  14.366	 105.453	  79.447
16	-361.234	30	  20.390	  90.281	  26.626
17	-349.972	33	   9.047	 102.173	  31.670
18	-320.279	27	  23.116	  80.205	  30.245
19	-296.032	26	  30.433	  81.058	  32.965
20	-289.340	22	   5.510	  87.031	  56.195
21	-276.687	27	  31.881	 110.461	  68.088
22	-273.752	26	  27.236	  93.110	  53.370
23	-261.763	24	   3.243	  85.559	  72.533
24	-258.863	24	  33.990	  88.219	  65.119
25	-247.051	25	  18.685	  75.078	  60.196
26	-246.331	20	  13.746	  76.433	  47.023
27	-243.263	24	  23.354	  79.834	  73.905
28	-237.063	23	  26.599	 104.899	  51.998
29	-232.250	22	  31.189	 108.784	  40.374
30	-214.132	21	  36.464	  96.994	  45.936
31	-210.951	19	   3.600	  80.220	  50.847
32	-198.183	19	  12.400	  90.548	  84.344
33	-193.865	18	   6.891	  97.200	  81.384
34	-182.687	18	   5.026	  81.159	  33.907
35	-169.179	16	   6.467	  91.261	  32.102
36	-162.445	14	   1.832	  98.458	  51.461
37	-162.200	16	  25.181	 108.155	  30.182
38	-161.096	16	  -3.360	  86.326	  42.280
39	-150.693	15	   3.023	 105.487	  46.079
40	-148.309	14	  19.357	  93.843	  87.589
41	-148.290	15	  32.709	  77.674	  68.566
42	-147.898	15	  18.640	 102.892	  24.407
43	-146.446	14	  18.750	 110.036	  51.338
44	-128.645	10	   2.584	  98.472	  69.590
45	-119.106	12	   5.951	 104.376	  76.747
46	-103.689	8	  12.645	  83.232	  54.593
47	-103.370	10	  13.379	  88.571	  24.519
48	-101.608	10	  40.110	  97.048	  37.240
49	 -96.686	10	  10.668	  72.669	  32.423
50	 -95.803	10	  -0.559	  78.585	  44.425
51	 -93.923	9	  19.331	  73.330	  28.029
52	 -90.990	9	  29.965	  98.454	  27.207
53	 -79.541	8	  28.615	 106.815	  83.680
54	 -78.000	8	  22.912	 113.096	  70.628
55	 -71.546	7	  27.366	  93.362	  88.132
56	 -71.036	6	  17.474	  70.838	  37.160
57	 -69.525	7	  30.967	  79.676	  45.144
58	 -66.508	7	  36.743	  85.680	  44.289
59	 -65.861	3	  13.038	  98.262	  37.077
60	 -64.445	6	  30.305	 115.215	  78.181
61	 -60.228	6	  -0.607	 105.651	  57.801
62	 -58.287	6	  12.782	  77.972	  78.242
63	 -57.679	6	  15.378	 112.646	  37.443
64	 -52.291	5	   7.361	  75.972	  68.510
65	 -47.540	5	  32.602	  77.868	  59.885
66	 -47.418	5	  11.365	  98.966	  22.534
67	 -45.527	5	  37.748	 101.577	  76.522
68	 -40.636	4	   8.027	  73.219	  44.466
69	 -38.226	4	  35.591	  76.445	  32.808
70	 -29.221	2	  14.748	  95.561	  61.139
71	 -28.855	3	  34.748	  80.972	  52.757
72	 -28.576	3	  -1.925	  88.275	  51.074
73	 -18.603	2	   3.787	  83.972	  83.767
74	 -16.158	1	  20.748	  88.972	  56.728
75	 -13.342	1	   8.748	 102.972	  57.728
76	 -10.005	1	  11.748	  89.972	  48.728
77	  -9.628	1	  33.748	  93.972	  83.728
78	  -9.449	1	  17.748	  92.972	  74.728
79	  -9.279	1	  27.748	  69.972	  28.728
