1	-1584.233	136	   0.352	  17.793	  19.541
2	-1569.819	138	   1.408	  46.372	  15.684
3	-970.966	86	   8.386	  53.843	  38.429
4	-903.528	70	  13.449	  17.584	  25.705
5	-902.588	71	  15.636	  46.771	  16.415
6	-790.141	64	  14.313	  22.506	  -0.914
7	-766.515	60	  13.465	  32.141	  20.893
8	-766.226	60	   6.224	  -2.131	   6.276
9	-766.211	65	  -3.540	   2.300	   4.174
10	-765.424	66	  -9.236	  61.442	  27.655
11	-730.278	60	   3.523	  42.146	  40.381
12	-709.300	65	  16.674	  11.233	   1.629
13	-641.836	57	   6.117	  15.951	  -5.888
14	-557.262	46	 -10.911	  42.260	  16.282
15	-536.036	44	  -0.178	  65.953	  29.805
16	-462.235	32	  13.917	  39.966	  10.773
17	-459.421	40	  -6.349	  49.598	  40.007
18	-434.085	30	   8.866	  24.244	  30.223
19	-418.557	38	  -7.052	  10.280	  20.723
20	-415.595	36	  10.897	  34.027	   1.440
21	-407.497	36	  -4.616	  54.298	  10.971
22	-402.229	35	 -12.247	  22.453	  13.335
23	-398.643	36	  -8.041	  29.172	   7.856
24	-369.016	32	   1.531	  30.228	  36.573
25	-320.818	29	 -11.770	  34.765	  21.858
26	-317.415	31	 -15.215	  35.766	  41.403
27	-316.609	26	  22.642	   8.413	   7.814
28	-310.494	29	  -0.942	  28.151	 -10.862
29	-282.878	26	  -2.220	  71.805	  22.221
30	-271.599	26	  19.324	  35.673	  19.357
31	-232.318	23	   3.849	  61.152	  35.449
32	-223.692	21	 -19.870	  36.719	  32.836
33	-221.114	20	  -9.886	  27.412	  -6.145
34	-219.679	20	  -2.240	  11.179	  35.408
35	-210.917	21	  12.257	  66.996	  32.855
36	-209.283	20	  12.991	   3.310	   3.957
37	-208.366	21	  12.893	  50.816	   4.405
38	-204.635	20	  20.501	  38.240	  34.579
39	-201.620	19	  22.128	  29.905	   6.603
40	-200.263	19	  13.017	  64.703	  11.472
41	-194.452	19	  19.108	  -3.756	  10.892
42	-194.023	19	  11.883	  33.764	  37.929
43	-191.039	17	  11.683	   8.250	  32.131
44	-186.822	18	  -6.100	   8.329	  -3.037
45	-183.553	17	  17.330	  56.560	  10.478
46	-181.259	16	   6.366	  53.202	   0.612
47	-180.766	17	 -15.648	  55.456	  31.711
48	-180.606	17	  25.086	  47.842	  25.884
49	-179.213	18	 -13.710	  26.053	  31.540
50	-173.912	17	  28.666	  14.835	  11.586
51	-172.945	16	  -1.125	  23.054	  39.145
52	-170.671	17	  26.659	  25.660	  11.678
53	-168.512	15	  16.447	  26.890	  26.078
54	-164.042	16	   4.691	  13.685	  35.039
55	-161.961	16	   8.234	  29.703	  -6.693
56	-157.756	15	   6.073	  -6.478	  20.896
57	-156.782	15	  21.949	  49.686	  36.602
58	-155.453	15	   7.489	  -0.571	  28.680
59	-154.537	14	  25.234	  16.226	  23.047
60	-153.143	15	 -13.164	  21.626	  -0.653
61	-149.179	11	  -5.524	  21.365	  12.850
62	-145.901	14	 -11.638	   4.928	   8.539
63	-143.629	14	  -3.628	  39.256	  -2.161
64	-139.561	14	   5.476	  72.121	  29.075
65	-137.197	12	   3.103	   6.451	  -5.328
66	-131.710	13	  -5.560	  42.820	  43.574
67	-131.001	13	 -23.097	  48.308	  29.472
68	-128.430	12	 -14.395	  59.259	  19.234
69	-125.588	12	   9.818	  41.335	  -2.005
70	-125.282	11	  -8.095	  17.731	 -13.466
71	-123.890	12	  -5.263	  33.632	  42.369
72	-123.604	12	  18.377	  66.852	  23.135
73	-117.645	12	  -1.403	  20.385	 -14.950
74	-113.334	11	  15.401	  -4.312	  20.990
75	-113.101	11	   0.720	   5.888	  32.141
76	-110.823	10	  19.095	  56.748	  36.605
77	-109.049	11	 -16.977	  44.088	  45.119
78	-108.312	10	   8.069	  58.720	   5.059
79	-104.645	10	  -3.502	  48.112	   3.305
80	-101.257	10	  -2.488	  60.988	  38.749
81	-100.729	10	 -10.110	  16.586	  27.892
82	 -97.687	9	 -19.696	  41.153	  26.500
83	 -93.712	9	 -10.948	  49.992	   8.857
84	 -91.276	8	 -22.447	  46.077	  40.405
85	 -90.092	9	   6.171	  69.323	  14.637
86	 -85.935	5	  -0.973	  32.035	  17.257
87	 -80.611	8	 -13.538	  14.062	  19.381
88	 -77.032	8	   0.454	  -3.013	   0.904
89	 -76.347	7	   9.258	  71.704	  20.478
90	 -74.741	7	  -9.144	  58.126	  38.132
91	 -72.955	7	  11.178	  -7.883	  10.942
92	 -72.346	7	 -19.964	  51.701	  19.834
93	 -69.215	7	  -0.656	  -6.905	  13.808
94	 -69.159	7	   8.665	   3.531	  -2.945
95	 -66.314	7	 -16.432	  12.412	   5.614
96	 -61.105	6	  -9.430	  66.821	  18.648
97	 -57.121	6	 -12.967	  14.919	  -6.613
98	 -51.660	5	  26.203	   3.113	  18.019
99	 -48.505	5	 -11.812	  40.732	   8.262
100	 -47.940	5	 -10.019	  24.036	  40.045
101	 -40.376	4	  25.791	  41.108	  26.222
102	 -39.352	4	 -15.136	  24.051	  20.696
103	 -38.656	4	  24.072	   8.421	  25.556
104	 -37.596	4	  26.324	  16.399	   4.541
105	 -32.064	3	  28.489	  22.838	  19.013
106	 -30.942	3	  24.184	  59.193	  28.666
107	 -30.057	3	   1.267	  36.808	  -8.333
108	 -29.889	3	  24.590	  24.702	  25.292
109	 -29.589	3	  21.568	   0.075	  23.250
110	 -29.211	3	  13.498	  49.472	  40.932
111	 -21.365	2	  -6.937	  68.117	  32.787
112	 -19.616	2	  -9.451	   3.627	  21.273
113	 -19.419	2	   2.070	  44.117	  -5.708
114	 -18.385	2	  23.558	  58.117	  18.273
115	 -18.136	2	  -6.443	  -2.380	  19.276
116	 -16.944	1	   6.568	  32.117	  12.292
117	  -9.962	1	  -1.432	  66.117	  10.292
118	  -9.686	1	   4.568	  48.117	  44.292
119	  -9.420	1	   0.568	  -9.883	   4.292
