1	-1192.769	92	  14.576	 -17.194	  28.184
2	-1172.891	92	   9.703	 -26.257	  30.083
3	-1171.909	93	   8.066	 -12.829	  56.211
4	-1171.405	96	  -3.182	  27.883	  28.213
5	-1064.257	93	  35.202	 -19.448	  39.344
6	-1025.422	80	 -20.259	  10.667	  15.167
7	-997.350	91	  -6.134	  -7.596	  13.657
8	-991.927	77	 -23.001	   7.369	  24.017
9	-978.079	73	  -1.204	 -12.002	  52.784
10	-910.346	80	   7.337	   9.785	  47.227
11	-886.638	81	  -1.243	  15.650	  48.458
12	-863.626	72	 -21.636	  -0.576	  47.336
13	-818.985	75	  -8.811	 -16.729	  20.923
14	-768.947	60	   2.927	  21.538	  24.809
15	-731.953	62	  20.927	   6.292	  26.110
16	-724.065	63	 -27.563	  31.239	  39.260
17	-690.422	62	 -20.960	  31.363	   6.922
18	-681.753	52	  15.281	   3.646	  17.132
19	-665.277	60	 -13.191	  13.504	  -2.226
20	-634.463	55	  19.666	 -12.990	  15.649
21	-627.616	56	  13.641	 -39.286	  46.434
22	-626.445	56	 -19.751	  38.620	  19.735
23	-625.393	44	  -9.769	 -13.814	  27.566
24	-611.408	53	  32.265	 -13.049	  50.319
25	-604.751	56	  19.025	   2.876	  10.577
26	-603.070	52	  -4.854	  20.194	  -2.778
27	-601.448	54	 -28.480	  19.295	  47.911
28	-594.722	54	  19.764	   6.083	  49.859
29	-588.471	57	 -27.268	 -11.649	  41.872
30	-584.027	38	  -8.590	  23.819	  22.256
31	-582.009	37	 -17.630	  17.603	  20.158
32	-577.623	36	  11.814	 -22.202	  39.077
33	-566.887	50	 -30.777	  -3.686	  27.106
34	-562.546	40	  -6.142	  11.185	  44.640
35	-560.676	43	 -21.084	  -9.658	  39.680
36	-551.978	48	  18.334	  20.991	  26.687
37	-546.017	49	   8.296	  27.459	  18.534
38	-540.669	39	  10.912	   5.479	  42.483
39	-540.154	35	   7.290	 -19.425	  48.803
40	-538.490	45	 -11.584	  -5.538	  60.051
41	-532.816	49	 -13.669	 -23.936	  24.979
42	-530.021	46	  30.826	  -1.412	  19.243
43	-522.488	48	 -21.298	  35.647	  13.142
44	-515.626	46	  20.829	 -30.975	  56.498
45	-503.308	43	  -7.936	 -37.999	  43.056
46	-498.528	45	  -3.170	  -3.093	   4.910
47	-496.728	44	  17.507	 -35.480	  52.241
48	-492.950	44	  -8.866	  19.549	  50.870
49	-490.913	43	  -7.102	 -18.327	  58.463
50	-483.584	40	 -33.681	  24.559	  31.694
51	-457.522	32	  -1.465	  -1.940	  16.447
52	-448.591	40	 -32.832	  10.107	  26.587
53	-446.248	43	 -17.266	  -0.679	   2.192
54	-443.722	40	   2.775	  32.601	  -0.951
55	-442.026	40	  24.884	 -18.988	  26.611
56	-435.488	39	  -2.731	 -31.902	  20.197
57	-422.570	36	   2.139	  28.078	   4.843
58	-409.434	37	   7.391	 -32.195	  22.568
59	-408.481	39	  24.911	 -12.131	  60.454
60	-405.751	36	  32.363	   0.596	  39.078
61	-402.017	36	  10.108	  17.007	  49.458
62	-398.150	39	 -16.308	  37.023	  39.045
63	-395.387	34	   9.818	  10.630	   1.667
64	-378.304	36	  19.852	 -34.036	  28.272
65	-364.546	34	  31.725	 -28.363	  53.112
66	-360.082	33	 -22.414	 -25.024	  41.587
67	-359.758	31	  28.204	   7.601	  29.331
68	-359.520	32	 -25.462	   4.665	  52.514
69	-359.487	35	 -35.717	  15.784	  30.212
70	-358.143	34	 -12.413	  33.396	  -0.770
71	-356.225	33	 -29.821	  38.499	  25.282
72	-348.817	31	 -40.841	  25.611	  32.405
73	-345.961	32	 -14.054	 -15.472	  14.430
74	-345.774	32	  27.586	 -28.463	  33.122
75	-344.883	32	  18.262	  -5.793	   7.811
76	-341.606	31	  -0.256	 -40.298	  33.435
77	-339.901	32	  30.574	 -18.615	  31.278
78	-339.358	32	 -26.744	 -23.575	  25.933
79	-330.403	30	 -18.512	 -32.543	  42.911
80	-324.526	30	 -19.288	   2.111	  59.603
81	-322.945	28	  -4.124	 -14.826	  10.164
82	-315.814	28	 -34.651	  19.847	  19.841
83	-313.814	28	   3.839	 -43.799	  52.226
84	-312.070	23	  -4.672	   5.384	  29.896
85	-311.934	29	  35.639	  -7.417	  40.931
86	-309.171	29	  28.223	  14.444	  41.636
87	-306.749	27	   1.928	  13.059	  55.387
88	-303.991	29	  15.108	   0.755	  62.324
89	-298.309	29	   7.570	 -20.361	  65.498
90	-296.599	28	   7.828	  28.603	  10.315
91	-290.483	26	  11.298	   6.347	  52.146
92	-285.674	24	   6.102	 -42.739	  40.080
93	-285.628	27	   8.865	  -3.078	   0.490
94	-285.351	26	 -26.602	 -12.726	  53.622
95	-278.364	26	  -2.352	  31.385	  46.144
96	-269.309	26	  -9.385	 -26.177	  57.997
97	-259.327	23	  26.653	  -6.717	  54.942
98	-258.913	25	 -19.464	 -14.183	  61.248
99	-253.419	24	  -1.576	 -25.950	  62.867
100	-252.921	24	  23.224	 -39.613	  42.299
101	-251.468	19	  -5.733	 -34.327	  53.884
102	-246.823	22	  26.280	  16.310	  31.470
103	-242.670	24	   8.344	  34.345	  45.684
104	-242.076	23	 -31.833	  29.515	  10.449
105	-240.025	22	  30.023	 -37.604	  34.659
106	-238.148	21	   5.484	  31.081	  28.208
107	-234.453	22	  23.717	  13.587	  15.312
108	-224.754	20	  24.034	 -21.873	  60.413
109	-222.688	20	 -31.226	 -14.491	  32.263
110	-221.522	21	 -37.967	   0.731	  34.520
111	-221.116	21	 -10.982	  43.351	  14.250
112	-218.605	21	  11.923	 -33.748	  64.150
113	-217.910	19	 -40.270	  24.245	  13.876
114	-214.746	19	   1.797	  33.135	  21.813
115	-208.173	20	  20.978	  23.990	  17.299
116	-206.516	19	 -19.227	  23.350	  -0.765
117	-206.142	19	  10.722	 -36.472	  32.139
118	-203.648	19	  -6.786	 -36.498	  34.280
119	-203.000	20	   5.937	   6.956	  68.257
120	-202.973	19	   5.701	  15.776	  -2.016
121	-202.561	17	 -13.154	 -30.991	  52.746
122	-194.611	18	 -34.319	  -1.078	  44.385
123	-191.411	19	  23.707	  25.633	  34.682
124	-188.528	16	 -21.318	   6.218	   2.705
125	-185.703	18	 -28.058	  -5.134	   4.775
126	-181.535	17	   1.134	  36.154	  13.398
127	-181.148	16	 -19.088	  31.403	  42.458
128	-177.091	17	  -3.205	  -6.403	  67.108
129	-176.905	17	  16.309	 -17.832	   5.223
130	-176.748	17	  30.105	   0.763	  47.321
131	-176.393	17	   3.845	 -32.101	  69.612
132	-176.028	14	  -4.359	  34.841	  38.782
133	-175.795	17	   6.042	 -31.385	  11.318
134	-172.236	16	 -17.332	  11.935	  61.394
135	-171.562	17	 -18.455	  16.443	  55.634
136	-166.249	16	  -0.429	  45.935	  12.180
137	-162.061	14	 -20.585	  41.219	  30.146
138	-158.508	15	   7.612	  -7.062	  66.205
139	-156.200	16	 -26.818	   4.056	  10.703
140	-156.016	14	 -22.880	  15.317	   5.340
141	-155.945	11	   0.079	  -6.375	  33.904
142	-151.930	14	  15.050	 -16.209	  62.194
143	-151.350	14	 -32.234	 -10.077	  13.574
144	-149.768	14	  -4.213	   3.711	  70.320
145	-149.656	14	 -11.452	 -29.705	  29.201
146	-148.593	14	 -14.106	  24.740	  47.514
147	-148.214	14	   7.938	 -24.716	   4.243
148	-145.396	14	  -6.901	 -44.930	  46.663
149	-145.241	13	  15.141	  -7.175	  63.424
150	-143.250	14	  16.831	 -24.704	  14.809
151	-138.067	14	 -34.110	 -10.787	  22.777
152	-137.972	13	 -34.617	  20.313	  40.331
153	-137.088	13	 -12.790	   1.918	  67.686
154	-136.102	14	 -24.629	 -14.122	   6.837
155	-134.693	13	  12.809	  32.190	  33.547
156	-133.033	13	  32.186	 -12.200	  18.710
157	-132.245	13	  -2.242	  48.119	   3.998
158	-130.851	13	   2.249	 -13.477	  -0.231
159	-129.627	13	 -31.040	  10.407	  12.882
160	-129.132	12	  17.784	  31.359	  42.900
161	-126.890	11	  -9.432	  37.240	  31.291
162	-124.568	12	 -31.723	  18.124	  10.751
163	-122.138	12	   0.692	 -26.842	   7.868
164	-117.982	12	 -35.986	  36.972	  16.012
165	-115.330	11	  -5.005	   2.871	   1.866
166	-106.913	10	   6.244	  23.103	   1.161
167	-104.158	10	  -4.395	 -24.891	  14.023
168	 -99.913	10	 -11.827	  43.428	   4.333
169	 -98.994	10	 -11.208	  16.018	  62.276
170	 -95.899	10	 -22.635	  22.678	  50.816
171	 -94.240	9	 -45.820	  30.009	  19.061
172	 -93.375	9	   7.093	  -0.928	  70.830
173	 -92.976	9	 -33.725	 -19.423	  18.618
174	 -91.655	9	   4.515	  23.981	  50.815
175	 -89.362	9	   1.820	   6.298	  -0.703
176	 -88.750	9	 -18.060	 -32.105	  35.415
177	 -88.202	9	   3.110	  34.592	  35.865
178	 -87.302	9	  11.028	  37.506	   1.732
179	 -86.842	8	   8.713	  10.202	  59.318
180	 -85.427	8	  30.882	 -37.370	  47.445
181	 -83.813	8	 -10.267	  10.546	  69.611
182	 -83.013	8	  16.581	  24.393	   4.128
183	 -80.865	8	  -4.386	  39.748	  23.124
184	 -77.241	8	  12.309	  28.655	  51.045
185	 -76.538	8	 -31.309	  -5.992	  36.813
186	 -74.267	7	 -20.258	 -26.217	  58.428
187	 -73.659	7	 -15.054	  -9.029	   7.006
188	 -73.091	7	  37.373	   0.462	  24.333
189	 -71.491	7	 -49.517	  33.951	  25.177
190	 -71.069	7	 -34.760	   9.508	  49.511
191	 -70.162	7	   2.341	  45.222	  -5.838
192	 -69.742	5	  -4.644	  23.564	  38.199
193	 -69.178	7	  40.620	 -21.332	  32.591
194	 -69.058	7	  19.705	  13.545	  51.109
195	 -67.893	7	  25.033	  27.662	  44.866
196	 -66.148	6	   3.613	  -4.858	  40.277
197	 -64.033	6	 -30.217	 -20.350	  51.791
198	 -63.950	6	  22.063	  12.749	   5.164
199	 -62.416	6	  21.155	  22.773	  50.457
200	 -62.293	6	 -33.265	  -0.870	  16.747
201	 -62.120	6	  35.957	  -0.446	  32.296
202	 -60.292	6	 -18.873	 -24.296	  20.190
203	 -58.384	6	  26.312	  20.046	  45.994
204	 -52.397	5	 -40.990	  12.899	  39.549
205	 -51.109	5	 -48.033	  22.402	  33.517
206	 -50.648	5	   7.977	 -42.230	  61.917
207	 -50.403	5	  39.769	 -31.803	  40.921
208	 -50.312	5	  37.377	 -39.026	  38.511
209	 -50.052	5	  10.569	 -17.792	  -1.306
210	 -49.274	5	  38.184	 -29.423	  32.740
211	 -48.133	3	   0.877	 -23.622	  27.408
212	 -47.351	5	 -48.409	  32.567	  32.926
213	 -45.777	3	 -13.492	   4.965	  12.309
214	 -44.466	4	  39.857	 -21.208	  46.509
215	 -43.832	4	  38.636	 -10.655	  28.521
216	 -43.707	3	  10.933	  -4.371	  52.901
217	 -42.843	4	 -25.294	 -22.094	  14.309
218	 -40.501	4	 -34.600	  38.611	  30.754
219	 -40.095	4	   6.406	  41.394	   6.817
220	 -40.046	4	  -6.556	 -37.362	  62.821
221	 -39.848	4	  -4.012	 -44.002	  56.509
222	 -37.987	4	 -25.573	 -20.622	  61.306
223	 -37.624	4	 -46.053	  21.126	  24.825
224	 -36.980	3	   9.471	  -8.196	  35.309
225	 -34.904	2	 -16.816	 -22.622	  34.800
226	 -34.079	3	  -5.095	  15.378	  65.959
227	 -30.995	3	  -3.158	  38.686	  -7.999
228	 -30.751	2	 -12.780	   8.860	  30.827
229	 -30.173	3	 -20.826	  -5.622	  55.309
230	 -26.498	2	  -3.240	  14.802	  30.885
231	 -21.993	2	  -1.816	 -14.030	  19.309
232	 -21.670	1	   4.184	   4.378	   6.309
233	 -20.300	2	   2.184	 -38.622	  22.824
234	 -19.808	2	   4.184	 -13.081	  32.309
235	 -19.599	2	 -41.879	   4.910	  42.651
236	 -18.828	2	 -36.816	   6.378	  18.809
237	 -18.441	2	  24.184	  23.873	   7.309
238	 -18.043	1	   9.184	   2.378	  27.309
239	 -13.749	1	 -12.816	  -7.622	  17.309
240	 -10.980	1	  26.184	   5.378	   8.309
241	 -10.058	1	 -18.816	  15.378	  48.309
242	  -9.821	1	   4.184	  15.378	  42.309
243	  -9.569	1	  15.184	  16.378	   0.309
244	  -9.481	1	  -6.816	   0.378	  37.309
245	  -9.193	1	 -21.816	 -31.622	  50.309
246	  -9.183	1	  46.184	 -18.622	  39.309
247	  -9.045	1	 -25.816	  41.378	  38.309
248	  -8.930	1	   1.184	 -40.622	  70.309
