1	-999.566	83	  38.948	  53.471	  50.792
2	-421.119	37	  59.162	  11.453	  37.245
3	-403.648	35	  47.609	  49.882	  54.178
4	-385.684	36	  41.297	  20.404	  50.558
5	-373.147	34	  65.450	  10.073	  45.128
6	-372.596	32	  56.326	  39.287	  45.419
7	-346.264	33	  33.119	  55.651	  42.032
8	-329.634	31	  57.117	   7.469	  55.529
9	-326.868	31	  50.925	  19.323	  34.331
10	-305.506	20	  49.447	  34.106	  44.727
11	-294.299	24	  43.581	  26.123	  37.630
12	-289.735	27	  31.962	  46.830	  51.565
13	-285.335	25	  47.742	  38.294	  32.336
14	-231.582	22	  43.202	  32.858	  55.712
15	-221.497	20	  51.242	   8.183	  41.040
16	-214.193	17	  63.379	  26.757	  32.705
17	-207.104	18	  55.900	  42.107	  51.783
18	-188.415	18	  68.813	  28.897	  48.661
19	-184.935	18	  64.582	  16.516	  31.564
20	-174.037	17	  25.301	  44.216	  39.748
21	-173.646	16	  35.936	  27.180	  45.320
22	-164.801	16	  61.453	  19.831	  59.916
23	-161.010	15	  32.670	  37.297	  55.538
24	-150.932	15	  71.723	  17.078	  39.716
25	-146.761	14	  32.600	  48.318	  27.978
26	-145.342	14	  55.838	  46.041	  36.727
27	-141.187	13	  46.724	  22.465	  58.257
28	-129.524	12	  45.664	  61.888	  42.019
29	-115.700	11	  29.221	  37.457	  42.935
30	-108.177	10	  59.192	  36.389	  37.811
31	-107.026	10	  47.656	   9.265	  53.315
32	-104.121	10	  40.492	  58.954	  31.444
33	 -97.500	10	  48.576	  28.596	  31.749
34	 -79.602	7	  29.503	  53.985	  35.211
35	 -78.699	7	  66.653	  11.410	  54.166
36	 -75.769	8	  43.324	   8.606	  44.141
37	 -69.119	7	  30.411	  36.221	  32.951
38	 -62.527	6	  40.877	  61.599	  49.051
39	 -56.366	6	  62.166	  37.546	  49.530
40	 -47.445	5	  49.017	  45.641	  30.646
41	 -42.845	4	  34.845	  30.067	  35.436
42	 -41.706	4	  53.831	  25.185	  61.675
43	 -40.871	4	  55.094	  56.410	  44.193
44	 -40.526	4	  57.579	   6.423	  45.188
45	 -40.041	4	  72.040	  28.506	  39.882
46	 -38.942	4	  50.839	  33.777	  58.142
47	 -38.325	4	  42.555	  50.257	  28.675
48	 -29.555	3	  43.800	  39.836	  60.436
49	 -21.881	2	  73.335	  20.696	  48.940
50	 -19.282	2	  36.839	  46.700	  62.436
51	 -19.086	2	  24.839	  42.741	  31.403
52	 -18.966	2	  59.839	  45.703	  45.925
53	 -18.818	2	  48.845	   1.689	  45.449
54	 -18.202	2	  59.338	  32.693	  30.436
55	  -9.793	1	  49.839	  58.192	  53.436
56	  -9.432	1	  41.839	  15.192	  38.436
57	  -8.922	1	  37.839	  35.192	  28.436
