1	-1296.539	106	   2.555	   7.678	   3.684
2	-1051.607	95	  -0.667	 -13.569	  18.991
3	-551.325	47	  11.761	  -9.856	   2.297
4	-544.768	50	 -13.569	   6.772	  27.363
5	-458.011	35	  -8.787	  20.554	  10.264
6	-447.773	43	   4.963	   7.464	  23.394
7	-440.042	34	  -5.322	   6.333	   5.287
8	-433.047	41	   6.707	   1.000	 -11.805
9	-392.558	32	 -19.762	  13.238	  10.103
10	-387.319	36	  -9.736	 -16.955	   6.338
11	-327.803	28	  -4.579	  17.876	  -1.343
12	-321.614	29	  -4.128	 -19.097	  -2.827
13	-286.985	26	 -22.310	   1.202	  17.744
14	-284.105	25	  -3.673	 -10.001	 -15.962
15	-281.912	23	   4.101	  -5.202	  26.851
16	-268.228	25	 -16.470	  -5.659	   2.853
17	-267.002	24	  -0.946	   9.541	  -7.448
18	-263.273	26	  13.447	  -3.795	  20.414
19	-236.413	23	 -14.878	 -11.876	  28.240
20	-223.883	21	  12.938	  -8.953	   9.114
21	-215.111	21	  16.777	  -7.059	  -9.750
22	-210.167	20	   9.602	 -12.358	  19.016
23	-205.887	20	  -6.911	  18.694	  18.522
24	-189.099	17	 -14.840	  13.487	  -3.462
25	-179.124	18	  15.021	   9.829	   7.759
26	-178.935	17	 -16.430	  19.206	  19.711
27	-177.418	17	  15.880	   6.312	   0.589
28	-176.802	17	 -13.466	  -6.440	  -7.546
29	-173.352	14	   8.339	 -13.229	 -16.597
30	-170.875	14	   4.475	 -20.074	  -8.300
31	-169.350	15	 -19.967	   6.549	   2.411
32	-165.106	16	  12.893	 -16.386	  -8.447
33	-147.338	12	  -7.266	   1.762	  -7.571
34	-143.223	14	  -9.848	 -15.794	  -6.064
35	-141.817	14	  19.984	  -2.509	   1.873
36	-126.444	12	  -3.196	 -18.904	 -13.798
37	-122.163	12	   2.463	  16.470	  20.554
38	-110.877	11	   0.725	  18.906	   5.804
39	-109.181	11	  -3.524	  -1.551	 -14.371
40	-106.780	10	 -21.279	   8.161	  17.396
41	-104.958	10	  10.238	   9.395	  18.685
42	-101.102	10	   7.404	   7.188	  -7.570
43	 -97.891	10	  -8.811	 -19.197	  18.087
44	 -89.829	9	 -13.562	  21.544	   0.188
45	 -88.219	9	  -3.206	   7.964	  32.733
46	 -86.464	8	  -5.883	  -3.657	  33.234
47	 -83.366	8	   0.434	 -17.898	   6.314
48	 -79.675	8	 -20.671	 -11.912	  16.081
49	 -78.781	8	  -8.435	   3.316	  34.687
50	 -59.215	6	   6.492	  14.095	  11.671
51	 -57.284	4	  -1.237	  10.901	  16.373
52	 -48.080	5	   8.403	  -4.995	 -20.664
53	 -40.138	4	  -6.549	  16.811	  26.602
54	 -31.606	2	  -9.783	  -7.962	  -1.227
55	 -21.261	2	   9.698	 -19.942	  -1.727
56	 -20.669	2	  16.217	  -2.841	  12.367
57	 -20.207	2	 -23.338	  -8.758	  24.977
58	 -19.027	2	 -14.278	  -1.918	  34.312
59	 -18.458	2	  -5.287	 -11.423	  31.314
60	  -9.634	1	   1.217	  14.577	  30.312
61	  -9.308	1	   5.217	   0.577	  32.312
62	  -9.145	1	 -20.783	  -0.423	  30.312
63	  -9.108	1	 -22.783	  16.577	  16.312
