1	-1153.488	90	  77.662	 131.591	  23.243
2	-1102.439	88	  38.324	  12.031	  16.925
3	-937.573	81	  48.158	  97.327	  43.941
4	-920.203	80	   8.279	  47.487	  35.246
5	-906.694	56	  86.563	 104.134	  30.353
6	-889.046	73	  36.628	  27.259	   8.635
7	-869.345	54	  47.437	  34.572	  34.642
8	-863.296	76	   9.807	  60.911	  25.617
9	-828.252	75	  52.910	  97.541	  35.986
10	-806.289	70	  49.764	  98.177	  60.367
11	-781.540	73	  13.698	  41.154	  38.997
12	-773.744	62	  -6.560	  29.584	  45.067
13	-766.193	53	  46.833	  23.351	  17.932
14	-758.925	67	  39.850	  91.568	  31.385
15	-758.092	61	  39.797	  19.789	  44.682
16	-746.677	52	  86.408	 124.681	  32.500
17	-737.657	59	  79.563	 103.663	  15.626
18	-735.051	59	  37.819	  36.709	  26.906
19	-726.991	69	  37.870	 111.111	  39.827
20	-725.348	57	  32.877	  98.242	  23.424
21	-709.717	64	   0.407	  40.089	  46.435
22	-704.293	62	  58.306	 103.549	  28.293
23	-697.988	54	  76.884	 131.225	  38.975
24	-695.493	55	  77.412	 110.138	  39.134
25	-693.646	55	  24.741	  41.889	  24.205
26	-676.994	57	  21.466	  56.482	  26.021
27	-668.620	53	  64.354	 109.549	  45.031
28	-654.264	55	  33.682	   1.628	  22.999
29	-651.106	43	  68.964	 117.488	  25.477
30	-649.628	62	  -1.511	  36.746	  25.442
31	-642.447	61	  57.958	 125.693	  21.558
32	-640.274	55	  73.558	 131.315	  10.821
33	-621.962	56	  13.770	  10.990	  36.725
34	-620.284	55	  18.368	  31.198	  37.903
35	-587.923	54	  96.244	 113.675	  37.798
36	-556.621	49	  54.216	 114.992	  11.878
37	-532.662	35	  29.979	  21.100	  27.531
38	-525.062	50	  18.320	  13.463	  22.972
39	-521.540	48	  22.896	  63.110	  13.439
40	-521.297	48	  56.669	  34.109	  25.198
41	-518.685	46	  49.490	  30.262	  11.748
42	-509.739	47	  73.261	 104.840	  55.929
43	-505.486	46	  65.800	  94.607	  56.945
44	-503.205	44	  89.135	 126.278	  41.051
45	-483.918	41	  34.057	  10.682	  46.200
46	-483.587	44	  33.088	  54.006	  22.596
47	-480.894	45	  83.977	  95.469	  23.928
48	-477.053	45	  44.165	  31.191	  47.457
49	-476.109	43	  43.902	 105.338	  25.723
50	-474.946	42	  64.816	 121.271	  44.469
51	-470.360	43	  24.937	  35.948	  14.379
52	-461.618	42	  62.606	 107.740	  68.782
53	-449.396	38	  49.126	   4.300	  34.871
54	-445.505	43	  54.551	 104.954	  47.343
55	-435.485	36	  60.275	 102.207	  56.967
56	-431.654	38	   7.271	  23.370	  40.783
57	-430.784	37	  88.531	 120.127	   7.492
58	-424.308	38	  20.534	  35.371	  48.536
59	-415.770	35	  20.943	  24.178	  35.828
60	-415.620	35	  60.654	 109.010	  23.657
61	-405.566	34	  73.757	 106.834	   6.588
62	-404.372	37	   2.605	  27.722	  35.971
63	-397.660	34	  49.425	 107.020	  18.888
64	-392.490	35	  60.107	  91.769	  26.763
65	-389.927	39	   7.155	  35.169	  28.279
66	-370.277	32	  22.466	  23.307	  26.904
67	-369.268	34	   4.192	  26.384	  54.331
68	-363.393	31	  55.933	   7.462	  48.875
69	-359.895	34	  14.637	  46.205	  26.639
70	-353.530	35	  46.700	 109.623	  37.127
71	-352.972	31	  95.625	 106.281	   2.912
72	-344.865	29	  56.975	 115.866	  34.257
73	-331.657	32	  43.425	  46.381	   9.421
74	-331.455	30	  63.735	  29.722	  36.471
75	-328.266	24	  72.382	 124.960	  25.483
76	-327.058	29	  94.090	 113.214	  50.284
77	-325.414	28	  16.906	  29.503	  24.503
78	-325.243	29	  99.218	 116.188	  13.943
79	-323.604	29	 103.484	 105.722	  28.256
80	-319.849	29	  59.792	  11.551	  34.900
81	-318.567	28	  45.300	  92.161	  16.827
82	-318.332	30	  47.651	  79.967	  28.523
83	-316.308	27	  52.278	  37.938	  20.348
84	-314.142	30	  65.519	 132.215	  35.194
85	-310.619	28	  61.402	 117.081	  28.008
86	-308.028	27	 101.725	 102.776	   8.108
87	-305.783	28	  36.152	 113.306	  51.676
88	-301.434	28	   7.600	  43.809	  57.369
89	-300.705	30	  59.720	  96.742	  46.754
90	-296.981	28	  27.543	  61.152	  31.432
91	-296.725	29	  86.167	 102.852	  49.534
92	-293.935	28	  82.999	 119.937	  56.631
93	-290.514	27	  -3.442	  45.581	  17.072
94	-289.554	27	  14.842	  63.159	  36.530
95	-289.020	19	  46.259	  27.977	  39.156
96	-285.110	23	  16.008	  69.611	  25.909
97	-278.587	26	  31.835	  -4.501	  26.808
98	-277.849	18	  33.174	  17.601	  21.213
99	-276.132	27	  20.022	  50.348	  34.383
100	-272.716	25	  54.777	  87.832	  56.338
101	-272.498	26	  33.121	  69.283	  31.131
102	-264.753	26	  46.257	  49.205	  27.879
103	-261.412	22	  55.559	  93.672	  67.843
104	-261.174	24	  69.572	  96.664	  29.159
105	-260.162	25	  26.439	  22.183	   9.970
106	-256.151	23	  61.980	  13.513	  49.565
107	-255.648	24	  29.918	  34.960	  43.462
108	-254.156	24	  19.192	   9.079	  13.720
109	-253.444	24	  53.838	   7.450	  28.840
110	-246.422	23	  74.034	  93.125	  64.087
111	-242.463	21	  54.415	  45.690	  19.059
112	-241.328	23	  60.387	 118.065	  53.033
113	-237.315	22	  21.420	  72.462	  15.423
114	-231.706	22	  84.043	 126.235	   5.176
115	-231.568	22	  41.115	 104.104	  57.132
116	-230.413	22	  88.636	 110.427	  59.411
117	-229.396	21	  44.180	  -0.670	  30.452
118	-228.655	22	  79.602	 100.717	  -0.497
119	-227.105	22	  49.470	  53.937	  16.013
120	-225.950	21	  61.414	 101.671	  75.202
121	-225.391	22	  60.554	  82.704	  67.990
122	-224.673	22	  35.507	   0.463	  43.863
123	-224.619	22	  68.446	 138.347	  25.447
124	-224.378	21	  32.555	  44.545	  22.206
125	-224.248	22	  19.996	  75.072	  35.325
126	-223.866	21	   0.809	  54.681	  22.784
127	-216.902	21	  39.504	   7.167	  55.400
128	-210.354	20	  82.208	 113.202	  -0.280
129	-209.779	20	  20.403	  44.705	  12.598
130	-209.529	20	  93.736	 123.338	  13.057
131	-209.262	18	  17.770	   0.991	  31.706
132	-208.029	20	  63.721	  99.922	  16.972
133	-207.886	20	  24.420	  22.535	  46.802
134	-205.133	19	  71.386	 131.242	   3.499
135	-203.161	19	  56.793	  74.271	  59.376
136	-200.508	12	  45.391	  19.721	  31.957
137	-200.305	19	  58.365	 135.583	  21.936
138	-200.202	20	  56.730	  20.849	  17.552
139	-199.037	19	  12.721	  36.341	  12.927
140	-198.405	20	  44.398	  82.631	  37.154
141	-197.350	13	  85.149	 114.612	  22.109
142	-194.783	19	  73.720	 127.826	  45.489
143	-194.505	18	  72.210	 110.120	  48.486
144	-191.784	18	  52.609	 121.590	  45.936
145	-191.499	20	  44.668	  20.734	  57.736
146	-190.087	16	  80.643	  97.531	   6.468
147	-187.054	19	  98.437	 122.736	  28.891
148	-185.395	14	  88.801	 110.399	  38.504
149	-185.080	18	  41.226	 112.234	  59.924
150	-184.003	17	  17.253	  72.333	  47.247
151	-183.322	18	  21.942	  -2.061	  41.572
152	-182.733	17	  42.532	   1.321	  44.279
153	-178.678	17	  58.399	  82.080	  38.086
154	-176.629	18	  31.277	  53.016	  10.111
155	-176.267	16	  24.700	  49.112	  22.238
156	-175.534	17	  58.078	  41.786	  32.661
157	-169.409	16	  14.111	  20.556	  38.331
158	-167.104	16	  19.288	  50.473	  51.180
159	-166.620	16	  24.273	  54.279	  42.149
160	-165.450	14	   0.498	  42.266	  34.103
161	-162.446	17	  84.521	  91.764	   9.826
162	-160.208	15	  84.368	 126.688	  51.699
163	-158.656	14	   1.712	  53.279	  13.848
164	-158.622	16	  74.782	 113.231	   0.237
165	-157.741	15	  62.706	 117.527	  -1.558
166	-157.330	16	  53.505	 101.395	   9.239
167	-155.575	14	  29.095	  10.680	   9.759
168	-155.105	15	  69.347	 136.272	  16.173
169	-154.651	15	  28.328	   4.863	  47.591
170	-154.134	15	  67.456	 108.627	   0.760
171	-153.437	14	  64.316	 107.515	  52.025
172	-151.801	15	  79.263	  96.041	  34.467
173	-149.050	12	  40.728	  15.017	  54.555
174	-147.932	15	  -4.227	  35.599	  33.717
175	-147.724	13	  14.524	  56.533	  53.374
176	-141.044	13	  56.460	 123.397	   5.119
177	-139.225	14	  89.024	  92.848	   2.813
178	-138.846	14	  52.616	  43.668	   8.911
179	-138.789	13	  64.166	  88.102	  46.497
180	-138.031	14	  49.106	  13.739	  60.714
181	-135.430	12	  55.694	  77.075	  44.508
182	-133.191	14	  41.162	 122.560	  42.375
183	-132.224	12	  99.382	 102.998	  37.938
184	-131.830	13	  74.217	 121.920	  -4.016
185	-131.046	10	  40.095	 101.173	  39.924
186	-130.623	11	  29.542	   3.526	  16.257
187	-130.621	12	  31.848	  25.152	  45.081
188	-130.293	13	  58.144	 127.483	  40.172
189	-129.788	11	  71.609	 100.400	  19.640
190	-128.706	12	  65.667	  90.257	  71.690
191	-124.862	12	  39.314	  39.917	  41.423
192	-124.818	12	  34.506	 104.548	  33.179
193	-124.681	12	  85.274	 131.040	  17.705
194	-124.552	12	  24.083	  72.410	  53.436
195	-121.599	12	  70.506	 116.138	  61.665
196	-119.917	10	  28.267	  -7.845	  35.101
197	-119.463	12	  53.079	 128.790	  30.636
198	-117.962	12	   1.687	  32.748	  14.720
199	-117.194	11	 -11.986	  21.734	  35.383
200	-117.185	11	   4.731	  50.101	  50.998
201	-111.514	11	   0.255	  40.171	  57.830
202	-110.920	11	  46.385	   7.656	  20.434
203	-109.952	11	  63.552	  18.274	  35.980
204	-108.969	10	  26.180	  74.600	  26.911
205	-108.873	11	  18.645	  27.895	  11.155
206	-108.670	10	  59.381	 129.154	   9.620
207	-108.451	11	  92.192	 122.286	  54.094
208	-107.945	10	  27.930	 110.951	  22.131
209	-107.845	11	  41.097	  89.596	  42.950
210	-107.839	10	  26.052	  77.637	  40.962
211	-106.753	11	   5.412	  62.695	  16.200
212	-106.362	10	  99.068	  95.148	  20.272
213	-106.097	10	  61.892	  71.169	  49.103
214	-104.238	10	  40.044	  81.556	  26.088
215	-103.329	10	  87.945	 134.520	  35.929
216	-101.717	10	   0.690	  49.346	  42.448
217	-100.302	9	  14.631	  17.294	  49.894
218	 -98.459	10	  10.487	   9.322	  45.585
219	 -97.561	9	 103.168	 111.800	  18.762
220	 -96.955	10	  37.608	  92.950	  13.325
221	 -95.749	9	  48.699	  21.175	   7.888
222	 -93.085	9	  65.971	  76.907	  67.035
223	 -92.945	10	   8.608	  57.631	  37.415
224	 -90.264	9	  13.613	  20.172	  15.915
225	 -90.193	9	  38.434	 100.222	  46.899
226	 -89.727	9	  38.175	   3.547	  16.093
227	 -88.958	9	   9.122	  45.402	  12.077
228	 -84.041	8	  21.893	  62.736	  54.651
229	 -84.009	8	  41.440	  37.444	   5.345
230	 -83.468	8	  47.111	 110.384	   6.973
231	 -82.768	8	  27.386	  45.829	  33.272
232	 -81.885	8	  80.991	 106.104	  63.902
233	 -80.710	8	  22.900	  -6.086	  25.134
234	 -80.181	8	  41.025	  60.582	  16.939
235	 -79.855	8	  56.093	  36.867	  45.159
236	 -79.291	8	  47.349	 113.233	  14.161
237	 -78.446	8	  62.408	 133.587	   3.643
238	 -78.040	8	  67.223	 100.131	  43.696
239	 -77.973	8	  48.831	  90.423	  52.527
240	 -77.955	8	  -0.878	  49.107	  31.379
241	 -77.558	8	  -5.544	  15.639	  40.565
242	 -77.295	8	  54.131	  18.882	  57.037
243	 -76.416	8	  55.478	  12.345	  20.784
244	 -75.097	7	   9.195	  36.637	  38.350
245	 -72.532	7	  48.305	 118.473	  54.040
246	 -71.810	7	  59.477	  27.768	  49.597
247	 -70.871	7	  65.496	 127.713	  -4.668
248	 -70.831	7	  73.503	  84.474	  66.544
249	 -70.504	7	  34.088	 108.438	  13.762
250	 -69.232	7	  37.003	  65.182	  24.412
251	 -69.207	7	  45.074	 105.802	  67.126
252	 -69.129	7	  94.456	  93.257	   9.506
253	 -68.812	7	  89.656	 113.667	   1.301
254	 -68.733	7	  16.365	  63.676	   8.995
255	 -68.379	7	  96.569	  94.768	  28.586
256	 -67.271	6	  29.824	  70.068	  21.477
257	 -62.063	6	  43.204	  13.561	  10.724
258	 -61.515	6	  73.035	 107.835	  67.901
259	 -60.114	6	  72.424	 121.709	  56.935
260	 -59.836	6	  77.754	 136.870	  16.494
261	 -59.573	6	   9.050	  26.233	  18.106
262	 -59.074	6	  50.193	   2.249	  43.758
263	 -58.355	6	  95.503	 101.754	  45.439
264	 -56.329	5	  69.507	  97.442	  70.417
265	 -55.018	5	  51.717	  77.276	  38.019
266	 -53.409	5	  96.333	 125.652	  20.911
267	 -53.368	5	  65.510	  69.060	  58.489
268	 -52.340	5	  33.301	  62.616	  14.018
269	 -52.063	5	  94.055	 130.234	  29.786
270	 -51.735	5	  88.725	 104.233	  -1.955
271	 -51.060	5	  15.780	  38.363	  55.540
272	 -50.658	3	  88.186	 112.233	  46.399
273	 -49.690	5	  49.339	 122.414	  34.207
274	 -49.382	5	  34.494	  84.862	  17.594
275	 -48.953	5	  18.936	   1.212	  22.879
276	 -47.290	5	  48.320	 114.456	  66.805
277	 -46.322	5	  -5.707	  31.972	  59.403
278	 -45.560	5	  49.105	 105.420	  74.830
279	 -43.077	4	  48.479	   4.664	  54.280
280	 -42.629	4	   3.526	  11.233	  43.881
281	 -41.721	3	  52.586	  21.233	  26.417
282	 -40.776	4	  34.041	  45.993	   7.709
283	 -39.334	4	  39.791	  51.282	  23.836
284	 -39.056	4	  60.272	 139.233	  14.626
285	 -37.807	4	   9.505	  69.062	  11.711
286	 -37.724	4	  55.748	 111.242	  70.887
287	 -32.563	3	  60.839	  22.233	  26.126
288	 -30.780	3	  -1.450	  20.567	  35.108
289	 -30.075	3	  37.522	 111.859	  21.730
290	 -29.453	3	  72.517	 139.216	  34.763
291	 -29.068	3	  73.503	  83.242	  58.417
292	 -29.043	3	  55.503	 114.222	  -0.912
293	 -28.810	3	  80.823	 132.891	  47.759
294	 -27.447	3	  21.167	  -0.092	  14.417
295	 -27.254	3	  32.521	  17.903	   3.756
296	 -21.458	2	  63.503	  21.741	  45.909
297	 -20.850	2	  45.065	  99.795	  10.417
298	 -20.357	2	  28.036	 106.233	  28.417
299	 -20.141	2	  53.970	  85.233	  21.884
300	 -20.124	2	  57.029	  83.233	  29.417
301	 -19.867	2	  62.503	 109.744	  -4.583
302	 -19.857	2	   8.503	  57.726	   8.417
303	 -19.518	2	  30.014	  16.701	  47.928
304	 -19.508	2	  48.452	 127.746	  44.417
305	 -19.376	2	   5.035	  17.233	  50.417
306	 -19.307	2	  70.974	  74.174	  59.770
307	 -19.283	2	  98.503	 108.733	  43.417
308	 -18.852	2	  16.984	  54.233	   9.911
309	 -18.586	2	 103.503	 102.233	  16.938
310	 -18.303	2	  87.493	 134.735	  27.417
311	 -18.038	2	  23.006	  -0.767	  49.417
312	 -11.548	1	  93.503	 118.233	  25.417
313	 -10.913	1	  33.503	  67.233	  39.417
314	  -9.943	1	  12.503	  62.233	  44.417
315	  -9.617	1	  14.503	   8.233	  29.417
316	  -9.440	1	 -11.497	  29.233	  35.417
317	  -9.428	1	  39.503	   7.233	  25.417
318	  -9.352	1	  83.503	 134.233	  10.417
319	  -9.327	1	  76.503	  89.233	   6.417
320	  -9.029	1	  40.503	 124.233	  52.417
321	  -8.928	1	  -9.497	  34.233	  52.417
