1	-1588.922	130	 126.142	 112.988	  96.077
2	-1330.255	106	 125.234	 112.750	  27.852
3	-1231.449	106	 125.115	  90.766	  22.497
4	-1130.545	101	 115.548	 113.044	  30.985
5	-1081.688	83	 130.172	  94.468	  74.785
6	-1054.311	96	 128.908	 116.774	  63.959
7	-974.036	90	 134.316	 117.975	  92.366
8	-921.392	72	 130.227	  94.401	  47.916
9	-914.391	79	 121.939	 115.822	  59.222
10	-809.989	71	 121.387	 104.644	  41.632
11	-796.444	70	 114.635	 125.033	  48.707
12	-734.675	64	 137.879	  94.611	 102.207
13	-721.616	62	 121.448	 106.095	  31.410
14	-659.347	59	 128.482	 128.056	  74.120
15	-645.940	53	 132.811	 108.972	  92.063
16	-622.086	57	 134.395	 107.849	  82.148
17	-599.957	52	 117.565	 124.432	 100.134
18	-550.158	50	 141.039	  97.307	  87.716
19	-533.050	48	 127.414	 126.984	  23.581
20	-527.763	47	 119.364	  92.117	  34.504
21	-479.136	45	 120.606	  88.914	  84.619
22	-460.934	44	 114.155	 121.834	  76.268
23	-455.508	42	 146.678	 100.154	  99.579
24	-439.500	40	 120.372	 114.887	  36.804
25	-430.569	42	 112.931	  92.221	  23.767
26	-427.615	36	 131.033	 111.010	  76.983
27	-417.862	41	 128.290	  95.668	  14.930
28	-412.313	32	 135.929	  87.718	  36.804
29	-402.776	38	 140.661	 106.550	 115.854
30	-394.853	37	 130.086	 117.788	  86.700
31	-392.960	34	 116.331	 110.847	 101.444
32	-392.412	35	 114.740	 119.488	  63.479
33	-383.333	36	 134.073	 127.591	  41.410
34	-381.066	35	 141.700	  94.647	  39.952
35	-380.390	32	 134.180	 122.222	  49.825
36	-364.316	34	 140.828	 122.317	  32.969
37	-364.271	35	 148.976	 102.412	  88.670
38	-360.968	34	 108.965	 121.672	  94.994
39	-359.352	32	 134.510	 116.217	  22.042
40	-354.635	32	 146.648	 119.621	 102.983
41	-352.252	33	 116.165	  99.115	   7.955
42	-349.335	31	 131.820	 124.209	  59.875
43	-347.389	33	 135.966	 128.888	  28.950
44	-341.296	32	 120.098	 109.990	  47.849
45	-341.014	33	 127.514	 128.731	  51.953
46	-338.893	30	 125.035	  91.475	  70.264
47	-330.033	31	 109.594	 102.253	  27.273
48	-328.440	31	 104.139	 108.238	  20.613
49	-325.345	31	 136.727	 101.154	  16.393
50	-313.801	29	 111.616	  92.932	  35.783
51	-307.940	27	 108.324	 115.155	  89.279
52	-307.329	31	 136.912	 128.796	  86.234
53	-304.391	27	 145.200	 111.079	  96.253
54	-296.305	27	 107.398	 124.968	  30.076
55	-280.999	27	 115.848	 102.782	 101.650
56	-272.588	25	 137.586	 125.572	 108.434
57	-264.592	26	 110.230	 122.422	  83.972
58	-256.827	24	 114.685	 139.347	  89.143
59	-255.400	25	 132.032	  97.572	 108.740
60	-254.051	24	 103.707	 125.904	  44.061
61	-253.226	25	 112.368	 109.309	  70.751
62	-251.798	22	 110.647	 112.494	  12.330
63	-245.704	24	 108.831	 119.362	  38.168
64	-243.306	21	 126.822	  88.995	  34.599
65	-237.803	23	 122.341	  97.148	 106.686
66	-237.364	23	 122.907	 134.706	  77.095
67	-233.682	21	 108.093	 119.347	  16.213
68	-233.033	22	 123.807	 106.885	  58.418
69	-231.209	21	 127.731	 108.427	 110.553
70	-224.691	22	 117.471	 132.842	  47.127
71	-224.474	19	 137.771	  92.583	  91.829
72	-222.472	21	 139.018	 109.814	  21.898
73	-220.344	21	 139.263	 116.120	  52.613
74	-217.736	21	 130.948	 108.185	  67.313
75	-217.461	20	 126.985	 109.856	  14.228
76	-217.429	20	 107.633	 114.219	  29.536
77	-216.933	21	 108.511	 101.190	  84.811
78	-215.924	21	 138.387	 136.163	  79.182
79	-210.795	20	 125.255	 135.207	  41.511
80	-209.953	19	 116.571	  93.971	  74.187
81	-208.746	19	 143.666	 101.525	  49.417
82	-208.396	19	 147.744	 106.352	  38.682
83	-206.162	20	 138.920	 106.990	  55.192
84	-205.140	19	 121.372	 141.251	  32.347
85	-201.298	19	 134.737	 145.931	  80.225
86	-193.771	18	 130.552	  82.504	  40.273
87	-192.381	18	 145.365	  97.738	  31.888
88	-191.498	19	 130.511	 134.554	  75.945
89	-184.350	18	 117.582	 101.074	  68.209
90	-183.112	18	 122.018	  81.441	  95.596
91	-179.970	18	 133.630	 132.257	  95.900
92	-179.855	17	 134.148	  80.175	  85.497
93	-168.372	16	 103.658	 101.249	  15.575
94	-168.299	16	 137.546	  89.813	  79.396
95	-167.985	16	 116.266	  89.679	  92.311
96	-167.308	16	 122.701	 133.881	  25.223
97	-163.908	16	 119.554	 107.332	   7.477
98	-162.268	14	 138.384	  93.060	  51.098
99	-159.146	15	 140.570	 122.874	  94.076
100	-158.929	16	 110.648	 141.969	  37.675
101	-157.965	15	 145.577	  89.636	  26.409
102	-154.677	15	 153.074	 106.215	  95.630
103	-149.610	15	 105.853	  92.598	  28.476
104	-141.498	14	 101.267	 137.387	  42.668
105	-132.589	13	 129.096	  94.238	 115.137
106	-126.797	12	 126.319	  96.267	  55.242
107	-122.390	12	 144.574	  91.339	  17.942
108	-120.816	12	 144.674	 107.054	  30.502
109	-120.568	11	 121.234	 132.751	  98.286
110	-120.246	12	 125.745	 145.590	  84.936
111	-119.925	12	 131.769	 120.499	 111.364
112	-118.507	11	 115.819	 131.004	  80.349
113	-116.675	10	 130.088	  87.279	  86.175
114	-116.180	11	 121.076	  84.652	 104.987
115	-111.318	11	 117.174	 117.074	  12.542
116	-108.743	11	 133.750	  99.488	  66.071
117	-103.108	10	 140.285	  98.561	 111.276
118	-101.013	10	 132.091	  95.614	   8.158
119	 -99.589	10	 138.264	 143.079	  91.945
120	 -97.471	10	 112.597	  98.208	  93.487
121	 -97.329	10	 142.333	  81.670	  16.708
122	 -96.555	10	 139.227	  87.396	 100.217
123	 -93.419	9	 121.017	  88.590	 115.398
124	 -89.847	9	 131.673	  77.925	 105.268
125	 -82.437	8	 150.164	 113.011	 106.311
126	 -81.947	8	 110.875	  92.635	  84.640
127	 -79.185	7	 141.479	 115.379	  88.988
128	 -76.090	8	 120.608	 143.560	  39.502
129	 -73.476	7	 143.487	  77.625	  24.815
130	 -71.176	7	 134.602	 119.028	  75.182
131	 -69.605	7	 144.763	 115.939	  39.870
132	 -69.401	7	 116.629	 126.280	  66.728
133	 -67.512	7	 126.771	 139.871	  95.699
134	 -66.192	7	 142.290	  92.658	   6.389
135	 -63.144	6	 114.456	 126.997	  26.697
136	 -62.686	6	 123.483	 123.491	  62.772
137	 -60.836	6	 146.595	 124.670	 113.625
138	 -57.733	6	 124.405	  77.190	 108.655
139	 -57.625	5	 141.791	 135.651	  87.913
140	 -56.869	6	 128.737	 136.037	  33.774
141	 -55.144	5	 112.018	 132.014	  88.701
142	 -51.225	5	 106.797	  91.876	  11.076
143	 -51.163	3	 113.242	 134.406	  35.756
144	 -50.338	4	  99.949	 125.009	  35.756
145	 -50.309	5	 130.561	  86.811	 113.143
146	 -47.982	5	 132.795	  83.095	  77.165
147	 -47.282	5	 135.215	  88.257	   9.947
148	 -45.823	5	 112.400	 136.315	  27.563
149	 -44.887	3	 115.252	 116.341	  86.508
150	 -43.650	4	 135.905	 115.053	 114.017
151	 -41.123	4	 141.582	  78.957	  35.493
152	 -40.942	4	 108.107	 105.934	  93.035
153	 -40.424	4	 119.334	  92.401	  12.552
154	 -40.421	4	 152.335	 105.116	 110.963
155	 -40.338	4	 127.905	 126.894	 106.553
156	 -38.789	4	 135.047	  77.766	  28.751
157	 -38.448	4	 104.969	 131.392	  29.031
158	 -31.098	3	 101.602	 112.684	   9.756
159	 -30.465	3	 116.895	 124.314	  17.086
160	 -30.033	3	 125.602	  81.742	  28.756
161	 -29.889	3	 113.333	 131.739	  98.390
162	 -29.730	3	 118.233	 128.691	  57.395
163	 -29.203	3	 143.918	 118.715	 118.756
164	 -29.025	3	 139.270	  79.669	  94.734
165	 -28.786	3	 141.233	 104.382	  81.756
166	 -28.533	3	  96.587	 132.020	  31.099
167	 -28.087	2	 122.277	 112.691	  78.421
168	 -20.830	2	 128.768	 114.315	  45.215
169	 -20.531	2	 124.164	 115.691	  21.318
170	 -19.989	2	 134.182	  83.691	  47.176
171	 -19.963	2	 134.134	 126.094	  68.159
172	 -19.110	2	 150.091	 114.202	  89.799
173	 -19.064	2	 111.602	 120.176	  55.271
174	 -18.796	2	 130.578	  81.228	  21.732
175	 -18.580	2	 110.106	 136.691	  46.756
176	 -18.342	2	 106.602	 108.231	   4.756
177	 -13.166	1	 130.602	 103.691	  40.756
178	 -10.469	1	 143.602	  88.691	  33.756
179	 -10.374	1	 103.602	 120.691	  24.756
180	  -9.870	1	 101.602	  90.691	  34.756
181	  -9.447	1	 130.602	  72.691	  95.756
182	  -9.382	1	 107.602	  96.691	  78.756
183	  -9.366	1	 125.602	 137.691	  87.756
184	  -9.068	1	 103.602	 102.691	  31.756
