1	-1167.870	90	  17.160	  31.864	  19.845
2	-1094.547	99	  25.617	  35.655	  23.493
3	-541.007	40	  16.353	  43.289	  19.891
4	-459.762	43	  13.660	  23.398	  15.398
5	-363.953	33	  19.365	  19.686	   6.401
6	-324.281	29	  37.624	  20.717	  17.661
7	-316.476	28	  28.717	  24.013	  26.839
8	-289.230	28	  28.912	  46.514	  20.322
9	-235.110	22	  17.099	  12.978	  12.878
10	-210.600	21	  10.896	  38.417	  24.393
11	-187.352	17	  44.631	  35.437	   9.116
12	-186.399	18	  21.410	  29.881	   0.448
13	-178.027	16	  23.913	  15.425	  24.095
14	-165.749	16	  18.965	  46.113	   6.053
15	-153.978	15	  45.156	  36.350	  18.787
16	-134.897	13	  15.139	  17.380	  20.513
17	-131.912	13	  32.469	  39.052	   1.946
18	-127.804	13	   5.446	  32.561	  13.956
19	-124.781	12	  10.650	  37.919	   7.896
20	-124.332	12	  40.500	  41.794	   5.920
21	-105.214	10	  27.743	  24.829	   1.808
22	 -97.686	9	  21.042	  41.737	  25.985
23	 -87.599	7	  32.690	  12.928	  14.316
24	 -79.403	8	  29.116	  45.783	   5.705
25	 -76.937	7	  35.632	  23.772	   8.053
26	 -76.785	8	  35.388	  31.865	   1.678
27	 -72.413	7	  35.845	  47.388	   9.489
28	 -64.784	6	  38.143	  36.130	  26.963
29	 -60.041	6	  39.881	  27.886	  28.013
30	 -51.938	5	  28.016	  17.858	   5.569
31	 -44.901	4	   9.236	  27.291	   8.830
32	 -39.192	4	  21.688	  41.822	   0.337
33	 -37.215	4	  24.862	   7.779	  17.098
34	 -29.857	3	  30.718	  11.291	  22.616
35	 -29.582	3	  30.976	  32.957	  33.621
36	 -20.010	2	  22.164	  51.291	  14.837
37	 -19.922	2	  16.223	  24.394	  23.868
38	 -15.821	1	  22.671	  29.291	  13.316
