1	-1603.129	143	   9.123	  30.755	  -1.638
2	-1533.450	135	  24.122	   0.674	  47.591
3	-1024.553	86	  13.245	  12.711	  16.286
4	-871.276	78	   2.084	  -4.527	  37.210
5	-806.060	72	  19.081	  14.116	  21.207
6	-721.231	66	  12.451	 -14.857	  44.730
7	-708.032	67	  -1.417	   5.117	  47.626
8	-681.012	57	  18.371	  16.160	   7.253
9	-612.837	55	  21.718	  15.078	  -2.143
10	-566.308	53	  14.833	  21.658	 -24.401
11	-560.187	51	   3.184	  16.890	  21.004
12	-553.410	45	  26.184	  36.513	  25.237
13	-549.999	42	   8.907	  28.936	   6.952
14	-543.561	48	  33.772	  21.247	   2.896
15	-533.752	46	  16.414	 -13.351	  36.794
16	-529.524	49	  33.525	  29.807	   5.450
17	-520.032	40	  26.152	  -0.920	  38.931
18	-485.271	43	  34.049	  34.268	  -7.346
19	-459.051	42	  16.884	  42.787	  -0.134
20	-453.302	42	   0.357	  33.612	 -16.179
21	-444.264	41	  30.927	  46.549	   0.507
22	-431.577	40	  17.726	  12.806	  45.306
23	-407.630	37	  28.286	  -6.723	  61.903
24	-395.649	36	  35.157	  41.727	  13.982
25	-385.096	34	  33.441	  -8.143	  27.626
26	-378.682	31	  -1.982	  27.816	  15.986
27	-376.396	34	   1.336	  24.351	 -14.137
28	-364.453	33	   4.287	   5.750	  18.428
29	-353.668	33	  38.150	  22.667	  12.820
30	-351.541	32	  14.108	  13.964	  -9.405
31	-350.921	35	  31.877	  15.044	  25.663
32	-333.491	32	  -0.866	  -6.214	  27.308
33	-332.115	31	  13.500	  -7.816	  69.451
34	-331.775	32	  44.346	 -10.057	  35.414
35	-324.272	30	  23.020	  11.488	  34.237
36	-314.038	30	  11.582	  17.823	  33.979
37	-313.912	28	 -15.660	  25.986	   4.090
38	-309.578	30	  16.748	  18.268	  28.902
39	-296.694	27	  31.625	  -0.122	  61.896
40	-293.392	26	   7.228	  24.309	  22.213
41	-282.564	26	   2.810	  17.020	  38.484
42	-280.529	25	  49.456	  -3.855	  47.547
43	-280.433	27	  24.079	 -14.740	  30.869
44	-280.186	27	  25.237	  46.876	   9.573
45	-268.440	23	  10.516	 -14.498	  22.116
46	-265.939	21	  19.644	   1.434	  41.529
47	-259.848	24	  38.467	  -2.399	  31.161
48	-253.611	23	  42.122	   7.004	  47.251
49	-253.054	23	   3.294	  -4.417	  74.373
50	-250.017	24	   4.347	  -8.334	  16.782
51	-249.895	24	   1.529	 -11.884	  51.479
52	-249.051	23	  26.165	   7.897	  24.063
53	-248.422	23	  46.151	   1.417	  42.007
54	-247.218	22	   2.760	  13.013	  29.686
55	-239.384	23	  26.380	  16.563	 -13.906
56	-239.119	22	  -2.776	  -0.741	  62.756
57	-238.031	23	  24.775	  37.789	 -24.733
58	-237.370	21	  -9.058	  36.839	   2.160
59	-229.576	22	  30.032	  26.977	  33.326
60	-224.422	22	  37.595	   9.170	  55.310
61	-222.845	19	  18.265	 -14.899	  53.725
62	-222.580	21	   5.042	  17.582	  45.286
63	-219.110	20	  13.872	  41.215	  10.921
64	-217.975	20	  32.202	  29.544	 -22.149
65	-216.760	21	  36.202	 -19.541	  42.271
66	-213.123	20	  27.763	   6.009	  65.865
67	-213.044	21	  -1.805	  10.744	   6.096
68	-212.268	16	  15.730	  31.120	   3.935
69	-211.508	20	   8.844	  14.763	  54.683
70	-211.155	20	  21.639	  45.186	 -10.033
71	-209.658	20	  31.194	  23.054	 -15.672
72	-207.678	20	  24.192	  26.737	 -32.689
73	-206.009	18	  27.532	  14.453	  19.756
74	-202.450	19	 -10.757	  30.887	   9.279
75	-202.339	19	  -7.852	  20.332	  15.015
76	-201.796	20	  33.367	  38.284	 -16.445
77	-200.977	18	  40.007	   2.676	  36.843
78	-191.240	17	  29.908	  14.817	   9.193
79	-189.118	19	  21.067	 -12.182	  23.615
80	-183.192	16	  24.299	  10.405	  59.446
81	-181.199	17	  28.645	  10.003	  46.339
82	-164.333	16	  15.174	  13.151	  64.236
83	-162.237	15	  -2.096	   7.758	  59.587
84	-158.453	15	  24.413	  -1.645	  67.752
85	-156.570	14	   4.242	 -13.863	  31.726
86	-152.723	15	  -1.291	  -5.996	  57.255
87	-149.857	14	   4.522	  28.379	 -21.092
88	-149.115	14	   6.378	  43.088	 -14.597
89	-145.955	13	  14.505	  31.240	 -31.099
90	-140.160	13	   3.277	  36.174	  22.024
91	-137.943	13	  14.360	  43.430	 -19.436
92	-137.853	14	   4.888	   8.995	  10.366
93	-136.090	12	   4.149	   8.594	  64.220
94	-136.063	13	  10.770	   3.675	  11.733
95	-123.235	12	  -1.223	  38.648	   8.037
96	-119.803	12	   5.397	   5.222	  72.283
97	-112.404	9	  -9.492	  17.407	  -0.012
98	-110.082	11	  35.111	 -10.319	  57.875
99	-106.845	10	   5.695	  40.412	  -0.243
100	-105.757	9	  41.311	 -12.628	  50.967
101	-103.470	10	  36.780	  23.724	  22.660
102	-102.364	10	  12.931	  -3.079	   8.298
103	 -99.506	10	  15.928	  27.545	  29.768
104	 -99.448	10	  -8.261	  37.562	  -8.560
105	 -97.152	10	  35.991	   7.636	  26.648
106	 -95.807	10	 -10.099	  13.169	   9.102
107	 -94.904	9	  14.311	 -11.896	  62.991
108	 -92.443	9	  -2.118	  13.280	  -5.481
109	 -90.389	9	  -2.101	  40.099	  -2.190
110	 -88.112	9	   4.601	   8.068	  -6.129
111	 -86.144	9	  32.763	 -20.215	  35.990
112	 -84.074	8	  13.360	   0.692	  75.776
113	 -81.081	8	  26.075	  -0.188	  16.704
114	 -81.027	8	  17.369	  34.540	  27.718
115	 -80.457	8	   0.301	   5.551	  32.694
116	 -79.982	7	  35.899	  32.923	  20.976
117	 -77.869	8	  19.440	  14.676	 -18.848
118	 -77.627	8	  10.759	 -14.681	  53.983
119	 -77.084	8	  32.544	 -20.452	  51.347
120	 -71.388	7	  22.305	 -14.483	  61.940
121	 -68.210	4	   8.184	  36.348	 -11.815
122	 -67.892	7	   8.266	  38.421	 -26.493
123	 -66.586	6	   2.987	 -13.788	  67.507
124	 -64.729	6	  31.801	  17.076	  -7.445
125	 -60.055	6	  16.073	   7.872	  74.566
126	 -58.199	6	  36.322	   9.407	  41.549
127	 -58.037	6	  36.337	  29.813	 -15.481
128	 -58.016	6	  28.132	  45.598	  24.535
129	 -57.285	6	  36.966	  36.731	   0.557
130	 -52.824	5	  25.528	  16.011	 -25.960
131	 -52.397	5	  20.311	  42.348	  20.342
132	 -51.561	5	  48.130	  -3.422	  54.396
133	 -51.520	5	  21.299	  -8.628	  13.391
134	 -50.358	5	 -15.870	  26.712	  -2.915
135	 -49.207	5	  29.312	  22.773	 -27.206
136	 -46.741	5	  39.531	  -0.995	  59.017
137	 -46.652	5	  25.125	 -22.025	  40.985
138	 -46.559	5	  12.705	  37.560	  22.042
139	 -43.546	4	   7.029	  14.815	 -13.637
140	 -40.073	4	   9.122	   7.566	   4.225
141	 -39.573	4	  22.350	   5.843	  17.211
142	 -37.698	4	  47.131	 -16.431	  43.211
143	 -37.259	2	  18.130	  -3.434	  58.950
144	 -37.150	4	 -12.848	  26.850	  15.708
145	 -33.638	3	  34.832	  -6.030	  41.573
146	 -30.649	3	  -1.555	  37.506	  16.151
147	 -28.947	3	  49.860	  -5.234	  35.213
148	 -28.654	3	   7.845	  31.593	  26.899
149	 -19.600	2	  25.130	  43.067	 -16.290
150	 -19.058	2	  21.682	 -23.951	  52.659
151	 -19.001	2	   8.130	  28.068	 -29.790
152	 -18.264	2	  -0.870	  41.566	 -14.283
153	 -10.038	1	  13.130	  26.566	 -13.789
154	  -9.951	1	  -6.870	  27.566	  -8.789
155	  -9.950	1	  -1.870	   0.566	  72.211
156	  -9.494	1	  34.130	  44.566	  -6.789
157	  -9.462	1	  10.130	 -12.434	  12.211
158	  -9.247	1	  -3.870	  -7.434	  45.211
159	  -9.193	1	   1.130	  23.566	   6.211
160	  -9.127	1	  14.130	 -23.434	  46.211
