1	-1600.102	142	   9.414	  30.411	  -1.474
2	-1519.403	135	  23.548	   0.656	  47.144
3	-1216.388	102	  13.335	  12.427	  16.031
4	-942.923	84	  19.965	  14.202	  21.561
5	-684.339	60	  -1.422	   5.742	  47.588
6	-675.288	58	   1.893	  -3.171	  36.026
7	-668.507	55	  32.548	  25.989	   4.318
8	-666.080	60	   3.173	  17.463	  20.628
9	-642.441	57	  20.883	  14.881	  -2.584
10	-598.623	51	  16.276	 -13.692	  38.000
11	-595.400	46	  24.173	   0.144	  39.538
12	-591.202	51	  18.742	  15.772	   6.778
13	-588.894	53	  29.357	  -4.324	  61.191
14	-542.552	48	  34.117	  34.578	  -7.239
15	-527.810	48	   3.387	  17.245	  40.637
16	-516.607	42	  25.720	  36.931	  24.922
17	-476.081	37	   8.826	  29.226	   6.535
18	-472.535	47	  30.846	  15.082	  26.384
19	-472.167	45	  22.287	 -13.625	  27.968
20	-467.546	45	  14.205	 -15.090	  52.700
21	-454.132	44	  12.304	  18.800	  31.538
22	-446.719	39	  10.781	 -14.277	  45.407
23	-417.615	40	  37.665	  22.897	  12.063
24	-415.177	40	  17.286	  13.271	  44.573
25	-401.949	37	  13.324	  -7.881	  68.069
26	-383.808	36	  14.361	  22.347	 -25.628
27	-375.683	34	  15.935	  42.032	  -0.597
28	-371.278	34	  34.512	  42.100	  14.738
29	-370.757	34	  -0.164	  27.927	 -13.786
30	-351.341	31	  33.316	  -8.045	  27.663
31	-345.197	32	  29.533	  20.306	 -14.319
32	-340.678	30	   4.492	   5.801	  18.063
33	-339.076	31	 -15.750	  26.348	   4.323
34	-337.603	32	  -2.833	  -1.767	  62.377
35	-303.176	29	  19.608	  16.554	  31.336
36	-300.382	28	  29.029	   4.974	  64.129
37	-298.645	29	  35.449	  34.624	   6.393
38	-295.501	29	  25.021	   8.544	  24.228
39	-293.361	27	  -0.820	  -6.285	  27.965
40	-291.613	26	   2.496	  -4.063	  73.484
41	-288.530	26	   2.265	  12.416	  29.380
42	-286.864	24	  -2.044	  27.464	  16.356
43	-286.626	25	  49.366	  -4.301	  46.724
44	-285.607	28	  20.760	  45.369	  -9.677
45	-278.228	25	  42.122	   6.735	  47.078
46	-271.652	26	  45.089	  -8.092	  34.272
47	-265.888	24	  38.097	  -1.592	  30.945
48	-265.621	24	   4.103	  26.019	 -19.355
49	-261.317	24	  32.057	  18.428	   1.302
50	-253.300	25	   4.204	  -7.571	  16.510
51	-251.322	24	  -7.858	  20.696	  15.080
52	-250.307	24	 -10.759	  30.953	   9.565
53	-244.496	20	   6.833	  24.524	  21.111
54	-243.726	22	  14.193	  14.959	  -9.663
55	-242.989	23	  23.530	  27.032	 -32.500
56	-240.440	22	  32.014	  29.123	 -21.873
57	-239.874	22	   1.310	  36.109	 -18.099
58	-238.457	22	  28.843	  46.984	  -2.708
59	-236.712	22	  13.368	  41.240	  11.188
60	-233.303	23	  25.103	  47.185	   9.611
61	-230.153	22	   1.325	 -11.242	  51.382
62	-223.622	21	  24.660	  37.119	 -24.442
63	-208.609	19	  28.177	  10.375	  46.328
64	-205.533	20	  14.461	  13.124	  64.340
65	-202.043	16	   9.344	 -13.901	  22.459
66	-192.957	18	  24.380	  -1.641	  67.140
67	-192.121	19	  10.076	   4.795	   9.173
68	-191.403	16	  39.261	   2.919	  37.257
69	-189.494	19	  -1.890	  10.176	   4.592
70	-188.204	17	   1.811	 -10.094	  39.243
71	-187.482	19	  12.245	  37.931	  21.670
72	-185.703	16	  24.987	  10.784	  33.541
73	-182.492	16	  13.392	  33.115	 -30.571
74	-175.345	17	   3.752	   8.114	  64.990
75	-174.139	16	  33.141	  45.279	   3.449
76	-169.942	12	  15.728	  31.461	   3.946
77	-165.644	16	  -1.346	  -5.428	  55.142
78	-164.858	15	  24.013	  11.021	  58.949
79	-161.092	15	  -1.979	   8.141	  58.825
80	-157.483	15	  31.864	  37.970	 -18.657
81	-155.720	15	  14.833	  43.087	 -20.476
82	-154.995	16	   1.886	  10.676	  10.641
83	-153.952	14	   5.277	 -14.049	  32.646
84	-153.129	13	  -8.673	  36.930	   1.337
85	-151.909	14	   4.016	  39.680	   4.412
86	-151.906	14	   2.988	  36.110	  22.056
87	-150.744	14	  -2.702	  34.864	  12.179
88	-149.415	15	  35.628	 -20.220	  44.143
89	-140.064	12	  31.311	  15.070	   8.634
90	-138.779	13	   2.075	  40.310	  -3.094
91	-138.089	14	  -0.883	  13.760	  -7.150
92	-138.085	14	  39.697	 -16.042	  38.008
93	-137.852	12	  16.226	  17.678	 -18.637
94	-136.403	13	  28.539	  25.893	  33.711
95	-127.414	12	  22.525	  15.042	 -13.893
96	-127.189	12	  45.877	   0.872	  41.158
97	-126.886	11	  35.411	  33.052	  21.378
98	-121.656	11	   9.049	  15.437	  52.265
99	-116.237	10	  -9.358	  17.254	  -0.247
100	-111.623	10	  41.780	 -12.619	  50.013
101	-111.249	10	  37.454	   8.728	  55.909
102	-111.244	10	   5.800	  42.860	 -16.147
103	-110.144	11	   0.841	   4.139	  35.057
104	-103.327	10	  32.442	 -19.782	  50.748
105	-102.081	10	  -6.880	  37.873	  -8.973
106	-101.047	10	  15.801	  27.260	  29.678
107	-100.319	8	  30.006	  14.964	  18.131
108	-100.154	8	   7.743	  37.845	 -10.585
109	 -99.255	10	  21.031	  47.352	   2.807
110	 -94.839	9	  25.165	  -1.364	  15.833
111	 -91.947	9	  12.986	  -2.865	   8.260
112	 -88.308	9	  14.589	  -0.599	  74.817
113	 -88.015	9	  21.627	  -9.494	  15.209
114	 -83.926	8	  31.507	  17.118	  -7.822
115	 -82.664	8	  34.692	 -11.429	  56.569
116	 -81.953	8	  36.494	   9.642	  42.216
117	 -81.901	5	  16.977	  -4.026	  58.888
118	 -77.890	8	  36.309	  29.906	 -15.213
119	 -77.860	8	   7.203	 -14.474	  57.220
120	 -74.688	7	   2.801	 -13.772	  66.561
121	 -70.109	7	  36.866	  24.574	  22.299
122	 -67.844	7	  38.903	  -0.137	  58.600
123	 -67.812	7	   5.493	   4.526	  72.410
124	 -60.965	6	  19.616	  42.175	  19.900
125	 -60.647	6	  16.449	   8.133	  73.506
126	 -60.442	6	  11.426	   6.319	  -7.793
127	 -59.952	6	  35.109	   8.094	  25.522
128	 -59.785	6	  24.777	 -21.657	  39.666
129	 -59.155	6	  31.084	  31.951	  30.261
130	 -58.607	6	  28.039	  44.908	  24.810
131	 -58.081	6	 -16.070	  26.625	  -3.432
132	 -58.079	6	  -9.630	  12.819	   9.172
133	 -52.823	5	  47.741	  -3.980	  54.174
134	 -50.270	5	  22.287	   6.259	  17.219
135	 -49.318	5	   8.241	 -11.157	  71.811
136	 -47.323	5	  24.308	   7.463	  69.414
137	 -43.101	4	  25.202	  15.937	 -25.966
138	 -42.059	4	   3.514	   8.153	  -3.534
139	 -41.007	4	  20.057	 -23.284	  52.383
140	 -39.910	4	  31.920	 -19.855	  37.265
141	 -39.434	4	  47.605	 -15.881	  42.272
142	 -39.330	4	   6.380	  15.641	 -16.171
143	 -39.156	4	  18.428	 -13.835	  63.526
144	 -37.590	4	  30.194	   2.659	  19.802
145	 -37.007	4	  37.199	  10.114	  33.047
146	 -30.254	3	   8.594	  32.608	  27.034
147	 -29.825	3	  29.258	  22.970	 -27.276
148	 -29.603	3	  17.343	  34.695	  27.674
149	 -29.560	3	  27.134	 -16.190	  57.926
150	 -29.077	3	  45.497	   5.954	  56.722
151	 -28.556	3	 -14.056	  36.285	  -6.308
152	 -27.963	3	  13.580	 -15.358	  31.011
153	 -25.698	1	  12.930	  26.642	 -13.966
154	 -19.205	2	  -7.070	  27.144	  -8.966
155	 -18.455	2	   1.427	 -14.861	  24.543
156	 -18.212	2	   0.419	  18.642	 -12.455
157	 -16.855	1	   0.930	  23.642	   6.034
158	 -14.454	1	  34.930	  -5.358	  41.034
159	 -11.468	1	  24.930	  42.642	 -15.966
160	  -9.652	1	  13.930	 -23.358	  46.034
161	  -9.312	1	   7.930	  26.642	 -28.966
162	  -9.213	1	  31.930	  11.642	  61.034
