1	-1680.619	137	   7.410	  21.499	  31.368
2	-1023.224	75	  36.484	  25.927	  33.789
3	-933.119	65	  15.809	  22.524	  46.091
4	-879.876	76	  14.295	  41.438	  28.942
5	-762.754	62	  24.683	  25.396	  28.809
6	-755.895	64	  37.181	  -4.852	  47.658
7	-690.619	60	  51.841	  21.674	  22.141
8	-675.852	59	  43.141	  40.742	  13.632
9	-674.561	62	  24.031	  -5.453	  37.336
10	-667.465	53	  31.534	  22.179	  26.596
11	-623.856	47	   5.930	  24.857	  12.852
12	-623.242	54	  37.450	  34.922	  29.073
13	-619.424	57	   9.420	  28.208	  39.188
14	-582.602	53	  25.306	   4.625	  51.131
15	-526.001	47	  22.527	   1.442	  24.390
16	-520.543	46	  20.915	  23.839	   3.282
17	-501.267	48	  41.722	  28.272	  16.152
18	-487.365	45	   5.514	   9.127	  30.131
19	-477.472	43	  -1.600	  15.333	  37.119
20	-476.572	43	  41.562	  -1.164	  31.515
21	-458.756	43	  10.516	  22.643	  55.259
22	-455.000	34	  18.967	  28.771	  40.147
23	-440.180	41	  13.660	  -0.630	  28.688
24	-438.199	40	  42.441	  26.958	  56.351
25	-412.875	38	  44.032	   8.380	  53.667
26	-412.213	38	   4.137	  45.286	   8.190
27	-411.895	37	  -4.353	  17.388	  52.867
28	-401.373	35	  13.965	  37.730	   6.083
29	-394.250	37	  17.980	  16.836	  54.378
30	-375.413	32	  17.988	  -7.174	  46.521
31	-375.050	36	  51.376	  13.360	  57.300
32	-370.589	35	   6.628	  45.361	  21.939
33	-335.438	32	  34.766	   7.432	  18.536
34	-316.070	30	  20.673	  10.299	   7.031
35	-301.728	29	   2.923	   2.683	  54.537
36	-301.477	27	  55.887	  24.779	  27.285
37	-301.215	28	  29.233	  -1.261	  50.132
38	-299.393	29	  40.167	  26.639	  63.723
39	-296.695	28	  11.694	   2.896	  53.874
40	-296.235	29	  28.267	  45.779	  35.166
41	-294.715	28	   2.091	  19.184	  63.249
42	-287.476	26	  25.721	  40.902	   1.871
43	-287.365	27	  34.275	  36.491	   3.228
44	-286.263	28	  36.243	  -6.236	  36.662
45	-277.247	21	  19.609	  13.290	  38.014
46	-269.978	23	   9.829	   0.335	  38.392
47	-250.170	25	   3.062	  26.520	  33.709
48	-245.501	22	  19.531	  52.389	  25.471
49	-244.932	21	  13.205	  17.870	   2.906
50	-242.392	25	  31.685	  27.611	   3.259
51	-236.783	22	  46.304	   2.414	  27.049
52	-225.753	22	  14.095	  34.690	  38.882
53	-224.722	21	  17.108	  31.914	  46.803
54	-224.356	21	   4.767	  31.918	   8.546
55	-222.136	20	  41.209	  31.843	   3.789
56	-220.449	22	  57.441	   6.334	  21.373
57	-218.566	21	  52.388	   3.911	  31.198
58	-213.154	21	  43.268	   4.595	  19.583
59	-212.588	19	  57.938	   7.124	  34.465
60	-212.491	21	  28.693	  34.390	  44.060
61	-204.801	19	  57.877	  23.453	  50.533
62	-204.498	20	  20.272	  -8.191	  59.629
63	-197.454	19	  12.220	  53.496	  17.552
64	-194.482	19	  20.432	  57.698	  18.493
65	-194.286	19	  35.657	  10.161	  60.111
66	-185.424	17	  48.835	  12.387	  14.130
67	-185.219	19	  52.913	  25.416	  57.590
68	-180.987	15	   8.013	  -2.669	  45.330
69	-180.628	13	  29.313	  24.468	  54.239
70	-177.105	16	   1.118	  34.929	  25.467
71	-176.970	17	  60.978	  13.181	  44.311
72	-175.733	14	  21.447	  17.422	  44.958
73	-174.618	16	  32.065	  52.012	  28.133
74	-168.143	17	  38.210	  18.820	  10.779
75	-165.734	17	  50.179	  -0.084	  53.752
76	-160.136	13	  49.055	  -4.726	  38.040
77	-154.802	15	  -8.974	  17.447	  43.489
78	-152.922	15	  33.347	  54.855	  18.693
79	-151.490	15	   2.185	   1.583	  39.649
80	-149.095	14	  46.421	  31.801	  31.676
81	-148.905	15	  -2.474	  12.850	  17.442
82	-147.230	15	   1.818	  38.055	  15.425
83	-146.537	14	  22.119	  28.503	  53.595
84	-144.175	14	   0.231	  20.558	  10.115
85	-142.983	14	  62.905	  22.161	  28.856
86	-142.435	15	  14.530	 -13.089	  63.466
87	-140.435	12	  21.975	   6.637	  15.311
88	-135.144	13	  38.398	  48.112	  23.036
89	-134.640	9	  28.416	  25.116	  19.091
90	-127.213	12	  38.944	  39.216	  22.553
91	-126.382	13	   5.516	   6.332	   5.965
92	-123.638	12	  56.422	  -0.133	  36.579
93	-118.988	11	  28.350	  15.485	   6.749
94	-118.667	12	  62.509	  18.989	  36.963
95	-117.962	11	  31.635	  28.633	  62.947
96	-117.307	11	  -5.107	   8.448	  52.690
97	-116.250	11	  59.851	   2.353	  50.301
98	-112.644	11	  17.898	  52.636	   9.925
99	-112.176	11	  -3.620	  26.683	  53.377
100	-105.832	8	  56.878	   7.182	  55.904
101	-104.805	11	  14.513	  -2.094	  58.064
102	-104.423	10	  35.433	  35.442	  40.095
103	-103.832	10	  16.924	  -6.495	  68.007
104	-103.653	9	  54.915	  31.526	  31.947
105	-102.312	10	  31.020	 -10.252	  48.605
106	-100.584	10	  32.189	  18.494	  61.808
107	-100.428	10	  35.372	  51.958	  12.140
108	 -96.732	9	  26.639	  52.246	   4.408
109	 -91.741	9	   1.240	   3.977	  16.542
110	 -90.836	8	  43.261	  39.971	   4.721
111	 -90.382	8	  34.563	  -4.708	  28.253
112	 -89.898	9	  62.648	   9.181	  50.755
113	 -89.061	9	  -1.002	  25.947	  23.944
114	 -88.934	8	   0.080	  16.802	  23.102
115	 -88.641	8	  52.578	  -4.269	  45.195
116	 -86.578	9	  58.201	  31.738	  40.070
117	 -77.396	7	  -2.443	  23.842	  46.040
118	 -73.083	7	  13.884	   4.117	   8.509
119	 -71.064	7	  66.541	  12.845	  28.188
120	 -69.581	7	  17.287	   0.814	  16.053
121	 -69.539	4	   8.120	  19.101	  18.753
122	 -69.451	7	  10.726	  10.821	  57.451
123	 -66.803	7	   2.955	  35.892	  37.028
124	 -64.350	4	  37.096	  21.973	  18.910
125	 -63.538	6	  35.954	  34.517	  59.600
126	 -62.808	6	   7.969	   1.000	  14.416
127	 -61.766	6	  26.131	  55.602	  11.243
128	 -60.711	6	   1.169	   7.001	  23.620
129	 -60.579	6	  15.359	  42.111	  37.758
130	 -54.083	5	  19.675	  45.301	   3.408
131	 -53.300	5	  19.452	  32.634	  -0.033
132	 -50.201	5	  12.241	  26.634	   0.967
133	 -49.150	5	  62.090	  19.018	  17.154
134	 -48.710	5	  33.297	  50.381	   0.934
135	 -43.243	3	   1.333	  11.897	  46.701
136	 -42.580	4	  40.592	  46.634	   2.501
137	 -40.783	4	   2.859	  41.863	  29.210
138	 -39.244	4	  64.339	  11.977	  16.967
139	 -39.199	4	   8.562	  48.129	  -0.018
140	 -38.959	4	  23.738	  42.115	  42.001
141	 -33.053	2	  26.712	   6.118	  40.483
142	 -31.661	3	  30.070	   0.952	  21.967
143	 -30.558	3	   6.333	  15.662	  -0.033
144	 -29.903	3	   9.861	  -8.059	  51.586
145	 -29.712	3	  -5.075	   2.732	  46.346
146	 -28.774	3	  64.659	   9.634	  37.321
147	 -27.887	3	  50.001	  31.634	  50.299
148	 -26.785	2	  29.929	  19.634	  41.967
149	 -25.677	2	  42.333	  12.634	  21.510
150	 -21.840	2	  42.333	  33.634	  67.483
151	 -19.585	2	  47.266	  33.634	  43.034
152	 -18.980	2	  24.285	   6.729	  58.015
153	 -18.648	2	  11.314	  53.634	   6.006
154	 -18.557	2	  65.837	  11.628	  56.961
155	 -14.276	1	  39.333	   5.634	  33.967
156	 -13.781	1	  20.333	  14.634	  20.967
157	 -12.598	1	  20.333	  40.634	  19.967
158	 -12.108	1	  44.333	  20.634	  39.967
159	  -9.785	1	  50.333	  36.634	   9.967
160	  -9.597	1	  -5.667	  19.634	  60.967
161	  -9.515	1	  45.333	  33.634	  22.967
162	  -9.464	1	  62.333	   2.634	  41.967
163	  -9.160	1	   3.333	  28.634	  56.967
