1	-819.298	66	  18.661	  19.319	  25.445
2	-755.440	70	  40.920	  40.124	  24.217
3	-732.435	60	  19.653	  21.274	   9.720
4	-716.844	51	  47.397	  33.613	   0.139
5	-692.283	62	  57.089	  36.094	   3.737
6	-670.444	57	  46.118	  46.586	  -9.334
7	-600.043	40	  31.667	  39.721	  12.320
8	-587.310	54	  58.718	  45.797	  15.276
9	-546.633	52	  41.318	  56.551	  -1.014
10	-505.125	46	  18.876	  46.416	   4.361
11	-467.044	41	  46.777	  29.006	  27.236
12	-463.443	41	  19.656	  34.902	  33.711
13	-435.471	41	   6.134	  42.776	  26.084
14	-435.065	37	  40.965	  22.389	   6.427
15	-412.310	38	  34.806	  36.218	  30.085
16	-400.123	39	  12.446	  35.460	  -5.692
17	-395.664	34	  32.645	  29.656	 -11.706
18	-389.121	35	   2.452	  40.326	  19.170
19	-386.247	35	  48.989	  60.993	  12.153
20	-379.806	36	  24.807	  51.703	  -0.508
21	-376.099	34	  48.810	  19.762	  17.360
22	-370.544	35	  18.388	  43.597	 -10.040
23	-365.681	32	  37.619	  14.888	  14.864
24	-358.184	33	  15.920	  12.076	   9.999
25	-346.073	30	  48.770	  26.330	 -12.935
26	-344.943	32	   8.148	  28.059	   6.054
27	-341.641	28	  28.916	  24.731	  -1.654
28	-332.586	32	  11.218	  29.732	  31.169
29	-329.320	31	  39.624	  17.133	  -2.391
30	-324.178	30	  31.856	  51.966	   9.533
31	-314.234	28	  -2.485	  37.182	  11.526
32	-312.407	29	  20.898	  28.741	  -9.771
33	-309.389	29	  26.066	  43.080	  22.870
34	-301.461	27	  29.536	  37.970	 -15.220
35	-297.102	26	  22.883	   7.476	   9.822
36	-293.944	26	  27.440	  56.495	 -11.605
37	-283.773	25	  25.733	  46.078	  13.698
38	-277.046	27	  10.769	  18.907	  12.227
39	-249.978	22	  37.683	  16.394	  24.257
40	-248.084	23	  41.321	  33.752	 -15.006
41	-240.346	21	  32.968	  27.808	  38.900
42	-221.630	21	  33.316	  47.564	  18.993
43	-215.064	21	  54.392	  29.111	  19.118
44	-211.307	20	  28.345	  11.148	  19.028
45	-205.227	19	  55.306	  25.129	   9.203
46	-202.959	19	  22.131	   9.443	   2.616
47	-199.781	19	   3.704	  37.621	   7.605
48	-194.366	16	  61.673	  45.098	  -3.857
49	-190.742	18	  30.622	  13.926	  -1.099
50	-189.784	19	   4.069	  48.204	  10.488
51	-188.152	18	  44.405	  21.244	  30.943
52	-182.762	18	  24.776	  39.113	  30.970
53	-182.056	12	  45.307	  40.637	  10.875
54	-179.721	18	   7.273	   8.684	  14.728
55	-176.758	17	   6.091	  32.968	   0.844
56	-172.784	14	   4.384	  19.339	  18.018
57	-171.582	17	  23.961	  22.359	  36.119
58	-164.845	16	  58.381	  35.774	  16.643
59	-164.088	15	  42.650	  62.164	   8.792
60	-154.996	15	  34.341	  17.213	  33.256
61	-154.336	15	  59.042	  28.519	  -4.058
62	-150.595	15	  33.155	   7.668	  11.758
63	-144.507	11	  18.175	  35.345	  11.106
64	-142.681	13	  19.272	  33.567	 -15.441
65	-141.110	14	  56.310	  56.748	  -2.565
66	-140.541	14	  29.280	  46.355	 -19.062
67	-136.823	14	  54.586	  50.357	  24.653
68	-134.458	9	  37.667	  45.862	  10.745
69	-131.458	13	  26.048	  18.026	  29.368
70	-122.338	12	  39.387	  25.167	 -15.443
71	-120.473	12	  53.994	  22.323	  -3.285
72	-120.038	12	  24.691	  18.084	  -3.223
73	-119.951	11	  54.567	  56.188	  15.309
74	-111.282	11	   3.589	  49.309	  19.921
75	-109.843	11	  60.679	  39.362	 -14.698
76	-106.063	10	  49.782	  60.814	   2.465
77	-105.045	11	  37.725	   5.678	   4.047
78	-104.969	10	  11.812	  24.146	  -1.828
79	-103.627	10	   8.889	   6.925	  21.599
80	-101.228	7	  23.855	  38.167	  16.732
81	 -98.975	9	  16.405	  18.116	   1.416
82	 -98.310	10	  50.331	  59.599	  22.205
83	 -97.021	10	  47.812	  18.849	   1.015
84	 -88.636	9	  34.340	  57.712	   3.690
85	 -81.246	8	  35.721	  60.698	  -6.043
86	 -80.248	8	  57.430	  59.602	   7.244
87	 -79.040	6	  50.256	  33.031	  -8.015
88	 -76.321	8	  36.774	  17.544	 -14.393
89	 -72.468	7	  49.578	  36.722	 -17.062
90	 -72.127	6	  59.362	  51.365	   7.750
91	 -71.269	7	   2.177	  27.464	  10.347
92	 -70.715	7	   7.323	  43.258	   1.049
93	 -69.522	7	  17.571	  54.716	  19.299
94	 -65.705	6	  17.885	  21.850	  -6.838
95	 -64.715	6	  36.870	  56.156	  24.004
96	 -62.151	5	  37.857	  33.008	   8.102
97	 -59.668	6	   1.924	  23.878	  28.539
98	 -50.824	5	   3.217	  14.849	  24.477
99	 -50.014	5	  20.058	   7.849	  21.606
100	 -50.008	5	  52.294	  50.698	 -11.037
101	 -48.802	3	  28.011	  31.459	   6.961
102	 -48.325	5	  19.826	  52.465	   9.384
103	 -42.261	4	  53.777	  39.104	  25.063
104	 -41.529	4	   0.274	  33.635	  27.339
105	 -40.386	4	  11.466	  17.844	  29.096
106	 -37.484	4	  37.317	  56.021	 -13.147
107	 -37.177	4	  19.541	  51.115	 -13.432
108	 -30.538	3	  40.330	  27.186	  38.676
109	 -28.553	3	  -3.989	  45.492	  10.657
110	 -27.460	3	  16.339	  46.177	  29.667
111	 -20.842	2	  36.558	  45.849	 -16.114
112	 -20.093	2	  47.548	  43.386	  29.339
113	 -19.440	2	  37.011	  62.849	  14.853
114	 -18.663	2	  11.011	  51.843	   4.333
115	 -14.699	1	  15.011	  42.849	  20.339
116	  -9.785	1	  49.011	  17.849	  -8.661
117	  -9.643	1	  49.011	  52.849	  28.339
