1	-1200.932	102	   1.350	 112.086	  59.276
2	-1019.425	75	   8.135	 101.307	  45.284
3	-964.124	75	  34.262	 109.249	  22.301
4	-911.026	59	  -0.264	 120.062	  30.716
5	-895.647	77	  39.707	  98.914	  16.727
6	-834.112	76	  32.114	  82.341	  34.672
7	-814.467	74	  26.360	  89.513	  22.701
8	-771.379	69	  19.184	  76.022	  20.276
9	-770.905	60	  17.539	  67.109	  30.005
10	-752.920	65	  -1.233	 102.181	  64.905
11	-752.144	60	   7.148	  94.527	  35.825
12	-745.482	67	  17.840	  90.395	  22.829
13	-739.814	60	  22.532	 106.907	  31.660
14	-624.552	54	   2.014	 131.337	  37.040
15	-605.697	53	  41.522	 114.529	  22.564
16	-580.874	55	 -10.055	 110.740	  25.557
17	-559.441	48	  12.086	 115.391	  31.915
18	-558.883	50	   1.787	  83.156	  48.171
19	-539.922	49	  15.910	  78.795	  35.279
20	-533.880	44	 -14.144	  97.131	  41.668
21	-531.468	52	  10.939	  93.651	  55.138
22	-528.195	48	  25.432	 109.361	  42.551
23	-522.920	41	  17.074	 119.487	  53.849
24	-508.450	43	 -17.922	 112.365	  53.574
25	-448.647	40	  26.067	 118.471	  22.682
26	-441.154	39	  10.345	 130.243	  47.860
27	-429.960	41	  28.332	  98.450	  27.158
28	-409.829	28	   4.400	 122.929	  49.368
29	-407.511	37	 -29.371	 113.465	  41.871
30	-383.703	26	   7.671	 107.860	  52.431
31	-374.153	24	 -11.479	 106.428	  35.563
32	-371.442	34	  19.141	  96.371	  41.374
33	-353.739	33	 -12.498	 132.103	  32.914
34	-352.972	33	   3.945	  73.532	  26.015
35	-333.969	33	  26.758	 114.711	   9.924
36	-330.039	22	  -6.344	 115.415	  32.547
37	-322.169	31	  20.099	 107.229	  57.243
38	-320.245	30	 -19.490	 125.024	  47.102
39	-314.064	27	  -1.973	  86.446	  59.241
40	-311.996	28	 -28.927	 120.823	  36.827
41	-300.552	29	  23.311	 119.191	  48.609
42	-298.228	27	  28.293	 109.031	  15.570
43	-295.718	25	  41.861	 106.918	   9.431
44	-290.054	26	  13.062	 136.188	  30.885
45	-287.189	27	 -20.148	 101.996	  32.108
46	-281.027	27	  11.438	 107.178	  65.391
47	-280.259	27	 -14.833	 119.807	  54.937
48	-280.113	17	  -5.311	 115.101	  43.761
49	-279.987	28	  10.279	  78.791	   9.878
50	-265.627	26	  25.349	  88.234	  35.749
51	-265.178	19	   8.095	 116.067	  39.123
52	-257.832	25	  14.112	 125.624	  23.306
53	-256.387	24	 -13.208	  84.972	  55.940
54	-256.255	21	   8.454	  78.195	  38.293
55	-248.985	23	  23.943	 130.691	  41.448
56	-246.967	22	  -4.087	 100.179	  31.172
57	-243.620	22	 -15.452	 109.042	  59.772
58	-243.560	23	  31.245	  99.377	   7.693
59	-240.428	22	  44.284	  87.311	  33.023
60	-230.867	22	  47.854	  96.353	  29.765
61	-229.987	19	  19.504	 104.371	   6.058
62	-228.017	21	  38.780	 116.478	   4.877
63	-227.103	22	   5.557	 116.998	  61.309
64	-227.028	21	  33.564	 109.128	  36.984
65	-225.680	22	  36.248	 108.457	  -1.235
66	-217.616	21	  22.654	 100.998	  18.816
67	-211.850	20	  13.494	  93.195	  30.477
68	-211.299	20	  13.806	  96.722	  64.411
69	-210.186	20	  21.341	 115.365	  30.852
70	-204.390	19	  43.225	  90.251	  23.791
71	-203.209	19	  26.945	  99.454	  -6.717
72	-193.203	17	   5.027	  90.445	  19.381
73	-192.080	18	  47.027	 116.850	  13.923
74	-190.413	18	  27.477	  76.317	  31.656
75	-189.300	18	   3.293	 100.432	  23.999
76	-185.876	18	  -6.333	  93.018	  67.433
77	-183.347	18	  34.697	 121.705	  31.710
78	-181.728	16	  26.011	 129.158	  32.745
79	-179.782	18	   2.259	 111.875	  22.237
80	-177.989	17	  20.602	 134.960	  26.269
81	-172.754	16	 -22.815	 101.913	  50.108
82	-171.997	16	  17.897	  92.286	   0.899
83	-170.469	17	 -15.643	  88.172	  45.098
84	-169.480	16	   9.306	  87.255	  32.123
85	-169.085	17	  -4.521	 131.742	  48.222
86	-166.312	17	  32.294	  81.928	  23.640
87	-164.322	16	  33.217	  99.639	  43.811
88	-152.872	14	  27.869	 109.453	  27.657
89	-148.111	14	 -18.618	  95.445	  49.796
90	-143.444	14	  19.089	  80.315	   9.822
91	-140.139	14	  26.259	 103.446	  50.397
92	-139.511	14	  30.501	  90.635	  12.339
93	-138.698	13	   6.303	  85.431	  39.873
94	-135.590	13	  -2.264	 132.487	  26.672
95	-129.901	13	 -25.216	  95.791	  38.596
96	-126.651	13	  -5.694	 117.157	  60.136
97	-125.655	8	  10.748	 128.059	  33.998
98	-124.456	12	  -3.640	  91.932	  32.988
99	-123.787	12	  35.047	  86.896	  42.696
100	-119.198	12	  16.414	 131.109	  49.653
101	-117.086	11	  12.375	  92.803	   7.263
102	-113.098	11	  -3.222	  79.530	  34.979
103	-111.601	11	   0.288	  90.754	  26.957
104	-108.780	10	   5.242	  66.214	  27.917
105	-102.695	10	  16.698	 106.153	  22.159
106	-102.166	10	  33.898	 127.588	  22.562
107	-100.119	10	  26.039	  96.044	   1.694
108	 -99.582	9	  30.746	 112.228	  -6.539
109	 -98.681	10	  26.581	  80.052	  16.592
110	 -90.654	9	  48.951	 100.063	  21.133
111	 -87.645	9	  18.877	 137.669	  39.867
112	 -83.236	8	  20.987	 104.487	 -10.911
113	 -81.537	8	  11.672	  70.719	  13.064
114	 -77.879	8	   8.365	  62.227	  20.322
115	 -72.856	7	  16.328	  97.714	  -5.039
116	 -70.895	6	  14.344	  85.757	   3.689
117	 -70.773	7	  21.634	  94.041	  54.651
118	 -68.947	7	  17.007	  73.434	  42.855
119	 -68.871	7	  30.789	 123.413	  38.592
120	 -65.991	6	 -12.779	  88.906	  64.976
121	 -61.930	5	  -5.274	 123.728	  46.311
122	 -61.770	6	 -11.519	 123.632	  22.007
123	 -61.594	6	 -20.384	 122.609	  25.830
124	 -59.005	6	  15.310	 100.462	  12.809
125	 -58.287	6	 -30.370	 103.981	  41.493
126	 -58.230	6	  18.498	 110.665	  -3.497
127	 -57.877	6	  28.139	 119.121	  -0.321
128	 -55.093	5	  16.835	  84.756	  27.641
129	 -52.951	5	 -21.221	  96.869	  57.703
130	 -52.004	5	  10.330	 127.805	  57.519
131	 -51.365	4	  -8.798	 126.143	  53.976
132	 -51.055	5	 -27.211	 113.022	  27.543
133	 -49.619	5	  16.958	 115.628	  62.519
134	 -49.593	5	  22.421	  63.499	  41.190
135	 -48.878	5	   4.980	 132.241	  21.913
136	 -47.809	5	  36.994	 121.257	  11.729
137	 -47.352	5	  50.397	 103.650	  29.095
138	 -47.038	5	  26.985	 127.861	  17.940
139	 -41.083	4	   2.539	  71.232	  44.335
140	 -39.562	4	   1.854	  81.221	  17.994
141	 -39.203	4	  13.527	  64.749	  43.077
142	 -39.049	4	  25.231	  91.974	  48.530
143	 -38.702	4	 -31.187	 107.574	  32.278
144	 -38.309	4	   2.033	 129.934	  55.572
145	 -37.149	4	   8.037	  95.439	  70.317
146	 -36.901	4	  -6.968	 107.216	  66.063
147	 -32.029	3	   6.211	  87.745	  12.311
148	 -31.539	3	  40.360	  99.448	  37.427
149	 -31.283	3	 -25.531	 109.768	  49.613
150	 -29.562	3	 -13.572	 101.089	  65.311
151	 -29.527	3	 -22.530	 126.129	  32.993
152	 -29.054	3	  23.120	 126.791	  51.963
153	 -28.587	3	  43.789	 109.083	  31.994
154	 -28.528	3	  40.729	  90.098	  46.334
155	 -20.942	2	 -21.673	 109.448	  23.311
156	 -20.094	2	  48.789	 111.935	  25.311
157	 -20.059	2	 -21.198	 104.435	  60.831
158	 -19.878	2	  -4.737	  75.974	  42.311
159	 -19.111	2	 -10.186	  93.961	  36.286
160	 -18.620	2	   0.789	  71.959	  35.311
161	 -18.421	2	  25.294	  81.458	  40.301
162	 -18.349	2	  54.276	 106.935	  15.257
163	 -18.064	2	  42.287	  81.950	  41.813
164	 -17.953	2	  42.789	  77.950	  34.304
165	 -11.741	1	   2.789	  90.448	  64.311
166	  -9.877	1	  -9.211	  78.448	  52.311
167	  -9.566	1	   4.789	 124.448	  18.311
168	  -9.345	1	  26.789	  67.448	  35.311
