1	-1595.762	135	  48.447	 121.051	  50.442
2	-577.376	55	  53.837	 132.298	  45.978
3	-573.787	48	  37.682	  94.246	  58.822
4	-556.518	47	  26.759	 125.073	  67.884
5	-553.847	49	  45.358	  93.161	  40.903
6	-509.399	46	  45.250	 135.645	  71.235
7	-505.353	43	  46.061	 126.817	  34.646
8	-502.610	39	  66.414	 111.284	  52.761
9	-493.962	44	  23.306	 131.841	  52.740
10	-486.704	45	  35.831	 128.940	  75.061
11	-475.504	46	  30.190	 102.671	  57.550
12	-459.444	41	  34.377	 100.173	  42.716
13	-452.117	36	  44.747	 134.512	  47.337
14	-416.406	38	  62.364	 129.396	  60.043
15	-412.858	36	  22.346	 114.832	  58.702
16	-390.359	35	  35.980	 114.795	  74.925
17	-388.672	35	  48.551	 114.241	  34.084
18	-372.101	32	  34.229	 100.985	  67.634
19	-371.535	34	  59.717	 123.652	  44.892
20	-344.947	33	  70.113	 111.494	  42.567
21	-332.365	32	  30.860	 125.093	  35.551
22	-316.343	30	  36.123	 134.391	  38.785
23	-314.983	28	  60.469	 103.939	  33.299
24	-299.363	29	  42.773	 107.757	  27.615
25	-291.615	27	  57.259	 136.926	  55.274
26	-289.050	27	  55.066	 119.175	  78.050
27	-280.464	28	  31.905	 139.762	  60.913
28	-259.310	25	  28.612	 115.379	  39.056
29	-258.628	26	  52.236	  92.533	  56.620
30	-253.205	25	  67.174	 107.117	  63.052
31	-248.339	24	  53.740	 138.814	  68.408
32	-246.266	22	  61.666	  95.957	  60.282
33	-244.311	24	  29.892	 118.105	  69.844
34	-220.746	18	  44.534	 111.429	  78.819
35	-220.473	21	  24.961	 104.680	  47.179
36	-209.228	20	  51.601	  92.731	  47.931
37	-203.621	13	  46.773	 109.148	  39.367
38	-199.129	18	  30.865	  98.400	  51.719
39	-197.964	19	  46.628	 104.139	  78.840
40	-185.388	16	  32.018	 124.072	  27.071
41	-184.227	17	  54.612	  96.161	  39.905
42	-182.846	18	  32.692	 139.792	  52.475
43	-181.364	18	  49.648	 115.804	  41.502
44	-180.984	17	  21.643	 133.411	  62.107
45	-173.965	17	  63.987	 115.034	  71.215
46	-171.755	17	  61.040	  97.783	  47.792
47	-169.372	14	  49.884	 123.062	  66.689
48	-169.087	14	  44.387	 140.813	  51.937
49	-154.665	15	  22.404	 127.134	  43.836
50	-151.420	15	  53.241	  95.145	  68.425
51	-150.534	15	  49.901	  98.900	  31.197
52	-146.181	14	  34.218	 105.429	  35.693
53	-145.425	14	  59.374	 116.647	  37.026
54	-141.495	14	  36.920	 104.411	  77.888
55	-120.447	12	  32.127	 137.634	  67.833
56	-118.157	12	  35.770	  90.880	  49.189
57	-113.245	11	  44.492	 123.914	  80.022
58	-112.734	10	  62.807	 124.699	  68.775
59	-111.101	11	  61.002	 132.466	  67.963
60	-106.414	10	  20.005	 123.666	  63.487
61	-105.763	11	  47.129	  96.337	  74.035
62	-102.580	10	  69.262	 119.892	  45.584
63	-101.353	10	  18.910	 113.147	  49.343
64	-101.225	9	  64.011	 106.524	  73.416
65	 -92.445	8	  32.633	 108.439	  70.043
66	 -91.612	9	  68.357	 103.926	  51.411
67	 -91.033	9	  52.207	 125.775	  40.764
68	 -83.524	8	  57.082	 100.863	  75.571
69	 -82.698	8	  27.465	 136.332	  43.068
70	 -81.242	8	  41.598	 117.976	  24.795
71	 -80.000	8	  67.958	 116.615	  59.565
72	 -76.669	7	  44.497	  92.190	  66.338
73	 -75.900	7	  68.159	 123.584	  55.156
74	 -75.463	7	  42.193	 126.203	  27.043
75	 -64.233	6	  53.403	 127.007	  77.499
76	 -63.565	6	  39.096	  94.171	  72.928
77	 -58.492	6	  44.429	 144.761	  61.833
78	 -54.960	4	  56.224	 109.165	  52.957
79	 -49.387	5	  17.861	 121.545	  47.994
80	 -42.481	3	  51.753	 128.743	  56.250
81	 -39.728	4	  52.903	 142.995	  50.114
82	 -28.173	3	  54.465	 134.750	  35.033
83	 -19.572	2	  35.565	 119.969	  80.497
84	 -19.511	2	  44.605	  94.433	  33.033
85	 -19.338	2	  52.101	 146.433	  59.530
86	 -18.751	2	  61.101	 110.433	  27.553
87	 -10.690	1	  66.101	 131.433	  50.033
88	 -10.168	1	  33.101	 131.433	  29.033
89	  -9.938	1	  32.101	 109.433	  28.033
90	  -9.765	1	  65.101	  96.433	  70.033
91	  -8.958	1	  53.101	 104.433	  25.033
92	  -8.922	1	  32.101	 115.433	  21.033
