1	-934.219	82	  54.630	  14.942	  23.758
2	-662.776	59	  63.304	  10.776	  25.872
3	-623.127	56	  72.822	  11.092	  23.826
4	-616.286	58	  60.792	  17.358	  25.959
5	-581.671	52	  79.345	  -8.904	  30.621
6	-510.535	48	  51.613	  28.842	  21.779
7	-502.857	48	  43.882	  34.154	  37.071
8	-455.123	36	  48.178	  11.324	  20.113
9	-426.598	39	  45.073	  23.197	  21.260
10	-387.814	36	  52.623	  37.042	  26.135
11	-381.575	36	  66.220	  24.817	  29.852
12	-364.749	31	  75.921	   5.061	  42.979
13	-355.731	31	  45.674	  -5.893	  31.082
14	-352.513	32	  59.957	  -0.537	  42.826
15	-351.433	30	  49.069	  41.621	  35.880
16	-328.899	25	  46.844	  15.383	  36.333
17	-295.655	25	  39.397	   9.806	  19.974
18	-263.442	25	  60.293	  23.572	  19.827
19	-248.226	24	  64.339	   5.301	  44.571
20	-246.097	22	  41.231	   1.680	  17.038
21	-236.825	22	  48.257	  -5.400	  18.474
22	-235.809	21	  59.830	 -15.086	  26.709
23	-230.488	21	  71.883	 -15.420	  25.535
24	-229.599	22	  64.219	 -12.228	  17.058
25	-226.509	21	  42.332	   4.206	  34.635
26	-224.196	22	  80.543	   6.728	  34.765
27	-223.432	20	  72.269	  -9.716	  34.288
28	-223.382	21	  83.609	   2.801	  24.415
29	-220.653	21	  65.749	  -7.090	  39.874
30	-198.669	19	  51.161	 -14.620	  32.051
31	-196.486	18	  71.181	  -3.976	  15.155
32	-192.988	20	  49.506	  -8.563	  39.819
33	-190.447	18	  54.482	  28.702	  43.276
34	-183.997	17	  55.523	  14.409	   8.568
35	-155.749	16	  71.784	  15.517	  35.626
36	-147.710	14	  37.457	  25.711	  17.300
37	-146.198	14	  49.393	   1.748	  11.381
38	-144.410	14	  63.277	  20.871	  42.038
39	-137.738	13	  53.722	   3.841	  44.621
40	-136.023	14	  81.599	  -5.973	  19.142
41	-120.629	12	  42.720	  26.832	  38.869
42	-120.279	11	  58.900	  -5.472	  15.210
43	-114.185	11	  36.987	  18.676	  20.562
44	-113.739	12	  37.996	  16.433	  33.377
45	-113.559	10	  58.603	  10.070	  43.059
46	-113.074	11	  64.144	  34.802	  32.014
47	 -99.724	10	  81.356	  10.248	  20.432
48	 -89.207	9	  78.151	  -6.884	  38.861
49	 -79.736	8	  47.479	   9.505	   9.003
50	 -78.449	8	  45.584	  -2.789	  41.314
51	 -71.362	7	  68.066	  12.958	   8.287
52	 -62.924	6	  66.194	  12.568	  43.424
53	 -62.622	6	  57.433	  37.481	  37.883
54	 -54.015	3	  65.495	   4.752	  20.882
55	 -51.778	5	  61.255	   6.365	   7.908
56	 -51.431	5	  38.784	   1.496	  27.470
57	 -48.281	5	  37.068	  30.905	  23.776
58	 -47.617	5	  48.277	  11.112	  43.904
59	 -21.244	2	  36.882	  24.784	  28.591
60	 -20.649	2	  53.333	  44.301	  28.656
61	 -20.443	2	  76.364	   2.752	  12.107
62	 -19.627	2	  69.385	  31.249	  37.604
63	 -17.993	2	  85.886	  -1.252	  33.100
64	 -17.887	2	  50.381	 -12.245	  22.107
65	 -10.744	1	  55.882	  17.752	  44.107
66	  -9.670	1	  54.882	  21.752	  12.107
67	  -8.966	1	  67.882	  18.752	  14.107
68	  -8.961	1	  69.882	  -0.248	  49.107
69	  -8.950	1	  42.882	  41.752	  28.107
