1	-1095.171	99	  69.551	   1.544	  42.316
2	-945.011	86	  78.674	  -9.555	  12.947
3	-711.199	64	  75.884	  -8.598	  29.163
4	-640.337	52	  88.046	 -12.909	  13.955
5	-634.141	55	  55.498	   8.495	  30.367
6	-516.333	47	  54.418	   2.625	  13.129
7	-509.628	47	  57.737	  15.715	  20.705
8	-505.104	48	 113.938	   1.822	  19.507
9	-496.560	45	  88.461	   5.878	  38.766
10	-482.357	37	  82.367	   4.243	  27.561
11	-476.643	45	  69.494	  19.312	   6.243
12	-466.440	43	 110.295	 -11.423	  12.743
13	-441.096	39	  89.550	 -19.013	  24.657
14	-371.290	34	 100.111	   1.680	  10.148
15	-370.942	33	  93.958	  10.656	  17.392
16	-365.575	34	  83.826	   2.152	   8.850
17	-356.331	33	  80.414	  12.305	   4.077
18	-354.003	30	  64.455	  21.343	  20.884
19	-353.502	33	  57.930	   7.144	  42.941
20	-346.110	31	  57.357	  12.943	   4.404
21	-337.561	33	  53.527	  -4.956	  32.765
22	-332.121	32	  62.803	   9.286	   1.793
23	-330.670	27	  55.597	  -4.188	  24.400
24	-330.121	32	  72.353	  21.883	  25.064
25	-324.626	30	 109.917	   8.597	  27.604
26	-314.447	28	 100.707	  14.671	  27.557
27	-312.942	30	  81.379	  -6.825	   5.060
28	-304.895	28	  96.391	  -7.118	  37.195
29	-302.291	28	  88.325	  -6.289	  32.808
30	-297.150	28	  47.146	   9.882	   6.020
31	-291.394	28	  79.842	  20.549	  10.946
32	-289.369	29	  88.155	  15.788	  20.958
33	-260.420	24	  59.677	  -5.712	  41.575
34	-254.756	24	  58.543	  18.706	  13.347
35	-254.287	22	  79.847	  -1.129	  33.068
36	-250.927	23	  68.117	 -18.375	  36.225
37	-232.107	23	  65.589	  -9.178	   9.671
38	-217.344	20	 109.503	 -13.089	  34.088
39	-215.209	20	  39.258	   3.319	  -2.247
40	-207.118	20	  69.070	 -13.453	  46.966
41	-186.105	15	  60.070	  -4.053	  10.213
42	-182.753	17	  96.544	 -25.587	  19.049
43	-168.749	17	  91.319	   8.790	   9.882
44	-161.709	15	 101.766	 -13.521	   8.216
45	-160.228	16	  88.087	  16.554	  35.180
46	-157.719	15	 110.115	   1.963	  12.365
47	-156.775	15	  57.982	 -14.435	  26.360
48	-154.279	15	  90.284	 -22.807	  13.891
49	-153.100	15	  82.434	  -9.295	  23.205
50	-152.872	14	 111.203	 -11.031	  24.874
51	-151.661	14	 117.095	  -4.018	  26.285
52	-149.278	13	  67.191	  -1.331	   1.388
53	-149.031	14	  75.892	  13.674	  38.663
54	-145.038	14	  96.464	   8.791	  39.893
55	-141.319	14	  98.405	 -20.881	  31.421
56	-130.799	13	  39.386	   8.453	   3.317
57	-128.538	12	  67.213	  14.648	  40.635
58	-126.909	12	  57.761	 -18.889	  37.814
59	-119.092	12	  49.743	  -3.181	   4.736
60	-112.921	11	 104.559	  11.529	  21.162
61	-112.537	11	  77.213	   2.411	  39.539
62	-110.433	11	 106.775	 -22.579	  24.873
63	-107.587	10	  51.917	   4.632	  -3.881
64	-107.229	7	  81.986	  11.281	  20.248
65	-105.532	10	  90.458	  -5.976	   7.906
66	-101.571	10	 115.330	  -1.283	  32.985
67	 -99.898	10	 111.975	   4.935	  37.163
68	 -98.412	9	 102.618	  12.506	  35.609
69	 -97.262	10	  43.893	  -5.468	  -7.809
70	 -88.397	9	  80.866	  18.979	  28.431
71	 -79.369	8	  75.168	   0.635	   1.057
72	 -73.173	7	  95.950	  17.619	  33.919
73	 -71.053	7	 105.911	  -7.477	   5.125
74	 -69.484	7	  75.019	  -6.220	  45.466
75	 -63.142	6	 106.023	  -8.408	  40.882
76	 -61.447	6	  66.737	  20.451	  33.826
77	 -57.144	6	  56.603	  16.139	  33.846
78	 -50.849	5	  51.787	   1.740	  21.747
79	 -49.385	5	  43.779	  10.033	  -6.029
80	 -47.510	5	 103.368	  -1.679	  46.195
81	 -41.085	4	  54.758	  -0.304	  39.195
82	 -40.959	4	  72.273	 -11.915	   1.470
83	 -40.447	4	 105.818	 -19.098	  37.918
84	 -38.035	4	  52.270	  12.647	   9.932
85	 -37.910	4	  66.294	 -18.616	  28.453
86	 -28.144	3	  96.412	  -1.834	  43.853
87	 -21.426	2	  78.758	 -11.886	  40.686
88	 -21.038	2	  46.258	  -6.886	  -0.805
89	 -19.422	2	  83.758	 -16.359	   3.195
90	 -19.214	2	 106.285	 -20.395	  11.230
91	 -19.010	2	  70.758	   7.600	  -3.805
92	 -18.752	2	  55.365	  -4.450	  -2.719
93	 -18.331	2	  49.245	   9.652	  23.632
94	 -11.334	1	  75.758	   9.114	  10.195
95	  -9.715	1	  83.758	 -15.886	  31.195
96	  -9.081	1	  63.758	  -0.886	  49.195
97	  -8.972	1	  96.758	 -19.886	   7.195
