1	-1109.804	85	  16.920	 -13.208	  14.343
2	-735.864	65	  13.416	   9.355	  35.375
3	-704.760	62	  31.736	  -4.535	  10.006
4	-650.185	57	  15.027	 -11.373	  23.870
5	-602.369	33	  25.997	 -12.448	   4.580
6	-540.167	51	  12.413	  15.547	  13.905
7	-527.234	47	  12.949	   1.650	  -1.541
8	-501.296	44	  25.828	  -1.967	  -3.082
9	-481.853	31	  26.090	   5.374	  24.769
10	-434.358	36	   6.983	 -14.353	  10.877
11	-417.485	38	  31.520	  -9.942	  18.346
12	-393.069	35	  -3.647	  -5.875	  13.423
13	-383.095	37	  17.125	 -17.133	  -1.142
14	-356.427	34	  26.801	 -17.476	  11.404
15	-310.275	28	   3.926	   9.103	   4.062
16	-285.721	26	  29.738	  17.698	  12.162
17	-285.278	27	   3.854	 -11.475	  28.302
18	-276.280	25	   8.124	 -13.977	  -2.619
19	-266.508	25	  -1.637	  -2.684	  25.661
20	-246.531	23	  27.434	  10.798	  -2.367
21	-238.965	23	  25.151	  18.461	  24.134
22	-228.833	19	  29.580	  12.198	   6.241
23	-225.497	21	  36.487	   7.038	   9.269
24	-216.670	20	  16.899	  16.499	   2.054
25	-216.214	21	  21.245	 -16.934	  25.374
26	-213.594	20	  34.759	  10.212	  20.424
27	-213.381	21	  14.234	  -4.060	  40.912
28	-201.216	19	  -3.349	   2.796	  18.897
29	-200.178	20	  -0.827	   4.614	   7.071
30	-197.053	19	  26.826	   1.625	  39.165
31	-188.548	19	   2.629	  15.809	  23.020
32	-173.029	17	  31.971	 -13.209	  26.012
33	-164.029	15	  34.428	   1.357	  18.378
34	-151.030	14	   5.728	  -7.285	  35.157
35	-149.678	15	  19.084	 -10.660	  36.261
36	 -98.846	10	  -1.318	 -15.411	  21.073
37	 -98.507	10	  -2.860	  13.240	  12.067
38	 -98.105	10	  18.002	  10.400	  -5.096
39	 -85.576	9	   2.434	  -5.057	  -0.121
40	 -81.902	8	  24.878	  20.002	   7.529
41	 -80.707	8	  14.578	  17.573	  28.274
42	 -74.188	7	  20.461	   5.445	  42.499
43	 -70.861	7	   3.297	  12.909	  32.883
44	 -68.553	6	  31.642	   1.814	   0.534
45	 -55.738	5	  28.831	  -8.007	  30.249
46	 -50.572	4	   1.669	   3.111	  32.373
47	 -47.702	5	   3.497	 -16.245	   3.913
48	 -40.864	4	  25.149	  12.417	  32.534
49	 -40.428	4	  -2.692	   9.925	  26.795
50	 -18.743	2	  10.867	 -19.576	   5.270
51	 -18.347	2	   4.807	 -19.557	  23.307
52	 -18.156	1	   7.308	  -4.056	   8.309
53	 -13.340	1	  24.308	   5.944	  15.309
54	 -10.597	1	  20.308	  22.944	  15.309
55	  -9.135	1	  24.308	 -24.056	  20.309
56	  -8.987	1	  25.308	 -13.056	  -4.691
