1	-1100.939	91	  78.069	  35.509	  17.235
2	-958.013	86	  76.290	  15.977	  12.324
3	-879.263	79	  92.750	  16.875	   3.451
4	-854.187	76	  87.931	  37.265	  -1.053
5	-804.458	64	  76.755	  29.073	  12.654
6	-792.964	68	  43.318	  31.159	  17.295
7	-712.153	56	  73.697	  22.312	  11.925
8	-692.001	63	  70.167	   9.730	   9.816
9	-691.973	58	  78.277	  13.279	  26.539
10	-689.188	57	  91.176	  28.388	  28.014
11	-655.239	60	  56.733	  33.716	  30.652
12	-646.609	58	  85.174	  15.050	  14.910
13	-639.788	60	  60.866	  26.461	  -9.926
14	-598.688	53	  45.908	  13.737	 -13.263
15	-577.055	53	  76.085	  43.795	  14.951
16	-572.524	47	  45.989	  50.406	  29.821
17	-566.899	52	  88.334	  32.063	  18.593
18	-564.620	54	  88.278	  19.788	  11.063
19	-534.628	37	  78.070	  41.927	  26.207
20	-519.070	46	  68.519	  24.184	  -7.067
21	-515.190	47	  61.624	   8.436	  14.899
22	-510.035	46	  65.665	  54.813	  17.612
23	-509.171	45	  46.235	  33.475	  -2.262
24	-476.785	43	  59.231	   3.617	   3.825
25	-471.044	41	  63.839	  32.923	  28.897
26	-458.620	40	  51.290	  36.889	   4.887
27	-454.366	40	  47.217	  12.729	  -1.189
28	-436.812	39	  50.581	  50.147	  18.433
29	-433.557	36	  33.977	  40.032	  21.512
30	-418.669	38	  47.566	  26.193	  12.616
31	-400.333	30	  69.686	  27.973	  11.599
32	-399.248	36	  60.236	  35.116	  -3.810
33	-394.903	35	  70.393	  47.656	   7.747
34	-386.604	35	  70.010	  12.382	  19.732
35	-338.910	28	  35.214	  25.797	  -7.786
36	-338.570	32	  82.138	  16.350	  42.406
37	-331.733	32	  80.695	  19.571	 -14.949
38	-329.163	31	  80.514	  38.062	   9.201
39	-329.121	30	  69.987	  12.620	  34.292
40	-311.797	29	  76.058	  42.058	   0.944
41	-287.906	26	  54.478	  24.245	  24.171
42	-286.217	26	  43.814	  19.380	   7.134
43	-281.695	25	  40.023	  31.650	  27.476
44	-256.489	25	  55.932	   7.781	  -8.054
45	-244.689	24	  92.684	  30.469	 -16.370
46	-241.145	23	  58.319	  52.146	  28.283
47	-240.483	24	  35.514	  14.877	  -8.669
48	-239.001	20	  56.141	  44.273	   8.736
49	-227.292	20	  71.350	  45.447	  31.828
50	-223.285	22	  92.071	  37.053	  28.834
51	-223.121	21	  61.369	  40.355	  32.798
52	-217.189	19	  76.198	  22.890	  51.421
53	-216.833	18	  84.453	  43.691	  23.169
54	-215.614	19	  89.910	  16.998	  30.920
55	-213.869	20	  68.467	  22.141	  43.268
56	-207.443	19	  80.643	  40.201	 -10.746
57	-202.411	20	  57.325	  13.202	 -18.989
58	-197.198	20	  67.443	   4.491	  -4.608
59	-196.809	15	  81.965	   7.094	   4.356
60	-196.528	19	  79.868	  11.794	  34.103
61	-189.452	17	  86.715	  24.695	 -23.465
62	-187.827	17	  42.631	  32.540	   7.425
63	-187.239	17	  79.715	  32.390	 -18.233
64	-185.402	17	  59.000	  30.193	 -19.893
65	-178.490	17	  96.759	  16.625	  -8.902
66	-173.959	16	  44.335	  32.993	 -11.805
67	-173.230	12	  44.237	  49.381	  39.162
68	-172.721	17	  37.080	  50.815	  21.540
69	-172.456	16	  62.800	  45.963	   0.393
70	-171.817	14	  50.926	  38.787	  42.384
71	-168.932	17	  37.375	  21.409	 -19.643
72	-167.295	17	  43.535	  38.323	  43.690
73	-167.039	16	  77.106	  32.113	  42.902
74	-163.747	15	  50.622	  14.822	   8.795
75	-163.673	16	  48.319	  44.917	   9.712
76	-159.746	15	  97.292	  29.153	   0.289
77	-156.291	16	  65.198	  15.198	  26.642
78	-152.621	15	  34.413	  43.268	  34.069
79	-152.119	15	  50.892	  28.821	 -23.612
80	-148.260	15	  32.874	  38.848	  14.710
81	-142.781	14	  89.992	  40.223	  16.037
82	-139.758	14	  82.862	   7.871	  -8.746
83	-137.319	13	  52.501	  15.264	  18.758
84	-137.104	13	  32.328	  27.626	  -1.077
85	-125.259	12	  90.656	  19.091	  20.979
86	-123.209	11	  73.086	   9.983	  -7.585
87	-121.749	12	  37.686	  52.391	  33.467
88	-120.175	12	  35.316	  24.589	   7.090
89	-117.331	11	  89.429	  37.625	  37.079
90	-114.860	12	 100.318	  22.650	  -3.321
91	-114.585	11	  89.784	  39.407	 -14.192
92	-113.491	11	  54.790	  47.059	  40.279
93	-112.821	11	  52.723	  31.379	  39.221
94	-110.845	11	  39.672	  13.780	 -20.205
95	-110.831	10	  69.164	  30.186	  38.880
96	-108.203	10	  96.188	  31.661	  -9.142
97	-106.665	11	  37.830	  30.342	 -16.651
98	-103.869	10	  44.876	  19.087	 -28.529
99	-100.903	10	  64.059	  17.316	 -10.448
100	 -98.572	10	  92.834	  21.307	  37.479
101	 -96.507	10	  73.899	  37.222	  -9.654
102	 -93.253	9	  33.838	  32.218	  23.014
103	 -90.665	8	  58.086	  23.307	 -23.653
104	 -89.244	9	  82.487	   9.283	  16.662
105	 -81.274	8	  53.088	  35.655	  -8.066
106	 -76.803	8	  55.406	  11.632	 -27.742
107	 -74.617	7	  74.296	  10.232	  41.842
108	 -73.823	7	  77.641	   6.734	  -2.776
109	 -69.705	7	  62.583	  20.099	  33.680
110	 -64.787	6	  78.617	  43.643	  37.752
111	 -60.880	6	  92.006	  10.025	  -5.194
112	 -60.435	6	  47.474	  49.990	  47.558
113	 -60.168	6	  53.853	  19.900	 -30.753
114	 -57.366	6	  33.177	  35.846	  30.435
115	 -48.720	5	  94.547	  31.305	  35.464
116	 -43.348	4	  91.341	  37.319	   7.486
117	 -42.568	4	  38.326	  45.964	  43.424
118	 -40.954	4	  88.384	   8.267	   8.010
119	 -40.917	4	  88.103	  29.516	  43.544
120	 -40.588	4	  38.418	  42.997	   7.503
121	 -39.252	4	  73.036	  54.505	  25.563
122	 -37.669	4	  45.706	   8.221	 -22.059
123	 -37.050	4	  38.435	  34.997	  -7.488
124	 -32.322	3	  49.835	  56.505	  39.864
125	 -30.596	3	  57.504	  52.854	  14.950
126	 -29.169	3	  52.784	   5.505	 -21.066
127	 -28.212	3	  54.155	   1.828	   9.975
128	 -25.857	2	  59.155	  35.505	  17.860
129	 -25.584	2	  57.634	  16.505	   4.253
130	 -20.507	2	  94.635	  27.103	   8.773
131	 -19.182	2	  92.155	  19.039	 -18.747
132	 -18.448	1	  69.155	  32.505	   3.253
133	 -18.430	2	  82.660	  39.010	  42.758
134	 -18.284	2	  64.155	  21.505	 -17.236
135	 -18.195	2	  50.155	  24.505	  33.744
136	 -15.974	1	  59.155	  24.505	   3.253
137	 -12.143	1	  91.155	  23.505	  -7.747
138	 -12.142	1	  48.155	  15.505	 -20.747
139	  -9.389	1	  40.155	  50.505	  12.253
140	  -9.086	1	  82.155	  39.505	 -18.747
141	  -9.082	1	  61.155	  43.505	  16.253
