1	-1148.859	98	  40.733	  -1.938	  13.463
2	-868.142	77	  -0.205	 -11.240	  13.783
3	-845.840	74	  48.947	 -20.977	  45.464
4	-760.902	62	  29.728	  10.272	  23.131
5	-619.257	57	  27.885	 -21.064	  38.485
6	-600.279	54	  10.590	  11.048	  30.785
7	-598.908	56	  22.320	 -13.611	  31.409
8	-566.392	53	  54.340	  -4.208	  44.449
9	-535.593	47	  27.053	  -3.162	  44.145
10	-528.061	46	  26.003	 -20.215	  10.764
11	-527.958	45	  48.229	 -16.843	  16.429
12	-515.168	47	  -0.995	  -8.148	  27.159
13	-513.755	45	  34.130	  -9.959	  -0.232
14	-512.042	48	  27.172	 -18.693	  28.177
15	-496.750	44	  32.841	  12.840	  41.705
16	-493.502	47	  23.476	 -13.793	  44.158
17	-491.784	43	  23.773	  20.090	   7.566
18	-457.845	40	  57.381	   8.921	  20.206
19	-438.380	40	  61.965	 -13.169	  40.568
20	-436.708	40	  16.981	  16.358	  23.606
21	-434.614	40	   1.703	   5.378	  29.925
22	-434.601	40	  53.609	  -7.531	  15.114
23	-432.378	41	  57.944	   5.941	  40.727
24	-432.091	38	  46.571	 -29.261	  35.935
25	-418.769	38	  34.809	  -8.783	  51.566
26	-414.958	39	   8.579	  -0.198	   1.755
27	-408.180	37	  25.436	   2.895	  -4.390
28	-402.939	37	  68.876	  -5.206	  23.362
29	-402.333	35	  42.673	 -11.090	  14.324
30	-394.302	26	  46.778	  -7.755	  24.132
31	-392.749	37	  29.749	  10.345	  30.027
32	-391.347	26	  18.154	   5.208	  20.329
33	-389.706	36	  14.134	 -14.119	   0.962
34	-373.087	36	  12.948	  -9.612	  49.724
35	-360.698	33	  14.464	 -21.810	  29.640
36	-360.531	32	  -1.357	   3.477	   7.738
37	-358.004	32	   5.764	  21.658	   9.064
38	-357.590	33	  42.630	  -2.138	  51.078
39	-335.284	34	  40.882	 -32.099	  39.940
40	-335.071	30	  54.495	 -21.965	  19.985
41	-333.095	31	  21.735	 -25.643	  19.724
42	-329.715	21	  37.831	 -15.555	  27.406
43	-326.760	30	  -0.223	 -18.939	  19.154
44	-319.643	31	  28.884	 -35.201	  16.709
45	-315.941	29	  52.248	 -28.787	  24.516
46	-315.666	27	  15.907	 -21.011	   6.782
47	-303.940	27	  20.295	   8.526	  30.652
48	-298.361	20	  16.863	  -5.060	  26.032
49	-298.275	28	  11.784	  11.144	  -3.651
50	-291.746	26	  15.782	   5.144	  -4.031
51	-264.699	25	  61.236	   6.717	   7.070
52	-257.138	23	  63.088	  -5.510	  41.154
53	-238.579	21	  41.222	 -26.589	  47.502
54	-232.177	22	  18.103	 -19.975	  22.880
55	-224.847	22	   9.559	 -25.413	  16.098
56	-222.714	22	  -0.758	 -16.199	  28.055
57	-209.080	20	  48.744	   8.281	  11.954
58	-207.522	18	   3.569	   6.300	   1.635
59	-206.614	18	   3.080	 -20.397	  40.016
60	-196.103	19	  36.965	  14.983	  10.038
61	-194.978	19	  -5.083	  -0.486	  19.339
62	-194.863	18	  31.348	  19.905	  16.340
63	-191.718	17	  55.470	   1.912	   9.274
64	-181.061	17	  16.849	  29.066	   6.695
65	-179.573	17	  24.042	  30.363	  18.009
66	-178.204	17	  -2.493	  13.752	   7.334
67	-176.192	16	  69.753	 -10.308	  34.739
68	-171.474	17	  60.032	 -23.447	  36.097
69	-171.297	16	   5.472	 -18.012	  46.798
70	-169.901	16	  69.060	   1.671	  32.774
71	-166.873	17	  31.789	 -19.557	  50.315
72	-166.715	16	  41.296	  16.030	  18.031
73	-163.089	16	  44.057	 -21.914	   8.106
74	-146.813	14	   5.799	  -6.918	   1.901
75	-145.552	14	  10.219	  19.127	  21.584
76	-143.363	13	  30.146	 -41.661	  26.385
77	-143.299	14	  42.696	 -30.951	  10.016
78	-139.684	14	  11.289	   5.944	  46.066
79	-135.340	13	  52.093	  14.209	  37.502
80	-135.188	13	  61.680	  11.677	  34.041
81	-131.316	12	  30.006	 -37.697	  34.851
82	-126.930	9	  15.495	   3.786	  31.938
83	-118.323	12	  -3.406	 -10.808	  38.689
84	-117.524	12	  44.124	   4.284	   6.179
85	-115.854	11	   8.220	  19.654	   0.646
86	-113.600	11	  60.481	  -9.002	  16.412
87	-107.444	11	  34.306	  19.177	  24.085
88	-107.258	11	  42.480	 -39.692	  29.328
89	-106.680	11	  49.437	  17.840	  31.098
90	-105.477	11	  68.604	   1.222	  12.831
91	-101.277	10	  15.267	  10.747	  40.575
92	-100.728	10	  36.119	   0.292	  -1.968
93	 -95.525	10	  22.391	  13.306	  36.796
94	 -90.798	9	  14.579	  30.240	  15.416
95	 -90.227	9	  43.162	 -13.787	   6.073
96	 -89.977	9	  -0.153	   2.899	  44.590
97	 -89.688	9	  17.448	  21.266	   1.324
98	 -86.926	9	  35.843	 -22.758	   4.765
99	 -84.305	8	  31.443	 -27.931	   9.518
100	 -81.256	5	  45.453	   6.375	  19.457
101	 -80.661	8	  25.590	  22.253	  21.584
102	 -80.039	8	  56.726	  11.255	  12.555
103	 -79.300	8	  37.164	 -39.562	  15.131
104	 -69.004	7	  -2.669	   0.987	  36.820
105	 -65.257	6	  43.265	 -39.751	  21.622
106	 -63.074	6	  49.037	  15.210	  17.898
107	 -62.075	6	   3.513	  -5.699	  49.747
108	 -61.318	6	  -6.988	   7.475	  17.592
109	 -60.838	6	  44.559	   5.681	  49.591
110	 -60.096	6	  63.253	 -21.496	  26.840
111	 -60.093	6	  29.038	  -6.459	  -6.566
112	 -59.881	6	  23.011	 -26.581	  33.607
113	 -59.561	3	  30.488	  11.776	  14.033
114	 -58.900	6	  65.894	   8.072	  26.098
115	 -56.988	5	  35.986	  17.146	  33.497
116	 -51.939	5	  32.556	  12.156	  -0.086
117	 -51.250	5	  19.628	  -0.562	  48.192
118	 -49.931	5	   3.598	  20.774	  16.274
119	 -49.868	5	  -3.436	  -5.808	   8.877
120	 -49.703	5	  47.034	 -36.844	  15.709
121	 -47.185	5	  44.228	  18.355	  37.501
122	 -45.474	5	   4.955	 -26.614	  29.656
123	 -40.850	4	  48.676	   9.058	  43.007
124	 -40.843	4	  57.165	 -18.932	  46.274
125	 -38.858	2	  51.712	  -1.224	  20.274
126	 -38.484	4	  69.436	   6.256	  18.031
127	 -38.361	4	  21.436	 -35.226	  29.040
128	 -38.203	4	  39.890	 -18.170	  -1.522
129	 -38.074	4	  41.411	  13.981	  46.069
130	 -32.060	3	  53.808	 -26.261	  40.237
131	 -31.098	3	  20.727	 -11.751	  -3.085
132	 -29.722	3	  -1.190	  11.762	  22.288
133	 -24.765	2	  15.162	   2.776	  10.679
134	 -21.342	1	  20.162	  13.776	  16.274
135	 -21.119	2	  22.162	   7.776	  46.768
136	 -20.301	2	  27.105	  27.247	  11.217
137	 -19.633	2	  19.162	  12.929	  -7.111
138	 -19.106	2	  29.139	 -32.154	  44.321
139	 -19.090	2	  35.162	   6.245	  47.274
140	 -18.617	2	  13.727	 -26.137	  41.361
141	 -18.559	2	   4.667	 -21.732	   6.277
142	 -16.291	1	   6.162	 -16.224	  16.274
143	 -14.921	1	  50.162	  -4.224	  33.274
144	 -14.369	1	  57.162	   3.776	  32.274
145	 -11.071	1	  41.162	 -19.224	  45.274
146	 -10.126	1	  21.162	  -0.224	  15.274
147	  -9.265	1	   5.162	   9.776	  42.274
148	  -9.248	1	  62.162	  -2.224	   9.274
149	  -8.999	1	  -6.838	  13.776	  13.274
