1	-1750.691	153	  15.951	  20.545	   5.693
2	-1059.659	96	   8.415	  26.493	   5.932
3	-431.300	39	  11.688	  36.987	  -5.690
4	-399.413	36	   3.822	  39.309	  21.955
5	-347.931	33	  13.171	  17.954	  16.479
6	-336.790	30	  18.679	  17.680	 -18.466
7	-311.780	27	  21.907	   7.425	 -12.057
8	-288.776	28	  28.144	  25.438	 -13.579
9	-288.688	26	   9.207	  39.368	   6.793
10	-271.944	25	  30.419	  28.908	   6.550
11	-264.668	26	  17.612	  46.413	   9.983
12	-247.726	23	   4.358	  17.110	   0.956
13	-231.993	20	   6.565	  23.685	  -7.478
14	-228.569	21	  16.443	  40.616	  23.217
15	-188.946	16	  27.558	  20.418	  -0.312
16	-184.633	15	  26.286	  38.183	  18.172
17	-180.879	17	  25.503	  42.813	   1.044
18	-179.513	15	  15.513	  28.455	 -17.375
19	-160.968	13	  30.368	  28.594	  -4.221
20	-154.111	15	  21.681	  23.872	  17.055
21	-147.372	12	   4.933	  23.590	  21.819
22	-137.443	13	  16.597	   0.539	  -7.035
23	-130.513	12	   8.335	   8.074	  -2.787
24	-121.803	12	   8.635	  29.822	 -12.635
25	-119.404	12	  10.459	   6.264	 -11.991
26	-115.728	12	   4.718	  33.542	  28.990
27	 -89.545	8	  27.737	  29.920	  17.706
28	 -86.358	9	  25.347	  13.855	  -4.576
29	 -79.359	8	  27.995	  37.231	  -6.390
30	 -67.206	7	  11.257	  12.890	 -17.523
31	 -60.620	4	  16.712	  42.281	   1.745
32	 -60.406	6	  -2.434	  28.381	  15.097
33	 -50.317	5	   4.248	  16.131	  13.100
34	 -49.058	5	  14.276	  35.337	  28.528
35	 -48.447	5	   9.487	  27.124	  27.939
36	 -47.659	5	   5.075	  38.920	  13.352
37	 -43.245	4	  -1.858	  31.587	  25.242
38	 -39.044	4	   8.645	   9.478	   7.694
39	 -37.837	4	  20.426	   6.326	   1.938
40	 -37.273	4	  19.697	  27.856	  25.266
41	 -29.036	3	  23.500	  29.897	 -18.590
42	 -28.208	3	  26.560	  45.523	  12.745
43	 -24.153	2	   8.411	  31.356	   1.745
44	 -10.378	1	  25.861	  36.539	  25.745
45	  -9.665	1	  10.861	  23.539	 -22.255
46	  -9.608	1	  33.861	  34.539	   0.745
47	  -9.478	1	  16.861	  35.539	 -11.255
