1	-1190.665	84	  89.551	  32.348	  83.475
2	-1182.482	99	 110.968	  15.932	  78.742
3	-1158.754	83	 102.311	  12.807	  95.826
4	-1152.893	104	  91.044	   9.242	  85.407
5	-1121.858	91	  82.840	  30.974	 101.988
6	-978.377	88	 109.019	  35.490	  97.233
7	-943.196	68	  97.450	  24.710	  94.972
8	-924.792	75	  62.761	  16.221	 105.149
9	-850.035	70	 108.935	   6.320	  57.873
10	-824.285	75	  76.872	  28.509	  93.536
11	-777.374	56	 100.681	  26.452	  85.466
12	-746.174	68	  95.718	  35.975	  52.899
13	-702.328	58	  88.647	  16.677	  85.056
14	-688.256	64	  89.667	  -7.074	 104.113
15	-660.360	60	  87.830	   1.755	 121.867
16	-654.599	58	 101.246	   1.543	  58.082
17	-637.402	57	  79.037	  38.901	  82.486
18	-607.190	53	 121.035	  27.612	 102.440
19	-589.770	53	  79.387	  19.088	  86.612
20	-583.839	54	  68.827	  -8.189	 107.106
21	-556.830	47	 103.223	  49.380	  95.765
22	-545.302	51	 104.257	   8.003	  77.279
23	-525.521	49	  79.940	  30.725	  59.950
24	-523.493	47	  61.170	  11.238	 115.170
25	-498.658	44	 104.393	   8.304	  47.139
26	-487.372	44	  82.192	  18.921	  77.943
27	-470.135	46	  81.267	  10.007	  81.054
28	-469.917	38	  76.280	  22.828	  70.990
29	-456.162	41	  75.499	  21.748	  52.119
30	-448.788	40	 108.989	   1.175	  95.564
31	-447.526	38	  93.617	  48.918	  76.892
32	-443.246	39	 111.874	   9.720	 111.270
33	-431.264	38	  82.843	  13.423	  46.981
34	-416.317	37	  91.694	  -8.628	 113.767
35	-407.471	37	 111.420	  33.950	  85.318
36	-392.876	37	  81.986	  12.881	  57.167
37	-389.648	32	  92.013	  -4.262	  91.467
38	-387.536	37	  87.675	  44.778	  60.203
39	-386.045	38	 101.181	  -1.919	 117.782
40	-384.499	34	 102.093	  31.347	 105.802
41	-366.140	35	  82.220	  36.144	  54.377
42	-334.458	21	  86.103	  23.831	  65.145
43	-334.394	29	  80.859	  42.427	  94.458
44	-329.076	31	  73.450	  -4.054	 100.315
45	-320.381	30	  61.447	   2.378	 103.978
46	-312.267	29	  92.688	  24.377	  41.753
47	-310.608	30	 121.428	  14.886	 104.013
48	-306.172	28	  87.097	  19.279	 119.030
49	-303.475	29	  91.516	  27.455	 114.827
50	-294.671	18	  86.617	   2.274	 102.554
51	-294.061	26	 104.031	  -5.642	 107.715
52	-289.786	26	  79.060	 -13.921	 106.330
53	-285.229	25	  77.675	   6.513	 126.508
54	-283.372	26	  63.795	  22.943	 112.238
55	-275.365	26	  89.604	   3.534	  52.821
56	-270.149	23	 101.742	  30.028	  46.343
57	-266.830	24	 109.081	  29.811	  62.362
58	-262.740	16	  97.084	   0.431	  96.683
59	-256.423	24	  61.530	  -3.014	 113.581
60	-255.123	23	  79.747	  43.431	  67.659
61	-254.017	25	 120.794	  30.940	  92.586
62	-249.351	24	 123.184	  11.293	  92.849
63	-244.652	22	  87.363	   2.069	  89.789
64	-240.849	24	  74.373	  -3.479	 122.384
65	-239.165	22	  93.417	   4.561	  78.688
66	-238.754	23	 114.178	  33.454	  71.119
67	-235.178	22	 117.736	   8.434	  88.698
68	-234.224	22	  89.427	  13.311	 124.602
69	-234.102	23	  91.274	   9.633	  41.306
70	-223.300	22	  86.139	  43.759	 105.098
71	-214.218	21	 100.473	  42.686	 105.211
72	-211.801	21	 122.787	  18.289	  83.732
73	-210.195	21	 104.369	  -6.616	  97.024
74	-210.051	20	  81.837	  -9.915	  98.375
75	-207.395	18	  68.951	  -9.202	 117.255
76	-204.129	20	  82.379	   7.824	  66.432
77	-202.297	19	 115.238	   1.692	 109.093
78	-199.074	20	  93.807	  52.795	  95.862
79	-198.249	19	 103.427	  45.876	  68.052
80	-190.544	17	 112.690	  -2.748	 101.649
81	-188.018	18	  69.602	  23.444	  96.411
82	-180.416	16	  61.392	   2.753	 122.425
83	-179.624	16	  95.531	   5.903	 122.619
84	-178.931	18	  74.430	  22.946	  62.907
85	-178.901	18	  66.721	   2.502	  96.434
86	-176.768	18	  73.421	  26.483	  78.466
87	-174.252	16	  92.501	  51.882	  86.756
88	-174.128	17	 106.971	  36.073	  58.379
89	-171.599	16	 110.643	  41.573	  79.419
90	-171.003	17	 115.306	   8.466	  69.396
91	-170.976	17	  73.571	  37.962	  73.328
92	-170.618	17	 109.566	  18.568	  48.085
93	-169.726	16	 105.499	  26.590	 114.005
94	-165.218	9	  98.627	  20.192	  81.504
95	-160.125	15	 113.926	  19.683	 115.553
96	-151.192	14	  73.157	  31.138	 105.571
97	-148.557	8	  84.125	  31.887	  66.572
98	-146.402	14	 118.015	  10.272	  60.782
99	-145.426	14	  74.017	   1.679	  91.180
100	-145.336	8	  93.843	  -0.401	 104.868
101	-145.166	14	 103.325	  20.183	 121.391
102	-142.348	12	  85.468	  18.701	  40.525
103	-141.411	13	  77.681	  46.652	  77.053
104	-138.077	12	 104.292	  50.352	  80.580
105	-133.568	13	  98.251	  41.983	  59.159
106	-132.847	12	  84.633	  51.697	  75.208
107	-132.612	13	  94.474	  37.446	 109.713
108	-131.725	12	  83.940	  49.307	  94.871
109	-130.311	13	  75.872	  18.336	  42.760
110	-129.644	12	 110.821	  43.700	  71.908
111	-129.484	13	  96.462	  -0.601	  73.750
112	-126.030	12	  87.786	  32.404	  46.934
113	-123.940	12	  85.878	  34.975	 107.425
114	-121.321	12	  86.283	   4.742	  59.929
115	-119.466	12	 127.003	  21.965	  95.920
116	-117.491	12	  78.579	  15.783	 123.414
117	-116.649	11	 117.127	  20.499	  78.295
118	-113.676	11	  61.451	  16.958	  97.854
119	-112.848	11	  72.300	 -17.648	 111.243
120	-112.062	11	 119.337	  28.876	  83.082
121	-111.900	11	 103.194	   2.840	  71.228
122	-109.342	11	  92.572	  -4.155	  63.479
123	-106.455	11	  66.831	  30.269	 111.897
124	-105.841	10	  95.153	   4.226	  47.754
125	-103.750	10	 111.479	  24.510	  71.606
126	 -99.941	10	 108.832	   5.890	  84.196
127	 -99.771	10	 109.356	  26.400	  53.637
128	 -93.671	7	  81.006	  33.225	  74.382
129	 -93.024	9	 112.091	  43.226	  92.683
130	 -90.269	9	 120.582	   1.458	  98.058
131	 -79.907	8	  68.330	  18.850	  89.820
132	 -78.342	5	  91.851	  19.395	  96.543
133	 -72.141	7	  60.761	  10.375	  92.429
134	 -71.919	7	  78.933	  50.358	  85.343
135	 -70.281	7	  82.234	 -14.595	 117.099
136	 -69.629	7	 119.848	  26.357	 111.998
137	 -68.773	7	  68.949	  14.715	 122.837
138	 -68.018	6	 101.489	  10.529	 118.731
139	 -63.050	6	  96.533	  20.610	 126.270
140	 -62.643	6	  84.188	  -7.196	 119.747
141	 -60.438	6	 101.517	  57.124	  88.708
142	 -56.647	4	  91.522	  28.453	 105.060
143	 -55.999	6	  73.527	  38.139	  60.434
144	 -50.563	5	 125.794	  20.605	 107.623
145	 -48.463	5	 102.588	  -3.777	  89.270
146	 -47.857	5	 113.970	  34.003	 106.862
147	 -47.190	5	  95.993	  -8.817	  86.475
148	 -46.774	5	  69.778	  32.398	  66.699
149	 -44.572	3	 109.531	  26.478	  79.613
150	 -40.219	4	  66.464	  23.556	  68.994
151	 -39.810	4	 102.267	   7.861	  38.588
152	 -38.668	4	  94.674	 -12.692	  97.593
153	 -37.855	4	  95.611	  15.829	  36.520
154	 -32.046	2	 100.188	  30.794	  67.755
155	 -31.003	3	  59.188	  30.094	 108.638
156	 -30.282	3	  79.546	  31.801	  46.284
157	 -29.978	3	  84.867	  -0.530	  71.270
158	 -18.499	2	  97.703	  -2.691	  52.270
159	 -18.391	1	  91.188	   8.794	 104.270
160	 -18.116	2	  72.685	  24.794	 116.270
161	 -17.888	2	  89.690	 -12.708	  90.768
162	 -13.418	1	  98.188	   8.794	 109.270
163	 -11.716	1	  88.188	  42.794	  80.270
164	 -10.983	1	  81.188	   5.794	  96.270
165	 -10.593	1	  91.188	  13.794	 111.270
166	  -9.226	1	 121.188	   7.794	 107.270
167	  -9.208	1	 101.188	  19.794	  40.270
168	  -9.065	1	  78.188	  29.794	 113.270
169	  -8.960	1	  55.188	   8.794	 102.270
170	  -8.949	1	  61.188	  24.794	 101.270
171	  -8.927	1	  98.188	 -14.206	 108.270
