1	-1593.913	137	  12.046	   0.449	  61.076
2	-1481.038	122	   2.897	  11.158	  68.424
3	-1320.699	109	   6.293	   8.606	  30.251
4	-1089.080	94	   5.079	 -13.572	  74.204
5	-1088.769	95	  14.659	   6.824	  35.953
6	-1070.331	88	  15.765	 -10.824	  74.723
7	-1037.540	93	   7.493	  13.766	  38.223
8	-1033.748	95	   0.267	   8.379	  60.163
9	-1014.217	71	  11.907	   4.633	  50.186
10	-1011.211	79	  18.286	  17.962	  57.280
11	-943.120	74	   1.579	   2.443	  54.158
12	-892.951	67	  11.984	  14.021	  45.464
13	-883.319	66	   2.666	  -6.395	  43.152
14	-818.546	74	   8.502	  32.264	  41.971
15	-812.190	73	  29.012	   2.088	  33.679
16	-783.029	65	  18.411	 -10.019	  33.681
17	-772.801	58	  17.389	   2.996	  43.554
18	-708.281	58	   6.228	  -9.149	  57.256
19	-704.288	61	  32.883	  13.064	  25.806
20	-654.839	55	  23.813	   5.366	  69.914
21	-625.390	56	   2.043	  18.166	  14.398
22	-611.834	54	 -18.343	   1.012	  55.141
23	-608.146	54	  -7.989	  12.712	  26.388
24	-528.594	48	  21.452	  15.234	  35.707
25	-508.092	46	  25.933	  -4.809	  34.082
26	-507.178	42	 -10.609	   4.651	  47.027
27	-497.221	44	  22.459	  -2.261	  70.103
28	-489.851	44	 -10.853	  14.119	  81.349
29	-480.063	42	  15.678	  -7.636	  67.652
30	-465.364	42	   1.856	  -5.119	  64.743
31	-457.825	33	  31.885	   2.450	  25.208
32	-439.919	40	  26.467	   6.970	  48.701
33	-433.525	41	   5.401	   4.855	  65.134
34	-428.179	39	  -5.211	  -5.519	  65.288
35	-387.362	34	 -11.417	  26.749	  60.409
36	-375.878	35	  28.511	   6.642	  14.670
37	-372.744	32	 -13.667	  23.186	  47.353
38	-371.713	35	 -18.924	   1.720	  74.988
39	-362.530	31	   5.224	   1.639	  17.896
40	-362.102	34	  15.319	 -12.787	  49.912
41	-341.364	29	  -6.927	  23.550	  71.041
42	-340.025	32	  13.432	  20.256	  70.889
43	-325.308	29	   6.699	  25.331	  51.276
44	-316.683	30	  16.997	  25.316	  41.958
45	-310.182	28	  19.559	  21.586	  33.771
46	-309.128	30	  -8.660	  -4.507	  54.740
47	-301.584	25	  -6.645	  28.162	  26.827
48	-297.996	25	 -20.731	  16.924	  66.334
49	-296.889	20	   2.766	  11.247	  49.040
50	-294.882	28	   1.857	  26.383	  19.254
51	-281.414	26	   1.381	  -3.839	  28.178
52	-273.206	25	  11.270	  30.343	  20.884
53	-270.529	23	   6.842	  15.621	  81.539
54	-268.763	25	 -10.803	  21.813	  77.053
55	-266.451	24	 -23.025	  23.691	  59.848
56	-260.361	25	  27.928	  13.466	  64.689
57	-258.276	24	  22.047	  12.258	  74.184
58	-253.205	25	  17.079	  -8.218	  56.584
59	-249.231	24	  -8.065	  36.204	  51.994
60	-248.793	24	 -21.893	   6.186	  68.113
61	-234.977	22	  12.796	 -10.646	  28.694
62	-234.479	22	 -17.722	  11.680	  75.751
63	-231.902	21	 -14.693	  17.978	  36.056
64	-224.074	20	 -14.708	  28.909	  31.630
65	-223.132	21	  -5.618	  17.089	  17.653
66	-214.145	20	  -2.054	   9.024	  86.540
67	-212.871	20	  10.880	  -6.312	  86.294
68	-204.469	19	  28.629	   4.482	  40.671
69	-202.820	20	  17.589	  37.485	  30.796
70	-198.510	19	   2.821	  20.640	  66.171
71	-196.983	20	  29.999	  17.887	  33.976
72	-196.606	20	  30.790	  18.585	  13.411
73	-194.221	19	  22.145	   2.008	  12.128
74	-193.141	19	  16.816	  13.102	  81.218
75	-191.936	19	 -24.003	  13.261	  40.889
76	-189.816	17	  26.787	  -6.003	  13.974
77	-189.192	18	   4.311	  -5.429	  91.176
78	-181.164	18	  -9.383	 -11.869	  84.244
79	-177.634	17	  20.935	  -2.368	  90.394
80	-175.249	16	  -2.310	   6.031	  30.727
81	-168.305	17	 -12.740	  33.839	  42.998
82	-166.325	11	  -5.349	  17.360	  47.809
83	-166.018	16	  11.477	 -14.762	  37.060
84	-164.321	16	  11.161	  -7.155	  20.701
85	-159.383	16	  11.200	   0.240	  89.460
86	-156.472	15	  28.575	   4.042	  56.695
87	-156.402	15	   5.111	  32.531	  25.338
88	-153.581	15	  39.200	   0.533	  29.669
89	-153.578	15	  30.031	  -8.762	  77.210
90	-153.196	14	  -1.859	   6.625	  21.911
91	-150.524	15	  36.216	 -12.326	  23.469
92	-150.300	14	   0.504	  34.606	  35.235
93	-150.247	14	  11.004	  10.045	  12.150
94	-146.516	14	  25.517	  26.893	  15.774
95	-143.275	14	 -24.255	  -6.315	  66.022
96	-142.988	13	  24.922	  -7.350	  42.961
97	-138.612	13	 -18.293	 -11.168	  65.656
98	-134.161	8	  28.951	   9.268	  29.983
99	-128.708	13	  -5.593	  -3.609	  40.829
100	-126.530	12	 -22.681	   8.788	  54.129
101	-124.931	11	  -3.488	  24.221	  63.775
102	-124.614	12	 -21.106	 -12.439	  75.235
103	-122.663	13	  17.710	  29.216	  14.870
104	-119.905	11	  26.006	  29.346	  33.593
105	-118.309	11	   0.154	  20.915	  76.297
106	-117.479	12	  19.765	  40.012	  37.860
107	-110.324	11	   1.493	 -13.371	  87.035
108	-109.136	11	  23.979	 -15.744	  82.390
109	-108.763	11	  14.588	 -21.524	  23.747
110	-108.263	10	  -0.819	   0.389	  91.219
111	-103.788	10	  35.086	   5.325	  88.676
112	 -80.537	8	  29.647	  15.615	  80.208
113	 -80.457	7	  -0.141	  30.392	  54.926
114	 -80.270	8	  20.424	  11.727	   8.302
115	 -80.022	8	  31.660	  -2.095	  88.413
116	 -77.159	7	  23.477	  37.066	  22.500
117	 -77.054	8	 -22.982	  20.897	  46.602
118	 -75.228	7	 -20.957	 -12.228	  58.745
119	 -74.774	7	 -16.264	   6.369	  40.322
120	 -74.466	7	  29.206	 -18.496	  23.748
121	 -74.037	6	  22.177	  14.463	  45.806
122	 -72.396	7	  13.799	  19.450	   9.989
123	 -72.241	7	 -13.849	  19.359	  27.968
124	 -69.930	6	  25.460	   6.137	  90.650
125	 -67.651	7	  24.905	  -4.826	  62.541
126	 -66.304	7	   4.454	 -15.090	  42.695
127	 -66.202	7	  24.275	  18.343	  84.413
128	 -65.462	7	 -27.294	  15.601	  50.505
129	 -52.497	5	  26.800	 -12.616	  32.288
130	 -51.633	5	  -9.740	   3.493	  87.503
131	 -51.235	5	  27.236	 -15.235	  13.736
132	 -50.714	5	 -10.812	 -13.075	  64.403
133	 -50.551	5	  13.651	   1.670	  13.554
134	 -49.334	5	  37.168	   6.064	  17.864
135	 -48.455	5	  16.337	 -16.916	  83.024
136	 -48.221	5	   5.215	   9.731	  87.288
137	 -46.034	5	 -18.164	  -6.223	  80.503
138	 -39.505	4	  -1.828	  36.772	  43.991
139	 -39.500	4	  -1.069	 -10.736	  32.660
140	 -39.337	4	 -16.169	   0.116	  83.856
141	 -38.951	3	   5.143	  20.026	  21.930
142	 -32.313	3	  15.402	  25.772	  63.687
143	 -31.416	3	  41.049	  -4.290	  21.381
144	 -29.706	3	  31.402	  12.423	  53.338
145	 -29.239	2	 -10.061	   9.772	  74.750
146	 -29.141	3	  -2.548	 -18.178	  80.263
147	 -28.696	3	  13.627	 -15.281	  16.360
148	 -28.352	3	  29.730	  -0.881	  74.351
149	 -20.430	2	 -10.376	 -16.784	  73.899
150	 -20.303	2	  33.930	   7.300	  35.676
151	 -19.255	2	  25.533	 -23.163	  18.078
152	 -19.038	2	   7.875	  41.245	  30.149
153	 -18.720	2	  -2.598	 -12.747	  64.676
154	 -16.647	1	  14.402	  22.772	  25.676
155	 -14.390	1	   9.402	  23.772	  31.676
156	 -14.258	1	   3.402	   0.772	  72.676
157	  -9.241	1	  13.402	  38.772	  44.676
158	  -9.219	1	 -19.598	  -6.228	  50.676
159	  -9.185	1	  -6.598	 -11.228	  49.676
160	  -9.169	1	   6.402	 -16.228	  54.676
161	  -9.056	1	   6.402	 -19.228	  83.676
162	  -9.038	1	  17.402	  -7.228	  12.676
163	  -9.014	1	  31.402	  24.772	  24.676
