1	-1415.346	118	  83.172	 -10.146	 159.110
2	-1222.907	92	  64.039	   7.839	 147.240
3	-1216.327	104	  57.835	   6.018	 174.510
4	-1158.623	101	  77.764	  30.744	 164.907
5	-1148.927	94	  70.590	 -16.612	 217.147
6	-1128.917	95	  91.347	   7.667	 204.507
7	-1018.945	67	  82.700	  15.150	 195.946
8	-1016.269	90	  87.615	  -4.534	 168.015
9	-1002.616	86	  68.147	  25.435	 215.928
10	-943.850	85	  53.951	  13.356	 158.654
11	-937.177	63	  64.386	  13.724	 184.544
12	-864.459	72	  76.760	  -9.114	 179.442
13	-843.490	79	  69.499	  -5.869	 219.002
14	-839.998	67	  51.650	  -2.865	 222.987
15	-798.190	64	  98.655	   7.870	 155.495
16	-790.550	66	  76.263	 -10.454	 196.844
17	-779.393	60	  82.716	   4.495	 166.586
18	-769.080	68	  94.014	  13.458	 221.191
19	-757.878	67	  52.665	  15.660	 200.008
20	-752.563	63	  82.993	  10.686	 236.984
21	-745.979	58	  87.888	  18.334	 190.313
22	-739.744	63	  77.936	  25.145	 210.406
23	-727.510	63	  63.655	 -10.928	 208.143
24	-725.926	64	  53.085	  -5.014	 181.696
25	-713.802	61	  93.348	  22.257	 181.122
26	-707.729	62	  66.523	  27.347	 171.010
27	-706.000	64	  60.514	  -7.924	 215.938
28	-685.155	59	  58.299	 -12.354	 195.547
29	-679.121	62	  80.822	 -13.973	 149.449
30	-677.075	60	  58.450	 -19.209	 237.921
31	-662.991	61	  55.021	  -5.689	 230.395
32	-650.814	50	  58.550	  14.851	 190.413
33	-649.015	60	  93.281	   4.705	 146.379
34	-632.917	59	  79.759	  -3.724	 151.419
35	-623.933	56	  91.099	  -0.288	 161.295
36	-584.942	50	  98.423	   0.323	 197.186
37	-569.803	50	 100.709	   7.111	 186.230
38	-567.135	51	  94.771	  -8.036	 137.918
39	-561.078	47	  66.042	  16.141	 143.145
40	-560.379	49	  94.302	  -7.577	 181.268
41	-541.159	49	  76.599	 -21.126	 216.925
42	-525.233	49	 107.693	 -15.376	 148.290
43	-525.014	47	  74.491	 -22.141	 226.125
44	-479.983	43	  82.135	   2.389	 159.206
45	-475.554	41	  86.481	 -12.076	 142.820
46	-472.467	40	  59.518	 -10.711	 183.504
47	-467.045	45	  72.788	 -11.096	 226.403
48	-461.637	38	  65.594	  -0.138	 212.162
49	-460.372	42	  82.253	   1.230	 235.208
50	-452.182	40	  47.609	 -27.871	 225.645
51	-436.197	39	  94.819	  -7.784	 192.566
52	-431.405	40	 106.033	 -10.682	 140.230
53	-418.855	38	  53.058	  25.873	 201.222
54	-416.721	34	  76.499	  -9.597	 188.356
55	-411.992	36	  83.099	  28.070	 152.242
56	-411.128	32	  94.632	  13.605	 185.950
57	-408.172	36	  96.984	   7.910	 216.794
58	-407.906	37	 100.311	  -0.804	 212.676
59	-398.932	35	 103.222	   9.729	 166.436
60	-398.035	36	  61.971	  24.450	 222.044
61	-395.007	37	  59.807	  -6.917	 142.415
62	-391.932	32	  90.272	 -23.223	 221.068
63	-387.387	35	  50.537	   0.560	 191.413
64	-384.580	36	  47.389	 -24.537	 233.472
65	-378.785	35	  90.970	  32.090	 181.055
66	-378.623	35	 103.070	   1.301	 144.588
67	-366.605	34	  78.456	 -17.243	 159.171
68	-365.648	29	  54.179	   7.659	 194.265
69	-363.272	34	  70.349	 -11.135	 212.234
70	-361.206	31	  52.313	   6.033	 162.230
71	-343.025	32	  89.015	  22.368	 234.480
72	-337.579	31	  90.464	  20.004	 198.278
73	-332.812	29	  48.014	 -12.434	 232.576
74	-323.909	27	  48.899	 -29.933	 216.930
75	-323.452	30	  68.934	 -19.857	 232.528
76	-323.302	29	  51.286	  -1.187	 164.764
77	-312.897	28	  47.292	  15.259	 225.063
78	-310.385	28	  64.101	  29.356	 192.310
79	-308.513	29	  63.902	 -23.164	 167.073
80	-299.122	21	  87.600	   3.476	 230.087
81	-297.476	24	  96.011	  22.362	 169.195
82	-296.095	25	  65.458	 -20.726	 153.474
83	-294.926	26	  70.048	  24.252	 141.080
84	-289.649	26	  98.975	  26.383	 156.491
85	-286.261	26	 100.760	  16.097	 156.338
86	-284.506	28	  71.142	  -4.571	 232.071
87	-283.829	25	  47.078	   1.973	 209.036
88	-282.506	25	  76.454	  17.324	 239.682
89	-281.475	25	  95.322	 -20.955	 204.949
90	-280.069	25	  64.682	  27.425	 178.541
91	-276.368	25	  95.238	 -18.881	 227.133
92	-274.709	26	  61.738	   0.903	 237.542
93	-273.719	27	 103.671	  -6.549	 173.567
94	-273.092	25	  60.696	   0.899	 141.123
95	-271.963	25	  75.384	  25.931	 227.421
96	-271.653	26	  61.615	  -7.398	 232.307
97	-266.552	25	  87.605	  11.212	 141.658
98	-263.545	24	  49.432	  13.524	 211.828
99	-255.918	22	  85.220	 -21.937	 153.322
100	-254.418	25	  80.545	   3.941	 145.485
101	-253.547	23	  71.083	  31.074	 156.558
102	-249.666	22	  71.795	   3.565	 141.796
103	-249.443	23	  76.629	  30.683	 221.001
104	-248.982	21	  89.253	  32.178	 159.113
105	-248.827	22	  59.298	  22.027	 142.257
106	-248.346	23	  54.380	  13.634	 181.122
107	-247.260	21	  95.302	  -8.411	 233.338
108	-243.906	22	  87.903	 -18.817	 199.892
109	-240.803	24	  88.365	  22.322	 205.962
110	-238.494	23	  50.826	 -11.122	 198.871
111	-237.369	22	  53.788	 -14.910	 152.532
112	-236.929	21	  45.239	  -2.962	 216.402
113	-233.046	21	 112.199	  -5.758	 143.592
114	-230.641	21	  90.370	 -15.327	 172.812
115	-230.007	20	  47.546	   4.701	 223.979
116	-228.541	21	  62.434	  20.100	 230.205
117	-224.499	21	  67.278	 -19.600	 175.351
118	-216.434	21	 111.418	   0.732	 160.062
119	-216.055	14	  72.894	  -2.008	 210.891
120	-215.251	20	  86.753	 -23.674	 209.327
121	-212.928	21	  94.371	 -25.496	 158.832
122	-212.462	20	  40.821	 -15.909	 218.477
123	-210.684	20	  58.099	  33.256	 215.216
124	-209.970	20	  47.790	   5.041	 234.350
125	-208.550	21	  74.628	 -19.163	 205.840
126	-208.333	19	  54.981	  10.265	 137.320
127	-208.301	19	 102.033	 -14.583	 218.942
128	-206.872	21	  85.400	  40.376	 167.117
129	-206.846	19	  67.905	 -27.605	 212.295
130	-203.023	19	  80.377	  27.837	 202.514
131	-196.244	17	  71.985	 -20.620	 164.636
132	-195.915	19	  45.573	  -1.871	 230.847
133	-194.406	19	  80.933	 -15.964	 169.325
134	-193.201	19	 104.277	  11.671	 148.482
135	-192.213	17	  66.782	  33.718	 162.095
136	-189.928	18	 100.147	  17.614	 145.313
137	-184.621	18	 101.516	 -21.853	 143.163
138	-183.120	16	  66.049	 -33.805	 229.643
139	-180.256	18	  47.912	 -16.368	 205.521
140	-177.945	17	  48.244	   8.567	 217.600
141	-177.257	17	  57.084	  21.405	 184.865
142	-177.087	16	  53.279	  23.312	 223.550
143	-173.854	15	  39.850	 -27.629	 218.004
144	-169.502	9	  70.906	  16.679	 159.014
145	-166.935	16	  57.518	  21.604	 175.246
146	-164.995	16	  64.810	 -33.110	 217.720
147	-162.661	15	  62.363	 -16.881	 145.683
148	-162.280	16	  49.893	 -10.012	 169.556
149	-160.436	16	  92.843	 -17.463	 137.495
150	-157.201	9	  76.465	  12.562	 221.273
151	-156.026	15	  85.764	  -6.517	 237.918
152	-154.959	15	  54.206	 -34.062	 228.992
153	-154.395	15	  82.886	 -24.693	 219.124
154	-154.139	15	  81.964	  30.609	 191.937
155	-153.149	15	  78.927	  14.883	 135.633
156	-152.570	15	  88.305	 -15.197	 235.038
157	-152.525	15	  47.296	  -7.711	 157.933
158	-150.722	14	 110.568	 -13.159	 165.763
159	-150.191	14	  88.626	 -20.952	 162.587
160	-149.453	15	  50.330	   3.399	 181.693
161	-148.866	15	  90.706	 -26.033	 146.348
162	-148.307	8	  72.235	  18.374	 216.469
163	-143.943	13	  45.603	  -0.224	 197.338
164	-143.896	14	 105.146	  -5.578	 219.566
165	-143.546	12	  56.913	  25.758	 167.870
166	-143.013	13	  73.280	 -27.743	 219.502
167	-141.690	12	  66.624	 -17.236	 199.416
168	-141.007	14	  53.025	 -18.760	 162.927
169	-138.362	13	  49.103	  19.505	 150.856
170	-138.280	9	  73.932	  22.661	 164.813
171	-137.226	13	  79.436	 -17.241	 233.336
172	-133.210	13	  61.870	 -28.707	 237.184
173	-132.713	13	  70.787	   5.044	 243.640
174	-132.680	13	  98.451	   8.979	 198.800
175	-131.778	13	  72.843	  32.116	 190.434
176	-130.960	13	 116.389	 -11.146	 157.998
177	-129.120	13	 107.242	   4.214	 171.746
178	-129.095	13	 100.308	  22.022	 176.670
179	-121.379	12	  84.602	 -14.681	 193.507
180	-121.060	11	 108.639	 -19.334	 157.460
181	-120.656	12	  46.945	   7.741	 152.527
182	-120.518	12	  54.649	 -34.897	 218.732
183	-114.758	11	 102.390	   7.498	 225.911
184	-110.027	11	  91.828	  37.037	 173.640
185	-108.561	11	  51.081	  29.373	 210.207
186	-108.485	10	  44.707	  23.861	 216.608
187	-106.562	10	  94.005	   8.416	 241.290
188	-106.537	10	  99.528	  19.621	 163.299
189	-104.979	10	  71.435	 -11.168	 140.825
190	-103.616	10	 110.904	   4.555	 149.363
191	-103.521	9	  87.845	  25.699	 213.731
192	-103.270	10	  80.163	  29.308	 137.608
193	-102.088	10	  54.310	  31.746	 160.296
194	-100.530	10	  62.535	 -23.378	 203.689
195	 -98.248	10	  64.225	  30.324	 151.456
196	 -97.685	10	  67.313	  32.386	 185.791
197	 -97.668	10	  56.519	  28.049	 149.602
198	 -93.653	9	  44.004	  -5.699	 206.295
199	 -92.343	9	  69.875	 -15.709	 181.950
200	 -91.992	9	  72.935	 -20.718	 155.575
201	 -91.526	9	  99.812	  -2.005	 189.121
202	 -90.866	9	 102.834	  -4.048	 233.090
203	 -89.696	9	  65.971	  20.026	 243.779
204	 -89.455	9	  74.179	  32.560	 198.001
205	 -88.810	9	  82.478	  31.280	 215.549
206	 -86.764	9	  85.318	  18.200	 136.439
207	 -86.048	8	 102.834	 -13.602	 208.543
208	 -81.633	8	  72.696	  35.043	 177.836
209	 -78.771	8	  65.742	 -17.494	 189.116
210	 -78.268	8	  72.826	  22.517	 235.717
211	 -77.756	8	  64.732	  10.515	 246.037
212	 -77.173	8	  38.093	 -14.715	 227.785
213	 -74.900	7	  98.603	  19.219	 228.027
214	 -74.490	7	  44.294	 -24.013	 210.900
215	 -73.503	7	  45.954	  14.811	 204.941
216	 -71.961	7	  54.006	 -13.161	 237.150
217	 -70.814	7	  87.213	  30.262	 226.892
218	 -68.911	7	  87.611	 -14.386	 186.428
219	 -68.654	6	  59.714	 -22.678	 174.096
220	 -66.645	4	  62.650	  -6.833	 198.713
221	 -66.537	4	  91.839	  -3.353	 197.413
222	 -64.766	6	  71.288	  29.596	 147.773
223	 -63.219	6	  54.224	  17.990	 167.833
224	 -60.784	6	  55.443	 -19.335	 200.542
225	 -60.222	6	  92.817	  -0.440	 237.011
226	 -59.685	6	  98.373	  16.795	 238.182
227	 -58.732	6	 104.575	  -7.176	 204.447
228	 -58.291	6	  71.731	 -28.038	 235.116
229	 -58.045	6	  97.563	  25.169	 223.486
230	 -57.901	6	  50.044	  17.179	 140.510
231	 -56.942	6	  89.413	  26.494	 138.954
232	 -55.584	3	  89.655	  -2.099	 178.462
233	 -52.148	5	 102.783	 -24.710	 152.058
234	 -52.000	5	  91.871	  29.938	 220.290
235	 -51.366	5	 103.439	  12.372	 233.028
236	 -50.016	3	  56.083	   5.454	 222.658
237	 -49.717	5	 100.086	  33.741	 166.324
238	 -49.320	5	  92.304	  19.749	 212.337
239	 -49.239	5	 116.079	  -2.464	 151.092
240	 -49.046	5	  41.453	  -7.803	 229.621
241	 -48.829	4	  65.418	  -0.061	 155.867
242	 -48.769	5	  49.063	  27.898	 155.738
243	 -47.782	3	  66.083	  25.723	 201.599
244	 -46.530	3	  92.083	  14.811	 157.493
245	 -41.063	4	  56.848	  12.570	 243.830
246	 -40.741	4	  46.083	  -3.341	 149.290
247	 -39.093	4	  80.099	  31.157	 146.237
248	 -38.664	4	  52.071	 -15.543	 177.311
249	 -38.365	4	  48.847	  14.644	 233.538
250	 -38.041	4	  69.616	  33.877	 206.751
251	 -37.715	4	  44.810	  11.072	 146.261
252	 -37.472	4	  93.579	  38.637	 158.544
253	 -35.761	2	  88.453	  15.157	 231.290
254	 -31.146	3	 100.762	 -11.522	 228.616
255	 -29.125	3	 101.117	   5.157	 241.929
256	 -28.668	3	  59.976	  34.157	 203.644
257	 -28.546	3	 102.083	 -12.894	 199.290
258	 -28.545	3	  49.108	 -19.843	 240.290
259	 -28.456	3	  45.083	   4.196	 142.292
260	 -28.410	3	  60.418	 -32.508	 209.981
261	 -28.085	3	  36.083	 -22.164	 226.625
262	 -27.949	3	  50.403	  -2.513	 140.960
263	 -26.942	2	  93.083	   7.520	 228.927
264	 -24.366	2	  82.083	   3.157	 185.891
265	 -24.301	1	  57.083	   4.157	 232.290
266	 -23.786	2	  59.083	  18.575	 149.290
267	 -19.454	2	 106.083	   2.657	 235.290
268	 -19.234	2	  99.535	  24.686	 148.761
269	 -18.998	2	  62.083	 -19.843	 182.816
270	 -18.597	2	 100.582	 -18.342	 171.791
271	 -18.578	1	  71.083	  -0.843	 202.290
272	 -17.293	1	  69.083	   1.157	 184.290
273	 -16.558	1	  81.083	   2.157	 194.290
274	 -14.504	1	  80.083	   2.157	 176.290
275	 -13.732	1	  71.083	  23.157	 186.290
276	 -13.096	1	  68.083	   1.157	 192.290
277	 -11.994	1	 107.083	  -0.843	 181.290
278	 -11.857	1	  68.083	  13.157	 229.290
279	 -11.735	1	  74.083	  22.157	 195.290
280	 -10.534	1	  93.083	 -16.843	 192.290
281	 -10.389	1	  53.083	 -11.843	 211.290
282	  -9.736	1	  91.083	  17.157	 243.290
283	  -9.072	1	  84.083	  39.157	 180.290
