1	-1511.767	116	  38.845	  19.117	  29.036
2	-1473.339	113	  11.334	  17.881	  11.519
3	-1109.856	94	  15.513	  33.589	  20.240
4	-1010.490	89	  25.480	  12.081	  20.371
5	-779.435	70	  19.015	  19.981	  34.243
6	-717.995	69	  26.212	  62.746	  22.949
7	-695.004	62	  32.843	  43.239	  25.520
8	-677.092	58	  16.619	  42.508	  13.612
9	-671.606	60	  32.243	  20.117	   5.975
10	-665.689	56	  26.412	  34.850	  18.654
11	-655.053	55	  35.083	  33.487	  21.923
12	-620.056	55	   5.331	  30.760	   0.221
13	-602.604	40	  30.267	  22.728	  37.529
14	-563.059	47	  41.582	  41.297	  24.431
15	-521.221	32	  19.603	  21.349	   2.981
16	-504.231	43	  16.607	  64.847	  13.251
17	-503.849	43	  34.952	  33.519	  43.376
18	-491.045	43	   7.957	  39.786	  15.027
19	-452.680	40	  11.411	  48.048	  -8.041
20	-439.225	38	  37.231	  50.119	  47.357
21	-428.701	40	  35.577	  66.051	  32.996
22	-427.222	39	  38.579	  21.436	  43.097
23	-411.496	37	  25.602	  70.689	   7.827
24	-396.396	37	  34.018	   9.653	  13.372
25	-395.967	35	  45.065	  30.482	  39.575
26	-394.954	35	  16.994	   9.585	  27.198
27	-392.669	36	   2.012	  54.548	   4.245
28	-388.385	37	  20.370	  69.854	  29.915
29	-377.638	34	   5.390	   2.488	  11.572
30	-357.082	36	  30.761	  63.385	   1.782
31	-356.851	32	  42.467	  38.450	  39.863
32	-354.919	34	  13.121	  64.003	   7.174
33	-343.917	32	  54.820	  20.850	  27.172
34	-340.527	30	  21.777	   6.471	   8.471
35	-326.411	31	  23.793	  74.195	  18.414
36	-319.785	29	   4.836	   9.297	   2.031
37	-307.059	29	  51.775	  19.462	  38.050
38	-304.288	30	  28.273	  39.319	  10.389
39	-302.850	28	  46.113	   3.318	  28.114
40	-294.822	28	  -2.168	  17.124	   2.622
41	-292.030	26	  20.980	  54.844	  13.588
42	-283.424	28	  48.356	  36.228	   9.710
43	-278.343	26	  38.575	  36.910	  14.465
44	-277.667	24	  43.328	  49.237	  24.757
45	-273.123	25	  27.531	  54.014	  25.271
46	-258.088	25	  26.846	  70.653	  41.582
47	-256.837	21	  46.089	  24.566	   7.585
48	-255.363	25	  16.703	  67.875	   1.392
49	-250.948	25	   3.041	  34.798	  31.291
50	-241.212	22	  16.894	  10.037	   2.183
51	-240.788	23	  18.762	  60.397	  39.923
52	-235.163	23	  10.770	  22.793	  -2.069
53	-230.532	20	  12.716	  34.190	  -3.697
54	-223.082	21	  22.522	  29.273	  39.577
55	-222.939	21	  29.992	   7.264	  33.532
56	-210.057	19	  54.573	  40.889	  30.428
57	-209.081	19	  -6.055	   6.050	   4.620
58	-206.190	20	  56.906	   9.106	  36.780
59	-206.091	18	   1.947	  24.404	  32.940
60	-204.609	19	  20.103	  39.694	  30.268
61	-203.466	18	  -5.033	  19.318	   9.021
62	-200.111	20	  31.269	  65.583	  47.810
63	-198.220	19	  27.807	  28.188	   0.852
64	-194.649	17	   4.056	  47.324	  14.503
65	-191.380	18	  -6.240	  38.150	  14.063
66	-191.303	19	  12.092	  10.644	  32.853
67	-187.639	17	  17.279	  28.168	  -5.367
68	-185.703	18	  17.080	  63.507	  -9.416
69	-182.232	16	  26.160	  34.779	  -5.145
70	-182.076	17	  14.461	  16.797	  -4.074
71	-179.811	18	  54.575	  32.749	  36.726
72	-175.977	17	  44.104	  61.698	  35.786
73	-175.714	17	  46.539	  54.066	  35.287
74	-174.384	16	  50.163	  47.408	  33.048
75	-173.800	15	   1.340	   5.313	  23.277
76	-169.388	15	  59.918	  30.095	  16.709
77	-167.053	17	  44.721	  15.623	   6.577
78	-166.489	16	  33.475	   4.351	  22.806
79	-162.566	16	  10.116	   2.571	  25.118
80	-161.840	15	  -5.701	  38.476	   6.568
81	-160.040	16	  -4.637	  17.398	  18.345
82	-159.710	15	  -1.398	  45.726	   6.412
83	-157.319	15	  41.134	  60.152	  25.143
84	-156.873	16	  47.919	  58.010	  28.182
85	-156.301	15	  41.385	   3.039	  15.769
86	-154.186	15	   5.470	  57.964	  13.750
87	-150.979	15	  20.001	   2.957	  17.578
88	-150.937	15	  16.898	  67.599	  39.280
89	-150.707	14	  41.109	  59.133	  47.680
90	-146.937	13	   7.335	  57.150	  -8.773
91	-145.613	14	  31.510	  36.638	   4.681
92	-144.784	14	  33.907	  11.439	  39.173
93	-136.633	12	 -10.813	  28.798	  22.705
94	-136.049	13	  32.533	  68.682	  25.880
95	-135.576	13	  -4.445	  35.595	  27.380
96	-135.487	9	  23.645	  25.249	  31.237
97	-135.145	13	  -4.803	  30.351	   2.783
98	-134.297	14	  29.555	  45.598	  -2.644
99	-132.775	11	  49.871	   6.738	  18.237
100	-131.506	13	   4.538	  14.774	  33.175
101	-131.417	13	  16.944	  -1.541	  10.669
102	-127.142	12	  27.276	  13.640	   6.617
103	-119.082	11	   4.327	  40.698	  -2.328
104	-118.092	11	  19.783	  36.482	  41.501
105	-118.071	12	  54.027	  17.674	  16.916
106	-116.091	11	  24.790	  42.574	  49.170
107	-114.758	12	  20.061	  49.257	  33.921
108	-108.612	11	  58.808	  36.160	  25.113
109	-105.018	10	  33.795	  70.250	  16.035
110	-102.680	10	  44.005	   6.780	  35.551
111	 -90.874	9	  29.485	  65.128	  -5.938
112	 -87.733	9	  40.492	   9.883	   8.087
113	 -86.931	9	   3.521	  50.338	  -3.076
114	 -85.089	9	  37.732	   1.030	  33.530
115	 -80.869	8	  26.092	  14.531	  35.949
116	 -80.780	8	  23.366	  42.109	 -10.262
117	 -80.539	8	   4.249	  19.019	  -3.761
118	 -80.220	5	  25.880	  24.837	   9.925
119	 -78.176	8	  19.368	  44.868	  42.731
120	 -72.950	7	  28.303	  63.017	  15.419
121	 -63.427	5	  12.255	  51.656	  13.792
122	 -62.970	6	  24.373	  50.201	  -9.204
123	 -60.161	6	  24.798	  51.382	  48.746
124	 -59.907	6	   9.239	  22.073	  37.659
125	 -58.797	6	  51.731	  29.901	   6.526
126	 -58.198	6	  21.531	  74.032	  36.809
127	 -57.287	6	  27.718	  48.931	   7.340
128	 -54.949	5	  56.122	  23.036	  12.051
129	 -52.690	5	  29.526	  55.801	  -3.563
130	 -49.109	5	  46.871	  49.310	  40.859
131	 -47.532	5	  33.395	  43.396	  49.672
132	 -45.767	4	  10.736	  27.660	   9.039
133	 -41.983	4	  -6.778	  21.513	  27.806
134	 -41.394	4	  57.441	   3.017	  26.880
135	 -41.200	4	  -3.064	  14.563	  26.311
136	 -39.117	4	   8.999	  37.257	  27.799
137	 -37.230	4	 -10.031	  10.519	  10.090
138	 -31.632	3	  40.030	  26.325	   1.840
139	 -29.423	3	  61.034	  12.386	  31.145
140	 -29.164	3	  53.510	  41.328	  20.188
141	 -29.009	3	  29.402	  32.327	  50.150
142	 -19.346	2	  59.718	  28.017	  29.335
143	 -18.469	2	  14.217	  72.020	  20.330
144	 -14.680	1	  21.718	  28.017	  20.840
145	 -11.570	1	   8.718	  15.017	  26.840
146	 -10.736	1	  38.718	  29.017	  30.840
147	 -10.236	1	  30.718	  77.017	  23.840
148	  -9.774	1	  16.718	  52.017	 -14.160
149	  -9.699	1	  30.718	  60.017	  31.840
150	  -9.472	1	  58.718	  39.017	  13.840
151	  -9.219	1	  -5.282	   0.017	  11.840
152	  -9.146	1	  27.718	  73.017	  -3.160
