1	-1518.255	131	  83.885	  31.109	  54.659
2	-1451.402	125	  54.014	  50.262	  46.298
3	-1426.553	124	  66.321	  32.154	  40.968
4	-1290.604	117	  85.444	  54.281	  65.429
5	-1198.086	103	  83.004	  47.844	  70.518
6	-1100.955	93	  40.423	  49.981	  43.320
7	-994.912	82	  67.920	  42.449	  57.834
8	-959.162	90	  71.385	  45.499	  53.447
9	-877.768	75	  63.456	  60.514	  66.354
10	-847.496	64	  69.298	  31.631	  66.512
11	-829.786	62	  66.221	  40.419	  71.186
12	-735.738	68	  65.772	  62.163	  59.842
13	-604.333	43	  57.676	  44.741	  67.376
14	-603.236	42	  62.252	  29.202	  58.488
15	-585.018	53	  47.994	  25.330	  57.707
16	-564.351	44	  55.998	  36.964	  60.072
17	-549.723	48	  78.655	  11.385	  68.059
18	-543.983	49	  51.374	  14.099	  47.932
19	-524.802	47	  50.961	  57.588	  83.049
20	-522.782	46	  78.830	  38.634	  90.253
21	-498.288	45	  33.858	  42.877	  57.244
22	-483.331	45	  58.834	  67.194	  65.854
23	-439.813	40	  39.517	  37.026	  44.381
24	-400.379	37	  91.151	  36.952	  53.215
25	-398.918	39	  72.713	  72.115	  73.471
26	-390.558	39	  38.627	  57.176	  44.463
27	-363.457	32	  63.998	  73.627	  72.819
28	-362.696	35	  62.743	  21.248	  65.705
29	-354.344	31	  64.827	  11.139	  50.018
30	-353.609	34	  89.024	  19.909	  43.464
31	-352.609	33	  75.336	  52.584	  87.496
32	-351.881	30	  41.410	  41.796	  65.474
33	-349.426	32	  72.998	  31.179	  82.776
34	-342.908	33	  99.134	  44.130	  71.145
35	-328.064	32	  65.054	  24.791	  38.340
36	-316.065	30	  47.176	  42.591	  71.066
37	-314.938	30	  39.045	  32.796	  61.753
38	-313.294	27	  68.269	  15.192	  66.175
39	-305.290	27	  56.360	  48.020	  82.865
40	-304.285	30	  88.520	  22.281	  72.610
41	-297.398	28	  76.962	  46.090	  89.955
42	-290.081	27	  56.148	  32.880	  27.382
43	-288.356	27	  83.365	  16.106	  71.819
44	-285.796	25	  87.159	  48.654	  79.180
45	-278.975	25	  73.584	  14.101	  41.197
46	-278.148	27	  45.943	  65.338	  46.575
47	-273.149	26	  68.042	  29.663	  76.948
48	-272.203	26	  54.624	  14.951	  59.660
49	-269.245	24	  43.675	  17.540	  48.079
50	-261.319	26	  71.295	  19.808	  76.790
51	-258.367	25	  47.631	  46.942	  79.795
52	-258.317	24	  60.124	  42.170	  80.676
53	-253.349	24	  30.692	  54.461	  51.220
54	-246.223	23	  71.158	   4.132	  53.625
55	-245.527	24	  37.155	  60.758	  62.639
56	-239.316	22	  81.201	  31.113	  89.418
57	-236.942	21	  60.917	  18.653	  37.722
58	-225.541	20	  55.766	  55.088	  88.553
59	-221.903	20	  49.563	  66.650	  72.252
60	-219.570	20	  92.050	  28.818	  80.488
61	-216.671	21	  65.347	  38.476	  86.702
62	-216.399	21	  68.946	  60.756	  88.648
63	-215.453	20	  41.070	  27.699	  38.840
64	-213.573	19	  32.194	  47.742	  63.083
65	-208.854	21	  35.113	  40.142	  49.094
66	-208.007	19	  86.011	   6.549	  57.985
67	-189.686	18	  55.062	  70.829	  80.190
68	-188.447	18	  85.920	  55.529	  83.762
69	-187.105	18	  44.967	  60.968	  69.920
70	-185.758	17	  60.955	  68.073	  88.308
71	-184.414	18	  91.514	  52.598	  75.093
72	-181.768	16	  72.916	   7.930	  64.257
73	-180.859	13	  66.682	  14.285	  43.473
74	-180.317	15	  88.325	  21.914	  59.261
75	-172.963	17	  95.838	  29.002	  56.440
76	-165.062	16	  45.893	  66.405	  58.217
77	-163.382	15	  46.087	  57.748	  76.801
78	-156.350	15	  82.082	  73.514	  70.322
79	-152.563	14	  44.260	  18.239	  35.050
80	-145.082	14	  84.910	  61.619	  72.136
81	-143.289	14	 100.652	  39.311	  60.082
82	-137.406	14	  49.183	  36.024	  66.431
83	-133.665	13	  87.366	  22.625	  34.463
84	-131.428	13	  58.785	  11.915	  43.859
85	-130.183	13	  86.463	  58.081	  59.795
86	-129.592	13	  46.916	  54.696	  41.729
87	-125.342	12	  45.048	  36.154	  35.473
88	-122.619	12	  51.780	  14.407	  34.930
89	-121.160	12	  90.453	  43.695	  90.163
90	-115.765	11	  94.155	  30.119	  71.627
91	-109.777	11	  59.771	  64.244	  41.925
92	-106.021	10	  76.474	  61.909	  82.299
93	-103.231	10	  96.240	  50.073	  59.194
94	-101.877	10	  96.309	  43.162	  80.017
95	-101.585	10	  72.170	   5.916	  44.147
96	 -99.556	10	  50.770	  47.637	  34.721
97	 -99.153	10	  55.442	  40.755	  23.211
98	 -97.932	10	  69.477	  64.450	  50.548
99	 -96.701	9	  93.631	  36.468	  88.437
100	 -94.892	9	  95.071	  19.212	  64.373
101	 -88.808	8	  40.549	  51.509	  78.277
102	 -86.937	8	  77.489	  26.093	  35.052
103	 -85.208	8	  37.771	  23.425	  45.549
104	 -83.605	8	  53.378	  24.655	  30.022
105	 -83.244	8	  33.816	  54.861	  68.258
106	 -80.595	8	  77.229	  39.202	  36.638
107	 -79.257	8	  55.452	  40.517	  75.539
108	 -78.976	8	  70.471	  35.271	  90.900
109	 -78.942	8	  72.012	  13.035	  73.992
110	 -76.667	8	  81.447	  17.362	  38.903
111	 -75.690	8	  98.196	  53.853	  68.654
112	 -72.853	7	  64.209	  55.272	  92.471
113	 -71.799	7	  88.942	  14.082	  50.329
114	 -71.404	7	  81.791	   9.724	  46.570
115	 -70.847	7	  99.459	  34.948	  67.198
116	 -69.197	7	  79.780	  42.897	  45.141
117	 -68.484	7	  78.044	  16.751	  80.030
118	 -64.131	6	  85.967	  24.797	  85.489
119	 -60.302	6	  64.003	  52.784	  37.188
120	 -59.263	6	  54.782	  25.197	  62.468
121	 -58.060	5	  67.759	  35.843	  60.675
122	 -57.144	6	  91.513	  29.101	  49.842
123	 -56.120	6	  56.527	  76.468	  73.521
124	 -52.097	5	  57.524	  69.963	  55.246
125	 -51.328	5	  70.747	  46.771	  41.350
126	 -50.643	3	  59.941	  27.000	  49.238
127	 -49.547	5	  52.128	  72.436	  45.763
128	 -49.222	5	  89.100	  32.645	  39.424
129	 -48.728	5	  49.127	  38.589	  29.826
130	 -46.929	5	  65.724	  31.821	  27.190
131	 -46.769	5	  67.614	  70.556	  82.626
132	 -46.131	3	  59.331	  53.374	  70.090
133	 -45.733	4	  57.627	   8.288	  57.636
134	 -40.497	4	  79.558	  67.614	  77.248
135	 -39.554	4	  97.331	  35.091	  79.370
136	 -39.145	2	  76.331	  42.618	  74.519
137	 -38.847	4	  77.555	  69.094	  60.248
138	 -37.238	4	  76.834	  56.618	  54.264
139	 -36.946	4	  54.823	  62.625	  91.010
140	 -31.199	3	  34.677	  30.308	  56.010
141	 -30.318	3	  66.629	  41.674	  30.010
142	 -29.984	3	  76.331	  27.289	  62.336
143	 -29.100	3	  83.699	  49.351	  53.375
144	 -28.615	3	  38.662	  22.608	  58.000
145	 -28.512	3	  50.035	  61.869	  38.352
146	 -26.220	2	  48.725	  44.618	  55.010
147	 -21.136	2	  68.331	  55.618	  45.536
148	 -19.652	2	  37.306	  63.100	  52.479
149	 -19.249	2	  36.818	  44.644	  74.063
150	 -19.123	2	  58.361	  44.588	  91.555
151	 -19.101	2	  45.331	  27.544	  32.010
152	 -19.082	2	  77.226	  20.618	  87.458
153	 -18.941	2	  66.325	  43.121	  94.513
154	 -18.873	2	  60.813	  26.136	  32.010
155	 -18.857	2	  78.331	   1.618	  53.484
156	 -18.691	2	  83.331	  31.116	  33.010
157	 -18.407	2	  67.821	  73.108	  64.010
158	 -11.372	1	  58.331	  56.618	  49.010
159	  -9.922	1	  78.331	  79.618	  67.010
160	  -9.732	1	  61.331	  37.618	  19.010
161	  -9.571	1	  51.331	  71.618	  38.010
162	  -9.429	1	  72.331	  60.618	  63.010
163	  -9.320	1	  33.331	  55.618	  38.010
164	  -9.055	1	  85.331	  67.618	  64.010
165	  -9.054	1	  60.331	  48.618	  29.010
166	  -9.010	1	  63.331	  39.618	  39.010
