1	-1128.887	92	  14.098	   4.917	 -13.108
2	-1069.191	91	  22.854	  22.611	  -5.428
3	-1067.978	91	  32.637	  41.148	  -9.176
4	-1006.855	88	   7.035	  61.525	  25.264
5	-929.465	82	  34.495	 -21.186	  24.095
6	-888.444	68	  22.270	  21.499	   6.683
7	-852.658	74	  40.771	   1.664	  39.376
8	-657.136	61	  12.427	  27.688	  13.808
9	-586.324	50	  -2.319	  38.276	  38.385
10	-581.652	53	  30.277	  14.489	  13.804
11	-561.727	51	  37.418	  -3.091	   6.712
12	-525.541	45	  18.426	  10.637	  16.080
13	-502.641	48	  19.814	  51.077	  18.741
14	-498.837	44	  23.530	  31.276	  18.315
15	-475.295	39	  28.424	   0.048	  10.751
16	-446.209	39	  28.724	 -15.082	  21.310
17	-422.460	39	  28.269	  41.789	  20.796
18	-407.878	38	  30.668	  59.258	   6.007
19	-399.925	36	  15.645	  19.714	  -2.416
20	-384.926	35	   8.224	  46.262	   7.968
21	-373.060	36	  31.768	   2.019	 -16.790
22	-367.405	35	  13.451	  -0.213	  16.199
23	-366.826	35	   9.238	  49.697	  19.410
24	-366.512	36	  39.016	   8.065	   8.268
25	-356.135	34	  27.991	  13.863	 -13.178
26	-347.951	34	  13.814	  14.449	   7.391
27	-333.964	28	  25.566	 -11.668	   1.766
28	-327.506	31	  22.899	  -7.813	  14.629
29	-327.288	29	  29.763	  24.778	  -0.684
30	-325.513	31	   4.863	  34.575	   7.706
31	-320.990	30	  40.133	 -14.368	  16.210
32	-318.743	29	   5.484	  50.400	  41.174
33	-317.128	30	  15.254	  43.878	 -14.499
34	-308.254	29	  -1.158	  27.009	  31.638
35	-306.664	29	  48.251	 -11.410	  21.724
36	-300.026	29	  29.940	  28.833	   9.561
37	-292.518	29	  16.455	  52.760	   9.477
38	-280.060	27	  18.336	  32.137	 -12.269
39	-269.391	24	  32.759	  -8.291	  17.768
40	-267.832	25	  14.987	  61.284	   0.280
41	-267.218	23	  -9.982	  34.304	  32.206
42	-263.691	26	  -7.350	  55.570	  31.167
43	-262.173	24	  -6.956	  52.091	  19.532
44	-260.188	25	  49.915	  -3.555	  37.857
45	-256.723	25	  40.027	  12.776	  35.124
46	-253.770	24	  17.420	  37.637	  41.063
47	-252.337	24	  54.996	  -0.745	  28.234
48	-247.496	23	 -11.312	  45.135	  35.333
49	-240.286	22	  22.910	  38.053	  33.651
50	-236.727	21	  14.022	  42.503	  12.792
51	-235.258	22	  20.666	  -0.380	  39.227
52	-235.095	23	  12.257	  59.365	  33.978
53	-230.415	21	  17.468	 -16.069	  -1.266
54	-225.227	22	  50.253	 -10.659	  31.836
55	-218.067	21	  17.415	  46.830	  40.331
56	-216.323	19	   9.704	 -14.671	  -0.497
57	-212.532	20	  -6.165	  29.753	  21.437
58	-210.796	20	   0.389	  44.205	   5.525
59	-208.175	17	  15.789	  16.344	 -10.620
60	-206.797	19	 -14.572	  41.290	  24.820
61	-202.023	20	  40.941	  53.390	  -1.685
62	-200.302	19	   3.359	  55.323	  16.274
63	-195.690	19	  26.668	 -18.853	  31.168
64	-195.453	17	  48.641	  10.191	  23.435
65	-191.978	17	  22.752	  49.187	  29.713
66	-189.635	16	  30.534	  29.129	  -8.419
67	-186.238	18	 -12.177	  49.375	  27.288
68	-185.651	17	  38.198	  -7.253	  42.163
69	-184.774	19	  38.026	   1.822	  -5.727
70	-183.464	17	  37.151	 -14.606	  -1.988
71	-180.493	17	  27.848	 -16.417	  -4.449
72	-179.983	17	  27.297	  58.854	 -11.200
73	-179.495	17	  10.693	  25.266	   4.438
74	-176.492	17	   4.498	  -8.215	  -8.599
75	-176.079	16	  11.447	  24.993	  32.337
76	-171.422	16	  16.489	   1.906	  29.625
77	-167.558	16	  37.007	  32.074	  -0.090
78	-166.592	16	   8.186	  43.382	  -4.921
79	-163.414	11	   9.742	  38.835	   3.184
80	-162.775	15	  27.843	  15.621	  32.233
81	-162.331	15	  46.233	 -10.510	  38.672
82	-161.694	14	  17.554	  29.913	  35.329
83	-160.466	16	   8.388	  12.501	  -3.078
84	-157.294	15	  33.660	  17.467	   6.019
85	-157.046	14	  31.217	 -11.409	  39.156
86	-156.473	15	  12.900	  -5.191	 -18.058
87	-150.025	14	  25.199	  50.279	 -17.064
88	-148.805	14	  21.678	  -3.506	 -21.096
89	-148.366	13	  21.164	  11.180	  33.439
90	-148.005	14	  50.387	  -4.364	  11.315
91	-147.867	14	  33.712	  52.117	 -12.388
92	-146.463	13	   6.543	  56.940	   2.796
93	-146.366	15	   4.680	  30.368	  40.361
94	-143.557	14	  50.000	   7.648	  34.051
95	-139.734	13	  35.641	  15.465	  29.722
96	-139.533	10	  35.752	   5.045	   2.101
97	-137.886	14	   3.516	   6.302	   1.110
98	-133.788	13	   3.050	   2.433	  -8.127
99	-130.643	13	  42.928	  51.772	  11.175
100	-117.159	11	  42.506	  42.533	  -2.065
101	-116.346	11	  41.097	  36.796	   4.818
102	-114.514	11	  -8.370	  45.787	   9.555
103	-111.623	11	  33.268	  15.884	  21.113
104	-110.842	11	  44.712	 -17.268	  31.700
105	-105.484	10	  30.909	   1.521	  43.065
106	-104.677	10	   5.308	  38.626	  43.418
107	-103.129	10	  19.374	 -12.831	 -16.763
108	-102.937	9	   0.947	  -1.726	  -0.395
109	-102.916	10	  42.789	  14.747	  27.230
110	-102.638	10	  39.906	  41.333	  14.326
111	-102.365	7	  12.574	  54.108	  26.188
112	-101.447	10	  -3.641	  45.383	  41.423
113	-101.206	10	  35.497	  13.085	  -1.447
114	 -97.172	10	  10.777	  -7.415	  13.915
115	 -96.417	9	  -7.440	  51.429	  38.036
116	 -92.181	9	  10.039	  30.613	  -1.056
117	 -84.859	6	  21.962	  38.946	  14.288
118	 -84.110	9	  32.361	  49.276	  19.698
119	 -82.194	8	  17.751	  -5.207	  33.568
120	 -81.639	8	  20.146	   8.698	 -19.281
121	 -76.600	8	   3.315	  58.538	  39.170
122	 -76.105	7	  -8.759	  35.594	  13.303
123	 -71.616	7	  10.057	  24.564	  22.435
124	 -68.474	7	  35.791	  57.239	  -6.051
125	 -65.806	7	  10.477	 -11.555	 -13.167
126	 -62.664	6	   2.909	  27.262	  19.380
127	 -56.983	4	  21.603	   3.445	  12.117
128	 -55.196	4	   5.447	  42.752	  25.825
129	 -49.771	5	  51.151	   6.273	  16.263
130	 -49.217	5	  44.952	  10.836	  16.128
131	 -49.204	5	  -2.417	  30.898	  13.779
132	 -49.157	5	   2.526	 -11.095	   1.677
133	 -47.836	5	  29.956	   9.279	  40.622
134	 -46.716	4	  17.648	  -8.962	  26.612
135	 -46.536	5	  35.157	 -20.911	  14.031
136	 -41.611	4	  27.046	  38.031	 -16.422
137	 -40.924	4	  39.359	 -15.231	  38.335
138	 -38.488	4	  -0.641	  -5.227	   7.825
139	 -38.405	4	   7.096	   9.262	   7.339
140	 -32.602	3	  31.029	  -8.716	   5.825
141	 -31.734	3	  24.039	 -11.043	  36.825
142	 -31.694	3	   8.730	 -16.655	   6.808
143	 -29.367	3	  29.707	  34.616	  15.477
144	 -27.516	3	  47.033	   4.256	   7.825
145	 -23.171	2	  43.359	  -0.219	   1.825
146	 -21.808	2	  21.009	 -16.201	 -11.218
147	 -20.923	2	  36.359	  33.278	  11.267
148	 -19.801	2	   8.851	  50.278	  -8.175
149	 -19.671	2	  35.818	 -13.181	 -12.716
150	 -19.645	2	  -4.641	  38.818	   5.825
151	 -18.911	2	  37.798	  57.798	  14.785
152	 -18.871	2	  10.322	  57.834	  -9.619
153	 -18.504	2	  26.845	  22.764	  12.825
154	 -10.558	1	   5.359	   1.278	   9.825
155	 -10.290	1	  34.359	  -0.722	  24.825
156	 -10.005	1	  10.359	  35.278	  -9.175
157	  -9.689	1	  30.359	 -13.722	 -18.175
158	  -9.551	1	  25.359	  -5.722	  43.825
159	  -9.495	1	  29.359	   7.278	  32.825
160	  -9.466	1	  35.359	  10.278	  -9.175
161	  -9.425	1	  17.359	  60.278	 -14.175
162	  -9.410	1	  28.359	  62.278	  -3.175
163	  -9.326	1	   5.359	  64.278	  14.825
164	  -9.038	1	  28.359	   9.278	   6.825
165	  -8.906	1	   4.359	 -11.722	  12.825
