1	-981.444	82	  29.000	  32.732	  42.409
2	-781.280	67	  34.742	  32.839	  34.487
3	-576.869	50	  33.429	  54.025	  28.346
4	-511.040	46	  32.558	  29.352	  24.477
5	-384.501	35	  35.523	  49.627	  14.712
6	-375.613	36	   9.992	  35.898	  35.816
7	-368.128	35	  21.544	  42.458	  48.348
8	-351.305	32	  17.912	  31.723	  44.014
9	-320.463	30	  10.414	  44.634	  32.343
10	-293.047	26	  20.349	  23.129	  36.410
11	-279.537	26	  42.229	  42.519	  37.943
12	-267.517	26	  34.078	  23.286	  29.581
13	-252.912	23	  30.783	  39.572	  23.723
14	-232.929	22	  22.319	  52.676	  29.771
15	-205.063	20	  25.106	  51.783	  42.600
16	-184.409	18	  44.544	  51.323	  18.464
17	-177.499	17	  11.372	  31.174	  27.657
18	-171.416	16	  14.770	  45.206	  38.869
19	-166.423	16	  26.786	  45.891	  20.945
20	-162.047	17	  54.850	  23.626	  21.508
21	-148.512	14	  23.298	  38.848	  17.778
22	-144.409	14	  39.400	  44.314	  19.177
23	-136.973	14	  45.473	  45.862	  23.950
24	-134.569	13	  44.555	  20.778	  22.933
25	-127.326	12	  39.299	  34.251	  20.879
26	-120.986	12	  31.709	  56.603	  18.717
27	-120.328	11	  39.090	  50.840	  37.364
28	-115.690	11	  15.657	  40.336	  19.362
29	-107.600	11	  46.019	  31.418	  31.934
30	 -79.006	8	  46.286	  32.641	  23.780
31	 -78.277	8	  35.214	  48.357	  44.575
32	 -77.315	8	  16.129	  23.763	  30.812
33	 -73.335	7	  62.131	  20.843	  13.648
34	 -69.654	7	  48.145	  16.380	  27.267
35	 -50.446	5	  54.101	  19.103	   9.882
36	 -50.143	5	  27.845	  32.866	  15.851
37	 -49.489	5	  17.241	  49.600	  23.103
38	 -48.361	5	  29.460	  21.015	  37.478
39	 -47.982	5	  55.876	  16.839	  18.437
40	 -44.155	4	  37.286	  36.783	  42.781
41	 -41.465	4	  21.553	  22.674	  22.836
42	 -37.745	4	  32.277	  36.726	  50.027
43	 -30.999	3	  42.633	  22.582	  34.279
44	 -27.774	3	  44.931	  49.252	  10.630
45	 -20.473	2	  62.286	  21.685	   5.279
46	 -19.189	2	  26.286	  16.222	  28.883
47	 -19.104	2	  38.286	  44.751	   7.279
48	  -9.910	1	  21.286	  33.222	  11.279
49	  -9.125	1	  14.286	  25.222	  23.279
