1	-1634.211	140	 -20.476	  38.506	  16.053
2	-1366.223	118	  36.103	  44.232	  37.655
3	-1075.104	91	  21.789	  44.353	  32.294
4	-975.652	80	  -6.221	  39.460	  19.326
5	-899.723	83	  -9.607	  44.164	  24.964
6	-819.974	75	 -21.713	  36.013	  26.246
7	-732.140	64	  34.048	  29.594	  45.055
8	-699.871	51	   5.769	  47.644	  24.311
9	-552.515	47	   4.196	  59.275	  20.278
10	-545.969	51	  37.586	  33.153	  37.430
11	-510.971	46	  19.310	  22.116	  42.480
12	-494.381	44	  14.343	  43.775	  12.536
13	-488.787	44	  24.159	  41.354	  24.751
14	-480.626	42	   4.168	  27.475	  42.244
15	-479.969	42	 -21.575	  23.291	  24.433
16	-465.232	43	  42.253	  59.384	  35.958
17	-463.612	41	  15.675	  26.469	  14.281
18	-442.815	30	  12.855	  45.095	  20.252
19	-442.571	40	 -25.580	  26.049	  14.528
20	-428.879	39	  39.296	  39.431	  47.559
21	-424.216	39	   5.762	  19.874	  31.274
22	-420.215	39	  -5.508	  17.369	  34.381
23	-411.856	34	  11.343	  14.058	  17.482
24	-386.100	36	 -14.258	  26.106	  33.483
25	-345.371	33	 -17.836	  35.844	  -0.924
26	-342.092	31	  -6.441	  43.964	  -1.509
27	-331.501	30	 -14.698	  23.454	   3.058
28	-325.870	31	  -8.365	  32.605	  38.647
29	-325.521	32	   0.560	   8.433	  16.337
30	-324.067	29	 -13.365	  13.533	  24.323
31	-315.994	30	  38.952	  57.917	  13.854
32	-313.978	27	  -1.467	  47.155	  41.409
33	-307.880	30	  32.684	  35.135	  32.029
34	-304.949	28	  10.851	  34.582	  60.319
35	-302.631	28	   4.706	  55.616	  29.325
36	-295.539	27	  29.385	  49.364	  54.777
37	-286.272	25	  24.383	  27.378	  53.369
38	-286.226	27	 -18.829	  65.009	  14.406
39	-282.253	28	  29.084	  23.210	  38.711
40	-281.899	26	  15.688	  55.090	  12.565
41	-277.710	24	  18.172	  54.164	  39.821
42	-277.187	25	 -22.626	  48.260	   0.181
43	-270.926	22	  -1.360	  36.823	   7.444
44	-263.701	25	  31.146	  68.883	  38.044
45	-254.395	22	   0.349	  32.795	  49.964
46	-247.922	24	  43.765	  62.409	  23.635
47	-237.408	21	  12.784	  21.858	  30.385
48	-223.047	23	  33.555	  40.265	  25.732
49	-221.931	19	  -2.948	  43.453	  47.056
50	-221.187	20	  -6.105	  64.033	  26.190
51	-210.717	18	   2.169	  38.390	  55.344
52	-204.507	19	  10.291	  35.241	   9.640
53	-200.351	19	 -20.155	  47.411	  24.529
54	-198.780	18	  32.930	  58.388	  46.087
55	-195.009	19	   4.838	  43.630	   7.278
56	-193.179	18	  22.405	  31.916	  22.832
57	-193.133	18	  13.810	  45.207	  56.909
58	-190.789	18	   5.802	  53.781	  38.629
59	-188.663	17	  23.488	  48.612	   8.006
60	-178.750	16	  12.284	  57.599	  33.525
61	-177.183	17	  -8.095	  42.692	  34.875
62	-175.769	16	  -3.198	  18.215	   7.162
63	-173.796	16	 -23.533	  23.237	   5.859
64	-163.116	15	  -2.965	  65.874	  14.207
65	-161.255	15	  22.186	  54.714	  49.079
66	-158.741	15	 -26.035	  41.502	   8.401
67	-158.475	16	  30.890	  21.375	  47.232
68	-153.737	14	  23.620	  61.308	  11.544
69	-150.206	15	 -13.323	  49.869	  -6.582
70	-146.885	13	  -6.194	  29.734	   2.110
71	-144.019	14	  35.912	  40.688	  18.865
72	-141.679	13	 -16.343	  16.890	  15.916
73	-136.405	14	  10.333	  21.542	  45.710
74	-129.892	12	 -22.276	  60.302	   5.551
75	-125.941	11	  21.865	  25.060	  32.170
76	-124.946	12	 -16.986	  54.929	  29.598
77	-124.055	12	  44.254	  45.138	  30.731
78	-123.002	11	  37.034	  71.765	  19.381
79	-122.957	11	   6.926	  12.701	  23.811
80	-122.582	12	   6.743	  50.419	  49.972
81	-122.302	11	  19.681	  19.487	  25.925
82	-120.557	12	  33.113	  64.566	  10.554
83	-120.382	11	  24.206	  65.265	  35.864
84	-109.706	11	 -14.369	  67.006	  -0.745
85	-107.828	11	   8.266	  23.398	   7.320
86	-101.699	10	  -7.087	  52.684	  36.045
87	 -99.491	10	  41.484	  55.730	  44.088
88	 -95.275	9	  31.226	  33.995	  56.282
89	 -95.152	9	  16.278	  19.965	  53.355
90	 -93.128	8	  14.666	  52.042	  49.427
91	 -86.050	8	 -26.310	  53.327	   5.097
92	 -78.816	7	 -10.254	  33.504	  12.983
93	 -78.186	5	   0.341	  52.503	  18.335
94	 -76.196	8	 -27.250	  45.498	  15.212
95	 -70.703	7	   4.037	  56.416	  10.272
96	 -66.491	5	  25.065	  46.116	  41.341
97	 -62.067	6	  -5.598	  56.975	  -2.673
98	 -59.679	6	 -11.212	  69.789	  10.522
99	 -59.494	6	  27.256	  63.527	  43.953
100	 -57.655	5	  -8.552	  64.409	   4.000
101	 -57.162	5	   1.043	  26.874	   5.087
102	 -56.017	6	 -14.825	  16.323	  34.574
103	 -52.380	5	  28.179	  68.597	  15.517
104	 -50.472	3	  18.124	  51.735	  19.476
105	 -50.360	5	  19.897	  22.680	  18.413
106	 -48.829	5	  44.617	  49.435	  22.290
107	 -41.715	4	  12.484	  59.961	  17.530
108	 -40.882	4	  37.888	  70.416	  32.739
109	 -40.872	4	  36.359	  46.380	  55.745
110	 -40.621	4	  22.362	  44.420	  57.689
111	 -39.187	4	  39.883	  49.397	  14.249
112	 -39.046	4	 -23.778	  56.514	  19.278
113	 -35.983	3	  18.316	  60.086	  24.661
114	 -31.687	3	   8.886	  25.663	  55.917
115	 -30.794	3	  33.886	  43.989	  10.328
116	 -29.961	3	 -26.768	  33.663	   7.329
117	 -29.555	3	  29.579	  57.327	   7.983
118	 -29.191	3	  -1.227	   8.285	  28.335
119	 -28.877	3	  28.235	  72.663	  24.920
120	 -28.547	3	  -2.381	  58.875	  31.322
121	 -27.912	3	  17.513	  63.985	  32.288
122	 -20.122	2	   2.816	  13.198	   8.983
123	 -19.573	2	  26.354	  39.663	   7.983
124	 -19.099	2	  -1.114	  46.140	  53.983
125	 -18.653	2	 -25.129	  23.182	  30.479
126	 -18.590	2	  42.366	  47.623	  45.503
127	 -14.523	1	  22.886	  55.663	  28.983
128	 -10.472	1	 -23.114	  15.663	   8.983
129	  -9.175	1	 -17.114	  67.663	  21.983
