1	-1169.778	96	  15.865	   7.814	  19.635
2	-1126.294	97	  28.710	  11.556	  27.966
3	-1059.821	85	  -7.007	  -7.259	   5.425
4	-1017.494	86	 -20.763	 -13.603	   1.556
5	-1001.157	90	  27.829	   2.023	  30.514
6	-840.365	62	   8.762	   1.518	   7.789
7	-795.055	70	 -24.520	 -19.525	  16.067
8	-701.833	57	  23.497	   3.481	  41.599
9	-694.564	63	 -11.842	  -0.704	   7.501
10	-672.808	61	  20.662	   0.878	  17.542
11	-613.442	48	   1.028	   9.806	   7.162
12	-541.748	48	 -21.624	  -8.977	  10.232
13	-533.751	48	  -9.401	  12.361	  22.643
14	-491.651	47	  12.263	   5.132	  47.546
15	-458.167	40	  11.429	 -27.187	  21.304
16	-436.605	36	 -10.312	  11.723	  36.418
17	-416.284	38	 -15.616	 -28.095	  22.052
18	-410.110	38	   2.303	 -14.497	  29.791
19	-408.795	36	 -25.460	 -23.298	   4.843
20	-402.330	36	  -6.760	  -2.437	  30.956
21	-387.055	36	 -16.293	 -12.046	  24.664
22	-338.896	32	 -24.668	 -13.650	  23.163
23	-334.686	31	 -12.063	 -30.541	  -0.102
24	-330.752	30	   2.490	  12.141	  -2.978
25	-323.523	29	  -9.066	  16.302	  -0.617
26	-323.225	29	  12.119	  -4.001	   1.564
27	-315.924	28	  13.641	 -12.627	   7.293
28	-313.098	29	  14.886	  -6.051	  36.510
29	-312.149	30	 -17.280	  10.460	 -15.226
30	-305.743	28	  18.044	  24.802	  36.900
31	-293.484	27	  17.773	 -15.503	  19.181
32	-291.753	27	   0.157	 -34.074	  21.117
33	-283.091	27	  23.079	  -5.031	  38.969
34	-271.033	26	  37.865	  10.718	   1.244
35	-270.599	26	 -11.303	 -22.685	 -10.169
36	-264.763	25	  14.636	   4.353	  -3.391
37	-260.969	20	  10.838	  19.240	  19.603
38	-244.888	24	  26.691	  32.190	  12.606
39	-231.683	23	 -14.381	   4.882	  19.088
40	-219.318	20	  23.037	  28.239	  25.576
41	-217.288	20	  -8.093	 -14.183	 -21.151
42	-212.082	20	  -1.542	  13.176	  45.412
43	-208.146	20	  11.635	 -24.097	   9.834
44	-201.106	19	   6.905	  -6.156	  42.199
45	-198.086	15	  -0.063	 -15.273	  -1.090
46	-196.572	18	  -2.593	 -13.432	 -13.294
47	-196.248	17	  28.588	  12.649	  40.917
48	-195.414	19	 -10.597	 -33.134	  10.086
49	-195.073	18	 -11.294	 -16.323	  30.210
50	-174.094	16	  39.447	  20.565	   6.578
51	-172.259	15	  25.186	  -0.930	  -1.501
52	-171.521	15	  -1.717	  15.445	  14.510
53	-166.208	16	 -20.136	   0.310	 -20.364
54	-163.479	15	  35.254	  26.238	  16.553
55	-163.016	16	  36.261	  19.712	  24.781
56	-157.676	14	 -19.149	 -11.728	 -17.430
57	-157.544	16	  16.454	  17.922	  45.897
58	-156.706	14	  -3.520	  13.138	 -12.068
59	-147.510	14	 -15.201	  -0.314	  25.429
60	-147.000	14	  -0.824	  -5.435	  37.907
61	-146.872	14	   7.205	  17.912	  11.136
62	-143.106	14	   0.729	   0.317	  48.554
63	-140.152	14	  -4.578	  19.773	  28.606
64	-136.495	13	   2.508	  20.824	  37.002
65	-135.422	14	  31.710	   1.843	  18.103
66	-134.369	13	 -25.662	 -14.134	  -5.237
67	-134.206	14	 -23.129	 -16.544	 -11.644
68	-133.506	13	 -19.912	 -19.269	  29.902
69	-131.191	13	  -4.040	 -25.488	  -2.742
70	-130.756	12	   1.202	 -31.019	   9.260
71	-130.071	12	 -22.581	  -3.677	   4.329
72	-125.472	12	  12.661	  25.812	  28.475
73	-123.458	12	  25.103	  23.881	  40.498
74	-122.327	11	  23.675	   9.637	  -6.445
75	-121.802	12	  -7.424	  11.085	 -19.069
76	-121.094	11	  15.385	 -14.268	  26.974
77	-121.005	12	  16.924	  26.752	  13.787
78	-119.535	12	  -2.360	 -26.590	  29.911
79	-116.465	12	 -23.030	   3.474	   1.269
80	-116.068	8	  15.574	   7.020	   4.993
81	-115.710	8	 -10.005	 -16.263	   3.145
82	-114.479	11	  18.994	  -7.345	  22.029
83	-105.487	10	 -10.919	  13.474	  11.081
84	-105.133	10	  21.379	  -9.745	   8.362
85	-105.092	11	 -28.160	  -4.784	  -7.340
86	-103.198	10	  39.962	  12.117	  20.528
87	 -99.600	9	 -10.605	   3.896	 -26.455
88	 -97.581	10	  18.664	  30.054	  20.236
89	 -94.753	9	  31.526	  -3.685	  13.086
90	 -92.700	9	  24.506	  19.778	  -3.675
91	 -91.309	8	  14.699	  15.003	   0.976
92	 -90.491	9	   6.255	  -8.907	  -2.435
93	 -88.544	6	  17.547	  14.256	  26.833
94	 -88.272	9	  16.552	  -5.177	  48.064
95	 -86.237	8	 -16.066	  -3.627	  14.365
96	 -85.624	9	  33.572	  12.662	  -5.727
97	 -84.528	8	   2.652	 -24.260	   2.608
98	 -82.913	5	  -1.205	   5.339	  -0.581
99	 -82.759	8	 -20.287	 -31.777	  12.168
100	 -78.961	4	 -10.031	  -0.998	  18.281
101	 -76.466	7	   5.844	 -23.013	  26.618
102	 -76.218	7	   5.988	   6.446	  -7.684
103	 -72.554	4	   4.970	  -1.221	  12.902
104	 -72.091	6	   5.213	  21.854	  27.767
105	 -69.230	7	  -5.816	 -20.655	 -14.569
106	 -67.199	6	  35.188	  25.590	  -1.857
107	 -67.127	7	  31.366	   3.059	  -5.570
108	 -66.395	6	 -20.083	   8.255	   6.071
109	 -65.637	6	  10.391	  21.101	  41.444
110	 -65.489	6	  -8.383	   4.267	  36.020
111	 -65.003	6	  24.387	  28.585	   1.798
112	 -59.736	6	 -11.621	 -28.903	  31.794
113	 -57.496	6	  31.418	  30.060	  24.424
114	 -56.751	6	 -25.092	   5.468	  -7.053
115	 -49.919	5	 -24.428	 -22.567	  -4.443
116	 -49.232	5	 -27.361	 -13.428	   6.146
117	 -47.737	5	  41.798	  20.350	  14.307
118	 -47.589	5	 -24.980	  -5.847	 -17.333
119	 -47.525	5	  38.832	   5.163	   9.347
120	 -47.091	5	 -16.981	  17.354	   5.079
121	 -39.797	4	  -0.258	   2.658	 -17.661
122	 -39.742	4	  32.684	  19.433	  33.574
123	 -37.899	2	  18.213	  15.462	  11.281
124	 -37.577	4	 -18.537	  16.187	  -2.470
125	 -37.097	4	 -19.801	 -32.065	  -0.442
126	 -31.114	3	 -10.108	  17.219	 -10.405
127	 -30.286	3	  -2.787	  -4.392	 -23.076
128	 -30.133	3	  20.546	  11.200	  47.580
129	 -29.012	3	  33.553	  -2.725	   3.251
130	 -27.831	2	  -2.304	  -3.211	  -6.831
131	 -19.696	2	 -18.324	   9.861	  27.744
132	 -19.547	2	   3.213	  -9.547	 -10.237
133	 -18.140	2	   1.213	  20.427	  20.281
134	 -18.119	2	 -16.284	 -21.065	 -18.222
135	 -10.636	1	  36.213	  28.935	   6.281
136	 -10.204	1	   6.213	  15.935	  46.281
137	  -9.772	1	   8.213	 -18.065	   3.281
138	  -9.714	1	  -1.787	 -19.065	  -7.719
