1	-1364.133	112	   5.534	   7.608	   1.766
2	-1271.645	104	  32.659	  23.214	  -1.532
3	-1089.296	81	  46.230	  28.213	  -5.989
4	-1001.002	74	  -5.604	  -1.536	   5.719
5	-911.167	78	   3.419	 -13.586	   8.826
6	-865.357	63	  16.840	  20.145	  -1.891
7	-853.961	73	  18.878	 -12.394	   4.180
8	-806.209	69	  52.390	  14.345	  -8.150
9	-588.945	54	  28.348	  -3.020	  -7.217
10	-577.407	51	  42.996	  21.260	 -10.863
11	-512.806	47	  31.402	  -2.331	   6.241
12	-475.320	43	  52.918	   5.308	   2.762
13	-467.478	39	  20.689	  -3.965	 -22.612
14	-459.445	42	 -13.243	   4.607	  -9.599
15	-455.888	43	  -0.015	   5.776	  12.508
16	-441.648	41	  14.173	 -14.726	 -17.390
17	-438.251	40	  12.380	 -19.719	  -1.765
18	-423.561	36	  35.145	   3.968	  22.549
19	-407.523	36	  29.534	  23.300	  -8.715
20	-396.956	36	   9.149	  10.061	  10.572
21	-368.011	33	   0.120	 -16.311	  -7.553
22	-361.778	35	  11.400	  31.619	  -7.000
23	-350.046	31	  44.903	  37.701	   9.222
24	-349.114	33	 -11.671	  24.359	  17.319
25	-345.582	32	  42.290	  -2.598	  -0.040
26	-343.612	32	   8.564	  30.268	   6.877
27	-338.598	31	   2.804	  -2.923	  12.354
28	-334.327	31	  47.504	   5.404	  18.466
29	-318.554	28	   1.447	 -17.533	   1.831
30	-315.158	28	  55.751	  25.049	  -3.504
31	-295.508	28	  -7.173	  -7.437	 -11.995
32	-294.082	27	  16.987	  25.841	  10.399
33	-290.939	27	  33.318	  40.302	   9.683
34	-290.608	24	  31.888	  27.646	  10.367
35	-290.283	23	   1.770	  10.207	 -10.163
36	-284.755	27	  36.962	  26.909	 -14.797
37	-282.482	27	  22.177	   4.638	 -22.496
38	-270.107	26	  40.197	   5.375	  -8.301
39	-268.495	24	  10.859	  22.307	 -10.377
40	-240.145	20	  16.758	  32.400	 -17.301
41	-236.770	20	  -7.058	 -12.594	   3.809
42	-235.614	23	 -17.607	  16.200	  -8.503
43	-235.565	23	 -16.742	   0.813	   6.094
44	-232.509	22	  11.313	 -11.879	  12.358
45	-224.521	22	  57.438	  15.484	   4.767
46	-218.947	20	  32.935	   4.989	 -15.901
47	-217.567	20	  18.099	  -3.475	  12.569
48	-214.859	14	  13.875	  20.370	   5.824
49	-214.652	20	  43.953	  15.851	  19.438
50	-211.149	20	  36.360	  46.965	   9.156
51	-210.035	21	  20.888	   4.695	  19.975
52	-208.966	19	  42.987	  47.365	  -1.710
53	-202.399	19	  32.077	  15.036	  22.358
54	-197.835	19	  21.047	  48.168	 -14.750
55	-197.148	18	  19.717	  12.274	 -18.023
56	-195.587	18	   5.324	  27.094	  17.232
57	-193.046	17	  14.774	  42.090	  -9.269
58	-189.441	18	  28.368	  46.806	 -17.318
59	-185.366	17	  48.969	  38.693	  -6.290
60	-183.568	17	  50.901	  26.778	  13.129
61	-181.046	17	   3.236	  18.511	 -10.557
62	-180.836	17	 -20.905	  11.036	   1.484
63	-179.390	17	 -19.522	  19.901	  11.656
64	-178.302	17	  35.132	  -1.267	  15.336
65	-177.143	16	  -1.999	  32.341	   9.127
66	-177.044	16	   6.327	  -6.053	 -19.534
67	-173.351	16	  24.083	  30.158	  10.454
68	-166.606	17	  43.981	  10.196	 -13.300
69	-164.137	15	  25.572	  -5.400	 -17.320
70	-159.706	15	  -7.073	  14.654	 -10.346
71	-148.135	15	  29.879	  18.334	 -13.537
72	-139.495	13	  11.583	  15.126	 -15.468
73	-136.300	14	   0.963	  19.972	  23.934
74	-135.754	13	  52.508	  17.506	  13.935
75	-133.072	12	  34.357	  51.295	 -11.076
76	-131.396	13	 -11.134	 -12.388	  -5.997
77	-129.725	12	  23.027	  21.435	  15.718
78	-125.731	11	  21.073	  13.812	  18.094
79	-125.115	12	  24.938	  33.706	 -23.881
80	-123.891	12	   0.399	 -11.800	 -14.272
81	-123.051	13	  22.504	 -18.419	  -3.772
82	-120.138	12	  -4.808	   1.959	 -14.479
83	-117.620	12	  41.168	  30.061	  14.181
84	-117.555	12	  49.479	   6.116	 -10.411
85	-117.294	12	  44.691	  37.738	 -15.342
86	-108.362	11	   9.382	 -18.872	  -8.284
87	-107.635	11	  14.311	 -21.515	   5.726
88	-105.494	11	  28.676	  11.979	 -17.658
89	-104.597	10	  20.274	  20.586	 -19.253
90	-100.504	10	 -21.265	  11.777	  11.518
91	 -97.946	9	  -4.716	  -4.391	  12.867
92	 -94.597	8	   0.490	  26.385	  -0.988
93	 -93.803	9	  12.257	   4.507	 -21.736
94	 -91.251	8	 -19.458	  29.616	   5.720
95	 -88.963	9	  32.584	  39.869	 -20.761
96	 -82.829	8	  19.747	  27.101	 -23.714
97	 -81.896	8	  26.772	 -10.205	  -4.182
98	 -81.291	8	  57.321	  26.420	   8.286
99	 -79.999	8	  49.531	  -2.297	  -6.512
100	 -79.634	8	  13.350	  14.491	  20.261
101	 -77.258	5	  22.289	  35.959	   1.191
102	 -77.141	8	  50.647	  39.745	   2.347
103	 -69.896	7	  36.776	  52.897	   2.516
104	 -68.174	7	 -18.014	  -0.436	  -1.851
105	 -67.417	7	  12.703	  36.605	   0.726
106	 -63.841	6	  -2.946	   9.108	  19.440
107	 -63.788	5	   6.777	  21.658	  10.725
108	 -62.461	6	  29.207	  26.413	 -22.528
109	 -61.934	6	  41.591	  49.173	 -10.922
110	 -59.981	6	   4.384	  11.664	  22.294
111	 -53.815	5	  43.856	  -2.585	  11.972
112	 -50.510	5	  -7.931	  17.121	  21.368
113	 -49.274	5	 -10.548	  32.605	  12.613
114	 -47.364	4	  19.524	  29.557	  -6.941
115	 -46.874	5	  52.420	  35.807	  10.829
116	 -45.417	4	   6.257	  21.365	   2.283
117	 -44.223	4	  25.779	  56.451	  -5.257
118	 -41.915	4	 -13.270	   3.779	  14.453
119	 -40.656	4	  33.725	  32.240	 -20.372
120	 -40.079	4	 -14.743	  27.988	  -4.480
121	 -39.009	4	  -9.166	  32.442	   2.380
122	 -38.390	4	  46.293	  47.470	   6.957
123	 -37.474	3	  39.321	  24.018	   4.006
124	 -32.027	3	  13.984	   2.535	  11.699
125	 -31.986	3	  37.257	  23.935	  17.006
126	 -31.864	3	   2.353	   3.922	 -16.994
127	 -30.444	2	   1.257	   2.488	  -3.994
128	 -30.178	2	  19.888	  15.387	   3.637
129	 -29.009	3	  18.257	  49.685	  -3.683
130	 -28.882	3	 -22.396	  18.691	  -2.341
131	 -27.511	3	  23.917	  55.358	 -14.991
132	 -26.817	2	  28.778	  12.018	  -9.994
133	 -22.932	2	  52.257	   7.018	  11.511
134	 -19.765	2	  20.174	  43.643	   3.298
135	 -19.367	2	  49.803	  -5.467	   5.491
136	 -19.180	2	  23.791	  51.995	   3.051
137	 -19.151	2	  12.829	  22.446	  17.006
138	 -18.835	2	 -22.216	   6.491	  -5.994
139	 -18.560	2	  55.262	  35.023	   0.022
140	  -9.646	1	 -17.743	  31.018	  15.006
141	  -9.007	1	  22.257	  43.018	 -20.994
