1	-1992.723	185	  30.922	  23.550	  13.807
2	-1883.352	177	  20.981	  26.727	  30.784
3	-1495.736	111	  43.004	  32.533	  14.412
4	-1298.334	121	  25.467	  38.057	  13.572
5	-1006.876	73	   8.945	  33.507	  26.461
6	-1000.274	94	  26.007	  38.088	  29.870
7	-922.052	73	   7.016	  35.605	  34.487
8	-861.298	68	  28.433	  27.899	  17.986
9	-854.487	62	   3.976	  42.047	  41.613
10	-722.388	58	  46.415	  34.725	   4.226
11	-688.648	55	  24.392	  26.636	  24.913
12	-587.508	51	  52.946	  27.364	  32.196
13	-581.741	55	  27.887	  30.874	   8.875
14	-552.323	46	  33.436	  33.188	  -4.522
15	-541.182	46	  -1.156	  25.434	  12.019
16	-524.499	43	  17.930	  38.169	  47.760
17	-518.799	49	  19.397	  19.184	  29.586
18	-490.372	47	  10.322	  38.070	  59.102
19	-448.582	31	  47.510	  38.677	  -1.686
20	-429.726	40	  40.788	  30.333	 -16.055
21	-423.374	39	  23.067	  32.916	  35.382
22	-416.919	36	  26.667	  18.885	  22.211
23	-404.432	40	  25.926	  43.343	  23.118
24	-391.754	38	   6.795	  18.261	  47.291
25	-373.912	35	  19.837	  42.286	  41.550
26	-365.889	34	  61.239	  41.297	   6.041
27	-359.460	33	  30.527	  35.344	  38.399
28	-358.323	33	  51.681	  16.744	  22.869
29	-345.543	30	  25.260	  25.922	  39.662
30	-344.633	30	  42.463	  16.947	  -8.792
31	-342.891	33	  44.917	  13.515	  -0.862
32	-341.669	30	   0.281	  16.380	  23.129
33	-327.302	21	  33.823	  41.314	  17.110
34	-326.277	20	  17.742	  42.310	  24.308
35	-315.887	29	   9.257	  22.935	  54.380
36	-311.144	28	  -8.651	  44.290	  34.450
37	-301.848	25	   7.364	  16.251	  36.799
38	-300.179	27	  20.546	  29.051	   3.559
39	-298.692	27	  32.369	  39.430	   0.024
40	-298.410	25	  47.943	  29.876	  38.544
41	-296.075	25	  43.585	  13.267	   9.904
42	-287.566	27	  53.923	  45.753	  -8.202
43	-286.102	25	  -2.822	  40.118	  21.669
44	-280.626	27	  64.504	  38.238	  -4.088
45	-280.406	24	  67.483	  27.081	  -3.028
46	-275.904	25	  45.334	  47.214	  12.974
47	-275.867	25	 -16.216	  31.281	  46.325
48	-261.511	23	   6.304	  48.858	  26.751
49	-259.146	21	   3.604	  26.586	   5.477
50	-250.425	21	  46.560	  20.153	 -16.387
51	-238.951	24	  -1.621	  15.810	  34.762
52	-237.650	23	  57.542	  40.124	  17.604
53	-224.419	19	  26.574	  22.542	   5.083
54	-217.851	21	  52.953	  13.298	  10.671
55	-216.803	21	   1.577	  51.308	  44.442
56	-214.778	19	  65.701	  31.232	  19.807
57	-214.392	19	 -13.719	  31.726	  22.933
58	-213.773	21	   7.519	   9.993	  18.638
59	-213.292	20	  11.564	  42.858	   4.488
60	-210.874	20	 -16.722	  34.160	  30.501
61	-209.364	20	  21.810	  25.701	  50.851
62	-206.617	19	  51.697	  42.500	  23.833
63	-206.301	18	   5.362	  27.441	  61.179
64	-205.058	20	  58.873	  17.173	   3.083
65	-202.056	18	  -7.839	  42.951	  58.625
66	-200.605	19	  52.863	  18.349	 -12.833
67	-199.583	19	 -14.586	  41.491	  42.610
68	-196.121	19	  43.840	  11.133	  28.691
69	-193.053	19	  -7.337	  20.929	  42.329
70	-186.280	18	  39.314	  33.407	  42.416
71	-185.121	17	  68.020	  33.217	  11.473
72	-183.379	18	  -9.477	  26.927	  53.505
73	-182.270	17	  -1.053	  24.664	  57.570
74	-177.382	17	  61.383	  20.820	  -8.455
75	-176.508	17	   9.433	  51.603	  37.735
76	-176.080	17	  54.622	  12.074	  -0.210
77	-172.662	17	  12.476	  29.113	   0.514
78	-167.255	16	  29.910	  20.188	  -5.753
79	-166.183	15	  36.072	  16.467	  35.343
80	-166.068	16	  34.070	  15.759	  13.062
81	-166.043	16	  36.528	  46.978	  34.307
82	-162.304	15	  15.879	  14.459	  10.763
83	-160.807	16	  16.903	  19.586	  39.930
84	-156.237	15	  41.174	  48.949	   2.973
85	-149.984	15	  32.032	  21.108	  41.102
86	-141.545	14	  49.065	  46.698	  -3.200
87	-140.816	14	  34.518	  52.418	  20.200
88	-136.456	13	  28.493	  26.972	  -8.194
89	-133.636	13	  51.701	  42.684	 -16.819
90	-133.317	12	  -2.744	  16.445	  46.935
91	-131.865	12	  22.131	  36.395	   5.340
92	-131.792	13	  19.371	  50.791	  33.243
93	-130.803	10	  62.919	  23.518	  10.570
94	-129.307	13	 -10.392	  44.199	  49.233
95	-124.932	12	  18.779	  51.171	  17.765
96	-124.873	12	   1.962	  49.704	  56.655
97	-123.025	12	  -8.158	  26.575	  19.801
98	-121.353	12	  42.237	  20.019	  39.679
99	-121.087	12	  34.481	  16.519	   5.532
100	-120.573	11	  23.006	  33.910	  51.473
101	-119.634	12	   9.593	  17.497	   5.479
102	-116.174	11	  59.649	  26.686	  24.298
103	-114.897	10	  20.209	  16.290	  18.811
104	-114.510	11	  44.223	  46.169	  36.476
105	-113.834	11	  20.016	  18.102	   4.427
106	-102.594	9	  32.453	  15.608	  27.160
107	-100.475	10	  15.409	  47.324	   8.252
108	 -97.992	10	  43.129	  51.632	  21.188
109	 -97.619	10	 -12.128	  21.431	  29.873
110	 -94.022	9	  53.708	  45.516	   7.818
111	 -92.384	9	  -6.471	  50.867	  45.396
112	 -92.369	9	  53.835	  38.598	  37.150
113	 -89.324	9	  -2.278	  36.084	   5.033
114	 -88.217	9	   9.922	  52.321	  19.844
115	 -85.111	8	   1.469	  46.009	  15.974
116	 -84.342	7	  51.440	  29.885	 -20.153
117	 -84.013	7	   0.214	  37.584	  62.760
118	 -82.236	8	  32.564	  47.123	   5.681
119	 -76.228	8	  56.807	  36.042	  27.259
120	 -75.569	7	  -2.076	  45.482	  28.415
121	 -73.468	7	  45.474	  35.518	 -18.093
122	 -71.755	5	 -10.539	  26.876	  34.091
123	 -60.122	6	  30.713	  51.191	  11.712
124	 -58.002	6	  -5.337	  34.989	  15.405
125	 -57.561	6	  48.811	  50.337	  30.079
126	 -57.265	6	   9.298	  47.325	  51.073
127	 -56.713	6	   5.003	  50.517	  10.475
128	 -56.453	6	  63.975	  25.846	 -13.769
129	 -53.502	5	  60.397	  40.049	 -15.596
130	 -52.300	5	  39.649	   6.919	  22.004
131	 -48.961	5	  13.087	   7.686	  25.421
132	 -48.608	5	 -10.164	  39.883	  24.208
133	 -47.823	5	  -5.796	  31.846	  62.967
134	 -42.957	4	  -0.161	  49.654	  34.841
135	 -41.170	4	 -13.122	  34.800	  57.289
136	 -39.940	4	  57.598	  23.936	 -18.863
137	 -32.592	3	  60.821	  18.340	  16.596
138	 -32.177	3	  30.651	  46.761	  28.384
139	 -31.603	2	  42.821	  22.150	  24.584
140	 -29.538	3	   4.479	  31.649	  -0.074
141	 -28.906	2	   8.821	  22.052	  20.584
142	 -28.846	3	  42.159	  41.654	  -9.393
143	 -26.776	3	  49.154	  17.321	  33.918
144	 -20.442	2	  18.633	  31.201	  59.678
145	 -19.700	2	   1.296	  44.671	   6.617
146	 -18.657	2	  70.831	  29.654	   5.069
147	 -11.631	1	  53.821	  30.654	   9.584
148	 -11.168	1	   8.821	  44.654	  32.584
149	  -9.005	1	  10.821	  54.654	  30.584
