1	-1850.696	171	  30.691	  24.906	  13.304
2	-1629.784	155	  21.122	  26.327	  31.305
3	-1163.959	113	  25.677	  35.857	  11.520
4	-1109.021	83	   4.227	  40.884	  40.908
5	-1059.317	77	  25.637	  26.683	  22.338
6	-1052.638	77	   8.963	  33.641	  26.484
7	-1052.505	77	  42.651	  32.560	  16.310
8	-997.894	97	  25.911	  37.631	  30.523
9	-871.224	84	  25.876	  41.453	  20.740
10	-820.929	65	  44.253	  32.776	   8.183
11	-808.951	59	  47.412	  37.994	   0.129
12	-633.232	50	   7.906	  35.056	  33.284
13	-576.923	51	  52.918	  27.314	  32.071
14	-546.665	51	  19.414	  19.560	  29.529
15	-541.173	45	  33.353	  33.052	  -4.618
16	-525.342	46	  -1.305	  25.647	  11.976
17	-495.654	40	  17.815	  38.099	  47.793
18	-495.294	46	  32.157	  18.171	  16.274
19	-488.109	45	  41.685	  31.232	 -16.345
20	-465.743	44	   9.758	  38.225	  59.329
21	-442.729	40	  21.831	  32.778	  34.653
22	-441.056	43	   6.885	  17.907	  47.071
23	-416.012	39	  -6.793	  45.278	  33.879
24	-403.340	35	  -2.164	  40.395	  21.169
25	-397.308	36	  20.613	  30.185	   3.665
26	-390.483	35	  -0.033	  16.382	  23.617
27	-370.941	35	  59.990	  42.184	   6.271
28	-370.000	34	  19.696	  42.354	  41.762
29	-355.651	34	  44.701	  13.576	  -0.975
30	-354.432	31	  42.402	  16.963	  -9.053
31	-331.820	32	  56.718	  14.794	   1.180
32	-325.963	27	  25.959	  19.785	  22.616
33	-323.927	29	  51.661	  16.651	  22.840
34	-322.733	31	  -4.965	  18.648	  44.996
35	-307.617	26	  25.145	  25.983	  39.705
36	-307.613	18	  17.794	  42.346	  24.310
37	-299.770	25	   3.764	  26.597	   5.858
38	-299.042	27	  51.580	  42.359	  24.257
39	-298.478	27	  30.970	  19.655	  -5.864
40	-297.474	18	  33.798	  41.395	  17.058
41	-295.648	27	   9.043	  22.985	  54.773
42	-292.938	25	  48.085	  29.686	  38.473
43	-292.372	28	  53.943	  45.789	  -7.983
44	-291.265	27	 -14.603	  31.586	  23.863
45	-285.607	24	  29.633	  30.030	   6.635
46	-279.926	25	  32.240	  39.380	   0.034
47	-273.656	22	   8.125	  16.226	  36.671
48	-273.171	23	  43.441	  13.059	  10.035
49	-272.744	24	 -15.882	  31.670	  46.762
50	-270.618	25	  66.022	  31.069	  19.532
51	-269.845	25	  30.880	  32.388	  39.463
52	-257.482	22	  67.442	  27.014	  -2.975
53	-253.472	23	   6.388	  49.044	  26.809
54	-243.950	24	  52.869	  13.347	  10.534
55	-242.237	24	  -1.161	  15.772	  35.478
56	-234.674	21	  20.554	  24.958	  50.958
57	-234.673	21	  45.133	  47.332	  13.066
58	-234.442	20	  26.581	  22.342	   5.060
59	-231.261	23	  58.415	  39.622	  18.185
60	-224.809	19	  46.509	  20.089	 -16.355
61	-217.178	21	  52.754	  18.084	 -12.563
62	-214.069	21	  44.163	  11.003	  28.574
63	-203.601	20	  60.933	  20.950	  -8.760
64	-202.664	19	  11.265	  42.870	   4.528
65	-197.021	18	  -7.458	  43.288	  58.715
66	-196.501	18	  67.771	  34.010	   9.714
67	-191.443	17	   5.185	  27.219	  60.955
68	-189.275	18	   1.941	  51.216	  44.198
69	-185.981	18	  51.252	  43.138	 -16.243
70	-180.709	18	  39.078	  32.520	  42.808
71	-177.375	16	  36.050	  16.556	  35.306
72	-174.303	17	   9.569	  51.672	  37.740
73	-173.546	17	  -9.919	  26.870	  53.269
74	-167.672	16	   7.123	  10.092	  18.656
75	-166.553	16	 -14.911	  41.283	  42.132
76	-162.135	16	  36.065	  46.901	  34.266
77	-161.664	16	  41.123	  49.012	   2.794
78	-158.849	13	  62.399	  22.388	  10.485
79	-154.402	14	  16.147	  14.534	  10.779
80	-149.400	15	 -10.168	  44.199	  49.410
81	-143.788	14	  12.428	  28.991	   0.536
82	-143.737	14	  33.693	  52.306	  20.161
83	-141.534	14	  31.649	  20.876	  40.873
84	-140.849	12	 -10.722	  24.247	  34.277
85	-140.716	13	  -2.831	  27.985	  60.356
86	-138.143	14	  42.318	  20.306	  39.858
87	-134.759	13	   2.136	  49.618	  56.494
88	-134.389	13	  61.931	  39.638	  -6.434
89	-132.644	13	  20.287	  18.042	   4.454
90	-132.162	12	 -16.253	  35.500	  31.936
91	-131.987	13	  34.528	  16.364	   5.893
92	-130.423	13	  48.817	  46.729	  -3.180
93	-130.361	13	   9.618	  17.510	   5.491
94	-130.321	13	  19.185	  50.841	  33.409
95	-124.840	12	  43.187	  46.055	  36.331
96	-124.263	12	  23.376	  32.501	  50.205
97	-122.915	12	  16.998	  19.645	  40.542
98	-119.375	11	  32.049	  16.067	  27.378
99	-116.956	10	  20.313	  16.360	  18.658
100	-115.892	11	  18.018	  52.153	  19.107
101	-109.787	11	  15.450	  47.104	   8.027
102	-106.171	10	   2.673	  47.858	  14.763
103	-105.686	10	  67.123	  36.715	  -2.102
104	-105.068	10	  29.830	  39.407	  36.882
105	-104.417	10	  -8.126	  26.567	  19.944
106	-103.447	9	  51.146	  29.948	 -20.204
107	-102.165	10	  53.827	  38.958	  36.931
108	 -99.730	10	  43.032	  51.443	  20.801
109	 -96.213	9	  59.886	  27.070	  23.883
110	 -93.561	9	  28.302	  27.865	  -6.942
111	 -90.163	9	  -2.055	  35.773	   4.835
112	 -88.353	7	   0.335	  37.330	  62.622
113	 -82.515	8	  -0.669	  21.998	  55.333
114	 -74.718	7	  -6.409	  50.560	  45.352
115	 -69.261	7	   8.808	  51.383	  19.094
116	 -65.822	6	  22.135	  43.986	  12.075
117	 -62.914	6	  32.335	  46.827	   5.383
118	 -58.900	6	  53.351	  44.144	  12.739
119	 -58.673	6	  14.495	   8.325	  25.621
120	 -58.133	6	 -10.310	  39.718	  24.125
121	 -57.563	6	  46.632	  52.328	  28.244
122	 -57.391	6	  56.637	  36.011	  27.475
123	 -56.435	6	 -13.657	  35.756	  57.401
124	 -54.096	5	  38.370	   7.286	  21.788
125	 -51.205	5	  60.817	  18.649	  16.965
126	 -48.439	5	  -5.178	  35.056	  14.988
127	 -47.358	5	   9.403	  47.659	  51.352
128	 -44.233	3	  42.822	  22.029	  24.353
129	 -40.166	4	  31.324	  51.659	  11.080
130	 -39.467	4	  51.625	  47.120	   5.044
131	 -35.445	3	  60.430	  40.267	 -15.096
132	 -32.877	3	  29.514	  45.351	  28.920
133	 -31.073	3	  57.822	  23.740	 -18.418
134	 -29.197	3	  -9.840	  20.016	  27.887
135	 -29.184	3	  64.822	  27.674	 -13.433
136	 -28.819	3	   4.475	  31.653	  -0.071
137	 -28.576	3	  17.470	  29.422	  58.981
138	 -28.127	3	  33.206	  24.009	 -16.124
139	 -27.948	3	  -0.854	  45.336	   9.273
140	 -27.206	2	   8.822	  22.060	  20.582
141	 -19.336	2	  42.329	  41.659	  -8.911
142	 -18.128	2	   2.822	  42.177	   3.100
143	 -10.165	1	  59.822	  32.659	 -19.418
144	  -9.538	1	  53.822	  30.659	   9.582
