1	-2039.775	186	  31.016	  24.365	  13.582
2	-1796.456	170	  21.053	  26.235	  31.188
3	-1274.864	94	  25.873	  26.259	  22.056
4	-1085.952	78	   8.901	  33.654	  26.547
5	-984.636	71	  42.737	  32.700	  16.348
6	-933.477	89	  25.485	  36.876	  11.667
7	-910.942	88	  26.103	  38.276	  30.078
8	-907.757	73	   6.884	  35.722	  35.058
9	-874.929	64	  47.381	  37.842	   0.314
10	-871.747	85	  25.918	  40.725	  20.920
11	-834.900	67	  44.091	  32.686	   8.276
12	-806.424	57	   4.025	  42.093	  41.929
13	-626.580	58	  28.134	  30.990	   9.263
14	-574.287	52	  22.173	  32.995	  33.748
15	-574.264	50	  53.008	  27.292	  31.891
16	-502.105	43	  -1.107	  25.526	  12.013
17	-497.826	41	  33.277	  33.050	  -4.491
18	-496.800	47	  19.509	  18.927	  29.465
19	-489.208	40	  17.842	  37.879	  47.551
20	-458.266	44	  10.236	  38.331	  59.069
21	-426.771	42	   6.852	  17.834	  47.145
22	-409.650	38	  40.994	  30.475	 -16.094
23	-406.857	39	  52.154	  46.084	  -6.778
24	-373.336	33	   3.884	  27.343	   4.616
25	-363.341	35	  44.721	  13.648	  -1.043
26	-349.390	32	  19.678	  42.418	  41.628
27	-348.428	31	   0.238	  16.327	  23.234
28	-340.963	31	  51.524	  16.655	  22.904
29	-334.193	30	  20.681	  30.678	   3.809
30	-330.213	32	  12.119	  44.182	   5.445
31	-326.139	21	  33.828	  41.494	  17.096
32	-325.844	27	  48.035	  29.358	  38.078
33	-322.950	19	  17.747	  42.349	  24.307
34	-316.326	30	  -4.949	  18.712	  44.925
35	-311.638	30	  56.514	  14.613	   1.068
36	-307.378	26	 -15.636	  31.279	  46.731
37	-303.686	30	  32.053	  16.400	  16.341
38	-296.650	25	  67.298	  27.024	  -3.105
39	-294.941	27	   5.893	  48.685	  26.734
40	-294.139	26	  -2.882	  40.432	  21.905
41	-291.394	24	   8.107	  16.284	  36.313
42	-290.171	25	  45.884	  19.637	 -15.839
43	-287.206	26	  60.153	  41.991	   6.282
44	-282.577	24	  25.142	  25.774	  39.700
45	-281.442	24	  42.240	  16.922	  -8.190
46	-278.903	25	  32.272	  39.318	  -0.095
47	-274.189	23	  43.433	  13.576	   9.702
48	-267.773	26	  54.596	  38.796	  24.010
49	-267.617	25	  65.798	  31.212	  19.718
50	-264.575	23	   9.217	  22.729	  54.362
51	-263.541	24	 -14.417	  31.619	  23.660
52	-260.061	26	  -1.633	  15.611	  34.985
53	-259.838	24	  -9.391	  43.800	  34.938
54	-253.002	23	  30.414	  31.881	  39.658
55	-239.139	21	  45.186	  47.254	  13.146
56	-234.376	23	  52.949	  18.494	 -13.039
57	-216.771	21	  21.739	  25.473	  51.299
58	-211.435	18	  25.793	  18.830	  22.666
59	-210.835	18	  26.275	  22.725	   4.679
60	-206.283	20	  60.730	  20.752	  -8.839
61	-206.016	20	  12.588	  30.211	   0.768
62	-204.078	20	  39.358	  33.460	  42.559
63	-202.901	19	  41.619	  45.803	  36.367
64	-202.138	20	  44.298	  11.190	  28.672
65	-201.801	20	  -8.920	  26.620	  53.642
66	-201.180	18	  -7.661	  43.263	  58.157
67	-191.825	19	  52.907	  13.213	  10.619
68	-190.251	18	   1.354	  51.396	  44.555
69	-186.813	18	   7.267	   9.844	  18.643
70	-185.278	16	   5.425	  27.254	  61.149
71	-182.283	18	  41.144	  48.987	   2.815
72	-180.659	17	  -3.405	  47.059	  32.449
73	-178.902	17	  29.686	  39.406	  36.619
74	-167.177	15	  36.054	  16.594	  35.448
75	-167.167	16	   9.387	  51.293	  37.957
76	-162.571	16	  50.985	  43.002	 -16.427
77	-162.062	15	  16.145	  14.552	  10.692
78	-159.687	16	  34.461	  16.545	   6.181
79	-157.098	15	  29.609	  19.805	  -5.567
80	-155.526	15	  67.182	  36.916	   0.162
81	-154.091	15	 -10.650	  44.172	  47.448
82	-153.418	14	  68.043	  33.002	  10.156
83	-144.184	14	   2.762	  49.353	  56.464
84	-142.593	14	  17.040	  19.447	  40.815
85	-140.005	11	  62.246	  22.629	  10.387
86	-132.873	12	  -2.890	  28.278	  60.546
87	-131.487	13	 -15.990	  40.281	  41.760
88	-129.626	13	  53.894	  45.647	   7.241
89	-129.332	13	  42.269	  20.435	  39.858
90	-128.150	13	  31.406	  21.184	  40.868
91	-124.001	12	  18.769	  51.132	  17.915
92	-121.369	11	 -16.201	  35.403	  31.462
93	-121.134	12	   9.760	  17.347	   5.512
94	-120.866	10	  20.192	  16.168	  18.705
95	-119.151	12	  20.083	  18.330	   3.979
96	-116.533	9	  -8.689	  24.779	  34.934
97	-116.520	11	  23.563	  32.641	  50.215
98	-114.540	11	  34.132	  52.372	  20.223
99	-113.205	11	  31.989	  48.626	   7.506
100	-112.360	11	  -8.222	  26.653	  19.856
101	-112.313	11	  62.208	  39.734	  -5.863
102	-105.615	10	  28.085	  27.337	  -6.906
103	-103.560	9	  31.712	  16.719	  27.326
104	-102.488	8	   0.524	  37.220	  62.593
105	 -99.712	10	  43.212	  51.440	  20.676
106	 -99.692	10	  -1.967	  35.760	   4.680
107	 -97.170	9	  59.981	  27.161	  23.842
108	 -92.453	9	  25.711	  47.570	  20.020
109	 -92.435	9	  -0.318	  21.656	  55.222
110	 -92.245	9	  53.734	  38.703	  37.104
111	 -90.926	8	  50.963	  29.874	 -20.235
112	 -89.926	9	   1.496	  46.279	  15.912
113	 -89.805	9	  10.332	  52.406	  19.828
114	 -82.109	8	  -6.603	  50.344	  45.350
115	 -81.125	8	  35.975	  49.035	  32.271
116	 -79.135	8	  62.054	  39.171	  17.487
117	 -78.527	8	  46.218	  52.132	  28.957
118	 -77.724	7	  54.490	  41.660	  16.153
119	 -75.553	7	  45.702	  35.634	 -18.129
120	 -70.697	7	  39.011	   7.241	  21.446
121	 -70.464	7	  18.934	  49.952	  35.248
122	 -65.516	6	  50.130	  46.819	  24.395
123	 -62.329	6	  60.298	  39.816	 -15.283
124	 -60.861	6	 -12.489	  22.156	  30.266
125	 -59.571	6	  29.366	  45.651	  28.574
126	 -53.185	5	  22.198	  44.073	  11.959
127	 -51.361	5	   5.910	  50.798	  10.918
128	 -50.637	5	  60.805	  18.638	  16.929
129	 -50.568	5	 -13.487	  35.682	  57.293
130	 -48.663	5	  14.417	   7.859	  25.348
131	 -48.649	5	  10.228	  46.640	  50.149
132	 -48.221	5	  -5.180	  35.032	  14.967
133	 -47.993	5	  33.069	  23.665	 -15.502
134	 -41.039	4	  63.616	  26.743	 -14.135
135	 -36.366	4	 -16.686	  29.404	  35.801
136	 -30.971	2	  42.820	  22.155	  24.545
137	 -30.590	3	  19.822	  53.651	  28.543
138	 -30.401	3	  57.526	  24.314	 -18.749
139	 -30.218	3	  41.876	  41.346	  -9.399
140	 -30.028	3	 -10.140	  40.354	  24.567
141	 -19.454	2	   1.317	  44.653	   6.550
142	 -19.064	2	  17.315	  30.651	  60.545
143	 -18.993	2	  51.820	  47.158	  32.038
144	 -16.551	1	   8.820	  21.651	  20.545
145	 -10.761	1	  53.820	  30.651	   9.545
146	 -10.172	1	   8.820	  44.651	  32.545
147	  -8.944	1	  10.820	  54.651	  30.545
