1	-636.750	53	  37.168	  22.433	  35.414
2	-635.834	54	  55.547	  32.107	  27.564
3	-602.035	56	  46.229	  21.094	  33.375
4	-550.519	46	  51.523	  38.888	  49.005
5	-503.139	30	  54.026	  39.238	  39.214
6	-406.586	38	  60.770	  16.741	  36.281
7	-386.694	34	  28.752	  34.295	  47.771
8	-384.601	28	  36.186	  27.985	  55.726
9	-268.783	26	  49.123	  44.763	  45.702
10	-254.660	24	  46.714	  19.337	  58.632
11	-245.715	22	  67.607	  31.936	  39.104
12	-245.713	24	  51.899	  11.564	  41.363
13	-242.715	24	  44.959	  35.377	  26.108
14	-240.866	23	  25.393	  20.173	  44.030
15	-221.994	22	  64.949	  25.084	  53.177
16	-214.828	20	  64.191	  39.361	  33.628
17	-204.745	19	  56.881	  34.321	  53.687
18	-180.763	18	  28.881	  31.482	  33.092
19	-162.778	16	  51.497	  32.114	  59.119
20	-157.687	15	  32.423	  18.588	  40.101
21	-153.727	15	  40.829	  16.029	  39.030
22	-152.129	15	  27.791	  17.059	  53.133
23	-148.025	14	  37.355	  42.587	  39.530
24	-140.216	14	  64.197	  25.272	  32.647
25	-137.857	14	  48.562	  46.613	  34.102
26	-129.679	13	  38.370	  39.893	  57.496
27	-125.820	12	  37.875	  39.113	  31.836
28	-115.944	12	  56.320	  12.161	  47.244
29	-114.058	11	  69.083	  24.714	  45.283
30	 -95.228	10	  44.914	   8.079	  49.522
31	 -79.154	8	  33.983	  12.478	  46.809
32	 -77.999	8	  57.866	  45.341	  30.625
33	 -70.715	7	  39.443	  15.813	  55.175
34	 -61.986	6	  44.205	  29.217	  64.868
35	 -60.805	6	  57.840	  16.903	  27.137
36	 -58.274	6	  66.357	  16.428	  49.169
37	 -46.297	4	  31.831	  30.539	  40.659
38	 -41.571	4	  34.301	  30.935	  25.207
39	 -38.444	4	  58.376	  18.723	  60.934
40	 -37.815	4	  50.882	  10.254	  33.696
41	 -29.648	3	  24.916	  23.148	  56.207
42	 -28.200	3	  40.544	  25.934	  26.207
43	 -18.774	2	  39.367	  43.752	  49.709
44	 -10.052	1	  40.865	  19.254	  47.207
45	  -9.666	1	  48.865	  12.254	  56.207
46	  -9.384	1	  55.865	  48.254	  38.207
