1	-932.669	80	 -11.774	 -34.248	  31.857
2	-870.210	72	  20.849	 -42.769	  42.635
3	-825.054	75	 -14.952	 -21.912	  46.399
4	-701.704	60	  -4.841	 -16.668	  25.549
5	-632.147	57	  -8.153	 -17.201	  58.427
6	-613.741	53	  -2.891	 -35.390	  54.418
7	-550.596	50	  16.975	  -6.011	  44.365
8	-532.277	42	 -12.027	 -32.668	  40.988
9	-477.031	43	 -12.250	 -45.209	  40.810
10	-448.338	41	  20.036	 -28.154	  28.390
11	-447.243	35	   2.582	 -37.997	  24.750
12	-425.709	40	  -5.858	 -44.328	  21.467
13	-417.970	39	  15.476	 -15.087	  26.324
14	-409.735	33	   4.890	  -7.074	  25.600
15	-402.527	36	   5.165	 -28.193	  54.998
16	-385.241	32	  -1.339	 -27.770	  21.496
17	-381.797	36	  22.561	 -21.673	  43.039
18	-367.935	31	   8.734	 -12.095	  56.405
19	-356.614	32	  26.785	 -32.572	  39.516
20	-342.998	32	  17.027	 -18.573	  48.372
21	-342.831	25	  10.759	 -13.750	  41.232
22	-334.832	30	 -11.842	   1.162	  42.255
23	-333.998	31	  -9.776	 -39.441	  48.422
24	-331.204	30	   7.279	 -45.336	  58.226
25	-324.456	29	   4.565	 -53.830	  47.454
26	-324.001	30	  17.342	 -51.732	  35.312
27	-319.982	29	  24.529	 -40.204	  33.040
28	-317.074	28	  15.358	  -3.639	  33.625
29	-316.264	28	   1.112	  -0.985	  40.030
30	-297.601	29	  19.631	 -13.706	  40.728
31	-280.393	25	  12.344	 -31.955	  55.358
32	-278.116	26	 -14.711	 -12.794	  47.349
33	-247.612	24	 -19.892	  -2.569	  36.963
34	-246.442	23	  11.266	 -26.309	  24.695
35	-241.941	18	   8.066	 -29.034	  32.159
36	-227.249	20	  20.198	 -37.861	  26.626
37	-226.081	21	   5.186	 -48.853	  27.034
38	-219.241	21	   6.607	 -56.121	  33.314
39	-208.051	20	  -1.756	 -54.852	  42.084
40	-198.724	20	 -11.676	  -5.368	  28.413
41	-193.545	18	  -6.068	  -0.274	  53.399
42	-188.812	17	 -11.642	 -26.698	  57.026
43	-186.646	18	  11.005	 -24.205	  57.244
44	-178.445	18	  12.086	 -41.432	  23.777
45	-176.799	14	   1.967	  -1.199	  51.912
46	-166.805	17	  -3.589	 -27.465	  59.380
47	-164.544	16	  -4.476	 -54.232	  34.144
48	-159.021	15	  12.565	  -3.819	  54.796
49	-157.434	15	   2.694	 -18.564	  61.327
50	-150.818	14	 -17.418	  -9.439	  39.001
51	-131.953	13	 -17.396	 -23.063	  29.476
52	-128.133	7	   3.185	  -9.523	  51.488
53	-120.568	12	 -10.649	  -7.761	  59.057
54	-119.743	11	  -9.336	 -51.892	  47.866
55	-117.760	11	   7.076	  -0.668	  44.051
56	-110.914	7	  -1.534	 -25.098	  50.824
57	-107.604	7	   5.962	 -38.517	  35.763
58	 -97.599	9	 -11.833	 -43.918	  30.063
59	 -96.868	10	  18.543	 -52.448	  51.066
60	 -91.047	9	  -4.859	 -49.855	  57.556
61	 -90.904	9	   9.269	 -32.785	  22.762
62	 -85.100	8	  -9.071	 -41.621	  58.712
63	 -82.784	8	  -6.040	 -53.419	  25.065
64	 -82.141	8	   4.880	 -21.652	  18.119
65	 -80.012	8	  -1.060	 -42.427	  60.828
66	 -79.762	8	 -15.790	 -45.846	  21.582
67	 -79.196	8	  14.403	 -41.801	  60.286
68	 -70.315	7	 -15.061	  -0.646	  49.140
69	 -70.166	7	   1.361	  -9.547	  60.508
70	 -61.323	6	 -17.722	 -14.140	  33.233
71	 -58.051	6	  -3.141	  -9.272	  25.557
72	 -50.349	5	  22.363	 -12.865	  31.090
73	 -47.389	5	  -5.133	  -0.982	  31.319
74	 -43.083	3	  -5.575	 -17.558	  38.343
75	 -42.925	4	 -11.141	 -35.451	  20.887
76	 -28.413	3	   9.422	  -0.896	  28.806
77	 -27.991	3	  14.390	 -48.568	  23.768
78	 -27.796	3	 -13.227	 -26.533	  21.374
79	 -22.686	2	  -2.451	 -32.558	  38.090
80	 -20.413	2	   9.057	 -13.007	  19.641
81	 -19.750	2	  23.035	 -46.558	  25.046
82	 -19.709	2	  20.057	 -47.558	  58.563
83	 -18.695	2	  16.057	 -59.051	  38.090
84	 -18.367	2	  24.057	 -27.071	  53.090
85	 -16.185	1	   5.057	  -8.558	  42.090
86	  -9.979	1	  22.057	 -44.558	  50.090
87	  -9.913	1	  10.057	 -18.558	  33.090
88	  -9.427	1	  -7.943	 -29.558	  50.090
