1	-838.312	73	  18.341	  17.796	  16.411
2	-764.531	46	   3.693	  16.895	  30.942
3	-654.482	60	  15.532	  31.366	  37.721
4	-598.138	56	  17.573	  44.813	  22.212
5	-543.318	47	  21.720	  14.912	  24.752
6	-511.466	48	  12.136	  17.677	  10.098
7	-465.423	40	  -2.991	  24.343	  25.562
8	-456.601	30	   2.845	  34.593	  11.152
9	-448.861	43	  15.802	  26.666	  -3.538
10	-402.026	37	  32.513	  23.502	  22.644
11	-386.141	34	  16.950	  39.191	   1.485
12	-308.209	28	  -1.653	  46.989	  23.868
13	-300.163	28	  30.378	  27.946	  11.815
14	-287.911	27	  26.398	  34.869	  31.946
15	-276.556	26	  21.340	  14.864	  37.944
16	-275.952	26	  -3.046	  19.828	  17.175
17	-274.393	23	   2.830	  25.248	  38.034
18	-269.272	25	   2.045	  40.173	  37.613
19	-236.852	22	  -7.829	  35.674	  26.128
20	-232.922	22	  32.516	  34.040	  18.800
21	-227.572	23	   3.595	  48.003	  11.881
22	-220.659	21	  -6.211	  39.296	  15.604
23	-210.420	20	   3.509	  32.159	  41.013
24	-206.609	18	  10.020	  37.260	  -1.345
25	-188.831	18	  25.666	  18.198	   6.795
26	-186.756	19	   0.868	  31.623	  -1.959
27	-179.844	17	  11.552	  45.762	  33.500
28	-166.805	15	   3.119	  11.253	  25.140
29	-155.341	15	   6.360	  41.743	   3.478
30	-149.373	14	  -5.524	  30.633	  16.589
31	-148.110	14	  27.462	  32.135	   2.709
32	-143.093	14	  16.505	  10.234	  35.300
33	-138.730	14	  26.181	  45.752	  13.741
34	-132.465	12	  -2.448	  42.159	  29.698
35	-130.246	13	  11.018	  17.969	   0.303
36	-127.535	13	  -0.473	  21.883	   5.760
37	-123.640	12	  10.381	  13.471	  38.053
38	-117.315	8	  10.873	  16.015	  28.225
39	-117.162	12	  30.112	  14.597	  12.553
40	 -96.675	10	  14.648	  47.276	   7.828
41	 -91.241	9	   6.653	  12.086	  14.488
42	 -80.033	8	   3.410	  20.692	  -0.849
43	 -76.689	7	  23.864	  23.321	  -0.073
44	 -72.545	7	  31.043	  40.003	   9.447
45	 -71.706	7	  30.885	  41.901	  25.173
46	 -62.331	6	  -3.415	  30.780	  34.710
47	 -59.294	6	  12.594	  11.148	  20.854
48	 -51.725	5	  24.093	  23.430	  37.902
49	 -49.006	5	  25.392	  41.770	   1.885
50	 -48.210	5	  29.142	  24.425	  32.511
51	 -46.800	5	   7.595	   8.780	  31.080
52	 -41.068	4	   2.004	  48.710	  30.713
53	 -28.808	3	   7.130	  26.463	  -7.119
54	 -20.503	2	  21.787	  43.780	  31.364
55	 -18.850	2	  14.741	  17.780	  43.881
56	 -18.333	2	  30.281	  12.780	  22.375
57	 -17.257	1	  20.787	  24.780	  26.881
58	 -12.012	1	   3.787	  35.780	  20.881
59	  -8.982	1	  10.787	  32.780	 -10.119
