1	-661.641	60	  -4.945	  20.924	  33.633
2	-529.194	47	   4.622	  32.211	  27.385
3	-518.332	44	   0.682	  38.899	  49.263
4	-460.290	33	 -14.385	  28.124	  55.319
5	-371.975	35	  10.393	  17.648	  36.282
6	-343.264	32	   0.535	  11.688	  41.841
7	-337.742	32	 -22.912	  34.189	  47.976
8	-328.089	29	  16.446	  30.905	  38.371
9	-313.459	30	  -6.035	  35.238	  26.413
10	-310.700	18	   3.268	  38.866	  39.219
11	-308.975	30	  -2.446	  44.939	  45.511
12	-260.188	21	 -11.062	  23.254	  37.673
13	-248.920	23	  12.995	  39.153	  34.582
14	-246.848	23	 -23.791	  18.821	  42.463
15	-228.021	21	 -16.790	  22.854	  32.053
16	-227.009	23	 -22.986	  31.055	  33.710
17	-226.102	22	 -15.618	  17.065	  39.927
18	-189.992	18	   4.182	  31.584	  56.523
19	-183.889	17	  -4.509	  18.988	  58.445
20	-171.961	17	  14.345	  25.839	  52.238
21	-167.183	16	 -13.044	  39.281	  31.683
22	-154.293	15	  -2.918	  35.114	  59.167
23	-142.494	14	  -3.603	  46.715	  35.745
24	-127.493	13	 -28.325	  24.690	  41.806
25	-110.049	10	 -13.828	  42.262	  40.229
26	-109.514	11	 -14.111	  39.083	  57.398
27	 -99.041	10	  -5.984	   7.992	  49.010
28	 -94.464	10	   5.023	  12.383	  48.953
29	 -92.656	9	  13.262	  26.290	  32.564
30	 -92.611	8	  17.742	  25.009	  45.318
31	 -92.177	9	 -17.926	  12.503	  47.990
32	 -69.822	7	 -26.677	  22.785	  55.608
33	 -68.656	7	   6.152	  16.423	  27.644
34	 -63.354	6	  -7.865	  28.932	  64.551
35	 -59.857	6	  15.730	  16.839	  49.145
36	 -52.238	5	 -11.455	  16.305	  55.585
37	 -49.571	5	 -18.028	  30.664	  25.382
38	 -46.147	5	  18.526	  33.879	  44.995
39	 -39.264	4	   7.233	  45.799	  31.764
40	 -38.851	4	 -22.240	  16.767	  53.945
41	 -29.064	3	   5.882	  23.005	  60.758
42	 -28.444	3	   3.338	  48.287	  38.845
43	 -26.977	3	 -12.279	  24.955	  26.197
44	 -25.332	2	 -19.872	  30.880	  40.605
45	 -19.079	2	   6.106	  15.771	  58.682
46	  -9.929	1	   0.721	  39.287	  23.198
47	  -9.885	1	  11.721	  22.287	  22.198
48	  -9.745	1	 -22.279	  40.287	  41.198
49	  -9.495	1	  12.721	  42.287	  48.198
50	  -9.267	1	   1.721	  11.287	  31.198
51	  -9.207	1	   3.721	  23.287	  20.198
