1	-777.096	58	 -37.968	 -30.683	  40.894
2	-635.655	56	 -50.472	 -37.672	  30.446
3	-599.023	54	 -59.699	 -32.673	  38.111
4	-563.092	53	 -30.050	 -30.367	  34.561
5	-560.406	38	 -40.086	 -25.137	  18.556
6	-537.254	49	 -34.058	 -26.974	  46.909
7	-517.045	29	 -48.569	 -37.487	  41.037
8	-458.988	40	 -44.764	  -3.961	  32.042
9	-453.388	39	 -54.489	 -22.569	  44.329
10	-399.561	36	 -33.223	 -13.405	  50.268
11	-369.998	33	 -64.969	 -21.601	  33.244
12	-323.573	32	 -21.700	 -23.002	  40.089
13	-320.480	29	 -44.215	  -8.067	  22.156
14	-320.125	29	 -42.246	 -40.617	  29.581
15	-310.463	27	 -59.173	 -22.597	  20.206
16	-302.486	28	 -32.571	  -5.444	  40.268
17	-301.449	29	 -48.895	 -35.879	  52.250
18	-300.656	29	 -43.949	  -8.576	  46.524
19	-277.021	25	 -46.804	 -34.223	  19.581
20	-274.443	25	 -46.879	 -27.609	  56.614
21	-274.230	24	 -59.326	 -11.779	  30.753
22	-263.559	25	 -41.638	 -41.989	  40.032
23	-254.836	24	 -26.769	 -30.288	  24.486
24	-251.850	24	 -30.575	 -36.612	  40.778
25	-238.643	23	 -50.068	  -7.360	  41.708
26	-237.733	22	 -29.558	 -17.792	  14.483
27	-235.576	23	 -46.199	 -14.714	  13.351
28	-225.931	22	 -37.367	  -2.445	  28.981
29	-204.433	20	 -32.659	 -41.099	  27.123
30	-188.100	19	 -62.855	 -23.717	  42.620
31	-177.811	16	 -17.970	 -20.337	  32.775
32	-174.850	17	 -36.536	 -17.015	  11.959
33	-168.497	10	 -43.276	 -33.795	  44.692
34	-166.972	16	 -49.847	 -27.883	  13.620
35	-160.081	15	 -56.216	 -33.621	  21.720
36	-139.387	13	 -57.196	 -15.423	  42.518
37	-131.950	13	 -35.944	  -7.644	  16.708
38	-128.947	13	 -21.861	 -21.289	  48.033
39	-122.387	12	 -57.035	 -16.290	  16.658
40	-111.425	10	 -21.884	 -10.746	  28.857
41	-105.682	10	 -25.689	 -12.703	  21.040
42	-105.649	10	 -25.725	 -11.339	  39.224
43	 -90.236	9	 -46.883	 -17.504	  53.450
44	 -72.169	7	 -22.285	 -24.135	  24.177
45	 -60.327	6	 -64.834	 -30.092	  27.408
46	 -58.462	6	 -64.398	 -16.806	  39.289
47	 -56.735	6	 -38.541	 -29.228	  55.156
48	 -51.878	5	 -69.045	 -27.425	  36.324
49	 -49.644	5	 -29.097	 -44.248	  36.943
50	 -47.982	2	 -42.045	 -19.896	  45.321
51	 -47.243	5	 -29.484	  -3.445	  24.922
52	 -45.985	5	 -31.244	 -28.860	  12.125
53	 -40.884	4	 -20.593	 -29.995	  30.824
54	 -30.815	3	 -55.879	 -10.571	  20.805
55	 -30.376	3	 -63.256	 -16.747	  23.227
56	 -27.954	2	 -35.472	 -26.445	  29.321
57	 -20.018	2	 -56.550	 -20.954	   9.823
58	 -19.235	2	 -51.579	  -3.979	  27.389
59	 -18.842	2	 -35.069	 -33.397	  16.297
60	 -18.778	2	 -39.529	   4.555	  36.321
61	 -18.461	1	 -48.045	 -24.445	  25.321
62	 -10.570	1	 -35.045	 -19.445	  57.321
63	  -9.769	1	 -22.045	 -37.445	  35.321
64	  -9.576	1	 -57.045	 -42.445	  35.321
65	  -9.196	1	 -39.045	 -39.445	  21.321
