1	-1148.226	87	  62.518	  89.289	  74.435
2	-711.217	61	  78.227	  94.056	  81.001
3	-680.205	55	  53.264	 100.512	  82.984
4	-603.245	48	  53.137	  83.148	  67.212
5	-515.125	37	  60.538	  67.005	  90.228
6	-459.728	43	  44.566	  90.350	  83.960
7	-426.045	42	  82.717	  99.670	  61.544
8	-424.138	38	  50.671	 107.727	  73.181
9	-422.240	39	  52.643	 110.023	  59.327
10	-386.751	35	  72.392	 107.886	  77.823
11	-382.778	31	  57.696	 107.823	  76.732
12	-362.536	32	  69.822	 106.344	  50.580
13	-354.914	30	  76.376	 113.819	  70.391
14	-350.037	24	  50.414	  91.625	  77.383
15	-330.065	25	  63.638	 111.960	  71.968
16	-325.289	31	  32.900	  90.427	  69.549
17	-325.141	27	  45.734	  98.684	  74.642
18	-307.024	28	  42.419	  82.909	  63.803
19	-270.365	26	  45.045	  80.092	  74.450
20	-269.244	24	  74.546	  89.461	  91.890
21	-266.518	26	  38.443	 100.884	  61.511
22	-263.597	25	  62.807	  88.550	 100.947
23	-261.813	26	  73.810	  94.642	  53.651
24	-255.565	25	  50.932	  67.546	  90.947
25	-248.332	24	  75.030	  73.211	  96.666
26	-243.356	23	  43.487	  79.619	  88.915
27	-238.735	23	  81.629	 110.853	  56.228
28	-228.008	21	  68.790	 117.468	  66.711
29	-218.431	20	  86.425	  97.751	  71.844
30	-208.820	21	  73.510	  74.350	  87.857
31	-205.804	20	  60.804	  73.162	  74.143
32	-204.084	20	  58.408	  70.422	  98.909
33	-199.383	19	  79.300	 103.211	  80.188
34	-188.712	18	  82.232	 109.607	  69.932
35	-181.703	18	  48.821	  78.567	  98.917
36	-170.117	16	  72.964	  89.601	  61.070
37	-163.613	15	  59.300	  86.030	  55.869
38	-161.020	16	  50.426	  86.533	  54.994
39	-150.858	14	  64.240	  84.893	  66.906
40	-149.605	15	  52.392	  91.377	 103.130
41	-142.651	14	  67.269	  66.387	  97.159
42	-139.355	13	  52.554	  97.253	  48.597
43	-133.915	13	  77.332	  85.008	  86.079
44	-132.351	13	  69.822	 105.339	  94.679
45	-126.844	12	  36.265	  92.178	  58.429
46	-125.254	12	  63.283	 113.466	  56.822
47	-115.217	11	  45.571	  70.953	  81.868
48	-113.023	11	  56.477	 102.109	  91.956
49	-112.591	11	  38.215	  89.732	  77.159
50	-111.871	11	  64.857	 110.703	  86.056
51	-111.364	11	  69.217	  78.421	  73.329
52	-110.358	11	  47.640	  88.886	  97.990
53	-106.831	11	  66.406	  69.110	  82.358
54	 -97.857	9	  62.710	  98.867	  97.908
55	 -89.486	8	  65.638	  97.846	  49.591
56	 -89.463	9	  49.632	  82.906	 105.713
57	 -83.580	8	  74.903	 108.113	  85.601
58	 -69.458	7	  80.879	  90.960	  68.698
59	 -68.623	7	  55.492	 114.857	  72.264
60	 -58.673	6	  77.551	 106.022	  49.429
61	 -58.639	6	  58.934	 103.006	  48.313
62	 -58.441	6	  71.111	 112.752	  53.643
63	 -40.982	4	  48.654	 103.662	  52.655
64	 -39.078	2	  65.220	  85.699	  80.429
65	 -37.849	4	  72.691	  80.497	 103.148
66	 -37.662	4	  58.911	  91.685	  48.194
67	 -33.157	3	  75.269	  86.699	  73.149
68	 -31.385	3	  42.345	  92.032	  52.091
69	 -30.917	3	  74.331	 118.385	  60.429
70	 -30.361	3	  83.564	 100.406	  49.722
71	 -30.167	3	  50.654	  68.708	  75.420
72	 -30.019	3	  38.977	  83.050	  72.106
73	 -28.790	3	  58.955	  79.635	 104.727
74	 -28.320	3	  40.336	 103.338	  70.111
75	 -27.985	3	  56.001	 108.043	  84.763
76	 -27.718	3	  34.305	  83.037	  64.766
77	 -20.520	2	  66.884	  75.141	 101.987
78	 -20.408	2	  77.739	  99.072	  92.174
79	 -20.256	2	  54.191	  65.310	  81.281
80	 -12.261	1	  60.654	 100.699	  66.429
81	 -10.150	1	  65.654	  89.699	  51.429
82	  -9.513	1	  35.654	  98.699	  79.429
83	  -9.486	1	  78.654	  80.699	  93.429
84	  -8.940	1	  40.654	 107.699	  63.429
