1	-711.157	64	   6.784	  13.341	  12.976
2	-564.041	49	   4.834	 -13.732	   2.009
3	-522.330	46	   0.800	   8.918	   6.750
4	-389.618	24	  11.039	   1.442	  10.551
5	-379.016	36	  14.085	  11.658	  16.951
6	-374.223	35	  14.117	   5.575	  26.101
7	-331.709	31	  16.068	  -5.966	  17.206
8	-321.234	30	  12.040	  16.506	  -2.068
9	-265.694	26	   8.375	  -3.584	 -12.649
10	-265.619	23	  -7.292	  -0.251	   4.005
11	-208.472	19	   2.733	   4.593	  29.425
12	-208.302	20	  14.231	 -17.511	   5.661
13	-200.707	20	   8.960	  -8.882	  23.134
14	-200.700	18	  -5.265	 -14.414	  16.533
15	-186.161	17	  19.799	   4.096	  11.409
16	-183.146	18	  -7.816	  -6.511	  22.978
17	-179.544	18	  11.395	   8.367	 -10.861
18	-177.332	17	   3.507	  14.083	  -2.900
19	-165.910	16	 -11.298	  -4.253	  16.778
20	-165.777	16	  -1.275	  -4.439	  -6.285
21	-164.637	16	  -5.094	 -13.026	   5.938
22	-159.442	16	  24.310	   8.098	  -2.387
23	-154.083	15	  18.683	  -9.756	  -4.096
24	-152.067	14	  18.039	   0.792	 -11.442
25	-148.333	14	  -8.855	   5.096	  22.239
26	-127.572	13	  20.643	  -7.730	   8.247
27	-119.062	12	   5.232	 -17.306	  19.191
28	 -98.388	9	   1.553	   5.297	  -7.723
29	 -82.092	8	  10.766	  18.610	   7.384
30	 -81.762	8	  20.469	  12.957	  10.830
31	 -78.441	7	  -2.749	  14.573	  15.438
32	 -60.967	6	  23.892	   1.275	   5.768
33	 -60.578	6	  -5.243	 -12.308	  29.026
34	 -58.842	6	  -3.774	   8.856	  26.380
35	 -49.447	5	  11.094	 -12.940	  -6.087
36	 -39.753	4	   3.876	 -18.993	  10.704
37	 -28.122	3	  26.770	  -0.324	  -7.263
38	 -19.771	2	  24.101	   8.507	 -10.273
39	 -18.164	2	  -9.428	   9.517	  13.275
40	 -10.270	1	   1.101	  -6.993	  29.727
41	  -9.049	1	 -12.899	   1.007	  10.727
