1	-1070.310	87	   5.880	  23.237	  17.760
2	-529.035	50	   5.942	  32.505	  13.061
3	-490.469	43	  -2.789	  16.933	  21.000
4	-489.581	43	 -11.118	  18.213	   5.054
5	-486.695	44	   4.563	  28.254	  -0.383
6	-433.965	38	  -0.941	  36.129	   1.514
7	-365.111	29	   6.895	  19.905	  26.341
8	-358.256	32	  -9.557	  23.870	  16.149
9	-355.979	32	   4.990	  13.277	  22.438
10	-327.330	29	   6.576	   2.157	  14.036
11	-323.796	30	   0.225	   0.489	   4.229
12	-265.812	25	  16.953	   8.836	  12.961
13	-243.364	24	   3.668	   3.983	  21.510
14	-221.790	21	   7.954	  18.333	  -1.753
15	-209.014	18	  -9.853	  28.473	  -1.147
16	-194.917	19	  10.292	   7.235	   3.251
17	-162.391	16	  -2.934	  16.891	  -2.343
18	-148.909	15	  -8.853	  32.812	  11.286
19	-147.975	14	   6.015	  28.961	  26.981
20	-147.306	15	   0.584	  36.855	  10.921
21	-135.997	13	  14.852	  27.194	  25.722
22	-118.029	11	  11.730	  32.895	   8.079
23	-104.434	10	  17.288	  32.628	  16.254
24	 -99.573	10	  14.660	  21.885	   0.603
25	 -97.521	10	  -9.184	   3.899	  10.666
26	 -89.204	8	  15.819	  17.449	  23.475
27	 -81.780	8	  20.375	  23.122	  12.781
28	 -70.287	7	  12.832	  10.150	  25.548
29	 -64.174	6	  12.188	   3.551	  21.585
30	 -58.715	6	   0.434	  31.512	  18.825
31	 -56.261	6	 -12.116	  10.366	  18.148
32	 -41.708	4	   4.658	   9.905	  -1.882
33	 -38.571	4	 -15.348	  29.879	   7.918
34	 -29.703	3	  -6.355	   5.441	  23.165
35	  -9.210	1	 -13.073	  11.154	   7.878
