1	-2532.196	208	  53.215	  31.636	  17.587
2	-2213.826	151	  53.186	  59.182	  23.740
3	-2174.116	182	  53.208	  48.471	  21.460
4	-1821.731	117	  53.155	  20.933	  15.370
5	-1647.393	151	  68.149	  28.709	  43.479
6	-1576.739	149	  23.719	  34.520	  18.156
7	-1544.796	140	  37.015	  42.074	  45.803
8	-1482.853	140	  67.962	  39.540	  -6.495
9	-1471.544	125	  63.750	  36.098	   7.684
10	-1324.313	114	  48.772	  44.633	  35.260
11	-1313.609	111	  42.849	  50.517	  10.605
12	-1261.937	108	  38.962	  34.407	  14.219
13	-1199.003	107	  82.707	  47.465	  23.662
14	-1174.923	99	  67.726	  48.624	  17.886
15	-1062.135	79	  38.444	  24.003	  35.401
16	-1053.471	76	  77.015	  27.681	  19.916
17	-1048.809	78	  63.078	  58.011	   1.067
18	-933.570	81	  59.524	  41.775	  38.611
19	-918.287	81	  38.544	  54.079	  -3.749
20	-873.072	65	  44.477	  31.496	  -5.838
21	-854.315	76	  60.763	  32.857	  33.485
22	-853.712	63	  29.156	  53.941	  25.885
23	-851.332	72	  53.461	  69.279	  -5.984
24	-777.798	69	  79.670	  15.239	  30.203
25	-765.994	69	  79.446	  59.367	  39.862
26	-761.332	67	  30.603	  53.366	  47.883
27	-749.769	71	  82.143	  46.307	  16.502
28	-749.528	65	  85.902	  57.151	  31.090
29	-746.559	66	  25.988	  59.372	  39.211
30	-728.556	63	  53.235	  39.986	  19.483
31	-726.437	53	  65.935	  46.447	  40.801
32	-717.314	65	  19.783	  22.811	  20.877
33	-709.634	64	  83.438	  34.028	  35.455
34	-679.586	58	  70.178	  35.308	  15.672
35	-669.307	59	  76.292	  41.785	  20.065
36	-664.156	59	  75.180	  17.421	  40.628
37	-661.562	62	  42.836	  35.547	  39.365
38	-659.577	56	  55.185	  29.206	  31.583
39	-614.491	56	  41.512	  64.701	  -7.846
40	-612.123	56	  81.758	  40.097	  40.131
41	-575.825	53	  42.542	  25.402	 -13.062
42	-559.549	50	  65.855	  30.174	 -14.900
43	-554.354	51	  65.390	  45.323	   1.462
44	-549.829	51	  64.579	  68.521	  -2.737
45	-549.554	52	  53.213	  47.710	 -13.831
46	-530.866	44	  70.030	  53.380	  42.525
47	-516.735	47	  36.402	  40.492	  -9.324
48	-507.460	44	  42.385	  37.568	   6.227
49	-504.981	46	  34.412	  14.497	  37.741
50	-504.631	46	  83.217	  18.186	  19.481
51	-499.190	34	  44.845	  57.856	  18.667
52	-487.941	35	  46.625	  14.194	  15.063
53	-485.843	39	  41.106	  39.043	  -0.841
54	-483.052	32	  52.734	  22.517	  25.818
55	-478.216	42	  26.543	  14.784	  31.818
56	-477.146	42	  50.390	  24.930	 -16.785
57	-461.683	29	  44.835	  25.778	  10.985
58	-460.709	42	  36.689	  48.792	   0.990
59	-457.515	42	  48.776	  32.041	  33.462
60	-453.601	35	  30.232	  46.705	  19.759
61	-450.279	30	  53.491	  54.361	  32.646
62	-442.992	35	  20.392	  49.944	  21.558
63	-440.986	28	  61.877	  25.547	  11.752
64	-440.202	42	  21.936	  39.978	  34.752
65	-439.896	40	  64.515	  48.753	   8.965
66	-438.937	39	  24.221	  31.758	  37.985
67	-432.573	28	  61.736	  57.743	  18.253
68	-432.486	39	  23.555	  61.392	  27.920
69	-425.074	39	  63.015	  69.383	  45.558
70	-424.932	38	  32.715	  74.099	  26.191
71	-417.015	38	  31.316	  38.750	  19.852
72	-414.076	38	  45.782	  39.487	  44.927
73	-409.418	29	  57.241	  13.703	  18.929
74	-409.086	37	  43.208	   3.767	  30.709
75	-406.516	36	  86.030	  33.545	  16.946
76	-400.957	36	  64.369	  77.540	  10.350
77	-396.055	37	  59.300	  26.013	 -14.374
78	-394.021	38	  52.572	  71.275	   2.327
79	-393.488	35	  71.281	  55.780	  49.957
80	-393.361	29	  60.555	  66.635	  27.259
81	-381.401	28	  55.462	  16.157	   8.237
82	-380.153	36	  76.078	  48.807	   5.089
83	-373.332	34	  41.635	  11.583	  -5.342
84	-370.996	33	  73.842	   7.900	  12.216
85	-370.316	35	  28.385	  47.861	   9.586
86	-363.769	30	  38.755	  27.408	  45.683
87	-359.561	35	  20.671	  13.401	   9.346
88	-356.075	31	  57.343	  53.432	 -13.087
89	-352.454	33	  41.755	  51.315	 -10.596
90	-351.396	23	  51.055	  67.922	  19.252
91	-350.485	32	  23.553	  17.457	  25.499
92	-343.940	30	  33.550	  11.862	  15.404
93	-340.631	33	  34.155	  75.275	   0.300
94	-338.558	32	  30.455	  74.951	  13.046
95	-335.696	31	  76.196	  12.440	  -0.428
96	-332.598	25	  48.923	  65.537	  30.470
97	-328.589	31	  77.593	  74.269	  14.476
98	-313.494	31	  30.685	  39.967	   1.993
99	-313.014	31	  72.753	  17.938	 -12.085
100	-312.317	30	  75.739	  39.053	  10.769
101	-311.331	28	  44.132	  46.347	   1.536
102	-310.873	29	  29.731	  13.214	  -0.917
103	-306.165	26	  62.853	  62.280	  54.033
104	-300.460	29	  88.154	  51.482	  40.006
105	-287.247	27	  31.551	  13.365	  23.977
106	-284.528	27	  53.526	  65.623	  52.826
107	-275.591	23	  45.978	  73.469	   8.747
108	-268.451	22	  32.978	  17.743	  -8.658
109	-266.094	22	  68.605	  42.102	  49.943
110	-262.585	25	  33.041	  63.115	  37.662
111	-256.002	21	  71.034	  54.590	  -3.551
112	-254.853	21	  74.092	  73.300	   3.891
113	-253.784	23	  52.499	   4.293	  39.236
114	-253.522	24	  37.745	  46.614	  17.042
115	-250.443	24	  18.706	  24.501	  34.314
116	-249.343	21	  43.670	   6.593	  41.762
117	-245.642	23	  63.514	  10.068	  20.480
118	-240.855	24	  86.484	  69.149	  22.444
119	-237.438	22	  59.722	  30.728	  43.677
120	-236.447	23	  64.450	   4.967	  40.339
121	-226.706	21	  71.677	  39.960	   0.571
122	-220.855	22	  72.501	  64.377	  37.128
123	-214.538	20	  54.481	  14.696	   0.421
124	-211.990	20	  55.907	  39.999	  51.167
125	-211.379	17	  23.579	  70.269	  19.861
126	-208.913	17	  83.075	  14.299	   7.182
127	-205.843	20	  49.967	  28.392	  48.395
128	-195.720	19	  61.914	  18.838	  51.210
129	-195.180	18	  28.525	  37.696	  11.880
130	-192.677	19	  43.758	  47.355	  57.167
131	-192.275	19	  86.268	  24.636	  36.356
132	-190.738	17	  67.542	  57.485	 -12.263
133	-186.919	18	  81.424	  37.572	   5.979
134	-184.557	18	  17.084	  65.529	  13.647
135	-176.203	16	  52.362	  72.438	  13.582
136	-172.290	15	  41.632	  66.645	  41.849
137	-172.091	16	  42.848	  73.486	  -1.413
138	-170.681	16	  53.898	  19.399	  -8.297
139	-169.897	16	  29.810	  27.786	  46.601
140	-164.128	15	  20.906	  44.592	  17.754
141	-163.742	14	  72.838	  69.118	  28.470
142	-162.956	15	  63.431	  54.536	  60.386
143	-161.097	16	  79.483	  35.207	  -6.699
144	-158.114	15	  64.992	   7.527	  47.787
145	-157.046	15	  72.750	  12.230	  25.431
146	-152.609	13	  64.237	   8.250	  28.938
147	-152.450	15	  88.754	  57.347	  13.331
148	-150.480	15	  20.480	  24.130	  -4.707
149	-148.968	13	  61.315	  15.493	  -3.840
150	-146.950	15	  56.024	  62.086	 -15.797
151	-144.428	14	  90.996	  28.524	  23.066
152	-135.795	13	  70.788	   9.243	  36.798
153	-132.515	13	  54.978	  53.375	  61.825
154	-131.235	13	  27.454	  61.525	  -2.205
155	-130.791	13	  87.580	  23.370	  -1.637
156	-130.214	13	  20.011	  48.301	  41.227
157	-128.112	13	  50.493	  73.013	  38.981
158	-127.794	12	  51.257	  12.024	  52.419
159	-127.507	12	  55.866	  73.906	  22.564
160	-126.898	12	  90.236	  20.297	   6.649
161	-126.365	12	  40.554	  67.927	  33.688
162	-126.029	12	  57.839	   8.797	  11.623
163	-126.021	12	  86.479	  16.277	  37.463
164	-122.440	12	  76.733	  41.325	  50.326
165	-122.415	12	  18.802	  26.764	   4.822
166	-122.365	11	  89.276	  34.088	  28.619
167	-119.650	10	  47.327	  40.639	 -18.420
168	-118.201	12	  50.998	  68.747	 -14.369
169	-114.548	11	  80.053	  67.221	  30.508
170	-114.532	11	  50.073	   9.433	   8.847
171	-112.200	11	  61.588	   8.283	   3.082
172	-110.976	10	  82.616	  68.333	   0.620
173	-110.289	11	  90.332	  25.400	  14.846
174	-109.550	11	  38.662	  59.491	  58.060
175	-108.032	11	  41.434	  64.599	  53.035
176	-107.593	11	  40.869	   7.035	   9.518
177	-106.167	10	  38.974	  37.551	 -17.241
178	-102.750	10	  26.864	  24.792	 -12.186
179	-101.732	10	  87.022	  65.127	   6.383
180	-101.652	10	  64.923	  45.346	 -13.017
181	-100.676	10	  16.804	  43.286	  29.248
182	 -99.506	7	  49.001	  24.238	  40.616
183	 -97.306	6	  37.446	  50.630	  43.652
184	 -96.692	10	  44.709	  77.897	  18.242
185	 -96.308	9	  63.050	  18.831	 -11.349
186	 -92.488	6	  30.744	  54.388	  13.505
187	 -91.205	8	  80.821	  18.519	  -3.724
188	 -91.084	9	  20.851	  66.477	   4.907
189	 -91.076	9	  69.874	  49.334	  55.944
190	 -87.028	8	  54.713	  71.625	  31.824
191	 -84.538	8	  50.996	   7.633	  17.214
192	 -83.428	5	  42.685	  60.084	  -0.548
193	 -81.570	8	  35.781	  63.912	  46.080
194	 -81.390	8	  16.250	  57.015	  21.391
195	 -80.889	8	  40.223	  10.477	  20.191
196	 -79.849	8	  24.019	  33.756	  -7.572
197	 -78.833	8	  65.067	  75.485	  24.922
198	 -77.022	7	  48.380	  73.053	  25.766
199	 -75.343	5	  34.385	  33.069	   2.006
200	 -75.016	8	  53.721	  38.113	 -20.918
201	 -72.433	7	  25.290	  12.433	  17.249
202	 -71.841	7	  66.258	  68.118	  33.263
203	 -71.517	7	  42.252	  11.766	  51.060
204	 -68.746	7	  80.081	  51.118	  52.598
205	 -68.146	7	  14.533	  51.481	  35.119
206	 -67.095	5	  52.874	  45.540	  -1.260
207	 -66.952	7	  74.651	  62.962	  -6.730
208	 -66.686	6	  20.231	  56.477	  45.694
209	 -63.177	6	  82.510	  58.838	  -1.853
210	 -62.819	6	  22.485	  23.563	  41.331
211	 -59.241	6	  69.085	  82.238	  17.858
212	 -58.372	4	  76.047	  31.107	   8.868
213	 -57.968	6	  33.595	  31.922	 -14.780
214	 -57.845	6	  81.256	  26.929	  -8.277
215	 -57.833	4	  26.681	  25.358	  18.799
216	 -57.384	6	  18.746	  33.926	   7.561
217	 -51.762	5	  89.846	  30.345	   5.725
218	 -51.030	5	  55.590	   2.469	  23.977
219	 -49.717	5	  57.358	  28.699	 -22.717
220	 -48.869	5	  17.444	  56.766	   8.944
221	 -47.900	3	  68.386	  21.934	  37.713
222	 -47.465	5	  36.635	  18.190	  49.098
223	 -46.255	5	  55.657	  75.563	  47.721
224	 -42.020	4	  50.744	  -2.460	  29.958
225	 -41.503	3	  71.551	  38.384	  30.097
226	 -41.239	3	  72.478	  55.768	   7.071
227	 -39.133	4	  37.479	   3.783	   0.226
228	 -37.543	2	  64.250	  30.768	  -7.812
229	 -36.992	4	  57.242	  45.016	  60.202
230	 -32.510	3	  45.927	  41.835	  15.323
231	 -32.405	2	  53.413	  43.241	   7.713
232	 -31.713	2	  56.710	  46.768	  46.173
233	 -30.698	3	  61.658	   1.162	  32.232
234	 -30.672	3	  44.567	  21.376	  52.713
235	 -29.364	3	  44.887	  71.085	  49.981
236	 -28.598	3	  70.900	   3.418	   3.674
237	 -28.367	3	  86.242	  51.099	   9.374
238	 -27.820	3	  57.590	  26.092	  51.713
239	 -27.622	2	  52.755	  39.263	  27.713
240	 -27.274	2	  34.738	  38.768	  29.713
241	 -24.695	2	  60.250	  41.208	  15.153
242	 -21.306	2	  77.250	  75.768	  25.142
243	 -20.579	2	  35.795	  81.768	  20.713
244	 -20.219	2	  60.739	  73.773	 -14.287
245	 -20.199	2	  17.250	  16.261	  31.713
246	 -19.989	2	  36.174	  50.459	  57.713
247	 -19.526	2	  27.203	  51.815	   0.736
248	 -19.486	2	  47.250	  39.384	  52.867
249	 -19.155	2	  88.250	  41.768	  31.221
250	 -18.529	2	  14.253	  61.771	  38.220
251	 -18.497	2	  68.250	   9.768	  -6.774
252	 -18.233	2	  46.753	  27.769	 -25.788
253	 -13.833	1	  41.250	  39.768	  22.713
254	 -11.859	1	  39.250	  79.768	   8.713
255	 -11.456	1	  29.250	   6.768	   8.713
256	 -10.177	1	  22.250	  11.768	  41.713
257	  -9.979	1	  92.250	  14.768	  26.713
258	  -9.491	1	  53.250	   5.768	  46.713
259	  -9.101	1	  73.250	  23.768	 -18.287
260	  -8.958	1	  17.250	  17.768	   3.713
