1	-1031.392	90	  46.716	  90.466	  22.965
2	-927.247	80	  30.476	  88.494	  20.108
3	-831.618	66	  42.972	 108.200	  12.274
4	-746.014	69	   8.084	  86.831	  12.584
5	-705.304	64	  34.710	 129.100	  18.986
6	-661.372	63	  43.673	  97.866	  25.341
7	-661.272	56	  32.809	  94.137	  49.132
8	-639.406	58	  17.026	  91.942	  18.680
9	-553.556	46	  23.537	 111.480	  26.068
10	-542.877	48	  29.410	  93.972	 -10.846
11	-533.212	50	  45.649	 102.740	  33.824
12	-511.036	47	  22.386	 127.789	   6.683
13	-455.270	41	  20.199	 123.751	  19.741
14	-451.353	41	  16.272	 107.935	  52.698
15	-436.635	40	  36.259	 102.557	 -13.481
16	-421.449	40	  20.212	 100.001	  11.534
17	-415.974	32	  50.079	  82.988	  25.978
18	-411.799	39	  28.389	 102.838	  51.994
19	-402.128	35	  41.137	  93.477	  44.188
20	-395.993	36	  46.451	  89.153	  35.218
21	-383.672	35	  51.861	 105.631	   7.187
22	-365.354	22	  33.653	 118.793	  19.327
23	-364.810	32	  27.293	 127.219	  36.697
24	-358.003	34	  47.393	  92.679	 -16.453
25	-336.988	29	  47.015	 124.960	  29.539
26	-332.227	32	  22.700	 129.536	  30.494
27	-331.744	32	  18.243	  85.963	  49.106
28	-329.840	29	  18.501	 106.172	   4.323
29	-327.678	31	  19.793	 110.661	  14.603
30	-327.266	30	  44.766	 132.112	  25.396
31	-325.796	31	  48.253	 106.149	 -13.528
32	-322.434	29	  15.654	  92.463	   3.555
33	-317.504	30	  43.965	 120.935	  -0.293
34	-307.763	29	  38.965	 129.579	  -1.774
35	-306.876	30	  12.656	  94.397	  54.534
36	-300.733	28	  33.468	 109.560	  47.985
37	-290.310	28	  50.412	 123.956	  18.129
38	-278.771	27	  45.808	 115.039	  21.966
39	-269.295	21	  17.334	 106.690	  27.580
40	-267.562	25	  46.708	 127.273	   8.407
41	-266.406	25	  31.895	 109.990	  -9.353
42	-248.133	24	  18.278	  98.831	  56.810
43	-245.734	23	   9.549	 110.982	  41.112
44	-241.073	22	  39.006	  82.828	  -1.258
45	-238.534	22	  32.569	 120.419	  -5.332
46	-237.362	23	  56.376	 106.107	  -1.445
47	-232.534	22	  12.024	 108.838	  32.266
48	-218.983	21	  45.969	  84.520	 -12.207
49	-218.116	20	  20.046	  91.696	  -5.295
50	-217.228	21	  51.148	 116.782	   9.390
51	-216.858	19	  46.660	 109.905	  39.686
52	-213.339	20	  18.725	 121.923	  10.915
53	-210.546	20	  41.181	 104.433	  46.618
54	-209.681	20	  14.840	 118.508	  34.687
55	-207.171	18	  31.339	  85.096	  51.835
56	-203.804	19	  20.969	 119.841	  41.730
57	-201.751	19	  30.768	  84.158	   3.804
58	-201.302	19	  25.657	 134.949	  13.855
59	-198.708	18	  35.306	 119.953	  43.825
60	-197.120	17	  29.389	  85.296	 -13.476
61	-191.166	18	  23.527	 106.369	  -7.909
62	-188.654	18	  21.835	  84.403	  39.701
63	-187.169	18	  46.718	 104.669	  20.841
64	-185.486	18	  36.988	  83.254	  -8.955
65	-175.380	16	  32.701	  85.646	  12.549
66	-173.845	17	  49.215	 117.904	  28.096
67	-156.702	16	  42.133	 130.444	  39.323
68	-154.735	14	  29.459	  84.485	  35.146
69	-154.575	15	  54.273	  92.050	  18.081
70	-152.457	14	  18.780	 111.997	  -1.055
71	-145.766	13	  32.532	 127.259	  43.179
72	-144.230	14	  42.228	 131.494	  13.018
73	-139.071	14	  52.445	 113.346	   1.266
74	-116.738	11	  28.180	 132.858	  25.917
75	-111.806	11	  44.343	 117.766	  -8.919
76	-111.260	11	   6.785	 102.010	  38.974
77	-106.353	10	  45.899	 123.366	  37.374
78	-102.339	10	  25.659	 113.756	  -5.987
79	-102.147	10	  56.514	  97.472	  -1.504
80	-100.017	10	  27.170	  83.066	  45.747
81	 -98.943	10	  16.910	 103.842	  19.103
82	 -96.315	10	   5.904	  95.401	  43.356
83	 -92.635	6	  41.255	 119.187	  11.700
84	 -91.623	9	  36.596	  81.547	  44.534
85	 -91.473	9	  28.761	 132.859	  -0.450
86	 -90.064	9	  10.115	  96.923	  31.765
87	 -88.121	9	  20.999	  86.745	 -13.243
88	 -86.791	9	  47.445	  79.870	  34.820
89	 -85.677	5	  25.700	 120.370	  26.599
90	 -81.712	8	  56.695	  95.124	 -12.368
91	 -79.814	8	   7.091	  95.392	  21.009
92	 -79.172	5	  29.437	  93.358	  38.240
93	 -77.763	8	  11.160	  84.724	   4.503
94	 -77.014	8	  41.118	  86.721	  14.730
95	 -71.967	7	  40.187	 112.118	  44.953
96	 -71.637	7	  35.265	  90.538	 -14.535
97	 -71.584	7	  35.089	 136.095	  33.251
98	 -70.714	7	  41.837	  82.430	  39.144
99	 -59.494	6	  35.760	 134.691	   9.508
100	 -57.851	5	  23.553	  83.430	  -6.504
101	 -57.189	6	  52.557	  97.171	  10.046
102	 -53.497	5	  56.038	  90.231	  -4.722
103	 -51.824	3	  32.537	  93.184	   0.390
104	 -47.311	5	  50.412	 114.109	  34.372
105	 -47.077	5	  23.991	 119.327	  48.791
106	 -44.804	4	  49.037	  83.451	   0.766
107	 -42.030	4	  35.247	 137.311	   1.266
108	 -40.594	4	  39.000	  85.712	  53.274
109	 -40.177	4	  13.455	  93.773	  10.861
110	 -39.888	4	  35.741	 135.586	  43.610
111	 -39.543	4	  20.940	  83.339	   2.359
112	 -38.962	4	  24.458	  85.539	  28.206
113	 -38.210	4	   6.953	 101.957	  51.584
114	 -38.148	4	  10.574	  87.528	  38.088
115	 -36.747	4	  16.221	 117.030	   4.894
116	 -31.517	3	  26.221	  91.200	  52.364
117	 -30.369	3	  48.631	  86.949	   7.652
118	 -28.846	3	  56.545	  90.513	  28.092
119	 -28.355	3	  13.890	  89.218	  29.711
120	 -28.046	3	  54.562	  96.196	 -20.927
121	 -22.432	2	  27.627	 114.539	  10.796
122	 -19.795	2	  55.221	 126.539	  24.886
123	 -19.355	2	  33.228	  92.041	  57.888
124	 -18.563	2	  21.224	  99.038	  -6.109
125	 -18.358	2	  35.688	  80.028	  31.857
126	 -18.000	2	   6.726	  82.539	  19.390
127	 -11.313	1	  39.221	  81.539	  25.390
128	 -11.266	1	   8.221	  79.539	  10.390
129	  -9.835	1	  30.221	  81.539	  24.390
130	  -9.145	1	  14.221	 131.539	  13.390
