1	-1335.556	108	  -5.008	  16.619	  18.475
2	-1308.481	115	 -14.477	   6.768	  47.159
3	-1286.567	99	 -28.179	   1.389	  14.819
4	-1112.910	91	 -38.745	   1.550	   3.645
5	-1035.860	86	  39.321	  42.110	  61.277
6	-1012.453	93	 -10.272	  12.350	  37.903
7	-1012.215	77	  24.332	  38.037	  49.600
8	-996.888	86	  41.055	  34.295	  34.794
9	-982.489	85	  -2.045	  25.801	  35.074
10	-942.451	67	  35.240	  16.291	  50.561
11	-878.238	68	  35.458	  27.826	  65.848
12	-857.901	69	 -18.674	  25.762	  30.327
13	-840.542	74	  -9.652	  24.406	  14.408
14	-832.546	62	  -0.106	  47.840	  20.079
15	-831.378	66	  12.155	  21.123	  55.912
16	-822.450	68	 -19.284	  22.131	  14.758
17	-817.551	71	  24.841	  49.852	  34.675
18	-786.324	73	   6.864	  27.657	  33.554
19	-781.042	67	  16.656	  31.072	  38.212
20	-768.618	69	  25.187	  20.033	  39.677
21	-669.018	58	 -15.788	   5.384	  32.514
22	-668.688	51	 -11.021	  39.812	  24.861
23	-662.858	59	   5.384	  15.218	  14.866
24	-630.502	56	  38.771	  13.037	  64.697
25	-625.887	56	   1.339	  27.175	  46.156
26	-598.692	49	  21.343	  38.014	  38.827
27	-578.388	52	 -11.965	   7.571	  10.312
28	-577.536	39	  40.041	  26.333	  51.771
29	-571.662	52	  25.328	  19.547	  74.891
30	-565.794	40	 -13.280	  23.329	  27.778
31	-564.032	47	  -2.435	  16.908	  50.685
32	-554.883	44	  -6.386	  15.089	  59.688
33	-547.622	46	  14.319	  38.587	  17.820
34	-531.395	50	   2.124	  29.979	  11.140
35	-524.027	48	 -19.386	  26.955	  49.561
36	-522.899	48	   7.841	  43.231	  31.482
37	-522.814	45	  46.858	  44.821	  53.557
38	-521.430	44	  23.650	  34.064	  70.255
39	-518.317	44	  46.606	  47.139	  34.924
40	-517.515	43	  51.246	  39.087	  50.378
41	-513.782	46	  26.370	   9.115	  72.567
42	-486.798	43	 -34.263	   1.599	  29.454
43	-476.880	43	 -20.195	  34.902	  33.447
44	-476.238	41	  12.098	  37.785	  48.032
45	-468.674	41	  15.490	  13.516	  73.911
46	-465.921	43	   3.867	  35.970	  38.449
47	-457.953	44	  39.256	  18.971	  37.658
48	-456.629	41	  38.175	  57.345	  45.891
49	-454.648	40	  49.146	  25.910	  33.005
50	-446.490	41	   7.183	  21.672	  50.437
51	-433.617	36	  23.259	  19.147	  54.582
52	-432.484	39	   7.700	  10.179	  57.741
53	-420.070	36	  34.884	  50.860	  60.036
54	-404.438	38	   0.525	   9.359	  47.404
55	-396.880	28	 -31.087	  -0.173	   3.466
56	-384.427	29	 -26.415	   8.129	  14.612
57	-383.880	34	 -23.698	  18.232	  41.250
58	-383.698	35	 -23.174	  27.988	  39.926
59	-379.991	36	 -39.154	  16.380	   0.467
60	-377.896	36	  -5.222	  38.367	  14.896
61	-377.305	31	  40.622	  50.950	  54.626
62	-366.383	35	  -9.169	  48.055	  45.382
63	-357.257	32	 -29.406	  21.687	  34.116
64	-356.930	33	 -11.289	  44.084	  32.618
65	-339.693	32	  26.773	  50.277	  66.770
66	-335.316	31	 -31.997	   9.745	  39.603
67	-335.085	32	 -16.642	  32.698	  54.182
68	-334.938	31	  -5.817	  10.902	  28.561
69	-332.464	32	 -23.633	  -5.854	  26.944
70	-327.874	32	   4.064	  17.376	  41.133
71	-327.469	31	 -28.046	  15.509	  -6.074
72	-326.289	31	 -25.069	   5.951	  41.615
73	-320.067	29	   3.689	   7.093	  23.516
74	-318.064	30	  56.585	  15.628	  54.407
75	-315.245	27	 -22.403	   6.878	  -2.830
76	-310.582	28	  53.503	  40.926	  36.584
77	-307.890	27	  14.558	  32.332	  63.437
78	-305.881	24	  -4.678	  49.097	  28.840
79	-299.547	27	  20.400	  26.839	  29.698
80	-298.130	22	  34.131	  12.122	  57.175
81	-289.899	27	 -41.374	  13.436	   9.883
82	-289.852	20	  29.369	  39.499	  57.825
83	-288.815	25	   0.564	  41.498	  44.714
84	-273.537	23	  15.000	  45.791	  29.844
85	-269.430	26	 -40.643	   4.342	  16.295
86	-265.799	25	  -5.862	  57.608	  27.453
87	-263.343	23	  -7.753	  -0.726	  53.671
88	-262.794	24	 -49.101	   4.765	   3.593
89	-260.993	25	  44.476	   4.267	  48.773
90	-259.739	24	 -18.642	  -1.343	  17.168
91	-249.934	22	  23.888	   4.285	  57.025
92	-246.225	23	  32.716	  58.378	  39.918
93	-243.804	23	  45.311	  40.634	  26.859
94	-242.361	23	   0.652	  -1.127	  49.951
95	-240.584	23	  49.418	   8.591	  58.834
96	-235.282	23	 -23.943	  28.596	  13.888
97	-232.661	21	 -20.171	  15.494	  -1.083
98	-231.413	19	 -22.600	  16.369	  16.561
99	-227.373	22	   5.999	  29.694	  61.372
100	-227.290	19	  38.795	  56.289	  34.843
101	-226.269	22	 -12.520	   7.512	  61.397
102	-224.139	21	 -10.778	  -5.622	  36.083
103	-223.463	20	 -14.313	  10.293	  24.205
104	-223.103	21	  19.461	  40.865	  65.892
105	-221.896	21	  28.293	  33.235	  31.051
106	-214.840	12	  37.306	  27.138	  43.119
107	-214.337	12	  -0.910	  34.545	  20.350
108	-211.675	20	 -16.604	   3.265	  22.728
109	-204.713	14	 -12.213	  16.356	  45.870
110	-202.291	19	 -32.820	  17.776	  26.501
111	-201.947	19	 -30.553	   6.647	  -8.143
112	-199.421	19	   2.295	  37.302	  57.684
113	-195.924	19	 -36.233	  -6.760	  19.486
114	-194.140	19	   3.371	  22.943	  64.269
115	-189.958	19	  38.930	  37.596	  68.553
116	-187.633	18	  58.790	  34.660	  51.282
117	-185.965	17	 -30.014	  21.593	   2.741
118	-184.316	17	  58.782	  26.449	  56.529
119	-179.386	16	  34.289	  31.000	  76.399
120	-177.815	16	 -35.516	  17.496	  18.162
121	-177.294	17	  23.391	  50.458	  47.753
122	-176.545	16	   9.662	  14.401	  27.440
123	-174.662	14	 -12.572	  16.185	   3.371
124	-168.579	16	  34.161	  13.644	  70.705
125	-166.545	16	  52.939	  34.095	  60.122
126	-166.449	15	  61.112	  27.388	  39.977
127	-165.556	16	  -1.122	  -4.695	  27.190
128	-163.831	16	 -30.197	  -9.085	   8.387
129	-163.773	11	 -21.169	  15.560	   7.372
130	-162.953	16	  10.739	  41.494	  61.650
131	-160.608	15	 -22.325	  38.366	  25.079
132	-157.868	15	  12.158	  25.920	  12.214
133	-155.687	15	 -32.375	  25.064	  17.492
134	-150.026	15	  32.955	   3.959	  63.242
135	-148.857	13	  32.256	  27.525	  36.428
136	-147.440	14	 -21.585	  34.129	  44.196
137	-146.826	14	   7.301	  11.601	  36.641
138	-143.124	14	  25.420	  54.215	  58.062
139	-138.025	14	  14.657	   3.167	  69.774
140	-136.849	13	  25.069	  41.930	  23.962
141	-136.768	13	  -7.592	   4.743	  34.279
142	-131.713	13	  47.376	  58.925	  40.113
143	-131.072	12	  15.223	  36.360	  32.896
144	-130.522	11	  32.069	  23.622	  71.369
145	-128.802	9	 -10.099	  30.052	  35.484
146	-126.603	12	  20.951	  50.152	  22.229
147	-126.313	11	  61.856	  19.556	  45.107
148	-117.014	12	 -17.272	   2.217	   4.384
149	-114.831	11	  39.941	   4.838	  58.207
150	-112.073	11	  41.718	  22.403	  73.492
151	-109.684	11	  36.607	   3.977	  49.103
152	-108.697	11	   5.170	  53.107	  32.082
153	-108.079	10	  52.747	  51.741	  41.520
154	-106.787	10	  57.335	  37.863	  43.387
155	-106.045	11	 -19.055	  24.098	   5.584
156	-102.551	10	   5.499	  47.342	  51.701
157	 -99.649	6	  39.626	  38.224	  47.213
158	 -96.229	10	 -14.391	   9.514	  -0.745
159	 -92.850	10	 -44.805	  -2.746	  -0.798
160	 -91.361	9	 -16.603	  46.284	  51.721
161	 -90.300	9	   7.952	  46.174	   9.892
162	 -87.779	8	 -31.529	  29.339	  26.418
163	 -83.285	8	 -16.288	  38.036	  17.157
164	 -83.032	8	   3.410	  13.424	  68.815
165	 -80.246	8	  48.018	  54.450	  50.457
166	 -76.304	8	  28.418	  10.700	  42.361
167	 -75.977	8	  38.636	  11.637	  39.602
168	 -73.932	7	 -16.974	  41.924	  40.435
169	 -73.614	7	 -36.804	  12.301	  29.264
170	 -71.204	7	  10.090	  56.771	  23.846
171	 -70.139	7	  48.867	  19.013	  66.881
172	 -69.499	7	  -4.619	   9.012	  10.008
173	 -67.799	7	  16.674	   7.488	  58.740
174	 -62.246	6	  -7.673	  33.484	  56.630
175	 -62.234	6	 -40.676	   7.748	 -10.819
176	 -61.545	6	  46.798	  28.000	  67.644
177	 -61.512	6	   4.984	   0.172	  60.454
178	 -60.096	6	  -2.539	  18.350	   5.251
179	 -59.505	6	   4.132	   1.815	  40.401
180	 -58.767	6	   1.135	  -8.620	  38.706
181	 -57.983	6	  51.171	   7.793	  45.049
182	 -57.531	6	 -28.868	  -7.545	  -0.188
183	 -57.479	4	  34.297	  22.950	  57.974
184	 -56.135	6	   1.464	  44.435	  59.987
185	 -50.886	5	  13.999	  16.054	  41.309
186	 -49.540	5	  36.438	  39.251	  24.674
187	 -49.324	5	  16.138	  47.405	  50.985
188	 -48.476	5	  -9.668	  52.936	  19.959
189	 -48.090	5	  15.421	  26.856	  71.863
190	 -47.712	5	  27.450	  27.858	  77.674
191	 -47.170	5	 -24.899	  -4.538	  34.723
192	 -46.915	5	 -45.202	  -5.130	   9.859
193	 -41.361	4	  52.487	   9.605	  37.160
194	 -41.084	4	  25.281	  -0.026	  66.508
195	 -40.228	4	   0.512	  48.976	  39.975
196	 -40.051	4	 -13.193	  -4.552	  45.947
197	 -40.036	4	  39.027	  50.705	  27.519
198	 -39.682	4	  67.807	  25.211	  46.491
199	 -39.205	4	 -28.204	  34.236	  21.507
200	 -32.888	2	  26.165	  11.448	  64.126
201	 -29.678	3	 -17.196	  25.448	  60.481
202	 -29.568	3	  -8.878	  23.780	  62.484
203	 -29.477	2	  18.807	  23.448	  63.002
204	 -29.237	3	   8.807	  20.067	  71.793
205	 -28.682	3	  -4.193	   2.817	  26.123
206	 -27.501	3	  16.803	  53.448	  32.484
207	 -27.207	3	  14.136	  19.116	  23.481
208	 -19.857	2	 -45.745	  14.427	  -7.495
209	 -19.178	2	  48.301	  13.448	  30.484
210	 -19.012	2	  58.807	  22.943	  31.989
211	 -18.735	2	 -22.193	   8.932	  59.968
212	 -18.722	2	 -22.278	  18.884	  57.920
213	 -18.251	2	  28.820	  51.448	  24.484
214	 -16.104	1	  -1.193	  40.448	  25.484
215	 -10.423	1	  15.807	  51.448	  61.484
216	 -10.223	1	  -8.193	  22.448	  50.484
217	  -9.622	1	 -50.193	   6.448	  -6.516
218	  -9.475	1	 -32.193	  13.448	 -12.516
219	  -9.466	1	  24.807	  41.448	  72.484
220	  -9.355	1	   0.807	  39.448	   7.484
221	  -9.212	1	 -20.193	  -5.552	   9.484
222	  -9.061	1	 -13.193	  -0.552	  29.484
223	  -9.055	1	  24.807	  55.448	  42.484
224	  -9.040	1	  56.807	  22.448	  65.484
