1	-3262.576	278	  37.786	  26.060	   1.060
2	-2894.038	243	  37.594	  60.601	  -2.535
3	-1725.572	136	  33.859	  31.683	  15.583
4	-1679.759	131	  48.136	  57.143	   9.245
5	-1620.331	126	  27.191	  54.738	 -13.418
6	-1546.225	120	  41.440	  28.637	 -14.288
7	-1483.140	134	  36.359	  51.264	  -1.508
8	-1217.152	110	  36.520	  42.829	   2.430
9	-1167.504	101	  37.511	  35.518	   0.096
10	-1000.109	91	  11.611	  32.365	  -0.891
11	-953.120	82	  42.696	  44.872	  18.721
12	-947.134	83	  41.029	  45.434	  -1.272
13	-937.175	80	  37.645	  40.192	  -5.908
14	-871.539	75	  32.688	  40.887	 -19.954
15	-746.905	67	  50.125	  40.650	  22.518
16	-724.237	62	  60.731	  41.260	  -8.828
17	-715.043	67	  17.747	  63.980	  -9.874
18	-711.648	63	  16.096	  54.904	  11.474
19	-708.720	66	  52.092	  20.526	 -13.577
20	-702.263	63	  25.450	  35.917	 -22.805
21	-698.364	65	  57.845	  64.580	   3.217
22	-689.535	61	  37.380	  45.157	 -26.931
23	-673.315	60	  38.136	  51.187	  23.586
24	-667.315	62	  59.397	  52.478	 -15.276
25	-652.147	60	  23.292	  23.476	  16.424
26	-641.648	59	  37.901	  75.476	  -4.345
27	-622.452	51	  14.773	  43.201	   7.072
28	-589.563	53	  38.149	  11.362	   2.765
29	-578.905	51	  60.568	  27.186	  -0.395
30	-536.485	49	  64.948	  33.742	   2.052
31	-519.595	47	  40.096	  72.889	  10.854
32	-459.333	45	  67.921	  32.397	  23.585
33	-447.419	39	  32.818	  13.389	 -11.459
34	-441.536	40	  68.549	  39.727	   6.365
35	-433.572	37	  35.041	  69.846	 -17.819
36	-427.825	40	  10.245	  20.403	   0.146
37	-427.328	42	  53.098	  53.364	 -37.148
38	-418.083	38	  38.048	  61.368	 -25.384
39	-417.200	40	  22.681	  60.029	  32.450
40	-409.207	36	  13.226	  23.393	   6.301
41	-407.754	35	  42.310	  16.194	  15.851
42	-400.027	37	  13.910	  63.976	   4.964
43	-396.826	36	  64.997	  20.356	   2.784
44	-373.424	33	  61.320	  62.623	 -10.478
45	-345.738	31	  58.682	  74.081	 -12.116
46	-334.912	30	  61.270	  45.479	 -21.575
47	-334.203	31	   6.397	  38.294	  -7.245
48	-333.773	30	  17.040	  76.031	   3.077
49	-333.341	31	  16.895	  54.462	 -10.824
50	-313.351	28	  25.142	  19.375	 -17.304
51	-313.318	28	  59.052	  10.755	  -1.195
52	-308.474	27	  51.737	  29.248	 -17.321
53	-305.323	29	  63.265	  18.328	  -6.053
54	-303.437	29	  42.872	  33.144	 -26.219
55	-300.190	26	  15.446	  11.293	   5.285
56	-298.190	28	  55.816	  51.981	  19.475
57	-297.281	26	  23.555	  32.788	  17.925
58	-296.567	28	  32.373	  38.674	  26.371
59	-294.322	26	  36.008	  67.399	  19.571
60	-293.590	28	   7.839	  28.426	 -22.642
61	-290.781	27	  20.072	  48.001	 -22.240
62	-281.200	25	  -3.363	  24.991	 -14.156
63	-275.617	27	  60.417	  63.940	 -18.454
64	-273.080	24	  50.321	  23.160	  20.200
65	-267.000	25	  15.355	  66.995	  12.328
66	-264.281	24	  59.164	  56.131	   6.903
67	-263.025	24	  79.298	  27.902	  15.626
68	-262.668	23	  13.847	  49.593	  19.267
69	-245.907	23	  45.253	  59.749	 -34.510
70	-243.010	22	  68.384	  19.280	  20.609
71	-235.183	24	  71.266	  51.418	  -2.350
72	-229.666	21	  30.682	  65.113	  29.289
73	-225.542	21	   7.443	  15.279	 -16.955
74	-224.323	15	  36.889	  38.683	   9.404
75	-221.548	20	  58.933	  26.649	  25.637
76	-220.793	21	  15.464	   7.211	  -8.121
77	-220.696	20	  22.856	  10.481	  10.153
78	-218.728	20	  29.823	   6.685	  -2.196
79	-216.972	21	  58.988	  37.341	  27.331
80	-213.061	18	  49.963	  79.673	   5.122
81	-212.282	21	  59.903	   8.812	  13.245
82	-207.818	21	  51.594	  76.128	 -24.511
83	-207.347	20	  42.745	  47.500	 -35.491
84	-202.381	19	  47.739	   9.169	  13.321
85	-195.166	13	  32.447	  47.490	  -9.385
86	-193.794	19	  32.589	  54.719	  32.295
87	-192.689	18	  52.911	  76.576	  -4.719
88	-192.677	16	  31.364	   8.976	  17.477
89	-191.654	19	   4.300	  50.872	  -0.544
90	-189.639	19	  21.186	  72.037	  28.193
91	-188.124	18	  42.739	  64.164	  17.233
92	-187.490	17	  16.226	  21.364	 -23.096
93	-186.519	19	  16.439	  31.913	 -27.201
94	-184.432	17	  41.626	  77.108	 -17.680
95	-182.465	16	  69.540	  46.686	  12.554
96	-177.683	16	  22.114	  76.807	  -3.948
97	-176.414	16	  51.181	   8.544	  -3.997
98	-175.014	16	  55.095	  65.443	 -35.445
99	-174.550	17	  31.621	  22.092	  21.149
100	-172.399	17	  53.114	  69.388	  10.966
101	-172.121	17	  23.375	  80.224	  16.013
102	-169.445	16	  58.586	  38.871	 -27.608
103	-167.269	16	  50.459	  38.637	 -34.146
104	-164.611	11	  43.121	  49.249	   6.947
105	-163.767	16	  44.375	  17.943	 -17.890
106	-163.332	16	  65.047	  65.108	 -32.174
107	-162.392	16	  43.295	  27.398	  21.502
108	-158.549	14	   5.730	  43.759	 -14.296
109	-157.566	15	  26.497	  45.909	  33.561
110	-156.325	15	   8.043	  37.545	  15.291
111	-155.963	15	   8.976	  63.211	  29.633
112	-151.058	13	   3.465	  22.299	 -18.932
113	-146.237	15	  -3.797	  26.861	  -3.483
114	-135.108	13	  29.099	  24.480	 -20.767
115	-134.372	14	   1.386	  32.553	 -17.135
116	-132.678	13	  67.226	  34.215	 -15.437
117	-131.942	13	  20.850	  36.755	  25.502
118	-129.822	13	  64.552	  56.067	 -36.159
119	-126.035	12	  33.241	  80.356	   4.882
120	-124.684	12	  64.995	  46.079	  23.501
121	-124.167	13	  73.887	  36.238	  17.437
122	-120.087	12	  78.304	  19.693	  17.892
123	-119.973	11	   9.901	  41.143	 -24.401
124	-113.471	11	  34.838	  78.970	  13.186
125	-111.426	11	  12.877	  16.682	  10.824
126	-110.693	11	  74.127	  23.542	  -3.038
127	-110.503	11	  58.738	  72.246	 -30.002
128	-109.441	11	  35.247	  21.099	 -17.576
129	-108.744	11	  30.529	  61.686	 -20.728
130	-108.024	11	  -3.133	  16.590	 -13.099
131	-104.513	10	  21.054	   2.788	   1.104
132	-102.571	10	  11.876	  71.269	   1.003
133	-101.370	10	  14.237	  54.953	  30.534
134	-100.768	10	  23.786	  64.321	 -17.925
135	 -99.537	10	  26.400	   7.346	 -10.849
136	 -97.976	8	  44.135	   6.330	 -13.451
137	 -97.804	9	   1.608	  24.751	   6.121
138	 -97.195	10	  16.296	  77.332	  22.469
139	 -93.576	9	  53.930	   3.269	   6.428
140	 -91.155	9	  24.880	  84.714	   5.704
141	 -88.132	8	  50.909	  82.212	 -15.120
142	 -87.616	9	   5.347	  10.836	 -11.201
143	 -86.881	9	  12.057	  50.666	 -17.211
144	 -83.667	8	  68.640	  12.646	  15.289
145	 -81.814	8	  64.186	  69.058	  -7.117
146	 -81.754	8	  36.222	  47.508	  30.194
147	 -69.044	7	  62.711	  53.488	  14.867
148	 -68.322	7	  77.766	  28.969	   6.114
149	 -67.100	7	  59.592	  74.900	  -3.859
150	 -65.019	6	  16.816	  45.126	  26.945
151	 -62.534	6	  31.361	  74.999	  23.858
152	 -62.337	6	  36.229	   5.906	  -9.471
153	 -62.319	6	  35.378	  29.493	 -19.334
154	 -61.705	6	  41.964	   7.809	  -2.540
155	 -60.230	6	  30.269	  77.570	  -7.188
156	 -58.893	6	  57.459	  46.610	 -35.850
157	 -58.368	6	  51.932	  31.600	 -25.857
158	 -54.267	5	  18.610	  11.611	 -19.270
159	 -52.262	5	  44.069	  77.672	  -1.708
160	 -51.770	5	  44.024	  69.768	 -31.058
161	 -51.123	5	  23.628	  76.763	 -17.885
162	 -49.540	5	  33.457	  77.947	 -14.973
163	 -49.401	5	  33.002	   8.986	   7.919
164	 -49.105	5	  63.369	  49.171	 -31.974
165	 -48.726	5	  64.564	  26.308	 -16.631
166	 -48.543	5	   5.823	  30.933	  11.885
167	 -48.115	5	  42.430	  80.574	   6.718
168	 -45.327	4	  10.184	  68.763	  22.820
169	 -42.892	3	  30.942	  51.448	 -20.688
170	 -40.808	4	  11.069	  71.535	  31.309
171	 -40.522	4	  56.610	  16.328	  24.312
172	 -40.062	4	  15.610	  78.458	  11.528
173	 -39.267	4	  70.065	  57.812	   0.047
174	 -38.765	4	  15.645	  21.458	  16.580
175	 -38.659	4	  69.347	  28.486	 -10.417
176	 -37.397	3	  44.298	  55.129	  17.312
177	 -37.295	4	  10.388	  66.017	  -5.466
178	 -31.015	3	  65.471	  46.158	  -5.114
179	 -30.711	3	   5.591	  58.049	  -4.688
180	 -30.672	3	   9.719	  46.248	   3.000
181	 -29.277	3	  10.971	  29.709	  18.250
182	 -29.003	3	  39.226	   8.408	  14.756
183	 -28.292	3	  54.872	   8.025	 -11.937
184	 -28.280	3	  13.610	  74.413	  -8.658
185	 -28.078	3	  66.615	   9.100	   8.993
186	 -27.880	3	  -0.065	  16.438	  -4.344
187	 -27.708	3	   8.642	   7.419	  -3.984
188	 -20.645	2	  73.610	  16.266	   8.312
189	 -19.833	2	   8.095	  30.763	  -9.173
190	 -19.557	2	   2.119	  32.254	   4.821
191	 -14.050	1	  48.610	  38.763	 -12.688
192	 -13.082	1	  58.610	  51.763	 -24.688
193	 -12.908	1	  41.610	  34.763	  20.312
194	 -11.336	1	  52.610	  46.763	   4.312
195	 -11.085	1	  61.610	  20.763	  13.312
196	 -10.502	1	  29.610	  57.763	   6.312
197	  -9.790	1	  80.610	  26.763	  -0.688
198	  -9.450	1	  45.610	  55.763	 -10.688
199	  -9.415	1	  48.610	  78.763	  13.312
200	  -9.120	1	   2.610	  48.763	  -7.688
