1	-998.881	74	   7.686	   8.341	  24.696
2	-883.687	80	  25.143	  -1.500	  30.703
3	-689.129	57	  34.554	  21.069	  21.901
4	-594.545	55	  36.182	   1.733	  35.652
5	-519.087	48	  36.351	  11.359	  19.266
6	-481.690	44	  11.828	  33.227	  24.300
7	-478.814	42	  33.237	  27.160	  33.354
8	-478.784	41	   8.398	   0.443	  18.539
9	-403.615	37	  34.755	  17.412	  13.913
10	-390.089	35	  18.045	  31.725	  33.310
11	-380.922	32	   6.035	  25.238	  26.131
12	-371.463	34	  15.562	  24.709	   7.827
13	-363.535	33	  10.873	  -8.874	  23.777
14	-362.937	35	   3.262	  18.655	  22.932
15	-356.113	34	  25.240	  12.298	   5.689
16	-341.988	31	  39.295	   0.025	  27.173
17	-333.031	30	  28.584	   9.827	  38.025
18	-322.418	31	   4.847	  20.956	  33.808
19	-302.566	26	  39.261	  17.087	  34.944
20	-280.035	27	  11.537	  16.690	   7.602
21	-264.462	25	  51.373	   6.837	  29.405
22	-264.364	24	  30.123	  19.930	  38.106
23	-249.360	24	  24.108	  34.203	  21.805
24	-220.346	20	  33.279	   3.222	  16.652
25	-210.491	21	  14.570	  10.902	  41.603
26	-204.851	20	  27.435	   2.790	  12.292
27	-204.434	19	  32.409	  30.557	  21.526
28	-195.684	19	  17.012	  -1.630	  37.088
29	-195.150	18	  44.041	  11.539	  38.226
30	-193.317	18	   2.536	   7.278	  34.771
31	-184.928	17	  43.824	  15.882	  23.087
32	-174.402	16	   8.026	   7.595	  13.834
33	-159.664	16	  51.246	  18.300	  28.700
34	-158.239	13	  10.141	  28.806	  13.243
35	-149.497	9	   9.714	   1.681	  29.651
36	-143.027	14	  19.154	  32.899	  13.729
37	-141.549	14	  47.929	   2.867	  36.386
38	-133.334	13	  15.406	   4.758	   5.509
39	-131.340	9	  22.649	  16.439	  32.622
40	-125.904	13	  40.898	  27.107	  30.516
41	-114.925	7	  19.907	  25.044	  28.567
42	-103.840	10	  19.150	  19.278	  41.424
43	 -98.367	10	  30.184	  22.070	   6.616
44	 -95.875	9	  25.341	  25.309	  39.371
45	 -89.163	9	  10.847	  -6.900	  33.968
46	 -74.528	8	   4.431	  21.188	  13.650
47	 -60.235	6	  19.902	  -6.964	  17.815
48	 -53.314	5	   4.377	  32.194	  17.557
49	 -50.161	5	  45.130	   6.616	  22.583
50	 -49.167	5	   3.161	  -2.014	  30.738
51	 -48.839	5	  28.580	  -1.781	  19.373
52	 -46.026	5	  18.542	  -1.385	   8.947
53	 -39.404	4	  26.838	  30.152	   8.033
54	 -28.923	3	   6.276	  31.838	  34.816
55	 -18.517	2	  14.998	  38.159	  31.853
56	 -18.419	2	  22.050	  -9.806	  31.283
57	 -17.964	2	  34.551	  13.194	   6.278
58	  -9.951	1	  47.551	  -4.806	  26.782
59	  -9.611	1	   6.551	   3.194	  41.782
60	  -9.106	1	  28.551	  35.194	  29.782
