1	-1289.760	111	  41.111	  56.107	  10.894
2	-1264.155	108	  19.377	 -11.427	  41.373
3	-1225.919	111	  18.879	  26.744	  41.584
4	-1143.089	104	  26.710	   4.968	  62.960
5	-1141.437	99	   3.255	  20.588	  24.990
6	-1137.900	96	  32.888	  27.237	  75.618
7	-1062.328	91	  31.577	  56.642	  13.993
8	-1013.182	83	  29.439	  28.042	  66.056
9	-916.309	82	  25.608	  35.111	  17.567
10	-725.862	66	  15.261	  27.428	  49.004
11	-725.309	58	   2.114	  29.211	  18.440
12	-662.242	54	  20.881	  24.105	  35.203
13	-618.967	53	  25.091	  -1.020	  48.013
14	-615.076	44	   6.717	  21.094	  47.325
15	-562.948	54	  20.571	  19.209	  24.497
16	-555.576	53	  16.352	   4.404	  61.890
17	-543.638	51	   2.972	  39.397	  37.256
18	-506.113	48	  25.937	  52.482	  -5.762
19	-495.710	43	   0.412	  56.078	  21.760
20	-485.608	47	  13.999	  27.211	   8.084
21	-472.079	40	  38.305	  74.899	  12.786
22	-452.612	43	   6.187	   5.576	  38.719
23	-448.195	42	  24.441	  33.429	  25.995
24	-447.557	40	  42.579	   5.833	  43.999
25	-445.219	40	  14.954	  64.242	  -0.852
26	-444.877	42	   4.919	  48.594	   3.745
27	-443.246	41	  44.161	  33.636	  47.728
28	-441.075	40	   6.783	  58.079	   3.771
29	-441.003	41	  48.850	  25.092	  61.915
30	-439.217	39	  -7.675	  48.882	  25.893
31	-434.994	34	  25.758	  -3.405	  37.634
32	-430.503	37	  47.252	   9.434	  57.648
33	-428.143	35	  10.398	  30.224	  19.317
34	-407.950	39	  35.431	  -3.845	  51.121
35	-406.306	38	   8.037	  58.008	  23.232
36	-403.304	38	  38.688	  16.814	  39.944
37	-397.431	35	  14.768	  44.408	  37.421
38	-392.828	35	  31.333	  28.073	  40.253
39	-388.101	36	   6.939	  12.501	  17.914
40	-379.191	37	  30.896	  48.674	  27.743
41	-370.211	35	  16.310	  19.619	  65.724
42	-367.251	34	  29.944	  42.169	  -4.318
43	-358.651	32	 -14.569	  20.620	  16.748
44	-358.530	34	  31.320	  46.112	  71.472
45	-357.997	29	  47.594	  11.019	  48.233
46	-353.068	31	  40.648	  24.226	  41.258
47	-336.131	30	  30.929	  20.430	  34.580
48	-335.588	27	  22.142	  40.387	  -3.640
49	-335.153	32	   6.156	  41.245	   0.603
50	-334.512	30	  48.895	  14.236	  64.669
51	-328.917	30	  14.803	  58.114	  28.189
52	-322.654	29	   4.847	   5.023	  49.858
53	-321.852	26	   6.680	  13.069	  50.480
54	-316.509	30	  26.116	 -12.888	  23.314
55	-309.454	25	  14.500	  41.550	  -5.074
56	-309.285	27	  11.196	  35.135	  -1.226
57	-306.398	28	  22.591	  26.188	  80.714
58	-304.692	27	  14.900	  13.721	  29.437
59	-294.102	29	   0.126	  51.684	  30.139
60	-291.469	28	  30.548	  38.103	  45.038
61	-289.901	23	  13.005	  51.961	  35.587
62	-284.972	27	  47.926	  67.739	  22.181
63	-283.029	27	  12.068	  69.587	  13.390
64	-281.953	25	  27.113	 -18.092	  45.861
65	-279.345	27	  39.124	  50.629	  58.457
66	-278.417	26	  13.617	  36.494	  38.952
67	-277.203	27	 -17.048	  43.387	  21.049
68	-274.810	20	  25.940	  18.240	  63.979
69	-269.947	26	  23.214	  35.077	  57.060
70	-269.743	27	  13.563	  55.705	  -3.458
71	-266.582	25	  47.675	  36.957	  56.369
72	-262.649	24	  10.165	  23.211	  54.925
73	-262.579	23	  45.882	  54.742	  21.135
74	-261.056	24	  20.033	  53.854	  33.366
75	-260.810	25	   7.841	  16.048	  38.881
76	-259.216	24	  22.337	  39.478	  81.392
77	-258.758	24	  12.081	   7.014	  24.801
78	-251.880	24	  49.326	  36.886	  67.201
79	-251.790	23	   0.123	  53.243	  12.072
80	-251.556	22	  47.146	  69.015	  10.438
81	-251.066	24	  27.031	  80.909	   4.591
82	-250.845	25	  46.942	  23.602	  47.272
83	-243.925	23	  34.933	   2.342	  33.663
84	-243.706	23	  -8.445	  47.348	  10.348
85	-242.473	24	  33.006	  65.639	  -5.705
86	-239.906	21	  35.809	  37.934	  24.071
87	-235.995	22	  -5.299	  31.912	  37.821
88	-235.155	20	   6.317	  59.238	  13.581
89	-235.060	22	  22.966	  68.085	  -4.026
90	-234.544	20	 -12.128	  21.930	  26.297
91	-234.089	19	  38.198	  41.258	  73.385
92	-232.503	22	 -11.791	  41.556	  30.717
93	-225.221	21	  22.027	   0.470	  14.588
94	-224.970	21	  42.454	  60.338	  -4.707
95	-224.710	21	   6.307	  -1.379	  31.393
96	-223.712	22	  20.460	   9.125	  72.726
97	-221.394	20	  30.250	 -22.715	  33.545
98	-212.837	19	  17.104	 -13.285	  26.823
99	-210.916	20	  -5.342	  10.045	  14.550
100	-210.906	21	  11.180	 -18.514	  37.372
101	-209.772	20	  20.347	   9.705	  19.363
102	-209.126	21	   9.809	   8.288	  61.335
103	-208.170	15	  26.188	  47.598	  18.758
104	-207.209	17	  40.736	  69.950	   5.628
105	-203.025	18	   5.572	 -10.727	  34.222
106	-202.661	20	 -14.319	  32.176	  34.205
107	-199.297	18	  -4.500	  22.717	  38.508
108	-190.767	18	  49.939	  60.373	   4.397
109	-190.549	19	  24.649	  38.191	  33.559
110	-190.203	18	  41.883	  43.227	  51.036
111	-189.184	18	  33.571	 -16.447	  25.514
112	-186.947	19	  26.559	  31.704	   2.959
113	-183.294	16	  33.275	  40.446	  81.199
114	-176.274	16	  31.019	  14.393	  26.038
115	-174.997	17	  18.520	  73.516	   0.360
116	-174.821	17	  39.725	  39.922	  -1.358
117	-172.561	16	 -21.628	  35.947	  22.246
118	-167.075	14	  20.682	 -19.887	  29.719
119	-166.565	15	  31.200	  34.433	  10.249
120	-164.597	16	  23.185	  65.748	  20.850
121	-163.082	16	  17.258	  30.370	  84.943
122	-157.094	15	  -2.135	  14.261	  32.579
123	-156.803	16	  35.704	   9.015	  28.077
124	-155.304	14	  23.938	  23.709	  14.758
125	-151.245	14	  48.982	  31.191	  75.911
126	-143.527	14	   4.898	  30.863	  48.028
127	-143.196	14	  44.547	  -4.393	  58.114
128	-138.461	14	  27.206	  44.701	  38.155
129	-137.518	13	  29.176	  -6.055	  62.707
130	-136.329	13	  -7.146	  34.624	   7.652
131	-136.206	14	   6.627	  19.700	   9.476
132	-135.377	13	  40.312	  75.726	  20.937
133	-131.044	13	   4.996	  14.501	  62.500
134	-130.532	13	  56.197	  19.193	  72.552
135	-129.264	13	   3.838	  -4.260	  53.360
136	-127.230	10	  -9.429	  14.192	  23.343
137	-127.023	13	  37.053	  56.222	  26.278
138	-126.147	12	   9.077	  -2.419	  23.718
139	-124.802	12	  22.421	  46.249	  74.111
140	-124.489	12	   0.166	  -9.960	  46.211
141	-123.275	12	  21.465	  27.652	  -1.480
142	-122.959	12	  20.790	 -26.075	  38.405
143	-121.321	12	   3.124	   7.200	   9.598
144	-120.611	12	  40.049	   1.731	  63.451
145	-118.337	12	  12.734	  21.891	  26.827
146	-115.889	11	  50.592	  27.926	  68.957
147	-115.221	11	  46.220	  51.186	  -5.237
148	-111.254	11	  35.977	 -23.760	  41.991
149	-107.252	11	  37.683	 -13.020	  45.699
150	-105.805	10	  41.788	  31.688	  82.722
151	-104.569	11	  -4.080	  -0.831	  43.166
152	-103.591	10	  49.207	  22.709	  80.916
153	-101.982	10	  18.801	  77.661	   7.399
154	-101.390	10	  34.791	  29.171	  86.202
155	-101.106	10	  -3.271	   6.840	  25.321
156	-100.283	9	  47.289	  14.907	  79.275
157	 -98.493	10	  29.307	  35.045	  88.633
158	 -97.101	9	 -14.792	  23.553	  33.130
159	 -93.707	9	  45.470	  41.381	  74.554
160	 -93.476	8	  34.840	  57.299	  -6.518
161	 -91.471	9	  32.155	  61.046	  21.811
162	 -89.841	9	  20.693	  43.168	  62.781
163	 -89.832	9	 -11.769	  14.556	  10.021
164	 -89.711	9	  31.588	  -7.968	  40.913
165	 -89.287	9	   4.353	  33.775	   5.433
166	 -88.310	9	  25.311	  41.070	  50.163
167	 -87.746	9	  19.629	  26.933	  72.954
168	 -87.724	9	  36.120	  47.195	 -12.622
169	 -85.739	8	  10.425	 -10.781	  23.892
170	 -85.593	8	  43.981	   8.588	  66.591
171	 -84.468	8	  32.472	   3.933	  70.726
172	 -84.449	8	  41.025	  71.205	  -2.139
173	 -78.605	8	  24.951	  56.687	  25.103
174	 -76.871	7	  48.833	  61.241	  29.373
175	 -74.957	8	  47.603	   9.933	  72.984
176	 -73.435	7	  54.715	  63.340	  13.957
177	 -71.117	7	   1.229	  25.933	  10.638
178	 -68.639	7	  37.986	  -6.625	  28.593
179	 -68.286	7	   8.417	  11.766	   7.684
180	 -68.084	7	  -9.433	  26.235	   5.702
181	 -66.986	7	 -18.159	  32.956	   7.567
182	 -58.853	6	   4.028	   8.098	  26.661
183	 -58.754	4	  23.962	  17.751	  55.603
184	 -58.369	6	  18.159	  -8.750	  50.348
185	 -57.888	6	  30.875	  73.438	  -5.315
186	 -56.426	6	  21.731	  -8.706	  61.895
187	 -52.472	5	  49.463	  43.129	  62.337
188	 -52.173	5	  -1.689	  35.382	  12.497
189	 -50.468	5	  27.745	   6.526	  17.053
190	 -49.451	5	 -14.672	  41.747	   8.038
191	 -49.097	5	  30.136	  71.899	  23.639
192	 -48.262	5	  50.095	  18.321	  55.197
193	 -46.457	5	  41.134	  49.922	  67.432
194	 -41.498	3	  29.975	   9.166	  50.012
195	 -41.154	4	  34.680	   7.933	  20.360
196	 -39.148	4	  37.339	  -7.532	  59.622
197	 -38.756	4	  47.422	   0.632	  51.601
198	 -38.564	4	  40.715	  38.674	   9.335
199	 -38.503	4	  34.275	  47.933	  51.836
200	 -38.306	4	  17.964	  26.944	  59.333
201	 -38.118	4	  43.747	  43.729	  -8.413
202	 -37.668	4	  10.706	   4.190	  16.845
203	 -37.499	4	  37.441	   0.671	  42.602
204	 -37.266	4	  19.258	  -9.139	  17.661
205	 -37.160	4	  36.753	  63.874	  35.623
206	 -36.560	2	  12.342	  38.933	  12.836
207	 -36.268	4	  32.455	  19.193	  76.074
208	 -30.493	3	  12.487	  27.933	  69.836
209	 -30.417	3	  46.017	  45.600	   1.867
210	 -29.283	3	  40.706	  46.289	  10.509
211	 -28.446	3	   0.059	  16.242	  -1.164
212	 -28.302	3	  -6.582	  12.826	   4.889
213	 -27.915	3	   8.425	  35.966	  70.126
214	 -23.289	2	  53.715	  55.465	  13.836
215	 -21.121	2	  11.205	  27.443	  77.836
216	 -20.525	2	  33.251	  79.933	   0.836
217	 -19.671	2	  14.594	  14.281	  71.715
218	 -19.516	2	  43.258	  55.933	  32.836
219	 -19.297	2	  24.692	  78.910	  18.836
220	 -19.126	2	  45.715	 -12.597	  36.836
221	 -19.043	2	  13.715	  40.884	  77.360
222	 -18.763	2	  22.714	  34.433	  44.336
223	 -18.706	2	  34.201	   8.447	  76.836
224	 -18.354	2	  44.211	  69.941	  29.836
225	 -11.351	1	  39.715	  40.933	  16.836
226	 -10.888	1	  32.715	  10.933	  60.836
227	 -10.297	1	  13.715	  -8.067	  58.836
228	  -9.718	1	  15.715	  75.933	  16.836
229	  -9.610	1	 -22.285	  29.933	  26.836
230	  -9.467	1	  39.715	 -20.067	  32.836
231	  -9.428	1	   8.715	  -1.067	  60.836
232	  -9.340	1	  54.715	  11.933	  75.836
233	  -9.040	1	  34.715	  -1.067	  16.836
234	  -9.010	1	  27.715	  53.933	  64.836
235	  -8.968	1	  39.715	  16.933	  81.836
