1	-1187.557	102	  68.222	  52.589	  61.380
2	-1182.025	100	  43.237	  29.900	  18.482
3	-1120.379	101	  12.289	  85.500	  31.060
4	-887.146	72	  15.268	  89.859	  46.759
5	-792.551	77	  10.906	  80.561	  42.188
6	-727.354	66	  47.748	  46.852	  81.433
7	-695.129	64	  29.859	  70.442	  24.372
8	-624.386	55	  43.181	  66.243	  47.408
9	-598.244	54	  23.286	  89.514	  47.928
10	-590.386	51	  58.696	  62.087	  53.336
11	-574.182	52	  39.771	  57.690	  26.005
12	-507.831	48	  27.193	  39.516	  27.987
13	-499.727	48	  59.540	  54.100	  51.158
14	-495.482	44	  51.921	  49.686	  -0.912
15	-492.905	44	  21.201	  90.230	  32.131
16	-491.757	43	  25.261	  57.933	  32.723
17	-488.451	42	  36.137	  88.350	  42.759
18	-488.149	46	  36.101	  40.397	  28.864
19	-486.240	44	  41.221	  58.500	  53.637
20	-478.767	43	  22.742	  25.319	  28.851
21	-452.999	40	  56.356	  72.211	  62.964
22	-445.815	41	  24.512	  63.076	  15.486
23	-441.056	37	  39.431	  11.978	   9.578
24	-440.683	39	  35.719	  70.646	  59.498
25	-435.660	41	  43.416	  38.229	  28.610
26	-425.395	39	  64.784	  77.921	  72.968
27	-418.680	39	  63.684	  39.416	  84.493
28	-409.408	37	  30.662	  49.802	  14.478
29	-406.227	36	  15.122	  81.050	  35.813
30	-402.313	36	  61.865	  59.755	  89.637
31	-395.117	36	  18.225	  72.111	  16.495
32	-392.930	37	  50.695	  48.652	  24.013
33	-387.770	36	  76.738	  72.340	  50.169
34	-379.763	37	  57.237	  34.100	  -4.421
35	-366.224	34	  92.458	  63.901	  67.748
36	-365.883	34	  49.593	  42.713	 -10.126
37	-356.993	34	  52.663	  63.525	  75.589
38	-354.152	30	  23.970	  44.978	  17.742
39	-352.801	33	  47.536	  46.163	  55.406
40	-345.562	32	  41.577	  78.238	  46.366
41	-333.725	31	  29.432	   6.110	  14.876
42	-319.523	31	  55.491	  47.133	  90.243
43	-314.521	30	  28.778	  15.957	  27.667
44	-308.761	29	  34.986	  72.530	  35.697
45	-301.927	29	  69.539	  81.442	  60.631
46	-294.187	27	  24.069	   9.570	  21.919
47	-293.191	29	  17.453	  58.477	  30.345
48	-292.530	24	  86.571	  54.119	  70.695
49	-281.768	25	  46.007	  25.426	   9.738
50	-281.280	26	  64.754	  69.812	  51.266
51	-278.078	25	  72.186	  48.954	  70.584
52	-276.808	25	  15.395	  30.419	  10.496
53	-276.226	23	  57.724	  36.683	  10.409
54	-271.759	26	  46.172	  34.849	 -12.779
55	-269.207	24	  20.534	  64.967	  43.029
56	-265.174	25	  15.632	  44.130	  19.668
57	-262.686	25	  45.168	  57.185	  75.371
58	-260.494	24	  45.023	  78.357	  62.587
59	-255.410	23	  59.066	  43.049	  57.917
60	-252.393	23	  19.010	  36.852	   5.226
61	-250.895	22	  60.363	  38.537	  70.665
62	-247.061	23	  39.612	  84.572	  55.663
63	-241.495	25	  32.200	  66.453	  49.922
64	-238.921	23	  69.850	  72.159	  80.817
65	-236.460	22	  33.822	  23.602	  -2.536
66	-236.252	22	  50.190	  66.725	  65.719
67	-235.132	22	  50.578	  56.246	   5.997
68	-226.529	21	  38.798	  58.856	  16.604
69	-225.949	21	  42.012	  53.374	   4.363
70	-225.517	22	  83.037	  65.361	  78.313
71	-224.833	22	  27.890	  29.323	  -2.565
72	-222.982	21	  14.226	  31.970	  19.411
73	-220.544	20	  24.760	  70.403	  52.301
74	-214.273	18	  26.180	  91.448	  41.283
75	-211.653	21	  13.727	  61.465	  23.084
76	-204.596	20	  55.959	  80.817	  59.600
77	-203.459	19	  57.015	  72.577	  52.940
78	-199.515	20	  39.326	  59.012	  62.518
79	-196.186	20	  65.758	  46.880	  92.947
80	-194.928	17	  70.714	  47.436	  84.845
81	-194.207	18	  71.326	  80.047	  69.599
82	-191.457	18	  49.675	  39.749	  66.974
83	-191.157	19	  10.797	  72.507	  46.498
84	-189.628	17	  30.927	  88.042	  30.404
85	-185.736	18	  34.472	  79.673	  61.808
86	-185.084	17	  41.213	  48.629	  73.329
87	-183.357	18	  16.398	  22.545	   8.625
88	-182.951	16	  58.123	  71.570	  70.151
89	-182.725	17	  36.284	  49.034	  -3.086
90	-178.414	15	  41.719	  23.645	  29.293
91	-169.842	17	  86.006	  75.851	  59.822
92	-165.786	15	  53.412	  33.915	  18.982
93	-162.073	16	  26.771	  16.615	   2.789
94	-161.729	16	  58.553	  51.093	  16.508
95	-158.261	15	  25.755	  77.007	  60.376
96	-157.927	15	  66.974	  39.961	  75.409
97	-157.666	12	  75.236	  57.326	  52.617
98	-156.565	15	  20.900	  55.247	  16.078
99	-152.440	15	  85.061	  64.596	  52.692
100	-151.238	12	  51.332	  53.685	  51.851
101	-150.368	15	  76.030	  60.620	  83.853
102	-148.907	14	  36.515	  50.118	   8.554
103	-148.441	14	  41.352	  19.841	   2.316
104	-147.125	13	  47.348	  25.966	  -3.966
105	-146.337	13	  83.587	  52.363	  55.859
106	-144.326	14	  78.195	  59.305	  46.194
107	-144.077	14	  60.444	  38.876	  18.143
108	-143.506	13	  29.028	  45.045	   3.675
109	-140.716	13	  17.254	  16.620	  19.595
110	-135.604	12	  24.292	  41.286	  11.324
111	-135.178	13	  42.042	  14.521	  24.436
112	-134.593	13	  60.172	  51.852	  92.857
113	-130.196	12	  79.252	  77.033	  72.171
114	-128.689	12	   6.858	  70.463	  30.546
115	-128.250	13	  11.113	  64.967	  37.119
116	-126.023	12	  65.607	  51.426	  46.976
117	-125.873	12	  50.316	  62.373	  84.872
118	-118.823	12	  58.147	  45.565	   8.508
119	-117.839	11	  16.858	  42.484	  26.492
120	-117.823	12	  34.564	  18.507	  32.972
121	-112.294	10	  63.631	  46.667	  19.978
122	-111.801	8	  34.067	  22.862	  26.528
123	-109.649	11	  90.971	  72.156	  69.240
124	-108.143	10	  35.166	  51.460	  32.895
125	-106.684	11	  36.991	  79.542	  32.026
126	-101.926	10	  78.555	  52.482	  76.965
127	 -92.578	9	  50.005	  34.200	  61.484
128	 -92.553	8	  64.395	  42.062	  62.963
129	 -88.416	8	  55.499	  29.855	   6.089
130	 -87.942	9	  34.022	  66.027	  32.168
131	 -86.410	9	  62.332	  67.327	  84.981
132	 -81.264	8	  21.065	   9.533	  12.374
133	 -81.120	8	  12.197	  91.381	  21.959
134	 -78.958	8	  36.931	  41.432	 -12.990
135	 -72.331	7	  43.619	  47.518	  29.123
136	 -72.263	7	  33.890	  31.542	  38.501
137	 -70.320	7	  19.819	  93.008	  57.597
138	 -69.980	7	  72.265	  56.790	  90.921
139	 -62.181	6	  29.671	  37.723	  -5.397
140	 -57.424	6	  65.513	  64.329	  44.421
141	 -54.414	5	  17.598	  81.739	  59.721
142	 -52.606	5	  29.485	  89.441	  57.947
143	 -51.809	5	  10.544	  71.325	  18.971
144	 -51.524	5	  23.376	  90.138	  21.947
145	 -51.400	5	  47.948	  71.510	  43.133
146	 -49.514	5	  85.135	  76.955	  67.721
147	 -48.283	5	  10.182	  83.330	  57.104
148	 -47.281	5	  30.951	  81.723	  23.097
149	 -46.904	5	  45.782	  20.546	  19.529
150	 -43.908	3	  21.779	  84.493	  39.318
151	 -42.983	4	  69.903	  65.148	  84.188
152	 -41.490	4	  44.650	  29.879	  33.757
153	 -40.442	4	  41.739	   6.819	  18.137
154	 -40.082	4	  47.182	  84.596	  53.702
155	 -39.335	4	   4.253	  88.446	  42.723
156	 -38.940	4	  32.936	  93.920	  35.248
157	 -38.929	4	  41.418	  39.920	  59.203
158	 -38.183	4	  66.755	  58.390	  39.226
159	 -32.369	3	  57.204	  43.138	  25.390
160	 -30.834	3	  16.494	  72.138	  53.353
161	 -30.628	3	  58.539	  35.818	  62.125
162	 -30.304	3	  10.539	  91.816	  55.066
163	 -30.301	3	  93.182	  62.681	  56.507
164	 -30.162	3	  34.828	  27.832	  -8.602
165	 -30.003	3	  90.493	  50.850	  60.275
166	 -28.725	3	  48.235	  59.454	  17.386
167	 -27.708	3	  12.212	  85.151	  16.042
168	 -20.103	2	  74.302	  77.078	  78.721
169	 -19.829	2	  39.182	  49.587	  63.822
170	 -19.556	1	  39.182	  72.138	  52.721
171	 -19.343	2	  50.182	  38.138	  76.214
172	 -18.750	2	  29.146	   9.102	   7.757
173	 -18.710	2	  59.701	  73.138	  79.721
174	 -18.641	1	  44.182	  42.138	  15.721
175	 -18.524	2	  36.185	   7.141	  24.222
176	 -18.433	2	  77.670	  48.626	  62.721
177	 -18.069	2	  54.677	  62.138	  91.721
178	 -12.259	1	  56.182	  53.138	  64.721
179	 -11.445	1	  12.182	  93.138	  40.721
180	  -9.882	1	  58.182	  55.138	   8.721
181	  -9.483	1	  27.182	  75.138	  16.721
182	  -9.044	1	  20.182	  97.138	  47.721
183	  -8.940	1	  94.182	  56.138	  66.721
