1	-2149.704	182	   0.004	   2.219	  15.890
2	-1397.805	122	  -0.187	   2.188	  31.261
3	-640.040	54	 -18.369	 -21.954	  30.080
4	-628.879	54	  18.401	  26.323	  30.270
5	-622.419	54	 -27.210	 -13.018	  14.992
6	-611.644	54	  27.239	  17.237	  15.069
7	-601.624	54	 -13.352	  16.261	  15.293
8	-593.209	54	  12.872	 -11.977	  14.979
9	-492.049	47	 -26.112	  -9.377	  37.582
10	-485.660	46	  25.923	  13.615	  37.591
11	-483.768	43	  -2.365	 -23.424	  32.033
12	-476.160	43	  10.852	  -6.459	  30.989
13	-466.235	44	  18.226	  23.166	   3.006
14	-435.788	40	 -17.915	 -18.784	   2.765
15	-414.485	37	  29.244	  11.061	  31.188
16	-410.665	38	 -28.440	   5.264	  21.788
17	-396.602	35	 -29.342	  -6.510	  31.125
18	-394.114	36	   2.429	  27.766	  31.603
19	-392.292	26	  17.131	   1.728	  15.507
20	-376.770	34	 -21.208	   1.427	   2.588
21	-369.741	35	  -1.572	 -17.748	   4.998
22	-369.435	34	  30.923	   1.365	  24.533
23	-362.430	36	  23.034	   8.957	   1.860
24	-359.678	23	 -17.084	   2.518	  15.545
25	-358.338	33	 -10.594	 -25.585	  28.361
26	-344.974	33	   2.371	  23.089	   6.626
27	-340.582	31	  10.937	  30.003	  28.269
28	-338.826	30	 -10.510	  11.996	  29.853
29	-335.092	32	  28.470	   1.779	  18.091
30	-329.976	30	 -25.673	   9.483	   9.632
31	-315.107	28	  25.479	  -5.083	   9.388
32	-308.804	31	 -23.076	  -5.359	   1.648
33	-303.187	30	   0.944	 -21.897	  13.376
34	-284.918	26	  13.135	   2.003	  42.459
35	-274.172	26	   5.793	  -6.376	   3.923
36	-266.801	24	  20.465	   2.159	   2.869
37	-257.601	24	   6.962	   5.145	  39.361
38	-252.418	23	 -31.909	  -1.164	  20.580
39	-240.735	21	  24.852	  28.548	  24.475
40	-239.707	23	 -11.709	 -29.669	  12.382
41	-234.854	22	  -6.477	  -0.873	  39.259
42	-229.361	22	  12.332	  34.172	  12.529
43	-226.435	16	  -1.339	  -6.779	  20.406
44	-222.339	22	  -1.786	  25.918	  13.797
45	-203.342	19	  -3.976	  10.761	   4.147
46	-200.316	19	  20.434	  -0.115	  39.106
47	-200.120	17	 -25.464	 -24.070	  24.193
48	-198.038	19	 -12.745	   5.827	  36.599
49	-194.060	14	   1.229	  11.246	  20.529
50	-190.458	18	  -7.638	 -29.136	  22.176
51	-185.947	16	 -13.246	   1.443	  43.714
52	-184.126	18	  13.947	 -12.081	   5.547
53	-181.722	17	  23.143	 -13.491	  22.498
54	-174.080	17	   8.774	 -14.595	  21.712
55	-170.177	17	 -22.378	 -28.803	  17.603
56	-169.096	16	 -21.245	   4.613	  39.710
57	-155.523	12	  -6.131	 -12.117	   3.528
58	-153.760	15	  -8.836	  19.549	  21.780
59	-153.344	15	  22.538	  33.353	  17.216
60	-149.525	14	   3.125	   9.369	  -2.000
61	-149.224	15	 -21.571	 -14.890	  43.839
62	-148.281	14	 -22.113	  -3.178	  46.420
63	-143.977	13	 -23.741	  17.776	  22.926
64	-139.721	13	  -3.348	  -4.926	  -2.158
65	-138.029	14	 -13.580	  -6.843	  -4.890
66	-137.865	13	 -23.175	   9.734	  31.734
67	-137.653	13	  23.098	  -5.364	  31.723
68	-136.655	13	 -12.476	  12.694	   4.048
69	-136.177	14	  21.660	  18.991	  43.995
70	-129.793	10	   6.127	  16.542	   3.572
71	-127.809	12	  21.644	   7.345	  46.711
72	-127.246	13	  14.552	  10.899	  -4.636
73	-123.763	12	  28.703	  21.783	  32.977
74	-112.428	11	 -11.828	  18.368	   8.381
75	-109.925	11	  -2.866	 -16.849	  41.098
76	-108.767	11	 -28.982	 -17.484	  32.812
77	-108.353	11	  12.993	  30.894	   5.438
78	-104.182	10	  -3.775	  20.810	  31.551
79	-102.583	9	 -23.880	 -19.814	   8.257
80	-101.161	10	 -12.928	 -11.715	  47.187
81	-100.932	10	   2.578	  21.579	  41.257
82	 -95.258	9	   3.657	 -16.409	  31.540
83	 -92.177	9	  12.990	  15.996	  47.230
84	 -91.000	9	   1.443	 -24.734	  22.779
85	 -88.829	9	  -2.751	  20.032	   2.146
86	 -84.909	7	   5.615	  33.377	  20.732
87	 -81.251	8	  14.297	  24.528	  42.251
88	 -80.471	8	  -6.319	  -6.321	  44.401
89	 -79.641	8	  -1.638	  28.928	  22.663
90	 -77.735	8	 -12.851	 -26.537	   5.249
91	 -76.112	7	 -29.295	   4.886	  34.303
92	 -74.926	7	  29.582	  -0.368	  34.178
93	 -71.647	7	 -16.997	 -20.541	  41.276
94	 -65.131	6	 -19.843	 -12.043	  -5.957
95	 -62.885	6	   0.236	   2.186	   0.610
96	 -59.209	6	  32.107	  21.275	  24.862
97	 -58.663	6	   4.429	  -8.978	  35.948
98	 -57.199	6	  -4.521	  13.345	  35.950
99	 -54.572	5	  19.908	  16.460	  -6.050
100	 -50.011	5	  29.923	   1.539	   8.945
101	 -47.781	5	   5.744	  11.380	  44.801
102	 -47.595	5	  20.761	  -5.003	   0.013
103	 -40.695	4	 -32.045	 -17.346	  25.173
104	 -39.570	4	  25.685	  23.699	  10.067
105	 -38.648	4	 -10.063	 -19.823	  -0.131
106	 -38.588	4	 -30.305	   2.433	   8.653
107	 -38.430	4	   9.955	  24.177	  -0.133
108	 -28.201	3	 -32.400	  15.084	  23.675
109	 -28.132	3	  25.983	 -14.153	  15.001
110	 -27.280	3	 -10.387	 -19.802	  43.624
111	 -27.204	3	 -11.373	   4.183	   0.276
112	 -19.332	2	  14.494	  23.184	  -6.390
113	 -18.404	2	  12.445	   1.184	  -0.390
114	 -10.831	1	   7.955	  15.184	  -5.390
115	 -10.034	1	 -15.045	 -18.816	  -6.390
116	  -9.341	1	 -25.045	  18.184	  14.610
