1	-1343.995	120	   7.040	 -25.084	  10.192
2	-1326.906	119	  17.334	 123.689	  55.862
3	-1178.823	106	  -3.377	  74.908	  52.022
4	-1133.209	97	  -0.156	   3.895	   7.343
5	-1052.554	90	  21.478	 -12.302	   5.807
6	-1034.385	88	  11.769	  86.898	  47.774
7	-1032.376	92	  26.112	  23.563	  14.365
8	-1027.667	88	  12.236	  12.368	   7.319
9	-1006.879	87	   2.355	 111.434	  50.107
10	-849.244	73	  20.077	  92.754	  49.467
11	-835.336	74	  29.789	  -7.571	   7.554
12	-767.510	67	  -6.191	 106.578	  50.007
13	-735.835	64	  11.459	   5.597	  -7.675
14	-679.360	59	   8.828	 -40.342	  -6.103
15	-642.635	56	  12.013	  95.219	  34.151
16	-638.060	53	  29.634	 -10.427	 -19.018
17	-631.789	52	  17.517	 110.021	  33.835
18	-613.730	53	  14.766	 140.985	  42.753
19	-610.793	56	  10.548	  42.392	   6.579
20	-606.974	47	   2.824	 118.252	  47.149
21	-603.482	54	  12.554	  57.161	  42.548
22	-594.826	53	   1.172	  16.468	 -16.921
23	-585.578	53	  23.694	 -42.702	   0.145
24	-575.969	50	  29.572	   2.593	  14.062
25	-559.954	51	  31.835	 -18.015	 -18.018
26	-557.689	52	  -7.619	   6.155	   1.218
27	-525.056	46	 -12.225	 102.170	  49.929
28	-514.912	46	  32.093	 -35.916	  -3.419
29	-509.527	45	 -12.261	   7.714	 -13.561
30	-504.464	47	 -17.025	 106.237	  44.075
31	-500.711	43	   2.704	 106.555	  34.732
32	-500.617	42	  26.160	  10.588	  -7.670
33	-499.347	45	  -7.872	 135.904	  43.205
34	-496.457	47	  31.552	  93.668	  43.900
35	-490.225	41	  -1.860	  91.003	  32.488
36	-489.949	46	  41.013	  -6.474	   1.680
37	-485.068	43	  15.613	  18.520	  13.345
38	-478.357	35	  20.387	 -19.254	   2.154
39	-477.926	38	  19.833	 -20.396	  12.501
40	-477.387	43	   1.924	  36.170	   1.639
41	-474.866	42	  18.318	 -27.547	  16.207
42	-470.750	39	  20.998	  85.071	  54.862
43	-465.077	38	   8.102	  -8.616	  -9.603
44	-456.958	40	  23.965	  40.766	   0.262
45	-451.648	37	  36.173	  -2.914	   7.970
46	-447.407	37	  -6.059	  19.916	 -11.125
47	-447.090	44	  27.246	  -1.422	 -11.400
48	-446.273	42	 -11.781	  75.604	  40.788
49	-439.090	42	  26.547	 124.700	  45.172
50	-438.927	36	  20.664	  -5.473	  -7.655
51	-438.654	42	   6.391	 122.460	  61.729
52	-435.632	28	  22.685	   7.364	  -1.334
53	-434.851	41	  35.504	  24.577	   3.771
54	-434.763	39	  22.181	  64.136	  39.072
55	-433.424	41	 -21.510	  90.583	  51.502
56	-431.156	39	   0.079	  59.975	  35.629
57	-426.205	37	  -1.532	  28.702	  -2.439
58	-424.945	26	  12.890	 107.238	  40.473
59	-423.871	33	  13.562	  19.596	   5.016
60	-420.982	37	 -11.371	 128.787	  39.467
61	-419.408	39	  -1.749	 -24.639	  -1.377
62	-406.686	35	   3.015	 -16.125	  14.613
63	-404.076	38	   7.341	 101.144	  35.000
64	-400.995	37	  10.422	  -9.119	  12.389
65	-397.234	33	   2.121	  12.802	  13.508
66	-395.865	30	   9.489	  79.582	  53.827
67	-394.745	36	  -6.473	  95.821	  54.873
68	-393.428	34	  26.326	  96.992	  50.213
69	-391.222	35	  -1.341	 141.945	  49.339
70	-391.077	33	  25.742	  72.471	  36.233
71	-387.274	26	   1.322	  93.382	  39.234
72	-380.667	36	  20.549	 102.635	  56.004
73	-375.100	30	  31.005	 -14.882	  12.006
74	-374.386	32	  35.724	 -27.642	  -6.011
75	-366.922	31	  -6.764	  83.723	  56.690
76	-363.062	34	  45.328	   8.419	  11.533
77	-362.633	34	  22.092	 -29.678	 -11.032
78	-355.422	22	  11.175	  -6.696	  -2.897
79	-354.517	31	  -7.567	 112.870	  55.707
80	-353.288	32	  45.761	   5.702	   3.324
81	-345.390	31	 -11.234	  91.994	  30.171
82	-345.308	32	   3.374	  -4.036	  12.442
83	-345.305	31	   2.749	 131.248	  35.152
84	-341.825	31	  13.540	 106.187	  55.809
85	-338.988	30	   0.233	  91.872	  54.414
86	-335.355	31	 -10.708	  -8.400	   7.177
87	-328.540	30	  20.131	   5.653	  12.464
88	-327.443	24	   9.626	  80.064	  44.438
89	-321.856	30	  30.789	  71.183	  49.022
90	-319.559	28	  -1.346	  -8.221	 -12.012
91	-316.898	29	  17.029	   0.846	  -7.055
92	-310.034	28	  44.842	  -7.319	 -15.663
93	-309.641	29	 -10.091	 114.360	  27.594
94	-303.093	30	  18.737	  98.746	  29.245
95	-296.196	27	  33.913	  17.374	  -4.525
96	-294.449	29	  15.914	  27.251	  20.480
97	-291.826	27	  24.628	  88.498	  26.155
98	-289.005	26	 -22.132	 107.884	  35.872
99	-287.835	25	  19.659	 113.639	  59.157
100	-287.793	27	  32.300	 107.028	  54.807
101	-285.006	21	  -5.744	  15.356	   7.098
102	-281.005	27	   3.077	  23.767	 -14.004
103	-274.279	24	  29.490	  13.882	  17.370
104	-267.577	24	  35.985	 105.477	  45.674
105	-265.146	26	  -6.503	 122.761	  27.352
106	-264.985	24	  -9.376	  83.881	  33.921
107	-263.979	24	   0.748	 -16.452	  -8.109
108	-262.928	26	  21.971	  33.663	 -10.108
109	-262.823	24	   6.578	  97.719	  52.378
110	-262.445	23	   8.258	  72.287	  57.782
111	-258.994	23	  35.351	  95.728	  27.204
112	-256.101	25	  38.853	 110.856	  57.284
113	-254.367	24	  41.226	 -27.774	   6.877
114	-253.761	24	   6.958	   8.132	  10.740
115	-251.926	23	   9.586	 -14.979	 -15.722
116	-250.715	18	 -15.087	 115.423	  49.121
117	-250.654	21	  35.144	   9.687	  -9.589
118	-249.046	24	   6.169	 144.708	  47.452
119	-243.531	25	   1.924	  70.561	  25.060
120	-242.791	24	 -20.603	  88.254	  36.767
121	-240.879	22	  24.836	 117.238	  36.944
122	-240.750	23	  45.656	  17.943	   9.627
123	-239.930	22	  14.917	 117.426	  28.835
124	-239.572	23	  10.495	  62.802	  57.161
125	-239.559	21	  46.330	  -7.422	  -5.549
126	-238.889	23	  21.279	  80.165	  24.979
127	-236.990	22	  -7.828	  26.672	  10.333
128	-233.347	21	  -1.327	 117.660	  61.872
129	-231.133	21	  27.081	 110.458	  32.523
130	-230.965	21	  33.489	 105.562	  28.421
131	-229.325	23	   8.629	 122.524	  24.957
132	-226.568	20	  14.817	  31.822	  -8.816
133	-225.923	22	 -22.085	  81.193	  47.492
134	-218.731	21	 -15.018	 -13.075	  11.714
135	-210.722	20	  35.449	 117.870	  51.728
136	-209.539	19	 -17.393	 127.240	  51.846
137	-202.163	20	  12.877	 131.984	  29.914
138	-200.706	19	 -12.184	 -18.695	   5.324
139	-199.795	15	  39.388	 -16.273	   5.716
140	-198.993	18	  37.755	 -34.666	   6.518
141	-198.275	19	  14.694	  70.201	  33.974
142	-194.162	17	   0.135	  85.031	  26.435
143	-190.697	18	  -4.407	  33.931	  11.146
144	-190.152	18	  -8.735	  -4.276	 -16.142
145	-188.898	19	  18.116	  23.032	 -16.878
146	-188.239	19	  31.657	 -34.092	  15.106
147	-184.784	17	 -13.430	 134.218	  52.351
148	-182.190	18	  -5.313	 104.774	  27.904
149	-178.774	18	  12.000	 -28.993	 -17.593
150	-174.402	17	 -19.110	  95.728	  26.216
151	-172.702	16	  20.348	 -37.101	  14.821
152	-166.632	16	  -7.605	  64.862	  33.917
153	-165.747	16	  -0.991	  63.681	  55.920
154	-164.621	16	   0.636	 100.559	  55.544
155	-164.578	16	   4.239	   5.727	 -14.577
156	-161.947	16	  22.954	 128.727	  33.307
157	-160.042	16	  16.050	 -19.433	 -20.336
158	-159.082	15	  25.198	  18.446	 -13.169
159	-158.757	16	  -8.690	 132.204	  61.411
160	-158.718	16	 -10.812	  23.831	  -0.418
161	-158.568	15	   9.565	  31.062	  -3.836
162	-156.539	15	  -1.478	 100.781	  32.368
163	-155.706	15	  27.700	 -42.370	  10.042
164	-155.535	14	   9.716	  70.414	  28.846
165	-154.172	15	   2.378	 134.615	  62.119
166	-152.867	15	  14.398	  39.374	  18.559
167	-152.658	10	  28.976	  83.799	  48.117
168	-151.468	15	   6.510	  81.601	  21.988
169	-150.889	14	   6.673	  56.792	  52.207
170	-149.963	15	 -11.604	 117.283	  62.740
171	-149.045	14	  13.420	  97.767	  55.644
172	-146.958	15	  -8.874	  74.113	  29.584
173	-146.874	15	  32.864	  28.963	  -8.088
174	-146.687	14	 -20.381	 105.740	  27.240
175	-145.843	15	   1.709	 -26.367	 -13.653
176	-145.007	13	  32.080	  -3.069	 -19.332
177	-138.972	14	  36.638	  -9.377	 -24.690
178	-138.547	14	  19.710	  67.604	  58.676
179	-138.442	13	  22.296	 137.295	  40.674
180	-138.106	13	  10.680	   0.449	  13.173
181	-137.326	13	  22.739	  -2.144	  13.492
182	-135.443	14	  41.193	 -20.357	 -12.809
183	-135.015	13	  16.772	 -43.549	   9.963
184	-133.871	13	   7.077	  40.549	  15.797
185	-133.295	13	   1.355	 -40.242	   3.736
186	-132.929	13	  14.226	  60.447	  35.119
187	-130.829	13	   8.453	 -36.652	  13.113
188	-130.073	13	  36.908	  92.604	  37.972
189	-130.065	12	   2.229	 -35.249	  -8.518
190	-128.224	12	  46.845	  10.050	  -6.534
191	-127.345	13	  42.235	  14.761	  -1.250
192	-126.392	13	  32.811	 114.915	  40.517
193	-124.365	12	  16.333	  57.610	  52.276
194	-123.625	12	  39.723	   0.728	 -18.290
195	-121.685	12	   8.623	  17.913	  18.856
196	-121.578	12	  14.536	 134.622	  61.351
197	-119.692	12	  24.796	  34.303	  19.254
198	-119.547	12	  -3.448	  17.397	  20.287
199	-119.110	12	   2.014	  30.721	  20.205
200	-118.814	12	  37.106	 110.328	  36.263
201	-113.895	11	  42.370	   7.463	 -13.198
202	-113.071	11	 -12.932	  -8.841	  -9.730
203	-112.868	11	  -3.195	 140.601	  57.964
204	-111.939	11	 -24.763	  94.682	  37.984
205	-109.743	11	  31.994	  36.001	  -2.312
206	-107.503	11	  25.739	  79.983	  60.718
207	-106.878	10	  45.349	 -17.556	  -1.986
208	-105.458	10	 -21.232	  94.754	  45.463
209	-102.969	10	   7.257	 142.134	  57.982
210	-100.476	10	  -1.781	  36.638	  17.618
211	 -98.553	6	   6.389	 121.148	  54.316
212	 -96.527	9	  16.234	  -3.957	   9.913
213	 -95.461	10	  24.322	  59.786	  53.646
214	 -93.957	9	  -8.318	 -14.072	  -5.267
215	 -92.909	9	  19.950	 141.359	  52.409
216	 -92.627	9	 -19.941	 126.337	  41.591
217	 -92.164	9	   4.133	 113.108	  26.517
218	 -92.091	9	  31.277	  41.660	   5.848
219	 -91.937	5	  16.997	   0.340	   0.885
220	 -91.348	9	  32.834	  26.999	  11.329
221	 -91.216	9	  25.162	 132.885	  47.336
222	 -89.223	9	  10.530	 137.264	  35.344
223	 -88.469	8	  24.337	 -39.396	  -7.115
224	 -88.347	6	   1.659	  83.653	  39.382
225	 -87.844	9	  -5.212	  10.998	 -22.000
226	 -85.205	8	  14.431	  13.271	 -15.130
227	 -84.610	8	  34.644	  33.087	   6.232
228	 -84.265	8	  -0.024	 140.365	  40.275
229	 -83.562	9	 -15.146	  -4.099	  -3.888
230	 -80.839	8	  33.736	  73.441	  39.329
231	 -80.789	8	  13.717	  77.045	  21.279
232	 -77.664	8	   4.195	  64.966	  29.507
233	 -76.769	8	  23.979	 -22.037	 -21.353
234	 -75.413	4	   6.956	 100.045	  42.885
235	 -74.558	7	  19.845	 -10.521	 -17.082
236	 -73.144	7	  -7.741	  58.231	  39.298
237	 -71.830	7	  16.244	 -45.657	  -2.040
238	 -71.786	7	  12.002	  40.389	  -1.656
239	 -70.912	7	   1.222	 124.175	  23.843
240	 -69.322	7	 -14.623	 125.195	  33.360
241	 -68.088	7	  40.124	 102.064	  34.208
242	 -63.393	6	  10.129	  89.491	  25.538
243	 -60.420	5	 -10.600	  66.072	  42.885
244	 -60.330	6	  39.008	   5.348	  16.679
245	 -60.300	6	  43.635	 -26.954	  -2.305
246	 -57.776	6	  35.818	 -18.306	  18.541
247	 -57.562	6	  17.442	  45.820	  12.235
248	 -55.924	6	  45.791	  12.673	  19.220
249	 -53.934	4	  10.170	 -15.853	  -4.234
250	 -50.124	5	 -10.826	  19.977	 -17.856
251	 -49.842	5	 -20.814	 118.918	  42.902
252	 -48.807	5	  43.771	 110.400	  46.885
253	 -48.496	5	  15.111	 -35.345	 -12.796
254	 -48.431	5	 -29.605	  90.020	  46.313
255	 -47.967	5	  -5.024	   2.206	 -19.343
256	 -47.530	5	 -23.812	  84.951	  57.292
257	 -41.252	3	  23.411	  16.673	  -0.277
258	 -41.187	4	  31.611	  85.475	  30.716
259	 -39.138	4	  10.907	  24.694	 -18.062
260	 -38.085	4	  29.246	  76.634	  30.909
261	 -36.911	4	  -3.528	   6.348	  14.134
262	 -36.867	4	 -15.271	 101.912	  23.096
263	 -35.662	3	  13.697	 117.059	  39.902
264	 -31.873	3	  34.969	  81.137	  41.797
265	 -31.006	3	  40.058	  22.971	  14.262
266	 -30.202	3	  37.223	 -26.303	  15.581
267	 -29.589	3	  26.645	 -19.975	  18.238
268	 -29.580	3	 -17.724	  76.041	  52.254
269	 -29.014	3	  -1.031	 -32.977	   0.220
270	 -28.218	3	 -13.709	 106.665	  56.202
271	 -28.042	3	  22.697	  56.721	  39.567
272	 -26.942	3	  -6.365	 -25.318	   8.217
273	 -23.615	2	  11.969	  94.348	  44.400
274	 -21.414	2	 -15.031	   7.348	  -4.672
275	 -20.184	2	  -4.940	  -7.652	  15.430
276	 -19.998	2	  -1.031	  53.348	  48.376
277	 -19.910	2	 -19.031	  -8.652	   2.409
278	 -19.465	2	   9.480	 -47.163	   3.842
279	 -19.350	2	  29.969	 116.879	  62.885
280	 -19.157	2	  30.467	 123.348	  55.885
281	 -18.912	2	  -2.938	 -21.199	  17.369
282	 -14.012	1	   1.969	 105.348	  45.885
283	 -10.269	1	  28.969	  73.348	  56.885
284	  -9.737	1	  39.969	 -11.652	  15.885
285	  -9.659	1	 -16.031	  80.348	  59.885
286	  -9.479	1	  38.969	  16.348	  21.885
287	  -9.374	1	  50.969	  -1.652	  -8.115
288	  -9.149	1	  -5.031	 146.348	  43.885
289	  -9.046	1	  -3.031	 131.348	  30.885
