1	-1003.487	68	  15.494	  44.311	   2.516
2	-538.640	43	  13.646	  36.127	  27.797
3	-526.119	49	  19.777	  46.128	 -15.660
4	-456.652	42	  11.976	  45.605	  27.292
5	-447.037	40	  13.550	  22.033	  17.831
6	-272.680	26	  23.516	  24.490	  24.201
7	-260.537	25	  15.468	  55.223	  11.812
8	-259.037	26	   5.251	  50.771	  10.007
9	-224.322	22	   3.796	  47.920	  -9.467
10	-210.847	20	  27.390	  36.424	  23.501
11	-182.684	18	   5.707	  36.126	  10.063
12	-180.045	17	   6.329	  40.817	  26.627
13	-177.743	18	   8.774	  30.749	 -12.798
14	-165.636	16	  26.213	  22.732	  10.096
15	-155.113	15	   6.114	  40.247	 -14.167
16	-119.346	12	  28.924	  32.643	   4.591
17	-111.978	11	  19.301	  29.269	  32.688
18	-107.382	11	  20.545	  35.510	 -16.051
19	 -93.849	9	  28.132	  40.887	  11.932
20	 -93.117	9	  23.557	  18.289	  19.316
21	 -85.924	8	   8.836	  48.616	 -19.423
22	 -83.080	8	  22.991	  21.730	  -1.037
23	 -82.261	8	  16.885	  20.698	   5.192
24	 -80.643	8	  18.530	  51.170	  23.823
25	 -79.700	8	  23.171	  50.592	   4.232
26	 -75.173	8	   5.605	  36.200	  -5.838
27	 -70.790	7	   8.478	  28.740	   3.151
28	 -68.476	7	  11.329	  24.200	  -4.493
29	 -59.613	6	   8.092	  26.854	  21.452
30	 -58.020	6	   2.803	  45.384	   2.831
31	 -57.435	6	   7.477	  51.049	  19.825
32	 -54.419	5	  28.788	  30.353	 -13.338
33	 -50.171	5	   2.393	  40.412	  17.696
34	 -47.889	5	  20.047	  43.435	  34.023
35	 -47.498	5	  15.197	  56.603	  -7.617
36	 -42.872	4	  29.605	  31.914	  16.856
37	 -20.271	2	  14.605	  56.200	   2.331
38	 -19.381	2	  28.084	  42.242	   1.318
39	 -18.640	2	  20.176	  23.200	 -11.133
40	 -10.503	1	  16.605	  16.200	  13.839
41	  -9.323	1	  10.605	  29.200	  30.839
42	  -9.150	1	  15.605	  47.200	 -24.161
43	  -8.937	1	  14.605	  17.200	  25.839
