1	-866.551	80	   9.483	  -6.865	   5.638
2	-641.604	60	   6.423	  -9.652	  25.200
3	-616.671	59	  12.279	 -15.243	  -9.310
4	-564.189	48	   4.668	   0.166	  17.478
5	-542.914	45	  11.456	 -21.166	  16.020
6	-530.981	46	  33.339	  -0.657	  34.494
7	-520.913	48	   1.630	 -26.165	  -9.458
8	-516.850	46	  30.373	  -5.208	  26.836
9	-492.841	42	  20.307	   4.034	   6.940
10	-489.544	45	  19.343	  -6.385	   1.904
11	-473.773	43	   6.874	 -21.681	 -15.698
12	-422.694	36	  17.805	 -15.707	  18.941
13	-397.398	38	  10.306	   0.411	   6.326
14	-397.222	34	  26.724	 -11.508	   6.921
15	-394.845	35	  30.761	   9.059	  19.269
16	-394.502	36	  10.376	  19.566	  21.212
17	-370.787	34	   6.523	 -12.464	  -7.297
18	-356.448	33	   4.573	 -15.417	  18.687
19	-352.028	33	  12.373	 -42.444	   9.727
20	-346.142	32	  26.181	 -10.361	  29.927
21	-343.992	31	  27.102	   6.656	  35.832
22	-334.394	29	  20.633	 -29.900	  -7.831
23	-283.402	25	  -1.662	 -30.275	  -3.352
24	-279.560	26	  17.701	   6.155	  37.895
25	-271.474	26	  33.235	   1.737	  14.721
26	-266.872	23	  26.488	 -24.380	   6.819
27	-251.989	21	  -2.227	 -18.304	   1.995
28	-241.418	23	  25.400	 -21.169	  13.677
29	-233.325	22	  20.102	 -34.524	   1.723
30	-229.636	22	  24.172	  -1.230	  37.922
31	-226.667	22	  24.813	 -22.191	  -8.018
32	-224.852	21	  29.631	 -11.483	  20.633
33	-222.852	22	   8.706	  -2.960	  35.247
34	-213.597	21	   0.767	  11.654	  22.549
35	-208.358	21	   7.898	 -33.591	 -12.068
36	-204.492	20	   5.071	 -36.330	  17.864
37	-201.526	18	   7.805	   8.573	  14.698
38	-195.108	19	  20.905	 -16.904	 -11.830
39	-189.175	19	  -2.269	 -11.689	  -0.937
40	-186.275	17	  21.522	  13.814	  17.507
41	-183.747	16	  14.967	  -6.626	  36.843
42	-176.660	13	   5.930	   6.008	  25.389
43	-168.236	11	   4.982	 -29.808	  12.078
44	-165.995	15	  14.009	 -13.635	  33.190
45	-153.038	14	  37.078	   4.145	  24.060
46	-152.951	14	  15.457	 -30.408	  15.151
47	-151.411	14	   0.312	  -6.265	  13.619
48	-135.568	13	  18.873	 -26.200	 -15.666
49	-111.824	11	   7.404	  11.961	  35.265
50	-110.851	10	  -4.553	 -23.670	   8.296
51	-101.326	10	  29.480	 -25.426	  -1.312
52	 -97.926	10	  26.965	  14.218	  30.510
53	 -96.080	10	  35.945	  -4.874	  17.827
54	 -90.980	8	  -2.695	 -36.407	   7.336
55	 -78.210	8	   0.811	   5.349	  32.591
56	 -76.174	8	  -3.802	 -30.924	  13.991
57	 -75.917	8	  25.584	 -30.793	  13.605
58	 -70.927	7	  26.911	 -11.276	  -3.736
59	 -69.643	7	  -3.236	  -9.583	   6.875
60	 -69.573	7	  20.583	  19.510	  29.404
61	 -69.391	7	  10.829	 -40.642	  -3.466
62	 -60.586	6	  18.667	 -17.430	  26.055
63	 -56.966	6	  -0.731	 -23.678	  17.053
64	 -49.641	5	  12.285	  19.911	  33.252
65	 -47.441	5	   3.580	 -44.928	   2.229
66	 -43.800	4	  20.447	 -38.093	  10.190
67	 -42.030	4	  18.951	  14.075	  38.507
68	 -40.365	4	  14.137	  16.831	  13.500
69	 -40.138	4	  -0.813	 -38.624	  -4.257
70	 -39.377	4	  28.467	   6.323	   8.500
71	 -38.736	4	   1.460	  -2.928	   5.500
72	 -36.107	4	   9.207	 -26.425	 -23.255
73	 -22.473	2	  29.447	  -2.704	   3.745
74	 -21.089	2	  17.922	 -38.169	  17.745
75	 -20.705	2	  -5.986	 -29.871	   3.312
76	 -18.788	2	  34.447	 -17.666	   0.242
77	 -18.637	2	   7.958	  12.817	   8.731
78	 -18.301	2	  15.428	  12.850	   6.254
79	 -13.533	1	  25.447	  -0.169	  18.745
80	  -9.311	1	  35.447	   8.831	  32.745
