1	-1704.491	150	  47.288	  87.730	  25.176
2	-1637.256	141	  93.128	   1.987	  20.893
3	-1451.395	123	 107.748	  79.506	  22.836
4	-1311.984	111	 113.716	  36.861	   4.627
5	-1043.525	93	  98.609	  15.175	  14.818
6	-1003.216	94	 101.152	  24.913	  19.574
7	-917.267	77	  89.220	  -6.749	  30.747
8	-893.752	73	 106.042	  46.938	   9.977
9	-890.533	65	 103.469	   7.603	  16.693
10	-876.644	80	 103.534	  14.549	  25.754
11	-872.543	78	  91.963	  24.617	  13.296
12	-848.198	79	  64.628	  99.627	  35.056
13	-845.514	71	 102.586	  68.034	  17.692
14	-837.280	77	  75.990	 -10.771	  11.214
15	-827.773	70	  56.161	  89.058	  15.754
16	-796.167	74	  92.464	  87.871	   7.996
17	-783.145	71	  97.754	  63.216	   7.816
18	-772.545	66	 116.074	  42.277	  10.468
19	-768.450	62	  85.086	 -16.850	  16.644
20	-759.771	63	 111.484	  75.393	  17.284
21	-716.175	62	  70.252	  98.338	  24.563
22	-714.298	56	  67.176	  89.725	  29.713
23	-710.620	63	  99.311	  50.971	  22.123
24	-703.205	62	 106.713	  13.454	   1.927
25	-693.265	55	  97.300	  78.135	   3.097
26	-685.563	63	 102.604	  17.065	  -3.600
27	-681.824	54	 104.392	  35.908	  24.599
28	-668.898	58	  75.787	 -16.455	  21.818
29	-649.617	55	  94.479	  34.652	  20.641
30	-643.779	55	  94.251	  -8.374	  19.142
31	-637.613	55	 115.711	  41.030	  18.374
32	-636.244	54	  55.793	  82.564	  27.751
33	-627.032	61	 100.880	  54.769	  14.925
34	-620.543	56	  93.456	  17.373	   0.783
35	-617.923	52	  87.863	  76.471	   7.349
36	-613.365	53	 110.032	  76.433	   9.443
37	-600.791	54	 102.986	  10.662	   7.916
38	-587.490	47	  96.591	  43.328	  12.747
39	-577.765	46	  93.748	  93.998	  23.219
40	-577.218	54	 128.428	  31.228	  18.086
41	-551.479	46	  44.171	 112.322	  40.132
42	-533.109	42	  50.313	 108.215	  35.026
43	-518.129	44	  70.391	  11.931	   6.204
44	-503.785	40	  86.573	   5.775	  24.033
45	-497.905	39	  92.589	  69.258	  15.336
46	-490.276	46	 113.934	  62.131	  22.625
47	-473.973	42	 114.222	  52.888	  -5.238
48	-469.148	39	  95.698	 101.535	  26.714
49	-468.408	35	  72.741	   5.199	  11.445
50	-464.424	40	  92.093	  92.063	  33.658
51	-463.369	40	  68.765	  13.269	  18.234
52	-459.068	35	  45.608	  95.514	  21.889
53	-450.680	40	 112.763	  64.640	  33.336
54	-448.820	40	  90.702	  33.611	  12.486
55	-440.649	37	  65.418	 105.122	  20.371
56	-428.997	37	  44.018	 114.281	  28.387
57	-427.924	40	 120.358	  87.410	   9.588
58	-427.533	37	  38.402	  86.709	   7.974
59	-427.392	38	  96.907	   9.771	  38.156
60	-422.941	37	 120.200	  83.439	  24.545
61	-419.518	37	  85.695	  24.276	   4.415
62	-418.556	38	 127.078	  36.908	   3.233
63	-411.686	30	 105.215	  20.854	   5.683
64	-405.769	36	  36.837	  84.233	  30.474
65	-382.721	36	 114.968	  55.302	   4.756
66	-382.121	36	  44.135	 107.099	  48.350
67	-376.959	33	  70.992	 -10.465	  26.179
68	-373.394	25	  83.037	   2.326	   2.406
69	-370.608	28	  81.299	  -9.809	  28.683
70	-365.300	33	  75.491	  10.946	  -2.145
71	-364.963	32	 120.523	  75.962	  32.160
72	-363.017	26	  62.106	  95.797	  17.754
73	-355.619	33	  40.121	 105.249	  12.080
74	-350.899	22	  50.045	  97.463	  43.873
75	-329.959	32	  30.075	  96.877	  25.253
76	-326.056	28	  31.893	  85.105	  19.741
77	-323.362	32	  46.775	  79.600	  10.673
78	-322.937	30	  53.389	  96.493	   6.334
79	-321.345	29	 124.722	  43.956	  -5.011
80	-319.001	32	 101.038	   0.314	  35.162
81	-317.683	29	  84.418	  76.588	  16.274
82	-314.198	21	 116.160	  18.958	  13.739
83	-312.852	21	 104.661	  97.733	  14.007
84	-308.314	29	  92.161	  26.481	  -0.766
85	-303.889	28	  97.886	  49.256	   0.982
86	-301.383	29	 103.011	 107.349	  22.653
87	-298.334	28	 113.932	  22.525	  25.831
88	-296.965	27	 132.258	  30.711	   9.342
89	-293.493	28	  30.923	 113.059	  30.134
90	-289.555	27	  72.976	  25.272	  15.451
91	-289.369	26	 123.663	  90.569	  17.972
92	-285.026	27	  69.454	  19.591	  21.578
93	-282.473	28	  62.361	 107.279	  31.425
94	-279.735	27	  69.492	  -6.549	  15.028
95	-278.546	27	  52.651	 114.251	  21.339
96	-277.950	26	 111.471	  18.285	 -14.093
97	-277.669	26	 103.542	  21.563	 -12.194
98	-277.293	26	  37.733	 115.672	  25.012
99	-269.332	26	  65.486	  86.387	  14.946
100	-267.519	25	 113.467	  85.795	  37.272
101	-267.108	25	  83.476	  -1.610	  40.065
102	-261.525	24	  96.579	  62.943	  26.701
103	-257.731	24	 103.335	  94.134	   2.267
104	-257.157	25	  87.467	  88.224	  14.203
105	-256.605	24	  78.999	  13.043	  34.981
106	-253.605	24	  61.557	  90.629	  44.630
107	-251.465	23	 129.352	  20.048	   4.775
108	-250.453	24	 102.070	  39.724	 -10.287
109	-250.041	24	  97.953	  23.725	  -4.921
110	-245.731	22	 118.034	 100.265	  22.873
111	-243.259	22	  37.712	  81.128	  39.832
112	-237.135	23	  66.443	   5.424	  24.541
113	-233.553	22	 117.875	  33.959	 -11.209
114	-230.341	22	  97.669	  74.345	  38.641
115	-230.261	22	  85.692	  84.226	  29.730
116	-226.990	22	  59.401	  77.533	  19.058
117	-224.853	21	 106.075	  -0.837	  16.074
118	-222.721	21	  85.299	 -10.147	   1.021
119	-211.895	20	 102.744	  -0.118	   8.601
120	-210.971	20	 118.252	   9.176	   3.908
121	-210.638	20	 127.056	  43.735	  14.617
122	-205.649	20	  48.157	  77.680	  37.036
123	-204.088	19	  94.164	  91.238	  40.730
124	-202.926	19	 106.384	  69.238	  37.217
125	-199.582	18	  35.685	  92.649	  45.781
126	-198.176	19	  57.725	 110.123	  38.411
127	-194.653	18	  88.486	  12.907	  37.153
128	-193.469	19	  67.490	  97.604	  12.273
129	-192.811	18	 109.082	  46.636	  -9.458
130	-189.748	18	  46.281	  74.667	  29.253
131	-189.492	17	 112.325	   8.565	  10.026
132	-188.352	18	  56.993	  82.388	  41.534
133	-183.594	16	 112.083	  50.750	  20.298
134	-182.987	17	  38.305	  95.562	   9.122
135	-181.705	17	 123.683	  72.602	  22.796
136	-179.200	17	  78.105	 -13.777	  34.164
137	-178.753	17	 106.752	 107.869	  14.095
138	-177.555	17	 104.126	  58.111	  24.835
139	-177.361	18	  45.171	  83.428	  46.375
140	-175.664	17	  87.835	 -19.347	  30.724
141	-170.327	15	 123.470	  18.695	  -6.007
142	-165.160	14	 111.800	 100.527	  33.084
143	-159.592	15	  92.033	  -2.827	  42.676
144	-159.365	15	 123.186	  14.806	  16.488
145	-157.781	15	 100.213	  -6.516	  15.189
146	-157.742	16	  93.583	 107.436	  11.778
147	-154.827	14	  88.524	  21.487	  22.715
148	-153.054	14	 118.955	  51.041	  13.145
149	-148.974	15	  80.885	  87.247	  20.889
150	-148.621	14	 121.146	  29.888	  24.564
151	-144.731	14	  98.430	 100.563	  40.792
152	-144.228	12	  30.407	 102.204	  39.281
153	-142.875	14	 118.096	  94.528	   9.431
154	-142.328	13	 109.263	  67.068	   7.145
155	-140.598	12	 103.011	  -4.455	  26.501
156	-139.788	12	 121.190	  76.024	  11.926
157	-138.420	13	  46.957	  94.736	  51.519
158	-138.035	13	 107.286	  59.445	   4.332
159	-137.821	13	 116.310	  67.469	  13.835
160	-137.103	13	 111.768	  87.798	   2.804
161	-130.048	13	  90.809	  97.226	  16.022
162	-129.790	12	  99.906	  56.864	   2.628
163	-127.420	13	  94.421	 -11.415	  39.093
164	-125.867	11	  49.865	  76.128	  19.465
165	-124.178	12	  95.302	  -8.643	   4.418
166	-122.263	11	 103.097	  94.313	  42.620
167	-120.955	12	  93.873	  29.972	  -7.783
168	-118.423	12	 108.624	  79.253	  40.208
169	-112.897	11	  67.857	  10.421	  30.642
170	-112.873	11	  97.577	   2.154	  -0.155
171	-112.567	11	  68.944	  83.010	  24.431
172	-111.405	11	 113.919	  10.189	  -5.538
173	-105.297	10	  39.361	  75.989	  23.634
174	-104.772	11	  65.476	   2.788	  34.454
175	-103.455	10	  70.026	  -1.544	   6.629
176	-101.919	10	 127.490	  47.286	   7.862
177	-101.064	10	  88.053	  80.775	  36.815
178	-100.517	10	  82.195	  74.685	  32.279
179	 -99.706	9	  88.003	  18.988	  29.210
180	 -97.684	9	  52.184	  87.619	   3.666
181	 -96.005	9	  70.250	  -0.354	  -5.399
182	 -94.111	9	 107.060	  46.471	  25.931
183	 -91.795	9	 125.445	  50.742	  -0.952
184	 -90.702	9	 114.644	  11.158	  21.532
185	 -87.558	6	 101.799	  70.087	  29.783
186	 -86.369	8	  85.985	   4.427	  -5.523
187	 -85.811	9	  63.796	 103.817	  46.066
188	 -82.722	8	  87.791	  34.726	  -4.298
189	 -81.964	8	  55.593	 108.982	  51.647
190	 -81.936	6	 105.301	  44.383	  -1.473
191	 -81.614	8	 101.083	  41.875	  28.003
192	 -79.656	8	  79.014	  -3.483	  -5.972
193	 -79.636	8	  58.493	  86.551	   1.528
194	 -79.502	8	  85.433	  37.252	   8.021
195	 -79.330	8	 123.875	  30.892	  -6.692
196	 -76.668	8	  58.568	  80.258	   7.806
197	 -73.924	7	 101.114	 104.748	   6.386
198	 -71.992	7	  98.602	 -13.355	  26.513
199	 -71.519	7	 111.709	 100.942	   8.343
200	 -70.901	7	  46.995	 114.179	  15.904
201	 -70.485	7	  35.680	  79.164	  12.602
202	 -70.331	7	 100.653	 106.057	  32.246
203	 -69.583	5	  85.787	   5.438	  33.700
204	 -67.650	7	  55.225	 114.628	  11.801
205	 -66.865	7	  73.371	  -8.913	  -0.157
206	 -66.383	7	  80.217	  72.062	  20.534
207	 -64.101	6	 102.920	  69.190	   1.879
208	 -63.646	6	  89.405	  42.742	   2.665
209	 -62.079	6	  73.919	  23.107	   6.683
210	 -61.799	4	  75.152	   1.719	  20.281
211	 -60.988	6	  91.502	 -15.041	  12.738
212	 -60.385	6	 115.307	  48.831	 -13.458
213	 -60.110	6	  90.085	   4.835	  41.506
214	 -59.725	6	  56.480	  99.708	  52.680
215	 -59.280	6	  65.742	 108.984	  13.339
216	 -57.868	6	  45.766	  91.494	   4.538
217	 -57.783	6	  67.122	  -8.988	  32.887
218	 -57.660	6	 105.105	  53.168	  -3.780
219	 -55.275	4	  53.078	 104.645	  26.049
220	 -53.495	5	  63.187	   0.658	  14.128
221	 -51.948	5	  33.337	 112.522	  39.517
222	 -50.213	5	 113.321	  68.704	  41.129
223	 -50.060	5	  93.196	  98.885	   5.318
224	 -49.292	5	  32.685	  96.946	  16.527
225	 -49.221	5	  31.694	  91.708	   8.156
226	 -49.068	5	  85.858	  67.566	  25.387
227	 -49.059	5	 120.948	  66.750	  32.777
228	 -48.715	3	  46.310	  95.814	  12.465
229	 -48.276	5	  88.132	  42.495	  15.718
230	 -41.934	4	 121.161	  17.999	 -13.246
231	 -41.563	4	  72.073	  -4.177	  37.744
232	 -40.004	4	 130.687	  17.497	  11.785
233	 -39.654	4	 108.886	   3.497	  23.060
234	 -39.183	4	  91.731	  67.745	  31.011
235	 -39.030	4	  93.699	  18.752	  37.758
236	 -38.366	4	  80.174	 -23.739	  31.008
237	 -38.053	4	  29.438	  94.716	  41.493
238	 -37.032	4	  83.919	  67.508	  12.290
239	 -37.000	3	  94.197	  84.663	  22.873
240	 -33.022	3	  75.842	  92.497	  15.821
241	 -32.750	3	  86.239	  12.827	  -4.473
242	 -31.773	3	  25.930	 107.160	  35.206
243	 -31.639	3	  35.592	  99.311	  49.921
244	 -31.235	3	  59.556	 105.346	   8.239
245	 -31.111	3	 112.607	 106.497	  19.852
246	 -31.092	3	  62.930	  83.204	  32.202
247	 -31.070	3	  91.255	  46.822	  24.177
248	 -30.876	3	  92.036	 -20.099	  22.519
249	 -30.762	3	  87.273	  65.154	   3.551
250	 -29.747	3	 110.246	  28.813	 -16.122
251	 -29.674	3	 104.277	  61.799	  32.126
252	 -29.578	3	 112.253	  37.497	  25.188
253	 -28.842	3	 104.556	  11.558	  34.229
254	 -28.396	3	 111.654	 107.497	  27.517
255	 -27.554	2	 101.375	  28.497	   5.527
256	 -27.491	3	  76.601	  24.497	  24.863
257	 -27.377	3	 105.634	  29.163	  30.200
258	 -27.196	2	 125.930	  36.035	  10.527
259	 -22.376	2	 109.930	  99.928	  41.527
260	 -22.000	2	 125.930	  12.497	   7.979
261	 -21.119	2	 105.444	  78.497	   2.527
262	 -20.883	2	  60.514	 114.775	  26.666
263	 -19.106	2	  35.013	 107.059	  47.048
264	 -19.019	2	 117.930	 103.004	  15.020
265	 -10.228	1	  80.930	  29.497	  16.527
266	 -10.192	1	  64.930	  17.497	  11.527
267	 -10.003	1	  98.930	  85.497	  -2.473
268	  -9.818	1	  30.930	 109.497	  20.527
269	  -9.809	1	  78.930	  78.497	  25.527
270	  -9.310	1	 103.930	  -7.503	  34.527
271	  -9.240	1	  40.930	 119.497	  34.527
272	  -9.179	1	 122.930	  51.497	 -10.473
273	  -9.105	1	  84.930	  20.497	  -2.473
274	  -9.092	1	  90.930	 100.497	  35.527
275	  -9.045	1	 127.930	  11.497	   0.527
276	  -8.910	1	 124.930	 100.497	  17.527
