1	-557.952	49	  19.298	  32.786	   7.749
2	-529.210	51	  22.591	  19.369	  25.506
3	-473.377	44	  20.502	  12.879	   3.103
4	-460.565	42	  24.428	  28.366	  15.981
5	-388.213	35	  10.017	   6.665	  23.380
6	-289.778	27	   3.868	  10.969	   7.306
7	-277.069	28	  11.499	   0.369	  14.700
8	-234.404	20	  21.668	   6.376	  18.142
9	-223.695	21	  11.472	  27.341	  21.492
10	-218.550	21	  11.481	  16.232	   1.018
11	-213.766	21	   3.986	  18.040	  17.164
12	-158.538	15	  20.962	  26.863	   1.710
13	-130.415	13	  21.702	   3.847	  30.579
14	-115.254	11	  22.777	  14.176	  31.180
15	-107.802	11	   2.059	   2.545	  12.930
16	 -96.283	9	  26.432	   7.798	  23.674
17	 -93.039	9	  15.134	   7.293	  30.673
18	 -79.414	8	  11.790	  16.657	  27.158
19	 -77.509	7	   7.517	  30.014	  13.773
20	 -74.499	7	  26.098	   9.989	  11.812
21	 -74.389	7	  15.753	  34.363	  20.829
22	 -69.886	7	  32.678	  39.533	  10.246
23	 -67.048	7	   8.087	   3.332	   6.752
24	 -61.939	6	  25.090	  39.673	   7.286
25	 -52.200	5	   5.710	  25.472	   3.776
26	 -48.830	5	  29.345	  10.952	  32.628
27	 -41.485	4	  19.583	   2.755	   9.592
28	  -9.595	1	  29.534	  25.506	   9.560
29	  -9.484	1	  28.534	  16.506	  17.560
30	  -9.336	1	  28.534	  20.506	   3.560
