1	-1108.921	93	  26.441	  16.954	  62.017
2	-758.903	64	  19.808	   4.177	  70.850
3	-581.414	53	   9.539	  18.708	  33.238
4	-552.739	48	  10.870	   8.452	  78.432
5	-546.739	50	   6.063	  24.150	  73.162
6	-537.428	48	  38.720	  25.198	  51.227
7	-475.325	40	  20.206	  24.193	  69.858
8	-424.241	40	  20.880	  34.752	  40.441
9	-380.176	37	  10.146	   6.762	  41.713
10	-363.225	30	  29.275	   5.506	  64.644
11	-345.586	31	  27.291	  28.786	  36.181
12	-340.888	31	  -1.020	  14.099	  71.481
13	-312.752	26	   2.754	  39.367	  54.751
14	-287.878	24	  -0.948	  31.203	  56.470
15	-284.117	21	  16.913	   2.592	  48.473
16	-280.844	25	   3.981	  24.916	  42.154
17	-278.235	26	  -0.646	  25.007	  65.514
18	-270.115	26	  15.048	   1.168	  60.307
19	-266.583	25	  11.868	  35.364	  37.952
20	-256.050	24	  17.066	  39.835	  65.308
21	-235.877	21	  21.567	  17.272	  68.404
22	-233.528	18	   3.925	  16.393	  40.980
23	-218.591	13	  15.082	  17.415	  42.165
24	-212.018	21	  38.510	   7.623	  48.698
25	-205.615	20	   1.942	   4.886	  73.249
26	-204.873	20	  27.203	  12.062	  69.333
27	-199.425	19	  19.007	  47.990	  51.550
28	-188.942	19	  19.296	   3.596	  36.048
29	-182.347	17	  28.151	  33.681	  70.406
30	-182.301	18	  33.424	  43.116	  54.788
31	-179.740	16	   1.435	  30.843	  44.082
32	-168.162	16	  31.749	  37.004	  44.644
33	-166.671	16	   6.280	   2.339	  53.274
34	-159.711	15	   8.965	  40.666	  59.561
35	-151.559	15	  37.749	  35.822	  59.542
36	-134.435	14	  31.765	   3.188	  40.853
37	-119.821	11	   1.986	  35.253	  63.620
38	-119.082	12	  11.065	  21.750	  79.513
39	-118.495	12	  -0.948	  21.629	  53.440
40	-117.821	11	  36.807	  24.716	  40.310
41	-116.205	11	  39.087	  14.743	  62.217
42	-113.435	11	  26.521	  17.574	  31.283
43	-110.897	11	  17.480	  15.371	  28.378
44	-107.730	10	  11.756	  30.019	  73.688
45	-106.901	10	  41.823	  19.426	  57.183
46	-101.760	10	  28.818	  42.631	  65.634
47	 -99.572	9	  24.859	   1.735	  53.433
48	 -99.498	10	  37.701	  13.908	  38.986
49	 -95.101	10	  -1.312	  14.326	  58.411
50	 -88.315	9	  26.983	  46.737	  47.525
51	 -85.531	8	  29.777	  22.125	  66.603
52	 -79.952	8	  -0.553	  39.374	  43.954
53	 -79.937	8	   2.245	  14.219	  47.909
54	 -76.265	7	  40.951	  17.247	  48.875
55	 -69.593	7	  33.628	   2.007	  56.352
56	 -69.326	7	  17.356	  27.295	  30.639
57	 -68.607	7	  16.058	  14.798	  83.639
58	 -66.842	6	  27.232	   7.654	  33.458
59	 -62.945	6	  21.673	  11.168	  76.979
60	 -62.603	6	  14.829	  -1.605	  42.751
61	 -61.517	3	  28.113	  19.612	  53.034
62	 -61.327	6	   1.198	  12.657	  80.794
63	 -59.277	6	   9.602	  28.384	  31.158
64	 -57.800	6	  19.673	  20.662	  78.798
65	 -57.362	3	  28.848	  30.674	  63.306
66	 -55.732	6	  38.881	  28.994	  65.461
67	 -50.333	5	  11.026	   0.280	  69.328
68	 -49.499	5	  26.793	  -1.993	  43.100
69	 -43.269	3	   9.367	  12.852	  63.603
70	 -39.121	2	  23.821	  36.461	  55.639
71	 -37.043	2	  18.367	  29.007	  60.070
72	 -27.658	2	  22.015	  11.007	  39.287
73	 -20.241	2	   0.871	   5.494	  61.160
74	 -13.957	1	   9.367	  12.007	  46.639
75	 -10.573	1	   8.367	  45.007	  49.639
76	  -9.805	1	  11.367	  10.007	  26.639
77	  -9.547	1	  21.367	  47.007	  62.639
