1	-1092.540	91	  26.341	  17.007	  62.068
2	-783.622	67	  19.814	   4.105	  70.825
3	-589.405	54	   9.742	  18.483	  33.228
4	-585.138	54	   6.262	  24.071	  73.612
5	-570.996	50	  10.954	   8.506	  78.701
6	-545.801	49	  38.785	  25.300	  51.271
7	-428.523	40	  20.874	  34.878	  40.722
8	-412.515	35	  29.095	   5.976	  65.169
9	-389.799	31	  19.018	  19.692	  69.248
10	-386.147	37	   9.935	   6.817	  41.783
11	-356.198	32	  -1.058	  13.953	  71.454
12	-339.496	30	  27.095	  28.940	  36.407
13	-322.371	27	   2.771	  39.342	  54.792
14	-298.281	22	  16.910	   2.695	  48.386
15	-283.062	26	  -0.620	  24.975	  65.469
16	-278.661	25	  22.811	  25.667	  69.588
17	-275.545	26	  11.612	  35.607	  38.178
18	-269.106	26	  15.063	   1.184	  60.337
19	-267.215	25	  17.052	  39.759	  65.437
20	-256.789	23	   4.019	  24.829	  42.329
21	-240.036	21	  -1.487	  31.440	  56.409
22	-213.500	16	   4.030	  16.354	  41.289
23	-211.375	13	  15.094	  17.426	  42.198
24	-209.805	21	  38.189	   7.520	  48.187
25	-203.973	20	   1.852	   4.897	  73.367
26	-183.175	17	  27.869	  34.101	  70.482
27	-182.769	18	  33.555	  43.084	  54.479
28	-181.245	16	   1.444	  30.862	  44.097
29	-179.621	18	  19.636	   3.481	  36.103
30	-177.153	17	  41.772	  18.118	  58.046
31	-169.270	16	  31.651	  36.601	  44.620
32	-161.515	16	  37.917	  35.730	  59.522
33	-157.067	15	   6.350	   2.358	  53.294
34	-156.700	15	  18.568	  47.578	  50.516
35	-153.909	15	  26.629	  13.739	  69.630
36	-148.592	14	   9.077	  40.754	  59.509
37	-134.344	14	  31.982	   3.153	  41.200
38	-120.935	11	   2.002	  35.267	  63.641
39	-118.887	12	  -0.939	  21.660	  53.464
40	-115.026	11	  11.743	  29.764	  73.805
41	-112.316	11	  27.034	  17.669	  31.230
42	-110.416	11	  14.786	  27.770	  30.863
43	-110.333	11	  14.312	  22.075	  79.893
44	-108.973	11	  37.855	  14.098	  39.152
45	-101.216	10	  17.502	  15.549	  28.290
46	 -98.083	9	  40.437	  18.010	  48.479
47	 -97.941	9	  36.929	  24.578	  40.370
48	 -96.966	5	  29.240	  30.599	  63.425
49	 -96.438	10	  -1.484	  14.438	  58.635
50	 -92.035	9	  21.490	  12.903	  77.625
51	 -90.485	8	  24.717	   1.726	  53.335
52	 -90.239	9	  28.585	  42.817	  65.777
53	 -84.750	8	  29.793	  22.137	  66.626
54	 -83.738	8	  37.517	  14.715	  63.837
55	 -79.263	8	  -0.526	  39.392	  43.972
56	 -79.144	8	  14.729	  -1.670	  42.747
57	 -76.411	8	   2.134	  14.002	  48.049
58	 -76.311	4	  28.150	  19.553	  52.992
59	 -70.438	7	   0.857	  12.591	  80.427
60	 -70.079	7	  27.035	  46.829	  47.534
61	 -60.752	6	  33.657	   2.025	  56.330
62	 -60.131	6	  16.010	  14.454	  83.667
63	 -56.411	6	  39.045	  28.726	  65.648
64	 -51.787	5	  22.018	  49.310	  57.315
65	 -50.390	5	  26.815	  -1.975	  43.135
66	 -46.073	4	  27.694	   8.025	  33.620
67	 -41.008	4	  10.746	   0.356	  69.287
68	 -37.324	2	  18.382	  29.025	  60.103
69	 -36.753	2	  23.841	  36.484	  55.667
70	 -35.483	2	   9.382	  13.097	  63.059
71	 -28.350	2	  22.007	  11.025	  39.292
72	 -20.226	2	   0.880	   5.531	  61.157
73	 -12.159	1	   9.382	  12.025	  46.667
74	 -10.406	1	   8.382	  45.025	  49.667
75	  -9.645	1	  12.382	   9.025	  26.667
