1	-1144.686	105	  18.155	  62.585	  50.412
2	-1080.073	98	  58.652	  77.325	 139.446
3	-1060.046	96	  72.772	  91.880	 130.559
4	-1008.885	91	  22.450	  41.128	  52.557
5	-905.095	76	  41.719	  74.434	  60.947
6	-891.296	76	  58.044	  57.276	 119.961
7	-859.791	75	  34.699	  40.094	  77.989
8	-764.069	63	  64.707	  91.860	 104.932
9	-730.187	68	  21.326	  74.598	  44.623
10	-721.199	68	  90.427	  87.069	 129.157
11	-716.184	65	  56.065	  65.161	 144.632
12	-704.746	66	  56.867	  66.723	  88.430
13	-656.676	63	  53.871	  47.268	  90.902
14	-654.944	59	  40.208	  82.062	 139.858
15	-652.020	61	  20.070	  29.698	  58.909
16	-638.936	59	  74.386	 103.899	 124.353
17	-630.337	58	   5.533	  70.361	  62.389
18	-615.415	56	  55.259	  78.466	  78.650
19	-603.855	56	  50.741	  72.843	  87.044
20	-595.972	52	  87.532	  80.583	  99.704
21	-587.687	55	  54.259	  60.653	  87.867
22	-584.753	54	  48.685	  59.360	  93.777
23	-565.417	50	  52.105	  50.400	  99.111
24	-557.208	52	  62.628	  78.779	  83.693
25	-542.977	48	  63.531	  94.731	 126.438
26	-536.458	53	  26.870	  90.650	  71.784
27	-523.753	45	  25.231	  81.502	  79.976
28	-504.351	49	  33.716	  56.531	 124.311
29	-495.458	35	  63.882	  81.314	 104.974
30	-480.346	46	  33.244	  70.852	  84.232
31	-479.842	45	  35.684	  34.240	  41.750
32	-474.737	47	  41.856	  70.438	 106.193
33	-473.870	33	  39.692	  49.224	  74.666
34	-472.203	44	  28.237	  22.788	  57.343
35	-460.855	45	  88.153	  92.137	  97.900
36	-459.886	32	  41.030	  66.236	  68.889
37	-451.070	38	  50.472	  91.328	 107.015
38	-449.914	39	  50.043	  64.701	  54.150
39	-432.385	39	  45.770	  62.410	 143.943
40	-423.780	41	  56.342	  48.049	  67.845
41	-422.743	40	  77.681	  71.574	  99.462
42	-420.658	29	  58.018	  65.613	 112.580
43	-420.189	39	  36.919	  28.269	  83.937
44	-413.033	36	  72.529	  57.904	 117.372
45	-412.041	38	  16.259	  83.285	  52.041
46	-401.312	38	  44.232	  87.996	  60.162
47	-395.874	36	  33.890	  66.671	 116.379
48	-384.678	35	  11.727	  71.199	  74.661
49	-382.852	34	  25.117	  49.482	  83.726
50	-379.622	36	  36.084	  80.927	 126.697
51	-377.605	35	  41.330	  55.142	  91.944
52	-376.597	35	  75.916	  62.662	 104.396
53	-365.243	34	  64.932	  91.910	  94.237
54	-361.042	31	  55.593	  35.254	  62.854
55	-337.431	33	  27.130	  62.979	  44.971
56	-329.020	32	  52.135	  26.270	  69.772
57	-326.652	29	  18.969	  45.737	  60.455
58	-325.691	30	  65.775	  71.656	  87.525
59	-324.733	30	   5.014	  61.906	  72.001
60	-313.220	30	  78.143	 110.610	 112.115
61	-313.105	30	  25.492	  20.275	  67.538
62	-310.824	28	  52.652	  45.681	 121.662
63	-310.144	30	  42.408	  90.027	 112.901
64	-304.275	28	  31.434	  61.636	  87.573
65	-302.565	29	  36.435	  18.556	  66.959
66	-297.950	29	  67.371	  70.268	 137.775
67	-297.365	29	  41.237	  52.638	 137.050
68	-297.138	27	  57.033	  57.010	  63.207
69	-288.545	26	   7.918	  71.615	  53.047
70	-287.640	26	  58.311	  85.998	  89.766
71	-287.252	27	  43.158	  44.361	  39.036
72	-286.060	27	  55.220	  75.368	  69.660
73	-279.989	25	  90.208	  74.344	 128.782
74	-279.961	27	  49.850	  52.980	 142.668
75	-279.949	25	  59.401	  50.714	 105.362
76	-278.353	25	  39.321	  90.939	 131.020
77	-269.876	25	  68.384	 101.873	  96.588
78	-268.503	24	  51.083	  80.446	  93.472
79	-266.713	24	  42.916	  45.614	  90.624
80	-263.402	24	  84.157	 103.926	 117.767
81	-261.871	25	  44.221	  79.616	 102.794
82	-259.742	23	  56.906	  51.746	  84.013
83	-251.953	25	  54.724	  46.900	  53.010
84	-247.396	23	  27.833	  30.912	  45.658
85	-245.697	22	  66.534	  57.108	 102.568
86	-242.727	24	  48.186	  22.076	  64.721
87	-241.900	22	  22.077	  32.244	  75.961
88	-240.541	23	  51.479	  57.025	  49.114
89	-239.795	23	  24.608	  91.603	  56.336
90	-235.359	23	  84.606	 105.029	 105.671
91	-235.092	22	  45.420	  21.322	  72.198
92	-231.409	23	  49.524	  50.037	  43.922
93	-231.021	23	  18.039	  50.239	  50.325
94	-230.038	21	  38.021	  50.350	 127.300
95	-230.018	21	  53.336	  48.963	 112.359
96	-226.470	21	  65.650	  65.786	  95.367
97	-225.916	22	  39.261	  90.296	 120.801
98	-223.193	22	  39.617	  24.513	  48.478
99	-219.162	22	  65.748	  84.599	 138.056
100	-217.099	20	  48.429	  82.073	  67.169
101	-216.338	20	  40.857	  59.966	  39.140
102	-213.982	21	   8.838	  82.413	  63.524
103	-212.973	20	  51.454	  94.936	 133.955
104	-210.516	19	  42.457	  37.049	  85.963
105	-208.324	20	  84.751	  99.821	  97.820
106	-204.432	21	  58.774	  53.913	 142.618
107	-203.768	19	  44.436	  64.360	  85.891
108	-203.503	20	  43.435	  46.995	 108.602
109	-202.667	20	  11.540	  60.713	  79.783
110	-202.341	19	  44.527	  75.763	 145.812
111	-202.036	19	  69.213	 108.253	 105.410
112	-201.608	18	  51.284	  69.793	  96.549
113	-197.909	19	  64.235	 105.313	 111.493
114	-197.796	13	  38.356	  58.436	  73.575
115	-197.347	20	  92.300	  80.954	 118.530
116	-197.246	17	  49.674	  41.418	  49.622
117	-196.786	19	  87.496	  67.570	 121.605
118	-196.508	18	  29.756	  93.134	  64.632
119	-196.157	18	  56.738	  65.722	  69.037
120	-191.464	18	  43.141	  87.422	  82.001
121	-190.579	19	  33.484	  70.227	 139.387
122	-186.682	17	  41.355	  67.072	  44.898
123	-186.046	18	  52.788	  33.274	  85.978
124	-185.825	18	  74.668	  89.781	  85.113
125	-184.186	17	  55.541	  58.003	  76.380
126	-183.459	18	  77.899	  82.925	  84.306
127	-176.046	17	  95.186	  92.976	 117.999
128	-175.436	16	  55.783	  89.683	 100.017
129	-173.989	16	  17.842	  54.647	  82.414
130	-173.703	17	  48.174	  86.507	  75.470
131	-171.734	16	  71.023	  97.671	  90.214
132	-171.518	16	   2.446	  66.007	  56.748
133	-171.164	17	  83.124	  60.155	 111.887
134	-169.807	16	  79.499	  62.911	 133.010
135	-164.773	16	  16.614	  39.469	  63.814
136	-163.871	16	  36.912	  81.098	 115.976
137	-162.482	14	  88.972	  74.787	 115.845
138	-161.824	16	   8.138	  52.111	  59.859
139	-159.583	15	  50.181	  43.071	 128.689
140	-156.483	15	  38.148	  76.833	  46.708
141	-155.408	15	  81.666	  72.390	 135.383
142	-152.444	15	  15.802	  38.491	  72.093
143	-152.108	15	  31.547	  82.719	  43.088
144	-151.534	15	   9.982	  47.058	  74.479
145	-148.813	14	  50.602	  71.085	  60.549
146	-148.713	14	  41.737	  44.357	 119.276
147	-147.768	14	  45.783	  35.663	  46.535
148	-146.183	14	  23.476	  88.529	  48.644
149	-145.892	13	  80.350	  61.984	 120.002
150	-144.823	14	  33.554	  46.142	  85.513
151	-144.084	14	  36.473	  87.334	  47.929
152	-142.703	13	  85.252	  95.922	 130.512
153	-139.164	9	  57.763	  75.047	 108.317
154	-138.548	13	  64.970	  54.816	 113.494
155	-135.777	13	  20.138	  60.755	  87.528
156	-135.014	13	  28.361	  50.822	  39.773
157	-130.491	12	  49.448	 100.200	 122.968
158	-130.400	13	  85.832	  70.117	 110.608
159	-129.921	12	  58.737	  35.459	  82.514
160	-129.665	12	  62.377	  53.034	 132.210
161	-128.505	12	  26.657	  22.717	  77.373
162	-127.926	13	  45.788	  19.633	  57.141
163	-127.289	9	  64.774	  74.207	 131.334
164	-126.687	12	  38.929	  51.402	 105.123
165	-121.304	12	  77.686	  77.275	 138.800
166	-121.148	12	  47.521	  23.464	  81.684
167	-120.342	11	  54.852	  99.507	 113.686
168	-119.327	11	  72.106	  57.891	 128.288
169	-119.017	11	   7.019	  52.787	  67.423
170	-114.948	11	  19.925	  68.273	  82.506
171	-113.889	8	  28.850	  60.421	  52.328
172	-111.109	10	  78.353	  86.102	 138.828
173	-109.702	10	  18.639	  42.751	  78.228
174	-106.089	11	  95.047	  95.609	 106.574
175	-105.704	10	  24.139	  44.366	  41.355
176	-105.671	11	  45.234	  85.091	 144.077
177	-105.606	11	  15.773	  91.272	  65.989
178	-104.150	10	  55.259	  47.048	 135.239
179	-103.903	10	  34.746	  55.133	 112.850
180	-103.298	10	  59.351	  66.078	  78.298
181	-101.887	10	  88.552	 100.514	 122.747
182	-101.750	10	  36.120	  52.508	  38.562
183	 -98.821	10	  39.486	  62.950	 103.455
184	 -98.441	10	  39.723	  95.063	  67.557
185	 -96.047	9	  78.228	  99.720	  89.584
186	 -95.168	9	  35.686	  94.075	  54.138
187	 -95.153	10	  17.823	  26.672	  65.242
188	 -95.011	9	   7.980	  57.388	  53.356
189	 -94.891	9	  35.426	  19.510	  80.497
190	 -91.481	9	  60.732	  57.188	  54.224
191	 -91.237	9	  34.772	  89.989	  78.322
192	 -90.778	9	  59.616	  42.448	  73.818
193	 -86.653	8	  57.101	  33.341	  70.635
194	 -84.000	8	  54.693	  88.355	 142.156
195	 -83.438	8	  31.696	  60.231	 135.472
196	 -82.080	6	  44.702	  56.788	  65.924
197	 -80.257	8	  61.470	  57.973	  93.343
198	 -79.117	8	  70.582	  60.479	 135.174
199	 -77.720	8	  38.446	  86.959	 104.462
200	 -76.177	8	  14.669	  82.689	  76.054
201	 -72.215	7	  57.319	 101.953	 120.132
202	 -69.460	7	  28.352	  54.005	  92.788
203	 -65.705	6	  77.163	 108.780	  98.571
204	 -63.924	6	  75.395	  53.767	 108.651
205	 -61.832	4	  29.801	  74.917	  69.443
206	 -61.572	6	  78.757	  74.426	  91.570
207	 -60.263	6	  43.310	  92.087	  74.450
208	 -59.739	6	  58.143	  98.793	 105.944
209	 -59.118	6	  52.622	  28.242	  54.441
210	 -56.833	6	  69.984	 109.800	 117.922
211	 -56.547	3	  45.081	  66.796	 118.895
212	 -55.866	6	  33.316	  78.640	 106.101
213	 -54.901	3	  77.971	  82.820	 105.766
214	 -51.529	5	  36.726	  78.465	  85.029
215	 -51.100	5	  84.511	  87.723	  89.726
216	 -49.995	5	  45.125	  73.662	  51.510
217	 -49.056	5	  25.708	  39.299	  81.468
218	 -48.809	5	  86.879	  64.195	 103.052
219	 -47.719	5	  95.128	  83.173	 108.898
220	 -44.885	3	  67.100	  70.158	 110.076
221	 -44.044	4	  23.861	  69.678	  91.115
222	 -43.708	3	  60.455	  86.330	 115.355
223	 -42.716	3	  44.834	  39.913	  65.816
224	 -42.578	4	  59.316	  64.487	  59.541
225	 -41.518	4	  45.081	  87.782	  98.579
226	 -41.035	3	  28.819	  49.579	  70.594
227	 -40.749	4	  66.039	  53.728	 124.307
228	 -38.585	3	  64.909	  68.237	 119.669
229	 -38.295	4	  31.488	  43.042	  34.571
230	 -33.311	2	  33.855	  40.468	  62.076
231	 -32.649	3	   0.491	  57.691	  61.450
232	 -31.685	3	  85.987	  80.817	 140.076
233	 -29.624	2	  26.316	  69.468	  60.601
234	 -29.370	3	  63.638	  49.146	  58.754
235	 -27.645	2	  36.819	  72.958	  53.573
236	 -22.793	2	  27.441	  37.780	  73.076
237	 -22.150	2	  52.895	  69.889	 128.076
238	 -21.032	2	  47.837	  93.989	 141.555
239	 -19.792	1	  38.316	  61.468	  60.076
240	 -19.123	2	  64.829	  81.955	 128.563
241	 -18.742	2	  29.316	  72.468	 124.072
242	 -18.601	1	  43.316	  36.468	  73.076
243	 -18.403	2	  29.316	  31.968	  37.076
244	 -15.867	1	  74.316	  88.468	 101.076
245	 -15.311	1	  73.316	  88.468	 116.076
246	  -9.080	1	  40.316	  94.468	 139.076
247	  -9.037	1	  93.316	 102.468	 114.076
