1	-1416.581	117	  30.574	  11.947	  29.611
2	-1368.491	108	  27.623	   9.363	  37.073
3	-1238.284	96	 -21.136	  41.535	  54.471
4	-1238.259	97	  -3.146	  -6.221	  87.552
5	-1216.332	98	 -27.698	  44.582	  58.309
6	-928.608	84	   2.796	 -10.821	  89.235
7	-826.977	68	   6.474	   1.498	  81.116
8	-719.972	50	  -2.572	 -15.592	  91.599
9	-715.025	56	  21.693	  18.960	  45.150
10	-707.131	65	  13.735	  17.064	  34.135
11	-689.721	64	  21.804	  16.850	  25.467
12	-671.974	55	  27.484	 -23.237	  71.013
13	-668.872	62	   4.555	 -10.096	  74.050
14	-644.156	59	   4.885	  32.301	  20.740
15	-622.246	50	 -12.612	  35.955	  64.296
16	-545.464	44	 -36.462	  25.906	  86.727
17	-524.305	43	  14.271	  40.209	  20.860
18	-476.424	44	   5.129	 -18.615	  82.507
19	-469.514	43	 -34.074	  13.252	  89.682
20	-468.188	43	  10.047	   2.653	  70.547
21	-466.907	42	 -10.711	  25.995	  68.273
22	-434.407	39	 -23.199	  28.803	  63.069
23	-430.637	42	   3.588	   6.200	  88.848
24	-420.244	40	 -32.745	  36.450	  63.613
25	-406.031	38	  -7.080	  -4.110	  97.395
26	-406.012	36	 -27.967	  31.280	  49.225
27	-403.363	37	  11.303	  22.849	  47.085
28	-397.178	35	  17.169	   2.466	  33.218
29	-389.507	35	  -2.970	  42.481	  23.408
30	-387.736	37	   5.971	  43.842	  36.190
31	-386.767	36	  37.484	   4.906	  39.495
32	-381.631	35	  30.432	 -20.920	  56.621
33	-381.415	37	  31.114	  -6.743	  64.984
34	-376.212	36	  12.627	  32.877	  51.109
35	-369.059	35	  -8.387	 -13.042	  77.641
36	-359.266	34	 -12.354	  35.319	  30.518
37	-353.004	33	 -18.491	  51.169	  49.838
38	-351.992	33	  20.799	   8.170	  24.674
39	-344.879	34	   9.478	 -17.517	  68.897
40	-317.940	30	 -28.358	  39.683	  73.751
41	-312.826	29	 -27.024	   2.603	  82.759
42	-312.812	27	  -5.896	   5.940	  84.917
43	-310.143	28	  21.521	 -22.961	  62.452
44	-304.338	27	 -10.348	  54.052	  41.885
45	-298.681	25	  13.253	   9.836	  82.474
46	-298.669	28	 -29.480	  23.539	  67.574
47	-297.934	28	  22.715	 -15.043	  47.465
48	-290.681	28	 -37.887	  26.460	  77.884
49	-284.882	28	   9.748	  21.839	  26.163
50	-283.444	25	   7.164	  41.526	  20.106
51	-283.163	27	  26.517	  27.197	  29.863
52	-273.017	24	  -8.091	  40.382	  51.949
53	-272.649	26	 -36.474	  17.902	  80.684
54	-268.339	26	  -7.294	  26.514	  79.829
55	-265.833	25	  26.617	  14.984	  50.863
56	-261.149	25	  35.789	  14.747	  37.197
57	-246.409	24	 -27.586	 -13.212	  94.905
58	-245.716	23	 -33.855	  35.278	  55.044
59	-240.746	24	 -17.713	 -20.988	  97.301
60	-234.687	22	 -28.018	  47.587	  29.529
61	-233.888	22	  34.195	 -16.266	  31.020
62	-231.483	22	  20.932	   6.095	  71.359
63	-230.431	22	 -18.271	  20.495	  89.000
64	-221.958	20	  15.781	 -13.898	  85.125
65	-216.189	20	   2.028	  -5.668	  95.494
66	-215.139	20	  41.791	  -2.020	  48.276
67	-212.930	21	   8.122	  -1.570	  62.112
68	-211.714	19	  27.188	   6.223	  51.130
69	-206.966	19	  -3.344	 -20.182	  82.181
70	-202.716	20	  -1.512	  -2.834	  75.065
71	-199.756	19	  -6.876	  39.678	  60.075
72	-190.692	19	 -25.679	  22.723	  92.256
73	-181.832	17	 -19.757	  49.943	  58.875
74	-180.877	18	  41.287	 -14.837	  40.491
75	-178.398	17	 -11.969	   6.180	 100.956
76	-177.519	17	  35.316	  -6.653	  22.731
77	-168.202	16	  15.390	  11.529	  41.107
78	-168.125	16	  -4.154	  39.114	  69.435
79	-167.371	16	 -20.349	   2.588	  77.778
80	-158.893	16	 -30.886	  36.455	  84.162
81	-156.423	15	  25.578	 -17.211	  35.391
82	-151.884	15	  -1.833	   4.395	  96.798
83	-149.388	15	 -28.864	  55.339	  49.544
84	-148.152	12	 -15.406	   9.417	  75.749
85	-147.887	14	 -17.821	  29.435	  55.645
86	-146.752	14	  17.987	  -7.568	  47.014
87	-146.648	15	 -15.213	  16.663	  67.389
88	-145.354	15	 -19.888	  53.093	  28.092
89	-144.731	13	  26.848	  -5.050	  22.582
90	-141.361	14	 -35.790	  48.447	  38.855
91	-138.970	14	  -7.134	 -15.252	 101.996
92	-138.219	14	   3.810	  21.060	  43.375
93	-135.156	12	  -5.076	  29.705	  42.738
94	-134.169	13	  13.824	 -11.848	  53.209
95	-131.799	13	 -12.769	  37.649	  81.161
96	-131.618	13	  -7.160	  27.199	  33.527
97	-130.368	13	 -14.784	  -3.798	 104.483
98	-129.423	12	  25.297	  23.513	  53.415
99	-129.402	13	 -25.074	  -8.617	  82.313
100	-128.712	13	  38.743	  13.954	  19.310
101	-126.835	12	 -35.911	  38.550	  43.093
102	-120.619	12	  24.351	   3.342	  63.486
103	-115.950	11	  23.198	  -1.232	  81.348
104	-114.470	11	 -11.138	  51.294	  54.759
105	-113.709	11	 -22.958	  31.683	  38.106
106	-111.694	11	  37.674	  10.163	  47.226
107	-111.131	11	  25.412	 -17.488	  81.339
108	-110.930	11	  39.663	   1.803	  18.866
109	-110.632	11	  19.378	 -25.281	  71.379
110	-110.482	11	 -40.576	  53.369	  49.069
111	-107.777	11	  23.388	  36.033	  43.506
112	-103.633	10	 -12.349	   1.991	  77.415
113	-101.786	10	  22.704	  -6.846	  86.180
114	-100.461	10	 -32.330	   3.886	  93.871
115	 -99.715	10	  33.595	  16.448	  47.616
116	 -99.632	10	  44.079	  -3.145	  40.596
117	 -99.122	10	  -8.443	 -25.018	 100.639
118	 -96.728	10	  22.295	  36.378	  25.097
119	 -91.440	9	  -9.563	  47.334	  61.255
120	 -87.917	8	 -10.617	  49.440	  26.755
121	 -87.875	9	 -25.196	   8.707	  72.578
122	 -81.707	5	  -3.332	  38.566	  34.191
123	 -81.488	8	  27.165	 -22.524	  48.669
124	 -79.967	8	  41.651	   5.125	  30.524
125	 -79.805	8	 -20.049	 -15.920	  79.719
126	 -79.454	8	 -14.516	  30.604	  46.864
127	 -79.443	8	 -17.760	  57.688	  41.716
128	 -79.381	8	  17.470	  41.247	  41.311
129	 -79.311	8	  20.198	 -11.091	  38.541
130	 -71.525	7	  28.224	  -1.586	  76.420
131	 -70.267	7	   4.371	  37.349	  47.506
132	 -67.301	7	  -7.160	  31.185	  22.968
133	 -64.620	7	  17.547	  22.091	  57.540
134	 -63.057	6	  16.689	  -5.122	  35.629
135	 -62.930	6	  31.845	  24.601	  46.541
136	 -62.215	6	 -30.505	  -3.801	  99.380
137	 -61.822	6	 -20.373	  41.381	  79.713
138	 -60.265	6	 -10.661	  20.559	  84.580
139	 -59.670	6	 -14.783	 -20.645	  83.981
140	 -58.590	6	  14.078	   2.330	  90.546
141	 -58.291	6	   7.620	  11.547	  73.113
142	 -57.559	6	 -24.681	  -9.502	 102.724
143	 -57.512	6	 -14.679	  48.614	  71.220
144	 -57.491	6	  16.936	 -21.643	  52.912
145	 -52.338	5	 -24.845	  37.829	  30.241
146	 -51.388	5	 -30.253	  32.525	  38.478
147	 -51.035	3	 -29.302	  44.809	  47.888
148	 -50.661	5	 -28.709	  13.089	  98.023
149	 -49.993	5	 -15.445	  32.301	  87.087
150	 -49.428	5	 -39.116	  53.106	  60.171
151	 -48.320	5	 -32.759	  32.044	  90.644
152	 -48.219	5	  42.652	  -9.745	  30.034
153	 -47.953	3	  26.276	 -10.530	  58.079
154	 -47.929	5	  -1.333	  52.837	  30.007
155	 -47.694	5	  16.099	  -1.333	  54.421
156	 -47.531	5	  31.896	 -16.192	  77.021
157	 -47.177	5	   0.910	 -25.319	 100.434
158	 -45.277	4	 -23.554	  14.989	  86.456
159	 -45.123	4	  17.450	   0.551	  46.282
160	 -41.865	4	 -17.569	  -8.894	  77.021
161	 -40.363	4	 -35.316	   7.835	  79.456
162	 -39.768	4	  -6.377	 -29.927	  92.493
163	 -38.930	4	   0.706	  32.844	  70.927
164	 -38.619	4	 -43.083	  43.111	  47.295
165	 -38.123	4	  -5.835	  57.557	  33.716
166	 -38.014	4	  40.641	 -12.784	  58.208
167	 -37.542	3	 -17.625	   3.063	  95.603
168	 -37.288	4	   8.465	  15.584	  81.466
169	 -37.182	4	  -9.804	  15.063	  78.988
170	 -36.715	3	  35.567	  -5.566	  47.235
171	 -31.890	3	 -10.719	  14.426	  90.960
172	 -29.349	3	  -2.317	  26.761	  67.499
173	 -29.348	3	 -35.310	  20.063	  72.576
174	 -29.179	3	  34.352	 -21.937	  45.251
175	 -28.814	3	 -22.584	   1.428	 103.235
176	 -28.744	3	 -44.317	  28.063	  85.208
177	 -28.557	3	 -28.052	  58.346	  41.518
178	 -28.017	3	  28.364	  32.382	  37.243
179	 -20.813	2	  19.239	  -0.937	  25.235
180	 -20.640	2	  11.683	 -23.416	  58.235
181	 -20.285	2	  22.194	 -10.937	  29.724
182	 -19.504	2	 -23.353	  42.581	  24.271
183	 -19.132	2	  -1.793	  49.539	  42.569
184	 -18.891	2	 -32.798	  -8.937	  90.716
185	 -18.882	2	  17.197	  31.081	  18.217
186	 -18.644	2	  30.637	  -0.403	  14.746
187	 -18.239	2	  12.172	  -2.490	  96.256
188	 -18.201	2	  24.683	 -31.937	  70.725
189	 -18.174	2	 -22.786	   9.083	 104.745
190	 -18.022	2	 -31.313	  57.063	  57.234
191	 -11.778	1	   9.683	  48.063	  25.235
192	 -11.599	1	 -12.317	  41.063	  23.235
193	 -10.697	1	  38.683	 -16.937	  50.235
194	 -10.143	1	  35.683	 -17.937	  69.235
195	  -9.704	1	 -17.317	  14.063	  95.235
196	  -9.592	1	  17.683	  45.063	  30.235
197	  -9.548	1	  44.683	 -11.937	  51.235
198	  -9.222	1	  34.683	   7.063	  55.235
199	  -9.131	1	  24.683	   3.063	  20.235
200	  -8.940	1	   8.683	  37.063	  12.235
201	  -8.933	1	  32.683	  13.063	  13.235
