1	-1744.063	153	  63.819	  82.567	  53.815
2	-1506.487	134	  60.193	  77.603	  61.298
3	-885.881	75	  73.490	  85.868	  49.745
4	-797.531	65	  59.738	  84.782	  42.540
5	-697.469	63	  59.895	  68.624	  62.989
6	-679.342	63	  58.039	  99.354	  51.054
7	-664.344	58	  70.227	  91.652	  46.494
8	-652.472	59	  61.483	  92.899	  75.229
9	-622.845	59	  93.761	  92.374	  62.344
10	-588.983	55	  77.189	  94.188	  45.825
11	-577.251	48	  82.256	 101.193	  43.065
12	-498.130	46	  52.533	  89.434	  68.807
13	-454.551	38	  81.262	  70.799	  63.635
14	-448.450	42	 108.307	  81.949	  43.292
15	-437.127	41	  92.269	  64.293	  51.772
16	-435.501	42	  69.854	  60.210	  62.892
17	-432.418	40	  63.193	  65.016	  37.560
18	-423.765	37	  70.954	  99.509	  46.925
19	-416.975	34	  80.701	  81.427	  68.730
20	-407.388	38	  54.710	  62.449	  51.763
21	-403.543	37	  66.870	 111.759	  49.546
22	-352.665	32	  94.665	 102.790	  30.208
23	-334.022	30	  50.344	  73.596	  47.142
24	-331.535	32	  58.682	  85.497	  31.864
25	-326.816	29	  98.780	  76.577	  38.295
26	-311.908	30	  86.792	  85.007	  20.560
27	-310.174	29	  61.755	 104.541	  67.102
28	-309.008	29	  75.266	  71.429	  26.155
29	-308.947	28	  91.131	 107.653	  42.822
30	-296.815	29	  75.837	  95.448	  72.833
31	-295.890	29	  98.880	  77.091	  31.348
32	-258.315	23	  49.138	  87.707	  57.666
33	-257.494	23	  81.399	 109.720	  52.120
34	-250.508	24	  87.698	  66.243	  57.711
35	-243.151	23	  77.003	 114.743	  48.751
36	-228.460	21	  97.888	  82.580	  25.296
37	-222.456	21	  85.670	 103.621	  59.619
38	-221.634	12	  70.658	  98.151	  67.142
39	-219.364	22	  73.403	  95.857	  24.110
40	-209.913	21	 108.235	  88.591	  33.319
41	-209.310	18	  54.998	  73.468	  38.326
42	-207.763	20	  71.795	  71.902	  73.985
43	-207.106	19	 101.554	  73.959	  56.372
44	-202.535	19	  78.716	  92.082	  21.302
45	-192.960	18	  87.692	  98.050	  23.883
46	-186.236	15	  78.947	 103.224	  65.111
47	-185.660	18	  51.176	  82.426	  68.084
48	-175.664	17	 105.263	  96.396	  43.687
49	-174.817	17	 102.486	  87.646	  27.873
50	-173.781	15	  52.149	  98.274	  62.591
51	-160.147	14	  72.144	  64.915	  35.001
52	-157.275	15	  74.839	  80.830	  76.205
53	-156.109	15	  98.218	 105.604	  41.876
54	-151.654	15	  70.582	  86.425	  78.285
55	-149.770	8	  84.684	  84.110	  41.783
56	-148.549	14	  99.315	 101.024	  54.957
57	-148.088	14	  78.097	 111.556	  64.681
58	-147.274	14	  48.153	  76.317	  61.267
59	-143.994	14	  54.660	  75.832	  29.498
60	-143.151	14	  79.150	  78.430	  20.998
61	-139.863	12	  59.422	  79.842	  24.561
62	-135.415	12	  86.187	  60.449	  41.951
63	-134.831	13	  78.452	  55.957	  54.441
64	-129.391	11	  73.268	  96.943	  40.248
65	-127.366	13	  74.063	  86.670	  19.009
66	-118.289	11	  62.797	  69.305	  29.679
67	-113.116	11	  85.738	  58.167	  50.267
68	-112.638	11	  88.461	 106.357	  53.208
69	-112.165	11	  58.331	  77.680	  74.916
70	-110.353	11	  50.465	  87.285	  47.260
71	-106.742	10	  65.855	  58.166	  52.892
72	-105.041	10	  92.861	  66.141	  39.062
73	-103.708	9	  94.355	  74.910	  60.336
74	-101.629	10	  84.748	  96.743	  66.576
75	-101.347	10	  59.765	  86.171	  77.122
76	-100.863	10	  49.655	  80.570	  37.610
77	 -99.161	7	  66.337	  76.112	  24.117
78	 -99.006	10	 104.527	  89.111	  50.596
79	 -98.608	9	  73.345	  58.646	  43.071
80	 -97.513	9	  88.690	  75.415	  65.226
81	 -92.142	9	  91.798	  83.370	  66.234
82	 -90.901	9	  85.401	  67.898	  30.862
83	 -90.889	9	 101.396	  93.232	  56.622
84	 -90.866	9	  90.527	  74.156	  23.526
85	 -86.247	9	  61.831	  93.981	  30.305
86	 -84.066	6	  70.977	  84.942	  70.096
87	 -75.153	7	 100.140	  69.753	  41.764
88	 -70.339	7	  62.027	  89.457	  21.620
89	 -67.348	7	  62.481	 108.994	  59.777
90	 -60.203	6	  99.573	  84.648	  57.638
91	 -59.606	6	  48.441	  76.841	  53.952
92	 -59.562	6	  71.431	  74.805	  18.023
93	 -58.249	6	  79.959	  63.535	  35.146
94	 -53.850	5	  69.000	 104.250	  71.465
95	 -49.568	5	 107.143	  69.684	  46.947
96	 -49.363	5	  99.370	  96.610	  28.253
97	 -47.260	5	 106.536	  73.361	  38.758
98	 -47.158	5	  53.341	  73.618	  67.044
99	 -40.685	4	  72.106	 116.022	  59.849
100	 -40.529	4	  83.020	  58.465	  60.669
101	 -39.017	4	  94.402	 108.950	  35.211
102	 -38.711	3	  73.992	  65.166	  58.919
103	 -37.591	4	  81.843	 105.440	  27.646
104	 -36.933	4	  70.458	 100.637	  28.146
105	 -34.197	3	  58.397	  76.513	  48.516
106	 -30.266	3	  65.329	  95.746	  36.905
107	 -28.101	3	  64.427	  58.166	  43.525
108	 -24.489	2	  83.134	  91.166	  52.164
109	 -20.726	2	  64.876	  80.603	  18.601
110	 -19.966	2	  68.265	  63.166	  72.164
111	 -19.289	2	  86.596	 109.013	  31.855
112	 -18.882	2	 108.252	  79.663	  53.661
113	 -18.313	2	  84.715	  89.166	  73.689
114	 -15.432	1	  96.749	  99.166	  45.164
115	 -11.946	1	  85.749	  85.166	  29.164
116	 -10.863	1	  92.749	  81.166	  41.164
117	  -9.549	1	 109.749	  90.166	  44.164
118	  -9.135	1	  66.749	  77.166	  78.164
