1	-805.586	69	  -8.340	 -12.623	  14.942
2	-777.018	68	   8.021	 -13.035	  23.390
3	-638.540	57	   1.045	   1.092	  -2.789
4	-633.069	44	   9.871	  -2.937	  20.846
5	-571.228	47	   2.251	  14.525	   2.498
6	-511.643	44	  -0.777	  -0.491	  37.635
7	-421.445	40	   0.459	  13.836	  16.203
8	-420.614	38	 -20.261	  -6.158	  11.682
9	-391.196	35	  12.766	   2.786	  26.337
10	-378.360	36	  -6.961	  12.389	  19.640
11	-370.375	36	  -8.782	 -11.949	  -3.831
12	-368.444	32	  -5.876	 -14.127	  26.964
13	-364.184	34	  16.282	   2.405	   6.932
14	-358.914	30	  -4.892	  10.676	   9.019
15	-334.838	31	  -9.284	 -19.212	   5.235
16	-282.542	27	 -22.015	  -0.369	   1.385
17	-274.625	25	   5.128	  17.459	  21.029
18	-273.673	24	   6.911	 -16.301	   9.499
19	-270.637	26	  -9.482	   7.546	  27.793
20	-240.299	21	   0.803	 -19.024	   8.101
21	-240.155	22	 -14.879	   8.426	   9.573
22	-232.815	21	  -0.377	 -15.477	  32.096
23	-225.838	22	 -20.550	 -15.505	   3.703
24	-225.512	22	  15.704	  11.484	  15.478
25	-214.225	20	 -14.063	   0.156	  25.199
26	-212.679	20	 -14.492	  -6.844	  23.308
27	-210.476	19	 -23.158	   2.209	  -9.473
28	-208.221	20	 -23.557	  -7.232	   4.073
29	-185.116	17	  11.821	  -2.123	  -0.445
30	-181.457	11	   7.657	   8.364	   6.252
31	-179.564	16	 -10.337	   0.703	 -12.763
32	-167.723	16	   9.438	 -11.033	  -0.366
33	-163.731	16	  16.826	  -9.429	  14.111
34	-162.951	15	 -20.853	   4.546	  11.896
35	-159.567	15	  -1.023	 -11.078	  -2.672
36	-153.173	15	  -8.842	  12.747	   0.597
37	-150.879	15	  21.002	  -4.062	  21.961
38	-146.812	14	  -0.565	  -9.478	  43.294
39	-146.510	14	 -14.997	   7.145	 -11.221
40	-129.097	13	  16.359	  -9.921	   5.781
41	-114.743	11	 -19.552	  13.258	  -4.983
42	-110.793	10	 -11.963	  -8.177	  32.281
43	-105.477	10	   2.375	   9.891	  32.726
44	-104.876	10	  13.818	  12.488	  25.410
45	-100.393	10	  10.084	  -9.303	  32.073
46	 -98.960	10	  -6.523	   9.780	  -5.951
47	 -95.196	9	  14.557	   9.741	  -0.064
48	 -81.427	8	   7.901	   2.076	  33.264
49	 -75.505	8	  20.656	   2.695	  15.001
50	 -70.419	7	   0.140	  18.143	  27.374
51	 -64.882	3	  -4.967	 -13.416	   6.513
52	 -63.465	6	  10.403	  15.500	 -10.522
53	 -61.802	6	 -22.956	   8.304	   0.054
54	 -60.494	6	   4.695	   7.206	  -8.998
55	 -56.690	6	  -9.800	  -8.814	  41.071
56	 -54.626	3	 -11.967	   0.931	  17.185
57	 -38.931	4	  13.502	  14.683	   7.621
58	 -38.724	4	 -20.201	  -0.523	 -18.749
59	 -31.716	3	  -6.300	  11.896	  33.561
60	 -29.492	3	 -15.240	 -20.840	  10.524
61	 -29.252	3	 -21.926	  -5.763	  -8.802
62	 -28.714	3	  22.690	   7.868	  21.251
63	 -27.874	3	   7.050	 -11.153	  41.579
64	 -27.334	3	   6.020	  20.535	  -4.772
65	 -26.830	3	 -16.635	 -11.130	  -9.081
66	 -21.396	2	  -0.967	   5.700	  16.251
67	 -19.957	2	   2.115	 -17.794	  15.629
68	 -18.437	2	  10.528	 -16.794	  35.746
69	 -17.975	2	 -15.967	   8.715	  22.245
70	 -14.300	1	  -8.967	   4.206	   0.251
71	 -10.074	1	 -21.967	  16.206	   6.251
72	  -9.305	1	   1.033	  15.206	  -7.749
73	  -8.985	1	  -1.967	 -20.794	   0.251
