1	-1037.379	87	  27.356	   7.602	  92.259
2	-852.303	68	  43.585	  14.221	  81.487
3	-802.969	70	  50.678	   8.504	  89.060
4	-705.270	50	  37.108	  16.222	  86.355
5	-473.798	40	  49.550	  19.481	  94.228
6	-391.268	37	  56.395	  12.475	  93.883
7	-382.887	37	  46.359	  -0.446	  99.270
8	-377.208	33	  45.816	   5.505	  75.564
9	-362.187	33	  45.711	  26.229	  78.385
10	-332.569	31	  40.441	   7.864	 113.751
11	-330.777	32	  42.307	   9.744	  68.799
12	-300.959	29	  53.172	  21.490	  73.713
13	-297.622	28	  39.039	  17.693	 109.834
14	-288.577	28	  40.127	  -1.380	  84.277
15	-241.287	22	  35.155	  -6.547	  91.363
16	-223.110	21	  55.325	  19.639	  84.958
17	-209.574	19	  24.604	  17.559	  74.791
18	-200.726	19	  26.977	  -7.592	  94.414
19	-184.785	18	  47.023	  20.010	  67.431
20	-177.767	16	  57.683	   3.415	 100.706
21	-174.927	17	  26.855	   7.036	 108.548
22	-169.072	16	  29.115	  20.934	  99.299
23	-159.415	16	  27.397	  10.278	  70.365
24	-157.209	15	  38.527	  -2.962	 109.344
25	-143.754	14	  28.822	  -5.639	 109.361
26	-128.749	13	  33.032	  25.516	  76.556
27	-108.903	11	  24.692	  24.684	  87.862
28	-108.456	11	  34.644	  24.343	  90.867
29	-105.030	11	  30.680	  20.438	  66.437
30	 -97.242	9	  53.368	  11.780	  81.995
31	 -94.268	9	  26.830	  11.672	  99.981
32	 -89.889	9	  53.871	  18.819	 109.226
33	 -89.157	9	  19.424	  18.387	  89.546
34	 -88.809	9	  56.506	   4.789	 110.168
35	 -87.368	9	  42.596	  23.688	 100.941
36	 -80.180	7	  33.279	  -8.626	 102.963
37	 -64.144	7	  24.135	   0.016	  87.748
38	 -59.736	6	  22.801	   7.018	  76.277
39	 -59.028	6	  31.002	   1.420	  78.507
40	 -58.160	6	  44.274	   0.893	 113.270
41	 -18.758	2	  62.286	  10.213	 100.435
42	 -18.601	2	  48.789	   0.716	  81.429
43	 -18.015	2	  20.286	  20.218	  80.435
44	  -9.083	1	  20.286	  -3.284	 102.435
