1	-1604.962	129	  41.286	  17.188	  -7.525
2	-1597.344	131	 134.899	   0.994	 -19.229
3	-1294.987	107	  52.891	   9.492	  14.984
4	-1203.747	98	 147.084	  18.079	  -2.138
5	-1165.160	102	  25.162	  11.935	  18.467
6	-1113.810	102	 131.134	  34.949	   2.067
7	-1001.402	92	  93.185	  28.831	 -12.145
8	-990.705	91	  69.097	  21.009	  -7.955
9	-981.824	60	  46.980	  13.299	   4.332
10	-962.999	87	  56.951	  29.811	 -16.914
11	-918.708	88	 128.105	  43.682	  -3.229
12	-888.895	81	  36.903	  13.397	  31.097
13	-846.341	73	 147.521	  20.274	 -28.009
14	-839.045	55	 140.816	   9.991	  -9.830
15	-839.025	74	 150.623	  -2.057	 -33.598
16	-836.243	72	 131.932	  16.979	 -23.327
17	-798.322	69	 132.885	  26.920	 -20.519
18	-794.758	71	 118.713	  21.535	  -2.993
19	-785.803	69	  55.486	  26.490	  12.685
20	-740.512	64	  94.322	  20.513	 -10.913
21	-696.438	61	  39.335	  30.630	  14.674
22	-685.509	61	  75.412	  21.613	  15.004
23	-679.012	62	 125.121	  39.494	   2.896
24	-674.412	61	 162.445	   3.138	 -21.880
25	-672.739	57	 149.203	  23.299	 -16.598
26	-670.199	59	  55.340	  34.089	   5.812
27	-643.943	53	  94.351	  24.965	   0.451
28	-631.402	57	  19.816	  27.267	   1.297
29	-624.663	57	  92.549	  32.688	  -3.423
30	-616.905	51	  39.079	  28.087	   3.932
31	-577.044	46	 112.678	  32.416	  -0.657
32	-561.454	54	  64.793	  27.619	 -18.349
33	-532.994	47	 142.426	   0.337	  -7.458
34	-522.672	49	 139.068	  14.608	   8.361
35	-508.603	41	  37.433	  -0.997	  25.010
36	-507.013	46	 168.287	  24.099	 -12.913
37	-495.923	47	 120.024	  26.092	   5.190
38	-480.626	44	 142.566	  -8.697	 -14.836
39	-448.579	42	 136.774	  26.057	  11.936
40	-440.607	41	  98.041	  33.054	   2.557
41	-430.863	38	 145.789	  23.431	   2.901
42	-429.118	36	  48.033	   3.712	   9.797
43	-420.679	39	  59.744	   3.118	  12.700
44	-409.102	37	  45.349	  -1.373	  17.432
45	-407.112	38	  67.733	  39.868	   6.221
46	-396.873	37	 163.463	  13.444	 -59.029
47	-392.679	38	 130.551	  -4.025	 -12.373
48	-391.068	37	 159.264	  22.993	 -34.102
49	-381.941	36	  48.794	   9.196	 -14.798
50	-377.757	34	  52.038	   8.198	  22.329
51	-375.454	33	 111.890	  10.006	  -3.660
52	-374.259	36	  85.643	  33.956	   7.507
53	-369.893	36	  65.881	  19.040	 -15.121
54	-366.512	36	   8.181	  31.439	  14.627
55	-356.598	35	 164.436	  22.249	  -2.024
56	-355.514	34	  21.189	   5.208	  21.900
57	-347.546	30	 169.820	   4.252	  -8.996
58	-341.270	30	 119.958	  40.392	  -5.449
59	-338.006	33	 154.610	  18.023	 -57.410
60	-328.862	30	  50.346	   5.247	  -1.152
61	-323.163	32	  47.752	  29.876	  12.240
62	-321.139	30	 178.705	  22.739	 -26.547
63	-316.708	31	 108.530	   8.996	 -22.245
64	-315.167	32	 181.460	  -0.461	 -34.920
65	-314.720	21	  34.380	  10.883	  22.888
66	-302.029	27	  59.084	  30.621	 -24.515
67	-300.797	28	  50.478	  17.994	 -22.241
68	-300.198	27	 102.600	  28.746	   7.293
69	-299.975	28	  81.753	  40.643	   0.217
70	-292.651	27	  75.815	  28.816	 -14.885
71	-290.465	26	 120.555	  34.056	 -22.265
72	-290.003	28	 103.494	  28.506	 -22.276
73	-289.103	27	  55.231	  40.740	  -6.542
74	-289.091	27	  74.822	  34.903	  13.529
75	-284.947	25	  18.080	   7.718	   8.021
76	-283.177	24	  24.791	   5.037	  14.067
77	-282.220	27	 163.701	  27.112	 -25.653
78	-281.895	26	  35.368	   5.525	  36.062
79	-280.695	24	 152.332	  11.552	   2.042
80	-279.976	25	  75.599	  22.790	 -19.269
81	-276.695	27	  27.712	  35.803	  19.344
82	-275.521	25	 140.846	   9.741	   0.978
83	-275.284	25	  38.647	  29.240	  29.632
84	-271.969	23	  48.120	  35.935	  -6.124
85	-263.864	23	 113.595	  16.228	 -24.118
86	-263.666	24	  75.326	  11.011	  -2.756
87	-263.623	25	 179.089	  -6.830	 -26.652
88	-261.114	26	 125.073	  32.733	   9.582
89	-260.949	24	  86.748	  23.694	 -19.865
90	-260.938	24	 132.431	  39.729	 -12.067
91	-258.080	24	 118.256	  25.465	 -26.043
92	-256.419	25	 186.251	  11.020	 -19.444
93	-253.595	24	 158.455	  -0.790	  -1.463
94	-253.585	24	  24.204	  34.976	  10.192
95	-253.085	22	  42.950	   4.013	   2.565
96	-250.402	23	 148.354	 -11.950	 -22.416
97	-246.914	21	   4.478	  23.004	  22.169
98	-243.325	22	 116.630	  37.872	   4.457
99	-234.591	22	 148.788	  12.964	 -39.321
100	-234.481	23	  26.498	  12.594	  29.084
101	-232.775	23	 132.070	   7.565	 -27.022
102	-229.336	22	  27.579	  -2.885	  20.551
103	-221.757	21	   4.410	  14.279	  29.696
104	-221.155	16	 152.171	  -0.760	 -25.500
105	-220.856	22	  56.413	  18.623	  20.962
106	-220.519	20	 136.859	   3.772	  -2.786
107	-216.805	16	 129.230	  25.251	   0.055
108	-216.297	21	 143.437	 -11.681	 -28.616
109	-210.977	21	  25.194	  -0.395	   2.165
110	-210.709	19	 169.318	   0.647	 -32.441
111	-210.048	21	 139.800	  20.488	 -25.057
112	-208.223	16	 141.914	  10.775	 -34.575
113	-202.525	20	  38.173	  27.233	  -5.219
114	-199.460	19	  71.464	  10.903	  18.017
115	-196.925	19	 158.789	  14.168	 -42.506
116	-196.625	20	 170.599	  28.360	 -25.989
117	-194.385	16	 139.564	  34.844	 -10.556
118	-192.461	19	   4.397	  14.422	  10.382
119	-190.208	15	  45.728	  25.473	  26.203
120	-189.455	19	 155.677	  19.490	   5.540
121	-189.346	19	  68.486	   0.917	  -2.115
122	-188.112	19	 141.606	  26.274	 -19.957
123	-187.827	18	  82.170	  18.068	 -17.540
124	-187.021	16	  44.570	   9.296	  -6.222
125	-183.824	18	  33.637	  20.489	  36.654
126	-182.906	17	  10.774	  33.112	  23.443
127	-182.456	16	 156.075	  -8.792	 -14.683
128	-180.077	17	 164.959	  -0.252	 -13.759
129	-179.538	18	 148.991	  26.672	  -7.380
130	-176.741	17	  61.741	  23.783	 -24.880
131	-176.078	17	 123.610	  42.602	 -14.990
132	-175.155	18	 169.471	  14.477	 -40.298
133	-174.571	17	   0.548	  20.143	  13.388
134	-172.973	17	 175.693	  19.342	 -35.437
135	-170.220	16	 174.335	  12.066	  -2.740
136	-166.294	16	 176.025	  22.092	 -11.437
137	-165.926	16	  30.944	  34.055	  30.046
138	-165.727	11	  17.591	  26.597	  16.181
139	-165.614	16	  32.441	  14.818	 -13.442
140	-164.624	15	 106.093	  36.788	 -18.576
141	-164.601	16	  43.938	   2.758	  31.953
142	-163.793	17	  11.219	  17.087	  34.692
143	-163.460	16	  32.170	  31.874	   2.393
144	-161.344	16	  28.082	  25.469	  34.993
145	-161.122	16	  11.619	  26.103	   1.307
146	-160.471	14	 148.789	  16.437	   4.873
147	-160.368	16	 125.777	  -5.554	 -19.254
148	-156.112	15	  49.331	  15.382	  25.548
149	-155.943	16	 118.636	   8.308	 -27.107
150	-152.521	15	 181.230	   8.570	 -12.932
151	-148.777	15	 115.853	   2.012	 -21.074
152	-148.124	15	  46.101	  34.925	   3.755
153	-147.922	15	  63.443	  38.201	 -20.372
154	-146.050	14	   9.319	   6.345	  28.396
155	-144.228	14	 100.908	  13.131	  -6.894
156	-144.103	14	  22.565	  19.674	  -7.734
157	-141.570	14	 170.192	  -5.201	 -29.328
158	-141.460	14	 156.158	 -15.058	  -8.662
159	-139.161	13	  27.368	   1.347	  29.812
160	-135.508	13	  88.820	  17.173	   0.898
161	-132.752	13	  81.304	   9.093	   7.231
162	-132.170	12	  95.114	  35.640	 -12.326
163	-131.892	13	  85.677	  39.705	 -13.082
164	-131.136	12	  66.820	  40.921	 -11.222
165	-131.078	13	 119.429	   1.662	   1.201
166	-130.173	13	  27.504	  27.871	  -8.298
167	-127.884	12	  59.762	   0.669	   0.781
168	-125.436	12	 136.192	  33.241	 -20.055
169	-125.423	8	 170.448	  16.743	 -25.936
170	-124.902	11	 125.935	  14.141	   7.957
171	-124.735	12	  63.913	  45.963	  -5.293
172	-124.546	12	  61.880	   4.403	  21.107
173	-123.633	12	 160.880	  -0.553	 -32.659
174	-123.505	9	  57.984	  22.173	 -11.651
175	-123.115	12	  43.489	  32.314	  20.823
176	-122.774	10	  61.948	   9.074	 -13.792
177	-122.668	11	 183.431	  13.120	 -29.696
178	-121.797	12	 161.872	   8.334	   2.829
179	-119.759	8	 111.057	  26.250	 -16.599
180	-117.973	12	 142.946	  29.446	  -0.330
181	-116.232	12	  68.632	  19.851	 -23.590
182	-116.142	11	  76.327	   5.080	  13.878
183	-114.811	10	 125.152	   9.043	  14.439
184	-113.557	12	 108.447	  -0.543	 -13.927
185	-113.445	11	 151.789	  15.132	 -47.594
186	-112.833	11	 177.769	   4.578	 -40.303
187	-111.953	10	  69.067	  12.439	  -7.514
188	-111.530	11	 125.505	  -0.173	 -14.143
189	-111.452	11	  64.247	  27.679	  17.373
190	-110.288	11	  44.688	  27.377	 -10.677
191	-110.062	10	  62.408	   1.473	 -17.285
192	-108.097	11	 104.835	  38.531	  -0.468
193	-107.452	11	  68.019	  17.257	  22.648
194	-107.418	11	 159.032	  -3.412	 -23.065
195	-106.718	10	  21.341	  33.312	  25.689
196	-105.563	10	  32.022	  -9.893	  14.594
197	-102.857	10	  16.561	  34.305	   5.758
198	-102.374	10	 111.255	  24.163	 -28.137
199	-101.554	10	  19.064	   8.778	  28.117
200	-101.041	10	  36.980	   6.922	  -6.590
201	-100.839	10	 100.364	  41.643	  -9.681
202	 -99.430	9	 119.161	  14.188	   1.569
203	 -98.374	9	 124.127	  17.260	 -27.787
204	 -97.779	10	 111.680	  40.370	  -8.541
205	 -97.738	10	 147.342	 -14.206	  -8.331
206	 -95.383	10	  53.818	   0.509	 -16.486
207	 -94.616	10	  79.574	  28.655	  16.341
208	 -93.837	9	 164.175	   7.887	 -39.250
209	 -93.112	9	  97.956	  27.680	 -18.261
210	 -90.772	9	 165.555	  15.215	   2.960
211	 -88.597	9	 133.118	   9.708	  15.891
212	 -88.558	5	  76.874	  30.762	   3.090
213	 -88.486	9	  25.181	   3.965	  -5.229
214	 -86.540	8	 128.651	   0.628	  -0.263
215	 -86.446	8	 156.883	  27.297	 -17.407
216	 -85.848	9	 139.046	   2.321	 -30.136
217	 -84.057	8	  14.434	  11.231	  -2.800
218	 -83.167	8	  34.342	   0.486	  -0.044
219	 -81.489	7	  39.213	  11.026	 -12.510
220	 -81.326	8	  83.349	  33.097	 -17.980
221	 -81.309	8	 180.718	  12.353	 -40.438
222	 -81.084	8	  68.478	   0.017	   6.429
223	 -80.082	8	 108.899	  22.980	   7.128
224	 -79.918	8	   3.366	  26.333	   5.714
225	 -79.447	8	 151.305	 -10.045	 -35.494
226	 -79.360	8	  75.363	  42.435	  -4.371
227	 -76.494	8	  25.207	  11.332	  -8.739
228	 -72.621	5	  33.445	  14.561	  -5.542
229	 -72.377	7	 105.493	   5.763	 -11.874
230	 -68.824	7	  17.190	  28.654	  31.740
231	 -67.753	7	  92.117	  25.796	  10.882
232	 -64.051	6	 113.085	  39.283	 -16.930
233	 -62.428	6	  40.556	  -8.274	  13.685
234	 -62.070	6	 148.383	  21.484	 -61.389
235	 -60.669	6	 118.695	  -2.676	  -6.005
236	 -59.177	6	  30.474	  12.583	  36.395
237	 -58.373	6	  42.463	  20.643	 -18.589
238	 -58.347	4	 150.406	   0.763	 -10.754
239	 -50.252	5	   7.197	  29.472	  30.687
240	 -49.494	4	  10.685	  10.229	  14.620
241	 -49.229	5	 183.863	  21.758	 -16.414
242	 -48.268	5	  75.732	  14.963	 -14.645
243	 -47.058	5	  46.348	  13.358	  34.729
244	 -42.026	4	  59.852	  16.319	 -20.958
245	 -41.971	4	 104.960	  15.746	 -25.250
246	 -41.125	4	  17.959	   3.448	   0.086
247	 -40.192	4	 138.931	  37.747	   4.827
248	 -39.801	4	 110.679	   0.946	  -5.032
249	 -39.597	4	  73.237	  35.723	 -13.997
250	 -38.830	4	  61.935	  43.448	   3.726
251	 -37.524	4	 142.917	  -3.568	 -37.499
252	 -36.802	4	   9.685	  16.718	  -2.506
253	 -35.401	3	  39.447	  11.545	  15.518
254	 -34.674	3	 127.122	  21.222	  11.131
255	 -33.160	3	  83.285	  15.280	  -5.337
256	 -29.377	3	  26.262	   5.281	  38.394
257	 -28.961	3	 144.935	  -6.364	  -2.922
258	 -28.126	3	  47.614	  31.986	 -19.585
259	 -27.541	3	  61.966	  48.940	 -20.606
260	 -23.673	2	 131.405	  10.963	  -0.780
261	 -20.838	2	 116.103	  -3.037	 -15.117
262	 -20.702	2	  17.896	  15.963	  23.711
263	 -20.388	2	  97.442	  15.470	 -20.757
264	 -19.919	2	  83.935	  15.461	  14.750
265	 -19.460	2	  42.935	  -3.547	   4.750
266	 -18.457	2	  54.427	  21.963	 -28.250
267	 -18.394	2	  75.445	   2.473	   1.260
268	 -13.323	1	 129.935	  11.963	 -12.250
269	 -11.773	1	  54.935	  16.963	  -5.250
270	 -11.168	1	 136.935	   2.963	   6.750
271	 -10.834	1	 127.935	   1.963	  10.750
272	 -10.161	1	  59.935	  -3.037	 -10.250
273	  -9.613	1	 140.935	  15.963	 -16.250
274	  -9.601	1	  50.935	  -1.037	  -7.250
275	  -9.600	1	 154.935	 -11.037	 -27.250
276	  -9.286	1	  18.935	  38.963	  15.750
277	  -9.204	1	 162.935	  23.963	 -58.250
278	  -9.053	1	 114.935	   8.963	   5.750
