1	-1417.758	129	  40.727	  -1.991	  34.968
2	-1205.489	101	  45.270	   5.609	  40.748
3	-573.141	55	  47.069	  11.666	  52.210
4	-555.172	52	  34.879	   4.247	  10.720
5	-545.986	51	  54.563	   8.578	  28.605
6	-508.009	47	  18.627	   1.275	  23.041
7	-505.328	41	  48.152	   9.271	  15.471
8	-461.263	39	  20.169	  -9.779	  24.451
9	-429.758	37	  57.270	   6.321	  43.561
10	-393.906	35	  38.532	   1.091	  46.118
11	-352.856	32	  34.102	  12.165	  40.014
12	-351.338	30	  50.774	 -10.630	  46.302
13	-333.254	33	  47.019	  15.996	  42.953
14	-313.214	29	  35.866	 -14.342	   9.360
15	-294.231	28	  58.238	   0.709	  48.282
16	-289.166	26	  46.168	  -2.931	  54.137
17	-268.066	23	  40.262	 -10.904	  30.667
18	-256.689	26	  48.156	   1.264	   3.248
19	-249.210	22	  36.336	 -19.183	  20.934
20	-246.427	22	  59.775	  11.617	  34.814
21	-235.280	23	  20.938	  -3.168	  13.980
22	-231.769	21	  26.264	   3.335	  30.905
23	-209.030	21	  60.021	  -9.781	  55.452
24	-195.751	19	  59.376	 -10.714	  42.909
25	-158.007	15	  52.101	  -5.314	  15.453
26	-149.378	15	  37.207	  14.472	  28.989
27	-144.746	14	  57.585	   1.646	  36.630
28	-141.977	15	  55.879	  22.091	  38.011
29	-138.767	14	  53.227	 -14.406	  31.618
30	-136.174	13	  28.690	 -15.833	  18.620
31	-133.111	13	  39.207	  -5.636	  40.335
32	-128.378	13	  25.467	   7.948	  18.578
33	-115.117	11	  57.770	   2.882	  59.380
34	-107.563	7	  44.727	  -4.720	  26.655
35	 -94.912	9	  48.001	 -13.967	  16.192
36	 -85.562	8	  46.756	 -10.823	  38.725
37	 -84.805	8	  29.098	 -11.640	  36.604
38	 -83.558	6	  38.548	  -2.926	   9.250
39	 -83.419	8	  27.898	  -4.228	  35.970
40	 -79.898	8	  45.031	 -11.060	   9.734
41	 -74.818	7	  50.888	  -1.000	  60.153
42	 -70.540	7	  43.694	 -10.561	  49.880
43	 -69.259	7	  43.253	  14.973	  16.291
44	 -58.955	6	  42.014	 -18.314	  13.317
45	 -57.795	6	  50.330	 -18.227	  24.597
46	 -56.837	6	  41.564	  19.291	  37.934
47	 -55.568	6	  46.725	  15.256	  25.248
48	 -47.264	5	  27.896	 -18.757	  31.602
49	 -47.174	5	  56.902	   1.489	  15.353
50	 -42.926	4	  33.944	  14.149	  18.365
51	 -40.736	4	  57.694	   6.408	  20.673
52	 -40.110	4	  56.424	  -2.057	  24.373
53	 -39.149	4	  37.480	  -7.024	   3.824
54	 -38.055	4	  57.982	 -14.707	  36.117
55	 -37.846	4	  56.365	  20.685	  30.353
56	 -31.568	3	  49.390	  -9.210	  59.604
57	 -31.318	3	  52.020	 -16.853	  53.894
58	 -29.845	3	  15.647	  -4.166	  31.207
59	 -29.101	3	  56.016	   6.745	   8.926
60	 -28.624	3	  42.010	 -20.223	  26.964
61	 -28.122	3	  64.365	  12.095	  42.268
62	 -21.697	2	  58.218	  19.437	  44.604
63	 -20.196	2	  27.581	  -5.120	   9.604
64	 -19.285	2	  60.125	  13.483	  49.650
65	 -18.592	2	  57.203	  10.437	  56.095
66	 -16.734	1	  53.694	  -3.563	  42.604
67	 -13.445	1	  43.694	  11.437	  33.604
68	 -11.240	1	  48.694	   3.437	  29.604
69	 -10.238	1	  40.694	   6.437	  17.604
70	 -10.163	1	  45.694	  10.437	   8.604
71	  -9.620	1	  34.694	  11.437	  49.604
