1	-1289.917	106	   5.230	 -45.959	 -12.234
2	-988.536	73	   5.702	 -56.415	 -13.017
3	-947.072	78	  15.408	 -11.370	 -32.398
4	-875.818	79	   6.605	 -42.139	 -25.216
5	-851.225	78	  25.245	 -23.612	 -33.492
6	-835.775	75	   8.052	 -16.721	 -20.711
7	-771.392	58	  18.693	  -3.725	 -30.165
8	-764.954	65	 -15.723	 -27.722	 -19.822
9	-735.046	67	  14.290	 -38.737	  -4.761
10	-718.882	61	  -9.988	 -24.714	 -38.082
11	-671.867	58	  17.575	 -47.038	 -19.767
12	-665.562	53	  20.100	   2.857	 -35.194
13	-652.045	57	  21.482	 -15.717	 -18.742
14	-641.616	58	 -19.532	 -38.787	 -20.267
15	-606.791	56	  -4.941	  -8.036	 -46.004
16	-588.785	54	  -0.458	 -30.870	 -27.862
17	-576.200	43	   2.186	 -64.529	  -9.512
18	-511.825	44	  17.256	  -6.675	 -19.526
19	-506.882	44	  11.035	 -54.233	 -22.683
20	-503.547	46	   5.694	 -25.003	 -27.581
21	-502.661	44	   4.744	 -23.107	 -19.280
22	-492.643	44	 -19.702	 -45.713	 -11.096
23	-482.161	44	 -10.453	 -13.468	 -38.552
24	-479.450	39	  16.677	 -17.757	 -31.147
25	-473.919	43	  28.526	   4.584	 -41.577
26	-448.569	42	  24.637	 -48.080	 -15.454
27	-436.562	39	   5.251	 -66.715	   1.031
28	-434.383	41	 -10.912	 -23.140	 -14.420
29	-430.438	37	   1.735	 -44.881	  -4.559
30	-429.056	39	  29.573	 -16.963	 -18.079
31	-425.905	41	  -0.101	 -43.302	   2.134
32	-420.405	41	  -8.798	 -41.638	 -32.822
33	-400.147	37	   2.851	 -33.066	 -20.081
34	-389.304	35	  20.546	   0.640	  -8.083
35	-382.899	35	  18.164	 -16.900	 -45.506
36	-375.620	35	  16.753	 -15.927	  -7.899
37	-365.163	31	  15.819	 -13.231	 -40.022
38	-362.008	32	   1.444	 -62.824	 -27.674
39	-359.577	35	  15.759	 -53.623	   0.123
40	-342.935	31	  -0.721	 -26.052	 -22.803
41	-336.897	30	  31.147	   8.331	 -12.037
42	-333.543	31	   4.121	   3.577	 -29.158
43	-327.329	28	  22.005	 -37.559	  -4.383
44	-326.138	32	  40.082	  -3.198	 -20.771
45	-325.777	31	  -4.176	 -30.543	 -41.156
46	-318.700	28	  39.834	 -32.905	 -39.638
47	-310.961	29	  20.299	 -46.225	 -31.947
48	-302.794	30	  33.779	   0.651	 -42.193
49	-298.571	30	  34.611	 -15.829	 -28.811
50	-290.020	25	   9.611	   4.921	 -19.294
51	-286.594	26	  32.438	 -10.395	 -36.934
52	-282.247	28	  -6.566	 -10.900	 -23.358
53	-274.980	24	  20.894	 -70.779	 -26.487
54	-273.925	25	   8.377	  -2.012	 -45.265
55	-273.815	25	  17.229	   8.382	 -12.980
56	-268.105	24	  -4.389	 -68.478	 -16.631
57	-266.249	25	   0.668	  -9.018	 -18.982
58	-264.738	24	  27.093	  -9.212	 -13.731
59	-264.679	26	  32.311	 -28.314	 -14.054
60	-264.214	26	  31.029	 -38.527	 -16.236
61	-260.347	25	  35.518	   0.273	 -11.748
62	-257.437	25	   8.010	 -20.390	  -2.393
63	-255.486	25	  27.302	 -64.410	  -9.387
64	-254.426	25	   8.394	 -26.096	 -55.697
65	-251.792	23	  -8.641	 -58.868	 -21.557
66	-249.410	23	  12.764	  10.749	 -31.561
67	-248.585	21	  -5.316	  -4.641	 -34.302
68	-246.494	25	  27.795	 -64.173	 -24.445
69	-244.555	22	 -15.705	 -48.982	 -21.933
70	-240.093	21	  21.256	 -75.822	 -20.045
71	-239.624	20	  39.504	  -5.954	 -33.378
72	-236.923	21	  25.185	 -32.623	   9.463
73	-234.837	22	  10.031	 -68.799	 -29.609
74	-231.722	18	   6.097	 -34.578	 -28.463
75	-228.120	21	  18.067	 -63.103	 -31.565
76	-225.613	21	  -1.721	 -47.533	 -31.646
77	-218.819	18	  21.076	 -61.095	   0.908
78	-216.288	20	 -11.795	 -54.416	  -6.043
79	-210.386	19	  -7.454	 -38.416	  10.089
80	-208.013	20	  -1.007	 -59.577	  -3.659
81	-205.548	19	   0.463	 -28.734	 -48.967
82	-203.287	20	   9.823	 -25.580	   3.179
83	-201.857	19	  23.226	 -11.186	 -41.995
84	-198.699	18	  32.695	 -26.695	 -24.866
85	-195.687	20	  26.471	  16.940	 -38.041
86	-194.467	20	 -10.048	 -31.275	   5.547
87	-191.637	19	  17.359	 -41.084	 -40.078
88	-189.175	18	  26.431	 -48.145	 -38.237
89	-188.028	18	   6.140	 -49.148	  -0.650
90	-185.041	18	  19.393	 -14.879	   1.253
91	-181.608	18	  13.449	 -30.798	 -49.836
92	-181.164	16	  15.243	 -19.376	 -58.010
93	-180.906	18	  30.192	 -21.514	  -4.526
94	-180.268	16	  22.512	 -55.512	 -22.055
95	-171.635	16	 -11.765	 -25.850	  -5.020
96	-168.464	16	 -13.777	 -15.908	 -27.406
97	-167.089	17	   7.848	  -0.872	 -55.737
98	-164.312	15	  19.273	  -2.200	 -43.255
99	-158.552	16	  -4.177	  -8.372	 -59.796
100	-153.054	15	 -10.323	 -17.178	 -20.534
101	-151.199	15	  36.841	 -33.998	 -25.253
102	-147.253	15	  23.999	 -48.687	  -5.311
103	-147.192	15	  31.708	 -44.812	 -26.830
104	-146.897	15	  -0.800	 -78.817	  -6.604
105	-143.575	14	   2.409	 -71.821	 -22.515
106	-142.951	15	  38.925	   9.140	 -34.761
107	-138.704	14	  15.732	 -74.830	  -0.409
108	-136.094	14	  17.857	 -80.514	 -10.856
109	-135.652	13	  21.254	 -35.968	 -44.840
110	-134.289	13	  16.129	  12.949	 -23.620
111	-132.461	13	  26.672	 -69.101	 -17.264
112	-131.561	12	  10.377	 -34.277	   2.795
113	-126.396	12	  24.477	 -27.486	 -42.614
114	-126.359	12	  39.988	   4.991	 -23.011
115	-124.790	12	 -25.049	 -39.803	  -5.859
116	-123.963	12	 -14.474	 -52.096	 -14.513
117	-120.000	12	  10.265	 -57.534	 -31.556
118	-118.110	11	   4.546	 -35.234	 -45.123
119	-116.766	11	  -6.559	 -60.660	 -10.258
120	-113.541	11	 -18.498	 -19.272	 -32.815
121	-110.598	11	 -17.729	 -28.726	  -9.584
122	-108.790	11	   9.303	  -1.957	 -13.959
123	-108.269	10	 -15.103	 -36.343	 -31.979
124	-106.182	11	   4.791	 -60.162	   4.510
125	-106.154	10	   0.922	  -2.445	 -39.999
126	-105.794	10	 -21.315	 -31.420	 -29.263
127	-102.698	9	  26.679	 -19.464	   4.443
128	-100.473	10	 -18.489	 -53.888	   3.014
129	 -96.036	10	 -26.319	 -44.646	   2.576
130	 -94.583	6	  -0.293	 -24.020	 -37.417
131	 -93.772	9	   1.249	 -17.932	  -8.014
132	 -92.089	9	  16.298	 -30.176	   8.889
133	 -90.961	9	  30.254	 -53.693	 -14.900
134	 -88.680	9	  -6.169	 -23.639	 -48.135
135	 -88.652	9	 -15.329	 -45.293	  11.347
136	 -87.832	9	  24.722	  18.475	 -25.729
137	 -87.160	9	  -8.341	 -52.605	 -29.138
138	 -84.176	8	  36.822	  14.490	 -26.383
139	 -81.964	8	  -1.858	 -27.430	   1.817
140	 -80.300	8	  -1.052	 -20.321	 -55.541
141	 -78.811	8	  12.623	 -67.388	   4.768
142	 -75.062	7	  -6.791	 -13.303	 -51.788
143	 -74.910	7	   2.677	 -36.522	   6.472
144	 -73.468	7	 -17.095	 -31.750	  -1.711
145	 -70.883	7	  23.311	 -72.316	  -8.091
146	 -68.283	7	  38.200	 -38.463	 -46.257
147	 -68.213	7	  24.368	 -24.712	  13.721
148	 -67.530	6	  30.861	 -32.487	 -44.615
149	 -64.627	4	  20.192	 -41.472	 -12.803
150	 -64.078	6	  30.090	 -27.874	   5.811
151	 -60.839	6	  -0.502	  -2.033	 -20.883
152	 -59.949	6	  30.409	 -45.483	 -46.463
153	 -58.964	6	  11.723	 -11.484	 -62.873
154	 -58.706	6	 -27.840	 -51.020	  -3.811
155	 -57.701	6	  12.474	   2.809	 -39.271
156	 -55.059	4	  22.811	   9.158	 -37.286
157	 -54.865	5	  -5.304	  -1.020	 -56.113
158	 -52.266	5	  -5.516	 -31.514	 -14.249
159	 -51.077	5	  10.435	 -78.580	 -18.156
160	 -50.593	4	  26.658	 -22.724	 -23.655
161	 -49.652	4	  21.944	 -55.087	  -9.928
162	 -48.786	5	  39.484	 -44.829	 -36.237
163	 -48.304	3	  32.477	 -10.604	 -24.412
164	 -47.985	5	 -23.540	 -36.841	   0.365
165	 -46.643	5	  37.885	 -14.224	 -16.734
166	 -40.195	4	  31.477	 -32.765	  -6.128
167	 -39.915	4	  17.579	 -17.838	  10.111
168	 -39.721	4	   6.261	 -42.565	 -38.251
169	 -39.719	3	  13.477	  -4.739	 -35.449
170	 -38.213	4	   2.973	 -81.020	 -15.598
171	 -23.829	2	  13.029	 -45.020	 -30.666
172	 -20.905	2	  18.477	  -7.140	 -51.114
173	 -20.753	2	  20.477	 -24.524	 -49.114
174	 -18.478	2	  -4.012	 -68.020	  -3.114
175	 -18.167	2	  27.985	 -36.512	   2.886
176	 -14.730	1	  13.477	 -51.020	  -8.114
177	  -9.919	1	  18.477	  16.980	 -42.114
178	  -9.539	1	  33.477	 -26.020	 -40.114
179	  -9.253	1	  38.477	  -8.020	  -9.114
180	  -9.114	1	  33.477	 -62.020	 -19.114
