1	-910.785	73	 -63.945	  18.789	  53.218
2	-739.584	67	 -67.696	  40.627	  62.793
3	-449.747	41	 -62.676	  25.295	  43.037
4	-410.264	39	 -80.973	  37.501	  61.511
5	-408.755	37	 -62.249	  39.121	  68.160
6	-400.553	34	 -58.810	  39.118	  44.958
7	-356.304	31	 -66.944	  32.119	  74.081
8	-354.871	29	 -55.898	  17.896	  62.217
9	-348.319	33	 -83.852	  26.383	  46.751
10	-329.594	31	 -51.288	  14.415	  57.643
11	-303.984	26	 -73.906	  33.807	  71.131
12	-293.926	29	 -63.015	  13.594	  67.312
13	-285.529	27	 -57.028	  35.797	  73.160
14	-254.395	25	 -49.266	  23.404	  42.297
15	-247.866	24	 -77.954	  22.063	  76.801
16	-243.001	23	 -52.042	  44.983	  60.926
17	-218.899	21	 -74.535	   9.123	  52.310
18	-200.191	19	 -54.734	  45.240	  52.789
19	-187.752	18	 -87.058	  11.958	  66.462
20	-169.484	17	 -88.153	  27.403	  64.783
21	-167.832	16	 -81.109	  41.045	  49.031
22	-157.278	15	 -45.460	  37.779	  51.199
23	-156.097	15	 -79.385	  16.499	  42.157
24	-146.594	14	 -71.045	   6.344	  60.943
25	-141.185	14	 -42.306	  23.998	  54.796
26	-140.694	14	 -60.672	  30.820	  39.388
27	-137.003	13	 -89.493	  16.473	  54.386
28	-133.368	13	 -45.343	  32.937	  67.619
29	-127.392	12	 -84.834	  26.260	  73.248
30	-124.230	12	 -74.025	  45.641	  52.633
31	-122.370	12	 -67.258	  23.502	  78.765
32	-121.296	12	 -56.464	  16.880	  75.755
33	-113.131	11	 -77.813	  30.442	  39.435
34	-110.928	7	 -76.068	  18.067	  53.374
35	-108.875	10	 -71.165	  17.000	  44.373
36	 -97.749	10	 -76.210	  11.715	  75.561
37	 -96.973	10	 -41.592	  23.906	  65.858
38	 -95.256	9	 -41.972	  33.415	  57.479
39	 -90.523	9	 -70.927	  42.396	  43.049
40	 -84.743	9	 -62.049	  47.085	  56.454
41	 -83.645	8	 -56.404	  25.569	  78.145
42	 -80.361	6	 -66.758	  27.909	  59.429
43	 -78.012	8	 -86.941	  13.020	  48.412
44	 -77.981	8	 -90.045	  23.898	  56.288
45	 -72.422	7	 -85.050	  34.187	  45.173
46	 -69.828	7	 -79.738	   2.904	  55.063
47	 -69.007	7	 -50.410	  11.436	  50.090
48	 -65.238	6	 -50.644	  14.416	  71.172
49	 -59.112	4	 -72.946	  16.037	  60.328
50	 -56.570	6	 -53.554	  43.760	  68.861
51	 -56.418	6	 -48.652	  32.893	  41.877
52	 -55.271	5	 -56.133	  14.274	  43.865
53	 -51.338	5	 -89.010	   4.957	  58.640
54	 -50.694	5	 -47.740	  27.073	  75.131
55	 -40.503	4	 -51.054	  39.213	  46.037
56	 -39.608	4	 -40.044	  19.515	  44.551
57	 -22.072	2	 -82.045	   3.260	  63.551
58	 -18.417	2	 -64.554	  46.746	  47.037
59	 -10.260	1	 -40.045	  31.746	  49.037
60	 -10.002	1	 -81.045	   6.746	  74.037
