1	-807.044	67	 -63.971	  18.324	  54.362
2	-680.285	61	 -67.727	  40.352	  62.278
3	-659.227	56	 -54.934	  15.920	  60.241
4	-479.114	45	 -80.882	  37.309	  61.210
5	-439.367	42	 -60.809	  26.591	  42.283
6	-399.753	36	 -62.176	  39.132	  67.826
7	-378.700	33	 -66.770	  32.289	  73.370
8	-355.363	30	 -58.981	  39.027	  44.194
9	-304.521	27	 -62.916	  20.720	  47.445
10	-295.976	26	 -74.412	  33.797	  70.748
11	-292.783	27	 -51.466	  44.797	  60.391
12	-261.250	25	 -84.547	  26.514	  47.261
13	-261.186	25	 -54.766	  45.104	  52.138
14	-246.151	23	 -55.596	  35.769	  72.376
15	-222.419	21	 -62.282	  14.076	  65.578
16	-220.328	22	 -77.779	  23.167	  76.738
17	-215.942	20	 -74.391	   9.243	  51.623
18	-207.133	20	 -43.523	  27.849	  66.009
19	-196.669	19	 -46.065	  37.256	  49.200
20	-186.949	18	 -57.896	  16.108	  74.732
21	-184.308	18	 -41.996	  24.057	  54.251
22	-174.577	16	 -48.524	  23.901	  41.925
23	-149.541	14	 -71.418	  16.726	  43.958
24	-145.177	14	 -69.242	  22.339	  78.025
25	-138.357	14	 -89.491	  23.637	  58.795
26	-135.354	13	 -70.800	   6.440	  60.076
27	-132.600	13	 -73.437	  42.138	  43.639
28	-121.570	11	 -66.806	  27.531	  39.194
29	-114.832	11	 -89.951	  16.689	  54.413
30	-108.569	11	 -83.304	  40.724	  50.667
31	-107.299	11	 -47.540	  16.044	  54.674
32	-105.811	10	 -84.639	  26.590	  73.070
33	-103.706	10	 -81.705	  13.308	  44.858
34	-102.053	6	 -76.180	  18.028	  52.966
35	-101.661	10	 -74.778	  45.267	  52.397
36	-101.606	10	 -86.590	   9.804	  66.057
37	 -98.347	9	 -42.006	  33.187	  56.915
38	 -95.499	10	 -87.027	   9.852	  49.892
39	 -85.219	9	 -79.209	  11.953	  75.435
40	 -82.162	8	 -78.149	  31.740	  39.474
41	 -81.980	8	 -87.690	  30.397	  66.086
42	 -80.385	8	 -48.836	  24.439	  75.743
43	 -70.641	7	 -69.774	  10.017	  71.864
44	 -70.459	7	 -76.862	  18.852	  39.259
45	 -64.623	6	 -54.702	  15.206	  42.824
46	 -60.710	6	 -54.892	   8.702	  49.555
47	 -57.362	5	 -50.873	  14.330	  70.388
48	 -56.161	6	 -47.711	  33.006	  41.732
49	 -53.704	5	 -57.105	  25.259	  77.752
50	 -51.949	3	 -65.772	  25.977	  59.205
51	 -49.917	5	 -86.009	  34.287	  45.349
52	 -48.248	5	 -64.280	  47.289	  49.933
53	 -39.992	4	 -43.614	  39.276	  60.875
54	 -31.503	3	 -83.594	   3.367	  61.695
55	 -30.873	3	 -78.070	   2.746	  54.903
56	 -30.664	3	 -39.750	  19.702	  44.245
57	 -28.682	3	 -64.744	  27.609	  79.905
58	 -26.516	2	 -72.497	  15.702	  59.577
59	 -21.639	2	 -90.995	  15.754	  62.103
60	 -20.238	2	 -40.047	  31.191	  49.088
61	 -18.799	2	 -46.047	  13.702	  44.056
62	  -9.793	1	 -61.047	  46.702	  57.577
63	  -9.348	1	 -91.047	  33.702	  58.577
