1	-1278.265	102	 -23.612	 206.627	  77.974
2	-1171.766	94	 -47.667	 199.943	 106.997
3	-1101.198	101	 -32.993	 185.248	  98.731
4	-913.204	61	 -40.256	 216.597	 116.783
5	-907.998	82	 -13.828	 206.394	 114.524
6	-878.784	79	 -34.051	 196.044	  84.329
7	-842.642	77	 -39.338	 197.082	  99.291
8	-839.832	78	 -12.785	 227.799	 132.844
9	-822.079	77	 -33.793	 174.006	  84.244
10	-818.313	77	 -47.758	 207.760	 123.106
11	-759.271	63	 -40.909	 163.353	  71.721
12	-725.902	66	 -15.763	 191.034	  97.491
13	-720.461	60	 -42.357	 186.297	  95.779
14	-715.865	65	 -32.797	 205.649	 102.306
15	-714.293	47	 -37.092	 205.283	 120.106
16	-696.096	64	 -44.623	 164.183	  59.718
17	-693.072	63	 -13.661	 187.280	  68.372
18	-689.991	62	 -37.671	 167.083	  88.103
19	-677.036	61	 -26.365	 201.957	  88.700
20	-675.883	60	 -18.833	 199.980	  97.778
21	-664.931	61	 -37.600	 219.500	 127.923
22	-655.843	59	 -25.285	 177.683	  60.015
23	-653.673	56	 -24.556	 202.119	 102.645
24	-638.029	56	 -28.586	 210.241	 134.181
25	-634.529	57	 -25.430	 184.594	 106.809
26	-626.306	56	 -23.591	 197.201	  64.393
27	-615.750	56	  -3.782	 203.510	  83.062
28	-589.761	55	 -25.387	 189.120	  93.812
29	-583.659	51	 -37.823	 197.236	 127.881
30	-555.919	44	  -7.224	 220.239	 124.674
31	-548.862	53	  -6.158	 208.449	 112.996
32	-536.134	43	 -17.751	 208.126	  94.745
33	-535.920	47	 -48.777	 181.762	 113.903
34	-530.920	50	 -52.632	 194.490	 128.621
35	-494.869	43	 -17.324	 216.340	  84.718
36	-491.990	43	 -14.131	 218.655	  72.616
37	-491.539	46	 -21.283	 218.249	  53.441
38	-491.456	47	 -18.014	 202.489	 119.170
39	-487.300	44	 -27.090	 174.636	  81.004
40	-484.470	46	 -10.729	 208.932	 101.183
41	-483.030	45	  -6.578	 200.721	  63.416
42	-482.473	44	 -30.018	 190.989	 124.488
43	-481.500	42	 -29.388	 213.813	  79.225
44	-472.845	42	 -14.517	 181.756	  78.275
45	-468.202	42	 -63.085	 195.118	 108.646
46	-457.184	37	 -46.383	 199.653	 125.323
47	-454.749	43	 -51.193	 162.771	  81.831
48	-452.725	41	 -52.437	 181.296	  82.000
49	-444.832	43	 -42.671	 176.658	  94.185
50	-442.822	40	 -15.467	 236.870	 112.891
51	-435.916	26	 -27.050	 192.460	  72.706
52	-433.779	36	 -44.893	 175.702	  48.198
53	-424.989	38	 -29.105	 232.337	 138.516
54	-424.586	34	 -15.241	 196.193	  65.179
55	-423.223	35	 -33.974	 228.933	 119.683
56	-422.789	38	 -16.412	 192.171	 119.882
57	-421.336	36	 -11.474	 217.662	  59.861
58	-413.645	36	 -33.855	 188.168	  90.231
59	-400.337	34	 -47.061	 188.016	  60.074
60	-399.672	35	  -5.797	 230.573	 122.099
61	-394.723	37	 -24.727	 192.843	 102.940
62	-390.242	36	 -52.740	 182.634	  98.761
63	-384.385	28	 -13.347	 184.992	  90.697
64	-384.191	37	  -0.600	 196.107	  75.139
65	-383.550	35	 -37.392	 174.166	  42.862
66	-378.519	31	 -54.476	 193.105	  99.789
67	-377.741	33	 -34.906	 188.251	  59.807
68	-375.497	28	 -34.213	 195.628	  65.337
69	-360.144	32	 -17.649	 223.774	 104.156
70	-356.357	34	 -25.562	 173.802	  99.894
71	-351.869	32	 -41.963	 206.201	  71.320
72	-347.809	33	 -34.833	 207.462	 132.514
73	-346.856	34	 -69.733	 210.915	 119.560
74	-345.210	28	 -67.789	 199.843	 120.233
75	-330.840	31	 -26.810	 173.239	  69.811
76	-329.518	30	 -45.693	 219.370	 103.279
77	-318.688	26	 -47.329	 178.830	  54.940
78	-313.339	28	 -42.663	 197.942	  76.723
79	-306.401	28	 -23.431	 225.756	  64.870
80	-305.996	29	 -18.604	 173.460	  86.275
81	-299.808	26	 -28.133	 231.817	 129.346
82	-297.740	26	  -2.018	 225.579	 113.315
83	-291.747	26	 -58.636	 184.861	  73.430
84	-291.329	26	 -55.220	 163.582	  72.078
85	-290.779	27	 -26.493	 199.716	 123.679
86	-290.640	27	 -10.219	 214.950	  92.189
87	-287.448	27	 -55.024	 174.020	  55.234
88	-287.294	28	 -31.229	 199.686	  58.327
89	-286.805	26	 -36.961	 218.201	 143.564
90	-273.322	26	 -49.854	 220.780	 119.791
91	-273.107	25	 -20.931	 180.365	  73.813
92	-271.381	21	 -32.217	 209.565	  54.112
93	-266.823	25	 -21.098	 213.811	 101.042
94	-265.900	26	 -28.908	 223.536	 107.044
95	-259.236	23	 -35.635	 217.405	 104.124
96	-259.081	22	 -58.793	 219.965	 119.163
97	-253.145	24	 -46.806	 190.499	  75.590
98	-249.595	24	 -55.829	 186.809	 120.861
99	-249.195	21	 -27.616	 173.074	  53.612
100	-248.973	23	 -46.501	 183.768	 124.677
101	-244.808	24	 -53.265	 206.568	  99.186
102	-243.338	22	  -3.760	 206.576	  71.445
103	-241.789	23	 -49.611	 159.969	  67.213
104	-240.941	24	 -43.141	 198.956	  62.944
105	-232.894	20	 -62.190	 177.987	  67.463
106	-227.878	21	 -21.731	 200.047	  57.357
107	-224.905	20	 -22.672	 233.218	 106.565
108	-223.481	20	 -27.251	 214.855	 140.688
109	-222.287	21	 -42.405	 223.434	 118.719
110	-221.936	21	 -38.289	 179.785	 127.054
111	-220.952	20	 -26.602	 179.997	  46.179
112	-220.689	20	 -43.818	 186.004	  87.778
113	-219.232	21	 -60.335	 222.718	 110.939
114	-218.334	21	 -21.865	 183.617	  60.841
115	-217.466	20	 -66.841	 216.629	 107.866
116	-205.382	20	 -34.652	 186.685	  53.064
117	-199.722	13	 -11.808	 212.199	  69.286
118	-198.981	20	 -12.926	 214.446	 134.945
119	-198.575	19	 -20.405	 206.679	 127.522
120	-192.671	19	  -0.489	 219.747	 106.010
121	-187.701	17	 -60.269	 173.444	  73.472
122	-187.489	17	  -9.144	 215.229	  77.487
123	-183.285	17	  -3.568	 215.136	  66.762
124	-179.864	17	 -36.973	 173.976	 118.795
125	-176.294	18	 -19.844	 183.674	 118.770
126	-173.765	16	 -62.964	 204.433	 129.394
127	-172.864	17	 -41.128	 189.251	 130.135
128	-172.644	12	 -58.691	 194.313	 115.579
129	-169.113	16	  -8.085	 190.858	 105.230
130	-168.012	16	 -50.719	 166.402	  90.359
131	-159.666	16	 -21.590	 238.171	 126.932
132	-155.057	16	 -13.367	 205.923	  51.751
133	-149.664	14	   0.682	 191.361	  87.052
134	-147.468	14	 -42.934	 175.717	 113.273
135	-146.695	14	 -12.081	 239.698	 124.791
136	-140.463	14	 -39.039	 225.065	 109.805
137	-134.689	13	 -33.192	 163.740	  52.311
138	-134.499	13	 -29.281	 233.715	 114.959
139	-132.270	13	   2.506	 221.264	 120.720
140	-131.731	13	 -53.289	 188.670	  66.184
141	-127.850	11	 -32.074	 222.952	  60.444
142	-127.810	12	 -21.663	 238.017	 134.637
143	-126.511	12	 -59.085	 187.970	 109.243
144	-126.220	13	 -15.609	 222.278	  56.439
145	-126.177	13	 -65.520	 188.215	 118.819
146	-124.953	11	 -43.460	 206.164	  63.446
147	-123.820	11	 -18.491	 232.755	 140.169
148	-120.921	12	 -36.533	 216.431	  58.117
149	-115.594	11	 -27.616	 227.683	 148.645
150	-111.848	11	 -59.408	 167.011	  61.010
151	-110.944	11	 -36.200	 231.966	 129.365
152	-107.015	11	 -32.200	 163.304	  64.715
153	-106.496	11	 -38.510	 207.363	  78.753
154	-105.217	10	 -12.157	 214.202	 126.295
155	-102.545	10	 -47.253	 223.884	 109.424
156	-100.701	10	 -32.910	 175.418	 110.080
157	-100.127	10	 -71.098	 207.054	 107.375
158	 -99.486	10	 -38.376	 204.383	  56.332
159	 -99.292	10	 -47.779	 155.791	  76.968
160	 -97.403	10	 -42.817	 211.707	  98.848
161	 -95.062	9	 -12.030	 177.439	  92.318
162	 -92.748	9	 -23.729	 223.461	  73.617
163	 -87.088	8	 -46.027	 165.675	  49.021
164	 -82.191	8	 -63.904	 201.622	 101.637
165	 -76.045	8	 -39.249	 217.754	 134.756
166	 -71.649	7	  -0.882	 214.414	 117.337
167	 -65.222	6	 -28.994	 165.509	  97.579
168	 -62.985	6	 -14.315	 185.924	 112.740
169	 -62.178	6	 -25.969	 219.991	 147.516
170	 -50.497	5	 -40.685	 165.964	  44.189
171	 -48.416	5	 -15.030	 183.238	  99.935
172	 -48.195	5	 -40.641	 173.644	 106.367
173	 -47.094	5	  -2.026	 205.544	  92.745
174	 -46.754	5	 -44.196	 214.018	  67.157
175	 -46.574	5	 -52.600	 219.991	 100.538
176	 -46.468	5	  -9.205	 224.612	 101.542
177	 -42.855	4	  -1.383	 185.310	  84.328
178	 -42.345	4	 -27.120	 178.336	 118.999
179	 -41.004	4	 -40.835	 159.584	  80.745
180	 -40.596	4	 -70.832	 196.298	 113.745
181	 -40.195	4	 -57.490	 214.216	 128.526
182	 -39.920	4	 -24.000	 205.802	  49.519
183	 -39.036	4	  -3.130	 194.279	  94.745
184	 -38.190	4	 -55.409	 181.082	  58.520
185	 -37.618	4	  -0.860	 195.556	 108.738
186	 -37.106	4	  -7.120	 187.571	  97.245
187	 -36.904	4	 -63.139	 210.040	  98.258
188	 -29.490	3	 -33.587	 223.524	  72.720
189	 -29.383	3	 -45.684	 185.075	  48.508
190	 -28.813	3	 -21.252	 241.163	 118.393
191	 -28.681	3	 -35.605	 225.830	 145.068
192	 -28.434	3	  -3.269	 189.790	  69.806
193	 -27.904	3	 -42.287	 191.797	  56.035
194	 -27.881	3	 -54.272	 178.483	 106.103
195	 -27.815	3	  -2.604	 202.857	 115.374
196	 -26.146	2	 -21.003	 203.604	  67.136
197	 -23.085	1	 -39.612	 168.823	  65.745
198	 -20.645	2	 -39.612	 213.305	  73.745
199	 -20.373	2	 -18.141	 219.294	 143.745
200	 -19.754	2	 -41.612	 230.289	 135.745
201	 -19.492	2	 -16.082	 220.823	 128.215
202	 -19.006	2	  -2.612	 202.823	 102.275
203	 -18.660	2	 -31.114	 198.823	 132.745
204	 -18.448	2	 -31.585	 218.310	  52.205
205	 -12.918	1	 -50.612	 203.823	 116.745
206	  -9.528	1	 -57.612	 176.823	  86.745
207	  -9.454	1	 -54.612	 161.823	  57.745
208	  -9.245	1	 -27.612	 163.823	  87.745
209	  -9.231	1	 -24.612	 214.823	 122.745
210	  -9.211	1	   4.388	 195.823	  82.745
211	  -9.120	1	 -48.612	 194.823	  93.745
212	  -8.952	1	 -41.612	 181.823	  41.745
