1	-1603.459	141	  27.805	  42.939	 120.976
2	-1548.691	126	  30.242	  57.943	 100.470
3	-1537.052	142	  15.849	  60.523	  88.718
4	-1375.177	109	  51.071	  13.784	  89.547
5	-1319.240	100	  15.433	  39.966	 113.062
6	-1263.653	94	  22.360	  16.142	 104.941
7	-1192.578	109	  36.523	  32.420	  91.870
8	-1099.354	100	  19.285	  47.101	 110.221
9	-994.609	91	  33.384	  64.028	 104.163
10	-992.329	86	  33.360	  42.406	 108.845
11	-988.606	83	  42.085	  37.924	  87.184
12	-979.891	86	  36.335	  42.015	  95.279
13	-930.718	90	  33.982	  49.280	 107.387
14	-919.948	85	  43.222	  28.524	 112.136
15	-879.449	75	  26.006	  -4.470	  96.696
16	-844.489	77	  25.616	  20.840	  82.540
17	-802.063	72	  21.496	  46.730	  84.510
18	-766.025	71	  11.164	  50.133	 111.495
19	-753.050	67	  21.544	  56.297	  88.629
20	-716.063	66	  52.399	  50.809	  70.145
21	-673.288	59	  31.088	  37.127	  93.919
22	-672.685	61	  31.695	  41.745	  82.754
23	-668.203	45	  26.982	  27.013	 123.396
24	-667.623	55	   4.861	  18.848	 100.306
25	-663.318	58	  61.248	  38.852	  95.872
26	-636.444	53	  32.844	  28.022	  84.863
27	-634.004	55	  51.650	  59.981	  88.380
28	-609.036	56	  32.558	  49.809	  98.062
29	-576.589	52	  30.565	  24.775	 130.739
30	-570.705	52	  57.283	  21.988	  81.359
31	-542.846	42	  27.326	  -5.762	 105.637
32	-536.709	44	  44.857	  -4.475	  95.703
33	-527.764	45	   3.903	  34.577	 101.761
34	-518.646	44	  30.142	   3.099	 118.576
35	-515.356	48	  19.938	   3.837	  87.662
36	-514.705	43	  45.595	  61.892	  81.092
37	-490.623	42	   4.999	  43.316	 117.393
38	-490.361	40	  23.402	  50.893	 116.498
39	-489.452	45	  54.101	  26.593	 100.648
40	-489.407	47	  29.900	  43.144	  99.147
41	-489.278	42	   2.501	  18.424	 123.980
42	-479.573	39	  18.579	  54.141	  94.840
43	-442.378	40	  14.911	  -3.909	 102.137
44	-437.377	29	  39.415	  33.123	 100.626
45	-435.643	37	  19.383	  -1.650	 116.966
46	-423.063	39	  41.605	   0.730	 120.820
47	-417.774	35	   7.119	   6.784	 117.115
48	-406.322	37	  39.166	  19.423	  77.855
49	-405.366	37	  30.007	  34.208	  85.041
50	-394.690	28	  34.233	  29.064	 115.104
51	-392.965	36	 -10.150	   7.159	 111.044
52	-385.106	35	  42.124	  36.822	 125.731
53	-384.998	29	  59.319	  18.105	  89.738
54	-370.240	33	  43.744	  61.410	  73.234
55	-369.553	32	  44.460	  44.635	  80.843
56	-367.208	32	  26.828	  36.511	 136.496
57	-362.316	33	   5.040	  30.757	 131.753
58	-359.978	34	  63.579	  27.946	  86.748
59	-343.810	32	  47.616	  30.084	 124.050
60	-339.540	28	  46.451	  47.787	 106.969
61	-320.718	25	  19.046	  10.660	 100.933
62	-320.289	31	   2.308	  37.284	  87.017
63	-315.690	29	  44.906	   1.418	  85.657
64	-309.658	30	  -0.112	  33.832	 124.022
65	-302.454	29	   0.750	  28.580	  86.269
66	-292.644	28	  -6.314	   0.235	  93.740
67	-290.619	27	   8.965	  69.643	 103.863
68	-288.498	27	  19.400	  28.992	 138.374
69	-287.347	27	  23.362	  11.635	 120.292
70	-286.324	27	  16.718	  18.837	  84.288
71	-275.222	26	  13.675	  49.372	  79.434
72	-275.195	25	  -5.722	  14.315	  99.974
73	-272.469	26	  54.368	  55.901	  98.778
74	-272.234	22	   6.172	  25.870	 110.302
75	-268.887	25	  47.855	  11.177	 121.637
76	-264.417	24	  17.636	  64.160	 114.118
77	-257.060	23	   0.863	  33.262	 114.492
78	-255.851	24	  54.958	  49.842	 103.519
79	-255.169	19	  26.148	  10.781	 113.502
80	-255.102	22	  55.808	  16.031	 103.694
81	-254.646	22	   6.610	  20.466	  91.204
82	-248.438	23	  31.950	  58.321	  72.826
83	-241.757	24	  51.037	  34.853	  80.072
84	-234.729	21	   1.274	  17.887	 112.415
85	-233.605	22	   7.338	  55.059	  88.590
86	-232.867	20	  54.497	  10.932	 112.524
87	-226.147	22	  42.166	  17.928	 129.819
88	-221.323	21	  13.727	  17.858	 132.874
89	-220.882	22	  11.447	   1.243	  90.569
90	-217.528	21	   3.657	  -2.916	 110.798
91	-217.015	21	  20.819	  63.586	  83.647
92	-216.676	20	  10.342	  38.908	  79.493
93	-213.630	20	  27.946	  60.642	 113.072
94	-213.592	21	  46.618	  40.170	 111.288
95	-210.963	20	  12.037	  50.676	 128.567
96	-207.234	19	  32.927	  75.803	 101.570
97	-205.201	19	  39.371	   4.785	  78.947
98	-204.662	18	  52.739	  61.187	  73.682
99	-201.807	18	  48.383	  23.659	 111.778
100	-199.816	19	  63.217	  -1.955	 103.718
101	-192.637	18	  20.123	  54.423	 123.801
102	-191.844	19	  17.009	  41.301	 134.766
103	-185.332	17	   1.118	  45.015	  98.395
104	-184.699	18	  13.051	  31.784	  74.484
105	-177.599	16	  33.634	  12.102	 124.834
106	-175.213	17	  37.823	  48.576	  69.058
107	-173.077	16	   6.668	  64.486	  96.905
108	-169.697	17	  15.817	  70.330	  90.591
109	-168.702	16	   0.467	   2.969	  91.460
110	-166.071	16	   1.917	  27.305	 100.323
111	-165.925	16	 -18.024	  -0.827	 101.428
112	-163.822	15	  41.131	  26.107	 128.558
113	-161.248	15	   3.995	  -3.014	  97.336
114	-158.886	15	  60.987	   4.060	  92.380
115	-158.021	15	  34.994	  67.176	  81.854
116	-156.447	14	  40.852	  68.536	 102.731
117	-155.690	15	  21.984	  36.708	  72.323
118	-154.322	16	  49.995	  -3.893	 117.223
119	-153.434	13	  -3.430	  -5.052	 100.478
120	-152.106	14	  32.401	  -8.330	 110.433
121	-150.954	14	  65.859	  58.318	  85.816
122	-150.895	14	   7.666	  24.116	 136.183
123	-149.895	14	   9.040	  13.964	  86.174
124	-146.185	15	  24.274	  55.318	  79.839
125	-143.976	14	   9.020	  59.099	 112.977
126	-143.467	13	  21.475	  15.469	 127.446
127	-141.604	14	  17.475	  25.764	  75.363
128	-139.143	14	  50.700	  12.454	  76.707
129	-136.620	13	   4.834	  45.378	  89.314
130	-135.006	13	  28.765	  -6.740	 116.831
131	-134.245	13	  27.452	  76.708	  93.631
132	-133.197	14	  22.575	  45.786	 136.053
133	-128.856	13	  12.421	  -3.874	 111.739
134	-128.844	12	  47.244	  22.269	  74.375
135	-122.743	9	  16.430	   7.839	 120.400
136	-121.401	9	  19.238	   1.386	 106.348
137	-121.084	12	  39.666	 -10.766	 101.505
138	-120.939	12	  55.627	  40.640	  74.060
139	-119.540	12	   2.116	  41.651	 109.836
140	-117.880	9	  16.902	  18.400	  93.322
141	-111.244	10	  65.117	  50.688	  94.140
142	-109.228	9	   5.348	  62.066	 108.085
143	-108.658	11	  64.724	  14.153	  94.612
144	-107.690	11	  -8.749	  -6.067	 108.878
145	-106.839	11	  36.462	  44.800	 131.064
146	-105.096	10	  49.368	  62.819	 101.062
147	-101.412	10	 -17.223	  -3.360	 112.457
148	-100.649	10	  32.449	  -0.664	  83.994
149	 -96.650	10	   1.871	  54.625	 107.614
150	 -92.615	9	  12.913	  33.123	 137.469
151	 -89.771	8	   9.060	  27.786	  80.399
152	 -89.577	8	 -19.600	   4.508	 110.875
153	 -89.429	9	  52.442	  23.110	 120.702
154	 -89.283	8	  28.672	  67.640	  85.478
155	 -88.473	9	  58.887	  43.881	 106.128
156	 -88.158	9	   7.309	  40.652	 130.553
157	 -88.153	9	  51.273	  32.256	 104.011
158	 -87.311	9	  64.032	  47.431	  74.356
159	 -87.245	9	  50.900	  16.767	 126.460
160	 -85.947	8	  46.405	  67.192	  93.208
161	 -81.639	8	  68.258	  44.356	  88.785
162	 -80.953	6	  12.264	  14.396	 116.219
163	 -79.772	8	  61.800	  23.802	  96.542
164	 -77.426	8	  60.674	  10.787	 102.332
165	 -77.359	8	  -1.383	   2.098	 115.232
166	 -76.124	7	  34.879	  -5.830	  92.350
167	 -75.043	8	  20.031	  43.852	  77.232
168	 -72.102	7	  17.923	  74.560	 100.929
169	 -71.742	6	  67.554	  51.673	  81.182
170	 -71.424	7	 -16.022	   7.630	  98.934
171	 -71.023	7	  47.238	  -8.388	 108.456
172	 -70.565	5	  56.018	  29.107	  88.860
173	 -67.966	7	  29.701	  46.727	  74.489
174	 -67.300	4	  27.561	  25.609	  97.123
175	 -64.552	6	  -8.924	  -7.230	  94.134
176	 -63.714	6	   9.830	  12.600	 124.156
177	 -59.542	6	  59.328	   1.700	 111.665
178	 -59.255	6	  62.485	  58.163	  93.353
179	 -57.132	6	  59.121	  -2.607	  92.714
180	 -56.307	6	  -1.027	  51.731	 101.032
181	 -53.543	5	  60.618	  62.085	  81.277
182	 -52.341	5	  20.201	  28.372	  98.972
183	 -51.389	5	  26.733	  72.682	 111.776
184	 -50.336	5	  40.940	  -7.495	 115.732
185	 -48.943	4	  42.788	  -2.430	 105.932
186	 -48.777	5	  31.788	  48.787	 116.568
187	 -48.364	5	  56.766	  -7.469	 114.956
188	 -47.661	5	  55.531	  -8.450	 106.345
189	 -46.117	3	  30.459	  11.069	  84.096
190	 -44.326	4	  49.006	  57.006	 106.573
191	 -39.717	4	  11.920	  63.235	  79.749
192	 -39.025	2	  32.788	  17.740	 110.910
193	 -38.685	2	  17.197	  27.149	 115.759
194	 -38.063	4	  58.590	  -6.743	  99.593
195	 -37.912	4	   8.048	  56.724	  79.600
196	 -36.584	3	  14.114	  34.578	 106.594
197	 -32.167	3	  41.325	  70.834	  86.935
198	 -30.370	3	  -3.212	  24.779	 125.350
199	 -28.883	3	  63.523	  43.793	  99.565
200	 -28.547	2	  32.209	  12.319	 102.350
201	 -28.248	3	  62.426	  59.425	  70.996
202	 -28.083	3	  40.815	  57.750	 110.016
203	 -23.332	2	  21.280	  39.740	 101.366
204	 -22.265	2	  17.788	   9.740	 110.868
205	 -20.680	1	  12.788	  37.740	  96.350
206	 -18.924	2	  44.297	  28.740	  78.350
207	 -17.986	2	  16.790	  59.243	  74.851
208	 -17.594	1	  18.788	  22.740	 129.350
209	 -17.511	1	  44.788	  16.740	 108.350
210	 -17.356	1	  37.788	  20.740	  88.350
211	 -14.950	1	  13.788	  22.740	 102.350
212	 -12.946	1	  20.788	  54.740	 105.350
213	 -12.631	1	  53.788	   8.740	 101.350
214	 -12.593	1	  44.788	   9.740	  90.350
215	 -10.729	1	  41.788	  54.740	  99.350
216	 -10.468	1	  36.788	  39.740	 139.350
217	 -10.075	1	 -18.212	  -6.260	  93.350
218	  -9.726	1	 -12.212	  13.740	 105.350
219	  -9.490	1	  30.788	 -11.260	  98.350
220	  -9.475	1	   8.788	  51.740	 121.350
221	  -9.244	1	  22.788	  46.740	  97.350
