1	-1008.999	89	  70.827	  57.822	  54.400
2	-745.981	66	  66.739	  65.092	  65.032
3	-618.759	56	  41.459	  42.870	  64.413
4	-615.783	42	  51.924	  48.972	  42.481
5	-562.241	49	  43.606	  50.493	  45.714
6	-404.458	34	  33.765	  50.617	  63.415
7	-397.067	38	  39.512	  52.708	  68.911
8	-377.890	29	  69.438	  56.275	  43.401
9	-363.005	33	  65.446	  47.339	  67.876
10	-355.498	34	  54.948	  65.820	  67.656
11	-341.231	33	  59.057	  54.663	  74.144
12	-340.363	33	  56.020	  36.590	  39.098
13	-334.138	30	  52.641	  55.065	  34.738
14	-295.459	28	  74.121	  60.011	  61.198
15	-291.821	26	  45.187	  65.470	  42.934
16	-284.635	25	  58.280	  49.831	  28.813
17	-275.920	25	  35.020	  61.186	  59.675
18	-255.359	23	  71.657	  48.925	  55.234
19	-239.912	23	  42.153	  66.435	  49.350
20	-225.065	14	  53.107	  46.663	  63.701
21	-211.078	20	  71.216	  46.208	  43.334
22	-208.429	18	  65.055	  68.845	  49.525
23	-207.884	19	  53.578	  34.741	  52.531
24	-195.638	20	  34.488	  39.299	  58.638
25	-192.761	18	  61.352	  60.279	  34.342
26	-182.288	16	  50.069	  50.920	  72.865
27	-163.821	16	  57.692	  69.915	  46.036
28	-162.456	15	  44.212	  37.126	  51.291
29	-158.471	15	  60.755	  41.819	  31.165
30	-140.934	14	  68.094	  54.877	  68.231
31	-133.802	13	  34.149	  58.226	  45.741
32	-120.637	12	  60.267	  37.970	  60.805
33	-115.216	12	  35.896	  46.423	  49.270
34	-110.271	11	  45.159	  41.661	  40.421
35	-105.895	10	  63.468	  35.802	  43.665
36	-101.233	10	  57.065	  40.531	  70.623
37	 -96.971	8	  43.034	  66.212	  65.508
38	 -96.302	9	  46.060	  55.435	  39.148
39	 -91.286	9	  52.709	  67.838	  38.105
40	 -90.608	9	  51.511	  73.082	  59.746
41	 -80.674	8	  29.680	  51.577	  50.118
42	 -75.810	8	  73.416	  63.717	  48.551
43	 -75.132	7	  65.949	  55.616	  28.972
44	 -73.522	5	  56.812	  59.312	  40.361
45	 -69.521	7	  59.797	  74.194	  56.277
46	 -64.786	6	  64.433	  38.394	  50.943
47	 -63.975	6	  63.875	  64.095	  41.966
48	 -61.176	6	  25.706	  51.847	  58.646
49	 -56.769	6	  28.686	  45.380	  63.307
50	 -56.344	5	  47.164	  60.922	  72.096
51	 -54.489	5	  75.659	  53.402	  49.851
52	 -52.273	5	  44.481	  34.048	  42.930
53	 -29.578	3	  73.665	  49.364	  65.065
54	 -29.359	3	  68.665	  47.057	  29.764
55	 -25.358	2	  41.084	  44.629	  56.677
56	 -19.290	2	  41.665	  37.048	  58.608
57	 -19.144	1	  60.665	  43.048	  41.096
58	  -9.146	1	  38.665	  68.048	  56.096
