1	-1365.923	119	  41.346	  -3.220	  45.861
2	-1251.337	107	  -1.082	  12.899	 -13.194
3	-1222.137	107	  34.280	  29.997	  28.808
4	-1189.368	104	   4.971	 -20.703	   2.640
5	-1021.544	93	  12.512	 -21.594	 -23.654
6	-1014.221	91	  22.404	 -11.316	  25.152
7	-996.276	91	  21.803	  28.924	  53.042
8	-964.184	88	  18.380	   7.619	  55.619
9	-873.588	77	  -0.875	  -6.481	 -32.566
10	-679.713	57	   8.426	   0.360	 -29.078
11	-678.388	61	  12.084	  -0.085	  30.693
12	-672.868	61	  19.835	  40.240	  46.746
13	-626.116	52	   2.632	 -24.890	 -18.989
14	-623.699	57	  -7.588	  17.366	   9.528
15	-614.306	52	  17.471	  26.911	  42.544
16	-613.531	54	  28.573	   8.231	  60.440
17	-607.569	57	 -25.578	  13.938	 -17.687
18	-602.057	55	  20.753	 -14.634	  56.359
19	-589.176	51	  55.706	  35.218	  42.892
20	-576.976	51	  -9.055	 -21.211	  -0.159
21	-551.913	51	  31.150	  -6.614	 -12.018
22	-527.345	48	  52.584	  -2.322	  22.658
23	-501.634	48	  -2.125	   4.603	 -38.131
24	-476.656	44	 -23.058	 -10.520	 -19.677
25	-475.739	41	  50.183	   5.602	  53.287
26	-462.235	40	  21.974	 -34.210	 -11.747
27	-458.471	44	  -6.129	  17.858	 -35.429
28	-456.923	39	  12.824	  13.148	 -10.661
29	-444.118	43	  17.883	   0.389	   6.638
30	-436.139	39	 -12.375	   9.630	 -36.887
31	-433.315	37	  25.234	  20.674	  22.186
32	-431.537	29	  40.386	  19.967	  31.334
33	-431.196	28	  -1.250	   4.605	  -4.670
34	-430.349	40	   2.344	  -6.330	  22.067
35	-428.154	42	  32.817	 -22.587	   3.961
36	-418.332	40	  37.592	  51.892	  38.865
37	-417.280	41	  53.314	  21.180	  15.471
38	-406.777	39	  28.238	 -19.295	  32.882
39	-405.628	39	  28.091	 -19.558	  10.385
40	-402.872	37	  -7.610	  25.364	 -15.081
41	-392.789	27	   3.906	  -9.130	   1.882
42	-391.140	36	  10.544	 -32.649	  10.587
43	-389.170	34	  28.576	  48.097	  46.879
44	-383.396	37	  21.228	 -20.650	  37.767
45	-364.760	32	  28.898	  -8.787	   4.669
46	-363.678	30	 -25.023	   3.168	  -9.726
47	-360.887	34	  13.923	 -32.050	 -19.732
48	-359.651	32	  35.560	  42.145	  22.821
49	-358.599	34	  56.118	  22.574	  38.687
50	-355.145	24	  41.386	   4.808	  37.161
51	-337.647	32	  19.004	  14.013	  22.221
52	-336.287	32	  30.569	 -16.186	 -21.595
53	-322.017	30	 -17.620	  -0.552	   0.373
54	-316.225	29	  42.094	  10.454	  66.972
55	-315.520	30	  19.549	   2.444	  23.027
56	-314.505	30	  22.807	  -7.786	  61.413
57	-313.818	31	  -1.866	   5.066	  16.349
58	-309.755	29	  33.380	  -0.072	  22.298
59	-308.661	30	  25.762	 -28.686	   8.890
60	-303.993	29	  54.325	   8.756	  20.676
61	-302.781	29	  51.843	  44.474	  37.128
62	-302.469	29	  20.384	  -1.618	  61.904
63	-300.877	28	  18.913	 -39.518	  -5.871
64	-293.891	29	  21.742	   8.725	 -10.845
65	-293.329	26	  54.810	  -4.959	  36.806
66	-292.916	27	  43.503	 -16.095	  48.785
67	-290.321	27	  29.945	 -22.356	  41.396
68	-288.679	26	 -20.126	 -20.147	 -24.509
69	-287.961	27	  36.195	  36.174	  63.648
70	-284.645	28	  11.668	   9.891	  26.628
71	-279.963	27	 -25.369	  -0.485	 -32.361
72	-274.906	26	 -21.220	  20.135	 -21.657
73	-272.969	28	  18.460	  17.785	  56.654
74	-270.774	24	  -6.189	  21.473	  -5.950
75	-270.028	27	  24.873	  49.949	  38.153
76	-269.971	26	  35.384	 -22.629	 -11.247
77	-268.568	26	  45.731	  34.006	  60.487
78	-267.026	24	   0.216	  19.865	   1.277
79	-264.994	25	 -13.824	  -8.662	   4.487
80	-264.661	24	  31.731	   8.715	  18.972
81	-263.981	26	  40.767	  46.384	  57.318
82	-262.974	24	  10.242	  22.541	  29.654
83	-261.973	25	   9.205	 -12.026	  42.955
84	-258.339	24	   5.131	   8.408	  33.944
85	-256.958	23	  -1.196	 -15.512	  16.533
86	-254.590	24	   5.942	  -0.054	  43.588
87	-253.554	24	  58.431	  13.990	  53.169
88	-252.227	23	  57.000	  14.264	  42.977
89	-251.911	24	  20.727	   7.616	 -26.017
90	-249.456	23	  20.474	  36.396	  31.441
91	-249.350	22	  16.082	   7.944	   1.884
92	-241.538	21	   6.467	 -20.849	  14.664
93	-241.503	22	  39.513	  16.284	  16.375
94	-240.958	21	  42.271	  24.693	  15.749
95	-238.795	22	  44.590	   6.607	  20.432
96	-238.435	22	  42.561	  26.477	  67.454
97	-236.340	24	   5.867	 -13.582	 -31.282
98	-235.961	23	  13.492	 -17.990	  21.968
99	-234.904	22	  48.382	  48.488	  42.306
100	-234.630	22	  44.861	  49.371	  34.880
101	-231.246	21	  -8.196	   0.942	  10.203
102	-230.207	22	   6.750	   5.005	  11.023
103	-230.091	23	  23.804	 -34.498	   1.891
104	-229.755	20	   7.357	  13.092	   3.469
105	-229.753	22	  54.681	  24.887	  52.281
106	-222.872	19	  48.204	 -11.206	  39.326
107	-222.592	22	  56.601	  -6.558	  28.637
108	-221.512	21	  52.982	  37.916	  20.666
109	-219.205	20	  30.637	  -3.733	 -22.982
110	-219.037	21	  27.483	 -20.822	  50.272
111	-215.989	21	 -20.540	 -19.096	 -14.461
112	-215.640	20	  56.840	  18.792	  22.954
113	-212.419	21	  27.820	   3.195	 -14.880
114	-212.215	21	  26.376	   1.386	  -4.241
115	-211.461	20	  47.255	 -17.429	  30.915
116	-210.740	21	  56.300	  26.847	  18.475
117	-205.560	19	 -10.362	   9.481	  10.007
118	-205.190	20	 -16.440	  19.443	 -29.528
119	-204.834	18	  56.384	   5.151	  37.636
120	-204.621	20	   9.309	  -7.044	  23.743
121	-204.377	19	 -18.717	 -10.825	 -32.638
122	-199.066	18	  -3.754	  22.346	 -27.928
123	-197.665	19	   8.023	  -0.240	  17.922
124	-196.259	18	  55.815	  13.373	  29.651
125	-194.878	17	  -7.856	  -9.991	  11.816
126	-193.750	17	 -11.303	 -29.300	 -15.005
127	-193.686	19	   3.176	  16.899	 -27.922
128	-190.604	19	  50.504	  13.429	  57.293
129	-186.674	18	  51.460	  -9.709	  23.917
130	-186.501	18	  33.171	 -11.348	  62.673
131	-186.169	18	   8.431	  -0.927	  53.101
132	-185.034	11	  42.089	  12.778	  35.839
133	-182.003	18	   3.279	 -33.788	  -7.366
134	-180.263	17	  26.218	  38.238	  60.180
135	-178.880	17	 -14.861	  23.294	  -0.977
136	-176.668	10	   2.956	  -1.440	  -1.677
137	-176.511	17	  12.955	 -37.163	 -14.198
138	-174.832	17	  49.678	  21.165	  61.289
139	-174.426	15	  43.024	  33.398	  20.161
140	-170.308	16	  22.527	  12.445	  -2.265
141	-168.668	16	  11.264	 -26.939	  16.359
142	-168.307	16	  17.264	  27.950	  29.895
143	-166.846	16	  47.303	  47.127	  24.606
144	-166.675	17	  21.587	  -5.856	  19.174
145	-160.387	16	 -14.733	  -5.429	 -38.194
146	-159.846	15	  25.004	 -24.184	 -24.379
147	-156.791	14	  41.383	   3.728	  61.319
148	-153.210	16	  51.486	  44.993	  49.988
149	-150.823	13	  49.587	  29.094	  56.703
150	-149.242	14	 -25.076	  10.151	  -7.117
151	-146.225	14	   9.553	  18.327	  47.026
152	-146.150	14	  -5.548	 -23.051	 -29.270
153	-142.638	14	  29.962	  46.802	  54.349
154	-142.441	13	  45.744	 -18.605	  41.061
155	-137.124	13	  51.297	  -0.437	  45.807
156	-135.885	13	  26.493	 -11.432	  11.500
157	-135.275	13	  42.905	  41.362	  20.409
158	-132.774	12	   8.940	 -37.129	   2.130
159	-131.876	12	  12.552	  12.487	 -21.875
160	-130.435	12	  27.583	 -30.290	 -16.344
161	-129.647	13	  38.116	 -23.587	  51.103
162	-128.823	12	  59.063	  35.667	  24.459
163	-128.084	12	  43.330	 -16.613	  24.285
164	-127.042	12	 -17.701	  27.032	 -14.469
165	-126.965	12	  37.206	  -5.842	  60.592
166	-126.556	12	 -22.127	 -10.227	  -8.016
167	-126.304	12	 -19.796	 -16.899	  -1.375
168	-124.323	12	  24.721	  11.125	  14.259
169	-121.148	12	 -17.003	   3.760	 -38.819
170	-121.098	12	 -15.384	 -20.049	  -6.942
171	-120.712	11	  -3.642	 -18.370	   7.623
172	-119.727	12	  47.382	  12.094	  15.612
173	-119.457	12	  12.002	 -10.445	  53.703
174	-119.121	11	  27.434	  19.530	  64.800
175	-118.420	11	 -20.809	  19.256	   1.206
176	-114.794	12	  35.607	  18.557	  67.988
177	-112.745	11	   6.494	  17.814	  38.413
178	-111.659	11	  18.445	  -7.474	 -31.772
179	-109.516	10	   4.684	  15.749	  -5.812
180	-109.016	11	 -18.567	  24.708	  -7.508
181	-105.185	10	  33.898	  24.471	  19.930
182	-105.093	10	  34.916	  51.264	  26.199
183	-103.223	10	  40.492	 -23.407	  37.655
184	-102.423	8	  18.097	 -12.247	   0.956
185	-101.595	10	  11.283	   9.778	 -28.594
186	 -98.844	7	  30.953	  -4.280	  35.761
187	 -97.368	9	   7.702	  12.754	  52.026
188	 -92.383	6	   5.316	 -25.563	  -3.841
189	 -90.457	8	  -5.761	 -28.389	  -7.127
190	 -88.632	9	  58.907	   5.394	  28.524
191	 -86.486	8	  24.125	  26.454	  64.870
192	 -85.363	9	   2.794	  12.547	  12.401
193	 -83.340	8	  17.504	 -38.419	   6.242
194	 -80.055	6	   0.815	  11.347	 -20.777
195	 -79.324	8	  36.580	 -18.311	  58.635
196	 -77.787	8	 -18.826	 -18.718	 -32.572
197	 -77.726	8	  -6.397	  -2.734	  17.138
198	 -77.548	8	   8.173	 -38.898	  -6.543
199	 -75.045	8	  24.045	   0.971	  12.608
200	 -74.094	5	 -14.222	   3.942	 -12.389
201	 -73.033	7	  45.798	  50.360	  49.814
202	 -72.958	5	  44.115	  31.053	  39.990
203	 -72.697	7	  22.602	  -1.334	 -28.862
204	 -72.195	7	  12.979	  -8.032	  31.725
205	 -72.094	7	   0.652	  11.803	 -37.457
206	 -71.262	7	  19.233	 -27.792	  17.284
207	 -70.866	7	  -3.710	 -30.548	 -14.590
208	 -70.609	7	 -12.855	  27.421	 -25.516
209	 -70.400	7	  37.989	  -7.641	  20.844
210	 -70.002	7	  59.819	  27.760	  32.125
211	 -69.546	7	  -1.590	 -27.787	   0.702
212	 -67.928	7	 -20.881	   8.048	   1.431
213	 -62.097	6	  27.001	  45.017	  27.949
214	 -60.978	6	  34.836	 -18.065	  26.876
215	 -60.419	6	  57.052	  39.732	  32.611
216	 -58.407	4	   0.174	 -14.080	  -6.830
217	 -57.758	6	 -28.976	   7.553	 -27.618
218	 -56.925	6	  18.004	  44.340	  41.700
219	 -56.434	5	  19.449	 -15.348	 -31.591
220	 -52.507	4	   5.495	   2.013	 -13.046
221	 -51.693	5	  34.913	 -27.901	  -1.015
222	 -51.193	5	 -12.147	 -25.351	 -25.897
223	 -51.112	5	  26.062	  30.963	  24.409
224	 -49.806	5	  20.910	  43.751	  32.569
225	 -49.569	5	  44.869	  -2.565	  54.985
226	 -47.513	5	  41.877	  -9.801	  54.817
227	 -47.510	5	   0.679	  21.004	 -22.199
228	 -46.913	3	  34.679	  11.813	  30.661
229	 -46.101	3	  24.021	  22.108	  45.409
230	 -44.329	4	  17.594	 -15.143	 -12.941
231	 -42.824	3	   4.679	 -16.926	 -18.299
232	 -42.522	3	   4.978	  -6.595	 -22.690
233	 -41.737	4	  -4.828	 -17.801	 -35.054
234	 -40.107	4	   1.001	  12.032	  45.320
235	 -39.758	4	 -29.852	   1.845	 -21.129
236	 -39.486	4	   6.932	  16.946	 -17.593
237	 -39.142	4	  35.123	 -13.470	  -3.988
238	 -38.965	3	  28.306	  11.199	  54.104
239	 -38.227	3	  22.008	   2.623	  44.298
240	 -37.247	3	  30.003	  19.523	  34.666
241	 -34.792	3	  -5.733	   1.199	 -19.301
242	 -33.868	3	  35.048	  29.533	  49.072
243	 -33.314	2	  38.679	   9.199	  46.693
244	 -33.290	3	 -25.321	  -7.801	   2.315
245	 -30.877	2	  -5.321	  -6.407	  -2.591
246	 -29.835	3	  17.636	 -16.772	  30.465
247	 -28.618	3	 -24.955	  17.877	  -7.634
248	 -22.320	2	  -9.728	  -5.208	 -23.184
249	 -22.126	2	  26.679	   7.623	   3.409
250	 -21.237	2	  29.679	  26.645	  71.409
251	 -20.032	2	 -11.824	 -23.298	 -35.094
252	 -17.748	1	  14.679	 -17.801	   5.409
253	  -9.820	1	  14.679	  19.199	  -2.591
254	  -9.279	1	  -5.321	  -4.801	 -40.591
255	  -9.273	1	  27.679	 -10.801	 -33.591
256	  -9.053	1	 -11.321	   8.199	 -18.591
