1	-806.546	65	  36.846	   8.806	   3.343
2	-452.147	31	  29.876	  15.955	  28.447
3	-434.026	40	  47.623	  15.530	   9.461
4	-379.794	33	  47.173	  12.278	  32.195
5	-379.453	35	  26.100	  22.511	  19.898
6	-331.879	30	  49.793	  15.013	  20.839
7	-306.035	30	  29.356	   3.441	  30.164
8	-278.803	27	  35.605	  14.349	  -4.242
9	-272.269	26	  43.937	  21.501	  27.382
10	-254.153	24	  29.375	  27.285	  11.687
11	-233.194	20	  24.489	  17.157	   7.717
12	-201.053	18	  40.596	   1.034	   9.837
13	-182.813	18	  49.020	   2.660	  27.141
14	-168.473	16	  24.171	   8.369	   3.413
15	-158.485	15	  31.627	   5.973	  19.783
16	-148.694	14	  27.347	   1.716	   7.542
17	-140.544	13	  36.061	  16.484	  37.225
18	-131.532	13	  36.265	  28.151	  11.382
19	-103.342	10	  34.560	   0.504	  13.482
20	 -99.187	10	  29.012	  18.228	  35.093
21	 -94.279	9	  44.108	  22.724	   0.275
22	 -88.480	8	  39.181	  -1.610	  29.143
23	 -88.047	9	  34.317	  26.059	  27.339
24	 -78.146	8	  43.120	  -1.807	  20.309
25	 -77.393	8	  30.144	  23.102	   2.469
26	 -66.798	7	  46.248	   3.884	  34.053
27	 -61.937	6	  37.138	   4.539	  37.631
28	 -56.740	6	  45.845	   5.396	   4.470
29	 -46.708	5	  45.191	  27.181	  15.839
30	 -46.042	5	  52.983	  22.185	  17.207
31	 -42.048	4	  24.207	  15.281	  19.210
32	 -41.723	4	  50.435	   4.672	  13.551
33	 -40.896	4	  30.037	  28.700	  19.586
34	 -37.763	4	  32.713	  -1.556	  21.095
35	 -29.131	3	  41.252	  18.234	  -5.880
36	 -28.270	3	  24.010	  15.576	  -1.868
37	 -18.377	1	  34.983	  15.193	   8.810
38	 -18.169	2	  28.492	  10.193	  36.828
39	 -10.823	1	  37.983	  27.193	   3.810
40	  -9.581	1	  25.983	  24.193	  30.810
41	  -9.063	1	  38.983	  23.193	  33.810
42	  -9.017	1	  20.983	  24.193	  12.810
