1	-739.490	61	  24.473	  33.209	  28.013
2	-550.305	44	  23.334	  39.071	  21.578
3	-424.068	40	  32.994	  37.243	  22.022
4	-288.220	27	  16.811	  33.299	  33.046
5	-266.687	26	  23.213	  40.700	  13.421
6	-233.952	23	  21.671	  46.184	  34.178
7	-221.443	22	  28.230	  24.924	  17.099
8	-210.456	19	  29.407	  35.355	  33.428
9	-175.692	17	  14.601	  31.398	  19.248
10	-172.386	17	  33.154	  22.013	  29.438
11	-172.284	15	  24.876	  20.644	  24.933
12	-165.758	15	  29.825	  47.930	  23.515
13	-123.568	12	  27.899	  22.404	  37.184
14	-119.609	11	  31.913	  43.690	  30.873
15	-111.372	11	  24.683	  32.752	  39.684
16	 -94.468	9	  17.967	  32.743	  13.059
17	 -81.920	8	  13.748	  46.261	  25.844
18	 -51.296	5	  12.699	  42.196	  16.074
19	 -30.179	3	  18.298	  23.270	  29.078
20	  -8.968	1	  25.298	  52.968	  17.468
