1	-753.563	62	  24.632	  33.325	  27.773
2	-669.260	53	  23.348	  39.167	  21.520
3	-389.054	38	  30.619	  46.327	  27.658
4	-367.169	34	  32.717	  37.433	  23.132
5	-316.818	29	  16.900	  33.319	  32.875
6	-271.977	26	  23.637	  42.754	  14.891
7	-217.517	20	  29.428	  35.336	  33.442
8	-199.053	20	  28.451	  24.296	  17.636
9	-195.539	18	  25.219	  20.486	  24.677
10	-153.919	15	  33.597	  22.423	  29.058
11	-123.085	12	  27.372	  22.697	  37.429
12	-121.879	12	  24.716	  48.082	  34.498
13	-112.038	11	  24.930	  32.962	  39.433
14	-110.123	10	  12.549	  43.918	  16.532
15	-101.356	10	  18.904	  43.108	  34.634
16	 -95.498	9	  14.016	  35.355	  17.381
17	 -91.203	9	  33.428	  32.384	  16.976
18	 -82.690	8	  20.430	  29.270	  13.549
19	 -80.882	8	  15.704	  28.017	  19.804
20	 -60.381	6	  13.664	  45.169	  27.788
21	 -40.194	4	  18.797	  22.788	  30.620
22	 -18.287	2	  28.313	  36.502	  13.514
23	  -8.905	1	  27.330	  55.010	  24.514
