1	-689.303	57	  24.260	   3.233	   9.563
2	-580.135	52	  10.832	  -0.347	  13.691
3	-536.321	47	  28.513	   6.219	  37.887
4	-524.212	51	  34.003	  16.619	  28.945
5	-495.762	46	  21.866	 -11.255	  22.277
6	-462.885	39	  21.627	  21.159	  15.931
7	-437.005	41	  37.418	   6.795	  -2.751
8	-422.701	34	  39.579	  11.316	  21.414
9	-412.090	36	  11.697	  25.085	  25.327
10	-330.314	31	  11.187	  -1.285	  31.433
11	-294.686	26	  32.919	 -13.777	  12.008
12	-294.037	29	  29.876	  -6.761	  23.636
13	-291.886	28	  30.268	  -7.764	  -1.060
14	-274.191	27	  20.155	  -5.755	  36.865
15	-267.940	26	   0.631	   2.988	  17.132
16	-260.979	22	  18.061	  -5.023	  13.178
17	-252.453	24	  17.852	  13.645	  38.186
18	-222.972	22	  46.013	   9.549	   6.751
19	-199.462	16	  19.499	 -15.340	  11.501
20	-196.957	19	  32.219	  14.536	  38.431
21	-192.657	18	  22.557	  27.059	  20.175
22	-191.818	19	  23.354	  24.973	  28.696
23	-171.851	16	  -0.774	   1.866	  24.221
24	-170.005	17	  34.848	  -0.292	  31.167
25	-138.254	13	  18.231	  -9.407	   5.102
26	-137.336	14	  -0.471	  -5.553	  25.692
27	-136.180	12	  -1.050	  15.911	  28.500
28	-133.072	12	  43.860	  -1.875	  21.157
29	-129.036	12	  -1.192	  21.258	  16.283
30	-126.423	10	  26.345	  13.040	  12.509
31	-124.603	13	  19.322	  14.810	  10.702
32	-122.640	12	  38.933	  10.030	  35.314
33	-114.600	11	  36.282	 -10.290	   4.446
34	-114.594	11	   1.592	   7.658	  31.533
35	-113.992	11	  42.272	  -5.155	   3.617
36	-110.442	10	  10.073	  21.526	  12.479
37	-110.401	9	  47.028	  -0.605	  11.749
38	-109.604	11	  33.795	  -3.603	 -10.697
39	-107.271	10	  24.856	  -1.072	   1.599
40	 -96.976	10	  37.294	  21.004	  16.133
41	 -93.838	9	   2.480	  -9.988	  18.135
42	 -92.177	9	  26.827	 -13.684	   3.634
43	 -91.347	9	  13.829	   5.467	  38.792
44	 -91.196	9	  31.557	  25.635	  19.876
45	 -89.534	8	  39.727	   0.444	  -3.906
46	 -86.369	9	   9.773	  11.664	   8.559
47	 -80.170	8	  25.964	  -3.823	  38.671
48	 -62.466	4	  10.100	  12.411	  23.622
49	 -58.095	6	  10.600	 -13.980	  14.740
50	 -52.210	5	  -1.794	  10.966	  22.426
51	 -51.375	5	   4.550	  26.370	  21.202
52	 -50.045	5	  29.025	   1.825	  -4.918
53	 -49.588	5	  40.958	  18.006	  10.308
54	 -48.995	5	   9.175	  14.397	  34.878
55	 -47.581	5	  27.172	   6.600	   0.904
56	 -39.902	4	  43.653	  -8.553	  16.684
57	 -39.135	4	  -3.947	  -5.247	  15.841
58	 -38.571	4	  33.565	  12.659	   4.619
59	 -37.940	4	  47.841	   9.190	  18.072
60	 -29.578	3	   2.667	  13.520	  11.359
61	 -27.673	3	   6.915	  21.862	  33.082
62	 -19.408	2	  42.579	 -12.277	   8.555
63	 -18.649	2	  11.579	  -7.309	  -4.918
64	  -9.910	1	  14.579	  23.196	  34.082
65	  -9.720	1	  38.579	   4.196	 -12.918
66	  -9.524	1	   9.579	  -9.804	  25.082
67	  -8.996	1	   0.579	  24.196	  28.082
68	  -8.988	1	  42.579	  14.196	   1.082
69	  -8.966	1	  29.579	  14.196	  23.082
