1	-727.733	61	  24.334	   3.007	   9.468
2	-554.839	54	  34.104	  16.102	  28.581
3	-526.084	46	  28.628	   6.102	  37.831
4	-513.125	45	  10.703	  -0.269	  13.832
5	-503.539	43	  21.732	  21.340	  15.947
6	-453.244	42	  21.807	 -11.358	  22.341
7	-446.750	40	  11.672	  25.225	  25.164
8	-428.167	40	  37.323	   6.850	  -2.860
9	-401.948	33	  39.615	  11.449	  21.419
10	-326.069	31	  11.472	  -1.375	  31.676
11	-313.874	31	  29.790	  -6.539	  24.411
12	-311.251	27	  17.822	  -4.991	  13.099
13	-305.102	27	  32.889	 -13.784	  12.103
14	-304.686	30	  30.554	  -7.781	  -0.972
15	-283.922	28	  21.107	  -4.856	  37.859
16	-271.596	26	   0.803	   2.332	  16.983
17	-246.539	24	  17.570	  13.417	  38.131
18	-221.189	22	  23.436	  24.781	  28.958
19	-218.946	22	  46.189	   9.216	   6.702
20	-186.459	15	  19.531	 -15.443	  11.339
21	-166.231	14	  25.778	  12.331	  12.237
22	-162.641	16	  31.981	  14.817	  38.329
23	-157.739	15	  21.995	  27.417	  20.616
24	-155.085	14	  -0.876	  15.841	  28.414
25	-149.964	14	  18.504	  -9.321	   5.678
26	-145.414	14	  -1.312	  21.345	  16.272
27	-139.278	14	  35.346	   0.689	  31.581
28	-130.885	13	   0.080	  -5.505	  25.754
29	-124.665	11	  -0.726	   1.944	  24.537
30	-124.064	11	  43.813	  -1.880	  21.090
31	-123.710	12	  38.935	  10.107	  35.235
32	-113.919	8	   9.848	  12.229	  23.473
33	-111.828	11	  42.270	  -5.170	   3.622
34	-108.886	11	  13.863	   5.757	  38.749
35	-108.179	9	  46.926	  -0.850	  12.113
36	-107.731	10	  24.943	  -1.140	   1.651
37	-105.258	10	  36.859	 -10.358	   4.787
38	-104.813	11	  18.670	  13.932	  10.180
39	-104.252	10	   1.571	   7.620	  31.556
40	-100.208	9	   9.692	  21.186	  12.344
41	 -94.468	9	  26.948	 -13.532	   3.402
42	 -90.588	9	  31.659	  25.639	  19.977
43	 -90.023	9	   2.480	  -9.987	  18.125
44	 -88.302	9	   9.787	  11.424	   8.438
45	 -87.275	9	  37.414	  21.054	  16.335
46	 -79.201	7	  39.995	   0.712	  -5.143
47	 -78.820	8	  34.232	  -3.529	 -11.460
48	 -63.187	6	  -1.729	  10.680	  21.570
49	 -59.329	6	  29.269	   0.304	  -5.860
50	 -58.535	6	  21.770	  -9.444	  32.275
51	 -57.568	6	  40.584	  18.195	   9.959
52	 -56.828	6	  27.234	   6.860	   1.260
53	 -56.624	6	   3.393	  14.159	  11.075
54	 -52.665	5	   4.215	  26.198	  20.505
55	 -49.101	5	  10.808	 -14.198	  14.818
56	 -47.926	5	   7.603	  14.601	  35.079
57	 -46.858	5	  47.611	   9.554	  17.877
58	 -38.038	4	  33.116	  12.445	   4.832
59	 -29.358	3	  44.229	  -8.829	  15.428
60	 -28.806	3	  -3.455	  -5.124	  15.752
61	 -28.504	3	   9.762	  22.555	  33.436
62	  -9.927	1	  38.578	   4.198	 -12.921
63	  -9.888	1	   9.578	  -9.802	  25.079
64	  -9.723	1	  30.578	  18.198	  11.079
65	  -9.616	1	  11.578	  -6.802	  -4.921
66	  -9.548	1	  23.578	   0.198	  43.079
67	  -9.433	1	   0.578	  24.198	  28.079
68	  -9.348	1	  42.578	  14.198	   1.079
