1	-1667.955	138	 -18.901	  10.494	   7.073
2	-879.227	79	 -16.769	   8.337	  17.238
3	-765.599	71	 -15.816	  -0.205	  13.138
4	-638.958	52	 -26.027	  14.841	   9.280
5	-523.900	46	 -27.536	   4.960	  25.294
6	-520.047	49	 -29.856	  14.765	  19.398
7	-516.231	46	 -23.636	 -10.738	  12.392
8	-512.135	43	 -31.000	  11.121	  28.657
9	-500.013	45	  -6.060	  14.469	  17.155
10	-485.716	44	 -16.333	   8.935	 -10.457
11	-462.298	40	 -26.436	  -0.801	 -12.595
12	-448.249	37	   1.250	   7.782	  13.565
13	-446.306	39	  -4.035	  -3.213	  34.251
14	-441.574	44	 -11.380	   8.496	  29.675
15	-431.338	42	 -36.152	  -0.319	  -7.152
16	-411.841	37	   7.852	  -7.489	  12.098
17	-365.874	33	 -15.082	  21.373	   5.754
18	-358.148	33	  -6.415	   4.554	   5.710
19	-336.032	32	 -21.867	  20.502	  -5.208
20	-309.311	28	 -40.574	  12.737	  -0.624
21	-304.346	30	  -9.544	   1.464	  19.002
22	-286.743	28	   0.237	  -4.430	   7.723
23	-286.505	27	 -31.170	 -11.488	  18.646
24	-266.218	26	 -19.519	  -9.616	   0.945
25	-245.713	25	  10.020	  10.987	  18.875
26	-236.157	22	 -31.950	  -7.254	  -2.092
27	-236.147	22	 -42.454	   8.323	  12.083
28	-233.523	23	   3.414	 -10.992	  24.737
29	-215.638	20	 -43.832	  -3.799	   9.348
30	-211.766	21	 -34.699	 -11.396	   9.204
31	-209.775	19	 -41.356	  -3.280	  -1.486
32	-208.865	20	   0.699	   8.484	  27.848
33	-203.114	18	  19.376	   9.597	  23.800
34	-199.632	19	 -14.932	  18.338	  30.151
35	-189.684	18	  -6.352	  -1.737	   2.500
36	-183.843	18	 -17.663	  -5.836	  -8.669
37	-176.796	16	 -28.273	  -2.768	  23.943
38	-160.581	16	  18.392	  -7.463	  18.084
39	-158.284	16	   5.938	  -5.812	  31.944
40	-150.709	14	 -34.689	   8.182	 -10.023
41	-146.046	14	   5.092	   2.464	  33.155
42	-124.141	12	 -32.788	  19.306	   1.117
43	-110.489	11	 -22.116	 -16.726	  22.191
44	-108.201	11	 -25.133	  21.735	  12.262
45	-107.928	11	 -19.326	  13.577	  37.073
46	-105.113	10	 -37.849	   2.375	  19.623
47	-105.048	10	 -11.905	   2.812	  -4.032
48	-102.816	10	 -27.644	   7.779	 -14.610
49	-102.170	10	  14.324	   2.711	  11.272
50	-101.294	10	 -32.024	  19.275	  30.387
51	-100.177	10	  -8.236	  -0.698	  28.079
52	 -98.962	10	 -38.936	  15.607	  10.564
53	 -94.786	9	   6.746	   2.574	   7.142
54	 -92.515	9	 -24.542	  22.333	  26.631
55	 -90.364	9	 -13.573	  -3.986	  43.798
56	 -89.313	9	 -41.100	  -3.695	  18.290
57	 -88.614	8	   9.022	   8.689	  27.782
58	 -84.752	8	 -17.286	  -4.595	  27.251
59	 -83.622	9	 -46.099	   2.097	   3.081
60	 -81.286	8	 -16.880	  24.285	  21.548
61	 -69.046	7	  -6.167	 -13.019	  45.713
62	 -63.797	6	  -9.064	  23.609	  16.676
63	 -57.577	6	  18.632	   6.737	  15.566
64	 -55.055	6	  -4.875	  -7.231	  27.255
65	 -51.952	5	 -14.851	 -11.367	  46.641
66	 -49.695	5	  18.756	  -2.727	  26.496
67	 -42.560	4	  -3.766	  -4.785	  45.148
68	 -39.288	4	  -3.280	  -8.362	  20.109
69	 -38.743	4	 -26.728	  17.285	  36.943
70	 -38.037	4	 -23.968	   7.529	  34.988
71	 -36.584	4	 -43.203	   5.267	 -11.759
72	 -30.341	3	  20.637	 -10.758	  27.739
73	 -30.125	3	  -7.584	  -9.923	  53.111
74	 -29.652	3	 -14.246	  -9.231	  15.403
75	 -21.096	2	  -8.740	  -9.759	  39.267
76	 -19.759	2	  15.373	   5.769	  34.211
77	 -18.227	2	  -5.704	   2.769	  44.739
78	 -10.301	1	  10.788	 -13.231	  25.739
79	  -9.705	1	 -15.212	 -12.231	  57.739
80	  -9.492	1	 -14.212	 -12.231	  25.739
81	  -9.382	1	   0.788	  -0.231	  20.739
82	  -9.266	1	  -9.212	  14.769	   5.739
83	  -9.142	1	  16.788	  -5.231	   8.739
84	  -9.062	1	 -14.212	  27.769	  11.739
