1	-672.739	58	  43.233	 108.371	  12.709
2	-666.014	60	  32.834	  94.085	  49.929
3	-655.416	57	  22.974	 110.957	  26.583
4	-623.380	55	  30.011	  94.365	 -10.325
5	-612.649	57	  28.640	 103.740	  52.006
6	-545.550	51	  42.978	  98.706	  28.245
7	-539.803	48	  29.972	  88.171	  22.845
8	-517.696	50	  15.177	  94.948	  54.686
9	-499.271	44	  20.825	 100.208	  11.167
10	-478.636	44	  18.668	  90.883	  19.284
11	-473.172	41	  22.207	 111.159	  16.674
12	-461.798	42	  32.257	  87.387	  15.683
13	-442.690	43	  24.326	 130.917	  29.241
14	-442.600	40	  34.269	 129.359	  18.994
15	-439.217	40	  18.752	 105.934	   4.160
16	-435.973	42	  47.789	  92.814	 -16.027
17	-423.574	26	  33.725	 119.196	  19.648
18	-404.352	37	  47.106	 119.963	  18.726
19	-400.536	36	  45.685	 103.744	  34.622
20	-392.477	38	  18.743	  86.186	  50.039
21	-388.743	32	  22.217	 128.039	   9.233
22	-377.271	34	  46.667	 125.527	  29.533
23	-369.167	35	  35.705	 103.049	 -12.777
24	-366.485	33	  20.388	 122.456	  19.552
25	-360.668	31	  42.937	  87.844	  19.631
26	-348.834	28	  42.774	 109.641	  21.748
27	-348.622	34	  12.845	 107.365	  30.841
28	-339.524	31	  15.824	  93.167	   4.316
29	-334.224	32	  46.608	 127.962	   9.184
30	-332.421	31	  48.805	 106.753	 -13.210
31	-312.806	28	  27.102	 127.635	  36.734
32	-293.426	28	  52.721	 105.483	   7.049
33	-287.536	27	  25.502	 110.179	  -6.879
34	-266.566	26	  39.174	  83.151	  -1.058
35	-265.586	25	  17.309	 110.095	  52.349
36	-265.342	24	  22.389	  84.777	  39.913
37	-261.203	24	  29.834	  85.366	 -14.319
38	-259.942	25	  44.715	  85.828	 -12.695
39	-258.082	23	  41.460	 126.832	   2.299
40	-257.010	24	  56.139	 106.612	  -2.463
41	-251.563	23	  37.262	 110.799	  46.255
42	-243.366	23	  37.630	  83.662	  -8.955
43	-240.554	22	  43.456	 133.077	  25.518
44	-230.660	21	  36.404	 127.241	  -3.883
45	-217.551	20	  47.443	  88.582	  33.083
46	-215.014	17	  22.658	  98.547	  -4.798
47	-213.788	20	  26.224	 134.938	  12.674
48	-213.500	21	  46.578	 118.875	  -1.213
49	-212.115	19	  16.869	 119.026	  29.351
50	-211.252	19	  33.079	  85.366	  52.753
51	-208.193	20	  47.061	 102.018	  22.015
52	-202.249	18	  50.987	 126.502	  19.918
53	-198.789	18	  33.667	 126.479	  43.744
54	-185.692	17	  41.113	 105.087	  46.570
55	-185.394	17	  19.105	 112.565	  -0.367
56	-171.997	15	  46.632	 110.394	  39.838
57	-170.065	16	  18.562	 120.855	  11.307
58	-167.310	17	  14.006	 117.008	  37.792
59	-167.222	14	  32.045	 108.313	  -8.587
60	-166.113	17	  22.281	 120.017	  44.498
61	-163.297	15	  31.281	  84.544	   3.785
62	-162.393	15	   9.067	 110.720	  41.078
63	-162.023	15	  17.751	 130.210	  17.938
64	-160.028	13	  53.029	 101.277	 -15.025
65	-146.417	14	   7.597	 102.590	  41.025
66	-145.904	14	  29.130	  84.461	  35.957
67	-145.722	14	  22.706	 125.867	   1.578
68	-145.580	14	  48.736	 117.783	  28.421
69	-140.997	14	  43.412	  89.391	  43.015
70	-139.373	14	  52.757	  94.337	   8.260
71	-137.875	13	  32.896	 119.389	  -5.440
72	-135.248	13	  39.946	 132.537	  12.791
73	-134.064	13	  17.056	 103.439	  18.900
74	-134.044	12	  34.459	 119.152	  44.095
75	-128.511	13	  47.215	  95.494	  35.015
76	-126.961	12	  45.505	 123.617	  37.933
77	-115.440	11	   6.273	  95.904	  47.116
78	-114.034	11	  50.104	  84.002	   0.085
79	-106.893	11	  52.671	 113.460	   1.566
80	-101.801	10	  28.508	 133.156	   0.286
81	-100.310	10	  34.472	 135.267	  29.505
82	 -99.787	10	  35.445	  91.611	 -14.188
83	 -96.505	9	  57.150	  98.062	  -6.520
84	 -91.911	9	  40.628	 132.256	  39.103
85	 -87.996	9	  22.242	  85.792	  -9.774
86	 -87.427	9	  44.976	  80.404	  36.019
87	 -84.516	6	  39.304	  96.502	  43.555
88	 -84.102	6	  26.462	 120.644	  27.161
89	 -74.944	7	  11.042	  93.007	  33.101
90	 -70.622	7	  39.109	  83.437	  46.444
91	 -67.001	4	  29.658	  93.530	  38.328
92	 -66.889	7	  45.176	 117.394	  -8.697
93	 -64.442	5	  11.891	 104.826	  53.718
94	 -64.078	6	  19.963	  91.452	  -4.633
95	 -62.703	6	  49.904	  82.927	  27.254
96	 -62.042	6	  13.725	  82.318	  11.860
97	 -58.645	4	  33.208	  93.515	   0.783
98	 -53.083	5	  56.603	  96.640	   1.490
99	 -51.025	5	  48.420	  87.276	  10.727
100	 -48.668	5	  28.445	  83.270	  45.871
101	 -48.071	5	  17.221	  82.480	   3.348
102	 -48.068	5	  34.808	 137.275	  40.918
103	 -45.951	5	  16.414	 118.105	   4.338
104	 -45.002	4	  56.202	  90.270	  -5.649
105	 -42.000	4	  12.655	  86.800	  37.327
106	 -38.366	4	  35.432	 136.564	  -2.641
107	 -38.346	4	  26.908	 114.030	  52.283
108	 -37.447	4	  39.680	 113.023	 -12.940
109	 -35.657	3	  40.026	 118.555	  12.265
110	 -31.576	2	  34.901	 104.757	  24.037
111	 -30.438	2	  27.898	 114.754	  11.550
112	 -29.785	3	  54.414	 127.632	  26.853
113	 -29.581	2	  23.414	  98.270	  18.051
114	 -27.554	3	  25.064	  85.270	  29.225
115	 -19.408	2	  28.414	 126.270	  -3.913
116	 -18.184	2	  24.894	  91.243	 -17.943
117	 -10.513	1	   7.414	  86.270	  43.550
118	  -9.946	1	  30.414	 104.270	  15.550
119	  -9.671	1	  38.414	 113.270	  27.550
120	  -9.536	1	  36.414	  84.270	   9.550
121	  -9.427	1	  39.414	  81.270	  24.550
