1	-1143.953	95	  89.535	   7.564	  28.924
2	-1025.835	88	  78.761	  -5.272	  26.785
3	-730.908	52	  85.309	 -10.261	  27.305
4	-666.013	51	  76.109	   1.941	  26.604
5	-640.974	55	  88.535	 -15.622	  47.857
6	-568.932	47	  82.119	  -1.492	  16.793
7	-558.612	51	  78.021	  13.277	  29.733
8	-544.140	52	  91.393	 -16.299	  22.071
9	-526.774	46	  93.319	  -0.710	  46.911
10	-525.446	42	  90.019	  -8.277	  15.910
11	-474.194	40	  68.439	 -14.091	  30.840
12	-467.199	44	  73.103	 -22.253	  46.364
13	-445.289	37	  94.549	 -17.680	  40.721
14	-389.336	36	  68.919	   8.937	  22.098
15	-368.703	37	 107.730	 -18.920	  29.422
16	-364.206	32	  63.227	  -7.034	  33.727
17	-347.655	34	  98.762	   3.619	  38.257
18	-282.366	24	  82.044	  -1.740	  51.915
19	-277.803	28	  76.816	 -10.956	  53.912
20	-269.129	26	  65.127	 -10.103	  46.600
21	-267.177	26	  82.035	  11.246	  50.134
22	-239.932	23	  85.000	 -27.476	  49.373
23	-238.136	24	 107.936	  -4.548	  35.954
24	-236.822	22	  74.563	 -14.023	  24.606
25	-228.971	22	  98.514	 -22.075	  36.242
26	-228.888	23	  87.648	   6.273	  20.792
27	-227.621	21	  70.237	   2.782	  52.261
28	-227.359	22	  96.363	  -4.284	  13.278
29	-226.601	22	 100.985	  -6.702	  41.990
30	-206.160	17	  69.739	   9.603	  33.826
31	-198.994	19	 104.771	 -16.302	  20.453
32	-182.475	17	  86.291	 -29.842	  31.980
33	-181.366	17	 100.950	   1.406	  18.104
34	-171.415	15	  83.322	 -25.992	  25.233
35	-170.449	16	  74.261	 -26.647	  28.872
36	-136.763	13	 109.192	  -4.062	  20.988
37	-136.314	14	  82.831	  -9.972	  13.484
38	-135.972	13	  67.373	  -3.752	  20.953
39	-120.537	11	  90.199	 -28.308	  41.271
40	-118.640	11	  93.848	  12.371	  38.090
41	-118.357	12	  69.659	  10.059	  47.159
42	-117.616	11	  77.742	  14.514	  42.985
43	-113.755	11	  66.271	 -20.276	  38.029
44	-113.674	11	  84.870	  -8.793	  52.219
45	-112.690	11	  63.420	   6.222	  40.728
46	-106.904	10	 105.558	 -14.067	  39.179
47	-102.444	10	 101.097	   6.406	  26.201
48	-100.135	10	  78.974	   4.897	  54.380
49	 -92.218	9	  60.174	  -1.399	  25.348
50	 -83.423	8	  74.699	 -29.987	  38.676
51	 -80.499	8	  80.531	 -15.725	  20.060
52	 -77.061	8	  63.569	   9.257	  28.471
53	 -74.725	8	 106.199	  -9.391	  14.948
54	 -52.970	5	 113.097	 -10.499	  28.493
55	 -51.323	3	  65.243	   2.053	  34.926
56	 -49.858	5	  97.724	 -24.327	  26.974
57	 -47.032	5	  63.346	  -0.105	  15.335
58	 -41.173	4	  62.424	 -13.225	  39.700
59	 -37.480	4	  69.924	   4.550	  15.947
60	 -28.606	3	 111.865	 -15.192	  21.886
61	 -20.333	2	 110.363	   2.498	  25.926
62	 -19.330	2	  90.449	   0.498	  10.451
63	 -18.605	2	  93.412	  -9.014	  54.926
64	 -18.170	2	  57.924	  -0.502	  37.416
65	  -9.175	1	  90.924	  -7.502	   6.926
