1	-700.002	60	  24.188	   1.346	   8.311
2	-533.826	48	   9.778	   0.055	  14.279
3	-509.866	45	  27.609	   6.077	  38.295
4	-492.356	47	  22.819	 -10.634	  22.495
5	-451.210	39	  21.011	  21.016	  15.947
6	-444.889	44	  33.940	  16.475	  28.808
7	-427.108	38	  11.422	  25.193	  25.392
8	-390.329	36	  36.925	   6.803	  -3.328
9	-381.400	36	  11.235	  -1.457	  31.617
10	-368.939	31	  39.319	  11.673	  21.546
11	-299.629	26	  32.825	 -13.756	  10.367
12	-293.265	25	  17.972	  -4.941	  13.244
13	-256.725	25	  17.954	  13.562	  38.486
14	-249.670	24	  30.194	  -7.277	  -1.169
15	-244.228	24	  17.587	  15.200	  11.390
16	-224.672	19	  19.451	 -15.110	  11.211
17	-217.581	21	  33.293	  13.185	  38.523
18	-213.037	19	  25.153	   9.523	  10.293
19	-212.615	21	  46.182	   9.174	   6.615
20	-207.892	20	  31.242	  -6.332	  23.201
21	-186.311	18	   0.166	   3.050	  17.784
22	-176.857	18	  34.740	   0.080	  31.303
23	-174.650	16	  -0.770	  16.116	  28.791
24	-167.670	16	  22.339	  27.101	  20.419
25	-162.841	15	  -1.561	  21.628	  16.666
26	-162.113	15	  37.805	  -9.269	   4.693
27	-162.081	16	  22.454	  24.309	  29.812
28	-158.241	15	  20.158	  -6.488	  35.814
29	-156.632	16	  38.755	  19.680	  13.756
30	-147.018	13	  43.889	  -1.912	  21.032
31	-132.117	13	   8.109	  12.341	   9.375
32	-131.706	12	   1.613	   7.898	  31.685
33	-124.564	12	   0.053	  -5.174	  26.844
34	-121.509	12	  39.558	   9.684	  32.869
35	-114.530	11	  17.828	  -9.055	   4.760
36	-107.521	10	   2.144	 -10.002	  19.841
37	-103.151	9	  47.045	  -0.489	  11.674
38	-101.563	10	  10.604	 -13.890	  14.481
39	 -83.359	8	  33.923	  -3.422	 -11.124
40	 -78.892	7	  39.927	   0.737	  -5.108
41	 -77.206	8	   7.391	  16.183	  34.691
42	 -76.334	7	  -1.022	   2.203	  25.803
43	 -74.017	7	  13.955	   5.689	  38.560
44	 -73.678	7	  42.995	  -3.105	   3.032
45	 -68.948	7	  32.031	  25.068	  19.623
46	 -58.337	6	  47.339	   9.002	  18.858
47	 -55.894	6	  27.973	   7.048	   0.710
48	 -55.693	6	  25.004	 -14.303	   5.844
49	 -50.395	5	  43.906	  -8.761	  15.567
50	 -43.213	4	  25.808	  -3.142	  39.541
51	 -42.420	4	   7.761	  22.315	  11.966
52	 -40.117	4	  28.809	   1.522	  -4.823
53	 -39.178	4	  33.040	  13.197	   5.653
54	 -38.970	4	  -2.783	  12.227	  21.862
55	 -38.429	4	   3.242	  26.924	  19.418
56	 -29.258	3	  10.473	  -8.809	  25.824
57	 -28.311	3	  11.485	  -8.137	  -5.483
58	 -21.709	2	  34.975	 -12.797	  17.687
59	 -20.057	2	  -5.064	  -4.346	  16.726
60	 -18.251	1	  14.485	  13.203	  19.177
61	  -9.448	1	  38.485	   4.203	 -12.823
62	  -9.444	1	  30.485	  18.203	  11.177
63	  -9.399	1	   7.485	  13.203	  24.177
64	  -9.264	1	  14.485	   3.203	   6.177
65	  -8.911	1	  -6.515	  23.203	  25.177
