1	-1176.614	99	  11.217	  26.121	  29.455
2	-1065.918	99	  -3.706	  15.989	  44.383
3	-806.680	75	   8.040	  25.911	  47.146
4	-744.079	65	 -17.408	  16.772	  50.279
5	-705.660	68	  -6.388	  19.699	  37.766
6	-696.899	59	 -15.591	  22.533	  52.450
7	-682.443	57	   0.328	  28.098	  37.122
8	-636.306	53	  -9.700	  11.310	  54.906
9	-600.713	46	  -0.092	  22.412	  44.410
10	-539.176	50	   0.035	  19.989	  55.712
11	-521.480	49	   4.212	  32.803	  42.560
12	-518.901	45	  11.367	  35.528	  36.098
13	-323.035	30	   5.319	  13.164	  50.511
14	-315.295	28	   0.997	   4.642	  32.179
15	-312.274	29	  15.491	  30.571	  25.728
16	-291.902	27	 -13.004	  26.087	  36.065
17	-282.952	27	   6.011	  33.172	  55.289
18	-237.103	23	  -2.594	  21.268	  25.199
19	-222.606	22	  14.823	  12.443	  39.322
20	-195.376	16	  -6.462	  40.925	  42.867
21	-194.182	18	  17.990	  24.936	  12.416
22	-183.640	17	 -33.705	  21.802	  48.961
23	-170.131	16	  -8.170	  26.130	  60.862
24	-162.887	16	   1.855	   4.140	  23.861
25	-162.191	16	  15.052	  33.145	  14.811
26	-147.093	14	  18.408	  13.431	  18.463
27	-146.752	15	  -6.653	   9.797	  26.672
28	-143.753	14	  -5.092	  35.313	  58.697
29	-142.864	14	 -26.079	  20.801	  37.384
30	-133.793	13	 -29.464	  13.082	  46.138
31	-131.224	12	 -30.081	  32.527	  49.199
32	-122.021	12	   4.814	  26.631	  13.365
33	-119.457	12	 -15.137	  43.846	  48.435
34	-114.906	11	  16.928	  20.839	  39.797
35	-112.928	11	 -10.076	  37.919	  32.653
36	-108.071	11	  -3.386	  35.503	  34.550
37	-105.728	11	 -16.825	  11.836	  41.670
38	 -99.717	10	 -23.733	  31.990	  55.418
39	 -96.797	10	 -12.750	  32.867	  57.943
40	 -95.128	9	  10.434	   5.637	  38.602
41	 -93.137	9	  -5.638	  40.830	  53.537
42	 -90.676	9	 -16.305	  42.082	  40.351
43	 -88.027	8	   6.737	  34.709	  23.859
44	 -71.052	7	  18.957	  30.973	  41.580
45	 -70.370	7	 -32.953	  25.419	  41.787
46	 -69.368	7	  14.104	   6.236	  20.114
47	 -67.420	7	  20.749	  17.574	  25.273
48	 -61.282	6	  11.080	  21.302	   9.359
49	 -60.411	6	  -1.972	  30.013	  27.074
50	 -58.252	6	 -18.607	   9.920	  56.274
51	 -53.772	5	 -25.242	  18.481	  54.065
52	 -52.329	5	  12.921	   3.408	  27.668
53	 -52.111	5	 -24.030	  40.203	  49.667
54	 -51.903	5	  15.142	  17.856	  47.065
55	 -50.055	5	 -15.829	  32.566	  34.882
56	 -48.270	5	  17.613	  36.571	  28.723
57	 -48.224	5	  -1.411	  14.637	  20.060
58	 -47.825	5	 -27.841	  35.194	  42.068
59	 -37.917	4	   9.333	  12.221	  14.320
60	 -36.732	4	  20.864	  26.465	  32.817
61	 -19.567	2	  17.363	   9.751	  28.626
62	 -19.457	2	  -6.637	  18.715	  65.065
