1	-1475.163	113	  51.605	  -0.159	  23.086
2	-1463.168	113	  72.935	   8.099	  16.276
3	-1093.734	83	  31.241	  10.891	  28.946
4	-1033.995	85	  47.041	  -4.825	  31.841
5	-931.716	73	  56.490	  -7.853	  17.903
6	-803.016	66	  13.898	 -14.067	  10.639
7	-783.306	68	  39.810	 -16.921	  21.644
8	-760.594	69	  51.030	 -15.915	  24.633
9	-722.205	58	  88.399	 -13.856	  37.786
10	-690.535	62	  79.001	   5.905	  28.216
11	-667.284	58	  62.912	 -16.775	  27.299
12	-622.263	56	  24.273	   6.130	  16.124
13	-568.022	50	  86.717	  -5.246	  10.622
14	-535.277	50	  80.057	  -2.169	  41.931
15	-510.789	45	  23.300	  -3.860	   4.887
16	-488.558	44	  23.546	   7.582	   4.525
17	-487.542	46	  48.113	  13.359	  30.872
18	-471.128	45	  56.425	   1.375	   7.651
19	-462.339	40	  55.683	  -4.910	  11.502
20	-462.031	41	  80.042	   9.438	  38.896
21	-438.896	43	  55.391	  11.450	  12.413
22	-418.119	40	   7.182	  -3.928	  22.749
23	-403.590	38	  95.575	  -6.567	  24.726
24	-402.049	37	  64.764	  11.244	  46.183
25	-401.519	30	  28.824	   6.791	  23.528
26	-376.501	35	  29.775	 -19.402	  19.194
27	-366.414	34	  84.834	   6.436	  21.882
28	-363.396	34	  47.685	   4.987	  37.275
29	-352.896	34	  74.366	   5.500	  44.497
30	-350.987	31	  16.558	   0.225	  34.660
31	-325.766	25	  69.753	 -13.516	  39.707
32	-322.787	31	  29.496	  17.587	  -0.033
33	-321.630	31	  18.939	  -4.781	  39.978
34	-300.354	27	  36.177	   6.985	  38.175
35	-287.700	23	  31.961	 -15.953	   8.417
36	-286.443	26	  64.165	 -18.377	  19.839
37	-276.032	26	  48.797	  16.995	   1.292
38	-275.797	18	  52.042	  11.344	  21.794
39	-272.098	27	  30.061	   1.557	   1.010
40	-264.659	25	  90.108	   3.804	  26.754
41	-263.817	25	  85.855	 -19.538	  18.978
42	-242.173	24	  72.761	  22.436	  33.981
43	-236.441	23	  45.809	 -13.936	  10.992
44	-236.262	23	  66.075	  26.918	  40.959
45	-232.773	20	  18.613	   7.702	  22.636
46	-231.687	22	  42.571	  24.280	  10.218
47	-227.505	22	  47.483	   3.992	  -0.895
48	-224.053	22	  56.924	 -11.201	  37.687
49	-223.900	21	  62.923	   3.197	  45.720
50	-223.083	20	  37.641	 -16.949	  29.035
51	-218.411	20	  54.948	  19.547	  39.767
52	-216.969	21	  61.319	  25.467	  30.944
53	-213.962	18	  35.049	 -12.241	  39.043
54	-210.971	20	  65.817	 -16.036	   9.643
55	-209.226	19	  39.887	  -0.452	  -0.152
56	-208.870	20	  54.782	   7.711	  44.456
57	-207.442	18	  66.769	   3.933	   7.486
58	-207.102	19	  38.264	  17.896	  29.758
59	-201.467	19	  75.632	  19.221	  45.177
60	-189.692	19	  78.412	 -22.579	  19.520
61	-185.128	18	  16.364	   1.106	   7.790
62	-181.794	18	  27.601	  -6.884	  44.005
63	-169.060	16	  37.998	   6.995	  -1.494
64	-168.511	16	  78.782	 -18.615	  39.923
65	-167.286	16	  86.418	   2.860	  37.671
66	-157.539	14	  64.814	  15.022	  12.494
67	-155.704	14	  80.117	 -14.465	   5.237
68	-152.019	15	  42.505	  21.510	  23.472
69	-151.923	15	  31.927	  21.809	  11.097
70	-150.944	14	  10.402	 -16.001	  23.142
71	-147.066	13	  22.353	 -18.994	  11.776
72	-143.321	14	  73.014	 -20.352	  29.563
73	-142.194	14	  60.089	  19.411	  18.055
74	-134.990	12	  12.949	   4.525	  18.384
75	-131.579	13	   7.298	  -7.262	   9.846
76	-127.782	13	  24.573	 -20.675	  29.683
77	-126.243	11	  91.237	 -17.714	  25.963
78	-121.637	12	  17.496	 -18.428	  27.047
79	-116.203	12	  93.625	 -12.103	  16.207
80	-114.567	11	  39.528	 -19.617	  12.543
81	-114.304	12	  56.118	  18.285	  25.257
82	-113.504	11	  27.696	 -11.617	   2.387
83	-111.313	11	  61.561	 -17.776	  35.814
84	-106.228	10	  94.996	  -7.026	  38.092
85	-101.741	10	  79.188	  15.869	  22.470
86	 -99.076	10	  70.745	  -1.005	   3.179
87	 -95.070	9	  21.318	 -12.140	  43.394
88	 -91.661	9	  24.520	  16.530	  20.518
89	 -90.502	9	  40.580	  24.456	   1.424
90	 -90.117	9	   7.452	   2.523	  28.688
91	 -89.799	9	  75.896	  -8.278	  46.188
92	 -86.935	9	  86.779	 -20.373	  10.304
93	 -86.658	9	  47.663	  18.049	  17.993
94	 -83.905	8	  12.959	 -11.802	  38.301
95	 -80.525	8	  69.813	 -23.314	  13.256
96	 -75.828	8	  50.453	  -6.552	   3.987
97	 -73.131	7	  42.947	 -11.156	  34.826
98	 -72.476	7	  70.806	  21.147	  18.074
99	 -72.434	7	   9.168	  -8.757	  29.979
100	 -72.190	7	  72.419	 -10.998	   3.115
101	 -71.475	7	   2.595	 -11.436	  16.401
102	 -70.971	7	  93.593	   1.083	  18.345
103	 -67.485	7	  67.466	  20.985	  48.231
104	 -63.161	4	  52.024	   5.762	  28.760
105	 -59.496	6	  39.151	  -2.079	  41.608
106	 -58.692	6	  51.854	  -2.285	  42.263
107	 -51.486	5	  97.929	  -4.747	  17.758
108	 -51.067	5	  31.017	 -19.624	  37.885
109	 -50.917	5	  22.345	   6.362	  38.271
110	 -49.611	5	  78.753	  16.785	  33.769
111	 -46.377	5	  24.752	  15.197	   8.583
112	 -45.455	3	  51.627	   4.475	  15.901
113	 -43.252	4	  20.808	  11.676	  31.977
114	 -40.442	3	  35.853	  14.753	  14.331
115	 -38.002	4	  63.044	  -7.822	   5.472
116	 -37.730	4	 100.313	 -13.737	  34.145
117	 -36.450	2	  61.551	  -2.104	  16.977
118	 -32.740	2	  68.067	  15.399	  28.461
119	 -32.693	3	  35.856	  15.332	  -6.718
120	 -31.865	3	  16.939	 -17.704	   3.795
121	 -31.786	3	  85.196	 -15.344	  45.589
122	 -30.148	2	  41.551	  -0.913	  28.977
123	 -28.991	3	  43.560	  15.398	  -6.023
124	 -28.821	3	  67.236	  -7.592	  46.301
125	 -28.715	3	  56.217	 -16.923	  19.311
126	 -28.711	3	  80.270	   3.099	   5.696
127	 -28.557	3	  21.142	  11.719	  -2.614
128	 -20.164	2	  82.053	   9.897	  11.977
129	 -19.800	2	  17.648	 -20.149	  38.429
130	 -18.699	2	  61.071	  -3.081	  49.977
131	 -18.322	2	  25.064	  18.399	  27.977
132	 -12.965	1	  21.551	  -4.601	  18.977
133	 -10.004	1	  81.551	  -5.601	  27.977
134	  -9.555	1	  37.551	 -14.601	   2.977
135	  -9.064	1	  82.551	 -21.601	  30.977
