1	-1981.862	162	  22.995	  31.145	  30.541
2	-1724.725	143	  17.877	  31.293	  35.978
3	-1173.412	99	  11.975	  62.191	  24.886
4	-1097.089	95	  29.792	   0.009	  43.179
5	-1004.050	91	  14.634	  27.262	  24.423
6	-914.674	84	  25.790	  35.725	  41.367
7	-861.738	73	  -3.101	  20.233	  45.086
8	-857.708	75	  47.920	  28.222	  23.527
9	-734.181	65	  29.000	  33.956	   6.274
10	-637.420	59	  34.797	   2.779	  32.863
11	-624.683	56	   4.549	  58.711	  32.502
12	-593.780	57	  13.763	  70.364	  43.102
13	-573.230	50	 -12.023	  30.583	  65.486
14	-571.301	51	  21.119	  59.263	  19.257
15	-554.490	49	  20.783	   3.590	  29.478
16	-552.411	49	  14.389	  41.507	  56.578
17	-537.029	49	  -0.486	  35.019	  35.180
18	-535.738	46	  -9.478	  49.064	  65.898
19	-523.527	48	  21.286	   3.768	  49.161
20	-518.468	46	   5.534	  41.115	  57.230
21	-516.098	46	  29.186	  22.352	  53.205
22	-514.644	45	  60.293	  17.096	  11.332
23	-513.778	46	  36.998	  42.786	  27.220
24	-511.439	46	  52.868	  30.717	   0.851
25	-504.832	48	   9.131	  59.613	   5.719
26	-503.933	44	  21.933	  25.067	  12.478
27	-489.889	45	  18.235	  27.242	  53.759
28	-486.362	43	   1.562	  36.198	  68.612
29	-473.996	46	  10.498	  -8.454	  40.777
30	-473.679	43	  33.465	  36.495	  36.782
31	-473.443	35	  24.291	  15.986	  37.634
32	-464.593	40	  36.870	  18.602	  49.858
33	-463.792	42	 -12.359	  12.890	  63.075
34	-456.605	41	  44.191	  53.337	  -3.279
35	-445.288	26	  45.747	  30.888	   7.949
36	-435.911	39	  -1.651	  60.863	  41.350
37	-435.079	41	  17.828	  22.144	  60.553
38	-429.782	41	  48.148	   3.469	  44.938
39	-427.840	36	  -5.843	  29.570	  44.624
40	-425.750	30	  16.527	  46.293	  28.953
41	-422.071	39	  26.536	  18.784	  17.071
42	-420.730	41	  19.513	  65.392	  31.796
43	-420.160	39	  -0.115	  40.020	  25.662
44	-419.525	39	  17.064	  56.286	  -2.577
45	-414.241	37	   1.637	  -5.982	  46.863
46	-413.125	35	  44.647	  36.651	  20.720
47	-409.641	25	  -5.040	  31.086	  58.561
48	-408.208	37	  32.632	  51.084	  33.751
49	-406.926	37	  37.145	   7.091	  48.213
50	-406.313	33	  45.946	  14.903	  -2.088
51	-404.220	35	  44.910	   2.148	  30.035
52	-403.409	38	  -7.592	  39.239	  36.720
53	-400.612	36	   6.391	  27.096	  30.098
54	-399.384	35	  55.882	  47.121	   7.549
55	-394.972	37	  62.815	  25.671	   8.600
56	-380.493	35	  12.454	   0.582	  54.759
57	-375.857	32	 -21.805	  36.777	  53.440
58	-375.043	34	  27.915	  59.450	   9.956
59	-373.667	34	   6.117	  67.817	  52.983
60	-371.788	35	  51.806	  21.283	  -6.780
61	-330.731	29	  38.634	  27.167	  -2.183
62	-325.470	31	  38.783	  56.997	   7.726
63	-322.595	32	   4.642	  56.526	  16.686
64	-321.229	29	  13.233	  49.856	  60.025
65	-319.364	30	  -6.325	  13.220	  39.130
66	-317.305	28	  19.399	  11.477	  21.573
67	-314.843	29	  32.329	  23.463	   7.408
68	-312.831	27	  24.805	  57.546	  31.395
69	-311.882	32	  -4.008	  55.969	  61.456
70	-306.154	29	  61.980	  33.564	  13.914
71	-303.884	28	  10.626	  32.616	  60.617
72	-300.017	28	 -11.001	  53.471	  45.969
73	-295.567	28	  38.027	  16.839	  -0.008
74	-293.843	28	  40.808	  50.226	  23.522
75	-290.918	27	 -22.756	  34.245	  61.997
76	-290.886	25	  40.955	  40.869	  -7.433
77	-284.086	26	   0.145	  25.313	  74.836
78	-283.603	27	 -15.221	  25.709	  51.686
79	-281.478	26	  10.497	   7.940	  63.202
80	-279.441	26	  30.619	  12.549	  13.091
81	-276.315	25	  61.166	  39.497	   2.073
82	-274.448	25	  21.032	  35.488	   0.497
83	-271.776	25	  17.472	  43.805	  -5.427
84	-269.046	26	  47.101	  34.035	  -8.848
85	-268.052	25	  55.010	   7.903	  11.783
86	-267.990	25	  10.117	  36.533	   9.403
87	-267.303	26	  -8.286	  52.179	  36.111
88	-263.397	25	  28.185	  38.800	  -6.581
89	-261.766	25	 -18.745	  20.980	  63.003
90	-261.267	25	  -9.248	  41.576	  72.133
91	-259.195	24	   3.587	  49.488	  22.782
92	-257.154	23	  59.994	  19.204	  36.058
93	-255.804	22	  56.693	   6.129	  36.791
94	-250.739	24	 -13.878	  55.081	  56.965
95	-249.849	24	  35.283	  46.779	  -5.959
96	-245.869	24	  17.117	  -4.044	  34.622
97	-243.259	24	  59.888	  15.534	  20.514
98	-229.198	22	  53.363	  27.500	  33.616
99	-228.578	21	   2.034	   8.509	  65.397
100	-226.087	22	  -8.429	   6.465	  56.439
101	-224.109	21	  44.593	  54.427	  17.474
102	-223.857	22	  26.152	  -3.675	  36.689
103	-223.272	21	  36.239	   7.375	   9.574
104	-222.810	21	  26.683	  11.760	  54.231
105	-219.941	21	  54.611	  45.222	  14.995
106	-218.739	21	   1.044	  15.075	  74.539
107	-216.911	19	   4.098	  48.252	  66.647
108	-214.065	18	  -7.992	   2.658	  40.784
109	-205.732	19	  -7.886	  29.864	  77.047
110	-205.586	20	  38.334	   2.520	  18.818
111	-203.873	19	  17.134	   8.942	  61.762
112	-203.728	20	  53.683	  37.039	  16.242
113	-203.369	19	  12.371	  59.451	  61.465
114	-188.495	18	 -18.394	  35.240	  46.117
115	-184.231	17	 -13.643	  44.813	  38.910
116	-177.091	17	  -5.851	   8.130	  69.537
117	-173.062	17	 -23.185	  46.859	  58.938
118	-167.281	17	  24.500	  51.782	  49.287
119	-164.562	16	   7.315	  30.997	  17.684
120	-161.804	16	  60.511	  22.056	  27.098
121	-161.430	16	  28.602	  44.266	  46.747
122	-156.772	15	  31.208	  58.268	  23.797
123	-156.064	15	   8.580	  26.536	  71.239
124	-156.031	16	  45.535	  26.523	  42.824
125	-152.415	14	  14.526	  17.380	  67.465
126	-150.571	15	 -10.593	   7.175	  48.380
127	-147.313	15	   9.827	  42.238	  -0.505
128	-146.385	12	  10.700	   7.163	  27.166
129	-144.937	13	  54.886	   8.739	   2.080
130	-144.823	14	  44.081	   4.886	  14.145
131	-144.771	14	  35.084	  59.427	  15.517
132	-143.870	14	   0.992	  11.270	  30.615
133	-142.906	10	  54.273	  28.126	  16.736
134	-141.684	14	  54.759	  20.659	  43.213
135	-134.095	13	  44.741	   3.124	  22.733
136	-133.685	11	  45.071	  46.650	  -9.098
137	-133.054	13	  -1.830	  51.397	  29.021
138	-128.410	13	   4.011	  18.012	  26.876
139	-128.195	12	  28.659	   3.527	  23.608
140	-123.893	12	  18.744	  61.814	  56.677
141	-118.465	12	  -2.603	   4.762	  32.634
142	-118.251	11	  27.724	  54.513	  42.969
143	-116.190	12	  38.838	  28.448	  -9.332
144	-115.954	11	 -14.285	  23.055	  71.804
145	-115.349	11	   3.697	  39.937	  15.915
146	-113.280	8	  21.085	  48.493	  21.304
147	-113.160	11	  20.640	  60.398	   8.964
148	-111.085	11	  51.691	  15.613	  49.341
149	-109.195	11	  37.423	  30.876	  45.473
150	-103.910	10	 -18.466	  39.841	  67.772
151	-101.691	10	  54.154	  39.878	  -6.558
152	-101.120	10	   3.720	  -1.614	  29.779
153	 -99.072	10	   4.563	  46.821	   2.481
154	 -98.108	10	  -8.710	  12.089	  76.665
155	 -97.134	10	  29.594	  58.361	  -2.134
156	 -94.680	9	  22.952	  64.612	  50.728
157	 -92.080	9	 -21.238	  44.632	  50.727
158	 -88.048	9	  -4.676	   0.305	  58.207
159	 -87.726	9	  10.451	  17.859	  22.248
160	 -86.880	9	  59.455	   7.054	  23.077
161	 -82.981	5	  33.936	  14.442	  32.083
162	 -80.875	8	  59.824	  22.022	  -0.560
163	 -78.682	8	  -1.810	  -5.301	  36.013
164	 -78.307	8	  45.494	  44.043	  22.903
165	 -78.265	5	  16.590	  13.083	  43.887
166	 -78.190	8	   5.689	  55.757	  63.776
167	 -76.511	8	  63.752	  12.171	   0.931
168	 -75.214	7	  21.394	  49.050	  55.836
169	 -72.774	7	  43.276	  36.462	  30.834
170	 -72.397	7	 -22.881	  26.208	  52.341
171	 -69.729	7	   0.537	  36.921	  77.002
172	 -68.293	7	  24.669	   8.959	  17.146
173	 -67.631	4	   9.941	  49.083	  36.809
174	 -66.292	7	  54.296	  51.161	  -3.114
175	 -64.810	3	  40.480	  21.083	  10.278
176	 -61.543	6	  -4.606	  64.028	  50.511
177	 -60.285	6	  52.344	  49.982	 -11.052
178	 -53.712	5	 -12.378	  15.671	  49.734
179	 -51.923	3	  -3.030	  40.539	  61.385
180	 -50.985	5	  58.200	   8.680	  46.252
181	 -50.192	3	  26.394	   9.083	  39.357
182	 -49.811	5	   2.613	  -1.917	  58.842
183	 -49.435	5	  21.963	  68.855	  40.251
184	 -42.622	4	 -19.584	  51.563	  54.066
185	 -42.144	2	  -7.606	  37.083	  49.758
186	 -40.035	3	  35.394	  26.147	  17.278
187	 -39.449	4	  62.135	   9.340	  31.551
188	 -37.747	2	  45.394	  28.083	  31.760
189	 -36.617	2	   3.927	  25.083	  61.278
190	 -36.116	2	  -7.064	  22.083	  56.736
191	 -36.030	2	  14.851	  53.083	  27.278
192	 -33.435	3	  -4.226	  26.083	  37.011
193	 -28.834	3	 -22.284	  52.070	  66.613
194	 -28.168	3	   3.394	  30.399	  80.918
195	 -20.260	1	  19.394	  12.083	  52.278
196	 -18.640	2	  42.902	   5.083	   6.278
197	 -18.292	2	   3.432	  65.593	  29.316
198	 -13.256	1	  39.394	  36.083	   3.278
199	 -10.063	1	  28.394	  50.083	  -7.722
200	  -9.900	1	  26.394	  -1.917	  53.278
201	  -9.778	1	  41.394	  15.083	  -8.722
202	  -9.776	1	  64.394	  45.083	  12.278
203	  -9.575	1	   5.394	  30.083	  50.278
204	  -9.365	1	 -27.606	  32.083	  50.278
205	  -9.320	1	   4.394	 -13.917	  44.278
206	  -9.106	1	  12.394	  63.083	  -1.722
207	  -9.091	1	 -19.606	  13.083	  55.278
208	  -8.959	1	  34.394	  -5.917	  33.278
209	  -8.943	1	   8.394	  14.083	  72.278
