1	-1352.826	107	  15.665	  23.000	  43.063
2	-1275.378	104	  15.164	  27.776	  23.982
3	-1115.801	81	  17.235	  31.611	  40.361
4	-858.668	67	  25.194	  24.536	  22.294
5	-616.696	55	  17.242	  17.919	  30.023
6	-541.847	51	   8.264	  38.203	  41.569
7	-526.134	47	  24.666	  25.038	  53.394
8	-441.909	38	   7.514	  16.578	  35.590
9	-427.933	40	  22.378	  22.906	  46.680
10	-416.359	38	   8.876	   7.173	  39.956
11	-409.788	39	  22.316	  40.507	  39.836
12	-376.587	34	  20.780	  37.507	  54.915
13	-361.413	30	  -2.086	  34.969	  23.799
14	-325.262	31	  13.662	  38.433	  18.746
15	-319.944	30	  27.105	  15.834	  44.743
16	-317.811	31	   1.870	  26.945	  37.560
17	-301.088	29	  -1.367	  16.909	  47.970
18	-277.216	26	   7.164	  19.144	  24.818
19	-272.127	25	  12.057	  45.503	  33.087
20	-266.863	25	   3.418	  40.637	  22.432
21	-264.012	23	  22.926	  33.120	  45.004
22	-242.906	23	  34.128	  31.561	  22.813
23	-195.375	18	  12.483	   3.973	  52.932
24	-194.720	19	  10.353	  17.687	  56.133
25	-181.240	15	  15.566	   3.000	  42.761
26	-180.812	17	  -1.072	  35.123	  34.487
27	-176.694	17	  16.504	  12.177	  55.454
28	-171.419	16	  22.931	  11.543	  35.686
29	-166.610	15	   0.596	  20.043	  31.162
30	-164.194	16	  -0.410	  32.314	  49.820
31	-131.393	13	  24.570	   6.519	  43.391
32	-130.345	12	  10.375	  24.784	  58.177
33	-127.542	13	  27.656	  25.422	  39.190
34	-126.938	11	  30.951	  18.871	  32.206
35	-119.917	12	  -0.934	  25.932	  21.382
36	-117.466	12	  29.124	  41.348	  31.349
37	-112.307	11	  17.061	  46.625	  28.027
38	 -98.939	10	  24.733	  42.017	  23.009
39	 -89.116	9	  18.943	  19.923	  58.525
40	 -89.019	9	  -1.709	  22.334	  52.821
41	 -72.241	7	  13.323	  35.845	  57.482
42	 -36.749	4	  30.526	  17.730	  20.824
43	 -32.525	3	   2.190	  26.142	  58.206
44	 -30.191	3	  31.291	  33.710	  34.972
45	 -28.012	3	   9.948	  31.021	  16.630
46	 -18.744	2	  27.291	  11.435	  55.257
47	 -18.324	2	   2.798	  42.489	  37.800
48	 -10.964	1	   2.291	   5.009	  54.307
49	 -10.894	1	   5.291	  35.009	  54.307
50	  -9.239	1	  11.291	  45.009	  22.307
51	  -9.152	1	  35.291	  26.009	  31.307
52	  -9.003	1	  20.291	   0.009	  51.307
