1	-1208.579	100	  82.655	  69.649	 117.818
2	-1090.199	90	  78.291	  10.117	 166.689
3	-837.078	74	  90.138	  30.575	 169.933
4	-827.158	69	  81.712	  40.734	 141.742
5	-788.150	70	  82.914	  12.603	 176.328
6	-746.849	65	  91.468	  48.076	 113.397
7	-711.813	62	  86.164	  67.192	  99.706
8	-704.678	60	  87.640	  66.597	 108.149
9	-611.645	51	  81.300	  22.268	 181.631
10	-597.491	49	  83.561	  57.716	 102.240
11	-573.235	47	  79.243	  51.251	 151.568
12	-566.558	49	 107.347	  52.002	  98.176
13	-555.982	50	  92.305	  72.046	  91.170
14	-513.471	47	 104.920	  58.443	 118.638
15	-504.202	44	 105.988	  24.630	 184.066
16	-501.182	47	  89.616	  20.409	 158.661
17	-483.556	43	  82.543	  13.868	 184.621
18	-453.570	42	  92.254	  56.519	 124.716
19	-445.790	39	 101.450	  16.137	 165.400
20	-445.629	41	  87.595	   8.130	 193.534
21	-445.571	41	  84.708	  48.926	  95.169
22	-429.324	40	  91.329	  41.799	 120.324
23	-412.073	38	  86.718	  32.495	 186.446
24	-380.305	34	  92.907	  34.989	 147.523
25	-374.153	35	  97.414	   1.667	 180.856
26	-371.990	35	  77.367	  25.931	 162.208
27	-366.392	30	  77.252	  29.011	 130.064
28	-365.048	34	  78.857	  54.134	 121.114
29	-362.951	33	  87.795	  52.991	 163.515
30	-357.430	30	  93.121	  43.226	 137.600
31	-349.165	33	  76.537	  59.812	  88.728
32	-328.992	32	 103.227	  75.712	 104.524
33	-308.252	28	 105.570	  25.729	 174.334
34	-304.015	27	  97.237	  12.891	 158.889
35	-300.196	30	  76.856	  35.126	 141.900
36	-286.298	26	 100.514	  63.668	 125.728
37	-280.478	25	  73.922	  23.017	 195.222
38	-257.663	24	  86.241	  28.621	 157.155
39	-239.088	22	 106.921	  50.209	 109.317
40	-236.356	23	  86.312	  25.149	 197.533
41	-233.755	20	  87.032	  55.113	 149.846
42	-227.160	22	  88.123	  50.457	 126.872
43	-224.329	20	  89.316	  31.977	 163.031
44	-223.328	22	  93.621	  45.684	  96.565
45	-221.187	21	  99.503	  17.141	 200.141
46	-218.532	21	  87.959	  76.901	 115.355
47	-216.039	21	 109.442	  67.081	 112.944
48	-214.867	21	  89.483	  53.763	  87.393
49	-213.483	20	  85.893	  26.268	 119.124
50	-210.570	19	  83.871	  24.553	 125.891
51	-205.023	20	  94.697	   2.185	 171.170
52	-202.421	18	  84.101	  24.566	 135.505
53	-196.761	20	 106.168	  16.880	 194.956
54	-192.550	18	  74.090	  37.404	 161.009
55	-189.913	19	  91.927	  39.631	 163.742
56	-188.886	19	  87.497	  80.782	  94.285
57	-184.283	15	  98.805	  54.185	  87.695
58	-183.823	18	 105.402	   8.217	 172.574
59	-183.164	16	  77.401	  40.983	 114.575
60	-182.827	17	  79.939	  48.606	 137.918
61	-181.149	18	  74.257	  44.853	 144.999
62	-180.619	18	  99.992	  75.082	 114.656
63	-178.398	17	 109.099	  13.554	 186.263
64	-171.927	17	  85.751	   2.106	 165.916
65	-169.367	17	 109.294	  59.925	  89.596
66	-167.818	17	  76.126	   9.306	 197.279
67	-167.648	16	  88.170	  51.203	 139.198
68	-167.112	17	  92.884	  -0.899	 187.395
69	-163.924	15	  74.249	  43.317	 121.722
70	-158.165	15	 103.470	  63.959	  83.609
71	-153.917	14	  94.431	  49.279	 162.022
72	-148.742	15	  84.702	  38.705	 174.662
73	-148.404	14	  94.397	  68.420	 129.252
74	-145.008	14	  93.568	  28.806	 121.967
75	-143.576	14	 112.122	  61.390	  98.708
76	-141.225	13	  86.569	  27.894	 144.702
77	-140.094	14	  74.600	  23.694	 185.538
78	-135.443	13	  74.498	  42.992	 131.434
79	-134.383	13	  73.911	  38.152	 152.417
80	-131.519	13	  95.176	  31.990	 130.422
81	-131.302	12	  96.113	  45.448	 152.901
82	-127.982	12	  90.221	   8.094	 155.977
83	-126.896	11	  77.367	  39.169	 168.795
84	-126.063	13	  80.814	   1.239	 182.196
85	-122.127	12	  94.261	  29.053	 192.267
86	-119.674	12	  91.648	  74.911	 121.827
87	-114.544	11	  80.102	  72.253	  87.858
88	-114.238	11	  91.357	  12.882	 199.431
89	-112.969	11	 106.749	  70.633	  90.165
90	-109.682	11	  99.129	  79.706	  96.941
91	-100.920	10	  79.432	  31.510	 189.650
92	 -98.052	10	  76.484	  30.975	 175.697
93	 -97.463	10	  77.172	  58.050	  98.278
94	 -92.846	9	  84.585	  39.248	 109.505
95	 -86.784	9	  83.528	  19.519	 201.637
96	 -83.348	8	  68.776	  19.309	 169.191
97	 -81.200	8	 101.006	   6.984	 195.105
98	 -77.959	7	  94.727	  41.513	 129.928
99	 -74.366	7	 103.090	  26.782	 190.750
100	 -74.050	7	 110.638	  71.471	  99.942
101	 -70.482	7	 104.322	  23.029	 168.038
102	 -68.835	7	  76.295	  66.475	 124.178
103	 -67.415	7	  88.069	  61.920	  82.787
104	 -65.735	6	  78.357	  52.101	 107.159
105	 -62.350	6	 105.995	   5.526	 185.189
106	 -58.213	6	  97.981	  25.012	 163.908
107	 -57.379	6	  78.858	  32.184	 150.717
108	 -53.740	5	  94.338	  33.114	 138.284
109	 -53.145	5	  80.829	  66.890	 109.893
110	 -50.965	4	  77.720	  32.538	 118.908
111	 -49.722	5	 111.940	  60.526	 110.469
112	 -49.527	5	  81.664	  13.708	 156.660
113	 -49.393	5	  98.731	  49.704	 118.265
114	 -49.190	5	  89.765	  61.695	 129.078
115	 -48.252	5	  98.942	  31.700	 186.468
116	 -47.804	5	  71.552	  61.932	 113.677
117	 -47.136	5	  76.792	  49.318	 166.507
118	 -43.718	4	  95.338	  44.752	 145.097
119	 -40.733	4	 108.599	  14.739	 174.095
120	 -39.956	4	  83.114	  32.287	 111.821
121	 -39.669	4	  91.338	  34.046	 113.589
122	 -38.939	4	  97.613	  43.021	 104.542
123	 -38.804	4	  97.408	  34.474	 178.569
124	 -37.578	4	  71.840	  31.011	 124.558
125	 -29.968	3	  84.338	  46.840	 172.395
126	 -21.015	2	  92.338	  44.045	 170.071
127	 -20.232	2	  77.338	   1.513	 188.594
128	 -19.994	2	  73.338	  49.513	 113.539
129	 -19.432	1	  79.338	  44.513	 161.071
130	 -10.247	1	  77.338	  63.513	  81.071
131	  -9.829	1	  85.338	  78.513	 103.071
132	  -9.716	1	  91.338	  21.513	 127.071
133	  -9.435	1	  82.338	   5.513	 159.071
134	  -9.293	1	  94.338	  53.513	 146.071
135	  -9.274	1	  97.338	  68.513	  85.071
136	  -9.130	1	  77.338	  28.513	 138.071
