1	-897.606	73	   8.018	 -20.251	  19.732
2	-816.200	69	   1.083	  26.181	  15.419
3	-748.144	64	 -14.887	  16.845	   9.466
4	-688.249	55	 -19.293	   5.020	   5.986
5	-665.563	63	   3.749	   1.748	  -0.418
6	-661.162	45	  10.230	  -4.328	 -13.981
7	-643.840	59	  21.710	  -5.402	  -7.399
8	-637.784	58	   4.561	   2.406	  26.448
9	-627.979	57	  18.486	   0.496	 -14.786
10	-605.923	55	   2.129	  10.912	  24.729
11	-593.069	49	 -11.744	  -4.923	 -17.242
12	-513.519	48	  10.081	   3.522	  -7.007
13	-496.488	45	   3.579	  -6.864	 -24.770
14	-493.259	39	 -20.084	  18.375	  -5.761
15	-482.356	43	   1.489	  12.131	   5.299
16	-471.285	45	  16.216	 -17.232	 -12.186
17	-464.860	38	 -20.591	 -15.536	 -11.602
18	-442.544	39	 -20.418	 -12.770	  11.269
19	-437.610	37	 -23.188	   2.737	  -7.284
20	-391.973	38	  21.510	   4.264	  19.976
21	-390.888	31	   1.917	   5.980	  -9.953
22	-383.611	32	  20.695	  -9.952	 -26.145
23	-382.069	36	   2.349	   8.012	 -32.793
24	-380.359	23	  -9.676	   9.505	 -12.386
25	-377.132	34	  -8.646	  14.194	 -27.411
26	-375.407	35	 -17.151	   1.088	  16.539
27	-368.420	36	 -23.780	  -5.110	 -10.518
28	-358.011	32	 -10.081	  17.699	 -18.692
29	-342.427	30	   4.597	  17.331	  10.522
30	-339.085	29	   1.150	  17.124	 -30.523
31	-336.310	24	  -7.484	 -25.970	   3.632
32	-333.019	32	  21.639	  -4.969	 -34.473
33	-331.108	28	 -11.244	 -24.577	  22.935
34	-325.937	31	 -14.601	 -14.994	 -20.279
35	-325.033	29	  -4.504	   3.620	 -24.782
36	-308.925	29	 -10.959	  29.485	 -12.670
37	-304.505	28	 -15.366	 -30.498	  -3.692
38	-303.611	29	  13.078	 -12.347	 -25.369
39	-295.737	29	  29.163	  -4.780	 -21.500
40	-289.221	25	 -16.396	 -24.880	 -13.275
41	-280.326	27	 -21.411	  25.614	   3.216
42	-278.883	26	   4.990	 -22.039	  -8.885
43	-264.075	19	  -2.987	  -2.063	   1.551
44	-254.868	23	  11.870	   2.193	   3.917
45	-252.673	24	  -3.952	 -10.159	  32.569
46	-252.005	23	 -13.037	   2.131	 -19.189
47	-246.960	22	  11.879	  23.871	 -17.960
48	-239.543	22	  19.946	  -7.854	  28.072
49	-237.832	22	   5.476	  24.276	 -24.364
50	-227.547	14	 -14.888	  10.223	  -3.241
51	-227.342	21	  -5.654	 -26.953	  -8.479
52	-219.399	19	  11.929	  19.289	 -28.184
53	-219.292	21	  16.089	 -21.789	  14.946
54	-212.559	14	  -6.954	  12.604	  13.913
55	-208.142	20	   2.095	 -33.796	  14.294
56	-203.840	20	  19.210	  -1.404	   8.002
57	-194.330	19	  12.910	   9.063	   9.800
58	-189.331	19	  17.557	  15.179	 -22.745
59	-188.042	13	  11.369	 -10.854	  17.886
60	-183.479	18	   3.734	 -26.534	   1.438
61	-180.491	16	  -7.172	  33.227	   5.378
62	-176.576	17	  14.179	   2.895	  27.704
63	-172.307	16	   8.956	  -2.188	 -36.310
64	-171.133	17	   9.949	 -26.706	   8.659
65	-168.714	17	  21.626	   7.565	 -36.698
66	-167.804	17	   0.365	 -18.421	  32.054
67	-166.751	16	  21.535	 -12.867	  12.582
68	-162.037	15	 -14.038	 -23.705	  14.535
69	-161.472	14	 -12.123	  19.975	  16.674
70	-159.755	14	  -0.292	 -17.096	 -17.248
71	-159.476	14	  -7.052	  28.403	  -0.579
72	-155.858	11	  -3.901	   7.584	  -0.110
73	-154.839	12	  -6.885	 -29.886	  17.030
74	-154.398	15	 -16.122	  17.173	 -13.536
75	-152.945	15	  13.085	  -0.412	 -42.987
76	-152.758	14	  -7.908	   3.025	  27.209
77	-148.243	15	  17.072	  15.947	  14.638
78	-147.251	14	 -25.214	  -2.675	   1.759
79	-146.467	14	  30.022	   4.590	 -28.489
80	-142.001	13	   1.956	  17.854	   0.779
81	-139.930	13	  17.143	  17.836	  21.715
82	-139.522	14	  -5.864	  21.570	  24.850
83	-125.565	12	   8.173	  -6.121	  33.252
84	-121.175	12	  14.498	  12.731	 -13.211
85	-120.849	12	  -3.008	  31.971	  -9.468
86	-119.861	8	   1.413	   8.272	  12.985
87	-119.388	12	  22.814	  -8.951	   5.363
88	-113.213	11	  -4.973	 -32.759	   3.946
89	-112.689	11	 -16.235	   0.160	  27.413
90	-112.323	11	 -16.117	 -24.076	   6.605
91	-109.788	10	  -8.498	 -23.514	 -19.931
92	-109.390	11	 -24.685	  13.747	   2.126
93	-106.726	11	 -15.607	  31.384	  -2.596
94	-106.312	11	 -12.938	  33.416	  21.190
95	-105.723	10	 -15.128	 -12.569	  28.288
96	-103.595	10	  -1.386	  -2.498	  30.740
97	 -95.453	9	 -18.079	  32.196	   7.293
98	 -94.784	9	  18.629	 -19.281	  25.328
99	 -92.431	9	 -23.629	   2.814	 -16.819
100	 -90.997	9	  15.060	 -21.367	   3.223
101	 -88.119	9	  25.484	   9.653	 -23.468
102	 -86.265	9	   8.388	  12.539	  -8.623
103	 -81.940	8	   6.743	  30.904	 -13.369
104	 -81.853	8	  18.208	  13.867	 -32.584
105	 -81.096	8	  17.423	  10.370	  28.285
106	 -80.593	8	   2.594	  25.703	   4.559
107	 -75.439	8	  -4.099	  24.226	 -26.138
108	 -74.115	5	  14.211	 -12.269	   9.781
109	 -73.099	7	  -7.123	 -12.053	 -24.529
110	 -70.516	7	  18.059	 -15.127	  -0.652
111	 -68.775	7	   0.501	  33.410	 -20.479
112	 -63.125	6	 -18.955	  28.483	  15.433
113	 -61.196	6	   1.881	  28.184	  -3.937
114	 -60.763	5	 -22.540	 -17.394	   0.086
115	 -59.442	6	   8.624	  21.368	  -5.553
116	 -58.211	6	 -18.339	 -15.417	  21.654
117	 -57.713	4	   5.249	  -6.832	  11.560
118	 -57.470	6	  -4.882	  39.008	  10.025
119	 -56.258	6	  14.662	  -9.294	  33.924
120	 -52.885	5	   8.646	 -17.195	 -17.117
121	 -47.343	5	  24.633	 -18.041	  19.336
122	 -47.243	5	  24.238	  -3.206	  23.684
123	 -45.714	3	 -10.169	  -7.742	   3.656
124	 -45.330	4	   9.216	   9.893	 -39.530
125	 -40.732	4	 -14.544	  10.096	  18.081
126	 -39.825	4	   6.118	  24.484	  24.057
127	 -39.525	4	  -4.663	  32.233	  23.285
128	 -36.843	4	   5.831	  29.024	  10.282
129	 -36.167	2	   5.478	 -10.993	   4.285
130	 -35.877	2	  -1.819	  -4.993	  16.635
131	 -28.925	3	 -12.057	   9.725	  25.970
132	 -26.218	2	   1.831	  -9.993	  -8.179
133	 -19.978	2	 -12.067	 -32.891	   5.938
134	 -19.975	2	  24.921	 -15.448	 -18.625
135	 -18.512	2	  12.318	  19.981	  27.798
136	 -17.985	2	  24.831	 -12.496	  -7.715
137	 -10.978	1	  -7.169	 -19.993	  35.285
138	  -9.366	1	  -1.169	  39.007	  21.285
139	  -8.972	1	  22.831	   1.007	  -0.715
