1	-1470.719	129	  28.367	  29.920	  48.928
2	-1274.851	113	  17.602	  44.057	  50.004
3	-1157.224	101	  13.698	  17.758	  63.290
4	-1052.473	97	  -1.642	  28.260	  40.160
5	-1016.051	88	   2.737	  35.006	  36.252
6	-927.757	83	  21.899	  20.966	  43.174
7	-919.401	83	   4.767	  16.945	  55.858
8	-801.252	72	   7.535	  40.215	  55.006
9	-734.218	63	   7.488	  41.056	  75.913
10	-538.810	48	  22.325	  21.597	  22.743
11	-523.890	50	  11.877	  26.214	  75.955
12	-498.903	45	  30.180	  44.340	  50.232
13	-458.202	41	  22.029	  14.607	  48.372
14	-407.524	40	  14.422	  46.754	  69.922
15	-405.447	37	  -8.426	  46.757	  55.989
16	-396.364	36	  23.833	  10.099	  23.272
17	-371.162	35	  -1.487	  21.975	  47.813
18	-366.636	36	  -2.591	  46.174	  76.163
19	-350.713	33	   8.196	  29.911	  22.694
20	-341.077	33	 -10.685	  33.027	  76.024
21	-326.292	31	  29.679	  16.934	  41.822
22	-323.105	31	   1.661	  43.052	  49.510
23	-318.771	31	  29.814	  24.649	  29.600
24	-318.376	29	   1.167	  30.942	  80.386
25	-316.217	29	  32.538	  26.986	  57.161
26	-308.990	29	  18.799	   9.694	  58.580
27	-295.408	27	  33.028	  35.104	  33.214
28	-289.976	28	  33.315	  41.894	  40.474
29	-286.599	26	   6.396	  41.059	  38.323
30	-281.270	26	  11.049	  18.057	  17.979
31	-263.909	24	   3.110	  49.757	  59.073
32	-259.066	23	   1.441	  20.308	  26.440
33	-257.324	24	  27.855	  44.101	  67.209
34	-254.083	22	  16.873	  48.858	  41.350
35	-227.446	23	   8.868	   7.388	  22.087
36	-214.422	20	  10.682	  39.374	  27.197
37	-202.824	19	   0.875	   6.289	  38.374
38	-197.835	19	   5.891	   1.946	  32.114
39	-195.751	18	  18.007	  33.534	  23.670
40	-190.590	18	  24.484	   4.473	  43.717
41	-185.876	18	  21.560	  23.543	  70.919
42	-185.543	18	 -15.455	  39.739	  58.797
43	-181.442	17	  19.483	  35.369	  74.700
44	-180.597	16	  21.098	  19.611	  58.373
45	-179.687	18	  -2.789	  19.316	  61.384
46	-176.728	16	  -0.661	  21.350	  71.178
47	-164.053	16	 -15.704	  32.072	  67.469
48	-158.506	15	  31.628	  43.938	  59.708
49	-158.113	16	  16.347	   2.504	  19.784
50	-147.414	14	  14.077	  -1.227	  37.566
51	-142.371	14	  -5.925	  42.526	  40.102
52	-138.787	14	  22.289	  47.671	  62.196
53	-131.545	12	  -9.237	  24.204	  52.200
54	-130.804	13	  26.418	  42.179	  28.314
55	-125.597	12	   7.431	   4.781	  52.868
56	-122.528	11	 -14.316	  43.484	  70.082
57	-118.351	12	  11.214	   1.022	  44.943
58	-114.587	10	 -13.552	  25.824	  60.529
59	-113.936	11	   0.078	  11.633	  44.790
60	-103.086	9	  28.747	  29.085	  23.822
61	-101.631	10	  16.077	  49.452	  56.222
62	-101.037	10	  -2.107	  19.959	  36.283
63	 -97.281	10	  32.043	  36.044	  66.896
64	 -93.341	9	 -14.077	  30.873	  49.481
65	 -87.880	9	  15.376	  -2.064	  26.664
66	 -85.618	8	  -1.417	  52.243	  48.366
67	 -72.908	7	  32.580	  26.024	  43.159
68	 -59.090	6	 -12.099	  37.667	  43.156
69	 -56.949	4	   3.542	  26.924	  52.484
70	 -56.745	6	  -9.406	  22.335	  68.487
71	 -56.200	6	  12.586	  46.545	  29.504
72	 -52.235	5	  36.080	  38.471	  53.133
73	 -48.240	5	  25.698	  40.921	  74.303
74	 -48.121	5	   8.492	  49.957	  39.139
75	 -40.519	4	  29.427	  11.609	  50.561
76	 -39.067	4	  24.677	  -0.293	  23.541
77	 -30.645	3	  26.841	   5.056	  33.655
78	 -28.892	3	  20.630	  47.812	  32.600
79	 -27.663	3	  -2.759	  30.856	  28.980
80	 -27.258	3	  30.580	  21.182	  66.302
81	 -25.584	2	  -2.508	  39.767	  55.310
82	 -21.524	2	  -5.622	  27.223	  77.310
83	 -20.174	2	  -7.655	  50.620	  64.310
84	 -19.972	2	  -3.099	  38.176	  84.788
85	 -19.350	2	   5.349	  51.693	  69.758
86	 -18.943	2	 -11.612	  50.663	  75.310
87	 -18.443	2	  -1.099	  11.173	  29.810
88	 -17.818	1	  24.901	  40.176	  60.310
89	 -13.191	1	  11.901	  27.176	  43.310
90	 -12.488	1	  16.901	  12.176	  43.310
91	 -10.159	1	  31.901	  16.176	  28.310
92	  -9.946	1	   7.901	  21.176	  46.310
93	  -9.411	1	  32.901	   8.176	  43.310
94	  -9.366	1	   1.901	  37.176	  65.310
95	  -9.273	1	  -6.099	  24.176	  31.310
96	  -9.084	1	   0.901	  25.176	  20.310
97	  -9.046	1	   2.901	  14.176	  62.310
98	  -8.943	1	  -5.099	  54.176	  56.310
99	  -8.923	1	  25.901	  52.176	  54.310
