1	-1285.935	112	  27.678	  30.576	  48.084
2	-1202.578	109	  21.603	  21.569	  44.311
3	-1139.517	101	   0.472	  31.004	  36.966
4	-1067.405	93	   6.606	  40.555	  53.612
5	-920.227	82	  14.539	  42.596	  48.606
6	-914.425	72	  13.992	  18.365	  62.101
7	-893.324	81	   5.339	  16.408	  56.420
8	-800.669	67	  21.254	  46.237	  49.300
9	-560.461	48	   6.603	  41.017	  74.023
10	-552.353	52	  30.109	  43.054	  47.951
11	-501.989	48	  31.646	  34.839	  34.822
12	-484.988	46	  11.162	  24.982	  74.270
13	-467.312	40	  22.481	  19.919	  22.425
14	-459.112	43	  15.579	  48.748	  41.186
15	-454.025	43	  29.420	  24.385	  28.330
16	-441.509	41	  -8.781	  47.678	  54.474
17	-428.417	40	   3.023	  36.558	  32.000
18	-415.085	37	  20.304	  15.120	  56.586
19	-407.601	39	  -1.790	  20.648	  47.582
20	-405.245	38	  -3.863	  46.209	  73.542
21	-393.872	34	  21.890	  15.000	  47.948
22	-391.740	36	   1.241	  42.901	  47.880
23	-366.543	34	  23.855	   8.948	  22.911
24	-366.447	34	  23.760	   4.478	  42.543
25	-333.215	29	  31.160	  27.552	  55.082
26	-331.491	31	  14.258	  28.574	  21.976
27	-277.170	23	 -15.872	  42.900	  68.923
28	-272.582	27	  11.869	  47.992	  67.220
29	-254.842	24	 -11.869	  33.970	  74.628
30	-250.025	23	  -1.490	  41.664	  40.376
31	-247.971	23	 -12.518	  24.451	  55.588
32	-243.454	23	  -4.165	  26.064	  40.016
33	-234.898	23	   9.187	   5.909	  22.078
34	-223.120	22	  26.746	  44.264	  66.874
35	-222.896	21	   7.494	   5.156	  51.828
36	-199.380	19	  -0.138	  18.339	  26.747
37	-193.841	19	 -16.423	  39.131	  56.707
38	-186.302	18	   8.264	  37.786	  26.706
39	-180.726	18	  18.823	  36.514	  73.529
40	-175.448	16	   7.373	  16.188	  18.971
41	-172.881	15	  -1.327	  22.566	  71.340
42	-171.614	17	  22.618	  36.097	  23.939
43	-170.988	16	  20.459	  48.466	  60.704
44	-170.806	16	 -17.570	  32.712	  65.328
45	-166.740	15	  -0.037	  34.772	  79.926
46	-158.261	15	  20.133	  25.094	  70.519
47	-155.801	15	  -1.398	  17.975	  59.291
48	-154.132	14	   0.685	   5.870	  39.111
49	-153.938	15	   6.338	  28.428	  20.741
50	-153.473	15	  30.466	  36.573	  65.963
51	-141.708	13	  31.721	  43.847	  37.844
52	-134.702	13	  30.125	  45.896	  58.782
53	-133.612	13	 -14.061	  30.501	  46.832
54	-132.792	13	  24.825	  44.823	  30.641
55	-131.066	13	  15.374	  -1.225	  37.930
56	-129.243	13	   5.666	  49.177	  51.022
57	-123.338	12	   0.528	  10.434	  47.411
58	-115.984	10	  26.840	   7.621	  34.402
59	-115.400	11	   6.998	   0.178	  31.993
60	-113.701	12	  29.814	  15.906	  46.718
61	-111.589	11	  -9.775	  40.757	  38.918
62	-110.071	11	  -2.290	  16.761	  36.184
63	-109.368	11	  24.648	  20.647	  65.088
64	-100.751	10	   8.496	   0.780	  43.689
65	-100.588	10	  -0.879	  27.252	  78.774
66	 -95.515	9	  16.204	   1.586	  20.912
67	 -87.083	9	  20.388	  -2.406	  27.662
68	 -84.591	6	   3.402	  26.772	  51.616
69	 -79.625	8	  -2.548	  53.952	  54.865
70	 -70.752	7	  14.388	  49.792	  54.954
71	 -62.719	6	  23.408	  50.179	  41.343
72	 -61.572	6	  17.049	   5.787	  59.503
73	 -60.838	6	  14.399	  16.583	  16.901
74	 -59.620	6	  17.325	  46.883	  72.666
75	 -57.072	6	  31.805	  25.746	  42.677
76	 -53.630	5	  34.535	  39.348	  53.655
77	 -47.389	5	 -12.264	  43.304	  78.872
78	 -45.286	4	  25.417	  34.640	  58.498
79	 -42.700	4	   4.685	  52.302	  58.017
80	 -41.401	4	   3.183	  15.817	  71.461
81	 -40.456	4	  -0.834	   9.149	  31.013
82	 -38.187	4	  17.993	  43.865	  25.021
83	 -38.131	4	 -12.115	  23.085	  65.249
84	 -29.844	3	  -7.260	  50.729	  62.156
85	 -29.259	3	  24.820	   5.020	  54.469
86	 -28.300	3	  32.500	  10.087	  42.498
87	 -27.348	3	 -11.171	  51.071	  69.171
88	 -19.695	1	  16.166	  16.071	  33.498
89	 -19.274	2	  10.166	  46.587	  29.014
90	 -18.847	2	   6.166	  48.071	  38.987
91	 -18.690	2	  33.166	  21.071	  33.987
92	 -10.902	1	  21.166	  40.071	  37.498
93	  -9.418	1	 -12.834	  23.071	  73.498
94	  -8.957	1	  -4.834	  27.071	  27.498
