1	-1574.579	141	  14.128	  88.156	  66.241
2	-1565.799	130	  22.543	  70.785	  32.951
3	-1513.752	126	  -5.657	  90.577	  48.951
4	-1462.346	129	  29.453	  96.602	  34.379
5	-1375.286	122	 -12.800	  84.165	  24.078
6	-1245.235	111	   1.926	  53.784	  39.123
7	-1183.499	88	   9.687	  60.372	  37.917
8	-1181.019	98	   2.938	  84.586	  44.284
9	-1068.907	92	  18.671	  71.812	  24.170
10	-1060.126	92	  26.968	  69.778	  41.477
11	-1054.462	78	  -9.200	  87.140	  32.883
12	-1046.913	91	 -10.073	  82.643	  51.776
13	-1026.850	76	  26.416	  87.073	  33.246
14	-1007.673	75	   6.509	  88.077	  60.044
15	-983.001	81	  14.194	  76.781	  37.783
16	-968.341	83	  -1.436	  99.201	  46.376
17	-936.976	79	  -4.065	  64.448	  62.885
18	-908.489	73	   6.357	 107.350	  27.519
19	-895.335	74	  21.012	  62.403	  61.741
20	-849.137	70	  10.764	  88.692	  11.523
21	-701.739	62	   8.324	  59.744	  66.774
22	-681.407	59	  15.785	  85.108	  16.479
23	-648.331	61	  29.915	  94.240	  21.584
24	-615.681	48	  -9.318	  65.539	  28.326
25	-615.346	49	  12.761	  84.264	  43.961
26	-610.168	48	  26.381	  95.811	  53.784
27	-600.436	54	   8.594	 101.809	  14.950
28	-589.371	50	 -17.256	  84.432	  45.059
29	-585.224	46	   4.239	  77.008	  38.152
30	-583.443	49	   5.092	  86.378	  37.079
31	-583.237	49	  12.025	  83.529	  34.873
32	-583.223	49	   6.359	  79.063	  48.128
33	-569.401	52	 -23.032	  89.513	  35.723
34	-561.954	46	  16.525	  61.798	  24.295
35	-559.176	47	  10.882	  73.969	  43.926
36	-557.268	47	  -4.453	  72.550	  61.459
37	-551.613	46	   0.594	 101.045	  56.622
38	-524.868	44	   0.951	 103.537	  32.280
39	-507.295	48	 -12.059	  97.419	  23.796
40	-498.212	42	  34.719	  75.978	  38.023
41	-490.556	43	  22.070	  62.319	  53.252
42	-452.490	40	   0.641	  50.255	  64.088
43	-448.442	40	  10.633	  65.045	  75.315
44	-445.194	41	  40.278	  83.825	  31.526
45	-440.913	41	  33.576	  69.134	  64.178
46	-439.552	43	  12.021	  50.144	  46.076
47	-438.600	37	   0.424	  97.809	   6.940
48	-437.045	40	  18.302	 106.731	  14.996
49	-414.317	39	  -6.657	 105.608	  34.206
50	-401.633	34	  37.172	  85.041	  21.677
51	-400.036	39	   4.469	  82.336	  71.742
52	-390.730	35	  -8.390	  78.312	  65.595
53	-374.124	31	 -20.049	  98.767	  33.326
54	-354.637	33	   6.472	  76.677	   6.137
55	-348.766	32	  18.601	 113.676	  18.842
56	-346.851	32	  11.128	 115.872	  37.874
57	-336.559	31	  -7.471	  88.027	  70.121
58	-334.937	30	  24.851	  56.506	  48.226
59	-325.633	30	 -16.644	  61.360	  56.816
60	-317.673	29	  18.846	  65.355	  77.810
61	-308.618	28	  24.629	  82.612	  15.310
62	-304.943	28	  11.994	 101.708	  58.575
63	-296.525	27	 -18.353	  75.932	  37.061
64	-296.296	27	  34.962	  85.142	  45.197
65	-256.781	25	  -1.118	  99.975	  66.225
66	-253.242	23	   5.052	  59.611	  23.653
67	-250.242	22	  16.187	  52.480	  30.431
68	-245.319	22	  25.213	  51.085	  40.079
69	-232.879	22	 -14.994	  97.299	  46.650
70	-224.936	22	 -10.351	  93.840	  59.164
71	-212.979	13	  18.089	  62.450	  41.473
72	-205.141	20	  27.204	  60.303	  31.711
73	-191.145	11	  -1.294	  84.123	  59.153
74	-190.596	18	  32.439	  71.524	  26.577
75	-185.153	18	 -13.364	  79.586	   6.265
76	-182.615	12	   4.077	  93.406	  42.484
77	-180.786	17	 -20.842	  66.909	  43.203
78	-179.586	18	  34.222	  91.964	  59.453
79	-177.147	17	  37.790	  80.515	  55.200
80	-174.913	10	  23.375	  81.892	  26.952
81	-171.517	17	  31.296	 114.439	  35.717
82	-171.138	10	  -6.496	  94.701	  36.817
83	-169.433	17	  26.799	 105.868	  52.987
84	-167.289	17	 -10.850	  45.878	  58.034
85	-157.596	15	  14.231	 110.990	  51.526
86	-154.711	14	 -15.878	 104.403	  38.554
87	-154.577	16	   5.381	  53.525	  33.014
88	-153.304	15	  28.753	  82.777	  76.603
89	-152.894	15	  -2.292	  42.926	  60.932
90	-151.187	15	 -16.648	  60.532	  32.652
91	-143.825	9	  13.182	  77.261	  28.954
92	-141.248	14	 -11.153	  44.955	  45.539
93	-139.888	14	  -2.431	 102.983	  12.950
94	-137.448	8	  -2.392	  78.992	  48.731
95	-134.958	13	   2.565	  64.036	  13.657
96	-132.411	13	  -5.073	  87.781	   0.511
97	-127.161	13	   8.459	  49.278	  61.722
98	-124.328	8	  19.171	  73.298	  44.484
99	-122.155	11	  33.514	  78.753	  17.721
100	-120.546	10	   0.172	  94.297	  68.928
101	-114.475	12	  45.145	  78.319	  25.963
102	-111.661	11	  21.502	  49.232	  27.744
103	-108.566	11	  35.335	  71.138	  54.556
104	-106.698	11	  -5.745	  57.850	  24.237
105	-104.343	11	 -18.676	  53.556	  56.865
106	-102.522	6	   8.664	  96.765	  21.156
107	-101.633	10	   8.313	  70.787	  10.265
108	-100.421	9	  -5.638	  96.253	   2.603
109	 -95.597	10	   1.387	  80.024	   0.295
110	 -95.512	10	  19.676	  79.633	  83.122
111	 -93.935	9	  27.107	  70.588	  78.759
112	 -93.773	9	  34.271	  96.124	  49.084
113	 -92.991	9	  30.720	  89.117	  13.280
114	 -91.845	9	  24.318	 118.321	  26.127
115	 -91.028	9	  -9.856	  64.507	  17.719
116	 -88.700	9	  30.861	 108.508	  17.194
117	 -88.503	9	   6.847	 111.920	  45.209
118	 -88.169	6	   8.597	  64.782	  60.819
119	 -85.473	9	 -15.907	  90.339	   6.340
120	 -84.901	9	   2.799	  39.162	  50.283
121	 -82.719	8	 -13.917	 106.163	  26.790
122	 -80.591	8	  26.399	 115.624	  45.569
123	 -78.794	8	  34.534	 111.477	  23.933
124	 -78.727	7	  18.074	  74.777	  14.841
125	 -72.087	7	 -20.015	  60.482	  48.496
126	 -70.620	7	   9.458	  74.255	  81.323
127	 -70.489	7	  16.959	 116.102	  44.052
128	 -69.915	7	  27.228	  91.028	  72.057
129	 -69.774	7	  16.319	 118.991	  27.089
130	 -69.228	7	   6.255	 113.599	  31.877
131	 -68.833	7	  34.319	 109.232	  40.853
132	 -68.470	7	  22.271	  99.491	  61.643
133	 -62.977	6	 -15.466	  74.225	  57.754
134	 -61.027	6	  31.343	  64.238	  50.714
135	 -60.735	6	 -28.499	  95.857	  39.661
136	 -60.516	6	  38.512	  91.219	  29.172
137	 -59.995	6	  26.683	  54.441	  25.942
138	 -59.073	6	 -18.030	  48.822	  48.899
139	 -58.387	6	 -20.163	  90.620	  17.284
140	 -58.304	6	  -9.265	 102.319	  10.564
141	 -57.471	6	  40.341	  71.733	  27.999
142	 -57.255	6	  -9.813	 101.390	  63.157
143	 -52.011	5	 -18.664	  67.276	  52.030
144	 -51.493	5	  36.692	  77.249	  62.240
145	 -49.625	5	 -17.084	  74.923	  14.987
146	 -49.512	5	  17.903	  51.106	  56.984
147	 -49.234	5	  -0.303	  68.916	   8.806
148	 -48.926	3	  -4.220	  59.908	  40.485
149	 -48.912	5	 -16.457	  69.736	  26.176
150	 -48.686	5	  -5.205	  41.054	  50.817
151	 -48.608	5	  34.504	  92.090	  35.887
152	 -48.166	5	   2.180	  41.284	  39.864
153	 -47.984	5	 -14.423	  97.911	   8.088
154	 -47.419	5	 -10.240	  53.512	  63.026
155	 -46.898	5	  35.709	  87.115	  68.616
156	 -42.358	4	  34.475	  78.415	  74.061
157	 -41.938	4	   7.512	  42.956	  58.086
158	 -41.051	4	  12.423	  87.559	  78.323
159	 -40.985	4	 -19.138	  53.080	  40.260
160	 -40.859	4	  22.269	  93.407	  11.560
161	 -40.435	4	 -20.944	  70.908	  32.204
162	 -40.072	4	  -7.213	  47.749	  35.132
163	 -39.414	4	  -5.241	 106.900	  22.564
164	 -39.399	4	  -4.760	  72.882	   3.348
165	 -39.293	4	 -10.442	  68.397	   9.061
166	 -39.121	4	   3.512	  88.629	   3.042
167	 -38.243	4	  25.745	 119.404	  35.046
168	 -38.204	4	  -1.497	  71.398	  73.299
169	 -37.139	4	  39.006	 102.896	  27.520
170	 -36.240	2	  14.070	  61.908	  52.803
171	 -32.906	2	  21.112	  84.908	  61.803
172	 -32.743	3	  16.446	 120.842	  35.196
173	 -31.884	3	  -0.781	 108.623	  41.742
174	 -28.900	3	 -23.434	  94.511	  47.501
175	 -25.490	2	  -1.488	  84.908	  23.255
176	 -24.080	2	  -6.488	  80.908	  42.358
177	 -21.650	2	  19.054	  97.450	  33.803
178	 -21.118	1	  -6.488	  77.908	  21.803
179	 -20.983	2	 -12.944	  64.908	  62.803
180	 -19.077	2	  22.572	  85.848	  82.258
181	 -17.290	1	  23.512	  99.908	  39.803
182	 -13.338	1	  15.512	  78.908	  60.803
183	 -12.638	1	   1.512	  61.908	  46.803
184	 -11.633	1	  -1.488	  67.908	  52.803
185	 -11.284	1	  10.512	  99.908	  33.803
186	 -10.388	1	  15.512	  72.908	  84.803
187	  -9.359	1	 -20.488	  75.908	  46.803
188	  -9.185	1	   5.512	 107.908	  52.803
189	  -8.962	1	  30.512	  57.908	  42.803
