1	-1120.833	93	  11.463	  23.352	 -12.356
2	-925.653	74	  10.010	  26.074	  31.554
3	-817.710	72	  34.644	  20.354	  38.205
4	-636.032	56	  36.042	  16.846	  -4.675
5	-517.227	47	  20.948	  22.517	  21.774
6	-486.088	43	   7.184	  18.966	  31.095
7	-366.213	34	  34.416	  26.402	  46.859
8	-342.534	32	  40.092	  24.394	  -7.690
9	-325.945	29	  27.248	  34.916	  38.605
10	-319.961	30	  25.171	  27.222	  15.586
11	-308.894	29	  13.638	  31.174	  -9.678
12	-295.780	28	  29.069	  17.752	  16.203
13	-291.993	28	  35.377	  31.091	  33.378
14	-285.818	24	  30.346	  32.546	  -5.006
15	-283.148	26	  34.511	  25.563	   2.679
16	-267.797	25	  29.209	   5.925	  -3.538
17	-261.961	25	  28.685	   8.241	  39.523
18	-240.195	22	  22.980	  21.033	 -20.866
19	-213.673	17	   8.040	  21.268	  47.849
20	-210.979	17	   8.509	  15.763	 -10.500
21	-200.656	19	  14.591	  17.167	 -19.268
22	-200.076	19	  28.902	  21.461	  57.346
23	-196.656	19	  12.229	  34.528	  33.107
24	-194.708	16	  10.056	  20.654	   4.683
25	-192.283	18	   9.739	  12.864	  46.464
26	-183.988	17	  19.706	  16.588	  13.719
27	-182.047	17	  27.476	   4.761	 -15.958
28	-174.679	15	  11.456	  12.208	   3.440
29	-173.448	16	  35.299	  30.770	 -12.154
30	-168.107	16	  32.912	  16.297	  48.867
31	-163.958	15	  12.062	  17.975	  24.385
32	-163.821	16	  29.698	  23.520	  23.318
33	-155.982	15	  38.470	  22.168	   6.994
34	-147.158	14	  34.356	  13.948	   5.310
35	-144.162	14	  26.595	   6.927	  26.780
36	-141.710	14	   9.702	   4.911	  -8.126
37	-118.975	12	  23.781	  12.660	  46.356
38	-116.879	11	  17.941	  18.140	  55.229
39	-114.901	11	   8.297	   4.893	  33.220
40	-113.597	11	  33.400	  21.509	 -19.376
41	-112.659	11	  26.388	  29.856	  23.071
42	-107.516	11	  13.291	   2.084	 -17.707
43	-106.972	11	   1.821	  15.471	  41.189
44	 -96.742	9	  20.592	  31.515	  55.862
45	 -90.088	9	  24.661	  10.275	   2.601
46	 -88.062	9	  34.580	  12.404	  30.351
47	 -87.288	9	   3.710	  16.518	  -0.813
48	 -87.251	9	  36.148	   9.218	 -11.533
49	 -86.772	9	  12.079	  34.195	  44.026
50	 -85.428	9	  16.168	  34.165	  -0.605
51	 -82.314	8	  27.864	  28.607	 -21.909
52	 -82.048	8	  19.551	   6.670	  39.752
53	 -75.485	8	  15.294	   3.293	  24.762
54	 -71.103	7	  20.084	   4.861	  -3.485
55	 -70.918	7	   4.617	  26.919	  -4.911
56	 -70.417	7	   1.642	  26.507	  37.704
57	 -66.085	7	  12.959	  11.282	  21.113
58	 -63.678	6	  13.391	  23.997	  53.751
59	 -63.531	6	   2.819	   9.678	  32.176
60	 -61.338	6	  13.307	  31.195	  50.761
61	 -54.460	5	  16.043	  23.399	  11.671
62	 -50.975	5	  25.237	   0.917	  34.343
63	 -49.976	5	  20.987	  36.082	 -15.267
64	 -48.268	5	  28.813	  31.705	  49.552
65	 -43.032	4	   3.819	   9.615	 -10.009
66	 -40.875	4	  18.103	  29.723	  18.493
67	 -40.166	4	  15.899	  30.076	   7.421
68	 -38.648	4	   0.819	  22.014	  43.850
69	 -36.516	4	  20.067	  36.028	  -6.870
70	 -32.231	3	  25.524	  -1.018	  -8.666
71	 -30.077	3	   3.509	  24.589	   3.074
72	 -28.296	3	  27.848	  13.925	 -22.587
73	 -19.324	2	  12.230	  10.759	 -21.062
74	 -10.383	1	  18.819	  27.277	 -23.616
75	  -9.717	1	  27.819	  36.277	 -12.616
76	  -9.479	1	  24.819	  38.277	  31.384
77	  -9.363	1	   9.819	  27.277	 -18.616
78	  -9.130	1	   6.819	  28.277	  24.384
