1	-1175.769	96	  12.482	  -7.629	   9.144
2	-1006.194	81	  45.066	   6.362	  13.737
3	-755.456	71	  15.342	  -8.073	  25.144
4	-754.254	58	 -11.597	  -6.314	  31.875
5	-744.286	69	   8.613	  -7.207	  18.789
6	-648.893	62	  28.630	   5.073	  21.143
7	-577.417	51	 -11.433	  -1.388	  42.050
8	-523.138	50	  32.261	 -11.446	  22.282
9	-517.420	47	   5.759	 -16.783	  23.495
10	-514.002	47	  -7.490	 -19.318	  23.990
11	-475.071	45	  24.197	   0.439	   0.391
12	-429.848	40	  11.692	 -21.696	   0.640
13	-403.929	38	  36.799	   9.093	  29.859
14	-393.254	35	 -15.027	  -0.019	  30.720
15	-391.980	36	  37.068	   8.014	  12.390
16	-391.507	36	 -10.360	   8.018	  21.063
17	-391.195	39	   6.450	   1.154	   0.265
18	-377.535	34	   4.414	 -20.569	  -0.656
19	-372.984	31	  -3.069	 -25.012	  35.135
20	-359.336	32	  17.258	  -6.376	  -7.378
21	-352.511	32	  13.192	  -0.633	  27.796
22	-351.197	34	  32.945	 -13.968	   3.158
23	-332.458	30	  35.980	 -18.886	  20.310
24	-331.803	28	  11.210	 -15.396	  30.333
25	-318.687	28	  25.778	  -1.750	  10.557
26	-318.434	27	  53.385	 -12.921	  22.944
27	-314.642	28	  -1.202	 -14.505	  24.857
28	-311.753	28	  52.575	  -0.021	  24.938
29	-308.565	29	 -22.886	  -4.551	  23.480
30	-291.971	25	   3.355	 -29.175	   9.366
31	-289.343	28	  57.904	   6.448	  25.760
32	-278.619	27	   2.686	  -7.064	  43.774
33	-265.542	26	  17.790	   7.202	   4.741
34	-262.164	25	  29.732	 -29.401	  16.779
35	-256.883	25	  50.605	 -11.098	   7.206
36	-252.232	25	  41.123	  18.776	  20.970
37	-248.010	24	  18.381	 -25.483	  18.880
38	-245.699	22	  20.254	 -29.818	   4.923
39	-244.693	23	  43.098	   2.465	  31.589
40	-235.436	22	 -16.790	   9.274	  26.502
41	-227.386	22	  -9.025	  -1.168	  14.580
42	-227.083	22	  47.841	 -21.119	  14.372
43	-224.835	20	  26.191	  -4.857	  20.112
44	-224.392	22	  -8.447	   9.520	  30.236
45	-221.811	21	  32.190	   2.815	  10.467
46	-212.129	18	  -4.539	 -11.447	  42.749
47	-211.696	20	  -3.467	  -8.050	  15.835
48	-210.428	21	  15.200	  -6.040	  38.342
49	-209.610	18	  38.371	 -17.373	   6.924
50	-188.959	19	 -23.371	   7.725	  22.510
51	-186.073	19	 -18.200	 -17.723	  23.265
52	-184.778	18	  61.307	   2.122	  10.691
53	-184.479	15	  65.493	  -0.374	  19.955
54	-184.389	13	  33.375	 -12.343	  12.921
55	-182.612	18	  28.342	  10.709	  13.787
56	-178.818	16	  12.372	 -20.478	  19.563
57	-171.660	16	  -0.689	   8.443	  27.371
58	-163.023	16	   6.014	   6.348	  41.093
59	-159.345	15	  33.257	 -23.882	   6.667
60	-156.524	14	  54.128	  -2.481	   6.925
61	-149.021	13	  17.989	 -15.244	  -7.162
62	-147.208	15	  27.444	  -7.392	  -5.858
63	-143.020	14	  31.249	  19.364	  24.658
64	-138.675	14	  -7.560	  -0.406	  48.917
65	-128.354	12	  38.250	  -8.436	   3.680
66	-127.677	13	  26.656	 -20.873	  -3.144
67	-125.641	12	   4.580	 -22.066	  15.878
68	-119.492	12	 -17.859	  -5.432	   9.264
69	-118.857	11	  47.240	   6.369	   4.708
70	-117.498	12	  28.923	 -29.240	   4.643
71	-113.730	9	  29.954	  -5.606	   4.486
72	-108.957	11	  44.906	  -3.800	   0.246
73	-103.836	10	 -19.689	   6.102	  13.506
74	-101.610	10	  18.143	  -0.544	  14.165
75	 -97.467	10	   6.902	 -12.771	  -8.511
76	 -93.899	9	   0.117	   3.548	  43.671
77	 -91.137	9	  59.390	 -15.409	  12.867
78	 -90.127	9	  42.786	  -9.559	  29.622
79	 -90.008	8	  38.054	 -23.675	  14.360
80	 -80.486	8	   1.749	  -9.391	  -3.031
81	 -79.924	8	  61.315	  -3.860	  26.488
82	 -79.255	8	  13.094	   7.809	  -5.091
83	 -79.015	8	  11.381	  -4.899	 -12.146
84	 -78.412	8	   6.490	   3.926	  24.667
85	 -77.548	7	  16.275	   2.181	  -9.564
86	 -75.164	8	   9.962	 -31.628	   0.935
87	 -71.347	7	  34.532	  18.164	  16.125
88	 -71.234	7	   8.854	 -32.157	  14.914
89	 -68.864	7	  -7.488	 -18.508	  40.661
90	 -67.540	7	  54.153	   2.889	   1.931
91	 -66.651	7	 -13.106	 -14.267	  14.271
92	 -66.335	7	  -5.818	   7.035	  15.402
93	 -65.994	7	  22.420	 -19.280	  22.367
94	 -63.620	6	  28.261	  -0.981	  27.107
95	 -60.519	6	  -2.515	 -16.249	   2.965
96	 -59.260	6	  44.154	 -17.530	  26.461
97	 -57.428	6	  48.363	  12.617	  31.811
98	 -55.559	3	  13.396	 -12.305	   1.964
99	 -54.314	3	  45.526	   4.456	  21.964
100	 -53.674	5	   1.128	 -22.554	  25.611
101	 -52.453	5	  63.181	  -7.900	  13.028
102	 -52.201	3	  -8.469	  -8.092	  24.964
103	 -51.978	5	   5.213	   7.251	  32.964
104	 -50.800	5	   5.775	 -14.064	  42.782
105	 -50.283	5	  57.332	  14.221	  22.213
106	 -49.727	5	  10.327	 -18.916	  38.355
107	 -47.787	5	  50.471	  16.102	  25.086
108	 -46.544	5	   0.316	   0.262	  14.356
109	 -43.652	4	   2.747	 -21.795	  40.444
110	 -41.628	4	  16.512	 -35.318	  13.445
111	 -41.371	4	  35.755	  -2.286	  31.964
112	 -40.329	4	  40.747	   2.689	   1.723
113	 -38.899	4	 -24.766	  -1.548	  13.198
114	 -38.177	4	 -20.768	 -14.777	  30.956
115	 -29.378	3	   7.382	   3.741	  -9.456
116	 -27.622	3	 -12.954	   7.111	  35.974
117	 -20.529	2	  64.729	  10.941	  19.964
118	 -20.107	2	  49.729	  13.911	  11.964
119	 -19.620	2	 -13.781	 -27.034	  29.964
120	 -19.280	2	   0.743	  -7.544	   8.474
121	 -18.666	2	 -10.271	  -8.544	  49.466
122	 -18.083	2	  -3.271	 -26.544	   6.464
123	  -9.501	1	   4.729	 -25.544	  31.964
124	  -9.184	1	   1.729	 -14.544	  11.964
