1	-1234.080	102	  43.128	   6.832	  13.964
2	-1209.688	100	  11.549	  -7.511	  10.101
3	-942.618	76	 -11.245	  -6.536	  33.941
4	-928.938	88	  15.717	  -8.061	  26.045
5	-604.180	55	   8.613	  -7.799	  19.805
6	-571.691	54	  34.737	 -14.420	   4.508
7	-545.691	51	  32.668	 -14.062	  21.576
8	-544.180	49	  21.075	  -1.258	  11.361
9	-526.166	48	  32.530	   4.238	  12.268
10	-502.136	46	  27.836	   3.446	  22.217
11	-450.356	40	  -2.350	 -15.254	  25.491
12	-433.221	39	  10.709	 -20.629	   0.896
13	-426.406	35	 -11.030	  -3.847	  43.471
14	-411.722	35	   2.682	 -28.319	   9.851
15	-375.159	35	  25.043	  -0.629	   2.478
16	-374.326	35	  39.601	 -21.276	  17.874
17	-373.738	36	   6.134	   1.218	   1.780
18	-370.928	34	   6.075	 -17.590	  24.943
19	-370.822	33	 -10.771	   6.007	  32.949
20	-364.542	31	  36.041	   7.300	  30.096
21	-359.143	34	  -9.757	   8.644	  24.283
22	-356.373	29	  64.325	  -0.033	  17.152
23	-342.864	29	  -1.918	 -25.229	  35.706
24	-327.890	27	  11.634	 -14.927	  31.353
25	-322.100	32	  40.599	  17.909	  20.975
26	-315.690	30	  56.626	   5.817	  25.953
27	-297.306	26	  19.573	 -29.814	   5.216
28	-289.238	26	  -7.612	 -20.993	  24.758
29	-288.933	25	  53.550	 -13.044	  22.412
30	-280.918	27	 -14.882	   0.659	  34.579
31	-278.454	26	   3.198	 -20.209	  -0.403
32	-276.705	27	 -22.254	  -5.282	  25.285
33	-265.714	22	  17.380	  -6.234	  -5.820
34	-257.587	24	  31.657	 -23.171	   4.695
35	-253.969	17	  32.824	 -12.617	  13.056
36	-246.035	20	  -9.252	   0.263	  17.478
37	-239.924	24	  29.122	 -30.099	  15.333
38	-219.743	20	  11.995	 -20.386	  19.740
39	-214.929	20	  -3.276	  -6.794	  17.201
40	-214.716	19	  52.060	  -0.638	  25.116
41	-214.202	19	  -2.868	 -11.914	  44.124
42	-210.538	20	  -0.782	   9.318	  29.453
43	-206.148	20	  19.907	   5.690	   7.544
44	-195.477	19	  18.375	 -24.822	  19.369
45	-195.059	18	  42.998	   1.480	  31.902
46	-191.412	18	  17.411	 -14.224	  -6.889
47	-190.734	17	  13.598	  -0.253	  29.620
48	-189.368	17	  26.442	  -5.876	  20.761
49	-186.975	17	  52.857	  -3.121	   6.240
50	-183.075	18	   4.820	  -9.211	  44.270
51	-179.367	17	  46.370	   6.496	   4.492
52	-178.249	17	 -16.908	   8.680	  29.743
53	-175.398	17	   9.284	   5.381	  42.777
54	-171.417	17	  51.621	 -10.940	   7.407
55	-169.694	17	  48.334	 -21.699	  12.897
56	-164.488	16	  41.495	  -0.537	   0.945
57	-160.368	16	   1.584	   2.902	  45.419
58	-159.954	16	 -17.280	 -17.299	  24.417
59	-153.591	15	 -23.512	   2.593	  26.455
60	-148.871	14	  32.857	  17.585	  17.188
61	-148.594	15	  42.827	 -10.634	  29.463
62	-146.370	14	  27.929	   9.209	  14.611
63	-144.807	14	  37.704	  -5.955	   3.274
64	-144.600	14	  47.080	 -19.030	  23.161
65	-139.441	14	   5.075	  -0.498	  19.092
66	-133.111	13	  30.014	  18.600	  24.840
67	-117.774	12	   4.512	 -21.657	  16.537
68	-115.795	11	   8.194	 -12.672	  -6.594
69	-112.989	8	  29.256	  -6.360	   5.671
70	-111.065	11	  16.320	  -5.518	  39.683
71	-108.913	11	  26.062	 -14.960	  -5.794
72	-108.540	11	  -6.644	  -0.627	  49.896
73	-105.491	10	  11.957	   7.708	   3.395
74	-104.920	11	  -6.107	 -19.370	  41.631
75	 -98.124	10	  57.490	   2.974	   8.586
76	 -94.012	9	 -11.101	 -12.772	  16.581
77	 -93.787	9	   5.572	   7.604	  35.634
78	 -93.668	9	  16.269	   8.813	  -3.576
79	 -86.193	9	  23.523	   6.520	   0.070
80	 -81.495	8	  47.078	   9.592	  32.017
81	 -80.845	8	  60.542	  -4.101	  26.566
82	 -79.349	8	  15.907	   2.716	  -8.421
83	 -78.649	8	  27.977	 -30.885	   5.698
84	 -77.944	8	   1.321	  -7.343	  -2.188
85	 -74.984	8	   6.165	   5.096	  25.046
86	 -72.946	7	 -16.116	  -3.972	  11.864
87	 -66.503	7	  64.110	  -7.273	  13.383
88	 -65.177	7	   9.280	 -30.946	  15.819
89	 -62.552	6	  48.555	  16.064	  25.930
90	 -60.939	6	   3.858	 -21.424	  41.440
91	 -59.809	6	  -8.014	   4.779	  44.301
92	 -52.649	5	  23.547	 -22.932	  -2.636
93	 -51.170	5	 -23.706	  -3.430	  14.232
94	 -51.013	5	 -18.795	   4.553	  15.299
95	 -49.584	5	  24.533	 -18.550	  22.386
96	 -49.246	5	  52.479	   2.262	  -0.974
97	 -49.156	4	  12.728	 -11.983	   2.592
98	 -48.327	5	  -2.114	 -13.739	   1.592
99	 -41.426	4	  55.939	  13.931	  23.549
100	 -40.295	3	  45.121	   3.897	  22.563
101	 -39.813	4	   8.439	   5.177	  -8.444
102	 -39.048	4	  -4.780	 -21.889	   5.328
103	 -38.818	4	 -10.805	 -27.309	  31.799
104	 -37.334	4	  -3.802	   7.966	  18.316
105	 -32.213	3	  11.322	 -17.747	  40.889
106	 -29.603	3	  35.204	  -4.229	  31.753
107	 -29.338	3	  -8.315	  -9.543	  51.472
108	 -28.848	3	  60.990	 -14.859	  14.491
109	 -28.572	3	  28.351	  -4.877	  -3.857
110	 -27.548	3	   5.681	 -26.543	  31.823
111	 -27.285	3	  65.347	  -9.209	  21.468
112	 -22.197	2	   8.162	 -29.543	   0.807
113	 -19.996	2	  15.681	 -35.543	  13.333
114	 -19.325	2	 -23.319	  10.965	  21.807
115	 -19.296	2	  63.681	  11.457	  20.314
116	 -18.881	2	  35.127	  19.493	  31.735
117	 -18.783	2	   2.681	  -7.053	  10.807
118	 -18.356	2	  11.634	 -35.543	   5.807
119	 -18.201	2	  60.185	   8.956	  13.804
120	 -17.980	2	 -21.319	  -2.041	  32.807
121	 -13.965	1	  -7.319	  -7.543	  26.807
122	 -10.106	1	  48.681	  13.457	  12.807
123	  -9.269	1	 -18.319	 -11.543	  34.807
124	  -9.181	1	  47.681	  -6.543	   0.807
125	  -9.092	1	   0.681	 -14.543	  11.807
