1	-1012.559	84	  13.884	 -13.079	  21.149
2	-924.966	81	  14.757	   6.142	  -0.620
3	-781.490	74	  13.643	 -12.243	  11.180
4	-679.464	39	   3.286	 -13.500	  30.624
5	-676.007	61	  16.712	  14.594	  22.934
6	-603.339	55	  23.524	 -15.312	  25.671
7	-592.647	54	  15.463	   1.058	  37.290
8	-580.347	51	  -2.890	  -5.353	  25.661
9	-509.787	45	  -2.934	  13.550	  26.225
10	-507.559	33	   2.451	   4.043	  10.627
11	-426.054	39	  32.451	  -5.892	  21.975
12	-377.438	35	  24.289	 -12.298	   7.204
13	-330.548	27	   2.228	  -4.898	  37.449
14	-316.823	29	  -2.429	 -10.954	  16.717
15	-313.958	30	  11.244	 -17.749	  37.510
16	-279.312	25	  19.997	 -15.323	  38.592
17	-276.629	26	   1.954	 -18.298	  24.086
18	-269.505	26	  32.017	   2.675	  17.364
19	-256.991	25	  -6.222	   8.791	  15.066
20	-240.944	23	  27.546	   3.618	  30.415
21	-232.964	22	   3.017	  17.328	  11.676
22	-224.902	20	  30.039	  -2.965	  10.770
23	-212.808	21	  -8.210	   4.558	  26.055
24	-205.506	21	  12.266	 -10.417	  -2.038
25	-204.697	19	  11.284	  15.285	  33.156
26	-189.365	16	  27.132	   1.515	   2.813
27	-186.839	17	  -5.696	  -0.132	  16.092
28	-166.444	15	  22.828	  -7.656	   0.070
29	-163.808	17	   2.933	   1.737	  40.349
30	-158.705	16	  29.838	  11.436	   8.765
31	-154.441	15	  18.239	  16.805	  13.243
32	-143.854	13	   6.438	  10.078	   1.224
33	-139.217	14	   0.759	   0.569	  -1.733
34	-139.062	13	  28.374	  16.109	  14.575
35	-135.615	13	   7.156	  -0.726	  -7.382
36	-131.487	12	   6.021	 -18.117	  13.964
37	-121.864	12	   2.074	  20.063	  21.978
38	-116.651	11	   2.669	   9.210	  37.911
39	-109.677	11	   0.819	 -11.649	   5.837
40	-109.525	11	  29.494	 -15.530	  12.404
41	-103.357	10	  14.000	  16.745	   7.127
42	 -93.316	9	  25.024	  -6.730	  36.675
43	 -85.222	6	  10.613	 -14.306	  27.556
44	 -65.595	6	  -3.922	   0.412	  34.636
45	 -60.821	6	   2.006	  17.048	  32.786
46	 -52.161	5	   2.687	  -9.005	  -0.891
47	 -51.797	5	  32.041	  12.905	  22.770
48	 -48.640	5	  22.095	  12.945	  30.266
49	 -37.118	4	   7.463	 -21.202	  31.494
50	 -32.801	3	  30.306	  -8.142	  30.484
51	 -27.819	3	  25.376	  11.539	   1.832
52	 -27.145	3	  19.684	   0.215	  -8.516
53	 -23.208	2	  21.684	  -4.854	  27.484
54	 -13.878	1	   4.684	   4.548	  20.484
55	 -10.134	1	  18.684	 -20.452	  30.484
56	  -9.283	1	  22.684	 -19.452	  11.484
57	  -9.083	1	  -4.316	 -15.452	  36.484
58	  -9.072	1	  18.684	  12.548	  39.484
