1	-637.733	55	  42.574	  67.410	  63.558
2	-451.118	44	  48.811	  53.173	  74.365
3	-444.947	43	  15.066	  47.338	  56.827
4	-436.441	37	  25.624	  60.459	  49.680
5	-361.411	35	  37.782	  62.171	  77.060
6	-356.059	35	  34.322	  70.153	  69.652
7	-355.197	33	  15.229	  60.448	  64.925
8	-346.406	31	  17.096	  52.264	  38.910
9	-317.799	30	  27.545	  40.640	  70.185
10	-317.615	30	  29.566	  72.372	  60.538
11	-305.420	27	  29.433	  48.877	  78.700
12	-304.235	27	  25.577	  52.548	  40.186
13	-300.110	25	  26.815	  65.152	  74.763
14	-266.434	26	  54.950	  53.598	  64.066
15	-256.380	25	  35.709	  57.275	  52.510
16	-253.564	23	  38.321	  38.887	  65.654
17	-234.601	23	  24.925	  37.261	  60.874
18	-223.109	20	  43.666	  63.280	  54.502
19	-222.423	22	  19.836	  35.916	  49.721
20	-201.580	16	  50.789	  54.277	  57.550
21	-191.904	19	  15.160	  60.916	  47.844
22	-182.955	14	  29.322	  36.250	  52.725
23	-164.458	16	  31.867	  34.838	  63.342
24	-164.386	15	  51.699	  63.186	  68.316
25	-150.473	15	  13.686	  53.871	  52.855
26	-144.429	14	  17.418	  45.342	  70.971
27	-127.520	11	  46.499	  43.504	  61.771
28	-127.303	10	  20.098	  62.061	  71.339
29	-122.791	12	  34.655	  67.149	  55.808
30	-118.190	11	  38.477	  44.723	  46.915
31	-100.459	10	  19.773	  69.760	  64.283
32	 -90.320	9	  50.184	  44.786	  67.635
33	 -82.230	8	  44.219	  51.107	  52.495
34	 -81.112	8	  39.123	  44.025	  75.545
35	 -80.639	8	  18.094	  52.234	  75.068
36	 -77.574	8	  14.990	  42.246	  51.783
37	 -71.218	7	  24.932	  57.036	  78.129
38	 -70.051	7	  26.671	  35.642	  43.992
39	 -64.622	5	  26.078	  62.629	  57.043
40	 -62.274	6	  32.244	  54.272	  44.540
41	 -56.770	6	  46.392	  42.134	  53.367
42	 -49.741	5	  16.236	  70.661	  57.422
43	 -48.884	5	  40.624	  50.515	  79.453
44	 -38.868	4	  37.479	  36.232	  49.110
45	 -38.850	4	  41.246	  35.481	  56.854
46	 -27.091	3	  23.249	  69.810	  49.201
47	  -9.415	1	  19.246	  38.477	  66.868
48	  -9.281	1	  58.246	  59.477	  59.868
