1	-849.649	71	  24.294	  17.662	  56.996
2	-802.532	69	  33.117	  24.802	  23.205
3	-609.729	55	  22.262	  21.615	  36.222
4	-580.246	51	   3.174	  11.793	  19.331
5	-533.660	50	  47.302	  18.268	   6.623
6	-482.599	42	  20.869	  20.861	  14.943
7	-450.811	42	  16.186	  27.000	  43.800
8	-397.862	37	  42.342	   7.407	  19.451
9	-395.201	35	  15.571	  34.657	  39.152
10	-383.891	34	   3.729	  21.325	  45.203
11	-344.492	32	   1.059	  32.791	  30.737
12	-338.528	31	  27.471	  22.021	  19.974
13	-331.307	31	  35.623	  35.283	  24.599
14	-324.225	27	   9.909	  39.611	  31.900
15	-308.113	28	   8.864	  24.576	   2.583
16	-286.841	28	  -1.141	  18.218	  26.720
17	-269.004	25	  -1.697	  19.908	  10.189
18	-267.372	26	  20.183	  29.096	   7.371
19	-256.361	24	  32.488	  10.822	   9.906
20	-245.908	22	  49.878	   8.200	  13.599
21	-242.671	22	   4.983	  14.363	   1.695
22	-233.258	20	  43.575	  27.402	   8.861
23	-226.903	21	  46.149	  30.372	  19.473
24	-216.704	22	  18.426	  38.810	  16.815
25	-206.792	20	   5.566	  31.716	  40.508
26	-205.143	18	  41.737	  28.652	  29.730
27	-187.107	17	  -2.395	  26.993	  30.622
28	-185.961	18	  28.068	  29.399	  35.851
29	-185.313	17	  45.979	   7.681	  30.070
30	-184.267	17	  13.514	  18.531	   8.145
31	-183.012	17	  47.354	  25.476	  25.590
32	-171.730	16	  25.526	  42.940	  26.144
33	-158.069	16	  18.362	  15.792	  32.434
34	-152.264	14	  51.854	   8.557	  36.879
35	-148.081	14	  54.538	  10.733	  19.303
36	-134.877	13	  31.486	  18.183	   0.960
37	-134.417	13	  32.346	  35.412	  34.350
38	-118.045	11	   1.577	  27.921	   8.175
39	-116.299	11	  38.794	  14.910	  25.295
40	-114.173	11	  13.685	  18.219	  57.886
41	-114.032	11	   9.164	  24.737	  50.882
42	-106.608	10	  12.168	  13.740	  47.258
43	-105.201	10	  19.799	  25.926	  51.893
44	-100.759	10	  10.732	   9.456	  16.997
45	 -98.358	9	  56.366	  17.471	  34.165
46	 -96.444	10	   4.666	  37.812	  24.565
47	 -95.702	9	  34.256	   6.378	   2.255
48	 -92.923	9	  16.336	  13.616	  24.984
49	 -90.943	9	  10.995	  43.438	  42.987
50	 -78.332	8	  17.441	  13.282	  41.694
51	 -76.465	8	  58.787	  15.798	  20.420
52	 -73.797	7	   2.488	  47.406	  37.570
53	 -73.501	7	  -0.313	  32.384	  20.027
54	 -73.139	7	  26.466	  36.220	  14.745
55	 -71.523	7	   4.941	  35.750	  15.009
56	 -70.454	6	  32.024	  24.668	   9.243
57	 -69.755	7	  51.543	   2.412	  26.892
58	 -69.090	7	   2.482	  13.315	  40.715
59	 -62.012	6	  23.840	  42.406	  39.155
60	 -61.578	6	  32.469	  32.805	  12.121
61	 -57.614	6	  43.266	  21.315	  32.469
62	 -56.121	6	  43.091	  13.230	  -1.310
63	 -49.906	5	  19.690	  10.256	  56.855
64	 -45.007	4	  32.220	  14.273	  16.972
65	 -43.985	4	   9.949	  11.065	  33.451
66	 -40.582	4	  25.614	  11.982	  63.987
67	 -40.116	4	  59.916	   7.512	  32.268
68	 -37.667	4	  25.944	  20.086	   7.738
69	 -32.373	3	  27.982	  21.687	  29.682
70	 -32.024	3	   3.618	   7.632	  26.928
71	 -30.156	3	  27.630	  23.966	  55.373
72	 -29.105	3	  26.007	  23.593	  46.637
73	 -18.905	2	  55.189	  25.273	  22.987
74	  -9.441	1	  39.677	   3.273	   6.987
75	  -9.075	1	  -0.323	  11.273	   9.987
76	  -9.037	1	  -5.323	  40.273	  34.987
