1	-775.235	65	  -4.668	   2.229	  14.079
2	-688.478	62	   5.745	  -4.522	   5.177
3	-571.545	48	  11.307	  -0.025	  12.574
4	-529.432	45	   6.035	  -5.191	  24.615
5	-509.245	44	 -25.243	  -0.553	  31.670
6	-461.168	43	 -16.960	  -9.669	  37.157
7	-420.588	36	   3.739	 -11.693	  15.156
8	-406.892	35	 -25.776	   7.532	   5.893
9	-351.353	32	 -11.728	   6.534	  31.053
10	-327.620	32	 -11.622	  15.034	   8.996
11	-306.788	26	  -0.337	  10.659	  25.877
12	-301.452	27	 -11.051	 -19.132	  17.665
13	-295.080	28	 -24.248	 -12.305	  15.567
14	-264.794	26	 -27.203	  -4.350	  14.555
15	-243.674	23	 -18.722	   8.192	  33.530
16	-238.524	23	 -19.529	   0.567	  -2.789
17	-233.544	22	  -2.647	  -9.952	  30.982
18	-221.856	22	   3.548	 -12.087	   7.635
19	-168.141	15	  -7.744	  -5.666	  37.244
20	-164.657	15	  -3.927	   3.035	  35.225
21	-161.996	15	 -25.938	  13.189	  14.267
22	-159.129	12	  -7.352	 -10.503	  -3.007
23	-154.087	14	 -24.396	  -3.185	   4.330
24	-152.052	15	 -23.577	  10.147	  27.352
25	-150.907	14	   2.320	  -8.537	  -6.562
26	-143.356	14	  13.802	   1.594	  24.040
27	-136.982	13	  -4.804	  -4.393	  -7.564
28	-136.485	14	  -6.099	 -18.798	   4.650
29	-134.431	13	 -12.265	   8.254	  -3.248
30	-119.721	12	  -6.081	  21.054	  21.613
31	-111.013	11	 -18.571	 -14.660	   1.035
32	-108.091	11	 -17.056	 -14.492	  25.993
33	 -99.481	10	 -15.680	  19.997	  18.186
34	 -89.705	9	 -28.495	   5.114	  18.120
35	 -87.351	9	   2.083	   1.133	  -4.355
36	 -80.093	8	   7.480	   7.440	  20.510
37	 -76.821	8	   7.929	   4.300	  28.750
38	 -72.803	7	  -6.997	   6.852	   7.725
39	 -70.231	7	  -8.164	 -16.397	  33.402
40	 -66.621	6	   3.359	   5.332	  12.224
41	 -65.086	5	  -2.863	 -12.604	  22.785
42	 -58.072	6	 -15.351	  -8.466	  -5.502
43	 -50.714	5	  13.898	  -7.446	  19.227
44	 -49.234	5	  -6.125	   3.127	  -6.379
45	 -28.745	3	  -1.414	   4.683	   0.990
46	 -28.626	3	 -18.016	  -0.977	  41.343
47	 -27.917	3	 -19.391	 -20.999	   6.985
48	 -23.960	2	 -18.711	  11.844	  12.012
49	 -18.774	2	 -27.711	 -11.196	  22.495
50	 -10.401	1	 -24.711	  -9.679	  31.012
51	  -8.961	1	   0.289	  15.321	  16.012
