1	-755.616	61	  40.019	 -11.238	 -20.655
2	-731.966	60	  24.722	   3.909	 -31.372
3	-730.459	59	  25.119	   8.350	 -14.729
4	-665.457	57	  21.397	 -15.824	  -9.485
5	-566.861	51	   5.698	   9.100	 -17.735
6	-550.828	52	  11.025	  24.333	 -15.034
7	-524.079	47	  18.548	  -5.283	   4.158
8	-464.013	43	  28.033	  26.152	 -31.868
9	-450.863	41	  19.611	  35.573	 -10.939
10	-450.705	41	  27.702	  16.869	 -36.146
11	-442.270	39	  10.458	   6.958	  -6.113
12	-435.988	40	  37.561	 -13.568	 -12.299
13	-427.092	37	  34.358	  13.111	 -16.236
14	-353.135	30	  17.479	   9.807	 -31.407
15	-339.978	28	  48.106	  -4.855	 -15.342
16	-338.091	32	   7.596	  -9.768	 -20.460
17	-324.879	30	  45.250	  -5.284	  -6.354
18	-301.187	28	  48.599	  -5.398	 -25.916
19	-299.715	28	   4.610	  -4.508	   3.273
20	-288.728	26	  14.648	  33.793	 -19.360
21	-282.268	24	  23.587	 -13.371	 -26.856
22	-279.429	27	  11.158	 -10.791	   1.257
23	-276.779	26	  32.676	  22.300	 -24.134
24	-259.113	25	  30.731	 -19.549	 -23.978
25	-249.527	24	  37.989	  14.801	 -26.206
26	-248.100	24	  18.601	  19.564	  -8.687
27	-232.633	21	  28.965	  26.176	 -12.371
28	-231.189	21	  46.109	   3.895	  -7.930
29	-227.207	21	  27.845	  -9.415	 -32.306
30	-222.814	21	   5.417	  13.018	 -25.491
31	-212.035	20	  11.038	  -2.003	 -26.055
32	-203.168	19	  35.201	  -2.462	   0.944
33	-201.699	18	  38.398	 -10.649	  -1.011
34	-179.658	18	   9.594	  14.389	 -32.323
35	-157.820	15	  20.496	  29.158	 -38.620
36	-152.435	15	  13.139	  30.783	  -5.187
37	-149.867	15	  40.501	  21.013	   9.043
38	-147.284	15	  30.854	  13.638	  -8.116
39	-142.818	14	  36.681	  11.335	 -36.399
40	-141.223	14	   5.759	 -11.106	  -8.922
41	-139.726	14	   7.566	  26.830	 -28.331
42	-139.633	13	   0.776	   1.838	  -3.286
43	-138.520	13	  -1.775	  -5.456	  -7.120
44	-137.478	13	  43.863	   9.246	 -12.774
45	-137.089	13	  39.787	  -3.520	 -34.664
46	-130.323	13	  28.816	   2.993	  -2.654
47	-129.582	13	  30.367	  -5.957	   6.490
48	-121.802	12	  17.416	 -18.579	 -17.588
49	-112.482	11	  15.609	   2.751	  -0.012
50	-109.987	11	  28.273	  37.174	 -17.268
51	-102.622	10	  43.986	  10.266	 -22.841
52	 -99.794	10	  16.449	  36.397	 -28.300
53	 -95.757	9	  30.863	 -21.663	  -6.815
54	 -94.520	9	  19.253	  -5.524	 -31.442
55	 -86.683	8	  49.363	   3.799	 -19.220
56	 -84.765	8	  15.786	  19.767	 -36.821
57	 -76.268	7	  23.905	  36.052	 -30.868
58	 -70.462	7	  11.229	  26.009	 -36.799
59	 -69.802	7	  32.378	 -16.680	  -0.094
60	 -68.907	7	  20.463	   9.974	  -8.602
61	 -67.452	7	   1.894	   8.004	 -10.481
62	 -67.268	7	  22.907	  27.392	  -2.426
63	 -66.217	4	  31.054	   4.154	 -24.443
64	 -61.330	4	  19.242	  -2.490	 -16.928
65	 -58.490	6	  28.017	  20.508	  -1.796
66	 -56.945	6	  21.504	 -13.521	   5.051
67	 -54.334	5	   3.283	  20.980	 -21.103
68	 -49.480	5	  47.233	   5.057	 -30.803
69	 -49.178	5	  11.613	   4.582	 -30.496
70	 -38.365	4	  39.044	  10.117	  -6.398
71	 -36.768	4	  11.771	  15.672	  -8.682
72	 -29.303	3	  43.698	  15.129	  12.355
73	 -29.232	3	   3.044	  14.513	 -14.412
74	 -28.944	3	  39.690	 -11.532	 -32.242
75	 -28.454	3	  37.691	  19.576	   0.390
76	 -28.376	3	   3.717	   5.481	 -27.242
77	 -28.188	3	   2.735	  -1.871	 -23.594
78	 -28.178	3	  29.386	  35.812	 -25.569
79	 -21.672	1	  23.044	  10.154	 -21.928
80	 -19.990	2	  22.625	 -21.900	 -25.874
81	 -19.915	2	  32.519	  -2.470	 -37.928
82	 -14.676	1	  38.044	  -1.846	 -26.928
83	 -10.323	1	  28.044	  16.154	 -27.928
84	 -10.223	1	  37.044	 -24.846	 -14.928
85	  -9.164	1	  25.044	  -0.846	 -37.928
86	  -9.127	1	  10.044	  33.154	 -32.928
87	  -9.120	1	  14.044	 -17.846	  -8.928
