1	-698.982	64	   5.589	  -4.819	   4.824
2	-662.191	55	  -4.560	   1.784	  14.231
3	-559.657	48	 -25.311	  -0.604	  31.601
4	-494.019	39	  11.542	  -0.433	  13.274
5	-460.211	39	   6.372	  -5.268	  24.305
6	-431.186	37	   3.639	 -11.970	  15.111
7	-399.788	36	 -11.679	   6.508	  30.934
8	-361.037	30	 -25.795	   6.801	   5.914
9	-319.924	29	 -17.839	 -10.075	  35.862
10	-316.117	28	 -11.968	 -19.145	  17.552
11	-294.664	27	 -19.182	   8.636	  32.323
12	-286.532	27	 -11.763	  15.121	   9.210
13	-284.861	27	   3.454	 -12.833	   7.103
14	-282.294	27	 -24.382	 -12.207	  15.786
15	-260.609	26	 -27.323	  -4.775	  14.720
16	-258.890	25	   0.003	  10.996	  25.891
17	-249.810	24	 -19.848	   0.198	  -2.570
18	-211.460	20	  -2.476	  -9.919	  30.895
19	-194.738	19	 -25.046	  -3.215	   4.916
20	-187.733	15	 -11.017	 -10.043	  -3.479
21	-176.213	17	  11.600	   2.563	  25.698
22	-167.981	16	  -5.235	  20.595	  21.624
23	-161.925	15	   0.675	  -8.083	  -6.566
24	-149.964	14	 -25.838	  13.347	  14.228
25	-125.427	13	  -5.188	  -2.838	  39.030
26	-118.871	11	  -3.646	   3.057	  35.072
27	-111.692	11	 -20.222	 -14.121	   1.648
28	-108.117	11	 -16.578	 -14.778	  26.424
29	-106.773	11	   1.169	   1.755	  -3.350
30	-103.251	10	  -4.005	 -16.738	   2.069
31	 -99.529	10	  -8.162	   3.929	  -6.237
32	 -92.917	9	 -15.420	  20.143	  17.061
33	 -89.835	9	 -13.478	  -7.345	  41.128
34	 -89.784	9	 -28.178	   4.088	  18.241
35	 -85.068	8	   6.882	   7.486	  20.651
36	 -78.862	8	  -7.978	 -16.583	  32.900
37	 -77.566	8	  13.513	  -9.229	  18.029
38	 -74.017	6	  -2.859	 -12.523	  22.531
39	 -72.674	7	   3.215	   5.780	  12.719
40	 -69.327	7	  -6.744	   6.806	   8.139
41	 -60.877	6	 -13.255	   9.728	  -1.202
42	 -60.832	6	  -8.734	 -21.196	   7.503
43	 -52.210	3	 -18.718	  11.257	  11.711
44	 -50.430	5	 -27.126	   6.447	  27.005
45	 -41.196	4	  11.450	  -7.140	   8.269
46	 -20.685	2	 -12.718	 -17.176	  -0.975
47	 -19.714	2	 -27.718	 -11.229	  22.530
48	 -17.971	2	 -19.214	 -21.238	   7.032
49	 -12.036	1	 -16.718	  17.266	  24.025
50	 -11.659	1	  -9.718	 -13.734	  10.025
51	  -9.403	1	  -7.718	  15.266	  30.025
52	  -9.319	1	   8.282	  -8.734	  -7.975
53	  -9.222	1	  -1.718	  18.266	  15.025
54	  -9.185	1	 -18.718	  21.266	   9.025
55	  -9.183	1	 -25.718	  -9.734	  31.025
56	  -8.965	1	 -28.718	  -2.734	  22.025
