1	-1615.243	129	  64.960	  23.271	  14.232
2	-768.592	65	  66.630	  29.270	  29.403
3	-745.713	64	  56.914	  16.641	   8.850
4	-627.947	48	  57.174	  28.607	  22.918
5	-587.083	53	  62.539	  47.982	   6.030
6	-585.980	54	  73.285	  49.767	   5.266
7	-572.208	48	  92.299	  25.113	   6.921
8	-560.426	48	  70.468	  -6.147	   5.093
9	-557.599	50	  91.749	  32.100	  26.486
10	-548.603	51	  63.905	  16.518	  37.084
11	-520.695	46	  87.799	  40.967	  19.931
12	-494.011	45	  73.279	  -6.897	  26.262
13	-491.112	46	  90.938	  11.510	  27.438
14	-489.642	40	  88.074	  10.457	   6.377
15	-468.935	40	  89.448	  50.919	   4.443
16	-467.499	29	  70.553	  17.692	  30.818
17	-457.831	45	  57.835	  -5.299	  15.359
18	-441.329	41	  79.603	  21.800	  -0.976
19	-434.723	38	  92.314	  21.201	  22.229
20	-413.747	37	  52.058	  20.258	  21.364
21	-408.978	37	  73.041	  21.997	  39.956
22	-404.037	37	  50.412	  11.372	  15.109
23	-390.481	36	  78.677	  10.010	   0.027
24	-384.916	36	  68.002	  -3.224	  33.386
25	-382.754	38	  58.318	  46.593	  18.120
26	-376.746	35	  80.205	  -3.682	  29.815
27	-372.958	34	  69.132	   6.055	  -1.527
28	-358.342	33	  62.568	  17.406	   4.331
29	-344.980	32	  82.124	  45.788	  -6.443
30	-325.155	30	  74.657	  44.377	  21.002
31	-315.475	20	  59.715	  29.272	   7.442
32	-314.428	27	  77.906	  46.186	  13.788
33	-306.762	29	  52.462	  40.389	  16.471
34	-299.100	29	  92.282	 -11.421	  15.908
35	-296.084	29	  57.791	  -3.861	  26.646
36	-286.389	28	 105.600	  38.962	   6.046
37	-280.682	28	  49.956	  30.598	   4.631
38	-277.364	24	  48.768	  26.172	  12.885
39	-268.831	24	  85.634	 -19.414	   7.766
40	-256.487	18	  75.501	  32.665	  21.414
41	-255.730	25	  67.702	  43.381	  26.206
42	-251.705	23	  77.655	  40.755	  31.196
43	-248.498	24	  53.872	   1.634	   7.806
44	-245.445	24	  57.599	  12.275	  32.761
45	-240.855	21	  79.520	  -0.647	   1.440
46	-235.011	21	  67.208	  36.404	  31.201
47	-229.708	13	  73.782	  10.070	   6.173
48	-227.514	23	  84.930	   2.985	  34.652
49	-224.734	21	  68.933	  23.996	  -3.061
50	-219.585	16	  69.305	  18.799	  16.803
51	-219.201	21	 101.486	  44.307	   1.413
52	-219.117	20	  93.970	  12.921	  11.445
53	-214.200	21	  99.624	  40.496	  19.911
54	-213.308	21	  89.027	  22.540	  36.960
55	-212.980	21	  88.953	  -9.340	   6.518
56	-212.012	21	  73.745	  40.730	  -5.981
57	-205.822	20	  67.572	 -15.231	  12.037
58	-200.018	20	  54.604	  24.292	   3.237
59	-197.746	19	  79.067	 -13.660	   2.609
60	-195.206	18	  50.127	   1.182	  24.525
61	-192.226	19	  79.468	 -16.428	  20.868
62	-191.275	18	  52.838	   9.991	  26.535
63	-186.852	18	  81.016	  14.192	  40.616
64	-180.117	17	  64.518	  38.329	  -1.881
65	-168.111	16	  89.763	  37.983	  -6.453
66	-163.515	16	  94.073	   0.105	  11.406
67	-159.081	16	  73.958	  31.763	  38.708
68	-156.134	15	  59.054	  37.950	  25.892
69	-154.449	15	 100.677	  28.002	   7.863
70	-143.745	14	  65.296	   4.417	  36.995
71	-139.951	13	 102.062	  33.650	  16.786
72	-138.506	13	  99.354	  57.015	   6.702
73	-137.563	14	  92.169	  28.424	  33.258
74	-134.448	12	  84.468	  29.133	  -2.730
75	-128.947	12	  87.091	   0.749	   4.868
76	-128.818	12	  94.861	   7.527	  16.813
77	-124.231	13	  94.775	  20.620	  30.646
78	-112.093	11	  91.522	  -2.174	  23.375
79	-109.758	10	  73.363	  31.806	  -5.670
80	-103.852	10	  56.574	   6.007	  -0.929
81	 -98.485	10	  54.408	  21.436	  37.674
82	 -86.719	9	  96.958	  38.142	  -3.936
83	 -84.178	8	  60.580	  -2.294	   7.287
84	 -81.725	8	  87.506	  19.047	   0.390
85	 -75.841	8	  59.212	  29.549	  34.018
86	 -75.100	8	  88.728	  12.206	  36.268
87	 -71.685	7	  97.854	  52.305	  -0.669
88	 -69.000	7	 107.145	  50.980	   5.680
89	 -66.439	7	 106.411	  48.895	  15.113
90	 -66.148	7	  49.458	  47.859	   8.391
91	 -63.147	6	  54.718	  32.757	  -5.599
92	 -61.940	6	  46.887	  15.531	   7.063
93	 -57.976	6	  58.395	  52.859	  12.370
94	 -56.303	6	  92.853	  30.684	  -3.448
95	 -55.556	4	  77.186	  -2.094	  16.106
96	 -48.558	5	  74.134	 -19.294	   5.779
97	 -48.389	4	  90.902	  28.294	  19.778
98	 -48.056	5	  48.145	  38.866	  -1.457
99	 -47.743	5	 101.731	  24.178	  15.874
100	 -45.974	3	  85.405	   8.487	  14.590
101	 -43.289	4	  96.481	  54.372	  14.390
102	 -40.272	4	  87.452	  48.687	  12.101
103	 -38.575	4	  46.958	   5.214	  17.390
104	 -37.869	4	  69.415	  16.214	  -3.102
105	 -37.606	3	  83.974	  28.957	  39.273
106	 -29.430	3	  86.392	 -20.354	  19.655
107	 -29.343	3	  50.401	  23.481	  30.879
108	 -27.793	3	  88.076	  35.999	  33.702
109	 -27.041	3	  63.383	 -12.311	  25.057
110	 -22.477	2	  53.718	  44.203	   0.874
111	 -20.057	2	  87.814	 -12.361	  27.294
112	 -19.767	2	 100.218	  28.687	  23.890
113	 -19.324	2	  65.724	  55.681	  15.900
114	 -18.212	2	  59.718	  25.687	  -4.109
115	 -18.080	2	  61.704	   2.137	  -5.103
116	 -10.060	1	  55.718	   4.687	  32.390
117	  -9.397	1	  77.718	   3.687	  44.390
