1	-1522.927	123	  17.912	  52.733	  12.705
2	-1498.145	124	  25.801	  50.080	  -2.394
3	-1371.274	100	  31.394	  31.719	   5.732
4	-1135.446	92	  -0.145	  53.575	  -0.406
5	-822.834	73	  29.056	  48.506	  21.347
6	-775.201	68	  19.129	  58.001	 -12.141
7	-716.220	55	  31.153	  23.185	   6.218
8	-693.406	62	   4.085	  52.619	   4.487
9	-595.548	48	  -7.004	  48.876	  -0.436
10	-551.942	53	  32.930	  49.823	 -11.343
11	-510.581	44	  24.979	  51.144	  12.057
12	-475.298	41	  38.617	  57.335	 -13.976
13	-447.973	41	   3.509	  33.032	 -15.927
14	-445.256	41	  26.359	  15.786	  24.857
15	-432.606	43	  17.659	  60.382	  19.075
16	-429.292	38	  11.123	  24.511	  20.394
17	-420.076	37	  23.482	  37.354	  -2.566
18	-402.676	36	   9.297	  46.416	   9.615
19	-401.777	39	  15.863	  32.804	  -9.439
20	-378.396	36	  18.356	  42.179	  29.287
21	-375.868	36	   2.140	  40.926	  11.560
22	-371.512	35	  -9.214	  41.712	   5.860
23	-360.832	35	   7.185	  36.789	  15.519
24	-356.871	30	   9.493	  43.993	 -21.658
25	-345.394	31	  41.078	  24.150	  23.776
26	-332.959	31	  -9.832	  39.967	 -17.203
27	-332.766	30	  14.525	  58.246	   4.667
28	-331.317	31	  21.774	  28.290	  -5.723
29	-314.353	28	  36.204	  31.749	  28.566
30	-309.951	28	  -5.344	  61.457	 -17.373
31	-300.710	26	   1.160	  66.239	 -13.659
32	-292.640	28	  25.142	  18.006	  -0.414
33	-292.388	23	  18.847	  32.541	  28.010
34	-292.270	27	  19.220	  48.036	 -21.253
35	-283.339	26	  33.079	  45.731	   3.200
36	-281.294	25	  -6.963	  48.460	 -21.134
37	-276.614	25	  36.924	  41.196	   9.521
38	-260.773	24	  14.526	  55.335	 -20.353
39	-242.717	21	   2.051	  60.146	 -20.295
40	-240.690	23	  28.222	  41.291	  28.692
41	-236.712	19	  42.651	  33.970	  21.767
42	-229.381	21	  28.404	  41.027	  -7.767
43	-219.659	21	  26.436	  27.766	  30.580
44	-210.536	20	  16.960	  16.083	  16.694
45	-200.099	18	  38.286	  54.433	 -24.439
46	-193.890	19	 -13.350	  56.608	 -11.508
47	-192.008	18	   3.527	  62.030	  -2.747
48	-189.414	19	   2.396	  49.326	 -24.197
49	-184.485	16	   2.082	  29.866	   1.376
50	-179.414	15	  36.360	  40.937	  19.901
51	-177.162	16	  40.349	  49.248	 -17.185
52	-165.677	15	  10.234	  62.224	 -10.910
53	-158.225	15	  27.615	  60.643	 -10.869
54	-157.484	15	  27.257	  59.655	  21.734
55	-149.332	15	  -9.989	  65.720	  -8.311
56	-145.645	15	  30.666	  53.898	 -20.086
57	-143.710	14	  17.667	  39.091	 -21.626
58	-137.127	12	   8.564	  26.015	   4.682
59	-134.768	13	  11.365	  23.334	  -1.740
60	-133.004	12	  41.695	  30.032	  10.311
61	-111.101	11	  39.911	  17.051	  16.557
62	-107.029	11	  19.943	  20.237	  29.588
63	-103.139	10	  14.001	  17.602	   7.056
64	 -99.842	10	  -4.361	  33.232	 -11.144
65	 -97.628	9	  17.983	  70.153	  22.934
66	 -96.465	10	  -1.824	  40.578	 -24.545
67	 -91.872	9	  -5.237	  32.105	  -3.266
68	 -90.674	9	   9.877	  39.420	  26.533
69	 -85.855	9	  10.250	  51.749	  18.891
70	 -71.048	7	  33.931	  13.107	  20.728
71	 -70.421	7	  -4.320	  61.956	  -1.325
72	 -69.442	7	  34.872	  14.175	   9.965
73	 -68.310	7	  20.101	  58.990	  -0.660
74	 -67.498	7	  45.821	  22.102	  17.518
75	 -67.103	4	  18.393	  47.419	  19.981
76	 -64.013	4	  22.366	  47.874	 -11.761
77	 -60.846	6	  32.209	  60.088	  -3.352
78	 -57.848	6	  36.191	  47.458	  -4.489
79	 -55.895	6	  34.737	  16.872	  27.819
80	 -52.115	5	 -14.810	  50.863	  -4.335
81	 -48.764	5	  25.898	  11.011	  12.129
82	 -39.792	4	  12.838	  62.118	  -2.395
83	 -39.390	4	  47.548	  53.825	 -12.153
84	 -38.864	4	 -13.987	  50.746	 -17.688
85	 -38.387	4	 -14.709	  40.958	  -8.134
86	 -30.129	3	  -6.452	  70.723	 -13.454
87	 -29.982	3	  38.471	  18.818	   3.910
88	 -29.093	3	  -6.144	  50.698	  12.847
89	 -28.303	3	   3.939	  27.074	  -9.471
90	 -27.481	3	   9.548	  29.412	  27.840
91	 -19.455	2	  46.548	  23.877	   9.389
92	 -19.446	2	  32.030	  27.525	  -7.153
93	 -18.815	2	 -12.029	  55.522	   2.270
94	 -18.495	2	  35.531	  27.436	   0.338
95	 -18.382	2	  49.548	  29.910	  24.847
96	 -17.963	2	  10.548	  52.915	 -26.153
97	  -9.776	1	  -2.452	  54.419	   6.847
98	  -9.771	1	  18.548	  52.419	  28.847
99	  -9.766	1	  41.548	  58.419	  -6.153
100	  -9.672	1	   9.548	  34.419	 -23.153
101	  -9.360	1	  38.548	  54.419	   0.847
102	  -9.158	1	  46.548	  48.419	 -24.153
103	  -8.959	1	  47.548	  57.419	 -23.153
