1	-955.214	84	  -5.882	  37.333	  51.729
2	-952.618	78	  19.828	  28.524	  49.699
3	-641.551	55	  -1.126	  11.399	  43.608
4	-595.102	52	   2.231	  27.640	  62.782
5	-577.262	48	  -5.296	  19.824	  52.158
6	-508.831	43	  12.984	  38.804	  62.016
7	-387.345	30	  18.356	  44.637	  51.761
8	-386.060	33	  15.780	  53.799	  42.382
9	-379.769	34	  28.075	  24.216	  47.550
10	-345.011	32	 -13.003	  48.492	  35.893
11	-340.663	31	  -6.993	  49.319	  55.832
12	-338.155	32	 -14.055	  41.497	  48.984
13	-332.125	30	   5.720	  59.561	  47.205
14	-327.223	30	  16.770	  31.289	  42.881
15	-312.955	29	  -2.447	  33.801	  43.156
16	-286.513	27	   8.325	  49.046	  59.942
17	-285.336	26	  19.191	   9.951	  35.865
18	-284.161	25	  22.949	  17.676	  55.188
19	-275.170	27	  18.576	  34.575	  36.018
20	-255.430	23	 -12.237	  19.505	  37.210
21	-239.995	23	   8.253	  16.757	  60.651
22	-232.050	21	  27.238	  16.157	  34.902
23	-226.744	22	  -5.009	  29.707	  36.577
24	-221.220	19	  17.019	  42.096	  31.907
25	-216.935	20	  17.970	  46.832	  58.899
26	-214.541	19	  -3.870	  54.424	  34.453
27	-208.586	19	  -2.445	  18.139	  59.713
28	-194.936	18	 -15.090	  25.689	  45.425
29	-193.758	18	  -2.032	  15.311	  36.748
30	-193.110	17	  16.119	  49.639	  35.436
31	-185.623	18	  12.096	   7.258	  55.446
32	-183.657	16	  30.867	  15.779	  48.909
33	-182.654	15	 -15.620	  49.844	  49.235
34	-171.015	15	   9.661	   6.140	  48.274
35	-168.137	16	  16.776	  19.811	  32.648
36	-167.520	16	  -1.933	  45.572	  32.115
37	-166.306	16	   8.270	  54.753	  32.816
38	-165.890	16	  10.723	  26.594	  30.471
39	-165.797	16	  -3.076	  24.464	  31.933
40	-159.449	15	  -2.436	  37.595	  62.628
41	-152.395	14	  24.011	  46.102	  44.002
42	-149.038	15	 -24.138	  32.766	  30.629
43	-148.711	14	   1.562	   6.945	  52.696
44	-137.801	10	  21.165	  39.190	  41.429
45	-121.034	12	  34.186	   9.020	  41.291
46	-118.495	12	   2.821	  37.997	  30.470
47	-112.370	8	  -6.349	  25.043	  43.223
48	-107.661	10	   1.135	  58.447	  54.252
49	-104.817	10	   2.682	  44.469	  63.397
50	-102.703	10	   5.092	   9.924	  34.369
51	-101.247	10	  24.108	  23.565	  38.738
52	 -98.213	10	 -18.866	  56.195	  42.080
53	 -94.729	9	 -19.531	  37.654	  38.574
54	 -94.400	9	   3.527	  19.380	  30.759
55	 -92.882	9	  13.692	  58.699	  50.564
56	 -90.957	9	  13.072	  21.553	  63.663
57	 -82.336	7	   9.871	  45.180	  29.511
58	 -80.780	8	  20.503	  36.347	  60.268
59	 -68.094	7	  -7.230	  58.890	  50.397
60	 -58.831	6	  24.626	  28.438	  55.757
61	 -57.999	6	 -14.370	  16.424	  47.619
62	 -57.789	6	  17.617	  28.412	  62.940
63	 -55.623	5	  27.191	  41.594	  37.503
64	 -52.239	5	   8.347	  57.378	  56.869
65	 -51.390	5	  26.757	  38.746	  50.046
66	 -49.509	5	  24.894	   7.180	  48.793
67	 -47.944	5	  -8.945	  58.182	  41.646
68	 -47.849	5	 -13.580	  30.595	  36.911
69	 -46.739	5	   7.203	  30.382	  66.280
70	 -40.512	4	  -8.888	  41.341	  39.546
71	 -39.695	4	  -5.393	  29.335	  61.019
72	 -30.250	3	 -19.086	  38.594	  27.955
73	 -28.620	3	 -12.051	  29.915	  55.613
74	 -20.581	2	   6.234	   4.134	  41.582
75	 -20.447	2	 -22.966	  25.756	  37.280
76	  -9.169	1	  -0.385	  52.594	  60.280
77	  -8.932	1	 -28.385	  40.594	  35.280
