1	-1598.202	140	  13.336	  47.748	  14.758
2	-1374.572	121	  62.935	  31.425	  15.098
3	-1328.530	108	  41.745	  44.193	  21.234
4	-1044.580	91	  34.628	  31.758	  20.658
5	-1031.608	79	  38.243	  39.301	  24.463
6	-881.249	70	  37.696	  39.531	   6.613
7	-631.825	55	  54.550	  46.501	   3.466
8	-631.282	54	  59.135	  30.842	   3.274
9	-625.483	52	  17.453	  49.782	   4.624
10	-563.980	52	  14.507	  50.734	  25.874
11	-514.130	48	  71.908	  53.288	  11.252
12	-480.394	47	  59.339	  56.125	  15.679
13	-454.815	39	  23.001	  34.257	   1.926
14	-428.362	40	  24.091	  25.439	  25.539
15	-409.224	39	  52.441	  51.362	  28.382
16	-405.044	33	  10.453	  42.207	  22.504
17	-403.788	39	  38.120	  33.541	  28.541
18	-393.154	33	  43.206	  43.989	  13.769
19	-378.726	35	  13.212	  25.533	   7.762
20	-368.821	34	  62.076	  26.699	  23.557
21	-362.645	34	  18.747	  48.224	  35.116
22	-353.018	29	  53.509	  25.093	  20.640
23	-350.496	33	  56.885	  27.211	  34.509
24	-339.237	28	  23.646	  51.891	  21.671
25	-335.411	32	  64.586	  53.361	   7.333
26	-334.216	32	   3.278	  27.310	   8.260
27	-328.809	31	  73.334	  29.584	  18.736
28	-326.118	27	  68.098	  36.567	  24.664
29	-304.465	27	  15.109	  39.499	  37.692
30	-299.358	28	  50.949	  51.101	  20.251
31	-299.124	27	  73.293	  35.683	   8.226
32	-290.969	21	  32.783	  35.121	  12.944
33	-287.388	27	  24.166	  26.200	  18.206
34	-275.909	25	  28.157	  30.755	  32.047
35	-268.056	24	  61.274	  36.472	  37.949
36	-264.447	26	  64.439	  29.414	  30.038
37	-241.026	20	   4.715	  22.624	  16.404
38	-225.383	21	  43.886	  39.718	   1.701
39	-222.466	22	  42.234	  49.576	   9.509
40	-209.176	20	  69.173	  52.524	  28.810
41	-207.466	20	  37.949	  30.349	  10.670
42	-189.486	18	  62.256	  40.083	  -3.466
43	-188.772	19	  25.204	  45.679	  -2.205
44	-185.547	18	  13.120	  35.705	  -3.528
45	-182.510	18	   3.742	  49.426	  20.445
46	-175.505	17	  66.614	  42.078	  33.680
47	-164.974	13	  46.383	  45.240	  31.804
48	-164.657	16	  12.200	  26.323	  32.861
49	-159.137	16	  15.988	  21.052	  14.433
50	-154.306	16	  51.858	  25.081	  11.900
51	-142.860	14	   2.439	  42.273	   6.713
52	-139.048	13	  47.950	  28.550	  32.740
53	-138.928	14	  62.820	  47.538	  -1.554
54	-136.095	13	  29.377	  46.591	  33.579
55	-132.598	13	   9.039	  36.593	  31.643
56	-122.850	12	   5.416	  24.528	  25.245
57	-121.025	12	  50.547	  37.031	  -1.831
58	-119.809	12	  31.821	  41.628	   1.022
59	-114.787	11	  18.967	  28.564	  37.796
60	 -98.216	9	  12.387	  46.728	  -1.689
61	 -97.485	9	  70.126	  58.040	  18.863
62	 -93.622	9	   9.473	  28.077	   0.932
63	 -93.510	9	  32.444	  52.779	  19.978
64	 -83.663	8	  32.077	  37.398	  32.941
65	 -82.178	8	  46.808	  28.440	   5.072
66	 -79.732	8	  56.572	  47.283	  39.368
67	 -79.576	8	  25.733	  53.077	  13.292
68	 -75.773	8	  51.400	  19.971	  29.667
69	 -72.760	7	  61.706	  59.070	  25.770
70	 -69.575	7	   2.953	  39.353	  25.176
71	 -69.520	7	  29.956	  28.254	   6.540
72	 -69.338	7	  30.063	  51.359	   6.824
73	 -69.238	7	  -0.835	  35.090	   6.488
74	 -67.683	7	   8.691	  45.661	  29.209
75	 -61.320	6	  44.901	  24.771	  17.271
76	 -59.660	6	  48.573	  39.591	  37.444
77	 -59.434	6	  14.120	  17.938	  22.288
78	 -57.471	5	  43.687	  37.902	  32.322
79	 -49.325	5	  77.446	  39.922	  16.354
80	 -44.968	3	  16.626	  40.302	  15.773
81	 -37.333	4	  25.238	  56.064	  31.543
82	 -31.220	3	  75.138	  45.176	   2.540
83	 -28.552	3	  -0.764	  38.166	  16.133
84	 -19.342	2	  62.255	  52.572	  35.278
85	 -18.424	2	  52.255	  28.578	  -2.227
86	  -9.064	1	  53.255	  54.077	   4.773
