1	-1413.685	116	  16.239	  35.375	  18.409
2	-1079.932	97	  16.968	  23.539	  26.375
3	-1042.241	95	  12.756	  25.833	  32.362
4	-944.508	82	  21.603	  28.369	  16.910
5	-920.541	80	  24.618	  28.888	  56.040
6	-795.859	74	  16.845	  43.302	  14.541
7	-787.194	68	   5.812	  36.706	   9.503
8	-729.740	56	  38.307	  37.041	  32.602
9	-701.024	62	   5.380	  35.622	  37.544
10	-700.776	51	  21.017	  32.790	  26.037
11	-592.504	47	  15.106	  26.169	  44.650
12	-576.870	51	  42.142	  26.659	  46.671
13	-574.628	49	  12.384	  34.686	   3.754
14	-556.094	50	  22.246	  51.310	  23.733
15	-530.896	45	  13.163	  48.758	  38.692
16	-444.485	39	   6.214	  13.923	  19.484
17	-444.273	42	  37.594	  47.918	  14.840
18	-424.469	40	  36.019	  44.911	  32.912
19	-407.675	37	   5.626	  45.806	  42.823
20	-369.631	35	  22.118	  36.284	  -3.859
21	-362.365	33	  27.114	  45.855	   3.224
22	-356.109	34	  24.360	  17.538	  44.939
23	-337.007	30	  36.870	  24.368	  56.835
24	-332.827	30	  26.240	  46.358	  33.298
25	-323.077	30	  -1.983	  24.363	  25.028
26	-321.638	29	  -4.224	  37.988	  12.731
27	-318.834	30	   8.641	  35.426	  48.669
28	-315.868	26	  18.626	  49.857	  33.973
29	-300.088	27	  29.328	  28.332	  -0.383
30	-298.514	28	  46.729	  30.158	  20.632
31	-285.790	26	  -7.974	  50.829	  28.729
32	-284.156	26	  25.437	  17.688	   4.440
33	-279.603	28	  18.157	  16.095	  28.068
34	-270.498	24	  33.761	  27.362	  18.865
35	-268.613	23	  -3.873	  28.214	  11.215
36	-258.673	24	  46.789	  28.217	  40.944
37	-257.850	23	  17.531	  42.589	   5.279
38	-252.809	24	  36.571	  19.069	  37.260
39	-250.000	23	  41.232	  38.210	  13.440
40	-249.046	23	   9.982	  24.278	  -4.058
41	-232.815	21	  -2.951	  37.260	  36.898
42	-223.950	22	   2.163	  20.546	  -0.244
43	-207.533	20	  42.146	  21.544	  32.367
44	-207.397	20	   8.465	  51.584	  19.345
45	-205.940	18	  16.128	  31.931	  -2.046
46	-203.052	18	  40.703	  25.357	  21.197
47	-181.606	18	  21.319	  25.422	  -5.522
48	-180.077	17	  39.652	  35.008	  59.468
49	-171.588	15	  39.101	  39.013	  43.458
50	-152.821	15	  16.496	  15.231	  -0.046
51	-151.110	14	  20.871	  13.753	  16.708
52	-150.367	15	  19.445	  48.811	  47.809
53	-148.959	15	  16.337	  40.212	  55.267
54	-142.672	14	  57.087	  31.922	  27.267
55	-142.053	13	  -7.977	  36.138	  24.502
56	-131.426	13	   2.513	  55.551	  25.316
57	-127.940	12	  28.399	  53.119	  17.144
58	-125.921	13	 -11.045	  31.608	  17.682
59	-124.815	12	  -3.370	  52.669	  39.256
60	-124.029	9	  38.233	  29.956	  29.888
61	-121.188	12	  43.087	  44.268	  25.939
62	-119.568	12	  24.481	  12.319	  35.089
63	-118.445	11	  53.356	  25.342	  31.329
64	-114.260	11	  25.998	  47.726	  54.093
65	-112.590	11	  22.180	  21.599	  19.417
66	-111.920	10	  32.632	  20.934	  27.559
67	-102.071	10	  12.086	  22.150	  51.316
68	 -99.836	10	   9.243	  15.833	  29.982
69	 -89.900	8	 -10.208	  41.797	  34.308
70	 -88.605	9	  35.650	  43.041	  58.090
71	 -88.470	9	  61.794	  32.959	  34.828
72	 -87.431	9	  37.551	  39.778	   3.955
73	 -83.150	6	  27.323	  43.074	  44.128
74	 -81.955	8	  13.439	  21.520	  39.271
75	 -81.442	8	  10.529	  55.771	  34.779
76	 -80.357	8	  13.054	   7.502	  14.656
77	 -78.660	8	  54.144	  33.364	  40.410
78	 -76.300	5	  17.551	  45.224	  23.644
79	 -75.172	7	   9.842	  10.481	   4.002
80	 -68.546	7	  29.046	  24.781	  15.172
81	 -61.910	6	  35.209	  19.414	  47.140
82	 -61.792	6	   4.752	  28.285	  33.156
83	 -59.198	6	  -9.605	  44.736	  43.044
84	 -58.987	6	  17.999	   9.426	   8.872
85	 -58.879	6	  37.737	  29.946	   8.942
86	 -56.458	6	  50.215	  38.730	  24.764
87	 -54.631	5	  43.126	  34.586	  51.446
88	 -54.125	5	  -3.122	  45.647	  15.139
89	 -50.077	3	  36.755	  34.947	  21.002
90	 -49.855	5	   5.672	  10.106	  11.439
91	 -40.847	4	  21.808	  51.187	  11.347
92	 -40.488	4	 -10.629	  50.767	  37.950
93	 -38.590	4	  -0.416	  58.243	  32.185
94	 -38.418	4	  26.835	  37.468	  63.170
95	 -37.357	3	   7.852	  44.730	  12.793
96	 -27.048	3	  33.551	  23.730	   7.754
97	 -21.235	2	  30.044	  13.730	  28.903
98	 -20.465	2	  18.068	  15.730	  49.927
99	 -20.035	2	  47.551	  39.730	  36.857
100	 -19.271	2	  26.225	  17.800	  52.945
101	 -19.090	2	  17.551	  25.221	  57.410
102	 -17.984	2	  -2.449	  25.734	   3.410
103	  -9.934	1	  -5.449	  21.730	  18.410
104	  -9.549	1	  42.551	  42.730	  53.410
105	  -9.191	1	  32.551	  50.730	  44.410
106	  -9.087	1	  58.551	  26.730	  40.410
