1	-633.901	58	   5.354	  10.497	 -20.409
2	-606.367	51	  20.377	 -15.504	 -10.534
3	-604.314	57	  39.561	 -11.134	 -15.378
4	-596.448	46	  39.395	 -12.060	 -22.534
5	-542.497	51	  37.173	  -5.763	  -0.201
6	-523.037	47	  18.364	  -5.545	   4.190
7	-501.019	39	  23.796	   1.666	 -30.965
8	-489.254	45	  24.515	 -12.202	 -28.510
9	-467.441	42	  21.154	  35.278	 -10.608
10	-466.680	34	  25.491	   5.273	 -15.095
11	-460.802	42	  12.035	  24.382	 -15.020
12	-445.935	40	  10.313	   7.054	  -6.229
13	-427.515	37	  48.904	  -3.134	 -16.378
14	-411.221	38	  45.977	  -4.733	  -6.738
15	-409.442	34	  17.189	  10.684	 -31.635
16	-407.512	37	  26.989	   9.797	 -33.919
17	-406.561	36	  27.608	  26.837	 -31.597
18	-397.032	36	  14.552	  34.673	 -19.883
19	-380.650	33	  37.228	  11.375	 -15.359
20	-367.223	35	  26.733	  14.400	 -15.509
21	-340.593	32	  28.798	  19.227	 -36.568
22	-312.291	30	  32.752	  22.310	 -24.666
23	-267.197	25	  11.007	 -10.479	   1.279
24	-259.612	24	  32.675	 -17.727	 -25.522
25	-253.184	23	   3.802	   0.149	  -0.674
26	-249.680	24	  11.173	  -3.250	 -25.807
27	-226.993	22	  38.414	  15.738	 -29.110
28	-217.105	21	  45.703	   8.353	 -24.833
29	-210.787	20	   8.043	 -12.724	 -18.051
30	-203.108	19	   3.595	  -7.510	   5.122
31	-186.609	19	   7.670	  26.883	 -29.006
32	-184.236	18	   5.339	 -10.875	  -8.904
33	-156.293	16	   9.599	  13.146	 -31.711
34	-151.680	15	  29.311	  36.889	 -19.570
35	-148.926	14	  12.284	  31.797	  -6.283
36	-146.036	15	   5.451	  22.434	 -17.964
37	-145.761	13	  28.511	  24.363	  -9.734
38	-144.309	14	  38.398	 -16.307	  -8.315
39	-136.636	13	  39.888	  -4.328	 -35.060
40	-121.265	12	  29.382	   3.316	  -3.269
41	-119.418	12	  40.255	  21.145	   8.362
42	-110.087	11	  17.614	  20.370	  -7.831
43	-104.967	10	  -1.889	  -5.790	  -7.026
44	-103.795	10	  22.720	 -13.009	   4.675
45	-100.962	10	  20.912	  27.258	 -39.502
46	 -99.331	9	  15.536	   2.528	  -0.127
47	 -95.214	10	  31.254	  13.686	  -8.486
48	 -83.909	8	  44.892	   5.676	  -8.153
49	 -81.536	8	  23.924	  37.235	 -30.647
50	 -79.899	8	   4.916	  -7.301	 -22.717
51	 -78.678	7	  25.253	 -21.614	 -11.528
52	 -78.479	8	  15.578	  21.633	 -37.652
53	 -78.126	5	  19.240	  -2.464	 -16.878
54	 -74.592	7	  30.087	 -21.053	  -6.319
55	 -69.607	4	  31.129	   4.016	 -24.721
56	 -66.743	7	   1.321	   7.221	  -9.852
57	 -61.809	6	  29.667	  -4.769	   6.979
58	 -59.585	6	  29.442	 -24.066	 -20.192
59	 -58.367	6	  20.371	   9.507	  -7.800
60	 -53.024	5	  33.488	 -16.752	  -0.236
61	 -53.011	5	  20.023	 -15.919	  -3.034
62	 -50.793	5	  18.666	  -6.549	 -31.026
63	 -50.714	5	  36.067	 -25.106	 -14.784
64	 -50.680	5	  39.690	 -11.842	 -32.687
65	 -50.636	5	  16.278	  36.672	 -29.744
66	 -50.466	5	  11.608	   4.856	 -30.592
67	 -50.122	5	  36.635	  10.480	 -36.604
68	 -48.963	5	  17.045	 -19.734	 -19.842
69	 -48.321	5	  47.598	  -8.816	 -26.559
70	 -43.847	4	  51.052	  -1.248	 -24.483
71	 -32.741	2	  28.052	  16.686	 -27.459
72	 -32.371	2	  23.052	  10.563	 -22.336
73	 -29.478	3	  44.052	  15.590	  11.347
74	 -28.195	3	   0.709	   2.200	 -20.708
75	 -19.688	2	  10.052	  17.755	  -9.021
76	 -18.843	2	  32.538	  -5.752	 -38.021
77	 -18.829	2	  38.550	   9.245	  -5.018
78	 -18.819	2	  38.052	  16.723	  16.979
79	 -10.252	1	  21.052	 -20.752	 -27.021
80	 -10.063	1	   9.052	  34.248	 -25.021
81	  -9.440	1	  22.052	  26.248	 -22.021
82	  -9.092	1	  37.052	  22.248	  -1.021
83	  -8.921	1	  38.052	  15.248	   2.979
