1	-840.802	67	  24.577	   3.573	 -31.301
2	-699.613	57	  20.677	 -15.180	  -8.833
3	-624.088	51	  39.744	 -11.628	 -21.613
4	-528.353	48	  18.581	  -5.366	   4.190
5	-520.523	49	  28.089	  27.088	 -31.782
6	-500.696	37	  25.532	   5.293	 -15.093
7	-490.853	46	  12.003	  24.568	 -14.700
8	-446.005	39	  35.573	  12.427	 -16.111
9	-419.156	38	  28.234	  18.415	 -36.346
10	-414.684	38	   4.761	   9.136	 -17.152
11	-390.522	35	  18.264	   9.670	 -31.740
12	-383.478	34	  10.399	   7.345	  -6.595
13	-382.540	36	  38.115	 -12.387	 -14.307
14	-371.464	33	  14.921	  34.911	 -18.969
15	-323.319	27	  24.726	 -13.552	 -26.688
16	-321.394	31	  11.042	 -10.624	   1.119
17	-316.553	30	   4.779	  -4.601	   3.518
18	-313.968	30	  36.611	  -2.488	   0.324
19	-311.444	29	  45.186	  -5.243	  -5.709
20	-288.907	28	  32.907	  22.447	 -24.104
21	-276.658	27	  21.178	  36.462	  -9.098
22	-274.938	25	  24.969	  13.556	 -15.045
23	-269.376	23	  48.283	  -5.189	 -15.684
24	-259.743	24	  10.755	  -2.544	 -25.734
25	-236.995	24	  31.610	  13.732	  -8.181
26	-232.483	22	  28.053	  -9.570	 -32.468
27	-217.969	20	  48.600	  -5.968	 -25.814
28	-214.889	21	   5.672	  12.933	 -25.209
29	-214.129	20	  31.269	 -18.981	 -24.910
30	-213.181	19	   9.482	 -12.504	 -18.136
31	-191.324	16	  27.830	  28.304	 -14.050
32	-182.994	17	  19.248	  19.519	  -8.633
33	-181.120	18	  45.448	   8.886	 -22.793
34	-180.702	17	  38.339	 -10.641	  -0.545
35	-173.037	17	  38.357	 -16.648	  -8.106
36	-170.293	16	  12.124	  19.049	 -34.424
37	-169.626	17	  29.256	   3.640	  -3.282
38	-160.310	15	  38.384	  14.811	 -26.777
39	-158.351	15	   0.727	   1.831	  -3.334
40	-151.822	15	  21.287	  28.430	 -39.059
41	-146.941	15	  11.539	   9.632	 -32.180
42	-142.362	14	  -1.561	  -5.241	  -7.917
43	-139.993	14	   4.592	  22.019	 -17.919
44	-123.472	12	  15.891	   2.814	  -0.132
45	-119.483	12	   7.662	  27.019	 -28.646
46	-114.726	11	  32.156	 -16.401	   0.234
47	-111.652	11	  43.413	   9.159	 -13.422
48	-108.630	11	  40.087	  21.396	   8.539
49	-108.306	11	  36.173	  10.383	 -36.485
50	-102.710	10	  14.136	  30.993	  -4.166
51	-102.256	10	   8.571	 -11.548	  -6.527
52	 -99.994	10	  42.635	   6.271	  -4.696
53	 -98.940	10	  41.493	  -3.962	 -34.393
54	 -95.706	9	  16.117	  36.649	 -29.474
55	 -93.439	9	  20.826	  26.744	  -1.250
56	 -91.903	9	  30.323	  22.887	  -8.802
57	 -91.882	9	  29.369	  36.977	 -17.533
58	 -91.502	9	   5.003	  -7.671	 -22.359
59	 -89.438	9	  23.701	  37.080	 -30.936
60	 -82.343	8	  30.937	 -21.803	  -6.318
61	 -81.816	8	  19.029	  -5.591	 -31.737
62	 -80.342	8	  17.750	 -18.944	 -17.400
63	 -79.254	7	  25.213	 -21.754	 -11.783
64	 -69.178	7	  20.548	   8.890	  -8.438
65	 -66.453	4	  31.230	   3.964	 -24.730
66	 -63.987	4	  19.356	  -2.424	 -17.043
67	 -63.755	6	  29.466	  -4.482	   6.957
68	 -62.094	6	  49.943	   1.712	 -18.537
69	 -60.552	6	  47.613	   6.117	 -28.982
70	 -48.330	5	  28.677	  20.451	  -1.708
71	 -40.372	4	  20.713	 -13.963	   4.717
72	 -39.538	4	  37.130	 -24.273	 -14.503
73	 -39.244	4	   2.213	 -12.031	 -13.460
74	 -38.694	4	  14.094	  30.562	 -38.083
75	 -29.071	3	  10.459	  17.548	  -9.043
76	 -29.059	3	  37.534	  20.087	  -0.331
77	 -29.030	3	  29.782	  35.570	 -25.005
78	 -27.195	3	   0.467	   1.894	 -20.711
79	 -24.370	1	  23.130	  10.222	 -22.043
80	 -19.877	2	  41.277	   3.295	 -36.506
81	 -19.131	1	  28.130	  16.222	 -27.043
82	 -18.767	2	  42.623	  12.217	  11.455
83	 -10.566	1	   3.130	  15.222	 -13.043
84	  -9.586	1	  32.130	  -4.778	 -38.043
85	  -9.015	1	  19.130	  -2.778	  -5.043
86	  -8.922	1	  36.130	  30.222	 -22.043
87	  -8.911	1	   4.130	   5.222	 -27.043
