1	-1116.370	90	  43.827	  -2.831	 -24.937
2	-1111.052	88	  -5.691	   3.420	  35.302
3	-1106.890	80	   5.210	  20.408	  31.918
4	-1098.359	81	  30.894	 -18.414	 -20.658
5	-848.902	62	  -6.902	  10.988	  23.577
6	-842.436	69	  40.486	  -5.272	  -9.167
7	-823.099	73	  28.506	  17.747	 -16.533
8	-810.416	70	  16.416	 -10.898	  23.164
9	-747.146	70	  61.947	 -18.645	  -6.414
10	-720.766	62	  13.912	   3.325	  13.086
11	-704.789	52	   2.292	  10.485	  31.170
12	-649.926	58	  14.527	 -20.053	 -24.757
13	-619.425	44	  -3.237	  15.219	  36.271
14	-618.018	53	  14.984	 -18.364	  38.809
15	-610.954	56	  45.575	 -10.047	  -4.127
16	-607.973	48	  42.569	 -21.506	 -49.038
17	-606.890	45	  40.167	  -8.911	 -16.857
18	-604.236	53	 -30.471	  13.967	  40.494
19	-584.964	54	  10.795	  28.436	   2.337
20	-582.678	53	  50.756	 -32.203	 -23.411
21	-582.648	42	  33.241	  -7.991	 -22.753
22	-575.909	53	   5.058	  -1.454	   7.789
23	-573.301	53	  -6.497	  10.020	  14.528
24	-571.169	54	  46.043	 -14.860	   5.774
25	-562.186	51	  44.079	  27.955	 -20.270
26	-558.721	47	  64.539	 -22.831	 -26.742
27	-552.614	47	  20.468	  28.476	   7.827
28	-531.248	49	 -36.118	  -4.150	  39.261
29	-523.684	51	  21.514	  12.276	  53.083
30	-508.248	43	  35.234	 -41.919	  -2.309
31	-507.195	44	  -3.050	  33.469	   1.332
32	-503.577	45	  60.313	   6.465	 -24.808
33	-502.064	45	  21.664	   5.182	  22.789
34	-493.967	45	 -12.214	 -14.119	  31.732
35	-485.565	46	  33.312	 -25.355	 -48.349
36	-482.334	42	  54.825	 -25.619	 -10.565
37	-467.064	42	  57.973	 -10.429	 -40.801
38	-460.185	42	  29.485	 -23.295	  13.288
39	-450.061	37	 -25.558	  -5.198	  52.593
40	-448.791	40	 -14.290	  13.121	  21.378
41	-439.998	43	  36.402	 -34.209	   5.806
42	-434.106	37	  23.791	  15.479	  37.493
43	-433.444	34	  -5.754	  34.879	  29.542
44	-432.836	29	  45.210	 -19.122	 -38.429
45	-428.355	39	   8.580	 -12.760	  41.954
46	-427.434	38	   8.112	  33.584	  40.530
47	-416.610	38	  -3.119	  12.557	   3.565
48	-415.393	29	  14.358	   2.140	  42.069
49	-415.321	38	  -5.008	  14.216	  51.612
50	-414.362	29	  40.226	 -14.230	 -23.211
51	-404.144	39	 -14.434	  27.788	  32.298
52	-403.947	36	  34.312	 -37.011	 -27.613
53	-401.579	36	  65.387	 -14.131	 -41.437
54	-397.277	31	  20.075	   2.641	  52.069
55	-396.583	37	  35.829	  -8.302	   2.942
56	-390.217	35	   3.553	   3.126	  49.619
57	-387.827	36	  27.443	  -1.833	 -35.883
58	-383.295	35	  35.680	   1.356	  -4.570
59	-381.549	34	 -25.533	   6.890	  19.523
60	-380.839	35	  43.464	  10.547	  -2.958
61	-377.396	34	  38.700	   0.129	 -36.564
62	-375.501	35	  -2.993	 -20.281	  29.140
63	-367.706	33	  -5.006	   3.224	  48.173
64	-365.365	32	   5.039	  18.120	   0.740
65	-365.330	34	  15.962	  30.082	  32.442
66	-364.483	34	  50.049	  14.872	  -5.177
67	-356.068	33	  73.033	 -18.392	 -25.893
68	-345.492	32	 -21.030	  16.233	  21.137
69	-345.191	31	  15.788	 -20.761	  -1.265
70	-343.237	32	  -7.915	 -10.409	  48.413
71	-341.277	32	  67.994	  -0.813	 -27.733
72	-340.597	32	  14.078	 -20.107	  20.713
73	-340.467	31	  59.268	  12.783	 -18.042
74	-337.814	32	  21.375	  -1.562	 -11.963
75	-336.013	29	  37.501	 -32.574	 -34.728
76	-333.111	31	   2.678	  36.415	  45.953
77	-329.607	32	 -28.347	 -11.222	  34.990
78	-329.341	32	 -19.971	  -9.503	  16.277
79	-327.156	32	  22.856	  11.826	 -26.563
80	-325.978	30	  20.171	  -3.916	  46.399
81	-324.761	32	  24.385	 -31.180	 -25.597
82	-322.348	27	  38.760	  -8.188	 -40.612
83	-312.572	28	  74.009	  -9.016	 -31.289
84	-309.638	28	 -28.041	  -1.461	  19.643
85	-308.791	29	  53.878	  21.860	 -21.753
86	-303.136	27	   3.816	  -7.148	  47.941
87	-302.123	24	  48.885	 -28.089	 -56.347
88	-300.126	29	  32.951	  -8.441	  29.838
89	-299.497	27	  67.601	 -12.733	 -18.352
90	-298.358	27	  42.697	 -26.814	   8.423
91	-296.901	27	  48.093	 -44.203	  -1.523
92	-296.419	28	 -13.805	  22.771	  48.225
93	-294.109	26	  -0.928	  40.965	  19.939
94	-293.221	23	  19.560	 -11.688	  -8.892
95	-291.783	27	  50.277	   0.934	   2.877
96	-290.355	28	 -11.391	  18.086	  12.893
97	-290.179	28	  14.379	 -21.412	 -15.482
98	-285.139	25	 -20.493	 -12.693	  27.879
99	-283.243	27	  60.844	   8.875	  -8.120
100	-273.808	25	  40.848	 -12.399	 -46.484
101	-273.449	22	  34.433	  18.177	 -38.413
102	-271.399	26	 -35.996	   5.370	  28.138
103	-268.885	25	  61.529	 -36.878	 -38.008
104	-268.369	25	  39.741	  23.392	  -8.899
105	-267.823	24	  21.003	 -23.945	 -45.295
106	-267.582	26	  46.177	  23.026	 -34.984
107	-263.383	25	  11.004	 -13.932	 -33.012
108	-262.660	23	   8.528	  -9.574	  15.415
109	-262.354	20	  29.802	  -3.966	  53.226
110	-260.118	26	  23.865	  15.898	   0.878
111	-258.285	24	  26.313	  19.115	  30.256
112	-256.891	23	   5.978	 -24.347	  27.425
113	-253.376	17	  21.493	 -10.212	  34.189
114	-251.874	17	  60.136	 -25.042	 -37.730
115	-250.187	25	  15.243	  -3.312	 -33.040
116	-250.049	22	   3.186	  -9.710	   6.992
117	-247.448	21	  41.010	 -18.184	  13.186
118	-242.844	23	  16.622	   6.127	   4.064
119	-242.189	22	  17.762	  23.441	  55.443
120	-238.482	22	 -23.235	   3.506	  58.481
121	-236.292	23	  24.721	 -15.074	  46.143
122	-235.078	24	  27.428	  12.869	  22.892
123	-234.732	21	  49.327	  -5.555	 -42.910
124	-232.443	22	 -17.951	  -5.983	   8.476
125	-232.098	21	  -9.663	  31.531	  10.186
126	-227.597	22	   3.525	  37.392	  32.994
127	-227.060	23	 -32.078	   5.857	  53.581
128	-222.866	21	  29.577	 -28.019	 -38.922
129	-221.762	21	 -16.068	  24.420	  21.334
130	-220.544	21	  20.882	 -30.113	 -19.213
131	-220.299	20	  61.949	   3.568	 -35.858
132	-214.438	19	  27.110	 -13.901	   7.265
133	-213.735	21	 -10.322	  15.584	   3.491
134	-212.805	20	  28.765	 -37.932	 -19.186
135	-211.725	21	  35.998	  13.786	  -5.199
136	-209.910	20	  53.126	   4.651	 -39.847
137	-209.669	20	  60.522	   3.323	  -0.383
138	-207.170	20	  31.078	  26.271	 -31.295
139	-206.036	17	  -5.783	  20.842	  -1.606
140	-204.906	19	  36.752	 -15.710	  42.245
141	-203.616	20	  41.758	 -41.784	 -20.563
142	-203.424	20	  28.467	   3.632	  60.432
143	-201.134	19	  10.906	   2.527	  53.057
144	-198.726	18	  64.639	 -19.157	 -16.557
145	-198.173	18	   5.925	 -27.190	  37.711
146	-198.140	18	  28.013	  -3.030	  -2.514
147	-196.849	20	  22.456	  -3.892	  21.203
148	-194.765	19	 -23.521	  16.785	  49.079
149	-192.928	19	  19.057	   1.360	 -27.748
150	-192.027	18	  22.768	  27.672	  26.084
151	-191.560	18	  53.728	 -31.523	 -15.761
152	-191.189	19	  -5.753	  26.786	  53.688
153	-191.089	19	 -29.210	  12.113	  25.922
154	-189.737	14	  45.504	 -41.041	 -10.744
155	-187.410	18	  34.369	 -42.925	 -12.758
156	-187.301	18	  55.390	  25.686	  -8.469
157	-186.950	18	  24.714	   7.465	 -11.827
158	-182.680	17	  25.606	  24.847	  15.918
159	-181.899	16	  20.420	  19.217	  45.336
160	-181.546	17	  15.169	  17.051	  -1.726
161	-180.624	13	   8.008	   2.794	  27.611
162	-180.414	15	  -4.929	 -18.396	  39.977
163	-178.580	18	  44.062	 -29.759	 -63.306
164	-175.026	17	  59.450	 -29.737	 -25.150
165	-175.014	17	  60.219	 -21.979	 -48.237
166	-173.001	16	 -16.265	   6.452	  10.863
167	-172.401	16	  -9.963	 -13.581	  15.267
168	-170.406	15	   4.503	 -15.546	  18.750
169	-168.824	16	   3.087	  31.978	  53.322
170	-168.565	17	  15.371	 -13.242	 -43.656
171	-168.476	16	 -21.895	   2.867	   7.664
172	-167.820	16	 -28.932	 -12.112	  26.714
173	-167.729	13	  24.354	  16.262	  11.157
174	-165.434	16	  77.808	 -17.279	 -36.720
175	-165.160	16	  -0.813	  17.863	  55.568
176	-164.844	15	  66.141	  -1.388	 -10.138
177	-163.964	16	  33.564	  -1.422	  61.401
178	-163.331	15	 -36.639	  -7.790	  23.058
179	-161.288	16	  36.511	   8.964	 -39.131
180	-158.574	14	  51.912	 -22.231	 -44.496
181	-153.189	15	  13.680	 -31.404	 -13.726
182	-150.791	15	  49.065	 -40.817	 -42.865
183	-149.450	15	 -23.477	  21.088	  33.453
184	-148.101	15	  43.071	  -5.431	  45.193
185	-147.800	15	  36.930	   7.300	  -1.398
186	-144.714	14	  67.316	 -33.432	 -47.748
187	-143.151	14	  28.378	  10.931	 -35.128
188	-142.833	13	  13.368	  40.944	  28.839
189	-141.954	14	 -12.677	  24.382	   8.793
190	-139.239	14	  25.711	 -40.947	  -7.303
191	-137.968	13	  72.387	  -4.344	 -40.041
192	-135.858	13	  37.828	 -27.416	 -59.442
193	-133.798	13	  48.298	 -29.380	   3.335
194	-132.773	9	  48.656	 -17.744	 -23.194
195	-131.259	13	  30.051	  11.323	  34.213
196	-128.743	13	  17.241	 -27.159	  27.686
197	-128.194	10	 -15.815	  20.893	  41.223
198	-127.757	12	  56.539	 -34.371	  -5.636
199	-124.619	11	  47.669	   9.649	 -40.198
200	-124.510	12	  51.244	 -14.360	 -40.565
201	-123.431	12	  11.489	  -5.229	  43.265
202	-122.414	12	  70.532	  -9.190	  -9.932
203	-119.975	12	  12.572	 -12.980	 -11.132
204	-119.659	12	  55.166	 -42.356	 -54.266
205	-119.153	12	  52.573	 -22.609	   1.165
206	-118.738	12	   9.196	  26.863	  59.780
207	-117.416	12	  45.165	 -37.883	 -25.855
208	-117.255	12	  21.318	 -24.041	  34.653
209	-116.289	11	  66.899	  -4.577	 -20.134
210	-115.442	11	 -17.190	   9.637	  54.091
211	-114.486	11	 -12.767	   1.582	  53.529
212	-113.405	11	  17.614	 -34.297	  -2.354
213	-112.777	11	  18.866	  28.587	  40.806
214	-112.340	11	   3.997	   8.139	   3.170
215	-111.809	10	  32.804	 -16.200	  33.837
216	-111.651	11	  39.697	 -43.838	 -46.395
217	-111.413	10	  46.957	 -36.892	   4.690
218	-110.608	10	  33.648	 -35.357	 -46.611
219	-108.688	11	  42.408	 -45.763	 -56.095
220	-108.103	11	  -0.663	 -15.033	  11.021
221	-107.755	11	  13.588	 -24.791	 -33.723
222	-107.680	11	  44.125	 -40.693	 -65.748
223	-106.694	11	  23.150	 -30.541	   9.102
224	-105.595	10	  27.341	  14.965	  47.629
225	-104.055	10	  73.939	 -21.033	 -42.224
226	-103.893	10	  23.584	  -5.519	 -40.172
227	-103.874	10	  -2.496	 -16.068	  22.050
228	-103.203	10	  19.748	  36.549	  15.262
229	-102.179	10	 -33.793	  -6.363	  56.944
230	-101.512	10	  59.680	 -26.358	 -57.646
231	 -95.641	9	  11.048	  42.544	  16.491
232	 -93.770	9	  35.586	   2.063	  37.145
233	 -89.294	9	  45.078	   7.168	  53.306
234	 -87.997	9	  40.268	  31.821	 -36.073
235	 -87.806	9	  35.711	  14.105	  47.972
236	 -86.270	8	  62.947	 -37.047	 -53.284
237	 -86.187	9	  56.298	  14.255	 -33.462
238	 -85.659	7	  -0.509	  -2.716	  24.087
239	 -83.181	8	 -24.370	  10.534	  55.955
240	 -83.140	8	  34.362	  30.026	 -25.279
241	 -81.887	8	 -21.983	 -12.099	  48.769
242	 -81.509	8	  26.944	  18.777	 -34.991
243	 -80.809	8	  43.120	   1.927	  60.233
244	 -80.622	8	   4.276	  25.169	  -2.419
245	 -78.446	6	  24.056	   2.804	 -21.106
246	 -77.655	8	  16.456	 -28.961	 -39.319
247	 -77.442	8	  28.348	 -23.640	  31.780
248	 -77.313	8	  -6.898	  38.341	  43.647
249	 -74.810	7	  32.435	 -16.028	  51.709
250	 -74.439	7	  23.902	 -11.358	  -0.029
251	 -73.070	6	  59.838	 -26.960	 -16.539
252	 -72.777	6	  46.066	 -11.052	 -30.645
253	 -69.737	7	  43.079	   5.378	  43.958
254	 -69.659	7	  64.945	  -4.602	   0.285
255	 -69.483	7	  11.514	  -5.102	 -22.986
256	 -68.992	4	  54.237	  -9.496	 -18.275
257	 -67.824	7	  69.249	 -31.788	 -31.276
258	 -67.260	4	   5.197	  11.504	  18.142
259	 -65.964	7	  12.329	  39.917	   5.625
260	 -63.428	6	   6.509	  14.750	  60.469
261	 -63.092	6	  47.520	 -38.875	 -34.912
262	 -63.055	6	  25.246	   8.209	   7.600
263	 -61.183	6	 -37.907	   3.035	  46.959
264	 -59.832	6	 -17.095	 -14.801	  42.629
265	 -58.940	6	  38.193	   9.023	  57.150
266	 -58.903	6	  26.525	 -13.820	  22.820
267	 -58.452	6	  36.040	 -37.986	 -58.162
268	 -58.186	4	  67.871	 -27.429	 -43.454
269	 -58.071	6	 -36.807	  11.494	  43.553
270	 -57.319	6	 -42.551	  -1.751	  27.647
271	 -55.984	4	  53.217	 -21.877	 -32.873
272	 -51.800	5	  18.155	  32.700	  51.563
273	 -50.139	5	  35.165	  26.294	 -40.430
274	 -49.584	5	  32.973	 -17.920	 -53.234
275	 -49.577	5	  25.912	 -10.606	 -49.705
276	 -48.485	3	   1.285	  -4.356	  34.162
277	 -47.795	5	 -12.394	  32.768	  40.547
278	 -43.341	4	  54.103	 -11.228	   3.137
279	 -40.590	4	 -10.390	  -8.422	   5.385
280	 -40.180	4	  -0.674	  40.789	   6.439
281	 -39.896	4	  38.683	  15.453	 -45.599
282	 -39.653	3	  15.728	  -3.167	  33.162
283	 -39.104	4	  27.952	 -39.463	   4.941
284	 -38.236	4	  31.575	   3.172	  29.567
285	 -37.291	4	  39.919	 -40.458	 -38.549
286	 -36.702	4	  21.636	 -31.496	 -33.846
287	 -34.250	3	  -9.846	  31.242	  18.930
288	 -30.958	3	  52.765	 -41.117	 -12.540
289	 -29.944	3	  17.728	 -28.154	 -27.496
290	 -29.486	3	  75.595	 -33.287	 -35.979
291	 -28.864	3	  14.116	 -23.542	 -45.203
292	 -28.455	3	  36.094	  10.509	  39.535
293	 -28.207	3	  56.402	  -3.517	   5.822
294	 -27.507	3	  -5.289	  -5.823	  -0.500
295	 -27.316	3	  52.386	  10.175	   3.151
296	 -24.124	2	  11.307	  24.984	  37.682
297	 -20.443	2	  -7.083	   4.994	   4.631
298	 -20.397	2	  53.296	 -33.682	 -31.383
299	 -20.305	2	  54.857	 -40.496	   0.691
300	 -20.077	2	  32.386	 -20.496	  25.676
301	 -20.064	2	  75.430	 -27.963	 -41.794
302	 -19.705	2	  17.684	 -29.036	   2.541
303	 -19.691	2	  36.859	  20.031	 -22.365
304	 -19.297	1	 -19.614	  15.504	  29.162
305	 -19.228	2	  31.386	  26.504	 -15.351
306	 -18.841	1	  11.386	  15.504	  38.162
307	 -18.784	2	  21.318	 -17.985	  11.117
308	 -18.575	2	  11.386	 -25.005	  -7.347
309	 -18.499	2	  46.389	  29.006	  -6.336
310	 -17.863	1	  44.386	 -20.496	 -10.838
311	 -16.227	1	  -6.614	  23.504	  37.162
312	 -15.967	1	  53.386	  -8.496	 -29.838
313	 -15.204	1	  23.386	   0.504	  30.162
314	 -13.681	1	  25.386	 -21.496	 -26.838
315	 -12.248	1	  32.386	   4.504	 -21.838
316	 -10.830	1	  33.386	 -21.496	 -29.838
317	 -10.126	1	  26.386	  -9.496	 -12.838
318	 -10.084	1	 -28.614	   4.504	  42.162
319	  -9.698	1	 -38.614	  -5.496	  46.162
320	  -9.396	1	  -8.614	  40.504	  11.162
321	  -9.249	1	  45.386	  33.504	 -12.838
322	  -9.226	1	  33.386	 -30.496	  15.162
323	  -9.190	1	 -15.614	   1.504	   3.162
324	  -9.129	1	 -16.614	  -3.496	  61.162
325	  -9.123	1	  41.386	 -47.496	   2.162
326	  -9.078	1	  42.386	  32.504	 -25.838
327	  -9.053	1	  24.386	 -12.496	 -30.838
