1	-1588.263	130	  17.427	  51.974	  63.742
2	-962.074	80	  19.288	  75.173	  60.291
3	-938.142	79	  -1.677	  74.666	  59.017
4	-881.850	78	   8.027	  37.906	  65.510
5	-770.778	68	  13.746	  69.999	  49.863
6	-708.833	65	  28.352	  29.136	  56.597
7	-695.118	56	  13.882	  42.745	  80.968
8	-679.230	57	   8.279	  64.751	  51.715
9	-673.543	52	   7.044	  71.564	  75.284
10	-610.481	55	  60.663	  24.829	  58.647
11	-598.567	48	  28.740	  53.338	  44.921
12	-592.872	55	  23.340	  43.024	  42.125
13	-588.932	52	  -6.006	  53.400	  59.597
14	-579.373	48	  -1.791	  88.958	  69.788
15	-560.807	49	 -24.710	  81.245	  75.154
16	-503.928	43	  40.626	  49.901	  67.722
17	-500.108	46	  38.476	  43.680	  59.289
18	-493.977	42	  26.265	  56.824	  77.297
19	-487.899	44	  42.432	  28.888	  40.893
20	-432.375	38	  -7.209	  84.085	  52.287
21	-388.024	35	  19.425	  57.570	  79.557
22	-371.575	32	   0.691	  37.631	  74.764
23	-365.533	35	   3.914	  47.228	  87.588
24	-352.221	33	  -9.916	  89.789	  74.141
25	-347.068	32	  63.290	  34.121	  55.383
26	-342.655	29	  -0.556	  69.854	  78.998
27	-324.171	30	   1.527	  64.311	  62.819
28	-320.687	30	   6.424	  36.609	  52.422
29	-317.524	30	  18.809	  70.681	  73.995
30	-311.591	27	  26.932	  48.369	  86.304
31	-302.832	27	 -21.280	  68.388	  69.340
32	-301.658	28	  21.182	  33.630	  83.850
33	-292.579	27	  -8.570	  46.290	  61.833
34	-280.195	26	  50.233	  23.474	  45.870
35	-278.123	26	  -3.678	  48.960	  85.736
36	-274.816	26	  41.960	  52.675	  75.213
37	-268.760	26	  12.326	  59.755	  86.118
38	-266.072	24	   4.205	  48.778	  44.134
39	-264.852	24	  47.567	  48.942	  46.935
40	-264.325	24	  11.611	  49.413	  85.596
41	-260.196	23	  33.015	  26.893	  63.178
42	-256.371	23	  46.246	  43.115	  42.678
43	-252.247	17	  14.529	  45.873	  58.254
44	-249.670	24	  15.026	  32.228	  56.508
45	-242.481	24	  -3.266	  37.076	  59.460
46	-228.227	21	  35.156	  66.501	  59.575
47	-217.520	20	  29.832	  33.477	  84.961
48	-210.528	15	  20.682	  59.046	  66.250
49	-209.927	19	  16.322	  39.180	  42.322
50	-208.960	20	  38.516	  50.421	  51.601
51	-206.187	18	   5.626	  65.379	  81.296
52	-205.134	19	 -25.825	  83.386	  63.510
53	-204.062	20	  17.870	  42.589	  87.186
54	-201.692	18	  14.495	  34.949	  78.827
55	-200.041	19	  41.598	  38.399	  66.859
56	-193.899	18	  50.681	  31.558	  68.164
57	-192.842	19	   7.602	  38.806	  82.877
58	-192.043	18	  38.988	  19.353	  60.435
59	-185.651	18	   2.442	  84.690	  79.283
60	-179.247	17	 -25.414	  87.313	  69.562
61	-178.861	15	  59.231	  42.444	  47.569
62	-174.581	16	   4.641	  80.370	  54.156
63	-174.514	16	 -18.650	  88.712	  56.099
64	-173.979	17	  21.825	  60.070	  38.399
65	-172.943	16	  24.153	  27.503	  64.954
66	-171.706	17	 -10.132	  62.334	  77.518
67	-165.760	16	  23.048	  66.664	  42.124
68	-163.683	15	  10.173	  80.200	  72.988
69	-159.097	16	  10.344	  52.777	  40.604
70	-155.670	14	  55.233	  53.106	  47.741
71	-144.253	12	  19.548	  34.827	  48.490
72	-141.234	12	 -18.053	  70.412	  61.786
73	-139.405	13	 -23.151	  80.263	  49.029
74	-137.307	12	  16.056	  29.198	  73.816
75	-136.633	12	  27.272	  69.733	  70.152
76	-134.486	14	  55.895	  33.275	  42.893
77	-133.577	14	 -13.608	  92.622	  63.941
78	-131.177	13	  16.159	  27.997	  66.287
79	-129.561	11	  50.203	  39.511	  64.063
80	-128.939	13	  31.188	  67.414	  52.228
81	-123.356	11	  61.067	  50.582	  54.118
82	-117.892	12	  36.756	  19.732	  45.749
83	-117.077	6	  12.516	  46.097	  48.698
84	-116.694	11	 -11.543	  66.915	  71.503
85	-116.302	12	  -8.712	  74.186	  84.136
86	-115.172	11	  35.322	  57.787	  79.878
87	-110.654	7	  25.663	  65.996	  61.682
88	-109.523	10	  36.438	  50.233	  83.679
89	-105.377	10	 -15.299	  84.607	  45.968
90	-104.039	8	  31.680	  46.101	  55.301
91	-104.006	10	  35.721	  65.628	  78.268
92	-101.398	10	  27.289	  23.319	  73.206
93	-101.386	10	  25.324	  29.527	  46.289
94	-101.122	10	  40.160	  32.640	  71.195
95	-100.257	9	  43.758	  27.620	  66.692
96	 -99.007	7	   6.094	  73.986	  58.743
97	 -98.365	10	   1.949	  89.490	  60.676
98	 -97.086	10	 -29.324	  74.488	  60.552
99	 -94.473	10	  36.992	  30.922	  79.852
100	 -92.211	9	  29.923	  48.006	  39.341
101	 -92.060	9	  -9.660	  45.256	  50.852
102	 -91.068	9	  44.495	  63.990	  71.979
103	 -88.536	9	  12.415	  84.558	  65.950
104	 -77.916	7	  -7.439	  39.701	  69.473
105	 -77.140	8	  -5.202	  83.438	  81.887
106	 -76.498	8	 -12.874	  72.507	  51.035
107	 -70.664	7	  38.433	  69.066	  68.241
108	 -69.945	7	 -13.629	  45.619	  69.605
109	 -69.941	7	  13.812	  83.702	  55.879
110	 -69.750	7	  -9.038	  58.530	  67.565
111	 -68.422	7	  27.315	  73.887	  48.504
112	 -67.408	5	  40.908	  38.239	  50.684
113	 -66.448	6	  46.698	  55.067	  69.473
114	 -63.847	6	  -0.257	  62.269	  88.446
115	 -62.543	6	  43.060	  18.080	  50.550
116	 -61.505	4	  -8.427	  72.243	  65.148
117	 -60.004	6	   6.053	  86.763	  72.300
118	 -59.061	6	  61.979	  40.328	  65.257
119	 -57.316	6	  -6.752	  58.613	  84.454
120	 -55.526	5	 -14.071	  82.321	  80.904
121	 -52.914	5	  33.723	  36.056	  35.623
122	 -50.353	5	  51.135	  19.103	  55.135
123	 -49.616	5	 -11.205	  51.516	  54.726
124	 -49.499	5	  40.929	  42.661	  87.573
125	 -49.253	5	  26.557	  64.733	  77.112
126	 -48.086	5	  -3.219	  40.165	  46.896
127	 -47.907	5	  42.975	  46.684	  81.350
128	 -46.929	5	 -13.281	  41.706	  77.075
129	 -46.525	5	  19.770	  51.712	  35.131
130	 -39.911	4	  46.341	  48.621	  57.869
131	 -38.683	4	  -3.203	  53.132	  47.187
132	 -37.680	4	  19.548	  73.587	  47.148
133	 -36.706	4	  22.063	  24.571	  80.397
134	 -31.278	3	  34.255	  17.097	  54.470
135	 -30.067	3	  55.593	  50.777	  60.468
136	 -28.930	3	 -16.439	  52.764	  74.148
137	 -28.236	3	  41.274	  59.419	  58.573
138	 -27.572	3	 -12.110	  50.760	  80.477
139	 -23.872	2	  34.131	  37.527	  58.578
140	 -20.855	2	  32.054	  26.604	  43.148
141	 -20.274	2	  13.561	  58.614	  35.148
142	 -19.262	2	 -11.439	  91.097	  53.684
143	 -18.990	2	  -8.928	  49.565	  73.659
144	 -18.498	2	   8.062	  64.097	  92.148
145	 -18.022	2	   3.063	  76.597	  82.147
146	 -10.905	1	  57.561	  34.097	  63.148
147	 -10.404	1	  45.561	  37.097	  78.148
148	 -10.099	1	  30.561	  75.097	  59.148
149	  -9.848	1	  18.561	  21.097	  72.148
150	  -9.723	1	   1.561	  54.097	  92.148
151	  -9.398	1	 -31.439	  70.097	  71.148
152	  -9.395	1	  60.561	  32.097	  72.148
153	  -9.353	1	  -8.439	  82.097	  62.148
154	  -9.353	1	   9.561	  64.097	  41.148
155	  -9.154	1	  43.561	  63.097	  81.148
156	  -9.089	1	  48.561	  33.097	  37.148
157	  -9.001	1	 -17.439	  75.097	  83.148
