1	-1952.723	174	  65.749	  84.576	  51.809
2	-1922.252	172	  61.007	  78.316	  59.408
3	-1101.019	98	  71.071	  90.398	  48.326
4	-795.460	66	  59.605	  84.710	  42.232
5	-711.996	64	  61.227	  92.944	  75.281
6	-630.800	55	  81.838	 101.541	  42.993
7	-616.980	57	  58.100	  99.358	  51.017
8	-610.409	50	  71.650	  99.329	  47.559
9	-590.804	55	 107.924	  82.035	  43.462
10	-579.944	53	  93.901	  92.324	  62.161
11	-543.058	45	  78.945	  82.378	  68.811
12	-486.304	45	  91.976	  64.079	  51.709
13	-479.973	42	  60.342	  67.376	  63.176
14	-462.383	43	  52.426	  89.861	  69.119
15	-457.370	43	  99.529	  81.907	  28.339
16	-409.909	38	  66.835	 112.014	  49.568
17	-398.438	36	  63.641	  65.168	  37.828
18	-398.383	37	  95.203	 102.074	  29.645
19	-397.059	32	  81.026	  71.108	  63.580
20	-394.495	36	  83.649	 108.699	  52.465
21	-381.738	35	  50.253	  73.870	  47.288
22	-375.299	33	  67.921	  61.469	  62.097
23	-371.982	35	  78.325	  92.770	  47.093
24	-369.130	34	  75.230	  71.113	  26.288
25	-341.815	33	  58.243	  85.253	  31.534
26	-339.837	33	  48.308	  76.491	  59.712
27	-331.727	29	  98.530	  76.740	  38.371
28	-321.749	32	  75.996	  95.881	  72.692
29	-316.406	29	  54.525	  63.099	  53.318
30	-305.609	28	  87.074	  85.405	  20.897
31	-304.893	27	  91.253	 107.859	  42.164
32	-286.363	28	  87.147	  98.327	  23.521
33	-278.173	25	  49.210	  87.890	  57.849
34	-271.414	24	  56.884	  78.349	  65.960
35	-260.065	25	  61.769	 104.968	  67.073
36	-251.917	24	  78.170	  91.092	  20.671
37	-227.669	12	  70.797	  98.445	  67.097
38	-225.887	21	  72.032	  95.329	  41.602
39	-225.663	22	  51.045	  82.146	  68.602
40	-220.359	21	  85.763	 103.818	  59.672
41	-215.865	21	  72.608	  95.751	  24.086
42	-212.970	20	  71.945	  71.684	  73.817
43	-208.867	19	  82.804	  57.823	  48.100
44	-202.644	20	  96.045	  74.521	  29.904
45	-202.174	18	  54.805	  73.578	  38.526
46	-188.402	18	  76.782	 114.905	  48.082
47	-188.064	15	  78.935	 103.505	  65.240
48	-173.043	9	  84.459	  84.623	  41.784
49	-172.296	17	  70.648	  86.408	  78.315
50	-169.291	16	 103.488	  76.095	  55.694
51	-163.950	16	 108.864	  87.732	  33.838
52	-161.619	15	  65.524	  58.490	  53.170
53	-161.379	15	  59.282	  79.821	  24.348
54	-159.818	16	  81.365	  78.432	  20.360
55	-158.041	15	  98.092	 105.011	  42.292
56	-154.881	14	  72.517	  64.862	  34.986
57	-152.052	15	  99.579	 100.733	  54.869
58	-151.086	15	 105.413	  96.162	  43.554
59	-148.112	13	  96.597	  73.812	  59.311
60	-146.536	14	  78.539	  56.242	  54.234
61	-140.699	14	  75.514	  60.945	  65.437
62	-140.462	14	  69.501	 105.436	  70.832
63	-139.453	13	  54.697	  75.914	  29.970
64	-135.146	13	  88.154	  66.807	  58.213
65	-132.753	13	  83.727	  66.904	  32.185
66	-129.419	13	  64.581	  99.561	  43.570
67	-119.525	11	  75.674	  81.394	  76.127
68	-113.709	11	 101.942	  90.253	  27.791
69	-112.767	11	  50.767	  87.565	  47.014
70	-112.670	11	 101.329	  93.526	  56.667
71	-111.267	10	 103.930	  88.859	  50.353
72	-110.838	11	  92.825	  66.518	  38.732
73	-110.627	11	  91.652	  82.899	  65.944
74	-108.471	10	  78.815	 111.791	  64.220
75	-103.593	10	  62.486	  69.563	  29.586
76	-102.962	10	  58.094	  77.750	  74.779
77	 -97.913	9	  88.135	  75.384	  65.217
78	 -93.923	10	 104.500	  68.156	  47.967
79	 -92.159	9	  83.973	  97.360	  66.215
80	 -92.063	8	  66.152	  75.734	  24.004
81	 -88.857	9	  61.863	  88.940	  21.870
82	 -86.783	9	  83.363	  61.500	  61.279
83	 -82.388	8	 100.658	  69.621	  42.028
84	 -80.570	8	  62.515	  94.145	  32.193
85	 -76.761	7	  51.888	  98.180	  59.440
86	 -70.791	7	  72.571	  75.301	  18.569
87	 -70.440	7	  91.066	  74.598	  23.476
88	 -64.579	6	  72.774	  58.851	  43.156
89	 -64.129	6	  78.107	  99.248	  37.538
90	 -58.398	6	  59.769	  84.858	  77.676
91	 -52.418	5	  71.858	  85.165	  18.358
92	 -51.994	5	  78.953	  99.771	  23.786
93	 -51.001	5	 106.446	  73.772	  38.366
94	 -49.858	5	 100.308	  84.576	  57.899
95	 -49.056	5	  49.136	  80.424	  37.474
96	 -48.924	4	  59.201	  77.288	  48.692
97	 -48.153	5	  67.462	  99.352	  27.599
98	 -47.239	5	  62.502	 109.535	  59.394
99	 -45.326	4	  51.483	  98.341	  67.156
100	 -41.842	4	  65.741	  80.103	  18.156
101	 -41.746	4	  53.461	  61.815	  46.120
102	 -32.747	3	  71.907	 115.931	  59.723
103	 -31.260	3	  83.572	  60.349	  40.156
104	 -29.647	3	  93.994	  92.349	  19.851
105	 -28.293	3	  84.700	 106.328	  26.147
106	 -20.185	2	  68.192	  63.349	  72.156
107	 -19.894	2	  64.222	  58.349	  43.687
108	 -18.346	2	  87.179	  89.349	  72.156
109	 -13.596	1	  66.691	  86.349	  72.156
110	 -10.721	1	  85.691	  85.349	  29.156
111	 -10.283	1	  84.691	 107.349	  34.156
112	  -9.911	1	  66.691	  78.349	  78.156
