1	-1500.816	123	  32.610	   4.741	  56.903
2	-1354.123	116	  44.017	  13.969	  60.232
3	-783.528	55	  26.989	  -2.229	  60.926
4	-697.606	64	  32.058	  -0.629	  68.879
5	-654.537	56	  38.155	  10.716	  57.400
6	-653.685	59	  43.665	  21.491	  65.405
7	-511.212	46	  47.802	   2.159	  67.861
8	-489.423	43	  67.851	  15.879	  59.144
9	-488.544	42	  21.202	 -16.072	  55.163
10	-454.874	36	  64.906	  11.905	  52.658
11	-450.747	41	  21.656	  19.155	  45.086
12	-435.682	38	  35.155	  32.826	  55.744
13	-420.966	38	  21.770	  -6.365	  38.539
14	-418.710	39	  25.481	   4.100	  35.315
15	-405.006	35	   9.675	  12.325	  58.411
16	-402.222	36	  37.404	  -8.095	  67.514
17	-361.024	35	  42.783	 -15.683	  53.635
18	-354.170	32	  27.221	 -23.904	  52.504
19	-332.691	31	  23.535	  24.684	  56.447
20	-329.267	30	  36.280	 -16.195	  43.288
21	-324.442	29	  38.259	  19.926	  36.253
22	-319.148	30	   6.701	   1.375	  44.737
23	-311.319	30	  66.262	  14.265	  69.922
24	-309.131	30	  62.294	  16.221	  45.059
25	-296.598	26	  49.226	  35.717	  57.586
26	-295.118	28	  55.915	  32.706	  51.579
27	-287.254	28	  29.944	  23.633	  38.639
28	-276.106	17	  43.047	  25.732	  57.387
29	-275.656	26	  20.706	  16.400	  69.080
30	-272.464	27	  21.594	 -19.346	  43.934
31	-267.672	24	  31.789	  -4.748	  34.217
32	-266.508	25	  21.317	 -14.710	  63.684
33	-265.856	26	  11.335	  -5.234	  40.696
34	-256.615	23	  33.458	  27.089	  65.628
35	-250.762	25	  11.803	 -10.245	  63.363
36	-249.990	22	  53.100	  15.399	  37.315
37	-228.746	22	  57.658	  -7.999	  53.829
38	-228.625	22	  13.747	  20.563	  53.827
39	-227.098	22	  11.518	   9.526	  67.545
40	-223.018	21	  48.530	 -11.803	  61.131
41	-220.940	21	   5.182	   0.784	  61.995
42	-217.390	20	  59.035	  13.379	  73.115
43	-216.343	16	  42.300	  24.303	  47.052
44	-201.967	20	  62.909	   1.524	  67.770
45	-197.221	19	  57.591	  -6.250	  62.043
46	-192.934	19	  50.520	  27.665	  41.335
47	-181.777	16	  46.036	   6.896	  33.079
48	-181.373	16	  52.549	   7.970	  66.696
49	-180.746	17	  50.757	  -1.169	  33.994
50	-178.968	18	   5.926	   7.591	  49.935
51	-178.869	16	  59.269	   8.826	  37.448
52	-177.590	17	  41.915	  -8.463	  34.196
53	-168.113	16	  54.379	  28.356	  70.876
54	-167.481	16	  57.850	  -6.055	  36.736
55	-161.339	14	  36.843	 -17.966	  59.099
56	-160.925	15	  59.752	  27.179	  43.917
57	-154.482	15	  26.489	  -5.853	  70.653
58	-152.551	15	  46.460	  21.501	  37.985
59	-148.942	13	  13.688	 -14.347	  42.632
60	-148.913	14	  51.116	  35.693	  65.143
61	-145.165	14	  39.744	  11.338	  30.651
62	-133.943	13	  25.984	 -15.241	  69.029
63	-132.166	12	  41.532	  32.610	  43.102
64	-130.156	12	  24.737	   5.870	  69.577
65	-129.679	13	  38.102	  10.798	  73.804
66	-128.933	13	  18.746	  13.025	  38.593
67	-121.522	11	  10.319	  15.840	  46.878
68	-120.729	12	  14.289	 -14.894	  52.773
69	-115.807	11	  69.121	   8.629	  44.883
70	-114.964	10	   9.486	  -7.759	  48.546
71	-104.715	11	  30.256	 -20.693	  64.361
72	 -97.266	6	  50.838	   1.849	  54.166
73	 -95.540	9	  29.905	  30.193	  46.828
74	 -88.879	9	  26.770	  24.572	  68.433
75	 -85.987	8	  46.037	  29.401	  67.698
76	 -85.502	8	  65.786	   4.865	  39.175
77	 -81.438	8	  14.410	   6.457	  34.979
78	 -81.145	5	  35.329	  15.555	  65.875
79	 -79.926	8	  66.184	  27.580	  65.728
80	 -69.044	7	  29.720	  13.934	  33.361
81	 -61.844	6	  60.281	 -12.268	  42.199
82	 -60.003	6	  71.336	   5.846	  62.900
83	 -54.199	5	  65.904	  23.352	  51.130
84	 -48.734	5	  28.904	  12.062	  73.063
85	 -48.461	5	  17.330	   3.120	  69.462
86	 -47.626	5	  37.893	   0.303	  29.096
87	 -37.448	4	  67.557	   1.398	  54.598
88	 -34.645	2	  37.704	  -7.460	  46.875
89	 -30.346	3	  49.046	 -17.086	  45.249
90	 -29.617	3	  55.413	 -15.104	  49.395
91	 -29.026	3	  37.287	  36.552	  48.246
92	 -28.261	3	  46.066	  -7.381	  70.927
93	 -23.878	2	  37.330	  13.437	  41.875
94	 -20.969	2	  35.330	 -25.086	  52.358
95	 -19.902	2	  31.565	  19.453	  73.336
96	 -18.885	2	  42.854	  38.390	  63.922
97	 -18.761	2	  61.814	  33.914	  63.359
98	 -18.319	2	  54.332	  -6.086	  71.374
99	 -16.603	1	  19.330	  11.914	  53.875
100	 -12.320	1	  59.330	  23.914	  62.875
101	 -11.365	1	  51.330	 -14.086	  37.875
102	 -10.690	1	  17.330	 -11.086	  72.875
103	  -9.823	1	  66.330	  -5.086	  43.875
104	  -9.268	1	  67.330	  29.914	  57.875
105	  -9.071	1	  22.330	  26.914	  43.875
