1	-613.537	49	  13.178	  30.868	  12.997
2	-371.723	36	  10.131	  24.854	  19.768
3	-354.135	32	  20.949	  26.225	   2.487
4	-302.525	27	  24.964	   7.558	  18.961
5	-247.710	24	  13.016	  18.182	   6.558
6	-232.906	22	  25.686	  40.077	   3.051
7	-221.044	22	  36.805	  22.061	  23.065
8	-196.824	17	  26.101	  33.248	  27.711
9	-170.253	15	  38.402	  27.588	   4.767
10	-147.535	13	  22.841	  47.442	  14.414
11	-135.787	14	  10.388	  39.558	  24.213
12	-132.918	12	  33.988	  34.883	  21.737
13	-122.116	12	  13.015	  34.410	   4.168
14	 -96.928	9	  10.381	  41.583	  14.123
15	 -88.120	9	  17.753	  23.827	  30.271
16	 -83.945	8	  27.494	   6.847	   8.053
17	 -81.488	8	   9.726	  14.499	  22.850
18	 -80.473	8	  25.234	  20.222	   0.946
19	 -77.827	8	  32.959	  11.089	  11.410
20	 -75.764	7	  18.432	  46.419	   2.214
21	 -70.333	7	  37.330	  15.502	  16.125
22	 -62.224	6	  16.601	  42.775	  21.707
23	 -47.337	5	  26.504	  31.028	  -1.867
24	 -46.593	3	  30.615	  21.254	  11.316
25	 -42.172	4	  34.728	  13.971	  23.920
26	 -41.296	4	  42.502	  20.932	  12.168
27	 -38.927	4	  29.545	  17.437	  30.700
28	 -37.231	4	  18.504	  10.875	   5.198
29	 -30.476	3	  23.180	  14.123	  27.048
30	 -29.650	3	  14.518	  48.632	  10.954
31	 -27.360	3	  31.502	  46.959	  13.923
32	 -22.412	2	  39.502	  34.632	  14.487
33	 -21.964	2	  36.078	  36.632	   7.514
34	 -19.198	2	  29.994	  26.632	  30.938
35	 -19.093	2	  16.006	  34.632	  31.938
36	 -18.031	2	  36.004	  21.134	   1.440
37	  -9.222	1	  26.502	  45.632	  23.938
