1	-625.598	57	  12.142	  29.893	  13.301
2	-396.797	36	  20.847	  26.456	   2.384
3	-338.021	33	  10.199	  25.539	  20.290
4	-230.511	21	  23.123	   8.021	  19.511
5	-223.471	21	  38.375	  26.491	   4.316
6	-196.855	18	  25.325	  41.037	   3.798
7	-183.934	16	  26.339	  33.298	  27.627
8	-149.671	14	  11.256	  17.601	   7.453
9	-139.230	14	  10.483	  40.011	  25.135
10	-135.229	13	  35.781	  21.328	  25.144
11	-119.291	12	  18.491	  18.474	   4.226
12	-113.949	11	  13.023	  34.443	   4.244
13	-107.951	9	  23.141	  47.474	  14.217
14	-106.702	11	  33.334	  10.874	  13.218
15	 -94.190	10	  39.649	  24.564	  18.790
16	 -93.968	7	  33.026	  33.830	  21.569
17	 -89.875	9	   9.273	  14.959	  21.894
18	 -88.916	9	  10.029	  42.456	  13.784
19	 -87.683	9	  15.874	  25.914	  30.066
20	 -80.609	8	  37.307	  15.640	  16.356
21	 -80.068	8	  27.329	  34.295	  -0.187
22	 -69.183	7	  24.704	  42.493	  28.217
23	 -67.816	7	  29.727	  17.465	  30.668
24	 -64.105	6	  27.723	   6.851	   8.118
25	 -56.394	5	  19.764	  46.493	   1.957
26	 -55.502	4	  30.728	  20.984	  11.316
27	 -50.046	5	  31.974	  46.926	  13.743
28	 -49.856	5	  39.714	  35.596	  16.274
29	 -49.443	5	  26.921	  20.815	  -0.079
30	 -41.623	4	  42.572	  21.063	  12.191
31	 -40.023	4	  17.865	  43.454	  21.664
32	 -39.173	4	  36.330	  36.518	   7.256
33	 -38.620	4	  16.080	  34.752	  31.957
34	 -38.244	4	  14.805	  48.501	  10.675
35	 -36.968	4	  18.575	  10.969	   5.235
36	 -29.235	3	  12.229	  44.068	   3.957
37	 -28.180	3	  29.565	  27.087	  30.617
38	 -19.532	2	  23.036	  13.820	  27.493
