1	-850.008	69	  28.691	   2.609	  40.886
2	-564.746	51	  15.264	  -7.195	  27.408
3	-555.384	50	  25.895	  -3.351	  34.458
4	-444.969	41	  29.393	  23.768	  38.835
5	-403.149	35	   6.293	  17.514	  32.800
6	-377.401	36	  17.699	  25.008	  30.245
7	-288.938	27	  30.314	  -4.865	  26.371
8	-283.447	26	  11.569	   9.545	  45.701
9	-263.942	25	  20.308	  19.489	  21.959
10	-258.089	26	  36.525	  12.683	  19.286
11	-248.644	22	  25.855	  24.121	  23.741
12	-243.086	24	  23.639	  15.543	  13.617
13	-225.486	20	  20.195	  -7.142	  20.791
14	-195.386	18	  21.624	  -0.622	  50.267
15	-191.493	19	  12.756	  -0.786	  45.392
16	-181.264	19	  42.326	  13.133	  32.495
17	-168.262	16	   9.960	  15.687	  21.672
18	-165.786	16	  26.451	  -3.594	  14.732
19	-164.496	15	  41.247	   7.587	  27.856
20	-162.870	15	  11.972	  18.594	  39.598
21	-156.510	10	  11.427	   4.855	  27.145
22	-155.606	15	  16.343	  -0.073	  13.465
23	-154.331	15	  35.296	   2.254	  25.631
24	-153.045	14	   5.420	   0.176	  26.278
25	-150.575	14	  39.822	   8.395	  42.299
26	-148.809	14	  22.162	  17.051	  50.073
27	-138.738	14	  11.704	  -5.547	  39.883
28	-135.102	13	  36.411	  19.294	  29.958
29	-135.054	13	   3.979	   5.225	  38.397
30	-128.808	13	  37.354	  13.687	  51.910
31	-113.286	11	  12.653	   9.074	  11.581
32	-106.310	7	  23.718	   7.211	  44.615
33	-101.152	10	   8.268	  -5.457	  19.664
34	 -98.582	10	  31.113	   5.813	  51.570
35	 -89.275	9	  23.895	   7.560	   9.869
36	 -84.520	8	  39.587	  18.172	  42.994
37	 -71.760	7	  18.502	  25.120	  39.331
38	 -59.716	6	  19.971	   9.513	  53.972
39	 -40.479	4	  35.979	   2.816	  35.448
40	 -40.150	4	   7.211	  -8.385	  33.997
41	 -39.285	4	   7.717	   3.849	  17.452
42	 -28.790	3	  21.538	  -8.766	  44.314
43	 -27.591	3	   0.555	   9.187	  30.941
44	 -21.081	2	  34.211	  21.032	  14.972
45	 -14.053	1	  23.211	  10.571	  28.972
46	 -13.947	1	  32.211	  11.571	  35.972
47	 -10.400	1	  28.211	  15.571	  54.972
48	  -9.032	1	  33.211	  12.571	   9.972
