1	-1246.869	104	  35.005	 -11.917	  26.469
2	-1189.969	103	   9.381	   4.977	  46.317
3	-857.314	80	  11.144	  10.116	  36.302
4	-792.961	78	  37.244	   2.942	  23.902
5	-670.522	64	  32.919	  -1.504	  20.953
6	-647.579	55	  18.096	  -3.658	   2.696
7	-603.644	52	  14.582	 -25.900	  29.977
8	-602.007	48	  22.503	 -10.848	  41.925
9	-570.041	56	   6.929	   9.408	  30.579
10	-556.758	49	  30.957	   0.274	  59.286
11	-537.272	48	  37.757	  -2.806	  34.638
12	-496.712	43	  29.740	  27.027	  45.212
13	-477.433	38	  33.903	  27.525	  33.574
14	-457.156	43	  35.881	  18.227	  56.897
15	-451.640	38	  20.033	  20.591	  61.427
16	-446.814	37	  23.103	 -26.113	  10.007
17	-424.202	39	  24.787	  31.625	  39.305
18	-423.933	39	  16.697	  30.941	  27.420
19	-391.888	25	  26.543	 -16.220	  15.495
20	-388.171	36	   8.694	 -20.992	  11.750
21	-387.477	34	   4.124	  14.484	  35.239
22	-380.699	36	  46.892	   5.152	  15.380
23	-380.052	30	  18.634	  27.525	  54.706
24	-379.530	36	  26.502	   9.375	   2.637
25	-377.800	35	  -2.926	  18.040	  30.526
26	-377.052	36	  51.349	  -7.278	  -1.679
27	-368.253	34	   6.879	  13.884	  59.070
28	-362.360	27	  18.545	  13.672	  38.120
29	-353.930	33	   6.138	  -2.161	  35.209
30	-351.737	31	  10.311	   2.893	   4.887
31	-349.182	27	  25.862	  -2.684	  19.064
32	-346.236	32	  38.067	 -23.219	  16.701
33	-344.779	30	   4.656	 -13.142	  13.679
34	-340.752	31	  12.047	 -10.366	   5.120
35	-338.959	22	  17.924	  15.484	  51.606
36	-338.561	33	  -8.387	  32.572	  45.851
37	-328.101	30	  20.701	  34.058	  46.488
38	-327.302	29	  21.438	 -16.106	   1.066
39	-321.968	31	  36.933	 -20.173	   3.562
40	-312.140	26	  -2.064	   8.713	  42.696
41	-309.591	27	  39.505	  18.123	  48.759
42	-306.932	29	  57.370	  -2.731	   9.459
43	-306.536	29	   2.788	   0.093	  12.265
44	-304.429	27	  23.713	  -7.972	  -2.237
45	-304.320	28	  41.516	  21.017	  36.235
46	-301.757	25	  41.459	  -0.290	  18.498
47	-296.813	29	   7.457	  25.905	  57.906
48	-289.227	27	  27.456	  26.815	  14.725
49	-271.806	26	  37.565	  22.616	  26.904
50	-269.426	25	   5.888	  21.797	  30.799
51	-265.023	24	  37.243	   5.230	  51.721
52	-261.464	25	 -12.435	  13.924	  48.279
53	-255.258	24	  30.738	   0.333	  -4.345
54	-245.987	22	   7.211	 -18.034	  25.600
55	-243.042	23	  13.623	  37.022	  37.751
56	-238.811	23	 -10.265	  20.590	  58.248
57	-230.572	22	  48.731	 -21.188	   4.708
58	-229.514	22	  17.239	  21.452	   8.453
59	-222.800	21	  54.856	 -22.000	   9.770
60	-216.293	21	   2.120	  -9.241	  19.550
61	-211.380	20	  34.709	  -2.824	  47.242
62	-211.296	20	  10.101	 -13.883	  34.832
63	-210.822	20	  -3.483	  11.868	  57.154
64	-207.740	19	  54.661	 -16.819	   1.653
65	-204.945	18	  35.162	   6.079	  12.538
66	-204.672	21	  12.330	   3.435	  56.742
67	-199.480	18	  17.232	  -6.606	  49.045
68	-193.577	19	  14.194	 -28.613	  16.099
69	-192.403	18	  47.566	 -22.537	  17.470
70	-187.767	14	  46.744	  -7.778	  22.799
71	-185.864	18	 -15.854	  21.131	  42.454
72	-182.131	18	  29.935	 -29.447	  13.508
73	-181.600	18	  31.610	  14.175	   8.009
74	-176.480	17	  32.599	  31.734	  24.736
75	-174.850	17	  40.258	   6.136	  32.182
76	-173.826	17	  35.914	  11.727	  18.685
77	-173.281	16	  25.974	  15.807	  64.561
78	-171.441	13	  29.820	 -16.927	   3.988
79	-170.883	16	  -8.402	  10.594	  38.530
80	-167.426	16	  39.730	  -7.315	  -5.082
81	-165.721	16	  55.379	 -11.991	  18.926
82	-160.693	15	   4.602	   1.056	  27.899
83	-157.400	16	  18.389	   0.178	  61.807
84	-156.555	14	  28.169	 -17.019	  36.685
85	-154.873	15	  43.157	  15.589	  41.547
86	-152.097	15	  14.294	  15.550	  64.680
87	-139.746	13	 -11.381	  24.796	  37.102
88	-139.173	14	  36.869	   6.191	   2.802
89	-136.405	13	   5.888	  36.945	  45.204
90	-124.175	12	   6.638	  -4.743	  43.193
91	-124.031	11	  42.454	 -15.356	  -3.580
92	-115.866	11	   9.088	  16.662	  24.296
93	-113.272	11	  -3.678	  24.488	  57.570
94	-109.678	11	  -3.951	  31.987	  34.921
95	-108.868	10	  -9.716	  29.313	  54.666
96	-108.422	11	  13.803	  27.456	  18.723
97	-102.625	10	  25.176	   2.573	  64.909
98	-101.119	10	   7.601	  31.439	  31.164
99	 -97.152	10	  27.859	 -28.133	  27.977
100	 -97.100	6	  26.889	  22.140	  35.355
101	 -96.693	9	   2.214	  34.332	  53.247
102	 -96.601	9	  62.141	 -15.341	  11.119
103	 -96.144	6	  17.368	   0.709	  11.071
104	 -89.888	9	  10.861	  12.842	   4.751
105	 -88.831	6	  19.125	 -12.906	  12.144
106	 -88.440	8	  52.958	  -2.394	  22.212
107	 -88.293	9	  41.523	   8.183	  45.164
108	 -87.754	9	  19.851	   9.708	  67.678
109	 -85.925	9	  31.553	 -20.192	  29.347
110	 -82.623	8	  22.369	 -32.580	  22.559
111	 -81.679	8	  -2.934	  35.147	  42.156
112	 -79.240	8	  47.870	   2.734	   0.723
113	 -70.980	7	  34.801	  11.642	  62.590
114	 -70.891	7	  37.801	 -10.404	  36.335
115	 -66.127	7	  18.617	   3.388	  -3.070
116	 -59.145	6	   9.558	  24.465	  24.555
117	 -58.943	4	  25.281	  19.714	  48.679
118	 -55.364	6	  27.685	  27.810	  57.410
119	 -50.312	5	  60.386	 -11.378	   2.915
120	 -48.854	5	  27.183	  21.017	   6.915
121	 -46.269	5	  16.215	 -18.392	  40.708
122	 -43.901	4	  33.191	 -26.060	  22.474
123	 -42.547	3	  15.001	  20.809	  29.538
124	 -36.634	4	  36.972	 -25.947	   9.684
125	 -29.984	3	  11.215	 -11.842	  42.950
126	 -29.957	3	  28.534	 -24.828	   5.234
127	 -29.158	3	 -16.057	  28.173	  49.515
128	 -29.068	3	  33.525	 -10.948	  44.158
129	 -28.572	3	  13.250	 -26.191	   9.207
130	 -28.571	3	  54.215	  -1.879	   2.277
131	 -27.367	3	  37.550	  27.477	  44.245
132	 -21.910	2	   8.371	  13.231	  13.915
133	 -20.159	2	   4.180	  10.809	  19.810
134	 -19.920	2	   1.721	  37.809	  35.915
135	 -19.179	2	   8.215	 -26.708	  24.915
136	 -19.026	2	  42.215	 -10.191	  29.422
137	 -18.813	2	  28.726	  -9.702	  50.382
138	 -18.772	2	  46.238	   1.228	  26.938
139	 -18.295	2	 -10.294	  14.318	  27.424
140	 -18.011	2	  53.713	   7.809	  19.915
141	 -18.009	2	  41.717	   2.809	  -5.085
142	 -11.046	1	  30.215	  21.809	  61.915
143	 -10.484	1	  25.215	  -5.191	  26.915
144	 -10.102	1	  -1.785	   3.809	  35.915
145	  -9.721	1	  23.215	 -27.191	  34.915
146	  -9.546	1	  28.215	  35.809	  32.915
147	  -9.450	1	  35.215	  25.809	  17.915
148	  -9.334	1	   2.215	   1.809	  43.915
149	  -9.240	1	   2.215	  -7.191	  29.915
150	  -8.990	1	   0.215	  19.809	  62.915
