1	-984.909	89	  37.110	 -31.576	  25.502
2	-686.999	61	  39.641	 -27.964	  29.907
3	-550.033	50	  43.657	 -18.030	  37.433
4	-330.848	30	  27.083	 -34.544	  33.713
5	-315.181	30	  51.162	 -21.176	  49.528
6	-297.581	29	  47.629	 -20.372	  24.411
7	-276.588	27	  41.998	 -42.700	  17.230
8	-245.834	24	  62.223	 -29.277	  25.026
9	-243.698	21	  39.957	 -36.082	  39.042
10	-240.660	23	  38.491	 -24.420	  45.632
11	-215.567	19	  27.509	 -21.889	  36.607
12	-186.867	17	  56.864	 -34.215	  21.609
13	-163.605	15	  31.566	 -31.623	  42.293
14	-161.667	15	  30.131	 -33.324	  20.437
15	-130.585	13	  36.976	 -29.996	  11.730
16	-121.583	10	  61.656	 -27.331	  35.238
17	-121.442	11	  53.653	 -30.844	  14.199
18	-120.676	11	  56.306	 -18.286	  40.781
19	 -93.862	9	  23.822	 -27.680	  29.264
20	 -93.361	9	  60.969	 -20.533	  33.334
21	 -90.076	9	  62.351	 -37.966	  31.242
22	 -89.871	9	  44.894	 -29.333	  46.750
23	 -89.685	9	  45.295	 -33.845	   9.107
24	 -73.213	7	  52.888	 -38.254	  34.070
25	 -56.222	6	  35.346	 -42.213	  27.785
26	 -51.406	5	  43.503	 -41.752	  34.141
27	 -41.458	4	  55.141	 -41.188	  27.558
28	 -41.112	4	  64.815	 -34.539	  37.211
29	 -31.598	3	  56.940	 -20.236	  23.107
30	 -20.375	2	  21.318	 -28.096	  38.208
31	 -18.863	2	  50.829	 -38.025	  12.697
32	 -18.747	2	  56.795	 -30.536	  48.208
33	 -10.589	1	  55.318	 -38.536	  41.208
34	  -9.994	1	  48.318	 -45.536	  26.208
35	  -9.122	1	  48.318	 -23.536	  12.208
