1	-1490.517	128	  43.427	  43.626	   9.207
2	-883.718	75	  56.596	  46.319	  22.839
3	-761.480	60	  49.105	  48.317	   8.306
4	-655.276	55	  65.537	  34.508	  16.757
5	-552.630	49	  58.493	  23.043	  10.916
6	-545.735	48	  33.622	  27.058	  23.033
7	-518.104	45	  45.748	  64.150	   5.323
8	-490.911	43	  49.764	  37.503	  -1.559
9	-446.130	36	  73.384	  50.794	  -0.513
10	-407.239	39	  47.348	  15.885	  20.718
11	-386.113	35	  53.861	  65.155	  13.543
12	-362.697	34	  60.845	  27.302	  -3.197
13	-357.747	33	  27.865	  42.120	  10.107
14	-345.917	32	  28.519	  35.798	  16.437
15	-340.561	29	  51.943	  24.951	  24.413
16	-337.930	32	  61.318	  38.064	  -6.682
17	-332.587	32	  46.911	  26.428	  -1.747
18	-318.685	31	  57.720	  57.814	  21.269
19	-315.702	29	  30.013	  46.007	  18.798
20	-309.582	28	  79.576	  44.569	  13.460
21	-300.270	28	  43.792	  29.214	  29.509
22	-277.927	26	  35.703	  65.078	   3.511
23	-273.300	25	  41.536	  39.582	  26.643
24	-269.769	24	  50.975	  16.011	   8.919
25	-265.492	27	  42.116	  69.448	  14.262
26	-262.660	25	  34.810	  13.384	  21.796
27	-259.593	25	  74.164	  37.915	  18.323
28	-221.961	22	  71.148	  53.968	  22.976
29	-218.193	21	  26.931	  35.126	   6.893
30	-213.599	19	  28.255	  63.753	   8.068
31	-207.334	20	  42.669	  17.816	   7.275
32	-204.342	19	  26.468	  49.292	   4.552
33	-202.324	19	  67.704	  42.111	  25.776
34	-187.974	15	  78.471	  43.713	   5.096
35	-185.575	18	  64.105	  52.969	  -3.151
36	-170.779	17	  35.259	  24.242	   1.815
37	-170.652	16	  70.731	  33.898	  -0.480
38	-167.114	16	  68.034	  32.106	   9.055
39	-166.697	16	  36.782	  45.322	  -1.307
40	-159.840	15	  64.834	  58.295	  18.843
41	-159.656	15	  82.271	  55.954	   7.916
42	-155.763	16	  52.598	  52.422	  27.154
43	-151.592	12	  62.207	  34.320	  23.476
44	-150.795	13	  54.016	  54.633	  -3.722
45	-145.849	14	  79.974	  51.308	  20.042
46	-141.280	14	  56.021	  31.716	  26.813
47	-133.112	13	  75.649	  39.362	  -3.088
48	-129.832	13	  60.350	  65.363	   1.869
49	-123.351	10	  36.563	  36.394	   2.510
50	-123.314	11	  31.387	  56.014	  -0.808
51	-111.027	11	  49.525	  37.071	  28.414
52	-102.581	10	  53.882	  46.455	  -3.084
53	-102.059	10	  41.811	  62.741	  24.437
54	-100.017	10	  43.903	  46.700	  -0.972
55	 -99.672	9	  30.653	  58.671	  18.741
56	 -93.336	9	  55.471	  62.753	  -4.060
57	 -87.240	9	  36.801	  14.020	  12.493
58	 -85.017	8	  33.290	  57.137	  25.269
59	 -82.045	8	  69.337	  63.647	   7.528
60	 -78.596	8	  25.919	  22.430	  16.429
61	 -78.083	7	  31.579	  32.057	   0.038
62	 -77.908	6	  42.867	  57.478	  11.687
63	 -65.765	6	  30.717	  66.887	  17.910
64	 -60.459	6	  69.190	  58.849	   0.212
65	 -60.035	6	  45.590	  60.900	  -2.806
66	 -47.445	5	  41.808	  44.613	  34.491
67	 -47.086	5	  74.188	  63.277	  14.116
68	 -41.061	4	  32.190	  39.123	  26.202
69	 -39.133	4	  26.663	  22.271	   7.430
70	 -34.409	3	  40.527	  19.995	  31.025
71	 -30.599	3	  32.190	  20.638	  27.712
72	 -28.649	3	  55.190	  19.352	  18.394
73	 -28.327	3	  49.847	  43.019	  34.712
74	 -20.062	2	  38.678	  51.682	  30.712
75	 -20.007	2	  48.656	  61.682	  26.712
76	 -19.738	2	  33.253	  47.214	  27.307
77	 -18.756	2	  21.190	  56.682	   0.237
78	  -9.196	1	  75.190	  33.682	   6.712
