1	-1523.244	134	  12.912	   3.455	  13.456
2	-1400.135	122	  45.797	  -2.108	  15.802
3	-1330.850	104	  42.705	 -13.784	   0.652
4	-1280.757	104	  17.059	  14.287	  -2.361
5	-1249.051	109	   3.771	  17.486	  -3.548
6	-1174.946	102	  55.850	 -17.592	   0.450
7	-899.152	81	  30.474	  -0.299	 -10.955
8	-895.699	79	  26.021	  -0.110	  -5.183
9	-684.054	59	  27.358	 -13.710	 -19.238
10	-676.265	63	  26.031	  17.742	   8.732
11	-654.926	59	  34.268	  13.013	 -19.974
12	-653.926	58	  15.285	  -1.020	  -3.643
13	-626.915	58	  32.718	 -16.257	  10.584
14	-607.701	55	  10.922	   4.911	   2.189
15	-572.641	50	  43.928	  -0.254	  -1.193
16	-568.992	50	  48.084	  -4.671	   4.967
17	-537.174	47	  21.108	  25.390	  -4.506
18	-496.856	44	  36.093	   0.098	  -4.522
19	-490.156	46	  44.641	 -19.790	  17.825
20	-486.220	44	  35.530	  20.820	 -18.587
21	-477.585	42	  -5.966	  -0.281	  10.616
22	-468.158	38	   9.591	  15.224	   1.555
23	-453.865	37	  49.989	 -14.804	   4.821
24	-430.612	38	  25.416	 -21.622	 -16.858
25	-426.727	41	   8.271	  10.403	 -14.034
26	-405.167	38	  17.828	 -13.277	 -13.713
27	-397.959	37	   4.581	  31.264	   3.050
28	-397.793	38	  37.546	 -13.381	 -24.939
29	-394.186	34	  64.783	   1.513	  13.403
30	-388.635	35	  48.432	   1.387	 -17.096
31	-380.444	37	  56.117	 -11.551	  26.793
32	-378.892	35	  43.950	   5.775	  19.928
33	-375.130	35	  35.812	 -28.517	  -1.774
34	-372.214	35	  34.356	   0.746	  22.733
35	-371.695	35	  12.546	  23.178	  13.181
36	-358.618	34	  50.039	 -27.297	 -10.202
37	-357.019	33	  14.614	   9.138	  21.011
38	-347.118	32	  61.327	  -7.495	  -4.625
39	-345.045	34	  -5.822	   8.235	  19.962
40	-342.474	32	  46.741	 -25.971	 -18.601
41	-342.403	32	  26.569	  12.813	 -26.611
42	-337.009	31	  52.369	 -11.595	 -10.503
43	-335.997	31	  13.247	 -13.820	  21.351
44	-332.517	27	  41.111	 -22.831	  -1.774
45	-332.456	31	  16.827	 -17.785	   3.750
46	-330.409	29	  44.490	  16.439	  20.954
47	-328.073	30	  10.616	  26.106	 -14.842
48	-326.601	28	  54.130	 -21.831	  24.115
49	-325.740	31	  46.783	   5.327	   6.659
50	-322.170	29	  44.389	  12.362	  -7.989
51	-319.433	31	   2.243	  13.207	  24.311
52	-312.671	27	   3.871	  24.748	  19.406
53	-308.571	30	  42.780	  18.524	   3.889
54	-303.418	28	  12.507	  -4.653	   4.730
55	-297.151	29	  14.808	  25.596	 -23.498
56	-295.373	28	  58.668	 -30.429	  10.522
57	-289.876	27	  30.466	 -11.595	  19.348
58	-285.424	28	  24.024	   2.173	  22.178
59	-283.554	27	  62.924	  -5.434	  23.681
60	-280.831	22	  32.881	  11.412	 -12.507
61	-276.310	27	  -6.609	   1.164	  -0.166
62	-274.192	26	  14.225	  -3.531	  19.811
63	-273.763	24	  13.178	  -2.473	 -18.981
64	-268.717	26	  35.990	   3.637	 -27.750
65	-266.746	25	  27.251	  12.921	  18.863
66	-263.324	24	  26.421	  -5.652	 -27.535
67	-263.164	26	  66.116	  -0.089	   2.467
68	-262.259	24	  25.512	 -24.208	   6.304
69	-259.821	24	  -0.654	   6.133	  -8.826
70	-258.246	20	  27.961	 -12.683	 -12.028
71	-258.164	26	  23.426	 -30.173	  -9.856
72	-255.470	24	   4.146	  -0.402	   7.695
73	-254.622	25	  19.055	  21.889	 -27.953
74	-250.422	23	  44.098	  11.402	 -14.812
75	-235.228	22	  49.818	 -12.347	 -19.615
76	-227.430	21	  44.635	  -6.314	  24.561
77	-226.670	22	  10.044	  31.569	  -8.724
78	-220.408	22	  29.573	 -31.575	 -20.503
79	-217.924	22	  19.479	  10.021	 -27.714
80	-217.058	21	   0.025	  32.492	   9.160
81	-213.798	20	  33.973	  25.035	   4.835
82	-209.843	21	  37.322	  27.673	 -12.003
83	-207.106	20	  49.250	 -32.081	  -3.625
84	-201.888	20	  46.402	  15.056	  11.526
85	-201.690	20	  12.045	 -12.545	  10.646
86	-196.403	19	  -6.486	  29.205	   0.350
87	-195.036	18	 -13.779	   7.373	  10.160
88	-195.010	18	  39.615	   7.356	 -22.148
89	-192.048	19	  -4.436	  19.025	  19.686
90	-189.914	17	  53.253	  -0.886	   9.478
91	-188.736	18	  48.187	   3.273	  -5.880
92	-187.235	19	  31.678	  29.518	 -23.200
93	-183.741	18	  20.791	  37.974	 -10.100
94	-180.317	16	  51.467	 -30.186	   5.206
95	-178.146	16	  42.724	  -1.432	 -25.720
96	-177.168	17	  14.562	 -10.552	  -6.428
97	-158.151	16	  64.599	 -17.883	  23.815
98	-157.464	15	  27.963	 -35.870	  -1.607
99	-157.065	14	  69.643	  -5.216	  18.962
100	-156.643	14	  68.900	 -22.259	   1.618
101	-150.251	14	  41.543	 -26.834	 -26.276
102	-148.000	13	  -9.428	  21.809	  -3.927
103	-143.949	13	  11.207	  11.546	 -22.185
104	-143.109	14	  38.920	 -39.831	  -6.509
105	-139.002	13	  18.584	  -0.668	 -26.493
106	-137.270	13	  69.646	 -26.956	   8.122
107	-134.678	13	  16.232	  24.590	   3.629
108	-128.404	13	  46.945	 -40.204	  -8.751
109	-123.690	11	  58.580	 -24.957	   1.272
110	-123.084	11	  43.337	 -23.436	   5.976
111	-119.882	12	  30.578	  36.086	  -5.087
112	-119.869	12	  43.967	 -20.907	 -22.959
113	-115.948	11	  16.826	  17.796	  18.642
114	-114.427	10	  73.206	  -6.772	  12.131
115	-112.302	11	  19.494	 -25.132	  19.294
116	-110.415	11	  22.465	  19.711	   1.525
117	-100.746	10	  12.621	  39.108	 -14.801
118	-100.406	8	  40.382	  -7.212	  18.183
119	 -98.853	9	  32.663	 -41.631	 -15.366
120	 -96.874	9	  21.059	  -7.883	 -22.615
121	 -95.385	10	  37.558	  26.980	  20.277
122	 -93.027	9	  12.627	  30.253	   0.478
123	 -92.154	9	  35.452	  14.400	  24.908
124	 -91.983	8	  27.857	  39.739	 -20.207
125	 -89.716	9	  70.606	 -17.687	  20.336
126	 -83.400	8	  37.639	 -17.435	   4.655
127	 -82.108	5	   8.646	  13.734	  16.591
128	 -79.972	8	  46.602	 -35.813	 -26.252
129	 -78.834	8	  44.466	 -39.713	 -18.056
130	 -78.581	8	  -8.589	  28.808	  13.664
131	 -76.638	8	  58.950	   4.406	   8.862
132	 -73.658	8	 -10.758	   8.416	  -1.746
133	 -73.262	7	  30.035	  24.328	  15.616
134	 -67.826	7	  35.407	  36.199	 -13.108
135	 -67.251	7	  66.257	 -28.914	  18.634
136	 -67.180	7	   6.049	  -0.371	  17.722
137	 -62.062	4	  49.485	 -11.337	  19.637
138	 -61.648	6	   1.662	  24.702	  -3.536
139	 -60.622	6	  16.032	  38.186	 -22.909
140	 -59.567	6	  15.470	  33.632	 -30.662
141	 -57.731	6	  51.223	 -32.528	  14.890
142	 -57.008	6	  -3.308	  13.693	  -9.817
143	 -56.279	5	  11.682	  19.539	 -20.542
144	 -52.332	5	  45.680	 -11.422	 -25.768
145	 -48.846	5	  71.678	 -10.267	   3.627
146	 -47.687	5	  23.018	 -12.619	  25.430
147	 -47.588	5	   4.455	   2.585	  25.232
148	 -47.427	5	   8.310	   4.453	 -20.863
149	 -44.713	4	  27.857	 -23.537	  17.988
150	 -42.349	4	  17.347	 -21.049	  -3.967
151	 -39.059	4	 -17.620	  14.924	   4.277
152	 -39.039	4	  54.561	  -3.394	 -15.815
153	 -37.875	4	  66.332	 -16.854	  -3.734
154	 -37.187	3	 -12.728	  17.420	  15.009
155	 -30.197	3	   3.911	  -4.450	  -5.537
156	 -29.869	3	  77.225	 -18.383	   7.693
157	 -29.068	3	  53.182	   0.496	  27.322
158	 -28.099	3	  55.851	   3.831	  -3.035
159	 -20.143	2	  39.355	 -17.829	  14.009
160	 -19.962	2	  24.857	  31.672	 -30.991
161	 -19.575	2	  37.321	 -34.293	 -27.455
162	 -19.453	2	  18.866	  19.666	  11.009
163	 -18.475	2	  60.352	 -25.829	  25.514
164	 -10.948	1	  41.857	  22.171	  -4.991
165	 -10.111	1	   5.857	  -1.829	 -14.991
166	  -9.735	1	 -15.143	  14.171	  -3.991
167	  -9.315	1	  -8.143	  33.171	   6.009
