1	-850.278	67	  11.150	  45.046	  45.837
2	-543.022	48	  22.230	  53.277	  40.588
3	-531.996	46	   3.631	  24.368	  37.877
4	-464.673	43	  26.027	  46.825	  23.376
5	-422.605	39	  18.239	  34.990	  38.082
6	-420.906	37	  -4.499	  59.226	  42.531
7	-407.255	34	  10.578	  46.028	  19.601
8	-404.640	38	  -2.454	  28.677	  25.378
9	-377.006	33	   0.265	  37.091	  46.222
10	-346.558	34	   3.801	  53.838	  46.493
11	-344.220	30	  -5.300	  61.797	  26.953
12	-343.055	32	  -8.453	  47.662	  40.925
13	-329.686	30	 -10.544	  63.742	  35.463
14	-327.882	30	   9.578	  32.942	  16.694
15	-315.017	29	  14.044	  68.684	  39.945
16	-313.600	29	  23.268	  38.427	  22.461
17	-292.631	28	  17.738	  47.566	  19.242
18	-281.530	28	  10.850	  36.280	  44.673
19	-240.719	20	  17.031	  31.036	  17.785
20	-237.746	22	 -10.510	  34.426	  25.888
21	-236.506	21	  16.836	  23.809	  30.190
22	-200.599	19	 -14.543	  42.465	  29.039
23	-199.123	19	   4.890	  62.553	  23.482
24	-195.279	17	  -1.185	  51.755	  19.582
25	-192.340	18	  26.592	  58.800	  29.584
26	-189.971	17	  27.529	  49.616	  32.253
27	-183.423	17	  23.154	  63.878	  37.546
28	-179.699	17	   5.712	  21.970	  30.936
29	-175.017	16	   9.926	  69.300	  32.216
30	-169.606	16	 -14.548	  53.875	  32.185
31	-164.584	16	  14.426	  24.145	  37.255
32	-163.433	16	   8.704	  24.384	  22.015
33	-142.643	12	   5.613	  61.434	  48.340
34	-135.659	13	  -0.622	  36.412	  18.222
35	-129.789	13	   2.121	  69.197	  34.738
36	-128.336	13	  14.756	  65.830	  20.196
37	-127.189	13	  12.104	  58.051	  51.636
38	-121.937	12	  24.941	  67.061	  27.424
39	-118.372	11	 -10.178	  29.096	  41.530
40	-117.616	11	   6.718	  39.612	  15.518
41	-116.811	8	   7.183	  34.627	  27.072
42	 -96.850	10	   8.834	  69.335	  47.256
43	 -86.820	8	   5.376	  28.196	  44.358
44	 -79.738	7	  -9.474	  51.541	  26.652
45	 -79.591	8	  20.009	  74.688	  31.300
46	 -64.737	6	  28.747	  58.068	  20.922
47	 -61.193	6	  -6.191	  44.842	  23.129
48	 -58.837	6	  24.321	  30.167	  30.894
49	 -57.448	6	  -7.233	  20.387	  40.935
50	 -49.561	5	 -16.115	  34.104	  36.878
51	 -48.850	5	   6.733	  56.952	  17.732
52	 -48.317	5	  20.461	  51.201	  49.491
53	 -46.728	5	  23.706	  45.718	  41.074
54	 -45.556	4	  -9.670	  36.425	  43.760
55	 -39.904	4	  -2.314	  20.206	  33.276
56	 -38.850	4	  23.763	  28.423	  21.252
57	 -36.585	4	  26.789	  40.197	  34.785
58	 -28.104	3	  18.289	  67.374	  48.581
59	 -19.956	2	  23.288	  66.186	  17.775
60	 -19.697	2	 -16.181	  27.688	  30.276
61	 -19.337	2	  -1.236	  45.163	  48.751
62	 -18.894	2	   0.764	  69.688	  48.751
63	 -18.761	2	  -4.697	  24.688	  48.276
64	 -18.398	2	  -2.219	  40.688	  11.276
65	  -9.654	1	  15.289	  73.688	  25.276
