1	-997.100	90	  14.751	   6.376	  -0.303
2	-822.026	64	  12.640	 -12.875	  21.713
3	-751.987	70	  13.119	 -12.391	  12.275
4	-685.224	39	   4.583	 -13.169	  30.414
5	-549.872	51	  15.483	   1.644	  37.661
6	-542.842	34	   2.598	   4.221	  10.700
7	-533.150	45	  -2.959	  -5.874	  26.097
8	-459.791	42	  21.286	 -14.862	  23.157
9	-457.251	43	  22.626	  15.850	  15.031
10	-405.087	36	  32.272	  -7.514	  23.532
11	-391.004	35	  -1.629	  16.452	  23.913
12	-367.623	34	   3.168	  11.469	  38.174
13	-323.184	31	   2.363	 -18.655	  24.269
14	-319.398	28	   1.681	  -5.230	  37.636
15	-316.051	30	  -2.776	 -10.775	  16.868
16	-315.337	30	  20.224	 -15.309	  38.854
17	-312.398	30	  32.105	   2.449	  18.038
18	-298.633	26	  29.704	  -3.512	  11.149
19	-290.975	29	  11.647	  16.308	  31.579
20	-289.310	27	  -5.720	   8.677	  36.121
21	-259.151	26	  24.342	 -12.990	   7.491
22	-251.979	24	  23.680	  -6.907	  -0.038
23	-205.778	20	  -6.446	   8.756	  15.700
24	-194.088	19	   8.994	 -11.367	  -0.919
25	-185.073	18	  10.199	 -17.085	  37.853
26	-179.033	18	  14.945	  17.563	   9.235
27	-178.276	17	  26.367	   4.500	  31.672
28	-175.814	17	   8.239	  -2.332	  -6.717
29	-172.429	17	   0.672	   1.506	  -2.242
30	-163.233	15	  24.273	  15.681	  23.708
31	-160.878	15	  -7.793	   4.326	  26.656
32	-151.495	13	  26.063	   2.309	   2.070
33	-150.324	15	  24.985	  -5.567	  36.069
34	-149.325	15	   3.423	   0.999	  40.705
35	-142.293	13	  24.816	  12.778	   5.682
36	-140.276	12	   0.023	  16.186	  31.967
37	-130.025	13	  31.306	  12.901	  24.232
38	-126.308	11	  -2.475	 -14.400	  35.014
39	-124.633	11	   5.514	 -17.911	  14.185
40	-121.270	12	   1.762	  17.606	  11.741
41	-115.520	11	  -5.350	  -0.125	  15.858
42	-109.943	11	  15.999	 -20.441	  34.865
43	-107.143	11	   0.871	 -12.648	   7.044
44	-101.632	10	  29.582	 -16.815	  12.389
45	 -93.771	9	   4.804	  11.909	   3.970
46	 -80.824	8	  17.618	  19.380	  23.266
47	 -64.726	6	  -4.051	   0.928	  35.135
48	 -59.640	6	  17.759	  -7.712	  -4.127
49	 -51.920	5	  21.202	  14.358	  31.637
50	 -50.574	5	  24.775	 -17.218	  31.645
51	 -42.001	4	  31.055	   9.285	   9.873
52	 -41.143	4	  27.976	 -17.660	  22.632
53	 -37.192	4	  19.594	   3.515	  -7.385
54	 -28.837	2	  21.060	  -5.752	  26.873
55	 -18.928	2	   8.594	 -21.218	  31.390
56	 -18.515	2	   1.100	 -10.724	  41.873
57	 -11.559	1	   9.594	  -5.218	  13.873
58	 -10.651	1	  17.594	  12.782	  38.873
59	  -8.946	1	  -8.406	  17.782	  16.873
