1	-785.512	61	  29.180	  13.304	  17.989
2	-477.522	39	  15.923	  24.917	   9.648
3	-405.552	37	  36.024	  13.946	  28.841
4	-374.702	34	  27.729	  10.617	  27.095
5	-361.423	33	  21.675	   8.232	  13.767
6	-361.076	33	  36.915	  17.843	  36.862
7	-268.547	26	  32.654	  30.682	  41.849
8	-260.450	25	  13.557	  32.567	  28.344
9	-245.021	22	   8.980	  29.073	  18.203
10	-243.535	22	  27.709	  34.474	  16.256
11	-233.691	21	  19.135	  13.782	  39.153
12	-219.028	21	  28.123	  13.501	  40.922
13	-213.998	19	  17.573	  34.551	  15.065
14	-206.783	20	  11.469	  28.454	  38.563
15	-193.395	18	  19.297	   8.192	  27.468
16	-188.520	18	   7.790	  19.532	  19.829
17	-181.944	16	  38.934	  31.262	  35.085
18	-181.244	18	  11.156	  10.567	  28.929
19	-179.728	16	  36.750	  10.339	  16.709
20	-165.030	10	  32.133	  29.459	  30.902
21	-162.779	14	  41.776	  21.329	  17.238
22	-162.481	16	  25.411	  25.716	  44.779
23	-154.288	15	  37.000	  29.247	  12.751
24	-153.640	14	  33.374	  37.722	  30.186
25	-148.155	15	  38.767	  16.763	   6.812
26	-145.748	14	  26.599	  13.744	   1.071
27	-142.727	14	  22.993	  36.713	  28.651
28	-136.963	13	  31.921	  34.299	  22.687
29	-136.670	13	  15.104	  10.773	   7.855
30	-134.909	13	  27.967	  27.052	   4.289
31	 -94.160	10	  43.579	  17.349	  26.886
32	 -48.560	3	  31.915	  18.442	   9.301
33	 -39.889	4	   5.641	  19.466	  32.144
34	 -37.953	4	  17.924	  13.147	   0.389
35	 -37.584	4	  32.428	  10.427	   4.618
36	 -36.935	4	  21.178	  33.150	  43.166
37	 -30.519	3	  12.047	   6.610	  22.411
38	 -30.238	3	   3.915	  24.044	  25.323
39	 -21.779	2	  14.915	  22.664	  44.088
40	 -19.865	2	  32.455	  19.664	  -0.360
41	 -19.718	2	  20.915	  34.117	   7.093
42	 -18.559	1	  21.915	  23.664	  24.640
43	  -9.094	1	  39.915	  33.664	  21.640
