1	-686.103	50	  43.767	  -2.721	  27.666
2	-453.035	40	  51.746	  -1.080	  36.823
3	-448.496	36	  38.407	   6.290	  11.835
4	-406.731	37	  33.693	  -2.058	  27.429
5	-358.858	33	  44.545	   2.251	  36.083
6	-317.532	27	  59.943	   4.315	  40.054
7	-284.259	26	  55.383	   6.747	  13.383
8	-274.214	24	  46.065	  16.173	  41.388
9	-243.859	22	  39.299	  17.935	  13.849
10	-241.303	23	  51.608	  10.730	  44.385
11	-230.387	22	  48.260	  22.539	  21.127
12	-212.185	18	  47.048	  12.113	   9.530
13	-183.416	18	  57.145	  -8.798	  24.577
14	-179.056	17	  56.745	  18.893	  18.978
15	-172.016	17	  48.965	  27.670	  29.210
16	-170.200	17	  66.829	  11.021	  21.675
17	-169.941	16	  37.797	   7.162	  36.773
18	-169.116	16	  56.489	  -4.862	  15.186
19	-169.099	13	  67.254	   6.457	  30.409
20	-148.005	14	  33.356	  15.428	  21.225
21	-147.494	14	  46.220	  -9.261	  31.269
22	-143.823	14	  31.410	  11.021	  33.805
23	-143.270	14	  61.007	  22.258	  35.004
24	-141.377	13	  35.794	 -10.437	  14.878
25	-135.727	8	  60.694	   9.700	  26.962
26	-133.381	13	  47.564	 -15.090	  19.872
27	-117.900	12	  36.031	  17.029	  35.629
28	-109.443	10	  45.807	  -5.403	   9.775
29	-109.134	10	  62.178	   3.737	  18.241
30	 -90.829	9	  67.447	  17.040	  29.410
31	 -90.302	5	  45.500	  -7.850	  18.968
32	 -85.382	8	  64.827	  13.936	  38.507
33	 -80.423	8	  28.531	   1.232	  23.240
34	 -78.051	8	  57.025	  19.279	  41.317
35	 -75.952	8	  29.030	  -3.382	  14.443
36	 -67.076	7	  39.456	 -15.034	  19.823
37	 -58.235	6	  59.607	  -4.742	  35.695
38	 -47.804	3	  36.866	   6.503	  23.808
39	 -40.260	4	  35.650	  23.654	  28.221
40	 -38.479	4	  41.979	 -12.936	  26.602
41	 -31.370	3	  46.466	   5.132	   4.808
42	 -21.684	2	  50.147	  25.834	  38.245
43	 -18.505	2	  43.147	 -13.677	  11.808
44	  -8.925	1	  41.147	  27.834	  35.808
