1	-1372.508	117	  49.884	 -29.450	   2.741
2	-874.819	73	  40.601	 -25.624	   5.822
3	-758.508	62	  37.848	 -29.680	  11.580
4	-678.969	59	  15.156	 -41.788	   7.358
5	-589.228	54	  47.963	 -29.090	  14.257
6	-550.862	50	  24.743	 -39.928	  -9.557
7	-446.040	40	  16.777	 -41.104	  -2.897
8	-421.873	38	  69.398	 -28.148	  11.574
9	-420.229	40	  55.527	 -38.134	   8.356
10	-375.115	35	  38.598	 -47.981	  -3.737
11	-359.870	34	  55.121	 -33.327	  -2.615
12	-353.743	33	  55.650	 -14.158	   3.431
13	-352.125	34	  23.231	 -14.136	   2.967
14	-308.942	30	  41.777	 -12.732	  23.214
15	-293.325	28	  33.827	 -25.900	  16.160
16	-273.743	27	  27.636	 -50.861	   4.156
17	-263.080	24	  50.720	 -37.966	 -12.810
18	-257.847	24	  54.746	  -6.563	  12.590
19	-243.495	22	  49.783	  -6.998	  19.926
20	-238.270	23	  29.796	 -50.868	  -6.042
21	-216.009	21	  43.351	  -4.451	  12.203
22	-212.264	20	  29.983	 -44.861	  12.040
23	-198.338	18	  66.074	 -15.130	   6.070
24	-184.804	18	  27.639	 -10.669	  11.631
25	-183.627	18	  19.737	 -43.583	  16.480
26	-163.639	16	  37.288	 -46.501	  11.539
27	-161.903	16	  39.931	 -40.975	 -16.081
28	-159.740	15	  35.766	  -7.585	  11.701
29	-153.261	16	  29.555	 -27.581	  -8.752
30	-152.966	15	  45.584	 -13.014	   3.279
31	-140.581	13	  18.053	 -17.222	  11.133
32	-137.559	12	  38.194	 -35.205	  17.495
33	-136.575	13	  13.284	 -25.917	  -2.299
34	-135.267	13	  35.309	 -31.778	 -12.746
35	-128.317	12	  37.980	 -17.289	  -0.225
36	-125.563	12	  41.551	 -23.441	  -7.612
37	-125.260	12	  21.020	 -35.105	  18.058
38	-121.755	12	  49.235	 -45.169	   1.864
39	-110.997	11	  27.037	 -20.844	  14.103
40	-110.438	11	  34.983	 -18.663	  19.245
41	-106.764	8	  43.202	 -36.878	  11.073
42	-100.817	10	  30.916	 -42.074	 -12.199
43	 -93.335	10	  66.989	 -22.834	  20.632
44	 -91.853	9	  47.881	 -28.925	 -14.771
45	 -91.047	9	  14.425	 -35.377	   1.207
46	 -86.963	9	  44.583	 -20.378	  24.036
47	 -81.818	8	  69.599	 -25.994	   3.562
48	 -79.060	8	  13.669	 -32.029	  11.644
49	 -76.551	8	  21.206	 -51.249	  -8.346
50	 -68.698	7	  47.244	 -21.808	   1.767
51	 -67.956	7	  62.628	 -30.614	  16.960
52	 -67.945	7	  67.958	 -13.211	  16.487
53	 -67.338	7	  54.768	 -22.030	  25.770
54	 -63.169	6	  41.860	  -5.550	  19.845
55	 -60.393	6	  21.160	 -23.644	  18.144
56	 -59.611	6	  50.626	 -42.085	  14.362
57	 -39.707	4	  55.207	 -14.930	  27.138
58	 -36.882	4	  63.347	 -24.844	  -0.843
59	 -31.279	3	  48.823	 -46.640	 -14.525
60	 -29.759	3	  21.221	 -21.964	  -7.843
61	 -27.844	3	  52.501	 -44.962	  -6.503
62	 -19.339	2	  29.831	 -29.632	  21.626
63	 -18.641	2	  35.325	  -7.610	  22.651
64	 -18.472	2	  74.831	 -19.118	  15.157
65	 -18.271	2	  12.293	 -18.682	   6.207
66	 -10.930	1	  51.831	 -25.632	  -7.843
67	 -10.383	1	  61.831	  -8.632	  16.157
68	 -10.284	1	  67.831	 -33.632	   4.157
