1	-838.215	61	  43.443	  -2.648	  27.665
2	-483.783	40	  38.205	   5.619	  11.643
3	-423.751	38	  51.360	  -0.636	  37.098
4	-363.423	33	  33.121	  -2.188	  27.197
5	-341.205	29	  59.575	   4.803	  39.709
6	-322.433	30	  49.336	  21.535	  19.143
7	-307.807	28	  43.913	   2.972	  36.338
8	-285.848	26	  45.189	  17.103	  40.848
9	-284.640	27	  51.446	  12.249	  43.921
10	-250.406	23	  39.049	  17.783	  13.559
11	-244.193	20	  47.054	  11.984	   9.569
12	-206.383	19	  56.857	  -8.892	  25.413
13	-201.739	18	  54.567	   5.498	  12.255
14	-201.258	19	  45.860	  -9.376	  31.280
15	-199.173	19	  35.661	 -10.497	  15.301
16	-182.843	17	  60.565	   5.578	  17.873
17	-171.325	17	  48.843	  27.473	  28.213
18	-169.199	16	  33.314	  15.446	  20.440
19	-165.406	16	  56.988	  -5.343	  16.245
20	-163.624	15	  37.771	   7.398	  36.698
21	-162.519	16	  30.405	  10.946	  32.667
22	-149.958	15	  66.134	  11.539	  21.162
23	-148.494	14	  47.793	 -14.985	  20.514
24	-147.604	14	  58.893	  -4.248	  35.398
25	-128.286	11	  67.599	   7.966	  30.141
26	-123.057	8	  60.525	  10.106	  26.993
27	-122.354	12	  45.031	  -5.358	   9.584
28	-121.213	12	  28.315	   1.072	  21.130
29	-117.623	12	  57.765	  17.308	  18.579
30	-105.209	10	  60.586	  22.976	  34.275
31	 -90.410	9	  36.171	  17.205	  35.526
32	 -85.646	8	  66.464	  17.587	  30.506
33	 -84.902	9	  35.214	  23.126	  27.460
34	 -84.825	8	  64.486	  14.490	  38.327
35	 -80.059	8	  56.751	  20.319	  40.614
36	 -72.410	4	  45.562	  -7.464	  19.234
37	 -48.079	5	  39.305	 -15.110	  20.320
38	 -39.038	4	  38.018	   1.053	  32.577
39	 -30.723	3	  43.170	 -13.533	  12.117
40	 -30.655	3	  46.552	   4.536	   4.704
41	 -29.047	3	  49.563	  26.226	  36.704
42	 -28.872	3	  29.234	  -6.083	  13.012
43	 -17.448	1	  36.888	   5.880	  23.704
