1	-1107.549	87	   7.951	   3.588	  24.487
2	-756.753	73	  13.504	  11.720	  20.488
3	-405.443	39	  14.496	  -7.404	   0.803
4	-394.251	36	  26.475	  14.859	   4.769
5	-384.427	33	   0.135	 -12.547	  14.937
6	-377.668	36	  22.791	   9.542	  27.308
7	-331.745	30	  30.516	   9.851	  20.476
8	-323.522	31	   7.942	  -6.122	  35.986
9	-306.106	29	  35.083	   5.694	   9.837
10	-299.313	28	  13.483	 -14.242	  28.529
11	-296.534	26	   2.378	 -14.177	  26.277
12	-250.515	23	  20.377	 -16.578	   7.082
13	-240.756	21	  22.182	   3.376	  33.893
14	-233.676	22	   1.298	   1.513	   3.461
15	-229.577	21	  30.390	 -11.675	   5.990
16	-215.733	17	  15.365	 -15.764	  17.816
17	-194.212	18	  -5.950	   1.397	  27.047
18	-191.194	19	  25.747	 -12.112	  23.490
19	-188.886	18	  14.366	  16.113	   5.334
20	-178.197	18	   6.570	  13.293	   6.597
21	-177.829	14	  -0.140	   2.584	  12.071
22	-175.449	17	  -1.877	  -3.864	  34.580
23	-152.935	14	  26.747	   7.652	  -2.610
24	-150.520	15	  -9.826	  -7.915	  22.161
25	-139.449	14	  -0.164	 -12.190	   7.776
26	-134.705	14	  14.918	   6.349	  -3.957
27	-118.903	11	  28.368	  19.688	  15.694
28	-118.387	12	  35.022	  -3.371	   6.768
29	 -99.831	10	  -6.990	   2.667	  17.159
30	 -99.467	10	  22.063	  -7.712	   0.235
31	 -99.243	10	  29.226	  -3.103	  -1.159
32	 -98.903	10	  21.228	  -6.251	  33.363
33	 -86.020	9	   7.964	 -19.055	  10.372
34	 -76.693	8	  35.479	  -2.929	  21.106
35	 -75.161	7	  20.874	  21.966	  18.693
36	 -68.961	4	   6.774	  -3.648	  27.671
37	 -56.545	6	  20.283	   0.579	  -2.841
38	 -51.455	5	   5.220	 -20.413	  17.624
39	 -41.820	4	  13.409	   9.089	  34.712
40	 -40.800	4	   6.117	   0.331	  -4.743
41	 -40.476	4	  27.093	 -16.036	  15.379
42	 -36.874	4	  -2.621	 -11.662	  31.737
43	 -30.513	3	   3.662	  15.123	  15.129
44	 -28.333	3	  34.126	 -14.047	  13.175
45	 -27.890	3	  28.237	  -0.413	  30.737
46	 -20.675	2	  13.637	  21.587	  13.979
47	 -12.654	1	  26.126	   0.587	  15.490
48	  -8.920	1	  20.126	  14.587	  -1.510
