1	-1037.089	81	   8.142	   3.632	  25.266
2	-691.763	64	  14.302	  11.860	  20.210
3	-619.787	57	   0.382	 -13.121	  13.197
4	-429.566	42	  21.960	   9.328	  27.833
5	-409.532	36	  30.101	 -11.740	   7.550
6	-404.751	37	  34.738	   4.394	   9.409
7	-350.986	31	   1.826	 -14.384	  25.915
8	-339.161	32	  25.870	  14.952	   4.451
9	-335.018	31	  20.434	 -17.163	   8.633
10	-333.714	30	  13.567	 -10.977	   2.333
11	-313.161	31	   6.309	  12.199	   5.588
12	-300.947	29	  29.555	  11.019	  21.815
13	-269.680	26	  22.801	  -8.145	  -0.080
14	-269.159	26	   7.747	  -5.466	  36.043
15	-264.225	25	  12.812	 -14.015	  29.143
16	-262.669	24	  20.995	   3.700	  34.469
17	-252.650	25	  14.613	  16.136	   4.758
18	-203.935	17	  15.079	 -15.795	  18.368
19	-186.116	14	  -0.237	   2.619	  11.796
20	-183.333	17	   1.240	   1.335	   2.860
21	-179.529	16	  26.128	   7.410	  -2.483
22	-163.549	15	  -6.503	   1.389	  26.529
23	-158.254	14	  29.735	 -13.304	  15.135
24	-156.627	16	  31.907	   0.657	  -2.979
25	-154.043	16	  23.784	 -12.664	  23.066
26	-148.426	15	  34.985	  -3.623	  19.273
27	-144.919	14	  14.250	  -4.029	   0.147
28	-140.444	14	  -6.853	   3.463	  17.086
29	-140.155	14	 -10.587	  -6.724	  21.288
30	-134.254	13	  -2.108	  -3.249	  34.331
31	-104.237	10	  20.774	  -6.592	  33.199
32	-103.482	10	  21.338	  22.194	  14.529
33	-100.968	10	  13.920	   3.804	  -4.977
34	 -97.267	9	  34.651	  -9.036	  -2.946
35	 -95.749	9	   5.961	  11.479	  19.693
36	 -90.984	9	   6.812	 -20.168	  15.132
37	 -90.726	6	   6.204	  -5.022	  28.279
38	 -87.579	7	  29.801	  18.816	  17.210
39	 -75.150	8	  -1.624	 -11.590	  32.800
40	 -72.683	6	  31.570	  11.360	   8.143
41	 -57.235	6	  35.269	  -3.734	   3.336
42	 -48.333	5	  28.952	  -8.268	  26.714
43	 -47.630	5	   2.305	 -14.071	   2.561
44	 -38.625	4	   8.921	  19.616	  14.273
45	 -27.954	3	  20.924	  -0.145	  -2.671
46	 -27.755	3	  27.580	  -0.486	  30.683
47	 -23.023	2	  12.952	   9.514	  34.788
48	 -21.899	2	   5.952	  -0.939	  -4.671
49	 -12.668	1	  17.952	   1.514	  20.329
50	 -10.896	1	  13.952	  -1.486	  12.329
51	 -10.218	1	  25.952	   0.514	  15.329
52	  -9.532	1	  -7.048	 -13.486	  24.329
