1	-1061.166	79	   7.733	   3.223	  24.852
2	-513.349	49	  14.553	  11.928	  20.587
3	-497.210	47	  14.974	  -7.945	   1.012
4	-410.331	35	   0.467	 -12.499	  15.050
5	-406.940	38	  26.297	  15.273	   5.513
6	-366.915	34	   2.068	 -14.228	  26.626
7	-318.864	31	  23.754	   9.818	  26.907
8	-303.893	29	   7.806	  -6.471	  36.127
9	-299.057	28	  13.232	 -14.518	  28.433
10	-293.439	29	  13.236	  15.385	   4.775
11	-292.548	28	  35.009	   5.637	   9.390
12	-280.422	27	   1.102	   1.430	   3.510
13	-279.529	25	  30.444	  10.159	  20.565
14	-276.050	25	  22.342	   3.553	  33.637
15	-223.768	20	  20.540	 -16.508	   7.521
16	-210.580	17	  15.468	 -15.766	  17.909
17	-207.959	19	  30.224	 -11.643	   6.058
18	-178.419	18	  24.399	 -12.988	  22.425
19	-177.182	18	   3.376	  13.536	  10.260
20	-175.781	17	  -1.585	  -3.791	  34.583
21	-171.186	16	  -5.913	   1.530	  27.138
22	-167.618	17	   0.501	 -13.190	   7.375
23	-152.875	14	  27.001	   7.984	  -2.630
24	-145.948	11	  -0.366	   2.689	  12.042
25	-135.470	14	  14.201	   6.968	  -3.911
26	-120.792	12	  20.337	  -6.749	  33.178
27	-114.194	11	 -10.298	  -6.744	  22.005
28	-112.289	12	  19.707	   0.987	  -2.933
29	-111.428	11	  29.394	  -3.092	  -1.178
30	 -93.351	9	  14.676	   9.378	  30.716
31	 -91.477	9	  -7.469	   1.800	  17.716
32	 -89.655	9	  35.005	  -3.149	   6.902
33	 -86.650	8	   7.444	  12.230	  19.203
34	 -85.521	8	  29.031	  19.546	  16.777
35	 -77.549	8	  34.802	  -3.787	  20.361
36	 -76.664	8	   8.487	 -19.269	  10.590
37	 -72.013	7	  20.776	  21.988	  18.686
38	 -48.631	5	  11.300	  20.610	  14.277
39	 -41.632	4	   6.203	 -20.413	  17.689
40	 -40.589	4	   6.038	   0.341	  -4.745
41	 -32.206	3	  27.030	 -15.590	  15.913
42	 -30.522	3	  28.053	  -0.413	  30.144
43	 -29.326	2	   7.042	  -6.906	  28.484
44	 -29.044	3	  34.683	 -13.054	  14.153
45	 -11.228	1	  30.042	  -7.413	  26.484
46	 -10.855	1	  26.042	   0.587	  15.484
47	  -9.863	1	  -6.958	 -13.413	  24.484
48	  -9.522	1	  20.042	  14.587	  -1.516
