1	-968.034	75	   7.329	   4.067	  24.578
2	-713.798	66	  13.360	  11.583	  20.054
3	-494.698	48	  22.700	   9.525	  27.642
4	-435.345	39	  25.532	  15.307	   5.994
5	-414.765	37	  30.396	 -11.013	   7.369
6	-384.285	35	   1.046	 -13.865	  26.988
7	-366.482	34	  25.259	  20.471	  15.273
8	-359.487	35	  12.703	  -8.165	   0.342
9	-347.303	31	  20.195	 -16.660	   7.892
10	-345.607	34	   7.664	  -5.844	  36.092
11	-332.746	28	   0.405	 -12.629	  14.729
12	-323.269	32	  12.534	  14.718	   4.234
13	-322.207	31	  34.639	   6.019	   9.995
14	-279.536	26	   0.927	   0.903	   3.516
15	-258.322	24	  13.040	 -14.070	  28.614
16	-233.165	19	  14.994	 -15.684	  17.924
17	-210.932	19	  20.822	   3.922	  34.618
18	-200.073	20	   1.038	 -14.116	   7.783
19	-189.924	17	  26.275	   7.219	  -2.288
20	-181.619	17	  -6.070	   1.867	  27.039
21	-172.088	17	  19.828	  -7.307	   1.193
22	-166.548	16	  -2.961	  -3.844	  34.417
23	-126.392	10	  -0.225	   2.535	  12.305
24	-122.835	12	  34.675	  -2.605	   8.392
25	-115.198	11	 -10.722	  -6.808	  21.772
26	-100.341	10	  14.988	   6.124	  -4.156
27	-100.199	10	  20.023	  -6.030	  33.550
28	 -98.362	10	  30.595	   9.775	  20.230
29	 -97.239	9	  29.186	  -2.812	  -0.631
30	 -96.209	10	   3.669	  13.386	   9.824
31	 -88.078	9	   7.317	 -19.671	  14.440
32	 -78.199	7	  30.729	  13.513	   1.138
33	 -70.091	7	  -7.255	   2.894	  16.691
34	 -67.232	7	  20.078	   0.091	  -2.837
35	 -59.662	6	  12.144	   9.028	  34.392
36	 -55.643	6	  21.824	 -13.797	  21.889
37	 -55.509	3	   6.259	  -6.958	  28.898
38	 -47.376	5	  28.636	  -9.257	  25.991
39	 -40.422	4	   6.521	  -0.565	  -5.118
40	 -38.974	4	  34.100	  -3.737	  21.135
41	 -38.141	4	  10.947	  20.718	  13.530
42	 -29.619	3	  28.276	 -13.997	  16.561
43	 -28.419	3	  27.670	  -0.313	  30.530
44	 -21.319	1	  14.614	  -1.313	  12.561
45	 -19.247	2	  -7.386	 -13.313	  24.087
46	  -9.828	1	  24.614	  21.687	  23.561
47	  -9.518	1	  29.614	 -14.313	  -0.439
48	  -8.943	1	  -7.386	  -7.313	  14.561
