1	-1174.177	99	  97.896	 120.645	  31.800
2	-932.651	69	 106.558	 120.160	  56.181
3	-716.240	55	  94.826	 136.058	  51.946
4	-674.449	60	 102.146	 134.093	  28.541
5	-659.616	54	  91.247	 124.075	  70.021
6	-614.232	57	  89.962	 113.901	  56.819
7	-537.994	50	 102.313	 146.171	  64.737
8	-530.521	45	 109.587	 127.436	  42.632
9	-524.337	51	  98.018	 115.978	  25.979
10	-513.128	45	 107.821	 149.179	  39.059
11	-460.655	40	 107.892	 131.860	  31.846
12	-425.721	37	 105.410	 113.108	  64.470
13	-420.518	41	  93.203	 126.313	  47.048
14	-418.703	40	  85.530	 106.477	  43.062
15	-418.254	38	  85.571	 102.865	  31.385
16	-404.901	37	  93.288	 106.657	  22.797
17	-398.126	35	 111.224	 139.551	  41.124
18	-375.283	35	  90.309	 146.511	  61.743
19	-364.107	33	 108.305	 133.664	  54.460
20	-364.033	33	 102.815	 102.712	  57.754
21	-361.817	29	 111.034	 114.319	  58.125
22	-337.244	29	  89.746	 142.860	  48.064
23	-300.353	26	  99.531	 103.760	  33.784
24	-274.577	24	  91.059	 123.192	  57.708
25	-238.027	20	  92.488	 126.765	  38.280
26	-231.571	22	  98.715	 107.580	  63.641
27	-225.442	22	 109.490	 118.411	  35.108
28	-219.329	20	 103.674	 138.710	  70.778
29	-209.651	20	 107.394	 147.646	  52.563
30	-203.012	20	  85.905	 138.278	  57.018
31	-191.335	19	  81.128	 115.442	  26.221
32	-180.147	16	 100.550	 147.306	  30.538
33	-175.383	15	 102.007	 126.948	  72.169
34	-165.746	17	 109.154	 109.643	  28.803
35	-163.095	15	  82.605	 122.272	  33.116
36	-160.487	16	 109.104	 133.996	  63.601
37	-152.834	15	 111.110	 125.384	  32.323
38	-148.542	14	  87.416	 135.037	  68.925
39	-144.581	14	  79.112	 108.264	  31.745
40	-143.371	14	  88.410	 117.732	  68.912
41	-143.054	12	  92.884	 134.664	  34.008
42	-126.951	12	  99.153	 133.153	  76.905
43	-119.964	12	  92.591	 148.011	  39.088
44	-118.103	11	 111.839	 116.857	  48.221
45	-116.129	11	  89.409	 122.181	  26.784
46	-111.326	6	  99.650	 130.552	  64.313
47	-108.852	11	  92.069	 146.530	  72.621
48	-105.521	10	 105.080	 104.453	  45.560
49	 -92.878	9	 111.667	 140.329	  48.508
50	 -87.978	9	 111.168	 126.115	  50.480
51	 -85.143	8	  79.262	 118.033	  38.107
52	 -82.024	8	  96.323	 151.921	  56.778
53	 -77.518	7	  87.794	 129.121	  61.385
54	 -74.811	7	 110.015	 120.612	  24.272
55	 -74.691	7	  91.407	 132.497	  43.256
56	 -71.327	7	  85.526	 110.222	  50.929
57	 -68.555	7	 100.743	 123.850	  22.553
58	 -65.113	6	  84.055	 116.862	  47.430
59	 -51.657	5	  90.991	 103.347	  54.770
60	 -47.626	5	  97.758	 120.441	  72.509
61	 -38.759	4	  97.904	 152.195	  47.370
62	 -38.626	4	 111.924	 108.692	  50.154
63	 -37.171	4	 110.395	 145.141	  28.297
64	 -32.264	3	 110.168	 109.800	  39.458
65	 -31.933	3	  93.819	  99.157	  42.473
66	  -8.925	1	  81.168	 108.441	  20.124
