1	-1882.517	141	   0.003	  10.922	  -8.829
2	-1363.210	119	   5.103	  -6.300	 -12.142
3	-1251.103	92	  -9.333	   2.602	   6.557
4	-1192.265	104	  -0.246	  18.910	  -9.094
5	-1186.362	92	  -2.458	  -2.737	  -6.411
6	-1153.345	99	   1.671	   8.625	 -23.943
7	-1100.954	94	  -2.455	   9.392	   7.417
8	-994.538	86	  -5.708	  -9.072	  -3.559
9	-952.341	81	  11.349	  -1.544	 -20.780
10	-924.939	68	   0.208	  15.893	   2.560
11	-909.612	71	 -10.335	   3.697	  -9.606
12	-858.452	68	  10.581	   3.801	  -7.193
13	-834.894	75	 -17.033	  -0.582	   1.743
14	-705.569	48	  -0.926	  15.894	 -19.989
15	-704.482	52	   7.293	   4.608	 -23.712
16	-655.000	58	  19.448	  22.371	   2.378
17	-649.785	55	   2.757	 -13.958	  -7.876
18	-631.657	58	 -19.879	  21.752	 -22.180
19	-629.031	57	  19.431	  18.140	 -31.810
20	-618.474	55	  10.554	  29.174	  19.660
21	-613.921	49	  -1.047	  27.836	  -9.664
22	-610.977	55	 -10.006	  26.353	 -38.983
23	-591.322	54	  18.986	  -1.444	 -17.453
24	-563.285	54	  19.027	  12.860	  -8.762
25	-553.738	45	   6.048	 -23.537	 -27.838
26	-538.764	50	 -12.290	  22.629	  20.975
27	-507.183	42	  -8.082	  34.337	   3.561
28	-504.202	41	   8.466	  32.623	 -24.107
29	-500.137	39	  -5.893	 -20.819	  14.061
30	-478.483	43	   6.937	  31.581	 -12.648
31	-477.238	43	  13.543	 -24.876	 -20.782
32	-469.218	45	 -19.063	  12.568	  -9.228
33	-460.297	43	  -8.792	  32.056	  -6.397
34	-438.258	39	 -13.094	 -23.416	   7.709
35	-405.842	37	  11.403	  17.973	 -41.207
36	-381.868	37	  10.658	 -20.201	 -36.039
37	-375.230	34	  11.817	  -5.905	  -0.800
38	-373.692	36	  -3.231	 -17.883	  -4.732
39	-371.320	36	 -10.818	 -16.972	  21.218
40	-367.585	32	  -3.895	  34.828	 -37.153
41	-365.211	34	 -14.931	 -18.716	  -4.710
42	-352.921	31	 -11.915	  -6.613	 -15.014
43	-352.675	33	 -16.863	  -2.108	  27.434
44	-344.576	33	 -15.684	  22.897	 -13.939
45	-344.422	32	  15.129	 -19.999	  -9.282
46	-327.713	29	  12.290	  33.965	  12.671
47	-325.300	30	 -16.861	  15.256	  27.235
48	-321.903	30	  17.049	  -6.971	 -42.934
49	-312.316	28	  26.439	  15.268	   0.186
50	-311.646	27	 -28.310	   9.233	  15.226
51	-309.790	29	  19.470	   1.673	   7.300
52	-305.681	29	  16.983	  11.280	 -44.915
53	-305.635	27	  -2.187	  -5.221	 -45.726
54	-300.884	27	 -11.468	  34.239	  13.750
55	-296.730	28	  -3.986	  16.241	 -45.381
56	-293.698	29	  13.296	  30.021	  -5.257
57	-287.604	27	 -19.055	  20.953	  11.382
58	-286.062	26	  12.173	 -13.382	   8.635
59	-285.547	26	   7.964	  -6.267	  28.294
60	-284.529	27	 -20.377	   6.273	 -34.833
61	-276.825	27	 -22.545	  18.569	  18.964
62	-276.499	26	   2.391	  36.374	 -29.670
63	-272.122	23	 -12.216	  31.256	 -32.373
64	-270.080	24	 -26.549	  14.067	 -18.171
65	-269.087	23	   2.311	  -0.234	  29.661
66	-259.800	25	 -19.635	   0.012	 -24.241
67	-258.669	23	  12.076	  31.003	 -34.066
68	-248.172	22	 -11.999	 -14.905	 -23.386
69	-247.055	24	 -12.586	  30.507	 -14.558
70	-246.471	23	   3.870	  20.548	  26.601
71	-243.118	24	 -24.929	   3.957	  -0.391
72	-242.404	15	 -18.260	   2.190	  19.588
73	-239.794	22	  30.861	  -9.061	 -28.721
74	-238.561	22	  21.539	  20.770	 -14.300
75	-224.697	20	 -15.095	  17.358	 -39.418
76	-217.125	18	  27.808	   6.000	 -31.437
77	-216.776	18	  -3.396	 -12.755	  26.401
78	-213.908	12	  18.643	  -1.236	 -35.786
79	-205.581	19	 -21.750	  20.436	  -4.102
80	-205.531	17	   3.537	 -16.568	 -41.033
81	-204.675	18	 -30.988	  -6.443	  13.483
82	-200.964	19	 -26.803	  -6.030	  22.174
83	-195.319	18	  -1.126	  38.830	   8.976
84	-194.099	18	  20.622	   9.111	  17.192
85	-192.998	19	  24.905	   3.280	 -15.737
86	-191.628	19	  -2.207	  28.691	  25.115
87	-190.919	19	  24.886	  23.511	  14.561
88	-189.526	17	  15.747	  22.739	  -5.250
89	-184.326	18	 -11.240	   5.126	  30.982
90	-183.457	18	  11.135	   0.541	 -47.605
91	-180.972	18	  25.576	 -23.730	 -20.093
92	-178.522	17	  -6.395	  -3.787	  30.365
93	-175.725	17	 -32.665	  -8.579	   6.451
94	-174.578	11	 -21.333	   1.232	  11.095
95	-171.218	17	  26.439	 -11.380	 -13.457
96	-166.985	14	  15.019	  20.509	  20.928
97	-165.988	16	 -23.705	  20.743	   5.901
98	-164.698	16	   3.758	  38.230	  16.867
99	-163.229	16	   1.808	 -21.122	 -11.144
100	-163.094	15	 -15.471	 -17.410	 -37.492
101	-162.243	16	   3.749	  25.227	 -43.393
102	-161.320	15	   6.100	  -8.571	 -45.995
103	-158.936	16	  27.688	  -4.027	 -39.274
104	-157.485	14	  14.143	 -12.478	  24.713
105	-150.322	14	  32.526	 -10.459	 -21.260
106	-149.078	15	 -29.246	  11.316	   5.392
107	-147.164	15	 -24.445	  20.613	 -34.169
108	-144.119	14	  -2.831	  37.682	 -19.441
109	-138.185	13	  16.799	   3.596	   0.912
110	-136.437	13	  -6.552	 -15.365	 -43.799
111	-136.092	13	  24.191	  18.203	 -23.718
112	-135.455	13	   5.565	  12.797	 -47.395
113	-134.890	12	 -16.910	   2.787	 -17.857
114	-125.637	12	  13.537	  22.606	 -35.289
115	-123.680	7	  21.122	  -1.255	 -27.357
116	-121.574	12	 -18.168	 -12.893	  26.703
117	-121.206	12	 -25.818	  15.680	 -29.024
118	-119.646	11	 -33.018	   1.914	   8.716
119	-117.469	12	 -25.572	 -11.800	  -1.989
120	-116.302	12	   9.902	   6.925	  30.642
121	-112.739	11	  12.248	  14.691	  26.069
122	-109.847	11	  29.458	   8.157	 -22.981
123	-107.523	10	  32.976	  -0.221	 -25.054
124	-107.473	11	  -9.628	   2.856	 -47.859
125	-107.468	7	   8.313	  17.784	 -11.351
126	-106.484	11	  -5.405	 -21.672	 -21.160
127	-105.288	10	  24.295	  12.445	 -37.258
128	-104.974	10	   1.932	   3.083	 -50.607
129	-104.792	10	 -25.868	 -21.813	   4.926
130	-103.661	10	   3.634	  38.945	  -2.743
131	 -98.579	9	  18.256	 -16.934	 -40.861
132	 -98.399	10	  26.097	  16.620	  10.755
133	 -94.528	9	  28.433	 -16.255	 -28.790
134	 -94.378	9	  -9.819	  -6.462	 -43.848
135	 -94.201	9	  -1.379	   7.263	  33.432
136	 -93.477	9	  -5.347	  17.068	  29.622
137	 -90.074	9	  19.134	  -5.734	  23.184
138	 -89.980	9	 -12.905	   9.828	 -44.110
139	 -88.986	9	   6.730	 -15.729	  -2.783
140	 -88.781	9	   5.100	 -19.545	   8.230
141	 -85.534	6	   5.970	  -1.526	 -28.190
142	 -85.311	9	   5.478	 -17.775	  27.401
143	 -83.251	8	 -21.290	 -19.886	  18.800
144	 -83.012	8	 -10.256	 -24.208	  -4.003
145	 -80.859	7	  24.715	 -13.512	 -36.584
146	 -79.710	8	  20.193	  27.998	   6.323
147	 -78.120	5	  -2.597	  -7.987	 -24.989
148	 -75.437	8	  22.891	  -2.060	  17.207
149	 -74.806	7	  10.562	 -25.583	 -10.703
150	 -70.560	7	 -28.408	 -13.838	  14.527
151	 -66.318	4	   2.373	  -6.328	   9.590
152	 -66.071	7	 -22.986	  -5.081	 -33.209
153	 -62.787	6	  22.254	 -22.376	 -33.338
154	 -59.681	6	   3.653	 -25.324	 -36.464
155	 -58.697	6	 -24.919	   6.423	 -27.577
156	 -56.977	6	   0.578	  37.162	  23.402
157	 -54.976	5	 -18.535	  -1.011	 -40.852
158	 -50.047	5	 -19.572	  -9.397	 -38.493
159	 -49.277	5	 -18.799	  28.559	   8.120
160	 -49.213	5	 -27.947	   4.189	  23.959
161	 -48.930	5	  19.889	  28.632	 -19.273
162	 -48.020	5	  -4.465	 -21.759	  22.610
163	 -47.664	5	 -20.230	  29.554	  -0.831
164	 -47.437	5	  13.600	 -12.040	  -9.844
165	 -47.141	5	  -6.719	 -24.257	 -39.829
166	 -45.774	4	  18.473	   2.674	  24.307
167	 -40.441	4	  18.791	  27.117	 -27.448
168	 -40.155	4	  25.150	   7.177	   8.658
169	 -39.221	4	  18.171	 -15.159	  17.658
170	 -36.035	3	 -11.568	  18.497	  -7.456
171	 -32.689	3	   4.014	 -30.119	 -16.427
172	 -30.725	3	  -7.416	 -15.007	 -11.366
173	 -29.889	2	 -12.626	   4.537	 -31.096
174	 -28.225	2	  -2.986	   1.561	 -20.456
175	 -28.005	3	   8.767	  39.462	   4.544
176	 -27.908	3	 -27.941	  -4.492	  -0.144
177	 -21.837	2	  18.014	  -8.823	   7.128
178	 -21.741	2	  -7.986	 -24.823	 -31.008
179	 -21.591	1	 -13.986	   8.177	  -0.456
180	 -20.345	2	   7.569	 -21.823	  17.099
181	 -19.897	2	 -26.491	 -21.318	  13.049
182	 -19.590	1	  -7.986	  25.177	   9.544
183	 -17.305	1	  12.014	   7.177	  13.544
184	 -12.963	1	  14.014	   7.177	 -16.456
185	 -10.462	1	 -17.986	 -10.823	 -22.456
186	 -10.126	1	   8.014	  23.177	 -28.456
187	  -9.854	1	 -20.986	 -14.823	 -28.456
188	  -9.646	1	   7.014	  35.177	  28.544
189	  -9.107	1	  -2.986	 -25.823	 -15.456
