1	-2482.853	196	  -6.295	  66.659	  58.295
2	-1551.192	129	  14.303	  42.424	  30.265
3	-1212.857	99	   0.751	  91.740	  25.270
4	-1172.809	107	   1.233	  46.879	  34.019
5	-1156.308	96	   7.698	  88.619	  34.791
6	-1080.458	87	  -3.298	  72.651	  50.641
7	-1009.016	79	  -4.334	  60.859	  50.950
8	-983.157	85	   1.826	  67.617	  69.727
9	-963.837	86	 -19.975	  65.135	  62.351
10	-893.276	80	  24.819	  47.273	  11.321
11	-889.366	82	 -14.035	  54.410	  20.308
12	-881.941	81	  23.040	  78.632	  34.197
13	-854.425	69	  -6.168	  88.532	  25.268
14	-831.000	63	  -5.309	  58.476	  18.598
15	-830.628	68	   1.465	  56.511	  43.744
16	-805.516	60	   8.064	  40.480	  26.218
17	-795.722	60	  17.694	  74.789	  26.439
18	-753.639	69	  11.877	  48.610	  43.503
19	-739.849	65	  -1.576	  85.581	   2.230
20	-727.051	68	  -8.584	  53.095	  45.923
21	-694.708	63	  -5.324	  96.521	  20.157
22	-669.652	52	  -3.712	  76.376	  41.432
23	-669.406	56	  -4.463	  42.475	  30.161
24	-662.823	60	   2.229	  78.649	  50.487
25	-636.775	57	 -11.957	  84.143	  35.545
26	-636.285	56	 -16.096	  90.529	  28.554
27	-624.015	54	  12.628	 104.996	  23.150
28	-604.664	54	 -21.589	  55.464	  36.541
29	-593.005	52	   0.528	  62.602	   0.975
30	-587.235	45	  21.583	  77.130	  19.522
31	-575.798	52	  30.392	  96.236	  10.725
32	-571.844	52	  -6.216	  37.057	  -2.000
33	-570.587	50	  20.102	  42.627	  40.656
34	-567.936	50	  19.017	  77.333	  50.647
35	-566.063	49	  23.057	  70.833	   8.901
36	-550.340	51	 -21.688	  89.772	  15.507
37	-544.719	41	  -4.540	  56.115	  10.705
38	-503.439	48	  32.845	  49.754	  27.794
39	-489.473	41	   9.481	 101.769	   7.648
40	-480.441	44	 -22.085	  68.683	  14.739
41	-472.094	43	  18.814	  32.083	  25.718
42	-439.552	38	  -2.109	 101.615	   5.839
43	-439.330	38	  12.623	  31.553	   8.283
44	-433.045	37	  23.369	  31.312	  14.181
45	-431.355	38	  16.511	  70.487	  68.546
46	-430.082	40	   0.239	  84.255	  36.701
47	-425.579	38	  32.784	  64.334	  33.530
48	-419.945	36	 -30.620	  62.604	  52.242
49	-418.872	40	  32.180	  42.636	  34.716
50	-413.143	35	   3.669	  70.880	  -0.500
51	-410.129	39	  -9.714	  57.933	  65.911
52	-409.795	35	  21.922	  62.506	   5.485
53	-404.219	37	  33.198	  96.048	  30.806
54	-394.429	23	   6.554	  66.498	  21.280
55	-383.006	24	   6.702	  41.280	  17.892
56	-372.367	35	 -17.659	  82.183	   9.551
57	-371.514	31	  -0.927	  27.630	  17.129
58	-371.014	34	 -20.597	  37.410	  11.911
59	-353.086	32	 -14.399	  57.339	  13.399
60	-326.888	32	 -26.193	  75.767	  46.795
61	-321.772	29	  27.872	  75.849	  27.856
62	-311.362	28	  30.557	  79.342	  10.437
63	-310.715	30	  -9.879	  89.984	   1.464
64	-306.637	28	  26.171	  58.594	  57.817
65	-305.110	29	  -8.271	  75.601	  66.014
66	-302.654	28	 -31.852	  63.567	  36.755
67	-291.101	22	  34.032	  82.133	  26.771
68	-291.098	28	  16.818	  57.698	  61.703
69	-279.470	27	  20.222	  84.894	  -1.444
70	-278.892	27	  31.954	  65.868	  22.962
71	-277.608	26	   6.799	  32.273	   0.874
72	-275.725	18	   7.599	  93.993	  17.440
73	-271.756	21	 -18.808	  51.148	   8.487
74	-271.294	24	   9.541	  48.146	  -5.195
75	-271.128	25	  27.139	  69.358	  57.078
76	-271.085	24	  -7.000	  55.799	  -0.656
77	-252.659	23	  -5.203	  71.003	  -0.654
78	-251.405	24	  16.830	  94.547	  40.474
79	-251.321	22	   4.648	  95.670	   4.724
80	-245.893	23	  18.629	 101.238	   5.231
81	-243.709	23	 -29.946	  80.045	  23.851
82	-236.443	21	  29.094	  62.295	  11.134
83	-233.516	20	 -31.533	  74.555	  37.041
84	-230.410	22	  36.006	  54.693	  37.404
85	-224.636	21	  33.039	  53.353	  46.506
86	-218.146	21	 -14.551	  66.517	   7.420
87	-217.053	18	  17.681	  37.388	   9.199
88	-216.824	20	  -3.608	  80.858	  60.642
89	-214.046	21	  11.213	  75.452	  -2.908
90	-213.146	19	 -21.417	  44.550	  14.171
91	-212.295	12	  13.456	  66.968	  13.727
92	-203.539	19	  35.109	 103.688	  19.740
93	-202.567	19	 -26.838	  78.175	  15.831
94	-201.831	19	  32.118	  41.053	  15.022
95	-194.313	17	  32.648	  88.409	  32.958
96	-193.914	10	   5.607	  66.094	  11.223
97	-190.016	18	 -19.022	  50.453	  23.769
98	-188.141	18	 -26.616	  59.969	  61.459
99	-187.546	18	 -10.291	  52.228	  58.749
100	-185.848	19	 -13.855	  47.730	  -2.314
101	-183.771	17	 -14.752	  39.452	  30.095
102	-177.387	18	 -32.979	  72.223	  27.870
103	-177.170	17	 -11.963	 104.021	  16.039
104	-176.639	16	  12.436	  94.083	   1.603
105	-175.106	16	  24.382	  92.640	  38.047
106	-172.713	16	  -1.037	 106.560	  16.766
107	-171.337	16	 -12.694	  29.298	   3.433
108	-169.253	15	 -18.070	  40.210	  23.052
109	-164.619	16	  25.273	  83.686	  39.005
110	-161.524	16	  11.091	  22.975	  13.146
111	-161.123	15	  -6.295	  32.501	  26.647
112	-160.957	15	   1.859	  23.631	   4.252
113	-159.852	15	   7.830	  73.144	  73.513
114	-158.962	16	 -24.842	  60.628	  24.029
115	-158.740	13	  -4.345	  50.076	  -4.671
116	-154.980	15	  17.416	  57.940	  -1.011
117	-152.641	15	   6.731	  85.138	  48.458
118	-149.031	15	   1.183	  37.658	  -6.168
119	-148.260	14	 -27.258	  82.860	  31.043
120	-147.866	15	  26.878	  95.286	   2.673
121	-145.796	14	  37.033	  85.322	  15.466
122	-142.240	15	  25.533	 106.050	  26.880
123	-141.830	15	 -13.262	  28.208	  13.736
124	-141.624	14	  33.881	  44.795	  20.658
125	-140.650	14	  33.247	  60.549	  50.870
126	-138.646	13	  25.792	  49.893	  49.927
127	-128.569	12	  21.953	 108.810	  10.292
128	-127.712	13	  30.762	  29.407	  30.256
129	-126.051	12	  11.833	  84.005	  60.851
130	-124.344	11	  13.012	  39.015	   1.898
131	-122.975	12	  20.448	  78.377	  62.840
132	-122.259	8	   9.405	  87.405	  21.088
133	-121.668	12	 -15.101	  48.551	  48.593
134	-121.545	12	 -20.084	  73.548	   5.527
135	-121.206	9	   0.691	  60.037	  27.997
136	-120.205	12	  10.808	  58.078	  66.698
137	-117.920	12	  23.290	  50.579	   0.401
138	-117.092	7	  22.499	  51.687	  22.700
139	-114.193	11	 -16.958	  77.769	  58.282
140	-112.121	11	   3.625	  29.162	  22.779
141	-111.179	9	   6.667	  73.369	  30.021
142	-109.630	11	  29.753	  71.764	  42.925
143	-107.886	11	  11.695	 101.748	  32.565
144	-106.235	7	  -7.035	  81.469	  12.921
145	-105.760	10	 -25.243	  74.634	  54.354
146	-105.006	10	 -30.022	  54.076	  44.859
147	-103.189	9	 -23.494	  49.739	  50.881
148	-102.775	10	   1.641	  55.002	  64.888
149	-101.663	10	 -22.696	  40.120	   0.386
150	-101.467	10	 -13.346	  76.972	  -0.988
151	-100.901	10	  13.745	  41.988	  -4.520
152	-100.855	10	 -18.588	  31.145	  -0.263
153	 -99.906	10	 -19.286	 101.760	  14.869
154	 -99.309	10	  11.767	  48.571	  53.396
155	 -99.007	10	   8.315	 110.139	   9.994
156	 -94.817	9	   4.409	  83.515	  57.320
157	 -93.902	9	 -20.767	  52.431	  58.572
158	 -91.169	9	   4.688	  80.827	  67.397
159	 -90.925	9	  35.920	  56.381	  15.369
160	 -89.139	8	 -26.751	  89.386	  23.023
161	 -87.271	8	  14.501	  26.796	  21.728
162	 -85.209	6	  -9.196	  62.303	  42.370
163	 -84.149	8	  -8.369	 109.776	   9.626
164	 -83.168	8	 -21.737	  96.517	   6.571
165	 -82.941	7	   0.548	  36.845	  27.283
166	 -82.070	8	  38.057	  36.473	  26.198
167	 -81.664	8	 -14.869	  57.271	   1.392
168	 -81.477	8	  34.705	  74.909	  19.035
169	 -79.953	8	  11.258	  62.652	  -3.359
170	 -76.302	7	  21.734	  23.221	  18.243
171	 -73.994	4	   5.614	  71.044	  48.162
172	 -73.573	7	  31.488	  43.149	  42.951
173	 -71.947	7	   2.088	  48.815	  51.329
174	 -71.807	7	   5.396	  82.071	  -5.325
175	 -70.960	7	 -16.100	  85.239	  44.367
176	 -69.454	7	 -20.454	  83.541	  38.699
177	 -68.578	7	 -16.206	  88.578	   5.749
178	 -66.554	7	  22.777	  33.249	  32.215
179	 -65.908	6	  -8.914	  84.362	  47.258
180	 -63.520	4	  17.778	  68.145	  44.854
181	 -61.913	5	 -16.179	  62.414	  30.728
182	 -61.575	5	   7.159	  95.872	  30.005
183	 -60.858	6	  16.762	 110.892	  16.455
184	 -59.816	6	  41.295	  94.479	  17.582
185	 -59.152	6	  21.130	  41.715	   3.199
186	 -53.900	5	  17.822	  70.559	  -1.036
187	 -50.747	5	   8.425	 109.916	  17.298
188	 -48.821	5	 -10.219	 105.283	   2.469
189	 -47.915	5	  -7.679	  67.975	  71.285
190	 -47.689	5	  36.233	  31.986	  16.150
191	 -47.175	4	   3.614	  55.013	  -3.907
192	 -46.593	5	 -20.373	 105.354	   4.726
193	 -44.402	4	  28.391	  23.541	  21.569
194	 -43.516	4	  14.117	  90.050	  -4.473
195	 -42.168	3	   3.854	  81.140	  24.527
196	 -41.503	3	   6.349	  51.857	  25.527
197	 -40.429	3	  23.848	  78.682	   3.293
198	 -37.276	3	  24.285	  62.262	  19.767
199	 -30.719	2	  -0.920	  66.541	  42.527
200	 -29.604	3	  15.307	  38.848	  36.573
201	 -29.574	3	 -17.074	  43.889	  36.839
202	 -29.141	3	  42.614	  92.183	  25.193
203	 -29.134	3	  37.263	  59.555	  25.527
204	 -27.546	2	  -6.055	  73.210	   8.527
205	 -26.879	3	 -15.053	 100.206	  -1.140
206	 -20.587	2	  37.516	  27.443	  23.978
207	 -19.837	2	  14.151	  89.004	  48.527
208	 -19.499	2	  19.614	  95.046	  -0.968
209	 -19.183	2	  -4.881	  27.036	  -0.968
210	 -15.008	1	   0.614	  42.541	  12.527
211	 -14.758	1	 -24.386	  72.541	  27.527
212	 -13.234	1	  26.614	  60.541	  45.527
213	 -11.608	1	  11.614	  83.541	  31.527
214	 -10.422	1	 -19.386	  60.541	  18.527
215	 -10.206	1	 -27.386	  58.541	  32.527
216	  -9.038	1	 -20.386	  82.541	  52.527
217	  -9.027	1	   0.614	 100.541	  24.527
218	  -8.917	1	   7.614	  49.541	  62.527
