1	-1472.041	122	  13.234	   6.595	  15.590
2	-1268.040	103	  10.401	 -13.805	   4.579
3	-1208.384	98	  16.263	 -11.528	  36.716
4	-1166.820	96	   1.288	   1.939	  25.512
5	-1111.581	91	  25.071	 -10.470	   8.942
6	-1064.333	90	   2.318	  25.327	   5.414
7	-1026.150	85	  -1.835	  23.827	  35.889
8	-950.271	82	  -8.236	 -10.253	  31.972
9	-802.179	66	  38.019	   2.797	  52.034
10	-795.232	66	  27.819	   2.602	  10.638
11	-725.743	59	  12.344	  -0.936	  55.532
12	-706.843	63	  -0.785	   9.422	  24.965
13	-689.993	51	   1.791	 -16.412	  30.490
14	-679.457	62	 -16.629	   0.554	  -7.183
15	-657.043	52	   6.890	  -2.939	 -13.674
16	-645.653	59	  -1.450	  19.959	  13.848
17	-639.323	57	  28.301	  16.569	  48.524
18	-601.832	55	   4.401	  21.885	  27.387
19	-600.933	49	 -15.561	 -16.248	  -9.199
20	-564.241	49	  28.559	 -17.708	  37.373
21	-508.462	45	  10.301	  14.399	  16.690
22	-504.974	48	   4.043	 -22.515	  36.632
23	-503.269	42	  11.394	  41.410	  29.530
24	-502.644	43	 -16.268	  -1.718	   2.926
25	-498.911	45	   4.703	 -25.883	   3.663
26	-493.647	44	 -23.131	  17.944	  14.740
27	-476.329	46	  35.070	  -4.058	  14.847
28	-470.540	45	  32.477	   4.074	   2.879
29	-470.318	42	   2.605	 -10.165	  68.122
30	-460.084	42	  27.950	  -6.309	  62.174
31	-451.540	43	  -9.177	 -19.627	  26.395
32	-448.721	40	  20.166	  -4.289	 -26.939
33	-440.728	40	  -1.763	 -17.098	 -20.888
34	-423.435	38	  31.037	  12.949	  39.654
35	-421.499	38	  23.294	  34.433	  26.792
36	-415.383	38	   8.578	  22.012	  48.370
37	-413.151	38	  10.649	 -16.550	 -26.698
38	-402.886	38	  12.683	 -10.599	  20.590
39	-387.911	23	  -9.751	  10.822	  -0.024
40	-387.383	35	  -4.673	  17.069	  -7.188
41	-385.845	33	 -10.923	  -5.410	 -21.126
42	-382.715	37	 -10.588	   9.932	  -9.868
43	-381.678	35	  -0.332	  27.493	  -4.790
44	-381.082	37	  32.141	  12.975	  18.852
45	-380.312	33	  26.714	   8.092	  62.707
46	-380.170	35	  17.343	 -14.354	  67.923
47	-378.100	35	  -1.703	  27.325	  45.835
48	-375.262	36	 -17.309	  -5.448	  -9.258
49	-370.642	32	 -18.499	   1.096	  11.217
50	-368.598	34	  23.433	  15.987	  12.542
51	-362.385	33	   9.074	 -20.780	  64.560
52	-348.972	24	   4.488	 -15.335	  -6.533
53	-338.723	33	 -17.014	  -3.960	  22.932
54	-333.910	33	  25.436	 -20.108	  -9.862
55	-329.912	31	 -30.062	   9.386	  -4.204
56	-327.556	26	  29.300	  16.677	  33.436
57	-319.131	29	 -12.217	   4.185	  28.877
58	-315.909	30	   8.092	   5.733	 -12.517
59	-315.891	21	  21.834	  -9.330	  47.802
60	-315.048	17	  17.357	  20.092	  41.710
61	-313.693	30	  33.276	  32.401	  45.841
62	-310.112	29	  32.349	  11.750	  53.521
63	-310.068	29	 -21.789	  27.435	  -9.159
64	-308.704	29	  15.865	  40.677	  50.320
65	-297.881	28	   5.305	   5.024	  53.612
66	-292.226	25	 -19.136	  30.593	  12.424
67	-289.511	27	  18.385	  20.210	  50.282
68	-281.517	28	  32.990	 -13.133	  17.902
69	-279.600	23	  10.301	  42.180	  44.561
70	-277.442	24	   4.018	 -14.178	  16.714
71	-262.932	25	  18.135	   1.884	 -16.794
72	-258.594	25	  -8.052	   7.517	  49.452
73	-256.083	23	 -19.559	 -24.998	   7.851
74	-251.199	24	   6.500	 -26.172	  48.524
75	-247.336	23	  45.191	  -6.297	  23.411
76	-247.027	24	  36.705	  -7.815	  56.198
77	-243.307	23	  10.677	  31.197	  50.998
78	-241.380	23	  17.452	  15.869	  -8.062
79	-236.263	21	  19.453	 -16.675	 -23.560
80	-235.894	23	 -12.289	  23.111	 -10.051
81	-235.566	22	  30.717	   7.950	 -10.211
82	-235.386	20	  21.293	  -8.284	  24.334
83	-233.198	22	   1.042	  -4.341	  58.003
84	-232.634	22	  44.610	  -3.834	  39.142
85	-230.683	23	 -32.419	  22.447	   8.598
86	-229.437	21	 -15.535	 -27.636	  18.032
87	-226.046	22	  15.648	 -26.376	  -4.660
88	-225.890	20	  47.283	  -2.643	  32.993
89	-225.453	22	  32.422	 -15.719	  47.006
90	-223.133	22	   0.352	 -27.321	  -6.038
91	-220.971	22	  22.534	  20.307	  22.633
92	-219.794	21	 -13.398	  -7.378	  52.260
93	-218.740	18	  -4.666	  12.893	  14.689
94	-216.578	21	  -1.662	 -25.254	  23.806
95	-215.065	21	  23.947	 -21.107	  56.810
96	-208.530	18	 -18.398	  32.852	  -3.463
97	-208.181	19	   3.727	  32.531	  26.655
98	-207.510	18	 -13.868	   2.631	  39.640
99	-206.059	19	 -11.993	 -23.190	  46.142
100	-205.438	18	 -22.079	  -9.109	   8.002
101	-200.322	18	 -18.829	  -9.947	   1.288
102	-198.348	20	  -8.230	 -23.177	 -15.164
103	-196.892	18	  19.798	 -24.391	  46.450
104	-196.737	19	  33.605	  -3.405	 -22.935
105	-195.939	13	   8.613	  -2.630	  -1.354
106	-193.941	18	 -14.847	 -27.252	   1.140
107	-191.957	19	  27.100	  43.398	  32.823
108	-189.946	18	 -14.488	   7.632	  18.695
109	-189.001	17	  -7.430	  28.589	  14.492
110	-187.419	18	 -22.890	 -14.570	  16.791
111	-186.578	16	  25.122	  16.259	   1.379
112	-185.881	17	  40.648	   0.450	  -2.628
113	-185.770	18	  -8.171	 -32.095	  20.207
114	-184.627	18	  41.537	  11.482	  27.658
115	-176.924	17	  22.876	  27.267	  52.672
116	-176.553	18	 -32.226	  13.614	   8.464
117	-174.798	16	 -14.293	 -14.046	 -17.537
118	-172.957	14	  11.724	  18.891	  26.690
119	-172.174	16	  35.207	 -13.161	 -19.574
120	-171.826	17	  38.714	   9.704	  42.694
121	-170.624	16	   9.841	 -26.239	 -15.016
122	-170.182	16	 -13.189	  -5.012	  37.601
123	-169.170	17	  32.272	  36.372	  32.852
124	-168.949	9	   8.489	   2.111	  32.976
125	-167.217	10	  10.671	  -1.699	  42.645
126	-166.795	10	   8.104	   1.684	   8.110
127	-166.666	16	 -12.680	 -19.887	  58.065
128	-163.315	16	 -32.748	  24.243	  -5.190
129	-161.173	16	  14.572	  26.175	   9.197
130	-158.453	16	  22.673	 -24.406	   2.420
131	-152.737	14	  38.811	  -8.151	  -7.669
132	-150.938	15	  27.810	  38.171	  52.335
133	-150.622	14	   4.474	  43.244	  34.961
134	-149.780	15	  29.404	 -17.394	  -0.498
135	-148.499	14	  40.946	 -14.998	  20.988
136	-147.758	15	  -9.674	 -36.257	   8.030
137	-146.188	12	   0.639	 -21.841	  13.490
138	-145.483	13	  29.466	 -12.818	  26.861
139	-144.358	14	  -3.016	 -26.736	  61.277
140	-143.977	14	  39.851	   3.127	 -10.585
141	-135.770	11	  36.912	  12.539	  33.900
142	-135.676	13	  12.518	  30.901	  24.743
143	-133.402	13	 -19.011	  15.282	 -12.077
144	-132.033	13	 -15.973	  12.018	  38.822
145	-129.333	13	  29.555	  20.970	  27.178
146	-129.280	12	  27.972	  10.710	   5.037
147	-125.384	12	  29.580	 -13.945	  57.217
148	-123.940	8	 -10.405	 -10.678	 -11.068
149	-122.240	12	  -4.870	 -32.443	  -2.173
150	-121.960	12	  21.022	  24.850	   3.312
151	-121.158	12	  25.481	  -1.152	  67.340
152	-115.895	9	  18.909	  44.978	  32.497
153	-114.456	11	 -12.067	  16.710	  32.082
154	-113.027	11	 -11.610	  16.304	  46.634
155	-111.857	11	  42.689	  -4.477	  47.099
156	-111.669	11	  39.717	 -16.688	  43.842
157	-111.016	11	  -3.320	 -11.544	 -26.099
158	-110.418	11	  -8.277	 -16.670	  66.108
159	-109.367	11	 -28.764	  19.372	 -10.170
160	-109.185	11	 -11.516	 -11.871	  61.277
161	-109.153	10	  23.234	  49.884	  38.439
162	-108.813	11	  25.570	  44.952	  46.595
163	-108.438	11	  11.387	 -25.111	  56.761
164	-107.982	6	   9.227	 -15.352	  52.676
165	-107.304	11	 -12.424	 -24.034	  36.174
166	-105.055	10	 -14.696	  36.876	   6.123
167	-103.446	10	  36.543	 -15.708	 -11.422
168	 -98.304	10	 -19.644	 -11.432	  22.855
169	 -97.189	10	  13.257	  -2.788	 -25.033
170	 -97.153	10	  16.729	 -24.677	 -15.895
171	 -94.092	9	   5.540	  23.137	  -8.990
172	 -93.988	10	  39.258	  -8.066	   7.142
173	 -93.818	9	   1.545	 -23.516	 -16.073
174	 -91.387	8	  15.621	  24.970	  -4.670
175	 -90.214	9	  14.262	 -27.490	  40.862
176	 -89.799	9	  -9.588	 -26.454	  51.922
177	 -89.269	9	   7.209	  -4.767	  66.264
178	 -88.664	8	  18.205	  10.276	  58.145
179	 -88.319	8	 -19.343	 -20.601	   0.208
180	 -81.644	8	 -33.210	  30.537	   2.948
181	 -80.202	4	  17.978	 -12.637	 -11.477
182	 -79.765	8	 -12.996	  19.170	  16.532
183	 -77.784	6	  29.252	   4.388	  51.682
184	 -73.566	7	  32.663	  28.589	  36.549
185	 -72.051	7	  15.569	  50.995	  42.215
186	 -71.954	7	  -2.358	  20.293	  50.370
187	 -71.927	7	 -19.748	 -12.852	  50.835
188	 -70.934	5	   5.812	   8.917	  20.666
189	 -69.405	5	   6.728	  -8.235	  51.935
190	 -68.733	7	  -7.708	  36.000	   9.194
191	 -68.663	7	  47.863	 -15.345	  32.551
192	 -68.132	7	 -10.837	  37.470	  -2.033
193	 -67.362	7	  41.928	 -19.377	  33.955
194	 -65.573	6	   0.393	 -29.372	   9.342
195	 -62.019	6	  44.184	   3.467	  22.129
196	 -61.334	6	 -16.303	 -23.332	  -6.745
197	 -60.770	6	 -25.270	  34.815	   6.284
198	 -60.218	6	  12.249	  47.912	  35.333
199	 -59.226	6	 -16.609	 -15.007	  42.568
200	 -58.427	4	  15.797	  -4.638	 -11.362
201	 -56.804	6	  23.767	  12.265	 -10.014
202	 -56.666	6	  12.902	  16.765	  54.161
203	 -55.276	5	  -5.285	   2.297	 -16.890
204	 -54.955	3	   9.252	  -3.395	  16.500
205	 -54.939	5	 -27.552	   7.202	   4.440
206	 -52.337	5	  -0.517	 -29.212	  50.965
207	 -51.983	5	  38.418	   8.715	  18.301
208	 -51.921	5	  26.610	 -15.949	 -22.196
209	 -51.089	5	   7.252	 -18.395	  25.616
210	 -48.738	5	  32.095	   3.371	 -19.480
211	 -47.933	4	   4.498	  34.399	  44.852
212	 -42.606	3	   3.920	  -8.721	  40.655
213	 -41.001	4	 -28.457	  35.605	  -0.625
214	 -40.361	4	   4.517	  -4.140	 -21.045
215	 -40.314	4	  -0.207	  38.381	  30.891
216	 -39.060	4	   0.497	  41.579	  43.162
217	 -38.895	4	  21.488	 -13.395	  16.451
218	 -38.494	4	 -10.749	   0.371	  51.402
219	 -38.392	4	  12.983	 -17.465	  33.768
220	 -37.832	4	  12.019	 -22.677	   5.647
221	 -37.553	4	   5.721	  -8.877	 -29.296
222	 -37.364	3	  10.252	  -2.831	  25.406
223	 -32.030	2	 -25.131	  26.988	   8.666
224	 -29.489	3	  30.677	  28.236	  55.295
225	 -29.078	3	 -26.466	  24.627	  16.307
226	 -28.844	2	  26.619	  -8.395	  39.666
227	 -28.835	3	  16.566	  -3.381	  68.967
228	 -21.266	2	   7.252	  14.131	   8.614
229	 -20.899	2	   1.252	  12.125	  32.706
230	 -19.173	2	  17.769	 -17.395	   6.666
231	 -18.814	2	  -5.758	  37.079	  41.676
232	 -15.387	1	  20.252	 -13.395	  -0.334
233	 -13.718	1	  16.252	   3.605	  -1.334
234	 -12.924	1	   0.252	 -17.395	   1.666
235	 -12.281	1	  -0.748	   1.605	  -4.334
236	 -10.850	1	   8.252	 -17.395	  41.666
237	 -10.238	1	  46.252	   4.605	  30.666
238	 -10.019	1	  20.252	 -18.395	  35.666
239	  -9.903	1	 -22.748	 -24.395	  16.666
240	  -9.860	1	 -10.748	  23.605	  44.666
241	  -9.787	1	   0.252	  -1.395	  42.666
242	  -9.721	1	  -5.748	 -27.395	  41.666
243	  -9.657	1	 -29.748	  31.605	  -7.334
244	  -8.935	1	  37.252	 -12.395	  -0.334
