1	-1528.077	133	  53.997	  53.969	  18.193
2	-1018.726	88	  67.954	  50.277	  16.852
3	-718.562	67	  77.363	  52.987	  28.496
4	-699.880	64	  76.910	  42.773	  -4.195
5	-543.311	49	  93.525	  36.161	  15.800
6	-533.258	46	  85.773	  49.030	   4.067
7	-522.999	46	  58.652	  47.528	   5.995
8	-519.589	45	  47.021	  34.298	  30.911
9	-518.435	47	  85.749	  34.658	  28.765
10	-467.174	44	  74.077	  42.968	  21.915
11	-464.698	38	  61.185	  50.101	  21.662
12	-464.092	41	  55.930	  57.470	  41.082
13	-450.492	43	  66.297	  59.636	  -3.544
14	-429.203	38	  88.068	  42.694	  -4.960
15	-424.392	38	  79.733	  47.680	  37.962
16	-400.092	35	  82.442	  52.269	  -1.836
17	-381.261	33	  84.510	  35.411	   0.622
18	-373.588	31	  80.435	  73.865	  13.721
19	-372.464	35	  47.852	  39.857	  40.155
20	-368.947	33	  72.182	  43.498	  30.634
21	-342.612	31	  64.805	  59.784	  32.652
22	-340.305	31	  53.529	  66.329	  25.046
23	-322.782	31	  59.870	  66.369	  11.933
24	-312.781	28	  95.496	  50.788	  40.949
25	-312.405	30	  48.815	  45.120	  12.535
26	-305.219	28	  44.341	  52.437	  39.662
27	-289.315	28	  69.537	  48.427	  -8.240
28	-288.150	27	  70.625	  70.123	  12.932
29	-286.595	26	  96.598	  33.852	  31.235
30	-272.523	26	  42.640	  37.648	  22.658
31	-268.953	25	  84.532	  60.767	  25.173
32	-264.425	21	  69.990	  59.251	  15.525
33	-262.610	26	  86.755	  66.488	   5.708
34	-239.623	23	  96.505	  41.837	  38.012
35	-233.073	21	  93.281	  49.236	   7.645
36	-231.744	24	  44.674	  62.885	  37.897
37	-224.733	21	  40.717	  59.975	  22.411
38	-218.771	21	  38.874	  47.402	  20.421
39	-217.317	20	  52.993	  45.900	  43.918
40	-216.345	21	  97.505	  38.255	  -1.059
41	-213.970	20	  96.369	  55.035	  34.510
42	-211.824	21	  76.081	  63.589	  17.368
43	-200.379	20	  74.172	  38.399	   4.104
44	-198.167	19	  94.208	  52.515	  19.121
45	-195.841	18	  81.485	  40.343	  10.829
46	-194.835	18	  39.329	  42.816	  33.853
47	-189.832	19	  81.063	  65.288	  -3.245
48	-186.523	17	  59.029	  39.625	  22.333
49	-185.596	16	  64.310	  62.904	  21.345
50	-185.322	18	  69.590	  51.867	  38.614
51	-183.158	18	  66.288	  42.871	  41.388
52	-181.893	18	  98.702	  42.719	  24.498
53	-180.365	18	  53.987	  68.178	  31.721
54	-169.834	16	  83.998	  37.103	  39.441
55	-159.734	15	  88.006	  58.728	   2.388
56	-155.065	15	  98.579	  49.150	  28.617
57	-154.148	15	  61.220	  63.025	   5.257
58	-146.971	14	  59.592	  49.714	  45.961
59	-135.467	12	  54.809	  33.850	  26.615
60	-134.554	13	  91.431	  59.741	  11.224
61	-125.643	13	  85.149	  35.837	  17.894
62	-124.995	12	  71.771	  77.257	   9.546
63	-112.393	11	  72.926	  61.754	  -9.228
64	-103.523	10	  86.804	  79.602	  13.368
65	-102.418	10	  66.244	  37.718	   5.571
66	 -99.720	10	  46.427	  65.633	  22.530
67	 -98.269	10	  86.831	  59.414	  42.577
68	 -97.978	10	  35.691	  58.498	  34.534
69	 -95.751	9	  63.224	  39.227	  36.409
70	 -92.877	9	  33.548	  52.819	  26.235
71	 -90.970	9	  63.135	  74.778	   0.771
72	 -81.806	8	  63.763	  70.956	 -10.143
73	 -80.913	7	  93.728	  33.364	   7.684
74	 -77.320	8	  72.486	  53.608	  22.843
75	 -76.783	8	  88.620	  76.980	   5.238
76	 -73.868	7	  98.204	  39.636	  10.585
77	 -69.516	7	  61.403	  56.247	  -0.241
78	 -69.009	7	  94.167	  31.337	  -0.428
79	 -61.985	6	  80.752	  58.769	  35.727
80	 -61.607	6	  77.182	  55.549	  -7.267
81	 -60.293	6	  72.545	  69.893	 -10.572
82	 -59.291	6	  58.184	  39.033	  46.891
83	 -59.106	6	  58.378	  46.250	  -1.698
84	 -59.054	4	  61.063	  48.225	  36.899
85	 -53.578	5	  83.217	  34.198	  -9.194
86	 -52.184	5	  62.837	  39.348	  -4.628
87	 -50.810	5	  72.183	  77.584	  -2.138
88	 -50.603	5	  98.171	  47.199	  14.129
89	 -49.497	5	  92.358	  57.663	  25.382
90	 -48.896	5	  92.614	  32.869	  -8.039
91	 -41.821	3	  64.130	  52.892	  29.400
92	 -39.431	4	  48.364	  35.472	  13.508
93	 -37.393	4	  54.876	  31.976	  14.753
94	 -36.695	4	  57.875	  32.973	  33.999
95	 -30.265	3	  86.064	  68.603	  19.355
96	 -28.972	3	  91.122	  71.984	  12.330
97	 -22.008	2	  80.916	  81.225	   5.203
98	 -19.014	2	  45.386	  30.749	  21.685
99	 -19.007	2	  85.878	  48.241	  43.717
100	  -9.769	1	  66.386	  67.225	  28.733
101	  -9.614	1	  87.386	  63.225	  33.733
102	  -9.578	1	  89.386	  27.225	  26.733
103	  -9.366	1	  89.386	  28.225	  17.733
