1	-754.567	66	  43.588	  59.933	  25.011
2	-737.566	61	  53.905	  53.662	  27.792
3	-722.084	53	  41.366	  67.232	  22.513
4	-679.547	53	  46.183	  51.963	  25.593
5	-670.132	57	  33.770	  67.671	  26.984
6	-657.619	57	  58.249	  47.463	  25.721
7	-604.520	58	  29.914	  36.113	  19.140
8	-571.062	49	  28.540	  72.748	  23.855
9	-565.264	53	  55.888	  47.130	  13.978
10	-527.424	46	  38.184	  55.731	   5.045
11	-506.393	48	  46.259	  73.975	  26.500
12	-498.855	48	  54.141	  79.743	   7.722
13	-454.073	42	  24.845	  45.838	  29.750
14	-411.250	38	  45.578	  56.191	   2.800
15	-408.668	37	  40.027	  49.448	  31.594
16	-369.607	34	  62.046	  73.354	  20.829
17	-352.268	31	  25.966	  64.794	  10.340
18	-349.370	33	  34.919	  35.897	  30.107
19	-334.995	31	  53.919	  62.109	  35.964
20	-330.788	33	  30.292	  70.881	  14.440
21	-327.135	30	  18.140	  52.522	  12.808
22	-323.645	31	  53.027	  84.434	  18.059
23	-302.417	29	  64.644	  61.339	   5.312
24	-283.648	27	  44.800	  42.031	   7.274
25	-283.245	28	  37.497	  70.258	   2.736
26	-257.241	24	  21.271	  62.706	  36.139
27	-239.164	23	  36.461	  63.387	  38.521
28	-234.721	22	  58.438	  68.381	   1.955
29	-234.632	22	  59.538	  80.452	  25.133
30	-225.877	20	  40.123	  53.687	  44.627
31	-210.651	20	  63.637	  66.639	  39.305
32	-208.862	20	  24.959	  45.326	   9.871
33	-194.941	19	  46.056	  79.498	   2.912
34	-191.745	19	  41.203	  42.812	  36.353
35	-191.234	12	  48.975	  67.285	  18.953
36	-188.831	17	  53.214	  60.869	   1.573
37	-186.553	18	  68.408	  61.635	  31.018
38	-180.785	17	  18.266	  54.858	  29.824
39	-177.723	17	  67.296	  51.346	  22.962
40	-161.601	15	  29.677	  42.135	  36.376
41	-154.316	14	  37.215	  34.274	  12.759
42	-153.410	14	  65.310	  72.254	  30.930
43	-144.055	14	  30.931	  52.584	  45.165
44	-137.582	13	  25.352	  52.061	  40.676
45	-134.056	12	  36.036	  78.474	   7.369
46	-129.562	12	  48.147	  36.055	  14.627
47	-126.449	11	  30.486	  52.756	   5.491
48	-116.979	11	  51.435	  72.901	  40.221
49	-114.609	11	  70.213	  64.303	  20.582
50	-110.978	11	  59.039	  49.955	   4.332
51	-109.746	11	  67.188	  73.717	  13.643
52	 -91.977	9	  58.860	  77.443	  35.493
53	 -89.808	9	  17.617	  46.154	  24.015
54	 -86.661	6	  37.516	  51.957	  23.892
55	 -80.405	8	  18.646	  68.801	  24.639
56	 -73.849	7	  35.557	  80.597	  30.594
57	 -72.456	7	  53.871	  42.715	  36.416
58	 -72.075	7	  38.412	  89.298	  29.450
59	 -71.494	7	  39.819	  86.428	  19.064
60	 -70.201	7	  43.552	  56.540	  34.842
61	 -66.807	7	  29.596	  69.725	  36.688
62	 -65.796	7	  48.879	  34.914	  24.379
63	 -62.065	6	  24.917	  60.406	  42.496
64	 -61.125	6	  36.878	  82.048	  13.848
65	 -59.600	6	  15.981	  61.492	  16.748
66	 -53.815	5	  70.135	  56.435	  11.169
67	 -49.723	5	  52.738	  35.690	  39.867
68	 -49.202	5	  22.734	  34.907	  26.072
69	 -48.924	5	  48.165	  46.912	  32.516
70	 -48.591	5	  56.428	  36.348	  29.525
71	 -46.713	5	  49.314	  83.690	  27.892
72	 -44.629	4	  58.353	  63.512	  43.892
73	 -41.019	4	  50.601	  68.809	  -0.108
74	 -37.304	4	  65.629	  76.069	   5.395
75	 -31.747	3	  23.063	  69.597	  30.892
76	 -29.765	3	  37.795	  47.983	   2.892
77	 -28.814	3	  14.135	  61.597	  28.528
78	 -28.178	3	  62.818	  81.663	   9.249
79	 -24.103	1	  46.135	  80.306	  16.892
80	 -19.223	2	  43.637	  62.804	  -1.108
81	 -19.076	2	  19.135	  38.306	  18.383
82	 -18.965	2	  63.641	  84.800	  16.880
83	 -18.795	2	  42.622	  31.306	  25.892
84	 -18.650	2	  30.155	  83.811	  21.872
85	 -18.284	2	  67.625	  47.796	  12.382
86	 -12.701	1	  59.135	  62.306	  23.892
