1	-1050.576	74	  43.065	  -8.600	  18.092
2	-1047.453	73	   2.605	  14.704	   0.914
3	-1040.231	73	  16.761	 -28.802	  17.986
4	-1038.431	75	  21.258	 -12.069	  -3.390
5	-1035.875	74	  11.662	  28.792	  23.254
6	-1031.301	72	   8.464	   8.298	  48.824
7	-1010.508	73	  38.262	  12.614	  34.933
8	-1009.311	91	  13.580	  -3.217	  37.095
9	-1006.013	71	  35.006	  15.626	   7.790
10	-1003.615	72	  -0.978	 -15.723	  39.670
11	-990.512	92	  26.822	  20.975	   2.415
12	-981.178	68	  -4.394	 -14.604	   6.798
13	-970.527	68	  25.872	 -13.129	  46.056
14	-963.533	68	 -10.344	  12.199	  24.958
15	-962.568	89	  36.006	 -13.077	  42.086
16	-959.554	88	  30.718	   3.049	  21.779
17	-843.332	78	   5.350	   6.462	  -6.062
18	-835.827	78	   5.986	  18.468	  45.207
19	-811.624	63	  11.991	 -14.942	   9.954
20	-801.037	73	  22.519	  29.524	  26.390
21	-791.743	73	  -5.173	 -20.457	  30.494
22	-789.084	71	  29.407	  -4.865	  -4.715
23	-787.432	71	  32.689	  12.535	  44.495
24	-785.026	72	  18.911	 -29.673	  28.851
25	-780.921	61	   9.592	 -15.189	  26.222
26	-769.754	59	   3.678	  15.529	  17.297
27	-764.052	60	  21.280	  15.173	  18.077
28	-742.562	58	  27.805	  -1.036	  34.186
29	-732.085	67	 -12.571	   5.079	  33.072
30	-728.827	66	 -11.422	  -6.007	   8.602
31	-717.303	65	  38.503	 -18.694	  14.929
32	-683.671	54	   3.705	   0.316	  10.216
33	-650.237	53	  26.980	  -7.101	  11.802
34	-618.459	55	  31.987	 -35.622	   8.905
35	-612.925	56	  12.162	   0.145	   4.114
36	-611.690	53	   0.627	  -0.360	  31.469
37	-596.719	53	  18.752	  29.225	  -3.861
38	-565.088	53	 -11.506	 -10.336	  38.772
39	-563.538	52	  19.154	 -15.686	  30.444
40	-553.664	53	  48.225	 -13.212	  40.183
41	-551.646	51	  18.228	  14.294	  52.101
42	-541.325	42	   4.443	   7.907	  32.446
43	-539.737	51	  15.916	  -4.404	 -11.115
44	-539.376	41	  47.272	   9.101	  19.573
45	-535.025	41	  -4.199	  25.733	  14.162
46	-526.978	48	  26.398	 -24.173	  42.318
47	-520.473	38	   9.520	 -25.167	   1.575
48	-510.852	48	  10.017	  30.471	  34.684
49	-509.966	45	  25.757	 -14.190	  17.800
50	-508.370	47	 -10.840	 -19.482	  15.520
51	-506.852	46	 -11.831	 -28.361	  15.449
52	-505.254	46	  34.607	  23.981	  35.519
53	-496.290	46	  34.806	   9.570	  -2.493
54	-484.575	44	 -17.665	   4.484	  18.950
55	-482.714	37	   9.490	  -9.534	  53.827
56	-476.755	44	  11.808	  19.909	  -4.869
57	-468.562	43	   2.165	  34.901	  37.299
58	-462.499	42	  43.075	   7.752	  -5.669
59	-459.342	42	  22.356	  11.871	  59.942
60	-458.535	43	  20.181	 -34.470	  41.087
61	-457.422	42	  29.848	 -26.841	  16.400
62	-438.828	40	  10.345	  -8.393	 -17.431
63	-435.795	40	 -23.014	   8.739	  12.957
64	-434.421	39	  39.860	  30.073	  32.208
65	-430.414	38	  21.170	   5.997	  37.764
66	-429.199	40	  44.663	 -14.547	  28.346
67	-426.547	40	  39.460	  -0.401	  -8.608
68	-423.296	41	  11.486	  14.849	  32.158
69	-421.208	39	  23.386	  15.559	  27.192
70	-405.718	39	  -2.549	   0.040	  17.415
71	-402.381	38	  12.779	  14.070	   2.085
72	-400.530	36	  33.582	  33.821	  28.843
73	-388.622	36	  22.721	 -30.089	  47.727
74	-382.380	36	 -21.645	   1.981	   7.750
75	-381.987	36	  29.001	   7.860	   4.093
76	-378.825	37	   1.565	 -11.344	  22.616
77	-377.532	36	  54.852	  -0.335	  20.622
78	-371.716	34	  52.778	 -12.120	  32.153
79	-366.583	35	  34.692	  41.940	  21.083
80	-363.195	33	   5.767	  -1.552	 -16.208
81	-362.296	35	  25.177	   2.105	   7.226
82	-359.906	34	 -15.230	  23.490	  16.791
83	-359.228	34	  17.673	 -16.901	  57.374
84	-352.992	34	  -1.804	  35.226	  20.653
85	-352.910	22	  11.251	  -6.588	  44.280
86	-350.909	34	  -4.904	  -7.298	  33.608
87	-347.214	33	  18.150	  11.285	  43.635
88	-345.856	31	  -7.972	 -23.592	  23.265
89	-340.425	32	  24.912	  38.959	  -0.964
90	-339.495	32	  -8.584	  29.462	  48.887
91	-337.725	33	  30.571	  -8.140	  28.997
92	-337.357	28	  11.145	  27.628	  -5.680
93	-336.449	30	 -13.580	  -0.931	  39.297
94	-335.170	31	  11.944	  21.891	  31.360
95	-332.671	31	  13.551	 -23.358	  -9.079
96	-328.060	30	   6.271	   8.518	  14.355
97	-327.982	32	  17.067	  11.378	   8.331
98	-323.492	31	  25.023	 -17.139	  36.132
99	-322.835	31	 -23.598	   1.588	  -3.262
100	-320.106	31	  47.167	  -7.649	 -11.692
101	-315.450	30	  27.088	   7.767	  18.584
102	-313.878	30	  16.397	  -2.269	  -2.470
103	-311.391	30	  51.841	  -8.872	  49.598
104	-311.192	19	  38.127	   6.432	  20.192
105	-310.616	29	  -3.818	 -14.749	  18.106
106	-308.303	29	  10.523	  -8.056	  33.001
107	-307.507	30	  11.471	 -40.488	  12.634
108	-307.476	30	  -8.952	   2.766	  21.303
109	-307.320	30	  28.726	  19.111	  31.457
110	-301.228	28	   1.650	  29.103	  43.942
111	-298.029	27	  38.003	 -28.785	  10.877
112	-296.355	26	 -14.655	  -9.093	  46.630
113	-296.304	28	  44.422	 -30.491	   0.757
114	-295.897	27	  18.000	  -8.982	  11.482
115	-295.116	26	  27.623	  12.024	  51.279
116	-294.058	28	   0.360	 -38.172	  35.578
117	-292.407	27	  51.947	  14.049	  37.355
118	-291.461	28	  36.776	 -11.737	  25.978
119	-281.456	26	 -18.277	  -2.415	  45.397
120	-278.655	26	  12.065	 -41.954	  40.420
121	-274.507	26	  -5.144	  -0.873	 -19.642
122	-263.564	26	  22.651	 -23.331	 -11.943
123	-259.334	25	 -12.634	  17.462	  49.753
124	-259.210	24	  25.350	 -22.566	  19.377
125	-258.501	23	   8.668	  -8.159	  11.978
126	-257.495	24	 -21.375	   8.063	  49.620
127	-253.898	24	  -9.261	 -38.556	  28.404
128	-253.315	24	  26.640	 -14.089	  60.207
129	-251.993	23	  11.805	  13.547	  19.452
130	-250.075	25	  44.312	 -18.759	  -2.608
131	-248.986	24	  30.420	  38.288	  10.146
132	-244.771	23	  -7.464	  22.496	  -4.862
133	-244.112	23	 -18.786	  23.640	  25.876
134	-242.296	23	  -5.589	  26.528	   3.339
135	-240.299	24	  45.752	   0.651	  53.514
136	-240.156	22	  -3.366	 -23.827	  50.704
137	-237.355	21	  13.225	 -13.548	  18.398
138	-236.119	21	   4.314	   9.699	  22.782
139	-235.496	22	  39.269	   8.266	  61.815
140	-234.394	23	  18.044	  19.872	   0.924
141	-233.064	22	  -8.222	 -22.077	  -3.965
142	-232.120	23	   3.455	 -14.965	 -21.816
143	-224.586	21	   7.644	  40.845	  18.326
144	-223.784	21	  33.326	   2.430	  -2.020
145	-219.974	20	 -14.952	  35.481	  41.628
146	-218.338	20	  21.346	 -26.849	  36.875
147	-217.730	20	 -25.823	  13.115	  -4.158
148	-215.149	20	   7.049	  23.443	  38.376
149	-214.313	20	  48.926	  16.627	  11.777
150	-208.362	20	 -13.342	   0.590	  13.118
151	-207.597	19	   1.959	   6.909	  61.224
152	-205.482	19	  51.293	  13.286	  28.264
153	-203.771	20	  -4.192	 -29.722	   3.438
154	-202.202	19	   6.541	  -1.246	  59.668
155	-201.560	19	  41.226	 -12.100	  35.066
156	-200.227	20	  18.208	 -35.374	   3.046
157	-198.874	18	   8.969	 -40.662	  51.686
158	-198.348	19	  27.905	 -34.142	  18.070
159	-197.737	18	  -5.981	 -12.283	 -22.146
160	-196.095	18	  46.263	  23.379	   6.120
161	-194.846	18	  15.632	  45.336	  -0.986
162	-193.114	18	  -0.545	 -25.709	  -1.818
163	-189.715	18	 -12.556	 -31.366	  23.052
164	-189.257	19	  50.618	  11.651	   6.248
165	-188.961	17	  37.849	 -36.488	  -5.349
166	-188.038	19	   8.631	  38.490	  -5.204
167	-187.229	17	   1.360	 -16.534	  53.875
168	-183.749	18	  -5.047	 -12.000	  54.686
169	-181.509	18	  49.766	  20.780	  27.921
170	-179.227	18	  -9.481	   4.345	  61.598
171	-178.734	16	  56.504	  -3.598	  -7.311
172	-178.585	18	  -0.601	   8.137	 -12.156
173	-177.334	16	   9.285	  -0.365	  -9.000
174	-176.798	15	  61.051	  -3.696	  45.264
175	-173.569	16	  11.360	 -34.767	   5.701
176	-169.331	15	  29.805	  26.535	  29.596
177	-169.063	16	  30.326	  13.187	  58.588
178	-168.708	14	  -8.799	 -43.987	  17.657
179	-160.330	16	  13.385	   1.006	  62.382
180	-157.544	16	  -8.600	  38.971	  34.040
181	-154.342	15	  55.745	  -4.172	  10.921
182	-152.258	15	  57.928	   5.993	  39.484
183	-147.768	15	  -8.075	 -27.417	  34.083
184	-147.699	15	   3.405	 -30.914	  53.755
185	-147.576	12	 -18.801	   4.031	  59.160
186	-142.463	14	 -12.637	   0.483	  -9.634
187	-140.352	13	  31.890	   3.307	  69.869
188	-137.658	14	  -5.499	 -19.655	 -13.564
189	-137.264	14	  23.595	   3.794	  68.845
190	-135.942	14	  49.398	  33.152	  26.331
191	-134.991	12	  46.629	  39.634	  20.777
192	-134.559	14	  55.322	   4.834	  -2.995
193	-131.345	13	  61.267	  -4.863	  35.307
194	-128.532	13	  57.549	  -3.409	   2.536
195	-126.380	13	  24.440	  12.922	  36.232
196	-125.669	13	 -15.466	  -9.212	   3.316
197	-125.036	13	  30.055	 -38.977	  -0.324
198	-124.865	13	 -14.280	  -5.981	  58.119
199	-119.730	12	  39.304	  12.660	  50.387
200	-118.661	12	  48.526	  31.159	  13.846
201	-116.210	12	 -17.962	  20.164	  -2.404
202	-114.697	12	   1.251	 -42.355	  12.233
203	-114.430	12	  26.763	 -31.169	  -8.815
204	-111.445	11	  45.175	  39.249	  13.466
205	-107.204	11	  41.480	 -20.954	  -9.391
206	-106.919	11	  26.466	  -6.629	  65.866
207	-102.487	10	  21.466	  37.388	  23.403
208	-101.193	10	  10.268	  44.228	   7.777
209	-100.492	10	  -0.231	  31.739	   1.955
210	 -99.364	10	  51.194	 -16.822	  -3.104
211	 -94.604	10	  -4.578	  -7.341	  17.798
212	 -94.098	9	  30.887	  -9.722	 -10.150
213	 -93.181	9	  17.200	 -37.150	  27.077
214	 -91.486	9	   2.897	 -43.650	  29.725
215	 -90.028	9	  25.075	  43.982	  10.597
216	 -89.823	9	 -20.418	   5.240	  40.895
217	 -89.739	9	 -24.292	  18.034	   4.229
218	 -89.302	9	  45.521	 -19.785	  13.899
219	 -89.059	9	 -16.996	  30.993	  31.468
220	 -88.775	9	 -18.333	  21.608	  45.180
221	 -88.582	9	 -15.331	  -5.854	 -12.680
222	 -88.512	9	  34.963	  31.138	   1.781
223	 -87.814	9	  -2.386	 -46.308	  19.868
224	 -85.863	9	 -15.633	   6.761	 -12.421
225	 -85.588	9	  -0.653	  23.630	  49.892
226	 -85.045	8	  55.774	  -9.885	  16.324
227	 -83.078	8	  35.968	  -2.363	  67.817
228	 -79.804	8	 -18.535	   9.910	  34.366
229	 -78.826	8	  34.997	 -19.626	 -14.852
230	 -78.732	8	  43.112	  -3.834	  60.348
231	 -77.760	8	  18.416	  44.223	  23.273
232	 -74.746	8	 -18.329	  13.333	  44.420
233	 -71.316	7	  14.023	 -33.434	  55.928
234	 -70.296	7	  10.873	 -45.865	  20.531
235	 -67.326	7	 -23.152	  19.055	  37.248
236	 -66.976	7	  -6.767	 -39.313	  10.435
237	 -66.524	7	   5.630	  19.003	  60.271
238	 -66.197	7	  -5.573	  16.852	  59.826
239	 -65.699	7	  50.323	  11.948	  50.271
240	 -60.348	6	 -18.948	 -17.658	   2.091
241	 -58.179	6	  28.239	  37.824	  26.322
242	 -58.092	6	  29.376	 -25.503	 -15.035
243	 -58.065	6	  34.828	 -31.329	  -9.876
244	 -57.975	6	  -0.111	  19.034	 -13.787
245	 -51.572	5	  -9.232	  13.787	 -13.876
246	 -50.730	5	  33.713	 -13.006	  63.933
247	 -49.337	5	 -13.814	  19.019	 -10.264
248	 -48.846	5	  40.126	 -12.652	  57.166
249	 -48.536	5	 -17.638	 -13.030	  -5.121
250	 -48.373	4	  32.297	 -10.574	   7.051
251	 -48.166	5	 -23.253	  24.988	  32.114
252	 -47.455	5	  35.581	 -22.190	  53.321
253	 -46.628	5	 -12.872	  23.989	   2.734
254	 -40.607	4	  18.066	 -38.026	  34.882
255	 -40.381	4	 -25.451	  13.012	  30.849
256	 -40.043	4	  44.287	 -25.524	   9.128
257	 -39.984	4	  55.085	  13.189	  44.573
258	 -39.681	4	  54.739	 -19.821	  14.356
259	 -39.569	4	  53.498	 -18.295	   6.711
260	 -38.983	4	 -13.182	 -26.002	  42.659
261	 -38.574	4	  19.512	 -44.013	  22.700
262	 -38.372	4	 -14.849	 -17.847	 -10.342
263	 -38.194	4	  45.833	  33.151	   6.093
264	 -38.166	4	   8.311	  41.751	   1.875
265	 -37.902	3	  -1.157	  -0.011	   3.688
266	 -37.582	2	   7.549	 -22.554	  29.124
267	 -37.366	4	 -20.470	  -3.747	   3.894
268	 -36.907	2	  23.549	  22.517	  15.124
269	 -30.477	3	  46.502	  20.307	  46.464
270	 -30.433	3	  -7.774	 -32.365	  42.806
271	 -30.409	3	  26.519	  29.989	  -2.586
272	 -30.229	3	  26.547	  -4.352	  18.461
273	 -29.973	3	  12.527	  46.628	  16.176
274	 -29.572	3	   1.166	  37.293	  11.425
275	 -29.444	3	  28.348	 -12.693	 -17.876
276	 -28.187	3	  39.828	  25.725	  -3.876
277	 -20.598	2	  -4.451	 -31.492	  50.643
278	 -19.374	2	 -13.942	 -35.520	  10.615
279	 -19.357	2	  56.560	   5.495	  27.158
280	 -19.043	2	   3.063	 -31.497	   1.610
281	 -18.834	2	  -4.994	   9.989	  63.610
282	 -18.823	2	  10.122	 -40.487	  29.600
283	 -18.711	2	  -6.957	 -45.481	  29.642
284	 -18.440	2	 -12.936	  31.009	  24.124
285	 -18.387	2	 -13.451	 -21.521	  35.634
286	 -18.252	2	  26.035	  45.512	   1.124
287	 -18.117	2	  51.549	  23.485	  18.124
288	 -11.429	1	  58.549	 -11.011	   7.124
289	  -9.705	1	  51.549	  15.989	  21.124
290	  -9.681	1	  39.549	  42.989	   9.124
291	  -9.583	1	 -21.451	  -5.011	  53.124
292	  -9.553	1	 -17.451	  29.989	  50.124
293	  -9.503	1	  43.549	  38.989	  30.124
294	  -9.486	1	  20.549	 -40.011	  50.124
295	  -9.426	1	   7.549	 -24.011	  57.124
296	  -9.386	1	  19.549	  36.989	  31.124
297	  -9.151	1	  51.549	  10.989	  -5.876
298	  -9.083	1	 -16.451	  15.989	  59.124
299	  -9.005	1	  58.549	 -14.011	  40.124
300	  -8.933	1	  38.549	 -39.011	   5.124
301	  -8.929	1	   2.549	 -10.011	  58.124
302	  -8.922	1	  28.549	  12.989	  67.124
303	  -8.910	1	  52.549	 -18.011	  23.124
