1	-1365.990	110	  -4.894	  21.441	  37.910
2	-1309.092	109	  -3.024	  26.589	  27.741
3	-965.922	84	  20.273	  16.702	  17.781
4	-588.930	54	  10.422	  13.300	  37.998
5	-397.484	36	   7.608	  23.232	  40.867
6	-376.390	30	  -2.241	   7.211	  31.485
7	-375.763	31	   9.474	  29.817	  32.455
8	-367.814	31	  -3.352	  13.388	  17.756
9	-337.474	32	  -3.099	   7.393	  23.181
10	-327.981	29	   3.344	   5.876	  43.091
11	-319.855	30	 -12.003	  10.211	  33.429
12	-290.866	28	  13.370	  18.845	  11.903
13	-271.637	26	  24.167	  19.057	  34.777
14	-255.641	24	  21.309	  12.581	  25.236
15	-244.726	23	 -12.132	   5.249	  50.858
16	-226.659	21	  14.530	  34.989	  17.495
17	-221.488	21	  27.746	  24.368	  26.612
18	-216.798	20	 -11.391	  19.725	  30.699
19	-202.189	20	  18.071	   9.566	  31.335
20	-199.008	16	   2.741	  20.958	  49.428
21	-196.034	18	   2.994	  15.538	  57.765
22	-194.055	17	   6.903	   7.903	  53.737
23	-177.022	17	   0.224	  37.661	  10.869
24	-160.832	15	  12.884	   3.267	  17.107
25	-149.573	14	  20.561	  31.325	  30.910
26	-140.546	14	  21.310	  29.016	  10.484
27	-124.473	11	  -0.037	  28.445	  39.588
28	-117.458	12	  22.677	  29.030	  19.662
29	-117.338	11	  17.761	  28.730	  38.120
30	-112.521	11	 -16.325	  21.156	  49.551
31	-107.285	11	  14.792	  35.816	  27.359
32	-105.583	10	   0.270	  25.776	  10.142
33	-103.589	10	  -3.734	  20.585	  57.803
34	 -98.190	10	   8.027	  24.726	   8.690
35	 -96.927	9	  -8.513	   1.551	  37.122
36	 -90.079	9	 -16.587	  10.872	  45.125
37	 -84.279	9	  -0.808	   1.717	  55.543
38	 -76.927	7	  -0.242	  33.518	  25.739
39	 -75.035	7	  -8.233	  31.885	  12.849
40	 -60.238	6	   4.223	   4.733	  15.235
41	 -59.096	6	   6.846	   0.933	  32.557
42	 -57.837	6	  -6.926	  28.742	  46.665
43	 -48.472	5	 -12.014	  23.874	  55.631
44	 -46.828	5	 -10.031	  23.861	  15.446
45	 -38.735	4	  -3.856	   0.022	  48.479
46	 -37.368	4	 -11.305	  18.211	  21.511
47	 -30.108	3	  20.847	   5.262	  21.554
48	 -29.907	3	   0.753	  39.580	  20.853
49	 -28.659	3	  10.866	  -2.351	  23.921
50	 -28.547	3	   4.523	  -3.723	  18.257
51	 -28.226	3	  -8.176	  28.209	  35.574
52	 -18.852	2	 -15.315	  12.277	  55.235
53	 -10.672	1	   3.180	  -3.723	  27.235
54	  -9.691	1	  -6.820	   9.277	  58.235
55	  -9.523	1	  29.180	  16.277	  29.235
56	  -9.015	1	   8.180	   3.277	  62.235
