1	-1591.449	130	  -2.714	 -13.703	  71.534
2	-1533.765	121	  32.051	   3.560	 155.129
3	-1479.554	118	  -2.572	  -6.778	 154.624
4	-1468.398	119	  32.343	  -7.809	  63.415
5	-1368.045	122	  13.978	   4.332	  70.723
6	-1120.462	97	  15.544	 -15.769	  67.730
7	-1057.064	90	  14.172	   1.371	 159.389
8	-1037.322	89	  13.796	  -4.852	  67.700
9	-983.228	84	  15.495	  -4.459	 150.806
10	-894.085	79	   9.285	  11.460	 163.186
11	-888.741	69	   1.013	 -18.564	  61.074
12	-865.919	73	  30.183	  -7.267	 156.624
13	-840.367	71	   6.726	   9.361	 176.568
14	-797.332	72	   9.379	   3.369	  62.133
15	-753.354	56	   4.220	  -4.459	 159.829
16	-751.068	68	  14.920	   2.159	 170.989
17	-743.148	64	  12.903	   7.102	 166.817
18	-737.667	64	   7.684	  13.703	  69.955
19	-711.716	60	  15.130	  14.676	  64.180
20	-702.406	60	  13.852	  15.240	 174.063
21	-691.628	48	  24.113	   6.046	 157.129
22	-672.907	50	  24.245	  -4.825	  62.710
23	-672.784	56	  33.389	 -15.920	 156.006
24	-666.113	60	  29.356	 -19.511	  79.476
25	-665.097	59	  32.327	  18.636	 155.127
26	-632.105	51	   1.090	  -0.789	 146.918
27	-630.907	47	   3.869	  -8.001	  72.480
28	-609.311	51	   7.787	 -19.052	  63.271
29	-592.821	46	  30.167	 -11.473	  72.963
30	-590.150	52	   7.115	  25.002	 173.179
31	-572.142	52	  16.306	  10.915	  45.551
32	-549.786	49	  11.034	  20.193	  79.526
33	-548.309	48	  32.086	   1.397	  51.045
34	-547.473	50	   7.470	  19.788	  55.930
35	-538.340	49	   5.596	   8.068	  89.783
36	-535.853	47	   5.729	  -9.166	  86.562
37	-504.093	47	  16.156	  29.110	 160.253
38	-503.860	46	  21.892	  -6.981	  49.165
39	-495.656	44	  12.461	   6.804	 186.547
40	-484.373	46	 -17.891	 -11.325	  61.852
41	-482.201	29	  31.221	   6.580	 175.233
42	-470.725	44	 -17.619	   2.035	 151.380
43	-459.935	43	  -1.765	 -24.632	  52.836
44	-451.912	42	   6.342	  -8.720	 183.950
45	-448.980	41	  21.790	  15.195	 147.384
46	-444.706	26	  -7.363	  10.938	 164.205
47	-437.111	37	   0.398	   0.815	 137.402
48	-427.873	27	  -7.496	   3.972	  62.732
49	-425.659	39	  25.034	  -2.944	  95.136
50	-390.901	32	  -5.311	  -3.308	  85.334
51	-388.223	23	  30.662	  10.713	  72.613
52	-388.148	31	  22.005	 -15.696	  74.483
53	-381.941	35	  41.301	 -17.816	  59.845
54	-377.209	34	  -8.659	 -26.276	  75.796
55	-355.324	34	 -18.104	  14.644	 157.612
56	-352.020	32	   3.150	  -7.537	  39.984
57	-346.413	33	  -8.343	 -10.554	  81.323
58	-342.684	33	  46.586	 -15.752	  70.772
59	-338.932	33	  45.867	   0.438	 165.833
60	-337.744	31	  35.491	  18.747	  65.302
61	-335.564	29	  -8.672	 -16.266	 145.710
62	-329.937	26	  21.233	 -10.426	 154.290
63	-324.234	30	  -5.300	 -12.840	 165.388
64	-321.411	31	  42.122	  11.400	  78.880
65	-311.168	22	  10.509	   0.581	 145.591
66	-306.203	28	   7.460	 -17.005	 166.293
67	-304.627	30	  10.412	   1.968	 137.447
68	-300.865	29	  45.366	  -0.252	  72.232
69	-296.313	27	  25.646	  17.053	  54.688
70	-294.884	28	 -18.319	   0.427	  55.677
71	-292.570	27	 -14.456	  10.791	  69.848
72	-288.061	23	  -6.000	  23.932	 175.950
73	-285.822	27	  25.675	  25.673	 169.984
74	-285.196	27	  42.461	   1.682	 179.221
75	-284.417	27	  38.558	  -0.500	  55.783
76	-273.917	24	  -7.895	 -12.464	 174.028
77	-272.552	27	 -14.896	  14.606	 170.188
78	-263.660	26	   6.216	  -5.997	 146.166
79	-263.531	24	  35.148	  18.104	 177.564
80	-260.231	23	  24.969	 -18.583	 178.298
81	-256.322	23	  -4.912	   7.815	 136.351
82	-251.235	24	 -13.182	  -6.855	 140.418
83	-246.171	21	  -1.165	 -12.441	 145.647
84	-244.119	23	  -0.842	 -24.662	  70.195
85	-240.311	21	 -14.245	   8.206	 174.019
86	-237.475	22	  38.905	  14.039	 156.522
87	-232.592	23	 -12.946	 -11.389	 159.558
88	-227.038	22	  34.333	  27.809	 163.346
89	-224.394	21	  26.299	 -17.226	  66.105
90	-224.351	21	 -12.938	   9.836	  51.282
91	-223.738	22	  25.079	 -18.593	 154.417
92	-223.110	20	   2.634	  24.122	 144.284
93	-221.660	21	 -14.040	 -25.892	  64.187
94	-220.401	21	  39.514	   2.137	 143.787
95	-219.976	20	  -5.053	  11.300	  78.192
96	-219.372	21	  34.188	  17.672	  83.876
97	-217.508	21	  46.969	  -7.211	 152.864
98	-213.107	21	  37.624	 -14.987	  84.165
99	-209.590	20	  34.465	   1.253	 187.407
100	-209.253	21	   0.763	 -16.484	  83.151
101	-209.109	18	  34.461	 -19.257	 170.527
102	-207.299	19	  26.661	  -4.769	 150.673
103	-205.679	20	   2.703	  20.556	  46.975
104	-202.599	20	  26.149	  14.309	  43.035
105	-201.929	16	  -5.230	  22.053	  58.472
106	-200.721	19	  24.747	 -16.075	  92.333
107	-200.716	16	  -3.356	  16.749	 138.942
108	-200.087	18	  -3.435	 -14.318	  43.886
109	-199.334	20	  11.810	  28.689	 148.083
110	-198.502	20	  17.744	 -15.778	  88.008
111	-197.216	19	  18.847	   4.020	  97.472
112	-197.042	18	 -12.751	  23.316	 162.107
113	-195.631	20	  45.867	  -1.955	 145.577
114	-190.924	19	 -11.114	   4.270	  87.296
115	-177.210	18	  13.846	 -16.878	  47.444
116	-174.932	17	 -16.049	  -2.776	 158.939
117	-174.000	15	  33.781	  -7.308	  91.458
118	-173.017	17	   7.234	  22.966	 138.802
119	-172.622	17	  26.907	  32.649	 161.938
120	-172.180	17	  -5.491	  -7.685	 185.222
121	-170.058	17	  18.902	 -22.491	 164.370
122	-169.486	16	  15.963	  28.158	 172.867
123	-167.541	16	  15.812	  -2.547	 191.982
124	-165.820	17	  26.834	   1.856	 144.350
125	-165.687	16	  -5.910	  10.861	  89.714
126	-159.303	15	  21.497	  15.761	 183.136
127	-155.128	14	  34.355	  -2.779	 146.825
128	-152.773	15	  47.757	   6.188	 154.831
129	-152.760	15	   6.920	 -20.799	  75.895
130	-152.455	15	 -13.241	  15.858	  60.745
131	-150.783	15	   6.210	  33.558	 157.734
132	-150.115	14	  34.123	  12.930	  48.262
133	-148.420	14	   3.624	 -20.335	  42.850
134	-148.156	14	  16.373	  20.220	  89.803
135	-146.565	14	  30.826	  -8.731	 188.940
136	-145.841	14	   5.078	   3.496	 187.259
137	-145.241	14	  38.297	   3.886	  92.074
138	-143.736	14	  19.460	 -17.475	 184.335
139	-143.009	13	   1.501	  12.891	  73.696
140	-142.328	12	  17.952	  20.069	  53.041
141	-140.901	13	   9.081	 -17.233	 177.820
142	-140.394	14	  28.701	 -21.225	  88.204
143	-140.286	13	 -12.180	  -5.009	  43.158
144	-139.928	14	   5.142	  14.405	 133.623
145	-139.745	13	  -4.682	   2.077	 178.734
146	-139.280	14	   5.445	   2.637	  37.561
147	-139.076	13	  -3.291	  17.937	  65.843
148	-138.484	13	  33.802	  15.341	  57.611
149	-136.805	12	  28.528	 -24.919	 165.252
150	-134.844	13	   7.008	 -13.785	 150.747
151	-134.624	14	  -1.760	  15.577	 178.154
152	-133.405	13	  -7.531	   8.174	  43.242
153	-131.095	13	  32.797	  22.507	  75.828
154	-131.075	11	  33.843	 -18.313	  64.468
155	-130.323	12	  21.774	  18.451	 174.023
156	-129.867	13	  38.832	 -13.467	 180.391
157	-128.996	12	 -11.252	  -6.784	 179.784
158	-125.854	11	  11.413	  -3.717	  94.329
159	-123.102	12	   7.919	  12.797	  41.581
160	-121.578	12	 -12.036	   7.650	  77.264
161	-120.878	12	   3.168	  31.248	 149.474
162	-117.436	11	 -16.083	  -7.851	  71.150
163	-117.239	10	  22.651	  26.483	  76.583
164	-113.494	11	 -11.970	  21.891	 145.794
165	-108.398	10	  24.731	  15.296	  91.679
166	-107.727	10	  34.657	  21.319	 170.106
167	-107.207	10	  42.691	   2.454	  63.814
168	-103.794	10	 -11.953	   0.677	 175.373
169	-102.656	10	 -10.738	 -18.631	  53.244
170	-102.273	10	  43.916	  -9.466	 164.115
171	 -98.390	10	  27.198	  31.597	 153.678
172	 -97.503	10	 -17.265	   7.278	  63.424
173	 -97.271	10	   9.652	 -24.278	  54.618
174	 -97.212	10	  26.559	   2.771	 192.887
175	 -97.111	10	  19.458	  21.971	  68.276
176	 -96.668	10	   5.028	  32.773	 166.405
177	 -92.295	9	 -15.890	  -0.507	 167.790
178	 -90.678	9	   0.865	 -17.716	 158.489
179	 -88.608	8	 -11.651	   4.475	 142.165
180	 -87.684	7	   1.076	  16.831	  82.102
181	 -87.489	9	  24.755	 -24.401	 173.500
182	 -85.600	9	  33.574	 -10.381	 147.732
183	 -85.147	8	  43.205	   9.102	 163.333
184	 -83.551	8	  39.868	  10.088	 179.338
185	 -83.328	8	  15.531	  -0.653	  41.144
186	 -82.133	8	  33.396	  11.455	 184.872
187	 -80.548	8	  13.256	  12.168	  93.862
188	 -80.174	8	 -16.990	   0.961	  72.984
189	 -79.364	8	  -4.084	  26.896	 145.177
190	 -77.740	8	  31.814	  10.323	 145.043
191	 -74.872	8	  30.113	   4.106	  96.899
192	 -72.083	7	  31.599	  12.124	  93.374
193	 -71.238	7	  40.716	  15.111	 169.152
194	 -71.011	7	  30.825	 -12.572	  52.973
195	 -70.013	7	 -18.843	 -12.312	 148.209
196	 -69.924	7	  44.138	   9.106	  69.807
197	 -68.865	7	 -17.435	 -16.889	  74.250
198	 -68.676	7	  47.570	  -6.297	  61.043
199	 -66.361	7	  26.232	   6.823	  40.559
200	 -66.045	6	  43.131	  -8.399	  78.545
201	 -61.921	6	  14.048	  12.230	 137.845
202	 -61.248	6	  26.189	  24.501	  84.664
203	 -61.009	6	  15.638	 -23.293	  73.424
204	 -61.003	6	  44.576	   2.112	  84.718
205	 -59.942	6	  30.243	 -16.634	 184.279
206	 -59.796	6	 -19.191	  -2.942	  65.553
207	 -59.063	6	  -7.414	  29.463	 168.251
208	 -57.183	5	  22.930	  12.091	 190.823
209	 -54.846	5	  40.562	  11.131	  62.048
210	 -52.938	5	  -8.312	  28.635	 154.989
211	 -52.320	5	 -11.631	  -3.516	  79.205
212	 -49.998	5	  -4.590	  -2.540	  38.936
213	 -49.042	5	  -0.660	 -31.293	  60.178
214	 -48.976	5	  24.774	 -16.337	  56.068
215	 -48.373	5	  15.735	 -13.289	 147.986
216	 -48.369	5	 -15.073	 -17.895	 156.559
217	 -47.380	5	  -1.504	 -14.479	 184.012
218	 -44.146	4	 -17.307	  13.398	 146.725
219	 -43.016	4	  25.553	  21.548	 148.942
220	 -41.950	4	 -11.103	  -7.293	 167.628
221	 -40.781	4	  16.383	 -22.781	 175.654
222	 -39.749	4	  -7.860	  17.481	  49.908
223	 -39.650	4	  -1.103	   6.970	  94.128
224	 -39.446	4	  17.371	  20.739	 143.385
225	 -38.831	4	  44.605	   7.459	 171.230
226	 -38.702	4	  45.148	  -8.012	 175.648
227	 -38.349	4	  15.368	   4.194	 197.369
228	 -37.923	4	 -19.621	   5.264	 161.175
229	 -37.479	4	   4.010	  -1.811	 192.630
230	 -32.380	3	 -17.549	  -7.492	  50.017
231	 -31.679	3	  17.773	  -3.624	 141.722
232	 -30.902	3	  12.789	 -10.605	 188.354
233	 -30.080	3	  20.832	 -11.300	 191.697
234	 -29.943	3	  -7.518	 -19.949	 152.379
235	 -29.133	3	  -8.179	 -10.376	 136.085
236	 -27.786	3	  34.850	 -19.615	  92.650
237	 -27.722	3	  -4.862	  -0.268	  94.416
238	 -21.218	2	  -8.862	 -31.293	  64.936
239	 -20.930	2	  44.658	  12.187	 148.391
240	 -20.796	2	 -12.862	  19.226	  68.872
241	 -19.863	2	  31.138	  20.707	 184.865
242	 -19.618	2	  13.659	  26.707	  76.391
243	 -19.382	2	  45.599	  -9.293	  52.852
244	 -18.999	2	   0.642	  33.203	 177.895
245	 -18.940	2	  14.082	  27.193	  86.363
246	 -18.823	2	 -14.862	 -18.786	  82.391
247	 -18.690	2	 -20.365	  -3.293	 146.888
248	 -18.478	2	  41.030	  -9.257	 144.837
249	 -18.264	2	  32.626	 -23.301	  70.903
250	 -17.973	2	  17.138	 -23.293	  60.888
251	 -14.162	1	  -4.862	   4.707	 154.391
252	 -13.606	1	  10.138	  -0.293	 183.391
253	 -13.112	1	   9.138	  -8.293	 166.391
254	 -11.638	1	   9.138	  -5.293	  79.391
255	 -11.268	1	  16.138	  19.707	 157.391
256	 -10.966	1	   3.138	  25.707	 179.391
257	 -10.908	1	   9.138	   2.707	  83.391
258	 -10.621	1	  18.138	  -3.293	  56.391
259	  -9.607	1	 -20.862	 -19.293	  66.391
260	  -9.520	1	  29.138	 -17.293	 147.391
261	  -9.314	1	  31.138	  26.707	  66.391
262	  -9.235	1	   7.138	  20.707	  88.391
263	  -9.106	1	  50.138	  -6.293	  69.391
