1	-1576.364	127	  -2.529	  -6.371	 154.897
2	-1512.957	135	  13.339	   3.972	 169.123
3	-1481.599	118	  31.982	  -7.692	  63.596
4	-1467.531	115	  31.807	   3.110	 155.369
5	-1394.645	114	  -2.837	 -13.622	  71.681
6	-1126.917	100	  15.343	 -15.418	  68.014
7	-996.109	86	  15.427	  -4.449	 151.513
8	-959.148	77	  29.432	  -8.853	 156.345
9	-898.953	75	  13.820	   1.141	 159.401
10	-874.224	80	  12.610	   2.785	  67.602
11	-870.739	71	  13.820	  -5.725	  67.723
12	-864.369	77	   9.201	  11.076	 163.483
13	-819.700	63	   1.141	 -17.491	  61.948
14	-737.417	65	  31.635	  18.701	 155.374
15	-718.446	58	   0.674	  -1.060	 147.160
16	-713.785	64	   9.168	   3.964	  61.794
17	-698.617	58	   6.761	  13.763	  70.872
18	-690.599	57	   7.126	   9.711	 176.757
19	-686.960	58	  14.557	  14.890	  64.337
20	-647.026	45	  24.115	   5.695	 156.953
21	-630.325	49	   3.615	  -8.666	  72.524
22	-623.984	52	  -4.017	  -5.998	  83.795
23	-617.653	54	  14.561	   5.072	  73.569
24	-603.625	50	  31.797	 -17.947	  79.378
25	-600.292	54	  10.407	  20.008	  79.670
26	-594.932	45	  23.985	  -4.851	  62.335
27	-587.528	49	  13.475	  15.387	 174.402
28	-583.694	52	   7.394	  25.065	 173.637
29	-573.548	53	  14.837	  29.650	 160.069
30	-558.149	50	   7.414	  19.430	  55.769
31	-555.157	50	  15.988	  10.863	  45.445
32	-554.947	43	  29.690	 -11.282	  72.896
33	-552.498	49	  11.342	   6.237	 186.945
34	-533.091	48	  -3.425	 -23.531	  51.872
35	-527.267	40	   4.155	  -4.680	 160.324
36	-524.067	50	 -17.851	 -11.547	  62.481
37	-522.901	44	  -4.221	 -12.364	 168.114
38	-519.708	49	  22.144	  -7.104	  49.178
39	-501.354	45	  21.995	  15.912	 147.839
40	-495.625	47	 -17.811	   2.121	 151.496
41	-492.214	46	   5.622	   8.710	  89.935
42	-479.330	45	   6.795	  -9.218	 185.053
43	-469.734	42	   5.755	 -10.320	  86.050
44	-464.851	28	  30.607	   6.508	 175.477
45	-452.955	26	  -7.625	  10.844	 164.521
46	-451.786	39	  34.726	 -17.007	 156.449
47	-436.717	40	   5.954	 -16.396	 165.948
48	-430.797	27	  30.400	  10.893	  72.463
49	-410.119	25	  -7.489	   4.184	  62.796
50	-391.537	30	  21.117	 -15.215	  74.914
51	-386.893	35	  -9.184	 -26.195	  75.602
52	-370.779	35	   3.056	  23.384	 142.307
53	-370.035	34	  41.996	 -17.925	  60.210
54	-359.399	33	 -15.058	   9.992	  69.157
55	-352.188	34	  41.711	  11.728	  78.954
56	-349.455	26	  10.466	  -0.310	 146.231
57	-348.528	31	 -14.915	   8.318	 173.557
58	-340.116	32	 -18.439	  13.965	 157.948
59	-331.786	29	  -0.230	   0.563	 137.163
60	-328.576	31	 -18.391	   0.526	  56.441
61	-326.294	31	  25.267	  -0.398	  95.216
62	-318.124	31	  44.999	  -0.196	  72.193
63	-317.276	31	  45.222	   0.537	 165.765
64	-309.779	27	  23.854	  26.602	  75.861
65	-306.609	29	  33.040	   5.559	  48.018
66	-306.036	30	  26.878	 -20.419	  83.806
67	-302.736	29	  41.926	   1.538	 179.617
68	-293.867	27	  -5.321	  11.884	  80.783
69	-293.782	22	  10.099	 -17.097	  60.485
70	-292.838	26	  24.495	 -18.735	 178.494
71	-289.169	28	  38.596	  -0.680	  55.641
72	-288.070	21	  20.622	  -9.998	 155.448
73	-284.770	26	  42.470	  -0.457	 144.987
74	-282.435	26	 -11.092	  -8.982	  79.978
75	-280.558	26	  34.652	  19.270	  65.177
76	-278.259	25	  -7.682	 -18.007	 148.454
77	-271.524	25	   0.602	  -4.768	  40.287
78	-261.246	24	  -4.798	   6.913	 136.360
79	-259.219	24	  -1.571	 -12.967	 145.912
80	-253.978	25	   2.628	  19.961	  46.413
81	-247.396	22	  34.766	  17.483	 178.154
82	-244.370	23	  46.303	  -7.171	 152.991
83	-243.512	23	  46.059	 -15.438	  71.582
84	-243.157	20	  30.556	  -1.032	  52.406
85	-242.069	24	  -5.392	   9.310	  92.145
86	-240.290	23	 -11.424	 -11.359	 161.795
87	-238.360	20	  -3.598	  16.237	 138.908
88	-233.082	22	  25.553	  25.863	 169.976
89	-228.276	21	   5.893	 -20.433	  66.444
90	-226.827	22	   8.812	   0.551	 137.263
91	-225.273	18	  -5.591	  22.182	  58.455
92	-223.055	21	  38.608	  13.125	 154.777
93	-215.652	21	 -13.145	  23.303	 162.665
94	-208.658	20	  25.739	 -17.156	  68.783
95	-208.653	18	  -3.585	 -14.297	  43.837
96	-206.972	19	 -13.098	   9.507	  51.107
97	-206.498	21	   9.390	 -23.998	  53.985
98	-205.024	20	  18.269	   3.721	  97.505
99	-204.808	20	  24.407	 -18.558	 154.622
100	-204.254	20	 -14.010	 -25.206	  62.932
101	-204.217	20	 -16.429	  -2.706	 159.157
102	-203.876	20	   4.663	  30.258	 149.050
103	-203.090	21	  25.589	  -6.662	 149.926
104	-200.573	18	  -1.504	 -24.692	  71.482
105	-200.554	20	   7.051	 -10.174	  38.291
106	-199.279	18	  17.449	  20.273	  52.749
107	-196.145	19	 -14.478	  16.935	 171.870
108	-195.535	18	  -8.765	  -0.875	  87.418
109	-192.616	17	  25.473	  16.771	  56.426
110	-192.478	19	   6.382	  -6.260	 146.152
111	-191.997	18	  34.081	   1.202	 187.548
112	-190.293	20	  40.710	 -10.568	  83.135
113	-185.178	18	  15.071	  -2.300	 192.459
114	-184.478	19	  13.935	  10.393	 138.349
115	-178.765	17	  10.167	  -3.168	  94.046
116	-176.232	17	  -5.760	  -8.439	 185.700
117	-176.090	15	  34.011	  -2.349	 146.791
118	-175.045	17	  33.770	  18.110	  83.447
119	-174.663	17	  25.611	  13.680	  42.555
120	-170.691	16	  16.000	  20.589	  89.501
121	-168.036	16	 -13.721	  -5.473	 140.389
122	-167.080	16	  -4.659	   0.910	 180.438
123	-163.920	15	  -8.887	 -12.136	 174.324
124	-159.114	15	  23.974	 -15.436	  92.323
125	-158.417	14	  34.028	 -18.256	  63.317
126	-155.016	15	 -12.801	 -14.696	 143.003
127	-154.272	15	   3.598	  13.471	 133.186
128	-152.657	13	  33.164	  -7.043	  91.599
129	-152.067	15	  20.361	  15.891	 182.716
130	-151.557	12	  -6.075	  23.719	 176.396
131	-150.388	14	  21.261	  18.368	 174.280
132	-148.880	15	  26.693	  32.575	 162.176
133	-147.742	15	   6.573	 -21.240	  75.475
134	-146.509	14	  33.766	  15.317	  57.594
135	-145.933	15	  43.822	  -9.652	 165.621
136	-141.641	13	 -11.589	  -6.831	 179.953
137	-141.230	14	  19.933	 -17.232	 184.902
138	-140.503	13	   3.824	 -20.323	  43.056
139	-140.477	13	 -11.784	   6.145	  86.405
140	-139.862	13	  42.411	   2.445	  63.843
141	-139.632	14	  34.548	  28.196	 160.801
142	-138.892	13	  28.577	 -25.159	 164.975
143	-138.327	12	  33.052	 -19.313	 171.449
144	-133.919	12	  -2.974	  17.834	  66.688
145	-132.856	12	   0.507	  17.089	  82.177
146	-132.630	13	   4.823	   2.508	  37.765
147	-127.530	13	  16.504	 -13.386	  90.135
148	-127.385	12	 -16.024	  -8.613	  71.720
149	-126.574	12	 -12.579	  21.964	 146.139
150	-124.874	12	  38.190	   3.934	  91.999
151	-123.615	11	 -12.343	  -4.570	  43.092
152	-117.698	12	  47.512	   5.789	 154.753
153	-117.500	11	  -0.413	   6.624	 177.643
154	-117.391	12	  13.856	 -15.332	  46.083
155	-115.718	11	  20.183	  21.710	  68.594
156	-114.331	11	 -12.520	   0.397	 175.573
157	-114.223	12	  47.523	  -6.467	  61.269
158	-112.984	11	  -2.347	  14.867	 178.056
159	-111.041	11	  38.469	 -13.482	 180.534
160	-109.743	10	 -11.478	  -7.640	 168.067
161	-108.843	11	  37.849	  17.234	  72.290
162	-108.136	10	  42.407	   8.733	 163.575
163	-107.942	11	  18.557	 -22.598	 163.286
164	-107.650	10	  31.395	 -10.343	 188.393
165	-107.040	11	  32.568	  11.524	 187.034
166	-106.964	10	   6.573	 -14.015	 150.640
167	-106.847	11	  32.294	 -11.114	 147.631
168	-106.032	10	  -1.166	  12.801	  73.786
169	-105.963	11	  24.647	  -8.094	  96.877
170	-104.853	10	  25.080	 -17.186	  58.620
171	-104.170	10	   3.404	  32.191	 166.509
172	-103.434	10	  -8.225	   7.303	  42.822
173	-102.646	10	  33.167	  14.296	  49.319
174	-102.302	10	  25.093	   1.640	 144.443
175	-102.273	10	  17.992	  27.634	 172.482
176	-101.492	10	  15.472	  -1.765	  41.309
177	 -96.481	9	  34.422	  21.385	 169.890
178	 -96.296	9	  39.270	  10.434	 179.398
179	 -95.155	10	  -0.841	 -17.467	  83.127
180	 -94.008	9	 -12.367	   6.803	  77.863
181	 -93.323	9	   7.036	  11.685	  40.730
182	 -93.284	9	  15.877	  25.843	 148.410
183	 -92.390	9	  36.840	  17.219	 160.551
184	 -92.068	9	  24.875	  18.707	  48.167
185	 -86.990	9	  31.345	   8.421	 145.310
186	 -84.805	9	  18.153	 -18.732	  85.166
187	 -84.619	8	   9.564	 -18.970	 176.128
188	 -84.126	8	  40.443	  14.930	 169.771
189	 -84.023	8	   2.937	   3.120	 187.096
190	 -81.667	8	 -12.320	   4.275	 142.248
191	 -79.124	8	  26.599	   3.618	 193.233
192	 -78.483	8	  23.740	 -24.750	 173.567
193	 -77.547	7	  38.967	 -17.829	 164.954
194	 -77.076	8	  27.050	  31.091	 153.907
195	 -76.348	7	  24.407	  15.696	  91.647
196	 -76.130	7	  40.743	  11.359	  62.371
197	 -76.087	8	  -2.939	 -15.791	 182.491
198	 -75.708	8	  26.232	  -5.785	 191.388
199	 -72.978	7	  -8.342	  28.413	 155.668
200	 -72.553	7	 -17.173	   1.003	  72.649
201	 -72.265	7	  31.573	  12.308	  92.502
202	 -70.968	7	   1.134	  34.710	 157.368
203	 -70.106	7	  13.513	  12.510	  94.599
204	 -68.329	7	  -4.152	  27.889	 146.282
205	 -67.917	7	  -7.181	  30.101	 169.144
206	 -61.942	6	  -1.194	 -17.759	 157.840
207	 -61.215	6	  43.848	   7.987	 172.601
208	 -61.157	6	  43.848	   9.057	  70.017
209	 -60.502	6	  30.276	 -12.279	  52.711
210	 -60.095	6	  39.340	   6.043	 143.517
211	 -59.735	6	   2.846	  23.730	  59.843
212	 -59.658	6	  30.265	 -16.951	 183.760
213	 -59.187	6	   2.707	  33.548	 175.307
214	 -57.948	6	  15.697	 -22.778	  72.503
215	 -55.124	6	 -19.638	  -1.491	  65.524
216	 -53.821	5	 -17.067	   0.520	 167.690
217	 -51.091	5	  44.426	   1.331	  84.301
218	 -49.859	5	  26.059	  24.469	  84.505
219	 -49.697	5	  -8.146	  17.370	  49.960
220	 -48.439	5	  17.463	 -22.675	  62.353
221	 -47.045	5	 -13.145	  14.321	  61.301
222	 -46.758	5	  32.437	  23.720	  74.334
223	 -46.526	5	  23.654	 -23.087	  75.491
224	 -42.628	4	 -17.682	  13.862	 147.107
225	 -42.313	4	   5.369	  -2.280	 192.517
226	 -41.807	4	  16.080	 -22.773	 175.811
227	 -40.093	4	  17.570	  -3.550	 142.006
228	 -39.971	4	 -13.942	 -18.064	 157.953
229	 -39.451	4	 -17.134	 -17.054	  75.014
230	 -39.375	4	 -16.621	 -11.023	 155.275
231	 -39.182	4	  15.615	 -13.059	 148.028
232	 -38.508	4	  -8.406	 -10.785	 136.270
233	 -37.912	4	  36.089	 -17.811	  87.050
234	 -37.123	4	  35.854	 -25.041	  75.031
235	 -36.727	4	 -12.174	 -19.518	  55.279
236	 -32.675	3	 -17.433	  -7.638	  50.206
237	 -29.984	3	  12.017	  23.522	 141.201
238	 -29.883	3	  12.935	  26.408	  76.517
239	 -29.588	3	 -20.152	   6.389	 161.869
240	 -29.571	3	  -8.810	 -31.290	  65.207
241	 -28.737	3	  -0.809	 -31.290	  60.179
242	 -28.349	3	  -3.473	   1.383	  94.519
243	 -28.118	3	  15.812	   4.029	 197.836
244	 -28.114	3	 -14.828	 -19.634	  81.849
245	 -23.603	2	  21.848	  12.162	 190.969
246	 -21.059	2	  13.628	  27.600	  85.407
247	 -19.818	2	  43.317	 -10.290	 146.517
248	 -19.690	2	  43.848	 -22.290	  70.022
249	 -19.520	2	  16.770	  -6.290	  96.978
250	 -18.811	2	 -21.152	 -19.290	  65.016
251	 -18.681	2	  30.848	  20.710	 184.994
252	 -18.539	2	  44.351	  12.207	 148.014
253	 -18.526	2	   1.334	  -8.290	 135.517
254	 -18.195	2	   6.848	  21.209	  88.018
255	 -12.558	1	   8.848	  -5.290	  79.517
256	 -12.273	1	  -5.152	   4.710	 154.517
257	 -11.018	1	  31.848	  -1.290	 166.517
258	 -10.637	1	  20.848	 -11.290	 191.517
259	 -10.180	1	  44.848	  -9.290	  52.517
260	  -9.914	1	   8.848	  -8.290	 166.517
261	  -9.888	1	  29.848	   5.710	  41.517
262	  -9.664	1	  29.848	  26.710	  66.517
263	  -9.489	1	 -13.152	  18.710	  69.517
264	  -9.266	1	  17.848	  -3.290	  56.517
265	  -9.242	1	  43.848	  -8.290	 178.517
266	  -8.993	1	  31.848	 -20.290	  96.517
