1	-844.571	77	  58.245	  60.118	  10.974
2	-789.847	73	  83.911	  19.226	  25.034
3	-580.086	52	  73.566	  63.080	  14.545
4	-575.720	54	  68.332	  38.032	  18.578
5	-558.576	39	  68.069	  31.571	  22.828
6	-550.560	51	  67.477	  44.038	  30.450
7	-549.864	47	  54.100	  29.046	   5.734
8	-548.478	49	  71.048	  45.498	  -4.141
9	-543.340	49	  92.469	  29.908	  19.702
10	-533.444	47	  76.425	  51.052	  -6.764
11	-495.241	46	  92.732	  19.289	  31.272
12	-486.848	44	  71.429	  33.193	   6.432
13	-484.178	46	  93.854	  39.742	  37.335
14	-468.025	31	  61.789	  41.547	  14.043
15	-465.662	42	  57.221	  40.658	  -4.593
16	-456.102	42	  84.051	  45.225	  30.278
17	-450.819	41	  65.723	  46.987	  17.657
18	-447.598	42	  62.449	  67.738	   4.609
19	-437.664	39	  87.548	  58.492	   8.252
20	-437.634	38	  85.780	  40.013	  41.704
21	-421.315	37	  56.338	  29.843	  34.429
22	-421.204	36	  78.613	  38.069	  40.154
23	-414.791	38	  80.665	  47.443	   3.972
24	-406.284	37	  67.814	  19.966	   6.415
25	-403.098	37	  55.008	  19.085	  33.944
26	-390.405	36	  76.303	  34.410	  21.265
27	-370.043	36	  80.682	  57.219	  -3.372
28	-365.196	32	  96.379	  45.655	  24.197
29	-358.541	34	  82.869	  26.663	  49.212
30	-342.986	30	  74.677	  13.184	  28.691
31	-337.974	29	  67.241	  27.321	  42.082
32	-319.374	31	  61.162	  26.479	   3.028
33	-311.483	30	  56.241	  38.906	  35.117
34	-296.270	26	  52.174	  30.858	  20.634
35	-293.851	27	  44.064	  54.702	  -5.555
36	-292.539	28	  45.097	  32.593	   6.746
37	-281.261	24	  48.951	  55.478	   9.295
38	-274.905	25	 100.864	  34.954	  31.077
39	-269.850	23	  40.999	  49.160	  13.406
40	-263.942	24	  82.556	  50.088	  13.691
41	-259.869	25	  63.096	  52.443	 -13.443
42	-257.143	25	  60.954	  56.422	  22.610
43	-256.457	23	  79.578	  67.176	   1.824
44	-251.709	23	  82.498	   6.433	  39.796
45	-251.662	23	  86.058	  45.112	  20.584
46	-248.936	23	  65.109	   9.492	  25.102
47	-245.368	22	  48.898	  55.042	  18.001
48	-241.178	23	  44.691	  38.924	  20.541
49	-236.788	23	  49.663	  53.748	  27.774
50	-231.834	22	  73.944	  10.310	  43.995
51	-228.671	22	  56.838	  16.994	  18.726
52	-218.889	20	  73.096	  12.553	  19.675
53	-214.459	21	  79.974	  22.643	  13.866
54	-203.384	17	  72.032	  31.116	  15.839
55	-202.343	19	  74.012	  20.134	  47.515
56	-200.398	19	  71.804	  43.532	  13.442
57	-184.851	17	  90.132	  18.365	  15.272
58	-184.456	18	  63.761	  38.297	  36.986
59	-178.957	17	  64.371	  33.769	  -0.190
60	-172.184	16	  45.896	  64.141	  -3.240
61	-157.994	15	  52.825	  50.352	 -10.650
62	-153.462	15	  39.089	  45.385	   2.621
63	-147.974	14	  72.528	  13.181	  10.783
64	-147.922	15	  95.198	  25.363	  45.083
65	-145.080	14	  58.520	  57.921	 -12.861
66	-143.196	14	  50.393	  33.034	  32.612
67	-136.818	12	  56.489	  46.607	  33.623
68	-133.768	13	  63.379	   8.638	  36.364
69	-133.438	13	  96.253	  35.809	  17.214
70	-118.961	12	  67.168	  65.341	 -11.031
71	-108.208	11	  49.867	  34.706	  -1.648
72	-102.709	10	  50.288	  22.878	  27.301
73	-102.232	7	  52.057	  42.378	  18.826
74	-101.497	10	  67.279	  71.568	  -3.478
75	 -99.954	10	  57.620	  22.791	  41.620
76	 -99.731	10	  52.316	  66.980	  21.107
77	 -96.995	10	  90.388	  34.266	  48.094
78	 -96.326	9	  70.777	  34.565	  43.173
79	 -95.583	9	  74.623	   4.650	  33.423
80	 -86.877	9	  38.427	  55.663	   2.965
81	 -83.796	8	  44.629	  43.967	  -7.276
82	 -83.452	8	  81.779	  67.465	  14.480
83	 -82.930	8	  62.411	  12.119	  13.800
84	 -82.576	8	  98.836	  22.218	  37.776
85	 -74.629	7	 101.606	  29.694	  21.667
86	 -73.785	7	  85.086	   9.310	  13.903
87	 -67.110	6	  71.303	  56.227	  18.727
88	 -65.246	6	  53.222	  25.578	  15.933
89	 -63.969	6	  43.682	  47.138	  25.377
90	 -62.297	6	  62.480	  67.241	  20.393
91	 -60.812	6	  71.699	  56.565	 -13.901
92	 -60.535	6	  53.515	  69.705	  -3.464
93	 -59.230	6	  90.934	  14.163	  42.263
94	 -57.727	6	  35.853	  40.474	   9.562
95	 -57.426	6	  81.676	  15.210	  47.055
96	 -55.504	6	  86.652	   6.552	  28.730
97	 -51.741	5	  53.653	  10.882	  30.164
98	 -49.851	3	  63.983	  22.081	  19.723
99	 -48.539	5	  63.542	  12.268	  42.861
100	 -47.044	5	  89.840	  45.253	  13.823
101	 -41.551	4	  85.682	  32.315	  16.411
102	 -29.735	3	  49.378	  15.408	  22.408
103	 -20.634	2	  84.682	  53.582	  19.923
104	 -20.234	2	  91.166	   9.520	  35.924
105	 -18.955	2	  58.088	  67.030	  27.964
106	 -18.731	2	  74.682	  73.023	  -1.636
107	 -18.029	2	 105.179	  28.073	  28.893
108	 -17.868	1	  69.682	  20.067	  25.408
109	 -11.600	1	  73.682	  72.067	  10.408
