1	-1303.289	114	  58.177	 108.446	  99.827
2	-865.684	72	  60.641	 101.810	  80.243
3	-864.905	79	  42.022	 106.760	  88.642
4	-850.786	78	  78.414	  94.914	  89.104
5	-736.294	64	  77.537	  97.334	  68.375
6	-609.972	52	  76.168	 115.426	  81.010
7	-575.094	54	  66.978	 112.466	  99.057
8	-568.299	49	  65.179	 100.366	  73.526
9	-547.607	45	  49.157	  88.659	  87.744
10	-458.809	42	  72.504	  83.452	  97.529
11	-449.070	38	  52.684	 105.489	  81.043
12	-448.370	42	  41.475	 125.128	  89.869
13	-446.133	39	  59.667	 111.629	 107.731
14	-432.030	39	  37.497	 120.471	 108.142
15	-427.232	38	  63.022	 116.208	  73.642
16	-423.229	42	  74.004	  70.590	  85.432
17	-411.003	34	  47.938	 112.887	 104.954
18	-405.341	36	  70.920	 121.441	  98.185
19	-393.543	37	  73.931	  90.786	  96.267
20	-384.058	32	  55.634	  89.856	  95.858
21	-377.631	36	  96.126	  81.244	  74.708
22	-365.184	31	  89.058	  90.995	  81.340
23	-363.993	31	  63.929	  75.054	  80.659
24	-363.142	32	  52.269	 105.603	 104.285
25	-362.422	32	  74.009	 105.085	  95.008
26	-360.187	31	  78.839	  78.966	  68.367
27	-348.432	30	  44.948	 126.209	 104.963
28	-347.488	33	  34.462	 101.920	 101.600
29	-344.713	33	  93.210	 101.331	  67.673
30	-332.590	29	  58.834	 129.431	  82.985
31	-327.481	29	  53.805	 124.279	  80.407
32	-323.854	32	  59.063	 133.970	  94.536
33	-318.817	27	  73.051	 115.699	  71.492
34	-311.972	27	  52.979	  89.031	  80.310
35	-311.883	29	  72.565	 102.029	  66.191
36	-300.790	28	  58.057	  90.391	  74.838
37	-293.671	26	  64.714	  80.130	  74.575
38	-286.726	27	  92.219	  88.570	  61.445
39	-282.280	26	  90.673	  76.610	  80.806
40	-261.589	23	  50.986	 132.187	  97.977
41	-261.473	22	  85.220	  99.830	  83.691
42	-258.673	25	  43.303	 102.099	  82.829
43	-253.986	23	  52.549	 128.242	 107.144
44	-247.754	23	  67.280	 100.207	  99.449
45	-246.914	24	  65.206	 130.273	 100.777
46	-244.683	17	  67.499	 102.793	  91.116
47	-224.016	21	  88.149	 111.449	  81.205
48	-211.532	20	  34.545	  87.303	  95.356
49	-195.718	17	  41.825	 110.128	 110.048
50	-193.272	19	  48.674	  92.875	 103.861
51	-192.249	19	  64.351	 125.841	  78.565
52	-188.641	18	  41.892	 100.378	 107.517
53	-174.221	17	  57.287	  81.123	  89.895
54	-167.830	15	  56.288	 101.503	 109.525
55	-167.581	16	  29.149	 115.164	  97.165
56	-164.695	16	  33.076	 122.320	  93.992
57	-164.684	15	  66.565	 104.414	 106.994
58	-160.664	13	  82.688	 115.938	  74.786
59	-155.113	15	  71.654	 124.403	  82.313
60	-155.003	15	  65.850	 133.815	  86.565
61	-154.917	15	  48.526	 129.291	  85.137
62	-153.190	14	  77.563	  74.101	  94.244
63	-152.628	15	  45.238	  86.582	  95.012
64	-151.330	15	  95.460	  96.754	  79.072
65	-146.682	15	  81.664	  98.251	  61.559
66	-146.173	15	  86.649	  81.198	  62.735
67	-141.185	13	  81.297	  72.098	  79.981
68	-139.350	12	  43.773	 124.338	 112.565
69	-137.948	13	  57.374	  79.687	  81.987
70	-136.238	14	  84.595	 118.294	  67.966
71	-135.819	14	  82.580	  80.252	  96.775
72	-135.183	14	 100.064	  89.960	  72.219
73	-119.738	12	  82.116	 114.540	  94.047
74	-118.886	11	  48.880	  94.875	  78.967
75	-114.416	11	  56.694	 110.117	  75.138
76	-108.970	10	  65.971	 109.882	  68.917
77	-107.835	11	  60.899	  91.336	 106.389
78	-104.455	10	  59.913	  83.762	  98.231
79	-104.324	11	  76.905	 120.630	  86.594
80	 -93.179	9	  67.967	  75.799	  97.234
81	 -92.453	9	  83.006	  72.586	  87.834
82	 -90.488	8	  89.927	 114.489	  61.650
83	 -89.870	8	  63.569	  71.175	  87.797
84	 -88.331	9	  64.699	 122.355	 107.734
85	 -87.681	9	  70.892	  74.958	  72.238
86	 -87.033	9	  69.677	  92.927	  63.864
87	 -82.090	5	  45.049	 109.688	  98.120
88	 -79.892	8	  94.718	 108.464	  74.711
89	 -78.949	8	  89.679	  75.167	  70.592
90	 -76.002	8	  42.469	 111.029	  79.691
91	 -68.350	7	  31.352	 101.156	  91.107
92	 -53.442	5	  85.204	 106.134	  94.891
93	 -50.175	5	  83.715	  88.925	  59.534
94	 -50.118	5	  49.152	 119.008	 114.907
95	 -48.453	5	  98.323	  84.401	  85.489
96	 -48.163	5	  63.309	  88.325	  64.530
97	 -47.605	5	  32.709	 115.509	  89.321
98	 -47.447	5	  46.713	 116.351	  73.919
99	 -40.888	4	  29.711	 115.135	 106.222
100	 -37.962	4	  77.845	 114.566	  62.723
101	 -31.755	3	  39.380	  86.143	 103.055
102	 -30.771	3	  62.711	 102.834	 114.334
103	 -29.581	3	  92.387	  83.143	  91.398
104	 -20.977	2	  88.174	 104.680	  60.260
105	 -20.708	2	  73.702	  83.639	  61.227
106	 -19.491	2	  34.700	 127.121	 100.745
107	 -19.087	1	  84.711	  95.143	  75.723
108	 -18.706	2	  31.208	 108.143	 109.723
109	  -9.975	1	  40.711	 122.143	  79.723
110	  -9.230	1	  70.711	  86.143	 104.723
111	  -9.124	1	  40.711	  91.143	  81.723
112	  -9.108	1	  91.711	  74.143	  89.723
113	  -8.982	1	  80.711	 107.143	  54.723
