1	-2161.262	187	  10.762	  47.479	  30.628
2	-1902.766	166	  32.481	  91.215	  31.184
3	-1803.631	154	  21.801	  46.253	  22.191
4	-1546.279	133	  21.179	  92.390	  22.517
5	-872.160	81	  32.538	  81.840	  35.625
6	-850.549	80	 -20.066	  53.180	  40.190
7	-795.440	71	  32.340	  64.780	  25.709
8	-784.774	70	   2.988	  64.271	  18.999
9	-714.767	65	  39.987	  74.904	  18.615
10	-694.932	61	  10.399	  73.598	  26.044
11	-670.532	55	   6.060	  26.474	  28.483
12	-668.123	65	  63.393	  85.261	  41.521
13	-667.186	61	  21.764	  69.353	   9.552
14	-596.543	54	   0.708	  27.992	  34.437
15	-593.213	54	  41.602	 110.994	  35.444
16	-583.446	55	  39.798	 108.242	  48.400
17	-561.142	49	  36.800	 113.134	  29.393
18	-556.121	51	  13.910	  73.654	   6.552
19	-548.167	51	  11.260	  57.362	  35.721
20	-523.216	47	  50.502	  88.331	  49.056
21	-514.756	48	  54.834	  94.948	  40.696
22	-499.921	46	 -11.862	  42.304	  37.193
23	-445.305	40	  39.957	  87.552	  16.776
24	-441.285	40	   7.852	  76.191	  16.819
25	-436.322	38	  -7.408	  50.369	  47.967
26	-427.136	40	  17.105	  58.546	  -0.057
27	-409.134	38	   4.108	  28.803	  47.017
28	-402.425	32	 -13.345	  51.704	  30.745
29	-399.733	36	   3.422	  51.462	  16.640
30	-395.862	31	  56.473	  86.701	  31.107
31	-385.855	35	  47.643	 105.766	  29.168
32	-373.432	36	  24.187	 100.324	   7.392
33	-368.741	32	  17.496	  91.552	   1.760
34	-361.615	33	  41.537	  96.783	  15.343
35	-355.242	33	  13.623	  66.360	  34.893
36	-354.506	35	  18.692	  38.022	   7.406
37	-350.389	33	  59.565	  78.219	  44.250
38	-345.044	29	  28.585	  89.241	  23.155
39	-339.223	31	  -4.343	  32.763	  28.667
40	-337.646	32	  -8.008	  71.304	  44.234
41	-336.791	31	  35.254	  62.311	  16.236
42	-327.264	32	  12.491	 100.109	   5.064
43	-322.882	31	   6.576	  95.991	   8.449
44	-321.217	30	 -16.787	  59.703	  43.820
45	-317.224	32	  11.738	  34.048	  14.418
46	-315.305	30	  29.034	 107.297	  53.844
47	-308.054	30	  32.384	  94.951	   1.498
48	-307.884	30	  36.345	  82.636	  49.322
49	-306.218	28	   3.762	  42.761	  13.588
50	-297.433	28	  21.256	  92.054	  48.302
51	-285.853	28	   5.932	  52.272	   5.595
52	-280.645	27	  10.637	  44.633	   1.085
53	-278.135	27	  50.144	  68.509	  45.274
54	-271.946	27	  32.800	  38.067	   6.624
55	-269.947	26	  25.193	  47.916	  37.552
56	-269.700	25	  32.455	 117.121	  41.892
57	-267.017	25	  13.355	  49.461	  42.341
58	-266.321	25	  23.032	  35.505	  33.405
59	-266.066	26	  22.557	  57.885	  34.796
60	-263.963	25	  55.462	  66.247	  37.146
61	-262.930	25	   8.982	  63.698	   4.140
62	-260.847	25	 -12.724	  44.975	  44.939
63	-260.768	25	  25.772	  80.457	   0.557
64	-256.845	24	  10.089	  85.524	  23.656
65	-253.966	22	  10.643	  21.883	  39.528
66	-250.021	24	  37.269	  45.085	   6.173
67	-249.989	23	   8.227	  55.729	  48.196
68	-249.486	24	  58.526	  75.237	  27.441
69	-249.389	22	  25.754	  69.231	  34.106
70	-248.799	23	  21.266	 100.074	  31.293
71	-245.081	20	  14.533	  49.839	  22.794
72	-241.705	23	  21.692	  46.548	  48.060
73	-236.191	22	  -3.373	  33.139	  43.161
74	-233.270	18	  26.614	  46.236	   2.955
75	-231.368	22	 -10.080	  72.471	  30.338
76	-226.315	22	  15.200	  30.854	  53.492
77	-224.187	21	  56.902	  98.181	  31.959
78	-221.280	21	  21.297	  27.140	  37.950
79	-220.084	21	  31.893	  72.695	  35.570
80	-218.565	21	  29.240	 104.947	  15.495
81	-217.137	19	  30.142	  89.122	  42.966
82	-208.917	20	 -20.897	  59.469	  32.167
83	-208.714	20	  33.025	  74.812	   4.434
84	-202.567	19	  47.620	 103.515	  42.052
85	-200.015	19	  64.301	  79.442	  32.616
86	-199.943	19	  30.043	  36.885	  49.146
87	-197.498	19	  17.766	  90.542	  37.515
88	-194.978	19	  36.471	  87.883	   3.261
89	-193.966	19	 -16.405	  64.561	  27.847
90	-191.143	18	  28.681	 111.431	  26.177
91	-175.006	17	  18.561	  79.451	  33.871
92	-174.713	17	   1.265	  34.291	  50.443
93	-174.573	12	  24.740	  67.333	  21.412
94	-171.963	16	  -3.230	  42.842	  17.106
95	-171.598	16	 -10.046	  56.511	  24.030
96	-171.298	16	  19.485	  98.349	  58.630
97	-169.605	16	   3.918	  70.556	  35.262
98	-167.504	16	  52.913	  82.261	  24.074
99	-167.419	16	  38.320	  79.776	   7.984
100	-166.879	15	  31.353	  66.976	   7.641
101	-165.659	15	  39.769	  67.944	  35.071
102	-159.854	15	  28.284	  40.533	  18.971
103	-154.791	16	  -9.055	  50.030	  20.992
104	-151.179	14	  16.729	  99.565	  37.086
105	-148.790	14	  41.516	  76.525	  49.910
106	-148.476	14	  34.039	  51.860	  21.434
107	-147.242	15	  51.399	  89.170	  20.768
108	-142.485	14	  23.677	 115.260	  44.880
109	-136.910	12	  -4.700	  43.004	  49.112
110	-135.969	13	   2.689	  61.347	  49.509
111	-132.706	12	  27.155	  61.675	   3.768
112	-131.105	13	  18.907	  22.747	  44.533
113	-130.977	12	  16.388	  88.150	  29.356
114	-129.542	11	  23.438	  40.030	  58.579
115	-129.066	11	  48.714	  96.150	  48.277
116	-128.295	12	  13.258	 100.367	  50.129
117	-126.775	11	  41.323	 110.919	  19.997
118	-125.863	12	  15.565	  98.498	  19.901
119	-118.014	9	  17.616	  70.797	  23.055
120	-114.463	11	  14.683	  27.242	  26.052
121	-112.421	11	  21.709	 110.922	  37.642
122	-111.141	11	 -12.401	  72.578	  37.865
123	-111.020	10	   4.712	  48.602	  54.007
124	-108.047	11	  13.541	  45.957	  56.722
125	-107.937	11	   6.609	  38.161	  54.176
126	-107.074	10	  29.020	  53.430	  28.257
127	-106.357	10	  24.027	 102.196	  22.788
128	-104.993	10	  18.619	  36.013	  22.184
129	-104.589	10	  30.309	  92.617	  57.287
130	-103.494	11	  -6.938	  57.736	  49.088
131	 -93.087	9	  35.829	 100.499	  54.843
132	 -90.441	8	  38.747	  89.592	  53.655
133	 -89.945	9	  11.549	  25.128	  48.610
134	 -87.359	8	  48.071	  70.007	  22.355
135	 -84.826	9	  33.158	  37.605	  40.006
136	 -83.961	7	  21.137	  40.941	  29.349
137	 -76.381	8	  20.177	  97.978	  -3.665
138	 -75.529	8	  42.586	  65.108	  26.700
139	 -73.845	7	   2.188	  27.514	  19.259
140	 -71.386	7	  10.886	  86.349	   1.795
141	 -69.853	7	  -8.174	  65.997	  21.503
142	 -69.556	7	  53.443	  66.227	  28.820
143	 -66.728	7	  18.763	  40.856	  -3.010
144	 -66.628	7	  49.570	  79.076	  49.088
145	 -64.272	4	  41.859	  95.581	  27.634
146	 -64.169	6	  23.910	  52.517	  -1.979
147	 -62.341	4	  38.589	  75.106	  30.302
148	 -60.312	6	  64.925	  70.371	  35.086
149	 -59.909	4	   2.406	  39.357	  34.851
150	 -59.159	6	  32.400	  52.533	   1.858
151	 -58.859	6	 -20.202	  45.661	  52.106
152	 -58.636	6	  42.589	 104.187	  15.451
153	 -50.806	5	   5.761	  90.884	  14.754
154	 -50.215	5	  37.402	  48.133	  14.230
155	 -48.787	5	 -21.202	  68.541	  35.111
156	 -48.200	5	 -26.387	  53.490	  47.443
157	 -47.223	5	  63.814	  92.941	  53.307
158	 -46.320	2	  40.589	  99.357	  35.583
159	 -42.784	4	  18.373	  49.113	  -8.156
160	 -41.391	2	   1.109	  43.357	  27.568
161	 -40.576	4	  24.836	  90.331	  -7.886
162	 -39.976	4	  41.109	 116.352	  44.333
163	 -39.822	4	 -15.411	  42.605	  27.098
164	 -39.676	4	  46.585	  61.602	  35.109
165	 -38.708	4	 -10.230	  34.406	  23.793
166	 -38.488	4	  69.546	  85.386	  48.379
167	 -38.243	4	  -1.174	  77.591	  39.799
168	 -38.173	4	  -1.226	  74.126	  26.151
169	 -37.669	4	  16.352	 113.081	  42.300
170	 -36.903	4	 -11.667	  43.374	  18.828
171	 -31.208	3	  -0.090	  71.006	  46.088
172	 -29.820	3	  21.243	 113.710	  53.434
173	 -28.857	3	   9.589	  65.357	  43.036
174	 -28.662	3	 -27.411	  61.035	  36.807
175	 -28.661	3	   9.233	  52.964	  -3.844
176	 -20.351	2	   8.589	  99.357	  42.572
177	 -19.059	2	  30.589	  30.860	   8.585
178	 -19.018	2	   7.553	  78.768	   8.160
179	 -18.674	2	  11.589	 106.880	  46.088
180	 -18.495	2	  36.096	  60.386	   8.609
181	 -18.176	2	  34.079	  85.847	  -4.422
182	 -17.947	2	  50.590	 105.356	  19.589
183	 -16.457	1	  30.589	  72.357	  23.088
184	 -13.375	1	   4.589	  63.357	  30.088
185	 -11.259	1	  58.589	  85.357	  52.088
186	 -10.678	1	  54.589	  95.357	  19.088
187	 -10.084	1	  21.589	  24.357	  52.088
188	  -9.933	1	  19.589	 102.357	  14.088
189	  -9.873	1	 -27.411	  52.357	  37.088
190	  -9.706	1	 -15.411	  53.357	  52.088
191	  -9.530	1	  29.589	 118.357	  34.088
192	  -9.384	1	  70.589	  77.357	  38.088
193	  -9.308	1	  -0.411	  35.357	  15.088
194	  -9.136	1	  29.589	  26.357	  50.088
195	  -8.916	1	   3.589	  20.357	  43.088
