1	-1266.390	109	   3.330	  -9.308	  24.038
2	-1055.464	82	   3.995	  12.542	  44.968
3	-998.477	79	  10.829	  14.525	   3.070
4	-819.357	72	   8.618	  19.375	  24.926
5	-815.204	70	  13.339	  -9.150	  21.625
6	-774.973	67	   4.431	   8.801	  52.122
7	-725.054	63	  10.549	  11.452	  -4.178
8	-614.921	57	   7.308	 -14.420	   1.697
9	-589.811	55	   8.017	 -16.488	  44.253
10	-577.931	43	   7.648	  -2.912	  23.342
11	-571.370	51	  15.353	  23.252	   6.025
12	-561.598	43	  23.990	   0.798	  -4.934
13	-556.609	44	  -9.107	  -2.028	  51.761
14	-554.120	49	  16.801	  12.838	  51.785
15	-549.034	50	   8.930	  -8.965	  61.031
16	-543.093	50	   5.805	  -5.142	 -14.751
17	-461.280	42	   3.500	  24.234	  50.456
18	-449.279	38	  -1.466	  15.185	  -4.201
19	-448.939	41	  21.087	   7.634	  19.192
20	-378.457	32	  21.880	  12.777	  10.516
21	-366.030	32	  11.068	  26.804	  -1.994
22	-351.491	31	  -1.163	  19.955	   7.128
23	-333.406	29	  -1.955	  21.312	  43.290
24	-333.140	30	  16.016	   2.276	  61.213
25	-333.047	27	  -6.122	  11.521	  37.712
26	-331.333	29	 -10.992	   1.450	  40.032
27	-324.696	28	  20.634	  -0.225	  28.169
28	-320.780	31	  -2.977	  -9.766	  32.114
29	-306.940	29	  -2.949	 -12.323	 -12.327
30	-302.685	27	  26.761	  15.663	  -5.423
31	-299.080	26	  25.574	   3.104	   7.399
32	-296.771	29	  18.805	  -7.431	  60.884
33	-296.218	28	  16.357	 -10.434	  -2.104
34	-295.824	25	  -5.518	   0.775	  18.496
35	-292.284	26	 -11.376	  13.094	  53.854
36	-285.895	24	  -5.161	  -7.158	  13.835
37	-283.968	24	  22.597	 -17.301	  44.197
38	-283.567	26	  -6.487	   4.671	  27.485
39	-280.427	27	   4.746	 -14.196	  31.486
40	-273.892	24	  -7.737	 -15.155	   1.324
41	-269.921	25	  16.719	 -16.096	  57.750
42	-261.292	25	  16.563	  -9.583	  14.245
43	-260.203	24	  -0.820	  15.734	  24.601
44	-259.790	24	  15.427	  19.551	  41.789
45	-257.585	23	   0.925	   5.664	  65.300
46	-250.290	24	  21.038	   9.829	  37.880
47	-246.632	20	  20.249	  -7.437	  33.012
48	-236.984	21	  13.282	  19.007	  34.494
49	-224.982	20	  14.343	   9.523	 -17.649
50	-222.337	21	  -3.495	  -2.845	 -14.018
51	-211.387	21	  25.646	   4.048	  43.134
52	-207.020	19	  10.040	 -13.613	  14.622
53	-200.240	19	  -2.031	 -12.185	  46.629
54	-194.012	19	  -9.596	  -8.259	   4.838
55	-190.234	18	  13.307	  -6.206	 -17.102
56	-180.225	17	  24.389	  -9.985	  41.566
57	-179.459	17	   3.670	  20.749	  16.473
58	-178.439	17	 -10.943	  -2.315	  59.623
59	-177.969	17	  18.083	 -21.808	  48.125
60	-176.465	16	 -13.258	   1.721	  -6.155
61	-176.173	16	  -0.011	   6.728	 -14.403
62	-173.844	17	  -1.422	 -10.084	  61.138
63	-170.487	16	  -2.500	 -19.219	  -3.284
64	-170.128	17	  -6.044	  11.238	  11.169
65	-167.052	16	  28.552	   3.788	 -12.590
66	-165.094	16	  26.182	 -10.321	  53.931
67	-164.961	15	  28.323	  -0.746	  53.519
68	-158.911	15	  -4.915	  13.967	   2.510
69	-156.247	15	   1.259	 -21.166	  10.967
70	-148.739	14	  18.377	  16.306	  -9.385
71	-147.856	13	  16.715	  13.846	  22.922
72	-143.149	14	  14.170	 -22.579	  35.157
73	-138.005	14	  -8.420	   3.370	  67.911
74	-134.806	8	  10.763	   8.730	  48.061
75	-132.090	13	  20.918	  -5.275	 -12.754
76	-130.618	12	  -3.915	  13.200	  57.579
77	-122.667	12	  20.242	   8.557	  26.906
78	-119.827	12	   7.645	 -17.249	  23.777
79	-115.549	11	 -10.636	  14.806	  44.221
80	-114.562	11	  22.244	  -6.716	  10.520
81	-114.428	11	 -11.899	  -8.683	  -6.095
82	-113.858	11	  -9.270	   0.953	  11.879
83	-112.083	11	  -6.365	  12.109	  30.721
84	-109.225	7	   4.292	  11.012	  -0.178
85	-106.500	10	  -4.911	   8.959	  20.197
86	 -98.238	9	 -10.697	   5.156	   2.193
87	 -95.799	10	  -7.520	  13.810	  -9.104
88	 -83.043	8	  25.193	  18.461	   3.969
89	 -79.726	8	 -14.238	  10.514	  61.795
90	 -75.283	6	   1.781	   4.899	  42.854
91	 -71.449	7	  31.075	   4.616	  -1.595
92	 -71.104	7	  23.220	   6.593	 -20.713
93	 -69.140	7	  16.785	  23.183	  15.267
94	 -68.640	7	  21.647	   9.926	  59.323
95	 -68.116	7	  -0.523	  22.882	  35.391
96	 -67.688	7	 -16.070	   3.060	  60.981
97	 -64.524	5	  11.798	   9.701	  27.424
98	 -61.427	6	  29.340	  14.185	 -13.437
99	 -59.093	6	   4.830	 -14.591	 -12.589
100	 -58.158	3	   1.505	  -4.978	  56.563
101	 -55.591	6	   4.016	  12.057	 -10.766
102	 -52.913	4	   3.738	  10.018	  19.682
103	 -52.792	4	  13.388	   6.899	   4.791
104	 -48.743	3	  13.505	  -2.050	 -10.117
105	 -47.793	5	  17.333	 -15.914	  25.588
106	 -39.121	4	  25.006	  -0.088	  17.560
107	 -37.844	4	   3.513	  23.869	  -3.467
108	 -36.812	4	  10.754	  20.898	  52.806
109	 -29.610	3	 -17.128	   3.844	  48.883
110	 -29.381	3	   5.374	  -5.240	  68.807
111	 -27.998	3	  -9.453	   7.899	 -12.119
112	 -27.634	3	  12.843	  -2.111	  67.563
113	 -27.592	3	  18.204	  -2.453	 -22.420
114	 -27.420	3	  22.172	 -15.465	  31.571
115	 -27.387	3	  10.839	   8.565	  59.236
116	 -18.667	2	  -4.043	  -6.553	  23.047
117	 -18.652	2	  -5.495	  -4.664	  68.538
118	 -18.189	2	  -3.986	 -22.119	   4.527
119	 -14.130	1	   8.505	  -5.101	   7.563
120	 -10.568	1	   6.505	 -23.101	   4.563
121	 -10.017	1	  -8.495	  20.899	  38.563
122	  -9.988	1	  16.505	   5.899	  12.563
123	  -9.866	1	  -7.495	 -17.101	  12.563
124	  -9.093	1	  -3.495	 -16.101	  19.563
125	  -8.905	1	   0.505	 -16.101	  56.563
