1	-948.015	86	  31.310	  29.303	   5.051
2	-859.813	75	  17.793	  16.580	  32.425
3	-846.916	72	  39.455	   9.322	  16.517
4	-765.373	71	  20.265	  29.011	  10.158
5	-722.752	67	  29.976	  25.710	  21.540
6	-647.514	56	  11.190	  31.191	  25.534
7	-576.953	37	  40.034	  19.160	  14.985
8	-545.512	40	  24.961	  55.804	  30.356
9	-543.990	49	  41.384	  21.654	  29.578
10	-535.864	33	  13.488	  24.104	  41.473
11	-515.565	42	  23.203	  24.547	  45.355
12	-512.725	48	  19.903	  40.903	  23.851
13	-509.315	43	   2.784	  25.928	  39.368
14	-505.840	44	  47.104	   8.935	  18.304
15	-498.914	45	  11.876	  36.968	  13.324
16	-451.513	43	  17.350	  28.104	  29.316
17	-421.320	38	  29.159	  25.735	  28.910
18	-401.416	38	  47.487	  28.689	   2.187
19	-381.983	35	  33.457	   9.195	  35.739
20	-369.429	36	  10.856	  54.918	  24.480
21	-343.318	26	  21.339	  33.679	  47.625
22	-335.651	28	   3.495	  45.315	  34.926
23	-328.495	31	  40.924	  16.994	  35.337
24	-327.941	31	  30.071	  42.583	  22.327
25	-301.741	25	  10.775	  11.950	  42.065
26	-300.431	27	   2.013	  31.656	  11.779
27	-285.923	19	  21.076	  12.017	  44.842
28	-281.275	25	  51.241	  16.426	  19.766
29	-280.703	27	  21.223	  21.891	  52.487
30	-280.614	27	  37.735	  31.804	  21.849
31	-278.344	18	  25.304	  32.044	  42.073
32	-277.936	23	  26.454	   8.977	  27.853
33	-276.097	21	   8.460	  23.578	  11.702
34	-273.824	25	   5.604	  20.260	  19.996
35	-271.846	25	  17.532	  15.443	  19.240
36	-271.576	24	  25.759	   5.072	   7.817
37	-270.108	26	  23.257	  45.288	  11.482
38	-269.383	25	  32.718	  31.756	  29.757
39	-259.405	23	  37.101	  16.315	   1.471
40	-244.433	23	  21.435	  48.284	  49.490
41	-224.666	20	  10.791	  47.870	  17.499
42	-220.288	20	  15.808	  12.992	  52.158
43	-215.243	21	   2.874	  36.032	  42.492
44	-211.526	20	  15.581	  53.293	  43.845
45	-208.315	20	   7.064	  30.403	   6.355
46	-207.064	16	  50.649	  24.906	  18.852
47	-203.186	18	  16.148	  11.574	  10.475
48	-201.927	19	  -0.700	  26.221	  27.154
49	-195.095	19	  10.779	  45.652	  44.162
50	-182.973	18	  35.230	   9.501	  47.137
51	-179.489	17	  -3.146	  33.720	  31.507
52	-175.254	17	  25.672	  38.252	  31.657
53	-172.091	16	  48.445	   9.912	   6.058
54	-170.615	16	  37.545	  26.777	  38.714
55	-170.417	16	  -2.395	  32.340	  19.825
56	-163.366	14	  25.861	  36.898	  15.248
57	-157.761	15	  26.998	   8.725	  53.054
58	-152.164	15	  27.398	   5.228	  44.698
59	-140.754	14	  33.626	  20.860	  46.564
60	-139.441	14	  20.623	  62.879	  28.298
61	-135.532	13	  33.525	  40.201	  15.052
62	-128.391	13	  12.349	  21.468	  28.638
63	-122.506	11	  28.390	  10.998	  -0.117
64	-122.204	8	  27.065	  18.362	  33.760
65	-121.993	12	  40.895	  35.304	  15.734
66	-121.111	12	  33.292	  48.250	  39.721
67	-120.848	12	  19.386	   5.628	  39.240
68	-112.854	11	  37.490	   3.606	  28.004
69	-108.357	11	  27.536	  54.687	  43.804
70	-107.776	10	  31.513	  46.268	  47.030
71	-107.591	11	  24.534	  25.646	  -0.796
72	-107.370	11	  54.931	  21.437	  10.863
73	-105.110	10	  11.427	  62.310	  28.449
74	-104.208	10	  -3.055	  43.245	  25.451
75	-102.833	10	  44.739	  22.845	  -2.725
76	-100.505	10	  17.178	  60.292	  16.255
77	 -99.722	10	   7.489	  57.853	  37.210
78	 -99.425	10	  20.239	  39.112	  54.880
79	 -99.146	10	   2.143	  48.742	  22.290
80	 -96.921	10	  13.961	  23.751	   0.690
81	 -93.906	9	  17.995	   9.967	   2.437
82	 -91.599	9	  21.280	   6.389	  18.084
83	 -90.048	9	  33.540	  49.821	  29.172
84	 -80.216	8	  15.755	  51.491	  10.693
85	 -79.557	8	   7.115	  40.379	   6.868
86	 -79.008	8	  17.411	  60.320	  39.260
87	 -76.825	8	  25.508	  55.584	  10.446
88	 -71.286	7	  46.588	  33.469	   7.681
89	 -70.979	7	  33.619	  33.728	  44.378
90	 -70.422	7	  28.818	   1.981	  16.500
91	 -70.305	7	   6.345	  17.616	  34.934
92	 -66.267	6	  39.546	   3.010	   6.885
93	 -56.824	5	  22.329	  15.637	  -0.003
94	 -56.797	6	  -4.109	  40.903	  15.187
95	 -51.471	5	  38.863	  15.815	  45.158
96	 -49.596	5	  32.518	  37.213	  36.215
97	 -45.764	4	  23.271	  15.900	  25.228
98	 -41.304	4	  32.701	  15.347	  51.958
99	 -40.206	4	  47.079	  31.020	  20.832
100	 -39.789	4	  13.482	  38.313	  52.960
101	 -39.444	4	  29.446	  60.883	  20.177
102	 -37.776	2	  27.921	  20.618	  40.960
103	 -32.129	3	  25.868	  49.908	  36.411
104	 -30.974	3	  54.100	  16.876	   2.960
105	 -28.680	3	  39.828	  31.618	  -2.727
106	 -27.676	2	  15.481	  41.618	  36.290
107	 -21.166	2	  16.947	  26.618	  56.960
108	 -18.696	2	  10.468	  21.631	  53.947
109	 -18.495	2	   5.987	  10.630	  16.441
110	 -17.932	2	  45.481	   4.621	  30.970
111	 -10.828	1	  35.481	  37.618	   7.960
112	 -10.298	1	  11.481	   5.618	  48.960
113	 -10.063	1	  28.481	  38.618	  52.960
114	  -9.857	1	  18.481	   1.618	  49.960
115	  -9.065	1	   9.481	  54.618	  14.960
