1	-1124.761	87	  17.168	  62.456	  61.476
2	-958.556	79	  15.341	  48.095	  57.724
3	-613.031	59	   5.029	  41.717	  71.554
4	-403.913	35	  -2.003	  44.211	  62.464
5	-372.878	37	  19.971	  39.690	  57.385
6	-310.282	28	   4.319	  49.692	  42.842
7	-292.226	29	   5.687	  64.622	  52.869
8	-242.610	22	  17.263	  33.129	  60.873
9	-174.359	17	  12.558	  60.380	  44.408
10	-163.624	14	   2.463	  63.528	  64.910
11	-161.235	15	  -1.679	  43.571	  50.955
12	-156.663	16	  -4.600	  52.035	  55.074
13	-136.956	13	  11.264	  55.179	  74.411
14	-136.384	13	  22.127	  48.303	  48.820
15	-132.239	12	  -3.192	  57.734	  63.952
16	-127.149	13	  11.064	  43.690	  40.377
17	-116.141	10	  21.348	  55.243	  71.495
18	-104.920	10	   6.902	  33.706	  56.202
19	 -89.128	9	  26.093	  44.782	  65.262
20	 -87.026	9	  18.544	  47.414	  74.615
21	 -75.152	8	  18.933	  65.827	  71.967
22	 -72.566	7	  14.431	  34.785	  70.894
23	 -62.151	6	  25.744	  61.611	  66.912
24	 -60.606	6	   2.461	  34.981	  63.351
25	 -60.249	6	   0.995	  54.208	  73.657
26	 -51.715	5	  17.632	  34.315	  49.739
27	 -40.420	4	  24.371	  58.133	  52.189
28	 -37.822	4	  -3.559	  61.609	  54.750
29	 -36.461	4	  -2.817	  53.878	  45.207
30	 -27.386	3	  31.771	  52.940	  59.519
31	 -19.319	2	  16.441	  52.609	  40.679
32	 -18.182	2	  11.949	  38.609	  47.189
33	  -9.305	1	   6.441	  57.609	  39.189
34	  -9.153	1	   8.441	  52.609	  53.189
