1	-1157.312	96	  -1.916	  43.314	  48.255
2	-1094.557	99	  11.395	  20.105	  31.984
3	-1012.651	93	   8.227	  48.110	  47.120
4	-920.912	73	   3.981	  25.336	  25.896
5	-776.105	53	  20.380	  46.989	  62.587
6	-697.161	52	  11.312	  46.893	  54.267
7	-678.425	58	  32.469	  41.193	  19.070
8	-613.327	51	  14.837	  23.512	  69.523
9	-607.450	42	  28.833	  18.094	  26.947
10	-576.960	53	  17.331	  50.493	  45.444
11	-570.345	51	  34.490	  32.389	   5.163
12	-567.364	52	   5.187	  66.653	  68.556
13	-552.781	46	  27.271	  12.491	  36.176
14	-550.928	49	  37.436	  39.299	  33.831
15	-530.316	48	  15.332	  16.238	  41.440
16	-519.810	44	  26.746	  23.623	  59.879
17	-514.604	43	  25.528	  51.743	  53.821
18	-483.159	40	   5.438	   7.903	   6.955
19	-480.731	33	  18.292	  19.768	  27.695
20	-470.725	42	  10.050	  32.860	  82.471
21	-430.494	37	  18.041	   1.188	  12.952
22	-427.438	39	  33.083	  31.085	  47.496
23	-421.434	39	  -6.124	  55.706	  75.874
24	-409.980	39	  13.172	  31.059	  -0.397
25	-407.062	33	   6.627	  27.274	  45.088
26	-404.599	35	  28.471	   6.884	  29.617
27	-402.331	33	  -8.572	  61.500	  66.004
28	-400.381	35	  23.280	  56.617	  59.390
29	-397.618	37	   9.634	  26.616	  76.034
30	-388.252	36	  14.269	  13.435	  -0.121
31	-383.516	35	  -2.386	  63.645	  60.624
32	-379.682	33	   7.266	   5.123	  14.729
33	-369.669	33	   8.281	  35.657	  43.603
34	-364.293	31	   0.418	  35.564	  47.249
35	-363.212	32	 -15.275	  43.228	  67.592
36	-362.745	30	  11.172	  40.428	  34.416
37	-342.474	32	  -3.739	  57.467	  49.014
38	-340.950	34	  21.266	  52.022	  37.360
39	-333.863	31	  12.844	  54.122	  34.843
40	-333.850	31	   3.417	  26.950	   2.835
41	-322.402	28	   5.656	  33.087	  28.780
42	-320.671	32	  18.766	  41.152	  10.099
43	-319.867	29	  10.413	  32.000	  36.525
44	-313.386	31	  -0.819	  26.334	  69.358
45	-310.313	29	 -18.404	  45.234	  60.257
46	-296.622	27	  -9.530	  38.128	  76.488
47	-291.704	27	  22.957	  15.097	  53.362
48	-286.880	27	  -3.526	  26.333	   7.100
49	-286.557	27	  10.836	   8.367	  27.153
50	-283.718	26	  22.126	  49.765	  23.005
51	-268.040	24	  32.998	  38.209	  11.005
52	-267.753	21	 -10.710	  36.051	  59.760
53	-264.848	26	  30.709	  11.224	   5.515
54	-259.484	25	  22.938	  32.965	  -3.315
55	-258.925	25	  31.269	  49.217	  37.445
56	-248.170	24	   7.320	  17.028	  60.605
57	-245.569	22	 -13.201	  34.746	  69.051
58	-243.449	21	   7.923	  60.670	  60.444
59	-230.721	22	  16.171	  12.972	  35.370
60	-228.656	21	  37.466	  32.992	  38.209
61	-226.237	20	  16.100	   5.490	  21.032
62	-217.130	21	  -1.272	  14.394	  25.188
63	-217.101	21	   0.872	  16.920	   3.909
64	-214.537	20	   2.092	  54.305	  81.927
65	-209.429	20	   7.157	  14.099	  37.494
66	-206.595	20	  -3.767	  34.674	  83.535
67	-201.284	20	 -15.338	  53.511	  65.269
68	-199.692	19	   7.454	  58.785	  51.835
69	-198.025	19	  13.900	  14.139	  49.418
70	-196.226	18	  40.526	  21.374	  33.370
71	-194.717	18	  31.144	  30.105	  57.786
72	-186.634	15	   4.003	  33.645	  11.961
73	-180.940	18	  25.556	  43.503	  11.384
74	-179.057	18	  38.099	  22.664	  47.653
75	-177.317	17	  21.109	  45.210	  75.677
76	-176.153	17	   5.647	  12.623	  48.280
77	-174.948	16	  31.346	   4.759	  13.232
78	-174.690	17	  13.289	  56.039	  79.239
79	-170.819	17	  38.241	  19.520	  19.799
80	-169.539	16	  38.497	  46.313	  56.250
81	-168.556	16	  22.691	  14.907	  -0.972
82	-166.335	15	  22.175	  38.942	   3.697
83	-164.637	16	  43.544	  26.255	  19.551
84	-162.686	16	  39.797	  14.263	  42.088
85	-160.173	15	   9.669	  41.468	  20.174
86	-158.721	15	  19.703	  59.662	  72.537
87	-148.798	15	  42.523	  37.509	  22.542
88	-144.865	15	  23.254	  25.517	  74.362
89	-142.943	14	  34.456	   8.234	  19.178
90	-142.936	14	  37.545	  12.648	  30.266
91	-141.890	12	   6.695	  36.209	   3.828
92	-139.163	13	   1.820	  20.383	  38.890
93	-138.516	12	  32.824	  40.043	  63.507
94	-136.529	14	   9.693	  46.433	  86.017
95	-132.340	13	  32.428	   8.042	  47.431
96	-130.160	13	  -4.861	  15.560	  14.172
97	-128.250	8	  19.967	  35.535	  47.643
98	-127.342	12	  26.544	  36.897	  76.524
99	-123.079	8	  21.585	  29.237	  39.867
100	-122.367	11	   6.330	  16.850	  -2.146
101	-116.727	10	  17.538	   6.903	   3.867
102	-112.393	11	  32.516	  20.668	  -0.334
103	-110.630	11	 -15.668	  45.252	  52.199
104	-107.090	11	  10.056	  40.830	  11.972
105	-105.112	10	  -5.349	  25.676	  16.293
106	-102.264	10	 -10.440	  36.591	  51.435
107	-101.031	10	  -1.508	  29.307	  78.515
108	 -99.991	10	  30.235	  50.530	  65.070
109	 -96.590	9	  16.947	  41.081	  87.024
110	 -95.684	10	  27.415	  24.977	  -5.186
111	 -94.172	9	  -7.381	  47.390	  84.003
112	 -93.887	9	  -0.833	  49.955	  41.847
113	 -92.747	9	   1.136	   9.087	  20.366
114	 -92.047	9	   0.036	  26.493	  31.915
115	 -92.005	9	  -0.520	  33.169	  19.424
116	 -91.279	9	   5.935	  47.510	  35.448
117	 -91.183	9	   7.848	  67.302	  78.565
118	 -88.870	9	  30.752	  56.847	  58.077
119	 -88.320	8	  -0.996	  25.774	  55.858
120	 -87.600	9	  40.608	  22.373	   7.064
121	 -81.720	5	  11.182	  32.699	  21.626
122	 -80.905	8	 -14.370	  53.139	  73.543
123	 -78.948	8	  21.684	  10.955	  44.225
124	 -78.919	8	  38.765	  38.832	  48.851
125	 -78.271	8	  30.477	  27.281	  70.427
126	 -73.458	7	 -14.164	  54.611	  53.822
127	 -71.078	7	  -7.328	  28.166	  63.378
128	 -70.900	4	  25.146	  18.793	  17.035
129	 -69.488	7	  -0.572	  42.596	  87.632
130	 -69.262	7	  33.937	   6.457	  36.167
131	 -66.247	7	  14.842	  65.593	  66.375
132	 -63.335	5	  14.471	  46.300	  70.948
133	 -62.640	6	  43.043	  31.571	  12.891
134	 -60.564	6	  27.501	  54.786	  43.520
135	 -55.950	6	  23.552	  15.437	  61.643
136	 -51.425	5	  12.051	  58.883	  45.210
137	 -51.259	5	  24.787	  -0.535	   5.447
138	 -46.568	3	   9.465	  49.181	  64.923
139	 -44.348	3	  16.158	  27.956	  46.453
140	 -43.914	4	   1.302	  61.064	  76.561
141	 -41.280	4	  22.019	  33.874	  81.729
142	 -40.358	4	  11.334	  -0.462	   7.766
143	 -39.956	4	 -10.040	  46.871	  44.804
144	 -39.806	4	  44.502	  31.864	  29.016
145	 -38.174	4	   5.973	  19.056	  69.808
146	 -38.032	4	  38.489	  51.080	  47.335
147	 -29.470	3	  27.246	  -0.025	  19.804
148	 -29.085	3	  37.515	  49.300	  27.967
149	 -28.239	3	  27.926	  42.972	  71.132
150	 -20.555	2	  39.730	  42.727	  40.706
151	 -20.216	2	  16.217	  63.782	  59.249
152	 -18.647	2	  15.341	  23.300	  -6.674
153	 -18.400	2	   2.254	  40.788	  39.804
154	 -16.308	1	   0.254	  35.300	  55.804
155	 -15.131	1	  26.254	  30.300	   3.804
156	 -11.649	1	  12.254	  57.300	  70.804
157	 -10.755	1	  18.254	  39.300	  39.804
158	  -9.327	1	   4.254	  69.300	  59.804
159	  -9.259	1	  20.254	  52.300	  77.804
160	  -9.141	1	   9.254	  53.300	  26.804
161	  -9.122	1	 -18.746	  37.300	  62.804
162	  -9.108	1	  21.254	   2.300	  26.804
163	  -9.044	1	 -12.746	  45.300	  77.804
