1	-1484.596	127	   5.983	   7.316	  43.444
2	-1480.000	141	  -6.424	  -1.467	 -10.151
3	-1451.504	134	 -18.759	 -11.974	  58.839
4	-1441.861	134	 -21.435	  -2.988	  59.211
5	-1324.013	106	 -21.554	  -0.283	 -15.694
6	-1277.847	109	 -38.060	 -19.878	  31.774
7	-1258.962	104	  19.358	  -5.262	  19.842
8	-1221.014	103	  12.003	 -16.453	  12.853
9	-1187.726	98	 -45.697	  -6.606	  28.256
10	-1186.110	93	   9.700	  -2.528	  -9.983
11	-1128.789	94	 -41.871	  -1.676	   8.541
12	-1120.830	91	  -5.422	  -6.808	  64.583
13	-1118.842	90	 -35.760	  -8.282	  58.596
14	-988.716	90	 -38.490	 -27.411	  44.412
15	-951.526	84	 -35.791	 -19.374	  39.194
16	-939.768	84	 -28.570	  19.059	  -3.153
17	-931.293	83	 -27.791	  11.013	   2.470
18	-927.692	79	 -34.077	  10.040	   7.255
19	-886.010	75	  11.469	 -23.695	   0.514
20	-877.758	68	  15.187	  -3.049	  40.182
21	-780.111	67	   1.901	  13.665	  55.801
22	-723.446	64	 -27.075	  14.478	  10.327
23	-702.080	64	  -8.199	  -8.557	 -11.805
24	-690.044	61	  -5.314	   5.726	  -9.522
25	-676.628	53	  -0.026	 -12.907	  34.818
26	-646.453	56	   8.344	 -17.636	   5.411
27	-634.017	49	 -26.770	 -11.392	  12.548
28	-633.958	48	   3.174	   2.797	  19.423
29	-612.925	45	 -29.685	   1.916	  30.303
30	-596.563	37	 -46.997	  -7.051	  47.172
31	-589.576	42	   3.441	  -7.271	  -6.132
32	-573.991	56	  16.842	  -9.451	  42.764
33	-564.587	39	 -30.156	 -12.257	  53.849
34	-564.014	47	   0.373	   7.514	  49.567
35	-553.503	38	  -8.710	  -2.382	  58.504
36	-543.135	33	  20.256	  -3.279	   1.169
37	-533.467	50	  20.286	  22.366	  54.789
38	-531.233	33	   9.470	  -6.604	  58.110
39	-527.981	36	 -17.884	   3.425	  -9.006
40	-485.799	45	  28.612	 -32.771	   7.896
41	-484.069	42	 -29.287	 -23.008	  34.019
42	-478.944	44	   4.989	 -31.754	   9.265
43	-475.497	43	   6.264	   6.823	  -8.337
44	-471.624	41	  -2.763	  11.136	  41.535
45	-468.672	43	  -1.635	  19.871	  44.759
46	-461.553	42	  22.758	  32.962	  39.001
47	-460.246	41	   1.502	 -21.858	   9.290
48	-460.216	42	 -24.946	  -3.612	  17.192
49	-460.012	42	 -52.421	 -38.774	  34.716
50	-457.881	28	 -35.864	  -0.701	  -9.131
51	-453.877	42	 -25.230	  25.154	   8.621
52	-445.794	40	 -31.557	 -33.719	  34.320
53	-444.415	33	 -42.318	   5.287	   2.326
54	-433.046	42	 -50.043	  -4.754	  20.706
55	-432.743	39	  -7.767	 -16.317	  62.151
56	-429.352	40	 -50.969	 -43.013	  17.840
57	-428.945	38	  31.189	  10.224	  45.857
58	-422.192	38	 -58.989	  21.158	  15.559
59	-418.504	37	   7.499	 -21.846	  14.583
60	-416.686	38	 -44.365	  31.153	   0.715
61	-408.465	36	   0.773	  -4.656	  21.490
62	-406.750	37	  31.635	 -18.328	  13.157
63	-402.687	37	  23.986	 -43.758	  23.653
64	-401.268	36	 -58.286	 -19.621	  32.797
65	-394.461	31	  -0.921	 -11.693	  63.275
66	-392.713	32	 -57.448	  14.104	   5.850
67	-391.422	31	 -39.434	  -3.138	  56.666
68	-386.459	35	 -51.463	  11.733	   0.533
69	-385.871	35	 -32.719	   2.087	  58.148
70	-373.776	36	 -22.688	 -22.169	  21.058
71	-371.967	34	  -1.475	  -5.265	  31.486
72	-371.308	32	 -53.905	  32.409	  12.529
73	-369.185	33	 -58.801	 -29.384	  14.267
74	-361.650	26	  17.274	   6.296	  -1.801
75	-361.428	34	  23.566	  -5.746	  27.236
76	-358.729	27	 -32.115	 -10.176	 -12.300
77	-355.174	31	 -27.109	  -5.324	  26.698
78	-353.443	29	 -25.916	  -5.782	 -15.329
79	-352.145	32	 -48.040	  35.792	  16.728
80	-350.187	31	  24.593	   6.903	  50.515
81	-346.729	22	 -35.055	  -5.007	  23.684
82	-343.270	32	 -24.259	   8.685	  24.446
83	-340.624	32	 -50.205	 -27.259	  45.781
84	-338.013	24	   5.419	 -16.381	  59.644
85	-334.008	30	 -19.041	 -10.944	 -14.348
86	-332.061	32	  22.396	  -4.568	  34.896
87	-330.396	31	 -19.378	   8.478	  47.598
88	-327.324	31	 -36.238	 -11.607	  -3.886
89	-326.043	29	 -47.714	  -1.586	  12.955
90	-324.900	29	 -13.522	   9.879	   8.578
91	-323.940	28	  31.300	 -39.413	  21.101
92	-323.447	31	 -13.173	   6.993	  53.363
93	-323.055	23	 -17.419	  -6.247	  46.413
94	-322.475	28	  32.233	 -31.144	  29.946
95	-318.635	29	  -7.207	 -16.026	   7.308
96	-316.878	30	   9.762	 -16.224	  51.250
97	-315.738	27	 -57.987	 -39.192	  21.150
98	-314.835	27	  35.153	 -20.617	  20.814
99	-314.667	28	 -61.855	 -20.726	  24.953
100	-314.065	21	  -9.092	  -2.447	   1.596
101	-308.936	30	  18.669	   6.004	   7.711
102	-307.391	30	 -13.415	  11.792	  -2.852
103	-304.031	29	  12.137	 -19.158	  41.982
104	-303.474	27	 -10.640	 -17.161	  -0.400
105	-299.265	21	   7.033	  -4.972	  32.352
106	-299.180	27	  16.983	 -32.487	   0.257
107	-296.203	24	   5.072	 -42.417	  14.135
108	-294.874	27	 -38.493	 -14.650	   4.295
109	-291.543	25	  36.164	 -24.957	  29.299
110	-291.048	21	 -43.792	   2.048	  51.673
111	-290.198	28	 -44.917	   3.280	  41.942
112	-289.804	26	  17.178	   7.839	  16.927
113	-288.501	26	 -19.926	 -19.152	  38.816
114	-285.179	19	 -27.416	  11.471	  -7.236
115	-284.474	27	  12.300	  13.086	  61.421
116	-283.518	24	 -27.497	  35.350	  14.996
117	-280.183	26	 -38.638	  19.482	  -8.852
118	-279.990	25	 -13.123	   6.669	  41.803
119	-279.750	27	  -2.459	 -16.476	  -3.057
120	-279.184	25	  23.529	 -23.469	  -0.781
121	-278.933	24	  35.252	  13.947	  37.898
122	-277.475	25	  -7.181	  11.833	   2.563
123	-276.405	23	  12.836	   3.419	  -7.025
124	-276.350	27	 -24.556	 -20.896	  49.545
125	-275.947	25	 -17.226	 -20.382	  47.150
126	-275.934	26	 -55.319	 -10.757	   7.263
127	-273.742	25	   6.425	  22.339	  57.839
128	-273.103	24	  -3.833	 -20.501	  39.343
129	-271.409	23	  27.774	  28.243	  43.751
130	-266.956	17	  12.017	 -15.542	  -2.221
131	-261.951	23	 -32.683	  28.251	  -3.644
132	-260.062	23	 -43.448	 -36.246	  43.002
133	-258.035	26	  -6.329	   1.946	  17.082
134	-256.080	25	 -53.031	  -1.631	  47.693
135	-251.826	21	 -62.819	 -23.510	  15.737
136	-248.397	22	 -43.925	   5.127	  34.076
137	-245.864	15	 -38.869	 -19.789	  48.616
138	-244.598	22	  32.206	  20.354	  35.476
139	-242.218	15	   0.701	   5.897	  58.219
140	-240.818	24	  29.325	 -14.476	  40.440
141	-239.609	23	  -3.431	 -20.339	  25.842
142	-239.258	16	 -31.018	 -42.431	  26.679
143	-239.125	24	 -35.915	 -45.049	  21.102
144	-237.842	24	 -16.865	 -10.198	  13.665
145	-236.111	16	 -46.359	 -14.641	  35.012
146	-233.623	15	   8.353	  -5.557	  22.466
147	-232.566	22	   1.308	  11.110	  13.182
148	-228.325	22	 -41.704	  -6.740	 -10.932
149	-226.932	23	 -20.664	   1.152	  32.708
150	-223.972	21	 -59.326	   4.376	  25.054
151	-223.891	22	 -47.948	  24.310	  -3.369
152	-218.947	19	 -23.046	 -17.672	   6.339
153	-218.941	21	  15.052	 -12.800	  59.185
154	-218.200	21	 -27.345	   9.075	  38.209
155	-212.533	14	  19.631	 -12.934	  11.917
156	-212.111	20	  22.928	 -11.970	  -5.958
157	-209.807	15	   1.002	  32.164	  39.586
158	-209.537	21	 -14.346	  -5.665	  29.728
159	-209.517	19	 -20.562	  18.356	   2.549
160	-209.324	20	  -2.924	  10.150	  26.236
161	-206.738	19	  32.859	   3.891	  25.119
162	-206.164	19	  21.852	 -39.674	   6.924
163	-205.733	20	 -21.280	  17.332	  20.581
164	-205.378	20	  -9.555	 -10.852	  33.452
165	-203.619	20	  23.028	  -1.494	  13.842
166	-199.598	20	 -10.810	  -5.552	  18.774
167	-195.866	19	   8.963	 -44.613	  20.799
168	-195.080	19	   4.442	  28.109	  26.970
169	-192.909	19	 -43.125	  -4.371	   1.436
170	-191.806	18	  25.996	   2.544	   1.831
171	-190.551	19	 -49.592	  -3.080	  35.126
172	-190.196	12	  13.248	   2.619	  47.873
173	-185.728	18	 -51.695	 -33.972	   9.519
174	-184.307	17	 -35.414	   9.892	 -15.301
175	-182.321	18	  26.362	  25.216	  29.581
176	-179.926	18	  24.963	 -36.143	  33.741
177	-175.910	17	  11.082	 -32.768	  34.953
178	-175.604	17	 -28.622	 -37.507	  15.749
179	-175.486	17	  20.202	   8.387	  61.005
180	-172.942	17	 -39.864	  22.411	  30.360
181	-172.637	17	   6.972	  34.487	  35.510
182	-172.309	17	   8.963	 -12.257	 -15.070
183	-172.033	17	 -57.821	 -22.089	  43.505
184	-171.053	17	  -4.032	 -25.673	  20.654
185	-169.455	16	 -57.051	 -31.605	  37.457
186	-168.231	17	  -8.825	  10.709	  62.534
187	-166.515	16	 -53.155	  25.807	  24.096
188	-165.487	16	 -46.827	  14.266	  -9.408
189	-165.024	16	 -38.104	 -30.441	   8.816
190	-163.786	16	  29.692	 -11.523	  31.236
191	-160.993	15	   1.976	 -38.313	  27.022
192	-158.689	16	 -17.840	  16.849	 -11.807
193	-157.715	10	 -32.677	  -2.636	  14.902
194	-156.955	16	 -33.665	  36.284	  20.259
195	-154.838	13	 -48.324	 -17.476	  53.163
196	-153.129	13	   8.150	   3.331	  65.826
197	-152.547	15	 -55.348	   1.448	  18.505
198	-151.091	15	  13.881	  34.467	  45.614
199	-150.318	15	  31.082	 -18.542	   1.927
200	-148.615	14	 -48.902	   2.242	  29.493
201	-145.936	13	 -25.368	 -13.110	  20.665
202	-145.476	14	 -29.169	  28.727	  27.035
203	-145.268	15	  -0.701	 -24.418	  52.412
204	-144.479	13	  13.769	  29.278	  53.683
205	-144.071	14	  23.206	  15.813	  21.969
206	-141.802	14	  -6.725	   2.512	  68.765
207	-141.314	13	 -45.534	   2.858	  -6.196
208	-140.981	11	 -63.027	  14.654	  16.166
209	-139.031	13	  -6.534	  14.178	  48.008
210	-138.174	13	  -5.390	  16.705	  28.405
211	-135.703	13	   4.928	 -20.101	 -10.268
212	-135.460	13	  25.884	  -9.247	  15.734
213	-132.800	13	  20.509	  -2.311	  45.353
214	-132.354	13	 -36.568	 -18.118	  61.261
215	-129.956	12	  28.555	   0.053	  31.893
216	-129.148	13	 -27.386	 -27.353	  40.339
217	-126.200	13	  14.756	 -20.678	 -10.674
218	-125.861	12	  13.864	  22.791	  23.316
219	-124.809	12	 -31.461	 -25.651	  56.490
220	-123.804	13	  29.393	  -8.503	   7.266
221	-121.469	12	 -40.115	  37.849	   9.921
222	-119.027	12	  -5.087	  16.551	  35.690
223	-117.574	12	 -46.541	 -46.471	  26.231
224	-112.566	11	 -45.766	  12.068	  32.447
225	-111.090	11	  18.837	 -44.267	  13.729
226	-109.998	10	   0.808	  27.150	  46.367
227	-106.971	11	  20.495	  -1.440	  55.879
228	-106.127	11	 -24.958	 -26.487	  28.726
229	-104.003	10	 -56.439	 -10.147	  16.766
230	-100.261	10	 -34.080	  11.739	  49.114
231	 -97.653	9	  34.772	  11.399	  26.163
232	 -96.640	9	 -60.054	  11.221	  26.530
233	 -95.721	9	 -10.566	 -24.697	  46.315
234	 -95.468	10	 -56.100	 -11.846	  39.585
235	 -95.236	9	 -12.721	 -17.204	  -9.247
236	 -93.540	9	  -1.808	  13.308	  -5.063
237	 -93.440	9	  36.944	 -31.866	  15.817
238	 -93.138	9	 -63.600	 -32.991	  27.580
239	 -92.611	9	 -24.693	   8.346	  55.978
240	 -90.159	9	  30.684	  21.545	  50.574
241	 -89.789	8	  -1.644	 -12.694	  26.496
242	 -89.773	9	 -46.145	 -26.049	   7.080
243	 -89.181	9	  13.078	  12.206	   3.363
244	 -88.566	9	 -28.391	 -17.446	  -8.162
245	 -88.112	9	 -40.083	   8.287	  46.814
246	 -86.338	9	 -61.629	   6.213	  10.847
247	 -85.892	9	   7.095	  16.008	   1.890
248	 -85.502	8	 -52.626	  -9.750	  31.301
249	 -82.018	8	 -28.996	  18.506	  32.681
250	 -80.190	8	 -58.166	  25.347	   3.109
251	 -78.915	8	   2.445	  19.212	  19.901
252	 -78.815	8	  25.440	  12.533	  56.149
253	 -77.992	8	 -41.288	 -26.853	  55.113
254	 -76.674	7	 -48.987	  18.422	  28.557
255	 -74.007	7	 -57.921	 -18.834	   5.319
256	 -73.589	6	  -7.552	   5.946	  35.431
257	 -73.096	7	 -13.850	 -22.979	  55.596
258	 -72.551	7	 -25.273	 -27.906	  11.048
259	 -72.491	7	  31.611	 -21.992	  40.221
260	 -72.412	7	  -1.742	   2.607	  25.361
261	 -71.870	7	  19.332	 -28.714	  37.675
262	 -69.270	7	  -0.780	 -30.114	  33.657
263	 -68.224	7	 -46.554	 -19.390	   3.459
264	 -68.159	7	   0.368	  11.562	  66.557
265	 -66.895	7	  -3.040	 -33.773	  14.427
266	 -65.373	7	 -44.037	  -0.295	 -14.704
267	 -65.367	5	  -3.718	 -15.208	  15.212
268	 -65.249	7	 -21.132	 -22.156	  -1.835
269	 -63.652	6	 -46.888	 -10.708	   5.599
270	 -60.977	6	 -36.007	   1.576	 -20.138
271	 -60.624	6	   8.322	  -6.790	  70.495
272	 -60.375	6	 -43.050	  32.459	  26.369
273	 -59.321	6	 -36.453	  28.586	  28.282
274	 -58.731	6	 -26.644	  18.421	 -14.533
275	 -58.501	6	   4.509	 -22.236	  44.951
276	 -58.269	6	 -16.336	   0.191	  20.905
277	 -57.357	6	  16.014	  -5.708	  64.960
278	 -56.450	6	 -24.603	 -20.218	  63.288
279	 -55.688	6	 -37.971	  10.078	  39.623
280	 -52.350	5	 -35.097	 -37.158	  12.106
281	 -51.153	5	   2.488	 -30.361	  -1.103
282	 -51.131	5	  33.785	   3.063	  39.098
283	 -50.250	5	 -29.105	 -34.347	  44.655
284	 -50.069	5	 -25.608	 -44.978	  20.807
285	 -49.462	5	  -1.189	 -44.814	  20.594
286	 -49.277	3	   9.951	  -7.578	   2.627
287	 -49.215	5	 -23.868	  36.075	  23.564
288	 -49.051	5	  -2.945	  34.070	  31.547
289	 -47.938	5	  21.694	 -21.583	  42.479
290	 -47.826	5	  11.106	  12.610	  11.108
291	 -47.668	5	  -2.872	 -12.955	 -16.749
292	 -47.481	5	  17.883	  29.620	  26.090
293	 -46.344	5	 -11.485	   9.607	 -17.907
294	 -45.749	4	 -23.335	 -16.373	  31.410
295	 -45.350	4	 -20.534	  11.354	 -18.650
296	 -44.023	4	  24.378	  -4.364	  -8.685
297	 -42.574	4	   8.648	 -39.044	  30.494
298	 -42.415	4	 -52.029	  18.115	  -3.998
299	 -40.846	3	 -19.387	   7.427	  13.974
300	 -38.938	4	 -32.329	 -18.079	   1.305
301	 -38.850	4	 -55.045	 -14.283	  51.063
302	 -37.819	4	   0.671	  16.912	   6.811
303	 -37.601	4	 -16.064	   5.418	  67.274
304	 -31.290	3	  16.355	 -40.578	  33.566
305	 -30.677	3	 -41.309	 -43.871	  14.952
306	 -30.133	3	 -32.293	  38.422	   5.282
307	 -30.116	3	  -6.715	  20.057	  54.459
308	 -29.575	3	 -23.001	 -38.033	  28.903
309	 -29.101	3	 -19.309	  29.764	  16.970
310	 -28.930	3	  -6.997	  27.750	  37.282
311	 -28.412	3	 -51.965	  -7.282	  58.279
312	 -27.511	3	 -11.309	   3.083	  27.617
313	 -26.545	2	 -33.309	  -1.054	  36.282
314	 -25.962	2	 -46.930	 -19.578	  20.282
315	 -24.437	2	   0.691	  -2.578	  52.894
316	 -21.045	2	  27.691	 -43.069	  12.282
317	 -20.986	2	  14.691	 -44.578	  26.769
318	 -20.589	2	  11.691	 -32.039	  19.282
319	 -20.483	2	 -40.779	 -46.578	  34.812
320	 -20.328	2	   6.223	  33.422	  50.282
321	 -20.325	2	  27.724	   0.357	  -5.137
322	 -20.208	2	 -42.824	 -38.578	   9.282
323	 -19.681	2	  14.154	  34.422	  31.819
324	 -19.571	2	 -27.309	   2.422	  -3.230
325	 -19.514	2	  13.213	 -44.056	   6.282
326	 -18.818	2	 -55.831	 -27.578	   6.282
327	 -18.361	2	 -19.815	  25.426	  -0.229
328	 -18.109	2	  29.691	 -30.578	  37.778
329	 -18.096	2	 -48.804	  38.419	   7.774
330	 -17.000	1	 -35.309	  24.422	  15.282
331	 -14.211	1	 -38.309	 -32.578	  24.282
332	 -14.007	1	  18.691	   9.422	  35.282
333	 -11.420	1	 -27.309	  -7.578	   5.282
334	 -10.795	1	 -36.309	 -10.578	  44.282
335	 -10.624	1	 -54.309	 -44.578	  29.282
336	  -9.857	1	 -21.309	  27.422	  25.282
337	  -9.664	1	 -58.309	  20.422	  25.282
338	  -9.632	1	 -25.309	  31.422	  -0.718
339	  -9.540	1	 -35.309	 -39.578	  43.282
340	  -9.489	1	   6.691	   1.422	  12.282
341	  -9.197	1	  20.691	  32.422	  50.282
342	  -9.019	1	  34.691	  27.422	  40.282
