1	-1022.392	87	 101.271	  28.537	 -19.936
2	-887.478	76	 128.418	  20.058	   3.036
3	-737.489	59	 118.322	  32.465	 -28.203
4	-722.982	67	 105.678	  40.894	  -0.535
5	-691.343	63	 111.608	  52.138	  -8.716
6	-595.833	54	 135.933	  47.106	  13.819
7	-555.293	51	  97.469	  45.801	 -24.904
8	-545.749	47	 122.870	  53.540	  -8.551
9	-534.831	47	 103.737	  39.335	  14.609
10	-515.038	47	 141.842	  31.566	   7.468
11	-493.565	45	 134.789	  46.146	 -23.826
12	-490.541	46	 108.879	  20.457	 -33.456
13	-461.561	43	 133.094	  32.959	 -14.594
14	-457.281	43	 117.280	  17.752	  15.506
15	-446.757	42	 138.886	  37.338	  21.543
16	-440.440	41	 131.411	  48.820	 -10.319
17	-430.112	38	 134.655	  43.760	  -6.945
18	-424.913	39	 118.084	  20.501	 -21.825
19	-416.741	38	 108.491	  25.792	   4.450
20	-384.289	36	 104.847	  47.096	 -21.109
21	-375.808	34	 107.219	  34.258	   5.856
22	-373.754	33	 107.562	  39.808	 -46.177
23	-367.577	34	 102.096	  48.489	 -37.919
24	-365.810	24	 118.293	  49.303	  12.976
25	-358.470	34	 129.212	  30.961	 -20.124
26	-354.267	34	 124.906	  52.516	  19.599
27	-349.686	33	 136.060	  36.868	   5.839
28	-346.804	29	 108.825	  54.828	 -32.982
29	-341.364	23	 126.171	  46.785	 -30.162
30	-330.007	26	 116.976	  32.561	   9.265
31	-325.068	30	 104.434	  29.400	  16.644
32	-323.803	29	 110.586	  52.608	   4.543
33	-318.380	31	  95.865	  41.699	 -38.876
34	-312.805	30	 128.297	  28.310	 -43.029
35	-307.804	28	 128.154	  54.845	 -24.634
36	-300.249	29	 122.058	  53.422	 -36.824
37	-296.508	28	 111.989	  28.186	 -46.721
38	-285.653	25	 127.454	  35.414	  29.372
39	-269.640	26	 118.354	  26.406	  29.041
40	-269.438	23	 121.267	  56.644	   6.300
41	-261.351	25	  94.502	  43.160	 -12.170
42	-255.994	25	 103.644	  52.257	  -2.425
43	-253.077	24	 131.225	  29.924	 -32.439
44	-251.462	24	 108.644	  48.942	  18.993
45	-250.403	22	 115.188	  17.890	  -7.271
46	-249.964	24	 121.381	  46.889	  26.069
47	-239.607	23	 120.216	  36.137	 -46.736
48	-238.597	24	 112.983	  55.220	 -27.461
49	-235.043	23	 140.479	  28.997	  21.628
50	-234.294	23	 139.715	  28.754	 -10.031
51	-233.870	23	 130.656	  19.837	  -9.013
52	-219.789	21	 121.025	  24.679	 -32.650
53	-213.040	20	 133.451	  41.288	 -36.063
54	-208.757	20	 130.486	  54.679	   5.975
55	-192.091	19	 105.143	  35.609	  25.681
56	-182.461	18	 118.601	  46.637	 -44.740
57	-181.288	18	 140.259	  41.470	 -15.678
58	-178.123	17	 140.507	  17.728	  15.371
59	-169.718	17	 136.375	  22.339	  23.182
60	-168.333	16	  97.029	  28.552	 -38.275
61	-160.206	16	  88.923	  39.657	 -26.907
62	-158.829	16	 144.413	  22.635	   8.827
63	-153.879	15	 137.681	  39.845	  -1.792
64	-151.155	15	 143.556	  27.793	  -1.857
65	-149.850	15	 123.359	  18.112	 -15.163
66	-147.049	15	 123.760	   9.692	  10.273
67	-140.470	14	 104.780	  50.310	 -14.143
68	-127.073	12	 125.461	  46.019	 -41.850
69	-120.591	12	 100.258	  29.343	  -8.257
70	-120.392	12	 128.057	  57.324	   0.094
71	-118.126	11	 140.594	  41.549	 -29.989
72	-117.403	11	 108.531	  18.218	 -14.582
73	-116.629	11	 137.205	  14.300	   5.130
74	-114.796	10	 110.876	  55.877	  11.697
75	-111.431	10	 132.624	  29.919	  27.643
76	-108.151	11	 111.205	  18.654	   2.995
77	-105.589	10	 130.061	  16.410	  21.003
78	-100.383	10	 140.850	  19.009	  -3.607
79	 -99.620	9	  94.835	  19.912	 -27.573
80	 -98.607	10	  90.477	  29.898	 -22.272
81	 -94.585	9	 103.196	  53.094	  12.869
82	 -88.564	8	 118.590	  14.993	  -0.162
83	 -86.859	8	 116.179	  20.882	 -43.928
84	 -86.018	9	 120.790	  57.662	 -23.924
85	 -82.063	8	  91.000	  34.140	 -35.267
86	 -80.847	8	 122.935	  58.579	 -14.207
87	 -80.444	8	 103.658	  26.684	 -42.365
88	 -78.693	8	  97.429	  39.631	  -4.230
89	 -78.344	8	 123.788	  20.066	  25.965
90	 -78.008	8	 136.024	  47.476	   1.171
91	 -76.728	7	 104.589	  24.385	  -1.989
92	 -74.581	7	 117.851	  61.861	  14.420
93	 -73.321	7	 110.980	  55.438	 -18.219
94	 -73.184	7	  97.515	  52.331	   2.490
95	 -70.390	7	 134.862	  54.286	 -31.577
96	 -63.264	6	 100.906	  19.768	 -21.621
97	 -59.336	6	 135.730	  50.688	 -38.022
98	 -58.794	6	  92.224	  33.392	 -11.307
99	 -57.987	5	 122.980	  27.187	  20.826
100	 -55.843	6	 112.942	  58.003	  21.020
101	 -51.158	5	 110.215	  22.711	  24.647
102	 -50.001	3	 126.422	  32.962	  11.336
103	 -49.208	5	 138.047	  47.917	  25.837
104	 -48.357	5	 109.756	  56.559	 -43.285
105	 -45.786	5	 116.420	  36.741	  29.468
106	 -43.729	4	 145.422	  37.086	 -20.617
107	 -37.125	4	 131.422	  51.331	  23.632
108	 -31.877	2	 110.812	  38.331	 -28.330
109	 -30.012	2	 112.969	  28.144	 -32.424
110	 -27.994	3	 101.413	  16.331	 -30.321
111	 -27.843	3	 138.090	  34.687	 -36.984
112	 -19.269	2	 104.985	  48.768	 -45.372
113	 -18.915	2	 137.918	  32.331	 -29.322
114	  -9.099	1	  89.422	  39.331	  -4.330
115	  -8.906	1	 117.422	  13.331	   8.670
