1	-572.110	47	  16.489	  68.236	  36.088
2	-538.077	45	  10.476	  59.601	  22.220
3	-466.591	40	  29.238	  70.988	  19.180
4	-392.924	38	  25.784	  80.240	  29.393
5	-377.403	29	  15.982	  56.272	  34.764
6	-367.169	36	  20.738	  60.515	  11.018
7	-318.354	31	  21.131	  48.474	  34.856
8	-274.062	26	  28.519	  59.508	  34.778
9	-240.985	22	  18.548	  47.729	  23.050
10	-145.537	14	   6.709	  66.540	  33.630
11	-143.482	13	  32.151	  51.457	  26.708
12	-116.754	11	  16.474	  53.590	  17.473
13	-114.332	11	   4.587	  68.396	  26.475
14	-106.287	11	  34.544	  67.494	  30.726
15	 -86.002	8	  25.065	  71.258	  36.848
16	 -85.042	8	   8.963	  75.046	  26.880
17	 -82.424	8	  34.057	  63.361	  13.057
18	 -78.567	8	  16.249	  80.662	  20.219
19	 -73.625	7	   8.572	  55.488	  31.713
20	 -69.624	7	  25.827	  48.107	  17.098
21	 -62.286	6	  20.824	  67.272	   9.236
22	 -57.181	6	  22.889	  52.912	  11.740
23	 -48.276	5	  38.516	  80.395	  21.830
24	 -44.898	4	  28.713	  73.520	  27.887
25	 -41.679	4	  26.938	  78.945	  18.287
26	 -41.114	4	  37.951	  67.106	  21.738
27	 -39.769	4	  25.273	  43.686	  24.895
28	 -37.359	4	  36.677	  77.939	  30.255
29	 -28.757	3	  30.381	  69.899	   7.396
30	 -18.980	2	  19.671	  74.941	  12.780
31	 -18.811	2	   7.231	  70.884	  17.667
32	 -10.040	1	  17.713	  81.920	  30.738
