1	-994.511	84	  61.714	  43.720	  37.919
2	-834.845	74	  77.537	  45.172	  15.882
3	-742.611	62	  64.534	  20.906	  21.765
4	-524.246	49	  75.525	  22.554	  26.299
5	-502.072	47	  79.156	  34.964	  19.485
6	-485.795	40	  70.123	  55.904	  38.611
7	-434.775	33	  59.789	  32.148	   7.316
8	-415.364	40	  52.007	  54.805	  25.865
9	-367.673	34	  52.251	  35.450	   6.738
10	-313.195	30	  54.712	  22.719	  18.033
11	-312.314	27	  79.152	  57.336	  23.875
12	-309.585	26	  70.307	  59.259	  15.164
13	-308.690	29	  55.104	  52.088	  12.961
14	-306.942	28	  83.080	  39.761	  25.870
15	-301.271	28	  65.353	  42.851	   5.327
16	-237.679	22	  81.420	  30.949	  35.317
17	-210.816	20	  64.895	  15.430	  29.948
18	-201.650	20	  54.691	  46.020	   8.261
19	-189.907	18	  78.272	  38.246	  43.698
20	-186.701	18	  65.971	  26.794	  40.102
21	-181.695	17	  77.741	  58.811	  33.418
22	-170.910	15	  57.799	  27.431	  41.335
23	-161.149	15	  67.428	  25.856	  10.232
24	-160.445	16	  44.148	  39.023	  14.819
25	-153.735	14	  42.183	  43.031	  25.375
26	-151.589	15	  49.898	  25.701	  11.693
27	-144.662	14	  66.945	  35.505	   4.466
28	-140.309	14	  53.512	  38.495	  42.125
29	-134.984	13	  41.268	  34.844	  31.007
30	-134.026	12	  79.236	  27.768	  22.943
31	-128.356	13	  77.021	  25.158	  15.541
32	-116.730	12	  75.280	  36.062	   5.307
33	-113.919	12	  59.082	  16.617	  25.374
34	-106.861	6	  71.455	  28.614	  23.396
35	 -96.065	9	  41.874	  32.792	  20.113
36	 -90.643	9	  63.902	  63.830	  26.682
37	 -89.071	9	  45.741	  24.125	  23.893
38	 -88.336	9	  47.815	  29.270	  39.935
39	 -87.078	9	  71.603	  64.875	  22.287
40	 -84.155	8	  46.335	  25.670	  32.774
41	 -82.656	8	  59.046	  19.317	  36.775
42	 -72.753	7	  58.768	  58.666	  19.699
43	 -71.727	7	  61.101	  59.634	  34.362
44	 -70.327	7	  75.370	  21.452	  36.966
45	 -69.152	7	  51.558	  19.044	  31.093
46	 -67.578	7	  79.305	  46.137	  42.615
47	 -66.291	7	  84.212	  44.341	  36.402
48	 -63.336	6	  72.438	  64.452	  31.772
49	 -57.786	6	  81.432	  50.806	  32.489
50	 -51.756	5	  57.118	  53.117	  36.401
51	 -48.460	5	  75.006	  29.203	  44.247
52	 -48.206	5	  69.107	  50.488	   7.053
53	 -41.546	3	  69.700	  36.452	  40.505
54	 -40.529	4	  84.940	  47.815	  20.943
55	 -38.632	4	  45.203	  32.104	  12.960
56	 -37.560	4	  77.933	  55.956	  15.346
57	 -29.045	3	  45.559	  43.842	  35.405
58	 -28.980	2	  63.940	  33.917	  14.314
59	 -28.974	3	  58.521	  39.142	   3.849
60	 -28.341	2	  48.940	  36.452	  31.478
61	 -19.018	2	  70.940	  28.967	   3.334
62	 -18.871	2	  44.448	  49.452	  19.341
