1	-1396.786	123	  -1.929	 -16.186	 106.917
2	-1180.402	106	   5.002	  45.667	  53.463
3	-938.451	86	  13.847	  59.665	  85.019
4	-918.795	70	  26.326	  66.968	  73.707
5	-906.317	66	   5.624	  19.637	 104.545
6	-889.675	81	  -6.460	  27.754	  70.296
7	-813.451	73	  22.059	 -28.298	 114.094
8	-742.953	60	  24.973	  -5.533	 103.487
9	-729.371	66	   2.410	  66.377	  75.131
10	-694.804	63	  27.773	  32.604	 111.343
11	-622.859	56	   6.100	   6.836	 124.405
12	-597.144	54	  22.281	  -0.963	 109.935
13	-594.465	47	  11.781	  15.197	 121.271
14	-590.015	56	   6.423	  44.278	  85.014
15	-588.996	53	  -4.645	  13.269	  99.083
16	-569.920	38	  16.251	  56.954	  74.969
17	-568.556	52	   3.188	  56.262	  70.203
18	-558.890	50	  27.314	  65.703	  61.163
19	-551.367	51	  30.481	  78.908	  81.490
20	-548.869	48	   5.546	 -32.667	  97.419
21	-540.337	48	   6.770	  25.153	  49.540
22	-505.074	47	  28.112	  67.863	 100.824
23	-500.951	35	 -14.018	   4.229	 115.419
24	-498.370	46	  -0.298	   6.395	  98.248
25	-493.091	45	   6.770	  -2.335	 117.652
26	-486.580	44	  21.647	  13.382	 113.874
27	-466.897	39	  21.201	  52.010	  54.456
28	-437.726	39	  17.110	  83.558	  70.348
29	-436.601	41	   4.631	  40.390	  46.625
30	-433.122	39	  -2.027	  21.592	 125.887
31	-432.837	40	  18.733	  62.228	  51.222
32	-431.502	37	  16.368	 -32.503	  98.846
33	-428.101	27	   8.375	  70.306	  53.739
34	-426.850	38	   3.934	  20.731	  59.805
35	-425.987	38	  24.677	  58.247	  61.659
36	-425.377	36	  -4.233	  -2.109	  97.102
37	-412.739	36	  -3.318	  29.801	  87.068
38	-405.851	38	  32.822	  83.988	  65.618
39	-405.675	38	   8.873	  76.369	  84.445
40	-398.115	38	   8.147	  34.973	 107.645
41	-393.841	32	  -0.295	  29.128	  99.621
42	-393.577	34	  35.442	 -18.361	 116.848
43	-392.704	32	  13.801	   9.104	 111.389
44	-390.393	30	  30.778	  76.016	  59.779
45	-387.240	36	   1.619	  68.529	  49.659
46	-385.549	36	 -10.004	  32.010	 103.959
47	-385.113	35	  -7.045	  26.307	 117.440
48	-379.403	36	  10.057	  23.876	 125.309
49	-369.321	34	  18.949	  10.459	  92.009
50	-366.504	34	 -12.056	   2.831	 102.739
51	-365.133	32	  -0.675	  48.589	  64.045
52	-359.866	27	  18.540	  33.739	 117.129
53	-355.198	32	   9.321	 -28.811	 110.421
54	-351.323	28	 -10.908	  22.575	  99.723
55	-350.678	28	  34.219	  75.268	  72.024
56	-350.438	31	   9.182	 -11.737	 119.586
57	-348.700	29	  24.241	  76.736	  94.986
58	-332.097	21	   9.329	   6.709	 106.961
59	-329.659	31	  32.844	  48.433	  78.556
60	-327.795	30	  22.352	  25.281	  67.608
61	-324.710	29	  20.658	 -25.992	  90.025
62	-324.220	31	  -6.113	 -23.482	 103.301
63	-323.838	29	  30.400	  21.665	 100.181
64	-322.430	30	   7.863	  82.210	  73.875
65	-318.639	26	   8.280	  68.792	  83.067
66	-312.928	26	  -3.476	  32.743	  58.665
67	-309.848	28	   1.163	  66.365	  65.542
68	-307.678	29	  26.039	  50.339	  62.537
69	-305.024	29	   4.379	   1.781	  93.883
70	-299.518	27	  -8.105	  -3.971	 118.678
71	-298.309	28	  25.110	   8.742	  97.261
72	-291.387	28	  -5.673	 -17.892	  94.346
73	-285.089	28	   1.045	  19.387	  94.898
74	-282.358	28	  21.143	  50.074	  91.687
75	-274.953	25	   0.007	  52.423	  79.909
76	-268.990	26	  15.000	  -6.311	  92.646
77	-266.101	25	 -16.658	  -2.335	 119.707
78	-262.909	24	   1.524	  63.257	  56.320
79	-262.518	24	  21.502	 -15.431	  88.011
80	-259.932	22	  20.345	  31.043	  58.434
81	-259.717	24	  16.071	  82.968	  80.907
82	-259.131	23	  15.592	  36.988	  80.085
83	-258.042	24	  11.899	   2.377	  92.789
84	-254.733	25	  27.114	  -3.201	 117.100
85	-254.469	22	  10.587	 -17.007	  89.146
86	-254.391	25	  16.243	  41.374	  45.682
87	-252.277	22	  28.909	  -6.006	 128.168
88	-249.586	23	  -6.571	  46.284	  90.566
89	-245.864	22	   5.844	  30.204	  84.033
90	-243.805	24	  15.516	 -34.415	 107.669
91	-242.129	21	  27.220	  53.948	  96.153
92	-241.946	23	  20.151	 -12.204	 126.686
93	-233.670	23	  32.600	 -23.529	 104.664
94	-229.605	19	  33.913	 -15.428	 125.027
95	-226.519	20	   1.793	  32.545	 109.509
96	-222.133	20	  15.148	  18.899	  64.545
97	-220.148	21	   2.744	  28.975	 121.746
98	-216.136	20	  14.005	  75.386	  53.917
99	-216.102	20	   9.178	  57.155	  37.821
100	-211.075	20	  31.014	 -15.141	 105.172
101	-208.708	21	  -4.201	  23.869	  60.472
102	-208.632	20	  18.292	   6.959	 115.646
103	-208.273	20	  15.828	  71.825	  98.087
104	-206.969	19	  23.572	  42.902	  57.449
105	-199.095	20	   3.810	  21.406	  79.129
106	-197.323	18	  17.437	  -2.600	 122.459
107	-197.052	19	  21.099	  79.819	  57.354
108	-194.876	18	  27.441	  45.901	  69.359
109	-183.970	18	   9.483	  36.279	 120.940
110	-182.217	17	   8.368	 -22.110	 115.525
111	-181.940	14	  15.592	  47.044	  79.581
112	-177.179	16	  38.995	  61.418	  94.235
113	-172.940	17	  33.427	  64.584	  65.153
114	-163.955	15	  -8.934	  45.469	  79.895
115	-163.100	15	 -20.158	 -11.766	 105.684
116	-160.754	15	 -16.213	  11.840	 113.372
117	-156.658	15	  23.063	  39.270	  67.334
118	-150.133	14	  25.154	  40.612	  77.647
119	-149.475	15	  26.363	  46.071	  84.586
120	-149.139	14	 -15.612	  19.026	 109.088
121	-148.818	15	  39.118	  71.278	  93.155
122	-148.534	14	  11.481	  24.513	  94.212
123	-147.805	13	  27.841	  30.778	 100.304
124	-145.662	14	  -5.676	  40.907	  62.765
125	-136.502	13	  10.031	  13.543	  91.862
126	-135.492	10	  22.405	  77.279	  83.774
127	-134.715	12	   2.014	 -15.465	 113.513
128	-131.992	12	  -8.345	  24.735	  80.207
129	-129.095	13	  27.690	 -32.739	 101.971
130	-127.307	12	  11.545	  29.602	  80.708
131	-125.545	12	  -1.776	   0.419	 119.619
132	-125.346	12	  37.532	  62.591	  77.394
133	-124.977	12	  39.145	  72.469	  83.156
134	-122.515	11	  -6.868	   4.022	 126.405
135	-119.689	12	   8.376	  32.846	  95.325
136	-118.288	12	  21.059	  37.432	 101.048
137	-117.898	11	  20.926	  84.978	  88.479
138	-113.839	11	  18.540	  28.424	  75.997
139	-110.345	11	   3.123	  15.795	  69.568
140	-109.296	10	  -5.155	  49.713	  72.561
141	-108.618	11	   5.387	  14.445	 129.444
142	-108.088	10	   0.648	  -9.205	  93.308
143	-107.087	11	  24.544	  25.781	 122.954
144	-102.750	10	  33.740	  54.314	  71.401
145	 -97.319	10	 -17.163	 -20.060	 107.315
146	 -94.290	9	 -13.287	  34.009	  88.648
147	 -92.691	9	  19.145	  52.898	  44.403
148	 -92.013	9	  35.959	  -9.878	 110.080
149	 -91.544	9	  30.577	  11.009	 106.976
150	 -90.306	9	  32.536	 -27.376	 116.476
151	 -86.277	8	  -1.820	  54.258	  54.907
152	 -85.539	8	  -0.939	 -28.584	  91.922
153	 -83.763	8	   5.752	  84.892	  60.695
154	 -83.568	8	  27.225	 -12.477	  94.925
155	 -81.669	8	   4.664	 -37.093	 103.911
156	 -80.530	8	   6.406	  -5.003	  90.289
157	 -80.489	8	   3.174	  50.371	  37.745
158	 -79.844	8	  -7.693	  12.162	 129.884
159	 -78.693	8	  20.059	 -25.343	 125.534
160	 -78.265	8	 -13.414	  -6.793	  96.251
161	 -72.668	7	  12.952	 -26.767	 121.001
162	 -71.052	7	  26.443	 -17.507	 130.289
163	 -66.676	7	  24.679	  67.929	  54.571
164	 -65.522	7	   5.198	  87.834	  67.241
165	 -63.980	6	 -11.936	  36.724	  65.622
166	 -61.524	6	  -6.031	 -12.480	 117.289
167	 -59.425	6	 -14.919	  16.671	 126.800
168	 -59.376	6	   0.944	  57.358	  47.451
169	 -58.992	6	 -14.589	  40.344	  83.784
170	 -58.872	6	  16.233	  59.593	  98.289
171	 -58.207	6	  35.347	  53.991	  94.148
172	 -57.305	6	  16.215	  39.692	 113.109
173	 -56.559	6	 -15.922	  21.546	 120.440
174	 -55.847	6	  23.397	  32.844	  69.679
175	 -55.844	6	  15.895	  30.189	  91.125
176	 -55.696	6	 -12.442	  10.348	 101.128
177	 -50.505	5	  -4.163	  27.073	  50.087
178	 -50.012	5	 -14.598	  36.565	  74.767
179	 -48.096	5	 -20.184	 -17.093	  92.130
180	 -47.964	5	  -0.182	  79.777	  66.450
181	 -47.331	5	   9.197	  63.328	  42.713
182	 -45.354	4	  31.815	  20.156	 108.738
183	 -42.540	4	  24.161	  30.709	  93.289
184	 -42.458	4	   7.627	  58.069	  81.894
185	 -41.220	4	  32.869	 -24.938	 124.049
186	 -40.615	3	   8.936	  29.750	 113.789
187	 -40.098	4	 -11.613	  23.233	 128.322
188	 -39.844	4	  30.643	 -20.988	  94.813
189	 -38.729	4	  23.101	  -0.472	  95.264
190	 -38.621	4	 -25.358	 -10.493	  96.579
191	 -29.462	3	  13.419	  86.520	  61.289
192	 -29.251	3	  17.380	  18.498	  89.961
193	 -27.862	3	   0.051	  32.868	  47.637
194	 -20.765	2	  43.397	  62.033	  82.289
195	 -20.619	2	   0.879	  42.520	  94.289
196	 -20.456	2	   4.948	 -22.480	  86.289
197	 -20.417	2	  12.397	  56.520	  68.797
198	 -19.770	2	  13.863	  19.986	  76.289
199	 -19.767	2	   1.864	  77.987	  75.289
200	 -19.534	2	   0.874	 -29.048	 108.199
201	 -19.142	2	  13.331	  36.454	 100.289
202	 -19.131	2	  -7.603	 -22.976	 111.793
203	 -18.600	2	  10.906	  41.484	  39.325
204	 -14.164	1	  -1.603	  35.520	  67.289
205	 -12.671	1	  13.397	  18.520	 112.289
206	 -10.362	1	  -6.603	  28.520	  95.289
207	 -10.339	1	  -0.603	  21.520	 109.289
208	  -9.606	1	 -17.603	  28.520	 113.289
209	  -9.503	1	  16.397	  30.520	  44.289
210	  -9.496	1	  23.397	  16.520	 123.289
211	  -9.466	1	  22.397	  89.520	  61.289
212	  -9.381	1	  19.397	  23.520	  53.289
213	  -9.153	1	  21.397	  44.520	  40.289
214	  -9.043	1	  30.397	  21.520	 117.289
