1	-1404.022	122	  58.339	 -27.153	  -7.914
2	-608.394	55	  55.022	 -38.355	   5.020
3	-448.283	39	  69.399	 -25.154	   2.433
4	-437.137	29	  58.603	 -20.536	 -15.523
5	-404.754	39	  81.538	 -32.620	 -10.774
6	-390.263	34	  80.119	 -33.184	 -29.120
7	-386.685	36	  69.558	 -32.632	 -36.296
8	-343.488	31	  65.482	 -22.446	  -3.381
9	-323.757	25	  61.197	 -24.506	 -33.791
10	-304.774	26	  67.796	 -38.016	   3.045
11	-298.672	28	  65.746	 -45.409	 -21.694
12	-249.288	23	  48.063	 -39.397	  -5.395
13	-241.122	24	  74.493	 -43.077	 -30.464
14	-237.312	22	  56.996	 -24.434	   4.839
15	-224.078	20	  77.509	 -35.618	  -3.223
16	-213.927	21	  59.939	 -44.854	  -0.617
17	-195.425	19	  55.318	 -26.827	 -30.886
18	-180.782	17	  66.647	 -17.713	 -30.235
19	-168.377	16	  64.771	 -12.374	 -21.813
20	-165.084	16	  66.481	 -45.872	  -7.635
21	-162.310	16	  49.183	 -33.651	 -20.174
22	-157.615	14	  53.713	 -40.319	 -16.076
23	-148.027	15	  70.892	 -17.514	 -14.374
24	-146.527	14	  71.915	 -42.399	  -3.768
25	-137.906	9	  72.755	 -27.672	  -5.720
26	-123.047	12	  82.056	 -41.736	 -21.930
27	-109.488	10	  60.255	 -36.104	 -36.299
28	 -92.164	9	  74.447	 -45.838	 -14.002
29	 -82.556	8	  49.105	 -21.730	  -1.981
30	 -79.958	8	  81.194	 -40.569	 -14.736
31	 -77.057	8	  43.339	 -30.849	  -7.250
32	 -65.894	6	  46.639	 -25.084	 -20.164
33	 -60.608	6	  75.044	 -24.463	 -27.078
34	 -58.612	6	  78.311	 -21.923	 -13.627
35	 -57.277	6	  54.490	 -14.444	 -23.066
36	 -56.442	6	  48.663	 -26.904	  10.392
37	 -55.045	5	  85.885	 -31.597	 -18.082
38	 -45.968	5	  57.725	 -39.080	 -29.555
39	 -40.890	4	  52.395	 -17.873	  -9.651
40	 -29.278	3	  61.083	 -12.780	 -12.382
41	 -27.647	3	  49.329	 -18.094	 -17.746
42	 -21.212	2	  44.329	 -31.592	   2.747
43	 -10.108	1	  64.329	 -28.094	  10.245
44	 -10.038	1	  52.329	 -34.094	  11.245
45	  -9.093	1	  82.329	 -29.094	  -3.755
