1	-1027.236	85	  61.854	  42.486	  37.829
2	-774.284	66	  64.455	  20.890	  21.534
3	-757.626	71	  76.330	  23.274	  25.818
4	-508.543	45	  77.671	  40.128	  17.857
5	-467.800	37	  69.726	  55.999	  38.010
6	-458.172	42	  51.732	  54.166	  25.296
7	-409.326	31	  59.835	  32.123	   7.211
8	-352.148	32	  52.186	  34.991	   6.790
9	-325.896	32	  42.961	  35.101	  16.736
10	-324.846	30	  81.411	  47.761	  18.365
11	-305.600	27	  82.963	  39.433	  25.884
12	-300.869	28	  79.885	  33.065	  20.552
13	-297.668	28	  54.805	  22.635	  17.555
14	-290.646	27	  65.122	  42.568	   5.407
15	-279.597	25	  79.308	  57.112	  23.715
16	-276.035	24	  70.292	  59.503	  15.699
17	-232.838	22	  81.480	  30.872	  35.444
18	-229.145	22	  75.524	  46.436	  12.343
19	-217.740	22	  49.523	  26.441	  11.097
20	-198.289	19	  64.096	  15.394	  29.701
21	-196.973	17	  57.681	  26.936	  40.742
22	-196.822	19	  65.546	  26.915	  40.302
23	-193.697	19	  78.508	  37.822	  43.381
24	-187.534	17	  52.462	  51.624	  14.526
25	-185.520	18	  54.563	  45.742	   8.375
26	-155.412	15	  67.253	  35.493	   4.488
27	-152.852	14	  67.121	  25.526	  10.650
28	-150.393	14	  41.828	  42.497	  25.269
29	-148.497	14	  77.711	  58.565	  33.544
30	-126.923	12	  63.726	  63.192	  27.382
31	-120.253	12	  52.395	  38.839	  41.273
32	-118.695	12	  74.862	  20.977	  37.112
33	-103.846	6	  71.400	  28.634	  23.193
34	 -99.191	9	  46.004	  25.406	  32.615
35	 -95.964	9	  59.106	  52.296	  11.242
36	 -95.422	9	  58.038	  19.717	  36.500
37	 -91.974	9	  75.577	  23.273	  16.274
38	 -91.156	9	  46.488	  30.686	  38.972
39	 -91.074	9	  75.145	  36.822	   4.209
40	 -88.322	9	  59.858	  59.074	  18.699
41	 -88.045	9	  45.635	  23.660	  24.014
42	 -85.755	9	  84.044	  43.600	  36.207
43	 -83.724	8	  40.882	  34.763	  30.575
44	 -80.811	8	  54.801	  54.870	  33.873
45	 -77.396	8	  62.774	  60.316	  35.067
46	 -67.335	7	  58.449	  16.802	  24.336
47	 -61.459	6	  51.108	  19.196	  31.180
48	 -58.210	6	  62.006	  51.154	  40.937
49	 -57.720	6	  69.001	  49.940	   6.976
50	 -51.987	5	  71.668	  64.204	  22.571
51	 -47.870	5	  78.993	  47.040	  42.430
52	 -47.076	5	  78.274	  55.393	  15.594
53	 -39.573	4	  58.312	  39.205	   3.784
54	 -38.466	4	  72.357	  64.205	  31.266
55	 -36.171	2	  63.860	  33.701	  14.280
56	 -29.614	3	  81.860	  50.205	  31.781
57	 -29.487	3	  76.251	  28.041	  44.089
58	 -28.619	3	  78.860	  32.843	  13.099
59	 -24.465	2	  48.860	  36.205	  31.399
60	 -21.736	2	  43.215	  45.028	  32.961
61	 -19.672	2	  71.393	  28.205	   3.784
62	 -19.624	2	  44.356	  49.205	  19.288
63	 -18.412	2	  68.860	  41.205	  45.271
64	 -15.012	1	  71.860	  36.205	  39.784
