1	-1047.204	95	  90.371	  33.320	-100.177
2	-932.950	82	  91.644	  42.465	-100.489
3	-681.795	61	  97.867	  48.427	-104.534
4	-626.635	57	 100.324	  45.660	 -84.875
5	-616.938	56	  82.988	  42.898	-100.608
6	-549.001	48	  87.837	  26.341	-105.978
7	-546.591	50	  97.219	  56.788	-101.646
8	-526.157	49	  73.264	  31.880	 -93.487
9	-476.690	45	  89.432	  26.439	-120.761
10	-443.783	40	 111.960	  64.356	 -87.928
11	-439.470	42	 123.369	  44.580	 -98.779
12	-428.387	40	 105.284	  45.595	-116.624
13	-417.124	39	  97.565	  33.587	 -94.341
14	-413.378	39	  68.162	  17.257	-117.853
15	-377.109	34	  85.893	  19.432	 -99.708
16	-373.134	33	  90.634	  15.964	-113.114
17	-370.658	34	  63.128	  17.452	-105.520
18	-352.498	32	  87.229	  42.430	-118.977
19	-349.567	32	  65.340	  28.380	-117.875
20	-315.807	28	 120.132	  55.993	 -92.439
21	-297.259	30	 110.876	  34.069	-100.523
22	-287.736	25	 100.408	  28.821	-106.463
23	-280.581	27	 122.931	  54.849	-100.990
24	-264.414	26	  77.828	   7.395	 -96.335
25	-262.136	23	 104.311	  30.402	-114.180
26	-259.357	25	 102.183	  70.294	 -95.424
27	-259.248	25	 101.404	  56.075	-114.142
28	-252.177	22	 110.222	  52.120	 -83.001
29	-247.696	23	  67.111	  11.474	 -96.873
30	-247.036	23	  75.783	  38.831	 -93.447
31	-244.543	23	  63.463	  25.856	 -98.047
32	-221.869	22	 117.088	  38.953	-111.445
33	-218.898	21	  75.090	  20.801	 -85.351
34	-215.331	21	  85.907	  39.625	 -84.474
35	-189.998	18	  86.394	   9.914	-103.832
36	-189.511	19	  74.995	  39.645	-113.856
37	-176.804	17	  94.551	  60.138	 -83.083
38	-166.733	16	  79.637	  16.765	-124.412
39	-162.422	16	 110.779	  63.705	-109.285
40	-160.043	14	  94.655	  63.901	 -98.954
41	-160.018	15	  85.134	  50.627	 -87.864
42	-159.412	15	  64.937	  34.787	-110.170
43	-157.088	16	 107.898	  29.637	-107.465
44	-156.227	15	  76.774	  32.214	 -86.245
45	-153.012	12	  87.940	  44.189	-112.250
46	-148.840	14	 118.176	  41.487	 -91.107
47	-140.965	14	  90.432	  62.988	 -89.711
48	-139.840	13	 104.517	  62.096	 -81.329
49	-137.738	14	  80.099	   8.950	-112.415
50	-136.786	14	  87.450	  56.655	-101.412
51	-133.907	13	  83.007	  17.193	 -86.447
52	-131.051	12	  71.655	  11.713	 -86.486
53	-126.798	12	 119.552	  59.178	-105.652
54	-121.714	12	  65.397	  33.963	 -99.805
55	-121.427	12	  96.666	  46.497	-113.509
56	-111.656	11	  92.784	  47.958	 -82.183
57	-107.886	11	  72.861	  23.661	-123.628
58	-105.793	10	  98.575	  67.450	 -82.953
59	-105.177	11	 121.759	  48.399	-108.536
60	 -97.269	10	  77.508	  36.393	-123.599
61	 -97.211	9	 120.077	  48.895	 -86.461
62	 -96.183	9	 117.919	  50.117	-115.250
63	 -94.108	9	  78.985	  29.094	-125.847
64	 -93.536	9	  67.351	  17.246	 -89.598
65	 -89.276	9	 104.953	  33.353	 -94.573
66	 -86.583	8	 110.488	  43.407	 -84.182
67	 -78.897	8	  87.103	   9.394	-114.958
68	 -77.276	7	  94.377	  27.110	-111.809
69	 -69.158	7	  87.398	  28.209	 -84.642
70	 -64.044	6	  59.738	  27.326	-107.542
71	 -61.899	6	 116.857	  57.697	-117.241
72	 -39.335	4	 100.219	  67.632	-106.504
73	 -36.641	4	 111.946	  36.638	 -89.530
74	 -33.030	3	 118.823	  36.612	-104.526
75	 -29.864	3	 105.886	  53.549	-122.526
76	 -29.236	3	 119.260	  63.512	 -97.912
77	 -28.747	3	 112.486	  48.568	-121.211
78	 -22.398	2	  70.374	   9.826	-110.412
79	 -20.874	2	  92.661	  16.883	-122.526
80	 -20.031	2	  69.204	  40.331	-105.526
81	 -18.222	2	 104.703	  62.383	-114.525
82	 -16.664	1	 101.204	  40.883	 -92.526
83	 -10.203	1	 112.204	  66.883	-100.526
84	  -9.972	1	  84.204	  39.883	-126.526
85	  -9.436	1	  96.204	  31.883	-118.526
86	  -9.050	1	  84.204	  19.883	-111.526
87	  -9.037	1	 113.204	  29.883	-115.526
