1	-944.743	83	  23.202	   9.401	  21.096
2	-837.186	74	  26.580	  11.639	  28.857
3	-521.698	47	  16.906	  -1.970	  44.829
4	-506.216	46	  38.886	  -6.376	  29.950
5	-478.429	44	  31.668	   2.669	   6.926
6	-475.843	46	  31.159	  13.077	  11.706
7	-458.456	30	   6.386	  11.063	  30.228
8	-432.504	40	  -4.910	   8.355	  14.224
9	-385.752	38	  18.431	  16.045	  21.884
10	-359.755	33	  12.341	  18.368	  38.650
11	-350.942	34	  17.298	   0.346	   3.843
12	-342.722	31	  35.200	  -9.331	  16.962
13	-330.262	30	  12.253	  18.810	   7.210
14	-320.384	28	  15.076	  -7.040	  40.124
15	-310.939	30	  24.754	   5.359	   1.734
16	-293.353	28	  30.308	 -12.469	  33.305
17	-272.677	27	  37.308	  11.925	  36.611
18	-254.910	23	   6.302	  19.238	  16.977
19	-254.282	24	  43.775	   1.641	  19.621
20	-253.414	23	  22.628	 -15.685	  26.436
21	-253.099	23	  -1.690	  -0.452	  30.287
22	-252.620	22	  23.306	  17.468	  32.402
23	-235.330	22	   4.719	   1.617	  44.132
24	-231.763	23	   6.740	 -11.740	  32.986
25	-223.082	21	   8.266	  21.386	  30.737
26	-219.453	20	  27.480	 -16.000	  20.985
27	-212.173	20	  14.015	   6.556	  49.577
28	-209.284	19	  -5.193	  13.577	  23.326
29	-207.702	20	  23.580	   1.706	  47.587
30	-204.123	20	   0.669	   7.532	  39.676
31	-190.489	16	  16.238	  20.346	  28.286
32	-188.934	18	  15.159	 -16.819	  19.485
33	-174.791	16	  44.081	  10.156	  21.124
34	-163.204	16	   2.316	  -9.411	  23.864
35	-160.360	16	  40.212	  14.675	  29.036
36	-159.745	15	  36.414	   0.886	  47.482
37	-154.885	15	  12.367	  -9.543	  12.149
38	-152.634	14	   4.548	  -2.871	  11.465
39	-145.920	14	  21.485	  16.372	  42.400
40	-141.086	12	   6.467	   2.298	   5.828
41	-136.643	13	  46.314	   9.611	  28.957
42	-136.595	9	  16.686	   8.616	  40.214
43	-134.812	13	  29.275	  10.203	  48.906
44	-132.963	13	  36.639	  -3.661	  39.961
45	-121.706	12	   5.257	  10.390	   3.024
46	-112.233	11	   7.949	 -16.938	  25.533
47	-101.730	10	   8.037	  -4.963	  41.894
48	-101.016	10	  21.387	 -16.396	  11.938
49	-100.596	10	  -3.502	  -3.652	  20.759
50	 -78.319	8	  44.900	   5.117	  42.265
51	 -77.815	8	   1.414	  -6.129	  35.025
52	 -73.156	7	  20.714	 -12.970	  38.997
53	 -73.021	7	  29.277	  -9.549	   9.310
54	 -70.975	7	   1.471	  19.451	  23.773
55	 -68.498	7	  26.299	  -5.770	  45.542
56	 -65.351	6	  35.420	   9.907	  44.388
57	 -62.704	6	  -1.678	  15.116	  31.558
58	 -47.900	5	  34.032	 -16.395	  26.183
59	 -44.171	4	  39.538	  15.139	  16.906
60	 -30.307	3	  19.279	  11.296	  50.526
61	 -29.763	3	  44.923	  -0.395	  31.525
62	 -28.132	3	  15.974	 -16.377	  32.227
63	 -19.320	2	   4.804	  16.703	  39.245
64	 -18.484	2	  21.779	  16.605	   2.868
