1	-922.559	80	   5.021	  42.606	   9.909
2	-732.859	63	  22.681	  57.705	  20.995
3	-685.555	62	  29.065	  51.762	   6.484
4	-662.625	55	  23.963	  59.679	  -0.650
5	-510.473	48	  -8.735	  56.443	  14.818
6	-453.229	36	   1.996	  39.101	  23.999
7	-378.982	35	  17.072	  61.563	  26.993
8	-331.738	31	  18.853	  55.143	  31.297
9	-327.606	31	  16.133	  65.412	  -5.273
10	-308.245	30	  24.914	  53.646	  -7.454
11	-300.536	27	   3.518	  60.684	  32.548
12	-263.833	23	  14.907	  74.359	   8.603
13	-262.364	25	  12.920	  72.655	  20.034
14	-250.183	22	  11.454	  41.355	  -4.081
15	-246.672	23	  20.325	  72.894	  18.843
16	-246.046	22	   8.183	  75.938	   4.873
17	-239.000	24	  24.876	  40.245	  -0.151
18	-228.257	21	  15.858	  33.446	  11.600
19	-225.941	20	  23.991	  47.785	  23.206
20	-215.143	18	   8.743	  51.184	  34.723
21	-197.315	18	  26.451	  39.953	  14.817
22	-195.822	18	  -4.623	  66.463	  16.566
23	-182.914	18	  27.642	  52.454	  18.499
24	-181.046	17	   0.431	  68.073	  22.152
25	-167.601	16	   5.917	  41.391	  32.605
26	-161.975	16	  -3.245	  57.081	  -7.953
27	-148.093	14	  -7.471	  61.532	   0.397
28	-142.796	14	  -1.774	  71.555	   1.942
29	-129.397	13	   1.163	  68.736	  -4.751
30	-123.143	12	   3.917	  73.763	  14.671
31	-119.949	12	   0.364	  42.296	   1.164
32	-115.876	11	   5.298	  54.600	 -11.627
33	-115.482	7	  23.582	  55.244	  10.094
34	-115.151	11	  -1.660	  45.012	  32.972
35	-101.124	10	  31.156	  60.093	   8.807
36	 -91.648	9	  25.298	  69.110	   8.548
37	 -90.463	9	  17.960	  46.810	  -9.497
38	 -88.740	8	  -9.049	  51.466	   1.959
39	 -87.133	8	   8.189	  63.090	 -10.526
40	 -81.530	8	  -5.406	  51.130	  30.509
41	 -78.816	8	  -6.827	  46.606	  15.496
42	 -65.242	6	  -4.875	  59.867	  24.392
43	 -62.923	6	  -6.055	  44.348	  23.278
44	 -62.640	6	   0.122	  54.156	  35.609
45	 -51.760	5	  14.074	  45.104	  31.099
46	 -47.827	5	   3.467	  44.470	  -9.355
47	 -47.549	5	  19.046	  37.830	  25.087
48	 -41.568	4	   9.941	  69.471	  27.304
49	 -41.212	4	  -7.999	  66.989	   8.285
50	 -33.014	2	  16.270	  66.014	   9.885
51	 -31.382	3	  14.270	  54.962	 -12.723
52	 -30.377	2	   0.270	  53.511	  -1.723
53	 -29.615	3	  12.264	  58.048	  34.580
54	 -28.922	3	  11.312	  71.014	  -6.036
55	 -19.740	2	  28.270	  66.509	  21.277
56	 -19.515	2	   8.812	  31.556	  13.110
57	 -18.440	2	  12.337	  32.531	  22.760
