1	-1693.766	151	  23.076	  10.620	  23.440
2	-661.268	58	  16.643	  -4.922	  41.886
3	-571.452	53	  25.995	  14.199	  13.236
4	-493.750	44	  30.721	  12.973	  31.128
5	-478.686	44	  31.491	   2.316	   6.672
6	-398.386	26	   6.550	  10.888	  30.454
7	-388.347	35	  -5.060	   8.043	  14.594
8	-375.914	32	  16.391	  20.161	  26.635
9	-369.859	34	  30.561	 -11.917	  34.423
10	-366.876	36	   5.574	   1.045	  44.531
11	-362.147	33	  35.686	  -9.355	  17.580
12	-360.115	33	  40.570	  -4.130	  28.481
13	-339.663	32	  16.984	  -0.946	   4.459
14	-322.344	31	  34.551	  11.222	  10.431
15	-315.187	31	  23.235	   5.415	   1.809
16	-300.722	27	  15.089	   0.620	  46.608
17	-290.391	27	  36.543	  -4.819	  37.152
18	-287.734	26	  12.376	  18.779	   7.850
19	-274.844	25	  12.534	  18.645	  38.374
20	-271.013	25	  23.089	 -15.797	  27.001
21	-251.258	23	  -1.631	  -0.097	  30.802
22	-230.081	21	  28.588	 -16.113	  22.276
23	-224.742	21	  -5.361	  13.297	  23.423
24	-223.900	21	  14.956	 -16.903	  20.332
25	-223.248	22	   1.176	  -7.888	  23.201
26	-220.299	22	  22.856	  16.827	  42.780
27	-209.120	20	   0.727	   7.617	  39.780
28	-208.729	20	  44.101	   1.974	  19.251
29	-196.748	18	  36.956	   2.138	  47.760
30	-191.111	18	   4.280	  -3.436	  11.818
31	-185.144	15	   6.366	   2.067	   6.096
32	-184.725	17	  24.186	   2.476	  47.802
33	-182.725	17	   6.643	  19.725	  18.461
34	-179.755	18	   3.339	  -7.668	  34.786
35	-167.826	16	  44.236	  10.180	  20.856
36	-159.411	15	  16.639	   8.582	  50.380
37	-155.494	15	  40.294	  12.362	  37.213
38	-155.367	15	  46.566	   9.988	  28.834
39	-145.355	14	  13.131	 -10.435	  12.352
40	-143.702	14	  29.469	  11.127	  48.974
41	-134.218	12	  23.514	  18.744	  31.239
42	-110.653	11	   8.102	 -16.946	  26.617
43	-110.318	11	   1.900	  19.514	  23.282
44	-109.331	11	   9.244	 -13.601	  33.886
45	-109.317	11	  -1.468	  15.385	  30.992
46	-106.361	7	  16.931	   9.450	  39.718
47	-101.373	10	  38.597	  14.665	  28.675
48	 -99.812	10	  28.823	 -10.502	  10.212
49	 -86.075	9	  26.063	  16.700	   5.470
50	 -81.976	8	   7.380	  20.914	  30.459
51	 -78.392	8	  -5.292	  -2.328	  21.078
52	 -74.672	7	  21.889	 -12.436	  39.707
53	 -71.773	7	  21.605	 -16.827	  13.220
54	 -63.372	6	  35.579	  11.021	  44.300
55	 -60.822	6	   3.397	  12.606	   6.233
56	 -57.546	6	  38.377	 -13.347	  30.757
57	 -49.439	5	   8.344	   8.093	  -0.103
58	 -41.099	4	  15.427	 -16.545	  32.122
59	 -38.193	4	  25.934	  -5.839	  45.577
60	 -29.831	3	  42.969	   6.050	  44.844
61	 -28.334	3	  10.095	  12.690	  49.088
62	 -20.743	2	  38.973	  18.139	  19.088
63	 -18.387	2	  47.423	   8.705	  38.596
64	 -15.219	1	  11.423	   4.689	  12.088
65	 -12.632	1	  32.423	  16.689	  23.088
66	 -10.362	1	   4.423	  12.689	  16.088
67	  -9.750	1	  26.423	   7.689	   9.088
68	  -9.365	1	   4.423	   4.689	  25.088
