1	-1251.738	110	  22.231	  10.659	  21.382
2	-587.371	53	  24.528	  11.314	  28.087
3	-518.950	47	  38.473	  -5.758	  30.328
4	-495.100	47	  31.427	  12.960	  11.553
5	-463.507	42	  31.684	   2.975	   7.054
6	-454.582	39	  13.662	  -5.809	  40.360
7	-404.579	38	  -4.877	   8.676	  14.496
8	-403.986	37	  17.012	  -1.480	  45.337
9	-394.843	39	  24.122	   5.173	   2.001
10	-378.483	24	   6.280	  11.026	  30.208
11	-376.231	33	  31.634	  12.973	  31.998
12	-365.482	34	  30.280	 -12.252	  33.953
13	-348.653	33	  16.696	   0.226	   4.180
14	-326.154	31	  14.860	   8.695	  49.895
15	-321.076	30	  11.619	  18.384	   6.756
16	-315.568	31	   5.158	   0.377	  43.829
17	-312.232	28	  35.397	  -9.002	  16.974
18	-285.241	27	  -4.875	  13.690	  24.120
19	-264.722	24	  22.594	 -15.657	  26.641
20	-262.272	23	  11.473	  18.401	  38.241
21	-260.044	26	   6.738	 -11.619	  33.150
22	-258.571	23	   6.693	  19.386	  18.063
23	-251.096	23	  -1.648	  -0.418	  30.431
24	-230.124	21	  27.915	 -15.958	  21.629
25	-220.714	20	  21.611	  17.635	  34.946
26	-218.825	21	   0.799	   8.053	  39.643
27	-218.400	21	  37.901	  10.832	  40.168
28	-197.191	18	  16.603	  20.344	  25.892
29	-191.301	18	  23.425	   1.825	  47.433
30	-190.438	18	  36.140	   0.709	  47.758
31	-187.962	18	  15.219	 -16.865	  19.576
32	-183.263	18	  21.248	  16.802	  43.054
33	-172.602	16	  43.836	   1.249	  20.814
34	-165.223	16	  12.180	  -9.303	  12.381
35	-159.317	15	   4.519	  -2.837	  11.564
36	-153.258	14	  43.967	  10.320	  21.448
37	-152.480	13	   6.730	   2.193	   5.979
38	-144.555	9	  16.773	   9.117	  39.906
39	-143.642	14	  36.616	  -3.605	  40.167
40	-137.717	13	   7.726	  21.069	  30.521
41	-137.106	13	  46.213	   9.858	  29.147
42	-134.092	13	   8.114	 -16.999	  25.725
43	-131.771	13	  -3.562	  -3.571	  20.924
44	-131.619	13	  29.622	  10.457	  48.558
45	-131.293	13	  38.805	  14.639	  28.920
46	-121.690	12	   1.489	  -8.263	  24.031
47	-119.611	12	   5.197	  10.451	   3.162
48	 -97.068	10	   1.649	  -6.234	  35.141
49	 -95.995	9	  21.268	 -16.327	  12.149
50	 -92.242	8	   8.329	 -14.161	  18.563
51	 -81.617	8	  -1.269	  15.060	  32.214
52	 -72.549	7	  28.964	  -9.993	   9.431
53	 -71.638	7	  39.397	  15.114	  16.494
54	 -69.498	7	  26.256	  -6.369	  45.409
55	 -66.168	6	   1.807	  19.656	  23.500
56	 -65.901	6	  20.877	 -12.837	  39.151
57	 -59.838	6	  44.563	   5.154	  43.004
58	 -46.475	5	  38.196	 -13.363	  30.010
59	 -32.321	3	  16.232	  20.309	  17.663
60	 -31.096	3	  19.549	  19.966	   6.320
61	 -29.252	3	  44.873	  -0.336	  32.314
62	 -28.821	3	  14.508	 -17.014	  30.957
63	 -19.150	2	  -1.768	  15.664	  13.483
64	  -9.850	1	  32.232	  16.664	  24.003
65	  -9.612	1	  21.232	  -8.336	   5.003
66	  -9.513	1	  -1.768	   0.664	   7.003
67	  -9.048	1	  -7.768	   1.664	  12.003
