1	-1015.422	84	  58.716	  40.900	  16.753
2	-603.397	54	  80.455	  25.607	  13.212
3	-524.977	49	  52.844	  50.315	   2.257
4	-503.288	44	  69.045	  62.704	  17.522
5	-500.906	43	  47.822	  64.919	  15.644
6	-413.369	38	  48.304	  40.163	   6.341
7	-370.130	33	  64.641	  33.618	  20.457
8	-367.935	34	  58.764	  40.602	   3.530
9	-338.112	30	  70.021	  38.964	   0.411
10	-331.439	29	  75.901	  53.524	  12.446
11	-328.576	30	  83.356	  46.430	   9.345
12	-286.354	28	  70.308	  28.208	  10.981
13	-285.404	28	  64.360	  43.245	  31.462
14	-274.295	27	  51.443	  51.585	  35.889
15	-269.265	24	  66.746	  60.040	  26.094
16	-265.492	18	  73.001	  53.956	  19.783
17	-259.056	25	  88.894	  40.007	  15.335
18	-258.273	25	  48.043	  38.638	  23.107
19	-256.309	24	  43.380	  56.474	  12.882
20	-252.204	20	  66.782	  64.014	   5.753
21	-243.062	22	  42.000	  47.329	  25.245
22	-221.498	20	  70.699	  47.297	  29.507
23	-212.369	20	  42.603	  64.711	  25.570
24	-197.714	20	  87.384	  35.579	   7.090
25	-190.670	18	  53.130	  34.165	  10.387
26	-188.038	18	  75.195	  25.784	  24.919
27	-187.574	17	  42.479	  58.941	  19.324
28	-176.978	17	  66.678	  30.406	  30.306
29	-167.510	16	  85.780	  44.859	  23.744
30	-155.451	9	  50.963	  48.830	  13.759
31	-153.000	16	  58.555	  70.893	  11.030
32	-149.051	12	  81.231	  38.576	  27.524
33	-147.372	14	  89.654	  31.070	  22.754
34	-140.558	13	  40.426	  46.381	   7.285
35	-137.203	12	  74.597	  34.273	   2.808
36	-131.635	13	  50.804	  62.911	   0.630
37	-126.683	12	  55.253	  70.621	  29.641
38	-119.528	11	  60.050	  63.226	  33.332
39	-110.415	11	  61.090	  53.863	  34.199
40	-109.922	11	  43.292	  57.207	   2.461
41	-103.385	10	  41.549	  37.628	  10.537
42	 -97.539	10	  52.280	  61.206	  35.911
43	 -96.108	10	  82.004	  29.642	   2.552
44	 -85.648	8	  45.719	  57.426	  34.547
45	 -82.712	8	  89.650	  25.059	  16.847
46	 -80.125	7	  74.724	  36.712	  31.821
47	 -79.813	8	  71.631	  50.171	   0.787
48	 -78.651	8	  58.112	  37.540	  28.065
49	 -66.804	6	  61.309	  67.243	  22.668
50	 -66.238	7	  80.814	  42.241	   1.336
51	 -60.729	6	  67.336	  57.141	   1.031
52	 -56.782	6	  58.566	  62.143	  -1.262
53	 -47.294	5	  55.347	  72.450	  20.060
54	 -39.291	4	  51.242	  69.171	   8.076
55	 -38.548	4	  80.921	  53.418	  20.955
56	 -37.424	4	  63.236	  70.410	   4.080
57	 -30.522	3	  62.426	  47.974	  -4.940
58	 -28.548	3	  78.428	  48.623	  28.743
59	 -28.524	3	  47.730	  71.318	  22.391
60	 -28.335	3	  50.386	  31.321	  17.389
61	 -28.131	3	  60.720	  39.996	  -4.593
62	 -21.778	2	  41.725	  41.654	  18.523
63	 -19.174	2	  43.259	  44.654	  -2.940
64	 -18.371	2	  47.725	  54.129	  -4.448
65	 -12.257	1	  59.725	  62.654	  12.060
66	  -9.647	1	  82.725	  21.654	  20.060
