1	-1083.785	94	  37.031	  76.628	  58.160
2	-613.606	53	  14.689	  89.606	  71.440
3	-575.345	49	  41.651	  48.136	  52.818
4	-554.793	53	  20.269	  80.989	  75.405
5	-537.968	49	  32.391	  53.764	  51.836
6	-491.718	47	  41.290	  56.744	  65.057
7	-471.885	42	  21.678	  84.328	  66.367
8	-467.090	42	  39.622	  57.939	  55.997
9	-464.213	41	  39.801	  70.812	  70.963
10	-444.094	39	  25.915	  73.298	  49.690
11	-435.534	38	  48.182	  54.772	  33.664
12	-430.018	40	  16.026	  81.811	  59.562
13	-415.105	37	  23.888	  93.004	  89.306
14	-375.456	34	  39.781	  65.214	  34.252
15	-354.577	32	  30.733	 102.383	  79.794
16	-321.126	31	  42.333	  83.983	  71.791
17	-315.691	28	  39.147	  93.562	  78.238
18	-302.448	27	  36.076	  46.697	  34.528
19	-295.193	27	  36.944	  90.983	  57.923
20	-278.813	26	  37.782	  79.192	  50.947
21	-264.047	24	  51.065	  72.717	  48.508
22	-263.921	26	  24.293	  75.149	  81.932
23	-263.343	24	  33.480	  64.366	  77.635
24	-258.608	25	  36.406	  75.801	  43.575
25	-237.473	22	  25.535	  83.947	  89.175
26	-236.962	23	  19.718	  89.165	  52.064
27	-230.633	21	  20.168	  62.422	  66.364
28	-228.912	21	  52.663	  55.058	  61.011
29	-222.478	21	  21.916	 103.643	  83.893
30	-211.773	19	  16.925	  94.622	  57.151
31	-210.074	20	   5.998	  95.557	  67.946
32	-207.311	21	  26.353	 107.731	  66.210
33	-202.085	20	  10.718	  99.693	  85.744
34	-195.980	19	  46.384	  47.162	  60.024
35	-188.675	18	  46.230	  45.680	  33.355
36	-187.339	19	  23.137	  55.608	  48.451
37	-183.670	17	  16.914	  65.169	  50.765
38	-180.463	18	  43.962	  36.407	  39.731
39	-173.059	17	  50.307	  61.338	  65.188
40	-150.053	15	  48.435	  73.147	  55.578
41	-149.242	14	  57.554	  46.005	  55.630
42	-148.468	14	  28.500	  52.062	  39.479
43	-147.085	14	  16.131	  72.411	  50.044
44	-135.165	13	  51.080	  39.632	  56.457
45	-134.833	13	  36.204	 100.826	  62.062
46	-132.756	12	  57.920	  65.706	  42.582
47	-131.429	13	  59.349	  55.831	  42.507
48	-127.740	10	   9.459	  82.874	  74.429
49	-123.428	12	  18.432	 108.767	  75.764
50	-122.582	12	  11.517	 102.736	  62.567
51	-121.930	11	   5.046	  93.340	  81.291
52	-114.381	11	  51.223	  63.552	  34.626
53	-107.292	10	  34.730	  76.395	  81.391
54	-106.452	10	  40.805	  34.730	  50.691
55	-106.334	7	  23.443	  85.049	  80.342
56	-104.709	10	  35.964	  44.930	  57.565
57	-103.235	10	  37.785	  57.647	  31.194
58	-101.733	8	  33.625	  53.277	  44.664
59	-101.046	10	  34.724	  84.085	  83.399
60	-101.013	9	  41.626	  84.684	  61.321
61	 -93.066	9	  34.258	  69.888	  39.756
62	 -90.782	9	  55.781	  45.025	  38.399
63	 -90.541	9	  25.283	  47.321	  35.195
64	 -88.759	9	  10.997	  87.340	  92.913
65	 -88.684	8	  36.690	 102.760	  73.840
66	 -87.496	9	  29.593	  53.729	  70.390
67	 -86.977	8	  24.273	  63.485	  42.633
68	 -80.266	8	  30.542	  35.058	  41.872
69	 -76.422	6	  17.236	  62.866	  59.558
70	 -71.827	6	  24.249	  62.539	  73.275
71	 -68.428	7	  30.540	  62.009	  37.245
72	 -67.542	7	  20.892	  79.123	  49.688
73	 -59.723	6	  51.907	  36.034	  42.124
74	 -57.165	6	   6.505	 103.141	  79.236
75	 -50.169	5	  57.479	  67.902	  56.495
76	 -49.491	5	   9.707	  89.616	  61.120
77	 -48.018	5	  17.104	  54.381	  56.964
78	 -47.351	5	  58.906	  47.175	  46.783
79	 -47.017	5	  48.320	  73.748	  40.126
80	 -40.683	4	  29.364	  96.925	  53.222
81	 -38.767	4	  60.424	  58.337	  52.743
82	 -38.759	4	  12.433	  68.445	  64.187
83	 -38.567	4	  23.954	  94.925	  97.454
84	 -37.371	4	  58.207	  39.190	  45.951
85	 -29.364	3	  15.375	 106.857	  67.672
86	 -29.002	3	   3.636	  88.163	  71.021
87	 -28.701	3	  24.711	  39.508	  33.937
88	 -28.535	3	  17.672	  67.185	  76.211
89	 -28.423	3	   8.701	  73.192	  58.615
90	 -27.735	3	  13.370	  76.509	  87.622
91	 -21.690	2	  52.230	  70.178	  62.369
92	 -21.557	2	  42.701	  96.178	  67.430
93	 -19.934	2	  11.187	 109.178	  79.956
94	 -18.593	2	  23.203	  41.671	  45.970
95	 -18.287	2	  17.210	  87.232	  98.465
96	 -18.222	2	  29.202	  90.179	 101.455
97	 -12.982	1	  37.701	  68.178	  63.956
98	  -9.983	1	  35.701	  96.178	  84.956
99	  -9.911	1	  27.701	  92.178	  80.956
100	  -9.511	1	  27.701	  88.178	  48.956
101	  -9.070	1	  34.701	  36.178	  59.956
