1	-1037.311	89	  36.705	  76.613	  57.938
2	-546.065	51	  32.101	  53.567	  51.730
3	-525.499	50	  19.813	  80.715	  75.478
4	-502.308	46	  21.551	  84.380	  66.507
5	-478.436	44	  40.856	  56.919	  64.932
6	-474.025	39	  14.716	  89.601	  72.691
7	-470.709	42	  48.284	  54.596	  33.630
8	-446.089	35	  41.227	  47.857	  52.072
9	-436.220	41	  15.662	  81.545	  59.048
10	-418.247	37	  39.603	  57.607	  55.893
11	-415.995	38	  40.321	  70.505	  70.751
12	-405.035	36	  29.751	 102.842	  79.567
13	-383.829	35	  23.569	  93.483	  89.522
14	-336.589	32	  16.195	  68.418	  50.728
15	-334.226	30	  39.630	  65.145	  34.121
16	-331.110	30	  24.555	  76.079	  49.574
17	-329.702	31	  19.281	  89.155	  52.637
18	-316.452	28	  39.067	  93.254	  78.218
19	-315.642	28	  48.991	  73.256	  52.172
20	-315.517	29	  37.878	  94.957	  60.256
21	-311.827	29	  33.564	  64.386	  77.453
22	-303.593	27	  35.956	  46.445	  34.383
23	-295.760	29	  24.421	  75.878	  82.400
24	-295.356	28	  42.200	  83.988	  71.995
25	-256.077	25	  36.350	  75.852	  43.238
26	-251.183	24	  56.495	  67.275	  44.088
27	-250.116	24	  15.676	  93.956	  56.375
28	-242.952	22	  20.186	  62.743	  66.758
29	-236.631	22	  25.973	  85.244	  89.000
30	-226.698	21	  45.175	  49.273	  58.444
31	-224.586	21	  26.961	  50.435	  38.458
32	-194.258	19	  23.889	  55.246	  48.046
33	-187.863	17	  21.507	 103.109	  84.664
34	-187.673	17	  52.707	  54.658	  61.328
35	-183.233	18	  49.976	  40.936	  57.281
36	-181.982	18	  43.876	  36.567	  39.559
37	-179.758	17	  46.134	  45.473	  33.221
38	-175.987	17	  10.659	  99.767	  85.813
39	-173.497	17	  50.052	  60.867	  64.942
40	-171.221	16	  57.106	  45.946	  55.530
41	-170.755	15	   9.592	  82.852	  74.649
42	-155.581	15	  11.074	 102.219	  62.565
43	-150.975	15	  59.131	  56.136	  42.282
44	-148.608	13	  34.045	  81.515	  50.659
45	-148.287	14	   6.029	  95.809	  68.117
46	-133.671	13	  18.627	 108.797	  75.722
47	-132.052	13	  25.325	 107.829	  67.364
48	-128.470	12	  41.544	  77.208	  49.722
49	-120.034	11	  41.097	  83.642	  60.764
50	-115.879	10	  26.561	  69.762	  49.678
51	-115.692	12	  37.735	  57.816	  30.792
52	-115.058	11	  34.035	  89.492	  55.526
53	-108.325	10	  36.835	 102.647	  73.593
54	-106.209	10	  34.612	  76.404	  81.292
55	-103.453	10	  51.127	  63.866	  34.690
56	 -97.062	10	  30.080	  53.676	  70.553
57	 -94.997	9	  40.656	  34.673	  50.715
58	 -94.499	9	   4.924	  92.823	  81.524
59	 -92.826	9	  55.463	  44.843	  38.131
60	 -91.347	9	  34.794	  84.072	  83.058
61	 -90.420	8	  24.226	  62.597	  73.212
62	 -83.847	7	  16.934	  62.799	  59.407
63	 -82.264	8	  30.473	  35.040	  41.788
64	 -80.968	6	  23.919	  85.171	  80.459
65	 -78.280	8	  11.442	  89.074	  63.215
66	 -77.691	8	  30.200	  61.809	  37.126
67	 -77.544	7	  24.282	  63.482	  42.451
68	 -74.145	7	  34.298	  69.959	  39.601
69	 -71.885	7	  36.709	  44.583	  58.255
70	 -67.001	7	   8.053	 104.800	  80.010
71	 -59.648	6	  43.670	  95.400	  68.628
72	 -50.455	5	  57.368	  67.894	  56.468
73	 -50.221	5	  51.643	  70.740	  62.214
74	 -49.597	4	  33.914	  53.175	  44.136
75	 -49.564	5	  27.392	 104.868	  58.770
76	 -47.277	5	  11.581	  88.044	  93.657
77	 -47.126	5	  61.729	  60.458	  48.963
78	 -38.407	4	  27.344	  88.986	 101.666
79	 -37.980	4	  49.792	  72.715	  41.107
80	 -34.605	3	  35.419	 104.756	  64.868
81	 -30.987	3	  52.586	  36.210	  41.557
82	 -30.974	3	  23.940	  94.817	  96.830
83	 -30.582	3	  12.230	  68.823	  63.868
84	 -29.987	3	  15.573	 106.854	  67.862
85	 -29.930	3	  28.132	  96.844	  53.191
86	 -29.013	3	   9.224	  74.157	  58.217
87	 -28.068	3	  16.932	  96.825	  93.187
88	 -27.559	3	   6.894	 106.179	  73.538
89	 -27.447	3	  58.573	  47.841	  45.540
90	 -27.003	3	  14.243	  77.516	  89.528
91	 -19.190	2	  17.039	  54.718	  57.469
92	 -19.127	2	  59.573	  55.184	  54.347
93	 -19.045	1	  32.573	  70.184	  70.868
94	 -13.275	1	  37.573	  68.184	  63.868
95	 -10.601	1	  19.573	 103.184	  58.868
96	  -9.390	1	  57.573	  38.184	  47.868
97	  -9.339	1	  17.573	  90.184	  98.868
98	  -9.280	1	   1.573	  87.184	  72.868
99	  -9.254	1	  24.573	  40.184	  31.868
100	  -9.085	1	  27.573	  88.184	  48.868
