1	-1858.648	137	 132.458	  63.751	  13.255
2	-1509.245	113	 134.084	  81.580	  25.993
3	-1411.624	103	 132.039	  57.807	  -7.243
4	-1402.859	114	 140.606	  89.969	  11.450
5	-1277.679	96	  69.301	  45.482	  13.664
6	-1164.645	94	 129.120	  75.460	 -11.129
7	-1162.461	94	 121.989	  59.115	  -6.673
8	-1162.418	95	 144.423	  79.102	  26.145
9	-1106.549	89	  68.406	  43.674	  23.708
10	-1098.436	81	 125.701	  70.805	  11.298
11	-1001.630	80	 155.653	  69.453	  -4.032
12	-997.407	89	  52.359	  64.514	   9.234
13	-971.552	71	 140.171	  65.470	  10.461
14	-952.606	65	 135.433	  83.812	  -1.253
15	-940.983	84	 121.213	  66.410	  -6.551
16	-928.857	80	 142.540	  83.381	  -4.289
17	-917.965	82	 146.697	  80.565	  19.453
18	-876.848	68	 113.559	  87.730	  10.459
19	-873.836	65	 148.622	  57.198	 -10.297
20	-839.525	63	 118.872	  88.061	  25.018
21	-838.667	68	  57.844	  55.429	  21.787
22	-768.301	69	  63.965	  48.099	  27.504
23	-761.712	55	  66.194	  48.607	   5.593
24	-741.657	61	 149.787	  65.020	  10.798
25	-729.496	66	 127.442	  89.593	  -0.825
26	-719.560	59	  69.344	  67.311	  -0.650
27	-714.362	53	  69.243	  52.165	  -1.558
28	-706.761	57	 116.024	  70.314	   9.576
29	-704.406	52	 139.521	  58.223	 -11.506
30	-696.066	61	  74.713	  61.224	  10.398
31	-682.982	56	  80.625	  25.107	  20.086
32	-662.100	49	 127.433	  87.791	  25.781
33	-645.792	41	  66.295	  51.135	  17.358
34	-630.234	51	  75.460	  53.357	  38.381
35	-621.026	55	  78.228	  46.418	   2.403
36	-613.094	58	  63.597	  33.350	  -2.335
37	-602.366	48	 119.810	  37.336	  -2.682
38	-587.531	56	  51.761	  66.985	   1.764
39	-551.207	47	  82.409	  55.351	  22.456
40	-549.559	52	 155.117	  77.155	   1.129
41	-549.156	48	 120.179	  77.535	  30.395
42	-548.765	50	 135.192	  54.628	  20.911
43	-543.178	50	 163.927	  59.738	  -6.520
44	-535.756	50	 140.461	  44.592	 -22.417
45	-519.694	46	 120.245	 104.563	   9.523
46	-517.961	45	 144.268	  49.941	  -3.345
47	-516.404	50	 126.020	  93.394	  42.008
48	-502.289	46	 126.789	  54.904	  19.393
49	-495.217	44	 151.986	  45.364	 -20.305
50	-489.398	43	 115.268	  94.495	  38.878
51	-481.877	42	  66.134	  40.615	 -11.737
52	-469.314	36	 140.627	  67.597	  44.885
53	-462.754	40	 114.524	  48.441	  -6.237
54	-453.715	42	  73.256	  62.128	 -12.889
55	-447.932	36	  77.616	  57.971	  30.425
56	-427.840	40	 116.033	  82.494	  -0.262
57	-426.540	27	 130.200	  78.236	   6.500
58	-424.409	37	 149.088	  74.112	  37.231
59	-423.336	36	 134.800	  98.168	  17.610
60	-414.651	38	  61.606	  69.535	  21.547
61	-411.138	40	  87.254	  38.178	   5.299
62	-409.192	33	  53.292	  56.901	   7.046
63	-407.906	37	 143.464	  87.408	  42.760
64	-407.873	27	 131.961	  65.840	  -6.663
65	-398.459	26	 136.153	  83.165	  18.623
66	-386.556	26	 138.448	  74.487	   2.771
67	-370.373	35	  55.970	  33.755	 -10.746
68	-369.588	35	 155.382	  76.039	 -23.073
69	-368.916	33	 128.143	 106.865	  11.229
70	-362.916	32	 165.738	  69.148	 -17.216
71	-359.901	34	  97.789	  36.839	  28.052
72	-345.986	34	 139.943	  41.951	   1.232
73	-345.641	31	 122.035	  46.476	 -20.244
74	-341.022	32	 121.378	  37.914	  17.475
75	-337.881	32	  62.209	  27.045	  15.348
76	-334.718	31	 133.937	  76.539	  46.992
77	-328.779	29	  63.183	  37.677	  27.416
78	-327.910	32	  70.406	  65.288	  39.408
79	-327.560	30	 137.638	  49.983	  37.466
80	-319.314	30	  70.429	  66.352	  17.870
81	-319.225	28	 106.562	 102.212	  13.253
82	-314.186	29	 145.482	  77.657	 -15.994
83	-312.368	31	 122.652	  68.537	  39.173
84	-307.980	30	 157.541	  53.188	 -27.595
85	-302.415	29	 118.364	 113.192	  16.723
86	-293.868	29	  75.586	  26.022	   9.340
87	-289.086	26	 152.101	  73.865	  25.150
88	-277.349	28	 116.748	  72.033	  18.634
89	-275.535	25	 119.710	  59.938	  20.005
90	-275.512	24	 148.020	  94.460	  31.579
91	-272.229	24	 113.510	  60.121	  -2.514
92	-266.057	23	  55.119	  63.383	  20.934
93	-255.148	24	  62.921	  59.195	  40.869
94	-252.789	21	  59.771	  67.537	 -13.645
95	-249.878	24	  48.547	  65.286	  -6.084
96	-247.447	20	  71.398	  32.003	  26.868
97	-246.467	22	  69.777	  40.329	  33.131
98	-242.317	23	  56.893	  46.618	 -15.873
99	-236.676	23	 123.104	 104.679	  41.070
100	-234.149	23	 126.778	 107.275	  35.277
101	-233.147	23	 127.086	  36.804	  -9.534
102	-230.596	21	  52.643	  51.444	  14.022
103	-230.526	22	 109.543	  85.565	  30.718
104	-228.366	22	 112.728	 105.445	  32.513
105	-227.675	22	 163.522	  64.858	 -25.752
106	-224.645	22	 146.905	  48.845	 -31.821
107	-222.053	21	 109.456	 108.389	  20.199
108	-221.327	20	 126.057	  98.568	   4.342
109	-216.878	21	 112.981	  44.800	  10.923
110	-216.832	19	 157.850	  69.327	  27.947
111	-216.609	20	  92.699	  48.369	  26.693
112	-216.182	20	  54.475	  44.247	  26.538
113	-214.135	20	  54.756	  61.100	 -16.256
114	-208.503	21	 127.616	  53.749	  31.158
115	-206.034	20	 143.722	  56.510	 -32.917
116	-205.923	19	 115.449	  36.968	   7.526
117	-201.408	20	 112.196	  80.325	  15.897
118	-200.673	19	 155.722	  66.912	   4.587
119	-198.214	18	 106.894	  56.805	  -0.825
120	-195.504	19	 156.368	  49.030	  -7.691
121	-193.952	18	 106.706	  86.660	  16.896
122	-192.855	18	 159.845	  77.044	 -12.414
123	-192.742	19	  87.780	  57.652	  14.470
124	-190.845	18	  89.370	  32.528	  32.203
125	-189.876	18	  52.921	  61.133	  27.924
126	-184.495	18	 113.379	  93.118	   3.583
127	-176.545	15	 135.933	  69.653	 -19.281
128	-176.543	17	 151.765	  88.767	  24.086
129	-176.378	17	  76.218	  50.010	  -9.831
130	-174.830	17	 145.967	  91.851	   4.901
131	-172.454	17	 147.207	  56.660	  35.388
132	-168.800	16	  97.567	  40.452	  15.475
133	-167.988	14	 142.586	  55.094	  14.828
134	-161.464	16	 158.013	  70.306	 -30.246
135	-159.853	16	  75.376	  35.936	  -0.361
136	-157.203	15	  46.187	  59.064	 -10.736
137	-154.605	15	 132.366	  41.855	  16.628
138	-154.123	14	  71.569	  34.110	  36.758
139	-152.097	14	 121.207	  58.349	 -23.620
140	-148.947	10	 126.070	  64.603	  16.004
141	-147.626	14	  49.732	  40.912	  -6.147
142	-147.598	15	  48.112	  51.886	 -13.478
143	-146.311	15	 128.524	  40.009	 -19.284
144	-146.179	14	 134.124	  97.819	   6.246
145	-144.290	14	  57.960	  71.544	  -5.712
146	-143.804	14	  81.538	  33.683	  38.409
147	-142.208	14	  67.233	  25.500	   7.995
148	-141.857	14	 135.514	  58.946	 -27.431
149	-139.618	14	 125.173	  71.758	 -18.957
150	-137.441	13	 117.339	  65.198	 -16.579
151	-136.295	14	 145.495	  95.485	  18.140
152	-135.392	13	  65.164	  74.609	   0.053
153	-133.587	13	 122.350	  82.325	  40.193
154	-130.663	13	 141.293	  41.774	 -10.360
155	-130.394	10	 140.506	  66.158	   3.164
156	-128.247	8	 140.018	  63.286	  20.225
157	-127.988	13	 147.475	  87.913	  -1.125
158	-126.158	12	 158.027	  73.377	  16.948
159	-125.088	12	 108.530	  68.976	   0.340
160	-122.987	12	 107.257	  51.573	   8.620
161	-122.667	12	  89.695	  26.502	  26.638
162	-122.335	12	 156.487	  74.730	   9.841
163	-121.746	12	 117.217	  65.805	  27.757
164	-118.868	12	 127.193	  32.562	  -1.110
165	-118.583	12	 135.020	  84.728	  47.085
166	-118.478	11	  49.090	  44.278	   2.046
167	-117.822	12	  50.509	  44.378	  14.182
168	-117.207	11	 145.239	  48.406	   9.623
169	-116.690	11	  70.673	  46.442	 -14.543
170	-115.114	11	 144.062	  69.393	 -32.305
171	-112.852	11	 154.142	  66.419	  37.730
172	-110.579	11	  67.352	  45.972	  41.693
173	-109.777	7	  83.098	  49.145	  28.698
174	-109.627	11	 154.495	  59.878	   0.515
175	-109.508	11	 155.224	  61.326	  31.277
176	-106.236	10	 145.832	  76.646	 -25.802
177	-104.749	6	 131.530	  44.275	 -10.384
178	-104.493	11	 141.803	  98.615	  24.890
179	-104.318	10	 140.432	  49.622	  29.438
180	-101.583	10	  84.156	  25.022	  11.516
181	-100.207	10	  76.555	  60.855	  18.776
182	 -99.564	10	 158.144	  46.980	 -15.400
183	 -97.485	5	 123.551	  59.121	  10.815
184	 -96.939	8	 131.781	 102.487	  29.056
185	 -95.407	9	  89.522	  51.586	   5.169
186	 -95.191	9	 136.393	  83.085	 -12.415
187	 -92.236	9	  51.863	  36.490	  20.725
188	 -92.219	9	  43.352	  51.768	   0.548
189	 -91.253	9	 129.614	 111.592	  22.001
190	 -90.055	9	  88.193	  47.043	  36.957
191	 -89.571	9	 148.807	  56.765	   5.441
192	 -89.385	9	 107.852	  47.130	  -0.733
193	 -89.188	5	 126.177	  98.550	  15.001
194	 -89.129	9	 128.982	  64.620	 -24.711
195	 -88.779	9	 116.860	  75.307	  -9.831
196	 -87.051	8	  61.620	  72.330	  11.094
197	 -86.751	9	  42.555	  62.204	   3.168
198	 -83.220	8	 120.223	  45.977	  20.168
199	 -83.102	8	 112.270	 102.603	   7.834
200	 -82.724	8	  77.399	  28.000	  33.922
201	 -81.350	5	 132.237	  80.305	  39.779
202	 -80.280	8	  56.721	  51.494	  34.151
203	 -79.560	8	  99.344	  32.670	  20.149
204	 -79.379	8	  54.893	  67.667	  32.289
205	 -78.864	8	 136.636	  95.295	  45.695
206	 -74.609	7	 141.240	  55.490	  44.118
207	 -74.131	7	 111.984	  78.099	   5.753
208	 -73.814	7	 155.275	  62.213	 -33.103
209	 -71.825	7	  72.565	  37.984	  43.311
210	 -71.649	7	 138.078	  99.205	  32.464
211	 -71.116	7	 126.742	  56.903	  41.485
212	 -70.355	7	 119.564	 113.408	  26.692
213	 -70.024	7	 139.617	  70.982	 -24.969
214	 -69.943	7	 124.974	  86.379	 -11.532
215	 -68.889	7	  77.111	  61.523	   0.196
216	 -68.847	7	 146.529	  52.968	  23.271
217	 -66.479	7	  91.888	  39.531	  37.293
218	 -62.710	4	 125.782	  51.840	  -0.102
219	 -62.671	3	 116.319	  46.738	   3.445
220	 -59.699	6	 100.640	  91.329	  22.173
221	 -59.600	6	  70.714	  55.335	  43.283
222	 -59.009	6	 130.158	  43.549	 -26.781
223	 -58.757	6	  62.791	  69.447	  30.307
224	 -58.567	6	 101.326	  94.880	  29.510
225	 -57.985	6	 116.845	 103.227	  46.360
226	 -57.532	6	  58.852	  26.706	   4.532
227	 -56.680	6	  69.444	  54.233	 -20.321
228	 -56.515	6	 124.017	 113.545	   8.966
229	 -53.788	5	  82.807	  57.260	   4.230
230	 -51.706	5	 109.019	  92.337	  35.385
231	 -50.317	5	  52.197	  38.458	   6.017
232	 -50.157	4	 147.260	  63.370	  38.693
233	 -50.046	5	 153.270	  85.998	  12.568
234	 -48.631	5	 134.806	  35.889	 -10.828
235	 -48.385	5	  60.462	  56.930	 -19.255
236	 -47.787	5	 130.606	  33.673	  11.555
237	 -46.964	5	 151.988	  43.282	 -30.421
238	 -46.496	3	  81.634	  33.073	  27.833
239	 -44.819	4	 124.417	  98.851	  48.035
240	 -42.860	4	 111.242	  75.073	  -3.782
241	 -42.851	2	 137.984	  71.529	  30.169
242	 -41.445	4	  61.741	  50.820	  40.388
243	 -41.297	4	  93.221	  51.803	  19.670
244	 -39.989	4	 143.472	  41.063	 -30.075
245	 -39.066	4	 138.270	  39.379	   7.628
246	 -38.553	4	 133.142	  67.186	  48.130
247	 -38.282	4	 104.944	 103.786	  25.136
248	 -38.221	4	  96.507	  32.980	  12.773
249	 -36.895	4	 152.208	  54.809	  29.413
250	 -33.091	3	  56.499	  31.755	  18.313
251	 -31.503	3	 106.695	  91.700	   8.542
252	 -31.317	3	 166.031	  50.120	 -13.831
253	 -30.772	3	 126.338	  65.387	  45.169
254	 -30.374	3	 149.300	  58.073	  17.871
255	 -30.081	3	  74.576	  64.755	  30.112
256	 -30.007	3	  89.669	  30.096	   8.826
257	 -30.005	3	 144.689	  75.355	  45.816
258	 -28.919	2	  63.379	  64.468	  12.564
259	 -28.723	3	 118.699	  93.024	  50.486
260	 -28.358	3	 166.006	  56.793	 -20.506
261	 -27.986	3	 152.985	  79.070	 -32.165
262	 -27.542	3	 155.636	  76.410	  34.854
263	 -25.445	2	  72.384	  33.473	   8.769
264	 -20.569	1	 141.984	  75.073	  -5.831
265	 -20.350	2	  69.429	  71.073	   9.834
266	 -19.768	2	  86.984	  54.536	  34.169
267	 -18.006	2	 149.489	  34.578	 -27.358
268	 -15.341	1	 127.984	  88.073	   8.169
269	 -10.458	1	 104.984	  64.073	   9.169
270	 -10.346	1	 146.984	  76.073	   0.169
271	 -10.163	1	 108.984	  54.073	  -8.831
272	  -9.909	1	 163.984	  72.073	  -5.831
273	  -9.878	1	  60.984	  27.073	  -7.831
274	  -9.792	1	 159.984	  60.073	  21.169
275	  -9.189	1	 152.984	  84.073	  32.169
