1	-1903.536	137	 132.200	  62.980	  12.950
2	-1773.981	143	  66.369	  45.264	  25.092
3	-1710.463	123	 132.589	  57.470	  -8.111
4	-1674.119	116	 133.694	  81.022	  26.106
5	-1525.624	126	 144.720	  78.669	  21.795
6	-1428.125	115	 140.471	  89.449	  10.740
7	-1399.963	97	  68.597	  45.790	  13.018
8	-1319.902	108	 121.033	  59.775	  -6.349
9	-1242.715	95	 121.287	  87.578	  25.401
10	-1197.952	89	  67.774	  51.034	   0.460
11	-1109.635	81	 146.214	  57.116	 -11.099
12	-1077.838	99	  52.040	  67.025	   5.431
13	-1057.643	86	 155.226	  69.536	  -3.977
14	-1023.417	85	 128.103	  75.172	 -11.151
15	-1002.575	72	 125.215	  70.420	  11.182
16	-985.939	84	  56.406	  57.203	  22.650
17	-967.815	64	 134.589	  83.202	  -0.941
18	-902.025	66	 139.689	  66.173	   8.893
19	-880.027	73	 115.484	  70.129	  10.177
20	-847.820	67	 112.916	  87.155	  10.477
21	-770.152	68	 120.284	  67.430	  -7.457
22	-754.310	64	 142.439	  82.283	  -4.252
23	-717.110	64	  74.391	  61.192	  10.633
24	-700.154	59	  69.230	  67.518	  -0.865
25	-693.356	58	  51.937	  61.006	   7.067
26	-683.420	64	 125.479	  54.281	  19.465
27	-664.664	52	  75.322	  53.080	  38.308
28	-660.197	63	 134.537	  52.881	  20.014
29	-635.994	57	  78.663	  46.156	   2.304
30	-628.163	55	 120.087	  76.753	  30.595
31	-604.585	52	  82.647	  55.290	  21.922
32	-603.242	53	 143.339	  48.982	  -2.920
33	-595.190	48	 119.132	  37.032	  -2.702
34	-589.028	49	 148.930	  64.424	  10.536
35	-587.235	53	 151.733	  45.273	 -20.090
36	-566.842	52	 123.261	 100.160	   6.676
37	-565.092	52	  63.758	  33.320	  -2.795
38	-558.795	48	 128.683	  38.634	 -10.981
39	-538.589	50	 153.601	  77.206	   3.937
40	-538.202	50	 163.213	  59.333	  -6.430
41	-536.960	48	 125.569	  88.706	  -0.363
42	-534.314	48	  66.362	  40.523	 -11.574
43	-534.089	49	 125.737	  92.181	  42.178
44	-516.795	46	  73.155	  62.710	 -12.102
45	-500.496	44	 114.707	  94.035	  38.874
46	-493.178	46	 139.323	  44.157	 -22.086
47	-480.222	40	 141.022	  67.791	  45.141
48	-454.778	37	  77.354	  57.644	  30.129
49	-415.840	35	 148.668	  73.059	  36.719
50	-414.252	38	 121.470	  45.813	 -20.020
51	-410.375	38	 115.335	  81.813	  -0.113
52	-407.783	35	  73.974	  27.731	   9.322
53	-390.687	33	 113.621	  48.146	  -6.299
54	-387.498	36	 116.241	 105.342	  10.629
55	-358.223	34	  62.279	  26.785	  14.941
56	-356.605	30	 134.090	  95.829	   8.531
57	-355.594	22	 129.644	  77.926	   6.401
58	-352.012	23	 137.865	  74.140	   2.650
59	-347.336	31	 165.062	  68.435	 -17.611
60	-346.665	32	 151.124	  73.049	  24.592
61	-344.806	31	 143.428	  86.546	  42.097
62	-329.474	28	 127.738	 105.983	  11.877
63	-328.990	29	  61.662	  68.901	  23.044
64	-311.209	30	  69.881	  64.833	  38.784
65	-310.771	28	 136.494	  49.405	  37.298
66	-307.936	28	  69.233	  40.186	  32.870
67	-304.534	29	  49.140	  65.521	  -5.868
68	-300.048	29	 137.635	  38.732	   1.628
69	-294.487	18	  64.597	  52.342	  17.687
70	-290.235	28	 109.193	 107.763	  21.207
71	-285.100	25	  59.958	  67.709	 -13.536
72	-278.462	27	 112.590	 104.489	  33.370
73	-276.315	26	 154.860	  66.053	   5.113
74	-272.989	24	 113.213	  60.141	  -2.738
75	-271.577	26	  56.308	  42.012	  27.133
76	-270.678	23	 149.405	  80.413	  28.226
77	-267.481	25	 134.531	  98.750	  17.680
78	-267.473	26	  56.995	  46.954	 -16.121
79	-266.690	25	  98.454	  33.420	  24.508
80	-264.028	24	 147.433	  93.623	  31.772
81	-263.664	25	 114.427	  37.343	   7.490
82	-262.946	25	  61.030	  70.889	  14.778
83	-260.770	21	  70.674	  31.531	  27.014
84	-259.237	24	 154.760	  75.375	 -23.627
85	-256.231	23	 157.212	  68.723	  27.877
86	-253.384	25	 144.653	  78.168	 -16.098
87	-253.318	24	  70.093	  65.840	  18.082
88	-251.388	23	 142.489	  53.384	  16.925
89	-251.245	24	 145.020	  47.175	 -32.115
90	-251.186	24	 146.234	  56.294	  36.495
91	-248.900	24	 134.617	  74.697	  46.848
92	-248.264	23	 120.573	  37.778	  16.926
93	-246.091	23	 149.982	  86.406	  20.747
94	-245.714	23	 130.931	  68.435	 -21.172
95	-244.228	23	 117.544	 112.201	  16.910
96	-243.955	22	 118.362	  59.606	  19.153
97	-239.764	23	 122.185	  67.623	  38.640
98	-238.538	23	  86.845	  37.384	   4.981
99	-232.989	22	 123.076	 104.515	  40.115
100	-232.048	22	 108.985	  85.172	  30.803
101	-229.460	22	 155.847	  48.698	  -8.146
102	-228.312	20	 106.102	 101.388	  13.493
103	-224.076	21	  53.496	  36.980	  -9.759
104	-223.200	21	 153.332	  59.620	   0.683
105	-217.694	21	  88.531	  25.852	  25.485
106	-215.723	20	  61.341	  58.693	  39.713
107	-214.532	13	 131.391	  65.862	  -6.885
108	-213.936	19	 106.556	  55.875	  -1.128
109	-212.661	20	 107.061	  85.115	  17.417
110	-212.309	13	 135.456	  82.504	  18.193
111	-211.745	18	  64.872	  37.793	  26.996
112	-207.538	21	 112.575	  78.654	  18.179
113	-207.193	19	  92.298	  48.179	  26.190
114	-206.565	18	  51.810	  52.427	  10.293
115	-204.920	19	  52.686	  34.670	  18.461
116	-203.705	20	 112.264	  44.270	  10.157
117	-196.542	19	 113.041	  92.031	   3.890
118	-196.038	20	 151.553	  52.300	 -32.012
119	-194.409	18	 120.730	  59.031	 -23.766
120	-193.356	19	  78.010	  22.803	  21.278
121	-193.220	18	  71.475	  35.226	  38.732
122	-191.791	18	  76.009	  49.903	  -9.681
123	-189.448	18	 157.955	  53.352	 -25.799
124	-187.878	19	 125.707	  53.691	  32.343
125	-183.473	18	  48.851	  40.528	  -4.796
126	-183.048	17	 116.518	  64.819	 -16.173
127	-182.078	17	  54.687	  61.352	 -16.274
128	-179.741	17	 159.188	  76.648	 -12.055
129	-176.227	17	 162.612	  64.851	 -26.069
130	-175.438	17	 143.081	  56.301	 -33.072
131	-169.287	16	 127.506	 106.763	  34.346
132	-167.580	17	  57.527	  31.599	 -12.612
133	-165.910	16	  96.784	  39.588	  29.672
134	-165.771	17	 121.812	  81.055	  40.345
135	-161.547	16	  77.137	  62.640	  -0.785
136	-161.200	15	  88.616	  32.201	  31.862
137	-160.935	15	 139.036	  49.013	  29.990
138	-158.196	15	  57.866	  71.433	  -4.807
139	-155.249	15	 156.618	  69.923	 -30.723
140	-152.181	15	 157.660	  71.037	  16.538
141	-151.909	15	 127.975	  39.191	 -18.050
142	-151.762	15	 140.527	  41.627	 -10.965
143	-149.359	15	 146.799	  89.103	   0.312
144	-148.779	14	 131.342	  40.196	  15.822
145	-142.997	14	  46.885	  59.721	 -11.431
146	-141.921	14	 135.987	  84.861	  46.757
147	-141.134	9	 125.472	  64.347	  15.861
148	-140.882	14	  67.352	  25.306	   7.660
149	-140.572	13	  64.819	  74.411	  -0.362
150	-138.546	14	  51.136	  49.289	  20.961
151	-138.311	14	  80.479	  33.413	  39.128
152	-135.495	13	  97.147	  41.434	  15.507
153	-135.327	14	 108.562	  91.643	  35.394
154	-134.776	13	 107.148	  46.830	  -0.234
155	-132.311	13	 144.926	  48.901	   8.961
156	-130.372	13	  87.617	  57.606	  13.203
157	-130.037	13	 106.155	  51.389	   8.333
158	-129.253	12	 145.036	  76.330	 -26.338
159	-123.831	12	  48.261	  44.183	   2.048
160	-122.993	12	  77.589	  27.983	  33.383
161	-122.406	12	  89.173	  51.128	   5.125
162	-119.616	12	  76.009	  60.760	  18.596
163	-119.068	12	  91.067	  43.786	  35.948
164	-118.396	12	 153.351	  65.327	  37.693
165	-118.020	12	  75.025	  36.661	  -1.213
166	-117.663	11	 141.161	  55.404	  43.701
167	-116.495	12	  67.178	  45.165	  41.474
168	-116.139	10	 131.454	 103.338	  28.571
169	-115.757	11	  71.228	  46.983	 -14.773
170	-114.914	11	  43.330	  51.548	  -0.489
171	-114.183	11	 118.820	  45.369	  19.394
172	-113.288	11	 146.101	  94.349	  18.706
173	-110.798	11	  52.895	  65.654	  18.157
174	-110.000	11	 143.695	  68.866	 -32.769
175	-109.099	11	  42.685	  62.436	   2.852
176	-108.894	10	 111.235	  79.235	  10.730
177	-107.746	10	 155.272	  60.449	  30.399
178	-107.579	11	  52.025	  64.479	  30.458
179	-106.858	10	 154.327	  62.084	 -33.369
180	-106.279	10	 129.940	 109.609	  21.007
181	-105.702	11	  51.717	  38.545	   7.904
182	-104.864	10	 116.771	  65.237	  27.892
183	-104.729	10	  48.814	  52.201	 -14.395
184	-101.482	9	 132.644	  91.507	  -0.409
185	 -99.928	10	 117.892	 103.047	  45.426
186	 -98.140	10	 141.296	  97.806	  25.624
187	 -97.960	10	  56.538	  51.217	  33.950
188	 -97.094	10	 138.720	  72.620	 -22.104
189	 -91.991	6	  82.817	  48.854	  28.479
190	 -91.780	9	 131.098	  33.517	  10.366
191	 -91.232	6	 139.289	  62.860	  19.952
192	 -90.983	9	 116.046	  75.209	  -9.380
193	 -89.313	9	 146.942	  56.424	   6.183
194	 -85.904	9	 126.502	  32.777	  -4.208
195	 -84.515	8	 137.228	  59.635	 -28.323
196	 -82.678	8	 116.503	  70.025	  21.366
197	 -79.557	8	 103.503	  62.537	   4.547
198	 -79.400	8	  81.706	  25.266	   9.814
199	 -79.331	8	 152.784	  85.107	  12.306
200	 -78.485	4	 122.963	  58.690	  10.787
201	 -78.482	8	  50.368	  44.008	  14.062
202	 -75.847	8	 129.860	  59.176	 -26.692
203	 -73.646	7	 124.158	  97.331	  48.633
204	 -70.802	7	 121.355	  70.459	 -20.416
205	 -70.422	7	 118.189	 112.057	  27.768
206	 -69.554	7	 124.074	  86.362	 -11.082
207	 -68.040	7	 129.439	  43.081	 -26.252
208	 -67.779	7	 111.208	  74.204	   5.165
209	 -67.678	7	  68.915	  55.589	  43.710
210	 -66.758	7	 123.219	 113.911	   9.601
211	 -66.437	4	  81.051	  28.478	  17.983
212	 -66.277	7	 136.268	  99.189	  33.001
213	 -65.626	5	 131.857	  79.507	  39.716
214	 -63.098	6	  85.935	  22.790	  16.581
215	 -61.643	6	 109.335	  67.431	  -2.628
216	 -60.668	6	 127.660	  76.957	  47.369
217	 -60.549	6	 126.644	  55.841	  41.687
218	 -60.393	6	 135.642	  93.091	  46.236
219	 -59.736	6	  82.584	  57.136	   3.852
220	 -58.010	3	 125.492	  98.306	  15.050
221	 -57.138	6	  59.175	  26.158	   4.547
222	 -56.818	6	 105.020	 102.464	  26.568
223	 -53.502	3	 115.771	  46.379	   3.332
224	 -51.754	3	 137.685	  70.991	  30.050
225	 -51.010	5	 140.334	  89.212	  -4.142
226	 -50.887	5	 141.345	  39.714	 -29.591
227	 -50.193	5	 101.076	  88.955	  22.449
228	 -49.414	5	 164.535	  57.171	 -21.450
229	 -49.206	5	 100.538	  93.617	  29.686
230	 -46.201	5	 126.714	  63.855	  45.453
231	 -44.360	3	 144.420	  70.092	 -18.672
232	 -43.562	4	 135.712	  83.589	 -11.208
233	 -42.479	4	 110.750	  75.104	  -3.652
234	 -39.059	3	 127.503	  87.020	   7.684
235	 -38.326	4	  89.743	  28.903	   9.291
236	 -38.306	4	 151.400	  59.104	  14.864
237	 -38.178	4	  62.783	  68.134	  31.041
238	 -37.348	4	  96.503	  31.610	  13.842
239	 -36.805	2	  81.503	  32.647	  27.511
240	 -36.557	4	 152.755	  54.638	  25.345
241	 -36.247	4	 152.267	  80.138	 -29.212
242	 -31.861	2	 124.923	  51.647	  -0.370
243	 -31.596	3	  61.196	  50.306	  40.050
244	 -31.385	3	 106.188	  90.952	   8.745
245	 -31.220	2	  62.337	  42.064	  13.467
246	 -30.927	3	  74.107	  64.326	  29.999
247	 -30.628	3	  69.136	  70.963	  10.102
248	 -30.200	3	 135.809	  77.985	 -17.276
249	 -29.971	3	  86.201	  54.576	  33.748
250	 -28.954	3	  62.890	  56.296	 -19.950
251	 -28.449	2	  63.106	  64.250	  12.653
252	 -28.362	3	  54.495	  71.284	  28.727
253	 -21.983	2	 129.503	  57.647	 -14.503
254	 -20.793	2	 166.001	  50.145	 -13.950
255	 -20.247	2	 101.503	  91.166	  15.050
256	 -20.062	2	  92.999	  51.656	  19.546
257	 -19.979	2	 163.000	  71.144	  -5.950
258	 -18.559	2	  71.503	  54.654	 -20.454
259	 -18.513	2	  75.503	  62.154	  44.543
260	 -12.954	1	 147.503	  73.647	  13.050
261	 -12.318	1	 145.503	  75.647	   1.050
262	 -11.695	1	  68.503	  52.647	  33.050
263	 -11.650	1	  77.503	  40.647	  20.050
264	 -11.326	1	 145.503	  63.647	  34.050
265	 -10.371	1	 159.503	  59.647	  21.050
266	  -9.658	1	 108.503	  53.647	  -8.950
267	  -9.310	1	 153.503	  44.647	 -28.950
268	  -9.305	1	 152.503	  75.647	 -35.950
269	  -9.299	1	  71.503	  23.647	  18.050
270	  -9.275	1	  83.503	  41.647	  42.050
271	  -9.028	1	 141.503	  74.647	  -5.950
272	  -9.011	1	 155.503	  75.647	  33.050
