1	-1015.885	86	 -23.856	  43.454	  -5.051
2	-501.935	45	 -19.019	  49.776	 -21.400
3	-492.915	44	 -36.692	  60.804	 -14.331
4	-464.354	39	 -23.980	  61.675	   9.106
5	-444.250	35	 -30.959	  65.983	  -6.364
6	-417.267	39	 -11.923	  38.149	  -0.867
7	-365.269	34	 -11.284	  55.751	 -11.767
8	-357.898	32	 -11.081	  44.960	 -17.872
9	-357.068	32	 -24.940	  48.202	  13.507
10	-284.036	26	 -39.953	  45.122	 -12.216
11	-280.089	24	 -23.770	  55.578	  13.572
12	-268.532	26	   1.403	  57.707	   6.083
13	-242.398	23	 -30.673	  39.035	 -17.996
14	-234.695	21	 -28.884	  65.587	   2.154
15	-214.305	19	 -13.071	  40.951	  -8.987
16	-213.698	21	   1.059	  49.376	   2.155
17	-211.627	20	  -3.568	  67.293	   6.845
18	-204.084	19	  -4.070	  35.466	   9.171
19	-202.423	19	 -34.721	  50.386	 -18.346
20	-202.412	18	 -15.001	  64.197	  -7.120
21	-187.824	18	  -7.225	  62.117	  16.311
22	-179.022	16	 -18.914	  39.361	  12.283
23	-178.138	17	 -22.675	  69.707	   4.365
24	-177.214	17	 -42.247	  57.774	  -4.244
25	-161.922	16	 -12.165	  73.868	   2.595
26	-156.820	15	  -0.764	  40.251	  16.159
27	-154.947	15	 -18.222	  69.757	  11.949
28	-144.853	14	  -1.604	  53.042	  14.443
29	-144.760	14	 -17.917	  50.128	  24.429
30	-144.299	14	 -16.858	  43.005	  27.363
31	-143.906	14	 -18.171	  59.200	  19.402
32	-135.402	12	 -27.446	  48.846	   3.969
33	-132.218	12	 -38.315	  37.962	  -9.247
34	-127.553	12	 -27.451	  46.327	 -21.492
35	-126.572	13	 -29.158	  31.051	 -13.628
36	-114.005	10	 -37.376	  50.356	  -0.215
37	-110.311	11	 -24.643	  66.162	 -14.608
38	-107.356	10	 -21.851	  72.200	  -3.285
39	-106.923	11	 -36.316	  61.921	   3.833
40	-106.695	10	  -3.473	  49.567	 -12.491
41	-100.476	8	  -1.984	  44.422	  22.940
42	 -97.146	10	 -24.569	  30.779	 -19.739
43	 -85.187	8	 -26.324	  61.587	 -20.452
44	 -79.904	8	  -0.669	  57.599	  -7.112
45	 -77.210	8	  -6.762	  54.696	  22.114
46	 -77.155	8	 -23.267	  22.347	 -17.404
47	 -75.478	8	   4.978	  37.678	   4.001
48	 -71.580	7	 -16.279	  30.584	 -14.789
49	 -68.540	7	  -2.965	  39.380	 -13.321
50	 -67.392	7	 -24.815	  41.197	   5.954
51	 -66.177	7	  -7.072	  64.570	  -6.932
52	 -65.572	7	 -33.122	  41.365	  -3.890
53	 -53.004	5	 -10.283	  36.685	  25.970
54	 -47.768	5	 -27.218	  55.271	 -25.271
55	 -47.617	5	 -38.548	  32.859	 -18.886
56	 -43.665	4	 -19.881	  38.850	 -20.655
57	 -39.479	4	   2.692	  35.328	  -5.651
58	 -31.214	3	   1.102	  46.812	  -5.229
59	 -29.181	3	 -13.872	  35.371	  17.049
60	 -28.726	3	 -24.849	  28.092	  -7.886
61	 -28.682	3	 -25.532	  42.770	  19.780
62	 -19.822	2	 -20.024	  35.081	  -0.886
63	 -19.409	2	  -0.532	  65.081	  -3.374
64	 -18.862	2	  -9.084	  47.598	  27.597
65	 -18.387	2	 -45.532	  34.573	 -14.886
66	 -13.975	1	 -14.532	  50.081	  17.114
67	 -10.702	1	 -15.532	  67.081	  18.114
68	  -9.947	1	 -12.532	  33.081	   7.114
69	  -9.089	1	  -9.532	  46.081	  12.114
70	  -8.919	1	   3.468	  45.081	  11.114
