1	-1160.923	97	  13.234	 -13.032	  13.563
2	-895.236	78	  13.491	   6.696	  36.137
3	-876.372	79	  15.002	 -12.043	  24.250
4	-726.098	44	  25.259	 -13.152	   4.929
5	-715.162	62	  31.441	  -4.823	  10.551
6	-626.233	56	  12.571	   1.016	  -1.535
7	-576.004	51	  30.503	  14.355	   8.645
8	-505.593	35	  26.031	   4.174	  25.212
9	-449.892	43	   9.900	  14.342	  16.806
10	-407.185	37	  -3.930	  -6.858	  12.541
11	-398.072	36	  26.489	  -4.878	  -2.145
12	-376.963	35	   9.227	 -16.111	  -2.034
13	-351.863	33	   4.307	 -12.644	  28.014
14	-349.101	31	  -1.369	  -3.572	  24.766
15	-335.494	32	  26.263	 -18.434	  11.806
16	-322.213	28	  16.937	  14.916	   2.842
17	-315.361	27	   2.824	   2.367	  34.331
18	-268.131	26	  -3.827	   2.846	  17.635
19	-255.676	24	  30.846	 -10.772	  18.871
20	-254.981	24	   1.809	   4.084	   4.205
21	-251.364	25	  28.741	  10.151	  -1.249
22	-233.956	22	  25.181	   2.479	  -5.134
23	-229.647	22	  19.005	 -16.397	  -2.244
24	-221.337	22	  27.634	   2.008	  38.207
25	-205.372	19	   5.171	  -7.982	  34.951
26	-185.272	18	  25.308	  17.472	  24.413
27	-182.022	18	  14.125	  16.461	  10.079
28	-176.737	17	  -0.216	  15.861	  23.535
29	-172.680	18	  20.663	 -10.169	  38.055
30	-146.613	14	  19.849	  -1.384	  42.917
31	-128.933	12	  33.850	   9.422	  21.852
32	-115.599	11	   7.670	 -18.073	   4.954
33	-109.735	11	  26.365	  19.963	  13.434
34	-109.214	11	  34.241	   0.199	  21.886
35	-106.925	11	  33.536	   0.714	   2.147
36	-106.772	10	  36.785	   7.498	  13.622
37	-102.937	10	  -1.285	 -14.987	  23.243
38	-101.123	10	  -2.909	  12.725	  11.635
39	-100.640	10	  19.073	 -20.032	  19.924
40	-100.500	7	  17.073	 -14.472	   6.303
41	 -99.107	10	  13.678	  17.442	  27.849
42	 -88.951	9	  11.020	  -7.786	  39.687
43	 -81.364	8	   2.653	 -16.688	  12.363
44	 -75.318	7	  26.736	 -12.097	  29.720
45	 -64.076	6	  -2.645	   9.585	  26.427
46	 -50.686	5	   2.393	  -4.856	   0.125
47	 -41.834	4	   9.005	   2.009	  44.570
48	 -41.000	4	   2.966	  11.951	  33.597
49	 -35.329	3	  23.766	  11.544	  32.124
50	 -28.863	3	   6.447	  13.544	   5.160
51	 -28.092	2	   7.223	  -4.887	   8.555
52	 -18.767	2	  18.878	   9.065	  -4.833
53	 -13.255	1	  23.792	   4.544	  15.124
54	  -9.385	1	  -3.208	   5.544	  10.124
55	  -9.223	1	  10.792	  12.544	  -3.876
56	  -8.981	1	  20.792	 -21.456	   4.124
57	  -8.956	1	  10.792	 -12.456	  -7.876
58	  -8.954	1	  33.792	 -11.456	   7.124
