1	-945.392	88	  28.893	  21.205	  15.494
2	-736.713	63	  -5.826	  27.508	   8.669
3	-658.282	64	  -0.537	  38.683	   6.373
4	-566.857	46	  13.206	  31.929	   8.758
5	-541.667	43	  17.799	  24.624	  11.288
6	-475.343	41	  31.405	   6.933	  15.482
7	-417.811	35	 -11.361	  47.329	   3.912
8	-373.159	30	  44.030	  19.332	  17.067
9	-277.239	24	  25.834	  10.641	  19.145
10	-253.475	25	  -2.845	  41.674	  14.355
11	-218.064	21	   7.971	  13.922	  12.226
12	-205.609	19	   7.601	  23.593	   2.414
13	-204.864	20	  27.614	  13.083	   7.938
14	-168.175	16	   2.349	  22.607	  18.107
15	-164.541	15	   9.366	  32.942	  20.312
16	-161.539	16	  14.323	  28.759	  -0.071
17	-153.431	16	 -22.744	  39.865	   4.377
18	-143.438	14	  -5.530	  31.230	  -0.772
19	-128.159	12	  40.113	  19.463	  27.607
20	-117.907	11	  12.963	  12.252	  22.934
21	-115.029	11	  46.681	  11.532	  16.978
22	-106.170	10	  24.704	  22.685	  24.007
23	 -91.582	9	  -8.890	  35.872	  18.041
24	 -88.552	9	 -11.792	  47.725	  13.047
25	 -80.881	8	  41.215	   8.671	   9.114
26	 -77.322	7	 -16.382	  32.995	  14.707
27	 -72.947	7	  12.552	  24.334	  22.678
28	 -72.473	7	  31.084	  14.625	  27.335
29	 -68.239	7	 -12.379	  31.567	   0.638
30	 -66.385	7	  17.658	   5.597	  15.718
31	 -62.038	6	 -20.432	  47.322	   9.506
32	 -61.062	6	  15.040	  17.755	   1.057
33	 -58.834	6	   9.184	  41.884	  17.515
34	 -57.804	6	  39.411	  26.697	  12.207
35	 -55.361	6	  18.908	   8.878	   8.202
36	 -51.403	5	  23.605	  15.241	  25.435
37	 -50.893	5	  37.645	   7.591	  25.748
38	 -47.523	5	  11.696	  39.658	   3.073
39	 -42.634	4	   3.632	  28.841	  -2.948
40	 -42.570	4	  -1.357	  31.739	  19.282
41	 -37.928	4	 -13.909	  41.083	  -6.664
42	 -32.118	3	  36.270	  13.179	   5.052
43	 -29.649	3	  31.518	  22.864	  27.354
44	 -21.617	2	   1.880	  39.335	  20.052
45	 -20.621	2	 -16.120	  42.864	  18.530
46	 -20.271	2	 -20.120	  48.351	   0.539
47	 -19.225	2	  37.389	  27.864	  22.052
48	 -18.576	2	  22.381	  22.866	   2.553
49	 -10.140	1	 -20.120	  29.864	   6.052
50	  -9.432	1	  44.880	  15.864	   7.052
51	  -9.418	1	  40.880	   2.864	  14.052
52	  -9.415	1	 -24.120	  40.864	  15.052
53	  -9.152	1	  38.880	  20.864	   5.052
