1	-1017.878	87	  28.842	  34.557	  11.643
2	-929.611	81	   7.232	  38.513	   3.311
3	-745.893	70	  15.030	  38.374	   6.626
4	-713.404	59	   5.196	  42.576	  14.676
5	-700.089	62	   3.346	  49.509	  -9.293
6	-548.929	43	   8.298	  16.284	  12.485
7	-512.525	48	  25.958	  49.348	 -18.186
8	-442.146	40	  11.011	  40.408	 -24.576
9	-404.383	38	  15.120	  48.330	   0.860
10	-365.602	33	  12.022	  19.869	  -8.930
11	-354.182	32	  21.410	  41.044	  10.979
12	-331.029	29	  18.054	  22.192	  21.260
13	-282.143	27	  16.151	  41.375	  20.995
14	-276.775	25	  17.437	  46.189	 -25.159
15	-276.148	26	   8.588	  33.884	  23.527
16	-275.399	26	  18.977	  55.593	 -20.655
17	-275.254	26	  30.575	  35.234	  -7.892
18	-273.488	23	  24.791	  22.324	   7.167
19	-267.055	26	  19.282	  32.219	  26.285
20	-265.476	25	  -8.731	  40.816	   6.697
21	-259.254	23	   1.484	  53.273	   1.880
22	-251.872	22	  -1.633	  21.561	   1.667
23	-250.778	23	  -5.699	  35.834	 -11.005
24	-244.861	24	   0.556	  40.227	 -18.949
25	-234.248	21	  -1.528	  25.354	   8.458
26	-227.005	22	  32.093	  23.515	   1.058
27	-226.097	23	   1.830	  20.521	  -7.628
28	-218.970	21	  24.896	  29.058	  18.795
29	-214.159	15	  -0.837	  33.127	  -1.196
30	-205.694	19	  17.173	  23.007	 -17.334
31	-201.993	20	   8.354	  49.606	  11.908
32	-201.910	19	  -8.503	  49.950	  -3.723
33	-197.558	20	  17.335	  15.286	   3.186
34	-183.515	17	  15.927	  49.936	  -6.229
35	-177.924	17	  -2.272	  48.836	  16.579
36	-177.273	17	   4.019	  24.580	  20.489
37	-168.098	16	  23.683	  27.234	 -12.471
38	-161.442	15	  20.284	  18.153	  14.116
39	-158.225	15	 -10.843	  39.889	  -2.362
40	-155.868	13	   1.673	  33.261	  19.738
41	-155.290	15	  -3.481	  37.563	  23.366
42	-153.192	12	   9.876	  17.889	  -0.972
43	-142.349	14	  -7.414	  29.426	  -3.200
44	-140.510	14	  18.309	  32.049	 -25.464
45	-133.312	12	   7.644	  49.607	 -17.264
46	-133.307	13	   3.040	  29.001	 -22.470
47	-121.143	11	  26.549	  47.207	   4.490
48	-114.134	11	  28.137	  41.068	 -16.059
49	-109.171	11	  -5.264	  44.918	 -12.337
50	-100.146	10	  35.413	  29.795	  11.715
51	 -96.661	10	  -0.807	  53.820	  10.026
52	 -95.979	10	  21.567	  21.021	  -5.336
53	 -95.538	8	   9.371	  17.401	  20.547
54	 -88.053	9	  -9.713	  40.465	  18.461
55	 -83.053	8	  29.031	  48.550	  -6.226
56	 -57.835	6	  17.481	  55.665	 -13.735
57	 -57.356	6	  -4.366	  28.633	  18.549
58	 -56.386	6	  33.637	  30.177	  -1.718
59	 -48.191	5	   9.233	  20.583	 -20.665
60	 -41.058	4	  36.080	  38.524	   7.017
61	 -40.474	4	  -9.612	  49.992	   4.333
62	 -26.909	2	   7.123	  39.503	 -11.568
63	 -18.892	2	  15.612	   9.992	  15.422
64	 -13.989	1	  11.612	  22.992	   4.921
65	 -10.692	1	  38.612	  26.992	   3.921
66	  -9.340	1	  32.612	  42.992	  -2.079
