1	-1383.566	121	 100.913	  97.967	  81.455
2	-900.662	82	  91.877	  76.282	  68.143
3	-715.056	67	  99.318	  96.171	  98.206
4	-550.555	45	 100.214	  64.606	  74.729
5	-479.445	41	 101.574	  85.889	  58.530
6	-433.625	41	 108.502	  81.389	  91.727
7	-429.185	39	 113.480	  72.225	  79.245
8	-421.685	36	  93.839	  89.265	  68.255
9	-368.035	34	 119.321	  90.047	  90.291
10	-356.340	23	 112.285	  94.838	  85.980
11	-348.583	30	 120.205	  80.888	  64.503
12	-341.451	31	  99.349	 100.337	  62.755
13	-321.947	27	 113.056	  81.951	  58.280
14	-312.165	30	  99.196	 105.869	  74.312
15	-310.139	29	 107.132	  68.641	  87.175
16	-300.502	28	 110.951	 105.863	  75.989
17	-273.873	24	 117.486	  92.535	  68.919
18	-266.493	26	  93.558	  83.912	  61.038
19	-257.242	24	  96.770	  76.992	  92.130
20	-256.779	24	 104.382	  89.404	  98.897
21	-230.384	21	  94.295	  63.656	  93.247
22	-227.298	22	 106.290	  97.738	 106.574
23	-226.483	20	  88.963	  86.167	  81.454
24	-224.829	20	 117.510	  98.649	  79.848
25	-221.310	20	  90.911	  60.391	  81.899
26	-217.585	22	  93.766	  82.788	  89.644
27	-210.671	20	 121.309	  87.394	  78.304
28	-210.062	21	 104.543	  68.791	  64.675
29	-206.393	20	 113.477	 109.752	  89.619
30	-202.320	18	  90.694	  72.922	  88.622
31	-199.155	20	  93.872	  92.852	  82.687
32	-196.105	19	 107.176	 104.315	  62.855
33	-172.239	16	 117.566	  79.457	  81.445
34	-139.245	12	  95.771	 102.260	  93.597
35	-135.436	13	  97.116	 113.617	  84.080
36	-126.982	12	 100.086	  74.909	  57.695
37	-120.794	11	  88.370	  65.721	  71.339
38	-116.430	12	 118.457	 102.616	  88.815
39	-113.309	11	 111.920	 102.698	  98.646
40	-105.980	6	  99.698	  83.498	  82.648
41	 -93.973	9	 101.218	 116.080	  90.874
42	 -92.484	9	 102.597	  68.051	  92.912
43	 -82.077	8	 118.441	  73.944	  70.480
44	 -81.119	8	  85.492	  66.883	  85.931
45	 -80.502	6	  95.328	  85.404	  75.004
46	 -70.306	7	 107.743	 105.139	 104.651
47	 -70.076	7	  86.290	  82.801	  75.044
48	 -69.521	7	  88.494	  96.845	  93.431
49	 -69.505	7	  98.220	  64.711	  66.136
50	 -61.709	6	 102.984	 112.756	  97.965
51	 -61.560	6	 118.173	  96.318	  96.940
52	 -60.302	6	 113.645	  87.709	  98.439
53	 -59.966	6	 113.018	 118.290	  83.671
54	 -59.789	6	  91.157	 100.607	  82.010
55	 -59.544	6	 109.339	 118.594	  92.631
56	 -59.473	6	 105.762	  94.807	  58.188
57	 -53.308	5	  94.883	  97.446	  74.601
58	 -50.034	5	  92.687	  96.650	  61.811
59	 -47.027	5	 121.858	  82.024	  87.018
60	 -30.234	3	 116.484	  98.609	  63.493
61	 -20.618	2	 111.985	  71.279	  61.829
62	 -20.487	2	  84.484	  73.279	  80.327
63	 -20.094	1	 103.484	  90.279	  86.829
64	 -18.526	2	 101.996	  58.791	  89.829
65	 -18.507	2	  84.484	  93.795	  85.829
66	 -18.063	2	  98.984	 104.279	 103.329
67	  -8.971	1	 106.484	  57.279	  80.829
