1	-821.937	72	  30.216	  -2.236	  11.319
2	-767.294	69	  15.858	  15.851	  20.218
3	-740.797	65	  22.288	  -5.513	   8.222
4	-547.510	48	  15.096	  -9.616	   7.405
5	-358.945	33	  14.809	  12.894	   5.022
6	-352.179	33	   8.739	  -9.778	  19.792
7	-299.060	28	  21.268	  -1.895	  29.821
8	-298.065	25	   7.803	  -0.981	  21.956
9	-269.386	25	  36.592	   6.988	   1.695
10	-258.770	25	  24.371	  18.026	  22.423
11	-239.333	22	   5.897	   8.029	   5.816
12	-237.092	21	  17.906	  19.355	  10.388
13	-233.670	22	  26.239	  18.694	   5.583
14	-232.243	20	  11.343	   4.135	  26.452
15	-212.843	20	  32.785	  13.972	  17.467
16	-200.216	20	  23.638	   6.247	  -1.417
17	-189.399	19	  30.022	 -10.996	  13.613
18	-179.866	18	   8.242	 -17.700	   9.186
19	-148.993	14	  12.369	 -20.007	  16.410
20	-147.289	14	  31.264	  -0.162	   0.531
21	-135.495	13	   2.120	 -10.353	  14.019
22	-131.329	13	   5.080	   8.847	  22.220
23	-125.007	12	  31.071	  -3.943	  26.376
24	-118.626	10	   2.364	  -8.612	   5.186
25	-116.350	11	  19.024	   9.930	  30.042
26	-113.541	10	  30.851	   4.183	  27.803
27	-103.069	10	   1.883	   5.468	  13.073
28	 -94.796	9	  34.128	  14.505	   6.250
29	 -91.960	9	  22.238	 -20.917	  12.594
30	 -76.815	8	   1.527	   2.407	   0.071
31	 -67.361	7	  -1.871	  -2.910	   9.452
32	 -59.071	6	  17.948	   0.837	  -6.898
33	 -54.004	5	  17.251	  -6.630	  -2.707
34	 -50.811	5	  22.482	 -17.615	  19.956
35	 -40.095	4	  16.774	 -13.631	  23.542
36	 -37.393	4	  41.259	   1.930	   7.046
37	 -30.531	3	  35.910	   9.291	  25.224
38	 -29.160	3	  31.635	  14.867	  -2.178
39	 -28.852	3	  11.582	  10.296	  -3.006
40	 -27.517	3	  39.599	   8.251	  15.243
41	 -20.374	2	  39.259	  -1.070	  14.095
42	 -18.482	2	  40.259	   0.930	  22.056
43	  -9.809	1	   9.259	   1.930	  -7.427
44	  -9.191	1	   4.259	  13.930	  16.573
45	  -9.131	1	  28.259	 -18.070	   8.573
46	  -9.058	1	   6.259	  -6.070	  -3.427
