1	-818.645	71	  30.165	  -2.115	  11.591
2	-621.281	55	  16.594	  -9.445	   8.227
3	-599.940	52	  22.254	  -4.262	   8.529
4	-554.751	52	  21.337	  16.581	  22.857
5	-365.471	34	  35.791	   5.809	   1.377
6	-335.060	32	  14.743	  13.061	   5.268
7	-329.445	31	  21.220	  -1.609	  29.883
8	-315.555	29	   8.576	 -10.081	  19.700
9	-285.176	26	  12.575	  14.928	  18.553
10	-281.266	24	   7.698	  -1.121	  21.833
11	-257.827	24	   5.991	   8.254	   5.971
12	-251.143	23	  11.559	   4.387	  26.555
13	-250.763	24	  32.983	  14.089	  17.545
14	-238.864	23	  11.552	 -20.936	  14.044
15	-232.123	23	  23.870	   6.134	  -1.410
16	-229.305	22	  26.122	  18.778	   5.302
17	-199.136	17	  18.118	  19.363	  10.034
18	-189.102	19	  29.997	 -10.933	  13.650
19	-161.883	16	  30.402	  -3.588	  26.793
20	-149.759	15	   2.458	 -10.788	  13.721
21	-119.114	12	  23.277	 -20.228	  12.328
22	-117.822	11	  18.551	  10.514	  29.401
23	-112.672	11	  33.744	  15.233	   6.234
24	-109.089	11	   5.035	   8.438	  22.501
25	-104.212	10	   9.769	 -13.551	   6.692
26	-101.378	9	  30.957	   4.312	  27.899
27	-101.236	10	   1.948	   5.550	  13.076
28	 -86.708	9	  -1.773	  -2.667	   9.831
29	 -81.262	7	   2.160	  -8.224	   5.566
30	 -62.159	6	  23.569	 -16.844	  20.589
31	 -57.335	6	  39.980	   1.939	  17.546
32	 -50.606	5	  19.311	  -7.347	  -0.617
33	 -47.699	5	   1.334	   2.594	   0.043
34	 -39.161	4	  18.572	   2.028	  -6.344
35	 -28.730	3	  31.713	  14.949	  -2.106
36	 -27.625	3	  41.334	   2.017	   6.984
37	 -27.312	3	   7.043	   2.017	  -6.694
38	 -21.621	2	  16.859	 -14.458	  23.177
39	 -20.761	2	  35.808	  10.069	  25.126
40	 -20.622	2	  28.358	  -2.471	   1.652
41	 -19.675	2	  11.334	  10.553	  -2.740
42	 -19.168	2	  22.827	 -12.969	   5.159
