1	-1701.321	151	   9.147	   3.071	  15.322
2	-1220.751	109	   2.532	   4.448	 -17.061
3	-1124.750	86	  18.786	  13.379	   6.150
4	-879.333	63	  14.732	  15.462	  -9.125
5	-816.847	69	  12.012	   1.769	 -17.666
6	-781.176	65	   6.296	  13.325	  16.705
7	-752.565	62	   0.116	  15.768	 -22.914
8	-693.035	59	  18.691	   0.245	  21.616
9	-677.486	64	  15.034	  -7.092	 -17.075
10	-669.017	62	  -1.993	  17.759	  16.995
11	-593.415	55	   7.557	  27.825	  -7.252
12	-588.843	54	  29.493	   4.270	   3.487
13	-467.092	42	  14.156	  20.620	  -3.078
14	-444.987	43	  11.612	  24.988	 -28.089
15	-436.239	38	  22.500	  10.986	  -0.555
16	-428.979	39	  32.052	   2.507	 -17.845
17	-420.402	38	   8.960	  33.005	  14.525
18	-411.999	39	   5.187	  35.310	   5.757
19	-377.341	34	  26.718	   2.611	  29.796
20	-372.092	36	  22.301	  23.261	  14.272
21	-362.386	33	  22.528	 -12.986	 -21.573
22	-347.924	31	  -6.880	  26.190	  20.533
23	-347.490	33	  21.661	  20.911	 -29.457
24	-337.814	32	  29.954	  11.055	  23.996
25	-333.605	30	   2.071	  22.092	 -32.611
26	-318.179	31	  27.487	  21.925	  25.345
27	-317.408	29	  17.396	  -2.866	   7.625
28	-304.038	27	  -6.532	   8.805	  28.572
29	-297.820	28	   3.649	 -11.442	 -26.861
30	-297.273	29	 -13.464	  16.334	   2.792
31	-291.031	27	   0.990	  10.426	 -12.091
32	-288.682	27	  33.399	   5.218	 -27.126
33	-277.718	27	  -4.009	   8.342	  14.189
34	-275.708	26	  35.214	   3.049	  -8.336
35	-274.839	26	  16.486	  -1.331	  40.740
36	-269.859	26	  -3.086	   0.551	  17.995
37	-264.559	23	  -1.080	  16.528	  -8.447
38	-264.022	26	  17.234	  27.906	   3.471
39	-262.215	23	  -4.130	  -1.267	 -23.246
40	-259.068	25	   6.726	  -7.088	 -13.576
41	-258.273	25	  12.162	  34.857	  22.463
42	-241.680	23	  -7.338	   8.239	 -32.222
43	-235.359	23	  29.044	  12.516	  -8.208
44	-235.133	24	  13.310	  11.594	  48.259
45	-231.361	22	  22.874	  17.520	  43.839
46	-228.136	23	  -4.167	   6.133	   0.480
47	-225.812	20	  -4.145	  11.340	 -41.248
48	-225.125	21	  26.773	   4.662	  41.397
49	-214.916	19	   7.037	   2.440	  46.856
50	-211.195	20	  10.834	  -4.610	  33.900
51	-210.525	18	  17.542	  25.243	 -38.159
52	-208.623	20	  14.163	 -16.691	  -1.474
53	-200.542	19	  -3.967	   4.585	  37.698
54	-200.010	19	   7.614	  -0.920	 -46.562
55	-196.823	19	  32.576	  10.094	  39.199
56	-187.187	17	  18.322	   0.899	 -42.923
57	-186.439	18	   3.756	  21.456	 -44.315
58	-185.113	16	   2.156	  -1.389	  25.084
59	-183.494	17	  34.539	  -5.756	 -12.003
60	-181.742	18	  23.355	  17.466	 -18.918
61	-177.346	17	  -1.213	  -8.767	 -36.764
62	-166.711	16	  -1.736	  -5.799	 -16.502
63	-165.150	16	  28.163	  -6.266	 -28.691
64	-157.475	15	  11.849	  19.184	  42.327
65	-155.572	16	   5.953	   8.517	 -51.061
66	-154.837	14	  -5.792	  16.896	  10.672
67	-154.775	15	   1.731	  31.877	  26.541
68	-153.938	15	  15.191	  14.081	 -46.889
69	-151.409	15	  25.376	 -15.686	  -6.342
70	-149.534	14	  23.422	  17.126	 -41.162
71	-146.845	13	  32.406	  18.442	  32.102
72	-144.173	14	  15.604	  26.211	 -17.263
73	-143.999	14	  26.605	  24.271	  36.791
74	-132.510	13	  30.363	  13.320	  13.050
75	-125.614	12	   9.878	  -4.428	  21.074
76	-119.376	11	  -2.653	  -0.510	 -46.467
77	-115.850	11	   4.133	  23.928	  39.678
78	-114.714	12	  14.569	  28.796	  35.389
79	-111.859	11	 -10.611	  28.491	   5.912
80	-110.978	11	   4.963	  -5.429	  -1.346
81	-110.060	11	 -14.051	  22.150	  14.035
82	-102.393	10	  -2.405	  -2.725	  -2.253
83	-100.822	10	 -10.027	  18.336	  29.731
84	 -98.371	9	  -5.559	   7.346	 -21.135
85	 -92.668	9	   9.953	  25.092	 -43.123
86	 -87.591	9	 -12.546	  24.423	  -3.079
87	 -80.139	8	  25.552	   6.609	 -39.330
88	 -77.557	8	  17.889	 -18.792	 -13.550
89	 -77.055	8	  22.943	  17.286	 -11.977
90	 -76.376	8	  21.637	  22.204	   8.005
91	 -74.394	8	  -3.334	  32.744	  -1.817
92	 -69.598	7	  -4.633	  23.224	 -10.548
93	 -69.254	7	  29.677	  11.986	 -18.858
94	 -69.050	7	  22.841	  -7.950	   8.991
95	 -68.419	7	  -4.352	  15.313	  38.962
96	 -65.189	7	  28.093	 -10.714	   3.863
97	 -62.025	6	  13.725	  -9.889	  -8.045
98	 -61.928	6	  -7.119	  -1.286	  28.319
99	 -61.476	6	  12.965	 -15.782	 -29.591
100	 -61.044	6	   9.378	 -11.548	 -38.915
101	 -60.460	6	 -10.299	  30.524	  14.658
102	 -60.065	6	  -6.138	 -10.438	 -26.853
103	 -57.088	6	  -8.440	  -1.955	 -31.483
104	 -56.942	6	  26.866	 -16.473	 -15.202
105	 -51.500	5	  33.378	  -7.101	  -3.110
106	 -50.811	5	   1.000	  -4.100	  32.932
107	 -50.186	5	  -7.831	  -3.856	 -39.668
108	 -49.084	5	   4.965	  -3.694	   6.350
109	 -48.995	5	  31.993	  16.703	 -26.606
110	 -48.248	3	  23.095	  11.368	  16.426
111	 -46.846	5	   2.369	  26.494	 -15.691
112	 -41.442	4	  -4.341	  25.721	  33.143
113	 -39.522	4	  21.180	 -17.666	   3.208
114	 -39.028	2	  12.378	  19.231	 -19.337
115	 -38.056	4	  24.116	  32.455	  19.384
116	 -36.591	3	  16.378	  14.650	  22.082
117	 -27.853	3	   1.015	  -3.270	  40.798
118	 -21.145	2	  26.410	   0.195	  10.659
119	 -20.197	1	  13.378	  11.711	 -23.857
120	 -19.112	2	  -4.622	  35.711	  13.654
121	 -18.466	2	   6.378	  28.213	  31.143
122	 -18.202	1	  -0.622	  19.711	  26.143
123	 -10.605	1	  37.378	  10.711	 -21.857
124	 -10.144	1	  29.378	   1.711	  18.143
125	  -9.627	1	  17.378	  38.711	  17.143
126	  -9.512	1	  34.378	   3.711	  34.143
127	  -9.120	1	  18.378	  21.711	 -45.857
128	  -9.017	1	  27.378	  10.711	  50.143
129	  -8.995	1	   6.378	  21.711	  21.143
