1	-2209.927	188	   7.373	  22.149	  31.098
2	-1140.160	95	   6.508	  26.347	  11.820
3	-1099.349	94	  14.148	  41.428	  28.516
4	-1088.478	81	  38.144	  25.735	  33.536
5	-977.212	87	  28.326	   2.251	  50.601
6	-848.071	71	  25.585	  25.446	  28.967
7	-741.121	59	  32.984	  22.350	  26.983
8	-704.476	61	  53.055	  22.302	  22.847
9	-682.832	61	  41.865	  -2.171	  33.125
10	-646.257	43	  15.986	  22.924	  46.917
11	-627.147	58	  13.249	  28.973	  40.706
12	-619.107	59	  42.773	  29.292	  17.280
13	-610.127	54	  27.579	  -4.375	  37.018
14	-602.092	55	  43.484	  29.347	  64.456
15	-576.406	53	  36.609	  32.115	   4.044
16	-546.469	51	  14.297	  37.925	   5.653
17	-535.864	48	   7.274	  44.929	  21.932
18	-513.029	49	  48.781	  22.645	  62.253
19	-501.238	36	  20.090	  13.028	  38.795
20	-493.625	44	  44.698	  31.349	  70.962
21	-492.570	42	  43.631	  42.144	  13.866
22	-490.392	47	  61.866	   6.536	  50.923
23	-475.667	44	  10.947	  23.036	  54.995
24	-464.634	41	  55.619	   6.191	  32.841
25	-453.736	42	  44.835	   8.859	  54.157
26	-448.128	42	   9.558	   2.113	  49.311
27	-403.143	38	  18.746	  17.071	  54.520
28	-392.872	38	  42.278	   6.483	  19.181
29	-391.506	33	  23.267	   3.200	  23.296
30	-389.805	35	  25.560	  25.262	   3.048
31	-379.954	36	   4.674	  45.230	   8.088
32	-379.215	34	   9.512	   0.918	  38.490
33	-361.807	32	  56.836	  27.439	  28.984
34	-356.463	36	  41.161	  20.600	  11.330
35	-354.042	34	  53.386	  -2.225	  50.528
36	-349.361	31	  29.809	  23.854	  55.899
37	-349.276	32	  30.327	  34.025	  44.036
38	-346.659	29	  37.563	  35.565	  29.143
39	-345.911	32	  12.923	   0.249	  29.376
40	-324.114	30	  -2.397	  16.206	  36.259
41	-317.845	28	  44.881	  -6.913	  53.417
42	-298.386	28	  22.186	  10.209	   7.437
43	-280.913	26	  47.051	  31.965	  32.510
44	-280.531	26	  57.615	  24.812	  51.789
45	-270.567	24	  -1.502	  13.879	  57.733
46	-260.034	23	  21.715	  -7.693	  47.199
47	-258.227	23	  20.446	  52.754	  25.835
48	-258.133	24	  52.625	  12.025	  56.516
49	-254.452	25	   1.668	  21.032	  10.536
50	-252.760	24	  62.769	  22.315	  33.773
51	-245.207	22	  37.093	  36.437	  36.528
52	-243.974	16	  20.707	  28.573	  40.232
53	-243.711	23	  13.298	  53.282	  18.819
54	-231.545	22	   2.506	  19.852	  63.071
55	-230.438	21	  32.229	  52.913	  28.248
56	-229.304	23	  39.790	  44.743	  23.788
57	-224.573	22	  29.526	  44.645	  36.280
58	-216.721	21	  62.543	  14.766	  44.289
59	-211.500	18	  33.780	   8.541	  18.059
60	-211.141	20	  34.274	  54.347	  18.349
61	-207.345	20	  15.286	  -1.256	  54.276
62	-205.871	20	   0.761	  33.309	  26.670
63	-201.709	19	   3.288	   3.894	  23.509
64	-194.968	20	  58.954	   6.341	  22.934
65	-189.863	18	  36.448	 -10.705	  43.309
66	-186.311	17	  15.499	  17.740	   2.351
67	-185.793	19	  22.201	  -3.024	  26.696
68	-182.906	18	  25.756	  53.484	   7.297
69	-180.089	17	  50.181	  13.075	  14.528
70	-178.104	17	  42.340	  29.782	  54.379
71	-176.796	17	  36.160	   9.783	  59.931
72	-170.430	16	  18.244	  24.681	   2.715
73	-169.844	17	   1.687	   4.037	  31.696
74	-167.190	16	  21.245	  58.163	  18.451
75	-166.726	15	  15.880	  35.519	  38.664
76	-164.560	15	  20.088	  47.670	   3.889
77	-163.377	16	  -6.375	   5.324	  42.063
78	-162.358	16	   1.527	  14.251	  26.269
79	-150.288	14	  25.862	  41.410	   1.974
80	-150.028	14	  -7.144	  18.677	  41.693
81	-146.767	14	  17.434	  52.569	   8.729
82	-146.181	10	  28.317	  24.886	  19.489
83	-146.015	14	  34.723	  40.482	   1.612
84	-144.949	13	  59.953	   7.117	  58.392
85	-136.914	14	   8.336	   6.395	   5.254
86	-131.987	13	  -3.627	  26.650	  53.265
87	-128.669	13	  57.756	  -0.014	  37.275
88	-124.501	13	  65.589	   8.787	  34.294
89	-123.878	10	  23.455	   6.487	  15.324
90	-122.528	12	  17.173	   1.855	  12.832
91	-121.151	9	   8.096	   8.987	  29.718
92	-118.879	12	  31.692	  28.544	  63.531
93	-116.828	10	  22.624	  17.670	  45.190
94	-114.211	11	  23.311	  28.165	  53.744
95	-109.635	6	  37.433	  -0.696	  45.229
96	-107.881	11	  39.105	  24.795	  71.749
97	-101.259	10	  -0.953	   0.484	  49.161
98	 -97.755	10	  -1.495	  12.018	  16.605
99	 -96.485	9	  45.458	   2.558	  26.141
100	 -94.706	10	   0.705	  35.246	  16.955
101	 -91.983	9	  35.237	  35.028	  59.969
102	 -90.803	9	  36.301	  -4.656	  28.619
103	 -89.857	9	  50.732	  -5.745	  38.325
104	 -88.909	9	  65.871	  14.412	  17.347
105	 -85.267	9	  13.328	  41.660	  35.826
106	 -84.495	8	  59.638	  30.979	  40.815
107	 -83.346	8	  29.474	  14.911	   6.584
108	 -83.116	5	  37.995	  22.487	  19.120
109	 -81.768	8	  34.690	  -8.293	  53.094
110	 -79.843	8	  49.578	  24.932	  71.831
111	 -78.855	8	  50.545	  32.601	  46.648
112	 -77.667	8	  18.751	  33.900	  46.227
113	 -75.396	7	  44.803	  40.462	   5.514
114	 -68.875	7	  -2.107	  24.177	  44.740
115	 -68.590	7	  10.654	  27.738	   0.341
116	 -66.245	7	   9.169	  49.291	   0.339
117	 -64.733	7	  34.623	  51.633	   1.779
118	 -62.976	6	  19.956	   6.398	  52.983
119	 -60.020	6	   2.619	  41.587	  29.814
120	 -59.701	4	   2.115	  11.994	  46.147
121	 -59.646	6	  46.726	  27.156	   5.716
122	 -58.178	6	  45.450	 -11.466	  43.965
123	 -52.386	3	   9.612	  18.759	  18.204
124	 -51.606	5	  58.402	  19.365	  16.947
125	 -51.318	5	   0.069	  24.560	  24.092
126	 -50.303	5	  33.867	  18.260	  63.582
127	 -50.283	5	  42.012	  46.956	   3.167
128	 -48.757	5	  -5.152	   8.320	  51.151
129	 -48.120	5	  13.985	  -9.241	  47.945
130	 -48.086	5	  19.763	  32.738	   0.155
131	 -46.971	5	   1.381	   4.794	  15.175
132	 -46.166	5	  -7.395	  16.758	  49.923
133	 -43.630	3	  27.365	   7.759	  39.612
134	 -40.014	4	  16.297	  -8.476	  37.666
135	 -39.905	4	  43.190	  18.012	  64.802
136	 -38.367	4	   5.335	  36.011	  37.806
137	 -38.230	3	  13.082	  18.461	  37.435
138	 -38.010	4	   5.874	  28.995	  48.064
139	 -37.905	4	   9.816	  10.759	  58.384
140	 -32.931	3	  20.998	  42.067	  42.341
141	 -32.794	2	  31.136	  19.759	  42.341
142	 -31.016	3	  24.927	   8.185	  59.039
143	 -30.088	2	  43.612	  12.759	  21.683
144	 -29.634	3	  23.273	  49.098	  36.664
145	 -29.372	3	   9.319	  -0.256	  16.770
146	 -24.646	2	  20.110	  37.246	  18.839
147	 -22.141	2	  66.104	  15.759	  31.865
148	 -22.049	2	  39.612	  -0.693	  55.341
149	 -20.372	2	  31.266	   1.208	  22.341
150	 -19.468	2	   4.587	  22.784	   1.879
151	 -19.013	2	  47.086	 -16.241	  51.341
152	 -13.267	1	  12.612	  28.759	  22.341
153	 -13.088	1	  34.612	  37.759	  19.341
154	  -9.378	1	  45.612	  20.759	  40.341
155	  -9.331	1	   3.612	  12.759	   1.341
156	  -9.273	1	  62.612	  20.759	  57.341
157	  -9.180	1	  50.612	  31.759	  11.341
158	  -8.983	1	  28.612	  59.759	  27.341
