1	-1770.068	162	   8.047	  17.176	  11.157
2	-787.808	74	  12.158	  14.471	   4.719
3	-371.112	35	  26.456	  22.419	   4.980
4	-348.804	33	  12.538	   5.451	  10.254
5	-321.109	29	  16.970	  21.969	  -4.478
6	-291.730	28	   0.401	  10.944	   8.268
7	-276.839	25	   0.342	  30.416	 -10.156
8	-248.740	24	  12.894	  34.866	  -7.233
9	-238.119	21	  10.410	  25.910	  21.547
10	-235.797	24	  23.855	  28.383	  25.058
11	-227.846	19	   2.756	  21.621	 -15.410
12	-223.922	21	   7.427	  34.358	  13.334
13	-209.850	19	  -1.342	  10.275	  -4.845
14	-193.847	19	  -6.847	  17.931	  -8.862
15	-191.306	17	  10.519	   3.814	  21.851
16	-186.029	16	   1.555	  37.027	  -1.677
17	-180.185	17	  22.756	  10.796	  10.843
18	-169.973	14	  17.689	  13.532	  32.861
19	-168.860	14	  17.018	  32.867	  19.442
20	-168.496	17	  21.228	   4.194	  26.660
21	-164.415	16	  -2.140	  25.515	   6.420
22	-154.017	15	  23.857	  35.213	  13.148
23	-144.550	13	  25.833	  15.390	  27.877
24	-137.970	11	  20.208	  30.885	  -1.712
25	-136.762	12	  30.996	  19.636	  18.925
26	-121.782	12	  -3.984	  17.768	   5.234
27	-110.251	11	   4.221	   4.117	  13.467
28	 -90.219	9	  18.536	  37.058	   1.441
29	 -82.678	8	   3.965	  11.162	  27.305
30	 -71.340	7	  11.600	  24.411	 -12.333
31	 -70.400	7	   2.313	  35.034	   7.682
32	 -57.464	6	  -0.778	  11.984	 -14.849
33	 -52.446	5	  -5.531	  31.155	   2.316
34	 -52.320	5	  29.902	  12.853	  13.439
35	 -50.646	5	  -8.337	  20.568	  -1.570
36	 -50.196	5	  10.726	   5.175	  32.352
37	 -49.051	5	  14.675	  22.178	  29.602
38	 -47.076	5	   3.509	  27.347	  16.758
39	 -32.508	3	   0.925	  11.601	  17.806
40	 -29.181	3	  10.593	  14.594	  -8.218
41	 -28.517	3	  24.964	   5.644	  17.523
42	 -19.297	2	  -7.567	  26.641	  -8.702
43	 -18.996	2	  20.418	  16.636	  -0.194
44	 -18.927	2	  29.935	  29.621	  15.806
45	  -9.287	1	  27.925	  31.641	   3.806
46	  -8.960	1	   8.925	  18.641	  24.806
