1	-1760.208	165	   6.144	  -3.403	  15.666
2	-845.255	77	   2.635	   3.050	  10.527
3	-302.287	27	  27.804	  -9.353	  22.016
4	-298.919	27	  -0.120	  -2.348	  32.197
5	-288.919	28	   8.808	  15.603	  19.457
6	-284.091	26	  -5.837	  -8.812	  19.689
7	-265.975	24	   1.320	 -10.358	  10.316
8	-246.125	22	  19.462	 -12.269	   9.130
9	-234.928	21	  -0.334	  12.559	  14.002
10	-232.961	21	  -9.035	  -5.695	   3.964
11	-227.259	20	  11.939	  -6.359	  27.345
12	-225.354	19	  -2.047	  16.068	  22.882
13	-202.250	18	 -18.348	   7.008	   9.327
14	-201.922	20	  -1.253	  13.562	  31.387
15	-192.551	18	 -11.487	  13.617	  23.790
16	-180.033	17	  28.703	   1.906	  22.580
17	-179.766	17	   9.100	  -1.780	   5.689
18	-176.626	17	 -18.735	   3.959	  18.348
19	-175.306	17	  10.003	  10.886	  34.271
20	-174.229	16	  16.266	   6.418	  10.193
21	-169.528	15	  11.826	   2.588	  34.545
22	-148.716	15	  20.449	   4.933	  33.237
23	-141.867	14	 -18.303	  -5.827	  16.432
24	-138.352	11	 -13.410	   0.950	  28.993
25	-137.142	14	 -18.294	  -4.917	   8.282
26	-130.592	11	  22.097	  12.243	  23.159
27	-116.480	12	 -15.787	  -6.538	  25.752
28	-110.338	11	  18.172	  13.278	  15.423
29	-105.915	11	  17.630	   0.818	   5.925
30	-105.515	11	  29.992	  -7.205	  11.316
31	 -76.321	8	  27.368	   2.949	  11.688
32	 -74.216	8	  20.247	  -5.276	  30.342
33	 -69.771	7	  -6.536	 -10.335	  12.432
34	 -67.925	7	   1.108	  -7.248	   2.163
35	 -66.861	7	 -10.015	  12.189	  13.411
36	 -58.813	6	 -16.993	   1.079	   0.911
37	 -51.860	5	  -7.003	   7.176	   4.378
38	 -42.278	4	  27.689	 -15.122	  14.060
39	 -32.526	3	  -5.988	   1.102	  -1.429
40	 -29.731	3	   9.074	 -11.152	   4.916
41	 -27.632	3	   9.018	 -12.466	  16.910
42	 -20.628	2	  18.012	 -16.263	  18.571
