1	-1179.215	89	  -6.890	   6.215	  18.853
2	-632.734	60	 -17.040	   9.708	  14.437
3	-627.585	57	   2.104	   2.319	  21.295
4	-462.615	43	  -4.659	  -3.500	  22.623
5	-419.160	40	 -25.846	   1.701	   8.205
6	-369.813	34	 -14.384	 -13.420	   9.836
7	-346.803	30	 -17.809	   4.741	   3.540
8	-307.897	28	   4.921	 -13.154	   4.280
9	-301.839	29	  -7.997	   5.416	  -0.910
10	-300.816	27	 -14.625	  -7.281	  22.645
11	-288.000	25	   9.412	  -1.683	   8.535
12	-203.764	19	   9.200	  -5.141	  18.999
13	-199.889	20	   7.080	   9.585	   7.115
14	-166.420	16	  -1.774	   7.001	  27.544
15	-161.283	16	  -9.953	  19.811	  16.183
16	-151.622	15	   3.270	  -0.264	   0.403
17	-148.561	14	 -22.881	  -3.215	  19.351
18	-127.532	12	 -15.181	  -2.388	   0.148
19	-127.398	12	  -0.872	 -18.242	  13.882
20	-110.662	10	 -25.856	  -9.609	  15.569
21	-103.019	10	  -2.224	  16.973	   9.659
22	 -89.871	9	  -9.680	  11.377	  27.477
23	 -70.442	7	 -16.434	   4.660	  23.230
24	 -69.337	7	  -4.257	 -16.365	  22.215
25	 -64.320	6	 -10.371	  -9.903	   3.246
26	 -64.116	7	 -24.173	   7.761	  15.957
27	 -60.329	6	   4.285	  12.846	  19.238
28	 -59.421	6	 -12.890	  16.053	   6.302
29	 -58.513	6	   7.433	 -15.969	  13.929
30	 -57.723	6	  -2.180	  18.392	  23.193
31	 -57.479	6	  -1.112	  -7.086	  -1.111
32	 -41.878	4	  10.710	   5.764	  18.256
33	 -31.027	3	 -31.023	   1.690	  13.921
34	 -30.890	3	 -22.315	 -11.938	   6.582
35	 -28.437	3	  -7.011	  -7.649	  29.603
36	 -27.524	3	 -13.019	 -17.947	  19.246
37	  -9.624	1	   5.977	 -12.947	  21.246
