1	-919.250	76	  31.142	  28.010	   4.086
2	-898.697	78	  84.321	   9.943	  38.655
3	-808.137	72	 -10.535	  24.594	   2.848
4	-807.566	73	  63.502	  46.329	  37.699
5	-761.400	57	  20.582	  12.623	  -4.912
6	-739.521	56	  65.725	  13.012	  29.585
7	-712.982	64	  70.559	  22.432	  55.006
8	-664.516	59	  14.087	  19.960	  20.506
9	-462.170	44	  58.108	  19.921	  18.422
10	-434.505	36	   2.599	  29.180	  11.160
11	-419.164	35	  73.149	  36.265	  45.898
12	-419.137	38	  10.940	   8.533	 -15.910
13	-401.722	40	  57.123	   9.571	  38.082
14	-386.775	37	  63.189	  32.348	  52.427
15	-365.260	33	  59.887	  13.814	  49.410
16	-347.870	32	  18.446	   8.057	  14.577
17	-346.083	31	  17.952	  29.844	 -15.233
18	-339.163	32	   1.520	  18.113	  17.442
19	-337.694	30	  22.399	  33.882	   6.875
20	-327.859	30	  29.227	  26.788	 -17.029
21	-325.355	31	   4.733	   1.544	   1.648
22	-322.040	28	  85.621	  20.328	  41.499
23	-311.924	28	  80.112	  22.442	  19.276
24	-308.843	28	  69.425	  42.592	  44.751
25	-301.479	30	  48.862	  22.741	  35.474
26	-301.114	28	  -0.723	  20.027	 -16.279
27	-299.687	28	  63.168	  35.133	  18.179
28	-293.733	28	 -14.352	  20.486	   7.870
29	-286.926	27	  72.784	  48.763	  34.903
30	-284.233	26	  81.834	  11.430	  17.416
31	-282.733	26	  -7.067	  13.764	   7.924
32	-281.355	25	  -9.119	  33.788	   0.578
33	-276.237	26	  57.614	  47.884	  42.520
34	-269.019	24	  -6.373	  16.916	  -2.752
35	-258.851	24	  55.097	  38.507	  43.016
36	-257.919	21	  74.569	  13.997	  19.737
37	-256.159	22	  18.450	  26.562	  16.060
38	-242.276	21	  23.135	  21.341	 -15.479
39	-240.982	20	  77.600	  20.837	  50.222
40	-232.419	22	  19.168	   3.522	   4.597
41	-225.528	20	  58.137	  39.194	  33.056
42	-210.035	19	  69.292	   1.326	  31.398
43	-201.990	20	  70.889	  10.115	  51.111
44	-191.988	18	  54.095	  33.399	  25.570
45	-182.282	17	  -2.764	  10.419	  -9.674
46	-180.090	18	  72.657	   3.290	  41.758
47	-180.084	18	  85.178	  37.297	  34.181
48	-176.254	17	  33.216	  11.347	  -3.030
49	-174.361	17	  29.049	  26.047	  13.336
50	-174.265	16	  -4.124	  25.375	  11.811
51	-172.599	17	  32.230	  14.680	   7.440
52	-162.416	15	  89.439	  15.167	  29.379
53	-157.744	14	  -5.419	  32.187	   8.120
54	-156.344	15	  81.443	  10.490	  47.773
55	-148.819	15	  25.163	  15.619	  16.630
56	-148.448	14	   5.879	   4.188	 -13.118
57	-146.879	14	  55.873	  31.378	  49.841
58	-137.340	13	  11.383	   8.356	  17.911
59	-135.434	13	  52.178	  22.840	  21.068
60	-133.664	13	  84.790	  30.304	  47.313
61	-133.031	13	   6.267	  14.081	 -22.211
62	-129.666	13	  71.572	  40.957	  20.745
63	-126.380	13	  12.947	  -0.043	   0.623
64	-122.775	12	   6.449	  40.554	  -0.139
65	-119.742	12	   9.524	  31.002	  17.852
66	-116.397	10	  28.393	  34.982	  -5.099
67	-110.356	11	  76.561	  28.969	  17.969
68	-107.341	10	  60.546	  26.474	  12.290
69	-106.916	11	  51.026	  14.906	  35.054
70	-106.610	10	  -0.615	  11.334	  15.129
71	-102.713	10	  -3.154	  29.582	 -13.539
72	-101.688	10	  28.788	   4.859	   9.333
73	 -98.658	10	  14.599	  37.638	 -11.196
74	 -95.285	9	  59.685	  21.316	  54.535
75	 -95.060	9	  16.271	  40.471	   1.575
76	 -94.756	9	  89.441	  28.589	  36.588
77	 -93.275	9	  81.927	   1.204	  39.536
78	 -87.877	9	  61.929	   2.277	  43.524
79	 -81.542	8	   3.723	  25.889	 -17.843
80	 -78.956	8	  37.789	  22.039	   5.411
81	 -77.709	8	  77.547	  36.298	  21.175
82	 -71.222	7	  35.149	  30.619	  -1.731
83	 -64.684	6	  10.036	  28.867	 -16.567
84	 -61.525	6	  32.937	  15.777	 -12.304
85	 -60.642	6	   5.829	  38.465	  10.732
86	 -59.970	6	  87.586	   7.347	  33.027
87	 -59.785	6	   4.122	  33.611	 -12.851
88	 -59.072	6	  75.571	  32.060	  53.441
89	 -58.864	6	  17.434	   5.961	  -9.385
90	 -58.847	6	  37.220	  25.922	 -12.001
91	 -57.303	6	  89.764	  18.162	  21.204
92	 -57.270	6	  15.921	  38.856	  10.500
93	 -55.708	5	  50.736	  31.764	  39.927
94	 -50.457	5	  21.706	   3.260	  -2.436
95	 -48.366	5	  82.399	   2.007	  22.774
96	 -48.208	5	  72.384	   3.365	  22.538
97	 -41.584	4	  -2.799	  38.172	  -1.606
98	 -41.348	4	  87.603	  26.724	  23.544
99	 -39.923	4	  84.152	  33.946	  24.057
100	 -39.250	4	  88.169	   6.674	  21.286
101	 -39.026	4	  58.179	  12.673	  25.784
102	 -31.570	3	  -3.036	   6.833	   5.199
103	 -31.029	3	  79.223	  44.524	  34.489
104	 -30.427	3	   3.225	  -0.221	  12.359
105	 -29.841	3	  -9.752	  31.499	  -7.137
106	 -29.745	3	  69.603	  31.172	  15.915
107	 -28.467	3	  21.242	  39.172	  -3.789
108	 -28.337	3	  25.921	  36.818	 -12.791
109	 -20.117	2	  46.812	  22.726	  47.767
110	 -19.977	2	  89.921	  23.627	  30.538
111	 -19.349	2	  69.921	  48.656	  28.022
112	 -18.287	2	  81.921	  41.666	  43.044
113	 -18.251	2	  69.409	  36.660	  52.050
114	 -18.164	2	  50.394	  33.117	  33.029
115	 -15.637	1	   9.921	   9.172	  -7.462
116	 -11.877	1	  57.921	  21.172	  27.538
117	 -11.175	1	  18.921	  21.172	   6.538
118	 -10.141	1	  -2.079	   5.172	  -2.462
119	 -10.061	1	  46.921	  16.172	  43.538
120	  -9.799	1	   9.921	  -2.828	   8.538
121	  -9.368	1	  48.921	  20.172	  27.538
