1	-503.042	44	  11.061	  34.436	  27.567
2	-441.412	39	  25.720	  16.964	  20.697
3	-436.845	41	  24.732	  10.194	   3.108
4	-421.711	39	   3.336	  34.915	   3.820
5	-391.984	36	  11.752	  25.120	  26.129
6	-384.282	34	  15.896	  40.205	  16.171
7	-356.135	30	  11.963	  32.149	   1.502
8	-348.290	31	  -1.424	  33.307	  13.723
9	-328.025	32	  -4.860	  16.587	  34.772
10	-313.439	28	   4.267	   6.771	  29.880
11	-282.729	27	  27.898	  27.196	  16.547
12	-255.641	24	  29.333	  21.350	  -0.196
13	-253.707	24	  11.413	  43.457	  25.268
14	-232.958	22	  15.829	  16.967	  -3.723
15	-218.403	21	  -6.653	  28.681	  16.913
16	-216.716	18	  -6.376	  16.400	  18.987
17	-214.740	21	  18.028	   6.857	  -0.093
18	-209.181	20	  24.581	   3.829	  10.166
19	-204.122	20	  23.697	  39.914	  24.892
20	-201.354	18	  28.665	  23.456	  31.289
21	-200.910	20	   6.188	  49.337	  31.294
22	-182.595	18	  -9.021	  34.080	  28.763
23	-151.511	15	  -4.840	  20.054	   9.415
24	-140.149	14	  -1.363	   6.348	  23.153
25	-135.140	12	 -13.016	  26.432	  33.861
26	-135.106	12	   6.607	  13.900	   0.429
27	-130.979	13	   0.658	  40.547	  22.851
28	-111.457	11	  16.813	  30.746	  33.473
29	-109.995	11	  17.993	   4.481	  21.132
30	-109.299	11	  -0.005	  28.691	   0.302
31	-103.289	10	 -12.478	  27.287	  24.162
32	-100.503	10	  21.122	  10.702	  27.911
33	 -94.874	9	  27.375	  33.419	  12.101
34	 -94.283	8	   0.324	  11.031	  39.944
35	 -90.999	9	  27.515	  11.980	  13.814
36	 -86.666	9	  24.626	  30.609	   0.265
37	 -86.268	8	  -0.418	  19.761	   2.694
38	 -85.236	9	  12.392	  13.223	  35.946
39	 -82.400	8	  15.891	  -1.038	  15.876
40	 -80.486	8	  24.843	   6.379	  18.397
41	 -77.830	7	  31.245	  19.455	  11.966
42	 -75.172	7	  -0.151	  40.879	  30.406
43	 -75.009	7	   6.341	  43.356	  16.411
44	 -74.505	7	   4.101	   9.185	  12.956
45	 -72.743	5	  21.588	  27.812	  26.269
46	 -70.880	7	   6.853	  43.711	  36.732
47	 -67.121	7	   5.878	  18.187	  39.232
48	 -61.286	6	  -7.750	  12.786	  28.616
49	 -58.839	6	  31.913	  31.111	  23.992
50	 -58.380	6	  14.011	   0.029	   5.552
51	 -51.344	5	  10.906	   6.444	  24.732
52	 -50.308	5	   7.263	  26.495	  -4.688
53	 -43.498	3	  13.987	  13.258	  11.202
54	 -40.023	4	   8.990	   2.607	  13.424
55	 -38.007	4	  -2.271	  10.637	  16.196
56	 -36.737	4	  19.954	  25.801	  -7.308
57	 -31.190	3	   6.432	   6.934	   5.336
58	 -29.537	3	  23.035	  38.944	   8.944
59	 -20.587	2	  21.261	  19.105	  32.944
60	 -20.106	2	  34.729	  14.194	   3.944
61	 -19.878	2	  -0.755	  23.637	  36.944
62	 -19.002	2	 -18.284	  34.597	  30.424
63	 -18.938	2	   9.227	  43.139	   5.449
64	 -18.489	2	  20.229	  38.637	  37.944
65	 -18.220	2	   3.259	  33.186	  33.434
66	 -12.945	1	   1.729	  21.637	  11.944
67	 -12.311	1	   4.729	  14.637	  29.944
68	  -9.285	1	  -7.271	  35.637	   6.944
69	  -8.922	1	  27.729	  33.637	  33.944
