1	-1363.600	122	  18.228	  52.926	   0.727
2	-1304.463	116	  36.653	   7.992	   2.060
3	-1264.816	113	 -11.337	  14.868	   8.295
4	-1206.501	113	  14.612	  25.582	   5.239
5	-1188.659	107	  15.483	  26.133	  13.637
6	-1149.685	92	  -0.019	  45.569	  -5.615
7	-1053.218	85	   1.586	   3.543	  -3.436
8	-1003.494	79	  37.455	  25.008	  -9.188
9	-901.969	80	  31.070	  13.905	  -3.262
10	-859.675	72	  54.898	  31.985	  -2.470
11	-852.999	71	  -0.075	 -13.172	   7.443
12	-849.563	69	 -12.002	  57.393	   5.107
13	-831.163	73	  13.487	  25.232	  -2.852
14	-779.981	69	  -3.068	  15.778	   1.515
15	-775.831	68	  13.558	  44.584	  -2.736
16	-658.165	54	  42.498	  37.401	  13.841
17	-649.653	54	  12.501	  -1.869	  20.479
18	-634.007	52	  -5.820	  43.595	  20.468
19	-546.958	53	 -11.839	  -0.387	   2.949
20	-545.075	52	   3.975	  59.928	  -3.209
21	-496.650	45	  15.005	  33.355	  -9.739
22	-484.907	41	 -16.488	  49.196	  11.215
23	-483.431	46	  48.311	  15.497	  -5.912
24	-479.401	41	  50.722	  41.222	   2.384
25	-478.828	41	  10.536	 -13.291	  10.682
26	-474.601	44	   3.410	  11.699	  16.669
27	-467.043	43	   9.305	  44.759	  13.830
28	-465.304	45	  22.387	   9.942	  17.510
29	-454.448	41	  19.168	  19.661	 -10.946
30	-450.014	40	   4.938	  21.560	  -8.882
31	-445.757	40	  34.967	  22.943	  12.079
32	-425.406	41	  -1.219	  28.912	  19.331
33	-421.882	37	  33.130	  49.300	   7.135
34	-411.719	39	  27.046	  40.209	  14.626
35	-406.082	35	 -13.589	  29.997	  15.013
36	-388.827	32	  26.523	  -1.159	  10.959
37	-377.191	35	  11.662	  -8.792	 -13.861
38	-360.561	34	  40.369	  40.111	 -20.877
39	-354.880	33	 -16.943	  40.442	 -12.842
40	-288.199	28	  29.786	  16.586	   9.920
41	-284.878	26	 -18.741	  19.916	   8.956
42	-284.257	28	  45.546	  25.654	  12.140
43	-265.373	22	  42.813	  28.960	 -20.566
44	-254.840	24	  20.942	   7.678	 -16.522
45	-239.994	23	 -13.396	  54.328	 -15.632
46	-237.833	23	   1.551	  51.759	  16.437
47	-233.938	22	  26.741	  25.142	 -19.075
48	-228.090	21	  25.805	  58.564	  -4.439
49	-227.447	22	  -1.688	 -11.820	 -13.628
50	-224.860	20	   1.912	  -4.688	 -13.921
51	-222.404	20	   5.422	  10.839	 -15.301
52	-220.074	21	  -7.400	  24.762	 -13.785
53	-214.296	19	   2.769	  36.514	 -16.308
54	-206.846	19	 -20.518	  54.759	  -3.044
55	-206.131	20	  27.711	  49.730	 -18.023
56	-201.014	19	  36.760	  -1.909	  -1.781
57	-200.104	19	  16.536	  43.751	   8.902
58	-195.063	18	   3.974	 -18.668	  -2.945
59	-191.859	19	  49.891	  30.460	 -23.311
60	-191.402	18	   3.481	  39.095	  21.917
61	-190.426	19	 -17.176	  23.353	 -10.031
62	-184.849	19	  -6.063	  64.116	   5.214
63	-182.268	17	  55.417	  38.394	 -12.840
64	-180.587	17	 -26.055	  35.589	   4.158
65	-177.076	17	  34.088	  -0.742	   6.454
66	-176.564	17	  34.580	  31.911	  18.183
67	-174.468	14	   3.399	   3.395	 -11.993
68	-170.027	13	  34.751	  26.532	 -16.487
69	-169.093	14	  -8.909	  47.847	 -14.926
70	-164.091	16	  25.414	  49.560	   8.449
71	-162.723	16	  57.705	  22.576	  -1.205
72	-162.295	14	  -1.937	  42.664	 -13.627
73	-159.572	15	   0.500	  18.716	  13.386
74	-158.300	16	  49.645	  49.947	  -6.187
75	-158.010	15	  11.914	   8.807	  22.473
76	-151.363	15	 -25.012	  43.203	   8.564
77	-149.488	15	  -9.767	   5.569	  16.809
78	-147.934	14	 -10.246	  22.967	  15.081
79	-146.951	14	  30.577	   5.493	  10.955
80	-146.108	14	  -9.142	 -10.397	  10.240
81	-145.619	14	   3.301	   1.740	  20.038
82	-142.034	13	  41.811	  54.655	  -7.093
83	-137.413	13	  11.948	   9.360	 -21.173
84	-136.913	13	  11.372	  59.250	   8.720
85	-135.259	13	  27.383	  -0.821	 -14.559
86	-134.407	13	  -7.006	  58.298	  13.425
87	-133.941	12	  23.244	  31.461	 -24.252
88	-132.607	12	  -2.607	  30.735	 -20.416
89	-130.349	13	  54.266	  27.720	   7.476
90	-129.751	13	  21.939	  -6.691	  17.597
91	-127.440	12	  27.686	  55.526	   3.380
92	-125.608	12	  20.550	  39.405	 -19.484
93	-124.101	13	  -5.336	  -2.256	  16.801
94	-123.001	12	   0.433	  -9.626	  16.466
95	-121.826	12	 -23.849	  23.553	   3.850
96	-121.054	11	  46.159	  12.252	   7.676
97	-119.657	11	  25.422	  12.383	  -8.205
98	-115.138	12	 -25.454	  36.486	  -5.689
99	-114.230	11	  39.735	  52.257	 -15.623
100	-112.932	11	  18.619	 -18.207	   2.708
101	-112.020	10	 -10.130	  16.750	   0.700
102	-110.876	10	  17.446	  41.547	  -9.053
103	-105.831	10	  22.308	 -13.520	  -8.931
104	-103.943	10	 -15.213	  37.746	  20.157
105	-100.422	9	  24.638	 -14.531	  -0.645
106	 -96.851	9	   8.192	  30.049	 -13.101
107	 -90.504	9	  41.575	  48.091	  11.188
108	 -89.526	9	  31.186	  -9.742	  -0.631
109	 -87.917	8	  -3.726	  20.376	  -4.828
110	 -79.390	8	   1.545	  15.026	  -7.476
111	 -78.416	8	  28.036	  19.598	 -11.539
112	 -76.254	8	   9.369	  40.725	  -9.819
113	 -70.637	7	 -18.842	   8.967	  11.509
114	 -68.570	7	  -3.370	 -19.769	  -9.547
115	 -68.333	7	  23.785	  -7.003	 -12.993
116	 -65.543	7	 -23.129	  49.219	   2.756
117	 -63.693	6	  -2.576	  57.938	 -12.946
118	 -62.174	6	  27.433	  38.108	 -22.685
119	 -61.457	6	  -9.128	  -3.277	  -8.592
120	 -61.144	6	  17.682	  63.371	   2.854
121	 -60.252	6	  40.068	  55.231	   4.597
122	 -59.424	6	 -18.519	  60.511	 -11.946
123	 -59.046	6	 -14.848	  62.020	  -1.123
124	 -58.249	6	 -10.221	  63.543	 -10.261
125	 -57.788	6	  56.546	  23.241	 -17.436
126	 -56.854	6	   2.350	  62.920	   8.027
127	 -56.398	6	  19.058	 -16.094	  10.923
128	 -54.118	5	  54.042	  35.217	   5.672
129	 -53.499	5	  47.730	  19.696	 -17.188
130	 -52.781	5	  -4.032	 -17.770	   1.477
131	 -49.663	5	 -19.967	  30.439	  -9.908
132	 -49.410	5	  52.522	  39.860	 -22.216
133	 -49.279	5	  33.472	  58.804	  -6.109
134	 -48.486	5	  52.891	  18.043	   5.036
135	 -47.973	5	  11.670	 -18.770	   1.061
136	 -40.851	4	  45.666	   4.230	   2.832
137	 -40.545	4	 -22.117	  34.304	  15.044
138	 -40.060	4	   5.873	 -19.770	 -10.505
139	 -39.583	4	 -23.593	  51.764	 -11.378
140	 -39.427	4	  -5.134	  35.230	  27.535
141	 -32.192	3	  57.873	  33.240	 -20.946
142	 -31.618	3	  15.983	   2.456	 -18.539
143	 -30.394	3	  59.203	  31.569	  -9.577
144	 -30.085	3	 -16.779	  16.230	  -3.273
145	 -30.050	3	 -10.211	  31.204	 -16.862
146	 -29.103	3	  21.224	  56.230	 -10.626
147	 -28.743	3	  33.537	  29.552	 -23.610
148	 -27.770	3	  14.517	 -17.770	  -9.267
149	 -21.076	2	  28.647	 -10.845	   9.667
150	 -20.535	2	  35.873	   1.729	  -8.946
151	 -19.744	2	  26.873	  32.698	  18.054
152	 -19.718	2	  21.334	   2.307	  25.593
153	 -19.226	2	 -25.127	  45.721	  -6.455
154	 -18.853	2	 -21.611	  42.746	  16.570
155	 -18.381	2	  49.370	  49.733	   2.569
156	 -16.149	1	  27.873	  10.230	   5.054
157	 -12.691	1	   7.873	  -1.770	   8.054
158	 -11.824	1	  41.873	  33.230	   2.054
159	  -9.620	1	  35.873	  43.230	  21.054
160	  -9.574	1	  47.873	  47.230	 -17.946
161	  -9.273	1	 -10.127	 -14.770	  -4.946
162	  -8.984	1	  14.873	  28.230	 -18.946
