1	-1413.168	111	 181.736	 150.082	 169.058
2	-1239.327	108	 178.536	 149.622	 158.328
3	-858.681	76	 183.815	 159.243	 161.935
4	-552.305	52	 181.484	 137.961	 160.536
5	-535.024	45	 190.121	 155.572	 181.206
6	-480.579	43	 195.368	 137.218	 161.929
7	-479.981	46	 180.934	 157.189	 152.548
8	-447.770	43	 173.394	 137.038	 170.849
9	-417.066	39	 159.801	 155.781	 166.478
10	-369.316	36	 194.074	 152.576	 171.562
11	-366.299	34	 172.173	 140.800	 180.307
12	-319.606	29	 180.203	 150.744	 142.886
13	-280.653	24	 173.717	 165.020	 167.944
14	-272.106	26	 201.750	 142.596	 171.231
15	-270.112	24	 195.353	 148.914	 139.432
16	-268.934	25	 172.847	 140.839	 155.437
17	-253.150	24	 197.034	 160.729	 151.795
18	-249.365	24	 153.014	 141.634	 167.510
19	-234.503	23	 167.592	 161.511	 161.886
20	-231.604	22	 185.312	 158.935	 169.730
21	-191.487	17	 190.037	 135.317	 154.755
22	-190.615	18	 156.274	 147.743	 154.466
23	-186.936	17	 182.341	 160.551	 139.641
24	-183.410	19	 181.646	 151.891	 190.431
25	-180.411	18	 187.918	 150.128	 136.515
26	-179.413	15	 185.452	 140.306	 144.677
27	-175.640	18	 183.359	 134.635	 176.795
28	-173.112	17	 188.006	 148.471	 192.128
29	-167.736	15	 187.028	 166.019	 150.736
30	-161.577	16	 190.932	 132.306	 181.028
31	-157.825	15	 199.194	 137.411	 152.367
32	-156.641	15	 186.217	 136.595	 191.924
33	-155.294	14	 165.818	 138.958	 155.966
34	-145.721	15	 164.248	 139.187	 147.852
35	-143.949	13	 162.317	 152.830	 157.848
36	-142.996	14	 198.537	 149.577	 181.631
37	-142.312	14	 183.057	 161.304	 179.558
38	-138.277	12	 161.204	 137.809	 172.573
39	-134.240	13	 196.571	 145.919	 191.351
40	-131.001	12	 178.987	 164.638	 147.044
41	-128.677	12	 171.371	 156.747	 155.746
42	-116.133	11	 175.311	 138.089	 147.341
43	-100.809	9	 200.819	 148.762	 160.701
44	 -99.138	10	 192.781	 158.077	 188.109
45	 -95.184	10	 195.732	 141.538	 143.095
46	 -93.928	9	 201.253	 152.898	 150.251
47	 -92.984	9	 195.251	 133.251	 174.465
48	 -91.303	8	 160.028	 144.439	 176.735
49	 -88.445	8	 199.276	 139.403	 181.950
50	 -87.894	9	 197.452	 164.469	 140.847
51	 -82.036	8	 180.362	 141.288	 189.818
52	 -71.211	7	 166.529	 145.055	 144.014
53	 -71.130	7	 205.401	 149.501	 168.249
54	 -69.415	7	 172.525	 165.808	 175.955
55	 -64.628	6	 200.243	 155.202	 141.636
56	 -60.769	6	 191.560	 159.261	 135.560
57	 -58.592	6	 165.953	 149.051	 180.709
58	 -52.273	5	 165.848	 136.156	 165.310
59	 -47.139	5	 180.457	 165.740	 174.117
60	 -40.979	4	 158.648	 151.379	 175.709
61	 -40.302	4	 168.809	 161.113	 181.709
62	 -39.360	4	 155.579	 138.845	 152.115
63	 -39.041	4	 162.490	 159.568	 174.466
64	 -38.053	4	 196.705	 136.114	 189.987
65	 -38.050	4	 152.810	 152.143	 168.187
66	 -36.389	4	 158.507	 134.603	 160.191
67	 -32.068	2	 161.253	 144.752	 160.709
68	 -29.290	3	 190.585	 161.335	 159.041
69	 -29.136	3	 164.904	 150.990	 149.046
70	 -20.888	2	 188.253	 151.349	 149.217
71	 -20.226	2	 175.766	 159.349	 185.709
72	 -20.141	2	 191.789	 135.349	 146.709
73	 -19.047	2	 202.253	 144.349	 154.224
74	  -9.259	1	 173.253	 147.349	 187.709
