1	-1779.652	150	   6.843	 -22.090	  17.959
2	-1343.812	109	  13.799	 -13.759	   6.547
3	-873.689	72	   7.084	 -13.190	  35.440
4	-865.881	69	  22.618	   3.750	  -1.443
5	-806.182	65	  -0.551	 -22.439	  38.492
6	-741.608	64	   1.549	   1.320	   4.987
7	-706.417	61	  20.188	 -18.174	  33.403
8	-644.740	55	  14.717	   5.462	   9.562
9	-567.904	53	  18.262	 -18.590	   9.049
10	-554.447	50	   9.350	 -29.291	  19.882
11	-532.029	52	  27.120	 -16.723	   6.889
12	-518.003	46	  12.884	 -20.627	  33.260
13	-501.293	44	   9.203	  -0.010	   2.507
14	-486.997	47	  27.604	 -14.751	  35.665
15	-484.931	43	  12.487	 -15.626	  -0.295
16	-477.294	41	  22.727	 -14.732	  49.547
17	-452.607	43	  -4.877	 -23.064	  16.463
18	-450.777	40	  -0.435	  17.342	   1.806
19	-447.120	40	  26.330	   1.955	 -10.691
20	-440.843	39	  -4.358	 -31.745	  40.609
21	-433.266	40	  24.718	   5.998	 -22.774
22	-429.966	41	  22.168	  -7.207	 -11.242
23	-427.573	41	   9.449	 -41.810	  30.545
24	-420.911	40	  12.726	 -10.839	 -15.840
25	-406.490	38	  -0.384	 -36.016	  32.417
26	-375.488	35	  -7.086	 -13.258	  -3.870
27	-361.197	34	 -12.567	 -16.718	   3.640
28	-345.374	32	  28.920	 -31.343	  23.008
29	-339.483	30	  14.152	  24.580	 -14.329
30	-339.286	30	  22.518	  17.215	 -12.658
31	-336.529	31	  27.662	 -40.281	  29.777
32	-299.409	29	  -2.883	 -40.186	  49.699
33	-296.521	28	  -5.032	 -15.945	  26.743
34	-292.400	28	   2.425	 -21.242	   2.466
35	-275.338	26	  19.423	  -0.531	  10.865
36	-272.705	27	  13.711	  -5.429	  40.876
37	-272.230	25	  19.622	 -28.653	  13.692
38	-263.961	25	  18.150	 -34.867	  21.859
39	-263.934	25	 -11.691	   1.164	  22.968
40	-259.793	25	   3.078	  -1.405	  25.339
41	-253.077	24	   0.909	   7.436	   9.496
42	-248.639	22	  -0.116	 -27.349	  55.635
43	-246.263	24	  20.253	  -7.289	  35.289
44	-243.021	23	  36.145	 -21.903	  36.778
45	-241.530	22	  -6.155	 -10.157	 -13.756
46	-239.262	20	 -13.457	   2.501	  -0.008
47	-238.602	24	  32.768	 -32.471	  37.247
48	-235.060	22	  28.655	  -4.524	   8.712
49	-228.567	21	  17.415	 -37.354	  52.018
50	-225.928	22	   4.806	 -15.831	  -6.052
51	-225.063	22	  -6.340	   4.187	   7.146
52	-224.861	20	  15.042	 -15.714	  58.244
53	-217.665	21	   7.809	 -19.046	  11.287
54	-212.363	21	   9.326	  12.489	  13.543
55	-201.987	19	   2.105	 -45.849	  38.406
56	-197.526	18	  10.430	 -26.043	  63.059
57	-192.966	19	  21.146	 -14.966	  -5.251
58	-188.265	18	 -13.537	   6.715	   8.459
59	-183.695	17	  31.387	 -27.454	  14.616
60	-182.100	17	  36.779	 -25.826	  19.825
61	-177.735	17	  -5.526	   1.432	  14.631
62	-177.626	18	  22.249	  12.265	   3.541
63	-176.463	17	  19.790	  -5.547	 -23.204
64	-173.758	17	  36.359	 -12.155	  36.865
65	-164.972	16	   0.533	 -33.493	  22.672
66	-156.279	15	 -10.539	  -0.032	 -10.080
67	-155.428	14	   5.603	  24.224	  -2.078
68	-153.212	15	  31.972	  -1.250	  26.296
69	-151.711	14	  12.060	   5.652	 -25.669
70	-148.810	14	 -14.834	  -9.591	  22.704
71	-146.765	14	   7.185	  17.081	 -20.385
72	-144.867	14	  18.095	   1.568	  19.798
73	-139.717	14	   9.417	 -44.613	  49.702
74	-138.816	14	  -0.778	 -15.552	  44.921
75	-134.216	11	  13.558	  15.260	   6.365
76	-130.307	13	  15.534	   0.518	  26.929
77	-123.592	12	 -17.486	  -4.526	  14.098
78	-120.903	12	   9.570	  -5.021	 -24.617
79	-120.446	12	  22.563	 -42.056	  41.581
80	-118.692	10	   8.529	 -10.612	  46.017
81	-114.106	11	  12.040	 -47.513	  40.317
82	-112.897	11	  24.403	  -2.721	  24.813
83	-101.807	10	   2.055	   6.471	  17.558
84	-100.952	10	  21.612	  17.905	  -3.557
85	-100.305	10	   6.648	 -38.962	  59.695
86	 -96.959	9	  39.542	 -11.040	  24.768
87	 -96.024	10	  40.942	 -17.896	  29.931
88	 -94.979	9	  -0.280	  10.822	 -18.710
89	 -92.142	9	   0.883	 -18.917	  52.525
90	 -91.982	9	  -0.729	  -0.421	 -20.630
91	 -91.624	9	  15.908	  17.401	 -24.982
92	 -88.605	9	  22.558	 -21.996	  57.104
93	 -84.083	8	  14.304	 -34.703	  59.085
94	 -81.489	8	  25.530	 -34.002	  51.665
95	 -77.285	8	  -6.707	 -26.814	  29.282
96	 -70.888	7	  31.347	 -17.706	  48.355
97	 -69.985	7	  15.859	  -7.243	  52.966
98	 -68.856	7	  18.231	 -44.203	  25.462
99	 -67.940	7	  14.195	  23.348	   1.366
100	 -67.595	7	   6.618	  23.524	   6.762
101	 -61.657	6	 -10.446	  12.717	  -5.880
102	 -60.750	6	  -3.799	  19.345	  -7.583
103	 -60.357	6	  29.010	  -6.608	  -2.608
104	 -59.695	6	 -15.917	 -14.668	  13.184
105	 -59.577	6	  37.870	 -16.953	  14.963
106	 -58.282	6	 -18.953	  -0.795	   6.085
107	 -55.665	5	  37.047	  -5.251	  16.515
108	 -55.482	6	  27.216	  -7.800	  30.579
109	 -51.237	5	  -1.953	  -7.855	  27.497
110	 -50.056	5	   8.445	 -12.255	  55.125
111	 -49.655	5	   3.623	 -16.858	 -15.445
112	 -49.236	5	  39.044	  -0.819	  24.468
113	 -48.386	5	  39.636	 -26.049	  28.368
114	 -47.973	5	 -17.550	  -6.811	  -0.293
115	 -47.640	5	  -4.775	 -21.637	  -0.275
116	 -40.727	2	  -3.953	   6.844	  -2.076
117	 -39.588	4	   4.550	  23.619	 -13.046
118	 -37.074	4	   7.012	  -3.468	  33.442
119	 -30.159	3	  -7.978	  15.668	   2.924
120	 -29.870	3	  -2.625	 -34.298	  54.565
121	 -29.640	3	  26.031	 -41.638	  20.924
122	 -28.906	2	  15.047	   7.362	   1.326
123	 -28.741	3	  33.363	 -27.953	  45.976
124	 -28.616	2	   4.047	 -28.638	  27.468
125	 -28.239	3	 -12.621	 -18.970	  20.910
126	 -27.154	3	   4.051	 -18.968	  64.926
127	 -20.349	2	  17.631	  29.834	  -8.548
128	 -19.680	2	  35.047	 -10.142	   8.924
129	 -19.519	1	  26.047	 -22.638	  40.924
130	 -19.423	2	   1.576	 -45.638	  55.924
131	 -18.525	2	  -7.467	   9.867	 -15.066
132	 -18.265	2	  33.535	 -32.638	  29.412
133	 -11.497	1	   4.047	  -6.638	  14.924
134	 -11.278	1	   7.047	  -7.638	   5.924
135	 -10.206	1	  -8.953	 -39.638	  41.924
136	  -9.878	1	  13.047	 -30.638	  28.924
137	  -9.813	1	  18.047	 -10.638	  22.924
138	  -9.402	1	  -3.953	 -19.638	 -12.076
139	  -9.322	1	  24.047	  16.362	 -22.076
