1	-1786.259	145	   7.385	  -0.425	   6.949
2	-1544.195	126	   5.572	   6.940	  -3.525
3	-862.054	70	   1.705	  -3.691	 -17.700
4	-797.532	64	  -3.878	  10.458	 -22.010
5	-779.919	63	  -8.165	   2.669	  16.631
6	-727.063	63	  12.002	   7.467	  -9.067
7	-699.143	65	   3.730	 -14.804	 -17.728
8	-688.607	57	  -0.754	 -13.534	  20.150
9	-665.404	57	   9.398	   4.135	  14.168
10	-607.876	58	   3.228	  17.514	  -3.656
11	-594.116	55	 -15.143	   9.239	  15.883
12	-564.036	52	   1.455	  20.257	  18.026
13	-483.450	42	 -23.318	   0.743	  26.550
14	-458.693	41	  -8.532	  -0.908	 -17.225
15	-452.516	43	  14.612	  -9.394	   8.022
16	-440.228	42	   9.505	  17.560	 -23.076
17	-431.079	38	   7.484	 -11.874	  30.531
18	-417.420	37	   2.100	  21.248	  28.230
19	-411.579	36	 -10.713	  -8.744	  13.830
20	-407.218	35	  -2.955	 -15.550	 -31.914
21	-385.422	37	  11.498	   5.412	  30.013
22	-376.075	36	  -2.677	  25.486	   9.775
23	-372.136	32	   2.076	  17.737	 -28.736
24	-365.883	34	  -3.315	 -21.732	  -4.181
25	-360.390	32	  25.925	  -6.743	 -22.474
26	-348.333	34	  19.743	  10.817	 -22.872
27	-335.823	31	  -5.122	 -13.317	 -15.720
28	-322.022	29	  21.956	  -8.925	 -12.357
29	-314.250	30	   4.233	 -12.908	  42.421
30	-290.985	28	   8.326	  14.300	   8.421
31	-288.669	27	 -24.238	  13.503	  -0.246
32	-282.473	25	  12.558	 -21.349	 -21.861
33	-280.722	27	  17.956	  -0.083	  -2.796
34	-279.884	25	 -17.483	  18.741	  20.745
35	-274.700	26	  -8.582	   5.407	 -11.135
36	-273.239	27	   6.199	  18.101	 -40.169
37	-272.216	25	  16.661	  18.865	 -32.477
38	-261.314	25	  22.204	 -11.718	  -3.516
39	-254.556	24	 -17.846	   2.573	  14.660
40	-237.652	23	  21.399	  -0.190	 -12.506
41	-207.379	20	  -4.940	  10.738	 -40.261
42	-204.795	20	  -9.766	  19.826	  29.381
43	-203.596	20	  -6.406	 -16.854	  38.137
44	-202.831	19	  -4.059	 -11.061	   9.859
45	-188.729	18	  11.976	  -4.553	  26.519
46	-188.042	19	   6.686	  -0.219	 -46.759
47	-187.307	17	  13.526	  -1.285	  38.827
48	-186.640	17	 -24.357	  -5.281	  34.092
49	-186.259	18	   3.594	 -16.219	  10.608
50	-185.533	18	   2.095	   0.383	  46.191
51	-177.945	18	  -9.674	 -12.506	  -2.064
52	-174.456	16	  -8.672	   5.725	  42.830
53	-173.591	17	  -4.641	 -14.549	 -24.006
54	-173.502	17	  -8.356	 -18.750	  27.779
55	-172.538	16	  10.452	  15.748	 -12.988
56	-172.407	17	  21.241	 -18.763	  -7.083
57	-171.644	17	 -18.601	 -10.003	  43.601
58	-169.590	16	  19.688	 -15.416	 -26.115
59	-165.674	16	  15.100	  -3.131	  18.411
60	-165.559	16	 -14.990	  -0.690	  -4.261
61	-165.149	16	   7.118	   6.495	 -48.577
62	-163.103	15	  15.656	   9.308	 -42.011
63	-162.929	11	  -0.567	  -9.121	  25.725
64	-159.638	15	   9.958	 -26.667	  -5.644
65	-153.540	15	 -10.550	  -2.430	  47.106
66	-152.486	15	 -18.020	   6.998	   0.413
67	-151.626	14	 -19.696	  -0.177	   7.508
68	-151.440	15	 -23.027	  14.622	  17.030
69	-150.951	16	 -13.478	  -2.446	 -35.149
70	-147.612	14	  -3.520	  -4.586	 -47.313
71	-143.709	13	  -6.511	  12.621	 -11.144
72	-142.480	14	 -10.242	 -15.775	  20.336
73	-138.043	13	  -8.951	  -9.324	 -39.427
74	-136.493	13	 -20.910	  -6.387	  13.920
75	-135.845	13	   4.997	 -26.051	 -18.534
76	-131.735	12	 -17.458	 -11.133	  21.759
77	-129.759	13	 -22.218	 -13.649	  33.248
78	-127.637	12	  14.542	  -5.309	 -40.211
79	-126.753	13	 -10.759	   9.394	 -30.880
80	-114.456	11	  22.715	   9.381	 -33.614
81	-108.845	11	 -17.516	  20.539	  -4.819
82	-106.844	10	   7.984	   7.534	  40.921
83	-106.686	10	 -18.436	   9.462	   7.635
84	-104.823	10	 -18.359	  22.645	   4.925
85	-102.188	10	  22.496	  -1.999	 -33.945
86	-101.032	9	   0.244	 -19.043	 -10.459
87	-100.851	9	 -11.786	  -3.164	 -26.224
88	 -98.843	10	 -18.991	  24.295	  14.363
89	 -90.998	9	 -12.105	 -10.139	 -19.775
90	 -90.571	9	  -7.038	  -8.219	  49.272
91	 -86.810	9	  -8.422	  20.251	  -8.734
92	 -86.664	9	   9.309	  11.849	  19.236
93	 -81.800	8	   5.984	 -25.517	   3.882
94	 -79.114	8	   1.868	 -30.905	  -2.926
95	 -76.877	8	  -0.872	  12.973	  39.106
96	 -76.191	8	  -6.457	  26.347	   1.883
97	 -68.941	7	 -15.677	  -8.032	 -12.152
98	 -64.956	7	 -17.621	  15.230	  34.755
99	 -63.999	7	  -1.709	 -11.745	 -42.473
100	 -62.589	6	 -11.991	   3.865	 -22.764
101	 -60.373	6	  13.523	 -26.529	 -15.580
102	 -59.401	6	   2.879	 -16.833	 -38.298
103	 -59.006	6	   9.955	  -8.224	  42.993
104	 -58.973	6	 -23.152	   4.988	  35.415
105	 -52.915	5	 -15.595	 -17.688	  32.484
106	 -50.460	5	 -24.998	  10.129	  26.836
107	 -49.494	5	  -0.039	  20.093	 -13.705
108	 -49.013	5	  11.829	 -21.515	   6.584
109	 -48.664	5	  13.325	 -18.521	 -32.568
110	 -48.124	5	  20.820	 -21.893	 -14.884
111	 -42.639	4	 -13.773	 -13.558	 -31.496
112	 -42.196	4	  26.703	   4.618	 -18.573
113	 -42.031	3	   6.662	  -2.464	  18.952
114	 -41.497	4	 -15.969	  -8.146	  -3.060
115	 -39.167	4	 -26.513	  -9.371	  24.233
116	 -38.663	4	  11.749	 -14.400	  15.501
117	 -28.226	2	 -15.310	   9.107	  25.249
118	 -27.788	3	 -14.338	  13.107	 -10.425
119	 -27.453	3	 -18.662	  -9.893	   6.603
120	 -27.305	3	  23.009	 -13.893	 -18.425
121	 -26.404	2	   7.009	 -13.517	 -26.375
122	 -19.786	2	 -12.492	 -17.389	  41.753
123	 -19.695	2	 -12.488	  25.610	  19.746
124	 -19.635	2	   5.543	  25.107	 -32.751
125	 -19.261	2	  17.532	 -20.370	   0.726
126	 -19.261	2	  30.009	  -3.386	 -14.751
127	 -18.290	2	   8.518	  17.598	  34.249
128	 -18.252	1	   0.009	  -7.893	  -4.751
129	 -18.236	2	   3.003	 -17.402	  25.255
130	 -18.171	2	   3.015	 -30.390	 -10.757
131	 -18.147	2	  29.009	   0.634	 -25.751
132	 -16.573	1	  -7.991	   4.107	   4.249
133	 -12.574	1	  12.009	  -7.893	 -20.751
134	 -11.306	1	  -7.991	  -8.893	  23.249
135	 -10.818	1	  -5.991	  11.107	  22.249
136	 -10.378	1	  13.009	 -14.893	  37.249
137	  -9.009	1	 -17.991	   2.107	  43.249
138	  -8.973	1	   1.009	 -20.893	  32.249
