1	-1838.585	153	  11.923	   7.441	 -42.344
2	-1385.941	105	   6.133	  10.292	 -54.967
3	-971.523	80	  -5.273	  12.055	 -28.060
4	-776.221	63	  11.062	  -2.610	 -24.414
5	-694.049	56	   3.489	  -3.345	 -63.902
6	-691.047	63	   5.469	  14.714	 -49.885
7	-682.399	59	   7.441	  -9.569	 -65.418
8	-637.072	60	  20.944	   0.142	 -42.150
9	-605.853	55	  12.004	  12.347	 -61.468
10	-595.090	57	  -0.698	  21.655	 -54.275
11	-586.236	52	   0.639	  -3.615	 -31.199
12	-576.651	50	  14.227	  13.547	 -36.704
13	-542.801	51	  23.763	  -1.106	 -63.688
14	-524.755	44	   1.621	   7.213	 -29.085
15	-522.093	45	  -3.031	 -16.863	 -74.631
16	-513.271	47	   2.539	  28.677	 -33.873
17	-498.343	43	 -13.165	   5.602	 -15.972
18	-480.129	44	 -12.471	  13.350	 -31.302
19	-476.117	41	  -5.252	  16.369	 -77.458
20	-406.619	35	  -9.119	   9.529	 -66.449
21	-405.678	37	  -8.302	  -1.286	 -61.530
22	-381.610	37	  -2.061	  16.389	 -89.710
23	-377.617	35	   5.650	 -18.314	 -47.523
24	-374.323	36	  20.563	  13.247	 -24.571
25	-355.575	33	   7.477	 -15.120	 -57.818
26	-341.128	32	   8.795	  21.671	 -43.424
27	-329.783	29	  19.399	  -0.201	 -17.111
28	-327.931	32	   2.893	  19.048	 -74.164
29	-327.380	22	  -5.228	   8.613	 -72.417
30	-303.471	29	  22.528	   5.740	 -21.157
31	-302.945	27	   5.934	  31.034	 -22.793
32	-271.284	26	  20.352	   3.279	  -5.827
33	-258.897	25	 -10.819	  13.904	 -57.826
34	-254.456	23	  25.004	  -0.590	 -73.710
35	-253.040	23	  -2.286	   1.371	   0.535
36	-251.855	22	   6.006	  -8.619	 -89.443
37	-246.758	22	  10.152	  -3.923	  -5.913
38	-246.048	22	 -13.715	  22.950	 -25.419
39	-245.689	23	  18.899	   8.158	 -54.602
40	-239.835	23	 -10.489	 -14.221	 -82.164
41	-238.082	22	 -11.992	   6.917	 -86.220
42	-235.676	23	  17.214	  12.759	 -76.520
43	-229.648	22	 -22.814	  11.489	 -42.882
44	-228.903	22	 -11.115	   5.526	 -28.649
45	-228.515	20	  15.683	 -17.618	 -68.094
46	-223.152	20	  -0.487	 -12.339	 -62.059
47	-220.341	21	  21.850	   9.434	 -34.198
48	-219.542	20	  -0.524	  29.616	 -43.149
49	-217.173	19	   8.909	  19.387	 -84.498
50	-216.153	21	  26.849	  -2.552	 -53.851
51	-214.254	21	   6.853	   8.731	 -92.713
52	-210.046	20	  -7.252	  30.987	 -39.590
53	-193.006	19	  18.654	  -9.563	 -77.771
54	-192.138	18	  -7.740	   4.379	 -56.920
55	-188.395	15	 -11.880	  -7.636	 -69.380
56	-183.411	17	  10.717	  15.673	 -74.642
57	-177.058	18	  -2.202	  -0.294	 -95.629
58	-172.800	16	   0.775	  19.925	  -6.358
59	-171.765	16	   6.019	  19.725	 -64.209
60	-165.509	16	  26.734	  -9.774	 -57.735
61	-163.974	15	 -15.493	   6.855	 -43.223
62	-163.576	16	 -11.077	  -3.748	 -27.894
63	-162.794	15	  18.991	 -20.153	 -52.110
64	-161.020	15	  -5.796	  27.839	 -20.382
65	-158.556	16	  -3.225	  -7.947	 -10.568
66	-154.516	14	 -10.990	  -0.011	  -8.575
67	-149.394	14	  23.365	  17.780	 -16.206
68	-148.906	14	  17.867	  22.437	 -23.620
69	-146.910	14	  -9.231	  -8.057	 -91.702
70	-144.032	14	 -18.529	  23.776	 -40.484
71	-140.434	14	   3.976	  10.708	   0.533
72	-137.212	13	  13.063	  20.344	 -33.367
73	-134.666	13	   2.089	  -8.334	 -23.316
74	-131.537	12	   9.584	  -6.439	 -36.667
75	-130.900	13	 -13.426	   0.792	 -37.919
76	-126.565	12	  15.967	  15.386	  -3.611
77	-124.809	13	 -15.906	   5.371	 -75.606
78	-121.244	12	 -20.563	  18.886	 -49.755
79	-118.422	11	  -5.215	  -6.064	 -20.370
80	-114.618	11	  10.786	 -22.458	 -63.600
81	-113.078	11	  19.098	  21.579	 -11.463
82	-104.264	10	 -14.564	   1.240	 -68.434
83	-101.280	10	  16.516	 -18.532	 -41.604
84	 -97.514	10	 -16.821	  -5.818	 -78.081
85	 -96.083	9	  -2.953	 -13.842	 -53.647
86	 -96.031	10	   7.868	  -9.089	 -15.116
87	 -95.089	10	 -18.540	  15.224	 -28.022
88	 -92.053	9	 -11.153	  -1.171	 -49.789
89	 -89.135	9	  14.229	 -12.464	 -36.143
90	 -88.546	9	 -11.048	  -6.725	 -39.337
91	 -88.143	9	 -10.969	  10.497	  -6.500
92	 -84.336	9	 -10.616	  24.014	 -15.019
93	 -79.753	8	  11.730	 -26.489	 -45.953
94	 -79.085	8	  17.930	   1.312	 -85.122
95	 -77.119	8	 -17.200	  14.334	 -16.219
96	 -76.603	8	  20.373	 -20.958	 -60.907
97	 -74.019	6	  -4.651	   1.781	 -67.654
98	 -72.008	7	  25.672	   8.924	  -9.903
99	 -71.922	7	 -10.017	 -10.743	 -60.474
100	 -69.852	7	 -18.468	  26.231	 -31.990
101	 -69.103	7	  24.402	 -12.887	 -47.586
102	 -67.621	7	   7.969	  25.976	 -12.180
103	 -64.609	7	  22.936	 -10.236	 -71.176
104	 -62.432	6	  14.316	  12.281	 -88.253
105	 -61.679	6	  22.238	 -10.622	 -39.920
106	 -60.208	6	  10.470	   6.983	   2.983
107	 -51.679	5	   1.213	 -17.952	 -82.821
108	 -51.120	5	 -10.804	  28.623	 -46.933
109	 -50.972	5	  -1.609	  -8.768	 -40.825
110	 -49.199	5	  15.569	  28.539	 -28.380
111	 -48.826	5	 -13.049	 -17.565	 -71.630
112	 -48.069	5	 -11.613	  31.423	 -31.694
113	 -47.772	5	 -13.570	  -5.035	 -15.620
114	 -47.522	5	  24.210	  10.401	 -74.796
115	 -44.338	4	 -10.060	  -8.893	 -48.142
116	 -40.856	4	   4.657	 -17.429	 -65.017
117	 -40.252	4	   2.891	 -22.200	 -71.548
118	 -39.607	2	  14.935	   7.252	 -30.565
119	 -39.421	4	  25.636	   4.564	 -56.239
120	 -38.137	4	 -10.696	  23.275	 -54.542
121	 -31.977	3	  -1.620	  11.117	 -99.017
122	 -29.045	3	  13.061	 -16.199	 -81.345
123	 -28.144	3	  -5.583	  21.506	 -63.015
124	 -27.103	3	  25.718	 -14.869	 -63.683
125	 -24.980	2	   4.387	  -4.200	 -50.491
126	 -20.042	2	  12.861	 -25.200	 -55.017
127	 -15.203	1	   7.387	 -12.200	 -72.017
128	 -11.497	1	  11.387	  -3.200	 -88.017
129	 -10.227	1	  20.387	   9.800	   1.983
130	  -9.503	1	  -4.613	  22.800	 -84.017
131	  -9.412	1	  29.387	   3.800	 -68.017
132	  -8.991	1	  18.387	  -5.200	 -34.017
133	  -8.946	1	  16.387	   0.800	   0.983
134	  -8.921	1	 -24.613	  17.800	 -36.017
135	  -8.917	1	  -2.613	  30.800	 -27.017
