1	-589.842	50	  -5.757	  21.244	   1.865
2	-456.940	42	  -3.443	   6.279	  -0.588
3	-257.536	23	 -21.669	  10.274	   8.375
4	-246.880	23	 -12.929	  14.526	  20.088
5	-202.582	19	 -13.466	   4.800	  -4.481
6	-187.218	17	 -17.522	  26.285	  -0.064
7	-178.946	17	  -0.342	  15.157	  11.115
8	-173.617	17	 -20.534	  18.347	  -7.126
9	-173.573	17	 -15.876	  25.870	  17.250
10	-162.804	16	 -20.959	  22.596	   7.163
11	-161.015	16	  -4.013	  31.031	   3.250
12	-156.127	14	 -11.067	  30.648	  10.244
13	-140.067	13	  -1.980	  18.722	  21.104
14	-125.480	11	  -8.245	  20.133	 -11.193
15	-124.423	12	 -20.621	   3.023	   3.294
16	-113.371	11	  -8.672	  -0.099	  18.663
17	-103.954	10	  -0.704	  25.698	  15.793
18	 -81.201	8	   1.992	  10.394	  19.957
19	 -68.615	7	 -11.376	  29.687	  -1.603
20	 -57.595	5	  -1.557	  -0.100	  10.226
21	 -50.850	5	  -5.898	   8.630	  23.132
22	 -48.125	5	 -18.273	  10.822	  -8.993
23	 -41.265	4	  -7.894	  30.337	  19.592
24	 -40.261	4	  -1.862	  15.840	  -4.879
25	 -38.563	4	 -12.157	  -4.630	   7.095
26	 -38.117	4	 -18.071	   1.664	  12.963
27	 -30.896	3	   0.646	  33.344	   9.773
28	 -28.866	3	   2.609	  12.209	   3.732
29	 -18.922	2	  -5.832	  -5.149	   3.669
