1	-652.952	57	  -3.426	   0.273	  19.093
2	-503.858	42	   4.563	  -1.220	  43.139
3	-392.889	34	  12.463	  -3.568	  42.112
4	-387.582	34	   3.481	   6.577	  44.703
5	-384.701	34	  14.858	  11.289	  32.277
6	-319.898	31	   4.883	  -1.376	  17.785
7	-268.176	25	  -8.721	  11.117	  33.430
8	-257.003	24	   5.891	  13.670	  17.280
9	-253.556	24	 -13.388	   2.938	  23.022
10	-188.915	19	   6.865	  16.924	  37.650
11	-186.517	18	  -4.591	   9.590	  20.358
12	-168.565	16	 -10.501	  -8.128	  30.334
13	-148.959	15	 -14.969	   3.459	  31.249
14	-147.254	14	 -13.449	  -3.218	  36.112
15	-137.741	14	   8.909	 -17.142	  38.269
16	-132.006	13	   6.252	 -10.491	  41.275
17	-125.687	8	  -6.027	   0.226	  38.746
18	-108.347	11	   1.250	 -14.494	  21.445
19	-105.949	11	  17.619	  -6.988	  28.486
20	-102.260	10	  15.369	 -18.014	  32.324
21	 -93.862	9	  12.421	   5.881	  20.606
22	 -92.473	9	  18.884	   4.519	  29.806
23	 -76.426	7	  -6.553	  -7.553	  37.663
24	 -73.830	7	   5.150	 -17.558	  29.252
25	 -69.698	7	  13.247	  -3.330	  22.172
26	 -62.038	6	  -3.235	  16.796	  24.867
27	 -59.645	6	  12.095	   4.214	  48.627
28	 -59.333	6	  -2.230	 -13.478	  36.786
29	 -57.814	6	  -4.562	  -7.986	  44.766
30	 -50.053	5	  11.592	  21.407	  25.065
31	 -49.265	5	  19.556	   4.252	  41.015
32	 -48.209	5	  13.442	 -15.572	  24.381
33	 -39.885	4	  15.595	  14.781	  21.010
34	 -38.593	4	  -9.167	  -7.748	  21.538
35	 -38.491	4	  20.835	  -9.790	  38.019
36	 -30.069	3	  -6.405	   8.348	  43.736
37	 -28.842	3	   2.507	  21.998	  27.101
38	 -18.401	2	  -0.898	  -7.002	  13.774
39	 -12.149	1	  -4.405	 -14.002	  28.774
40	 -10.549	1	 -10.405	  -0.002	  46.774
41	 -10.014	1	  -0.405	  -0.002	  50.774
42	  -9.235	1	   8.595	 -12.002	  16.774
