1	-1730.892	161	   5.299	  -3.247	  15.629
2	-603.963	55	   3.588	   3.097	  11.041
3	-343.264	32	  -0.144	  -2.521	  32.112
4	-323.252	27	  27.523	  -9.819	  21.566
5	-295.306	26	 -17.988	   6.991	   8.826
6	-286.173	27	   8.945	  15.458	  19.316
7	-270.022	24	 -18.639	   3.946	  20.636
8	-262.231	23	  -9.599	  -5.432	   3.575
9	-252.620	22	  19.139	 -12.473	   9.004
10	-243.892	23	 -10.843	  13.559	  25.385
11	-228.688	21	  -0.151	  12.496	  13.693
12	-223.107	20	  11.940	  -5.997	  28.138
13	-222.176	22	  -0.397	  13.608	  31.820
14	-221.706	21	   1.509	 -10.327	  10.741
15	-210.885	17	  -1.744	  15.679	  22.962
16	-197.966	19	   8.860	  -2.275	   5.372
17	-187.885	18	  19.064	   6.940	  33.215
18	-185.050	17	  16.577	   6.228	   9.915
19	-163.165	14	 -13.727	   1.570	  29.129
20	-154.485	13	  11.680	   2.421	  34.690
21	-151.819	15	 -19.811	  -4.626	  16.366
22	-147.867	14	  -6.547	  -8.392	  21.273
23	-138.396	14	  29.371	  -7.177	  10.926
24	-135.734	14	  30.315	   1.659	  14.140
25	-135.488	13	   9.113	  10.810	  34.433
26	-130.023	13	  18.312	  13.384	  15.311
27	-126.796	13	  28.880	  -1.646	  22.264
28	-122.737	12	  -5.675	 -10.976	  13.115
29	-106.021	11	  20.898	   1.547	   6.753
30	 -87.967	9	 -14.440	  -7.362	  25.285
31	 -87.482	9	 -19.624	  -2.899	   7.174
32	 -82.542	8	  -7.186	   6.818	   5.446
33	 -76.218	7	  27.905	   5.885	  23.037
34	 -72.451	7	  21.020	  -0.333	  32.526
35	 -59.425	6	  21.747	  -8.131	  27.971
36	 -56.774	6	   0.678	  -7.621	   2.183
37	 -50.892	5	 -17.673	   1.219	   1.289
38	 -50.265	5	  -6.091	   0.370	  -1.306
39	 -39.764	4	   8.263	 -11.322	   4.776
40	 -31.473	3	  27.161	 -15.829	  13.804
41	 -30.810	3	 -19.091	  10.231	  16.167
42	 -27.930	3	 -13.434	  -9.778	  13.857
43	 -27.385	3	   4.246	  -8.776	  27.846
44	 -19.456	2	  18.370	 -16.704	  18.045
45	 -18.869	2	 -12.091	  12.698	  12.469
46	 -18.618	2	  -7.068	   8.262	  34.017
47	 -12.576	1	  15.909	  -6.783	  21.506
48	 -10.100	1	  25.909	   8.217	  11.506
49	 -10.068	1	  19.909	  14.217	  22.506
50	  -9.405	1	   8.909	 -12.783	  16.506
