1	-1562.492	140	  65.642	  41.389	  23.969
2	-986.244	87	   6.991	  23.942	  -6.796
3	-978.226	85	  29.630	  28.704	  19.791
4	-974.411	85	 -14.241	 -21.345	   4.000
5	-904.948	81	  56.633	  65.471	  40.084
6	-863.977	80	  32.371	  35.254	  39.566
7	-829.437	71	   9.119	  -7.661	 -15.483
8	-827.856	76	   2.169	  10.267	  15.676
9	-824.022	68	  39.246	  50.720	  27.902
10	-823.202	71	  53.561	  56.498	  12.802
11	-806.655	67	   5.524	  -9.555	  14.125
12	-804.686	70	  22.793	   9.752	  14.748
13	-789.852	71	  -0.129	   4.650	  19.499
14	-773.968	66	  15.267	 -25.037	  -0.117
15	-767.586	64	  17.355	   0.888	  -3.706
16	-750.320	68	   4.545	 -12.722	 -12.714
17	-710.608	67	 -11.808	   4.360	  -1.030
18	-675.268	61	  47.284	  12.864	  35.269
19	-673.547	60	  72.737	  47.423	  29.156
20	-669.687	57	  51.236	  30.590	  20.709
21	-662.257	61	  31.634	  42.097	  40.018
22	-628.419	56	   3.864	 -28.725	  -2.075
23	-599.042	57	  -9.091	   4.277	  -7.624
24	-549.945	51	 -15.011	  -4.193	   6.503
25	-542.936	49	  -3.247	  18.044	  17.025
26	-527.423	46	  29.826	  30.861	  47.596
27	-525.312	47	  49.340	  50.778	  47.829
28	-510.307	45	  -1.383	 -15.639	 -18.410
29	-507.487	46	  19.781	  -6.274	  -9.972
30	-488.155	41	  30.575	  19.862	  28.893
31	-483.228	43	  65.025	  54.627	  49.083
32	-479.455	41	  59.054	  62.537	  20.734
33	-467.721	40	  18.310	  19.833	  10.264
34	-464.981	42	   8.673	  -5.141	  21.016
35	-452.409	40	  56.960	  35.132	  14.488
36	-449.348	41	  57.027	  35.337	  44.912
37	-446.131	40	 -20.204	 -11.680	  -6.542
38	-443.016	38	  11.070	 -23.165	   6.830
39	-435.074	38	  49.383	  19.672	  51.550
40	-434.224	42	  50.503	  36.302	  53.038
41	-432.375	38	  49.463	  14.737	  41.309
42	-432.346	39	  -0.668	  10.682	 -12.326
43	-427.531	40	  -7.619	  22.998	  -4.504
44	-420.225	38	  59.794	  27.000	  39.438
45	-409.790	39	  55.330	  43.512	   5.485
46	-405.286	38	  25.072	  42.536	  19.192
47	-397.407	36	  63.501	  21.048	  30.027
48	-390.027	34	  48.132	  58.482	  17.874
49	-384.500	37	  25.724	 -16.646	  -5.455
50	-379.224	33	  36.632	  23.895	  19.912
51	-378.078	35	  20.808	   0.485	  24.471
52	-373.013	34	  54.466	  41.725	  47.262
53	-371.500	34	  19.310	  21.148	  -7.296
54	-368.854	34	  40.041	  57.411	  46.770
55	-333.467	29	  30.773	  48.042	  29.631
56	-329.056	29	  23.597	  10.682	   6.614
57	-328.666	31	 -12.829	  -8.405	  17.561
58	-326.274	28	  22.246	 -10.175	   4.654
59	-307.174	29	   8.532	   9.857	 -19.549
60	-306.662	31	  60.485	  48.839	  49.197
61	-292.373	28	 -10.900	   1.188	 -24.852
62	-291.497	28	  53.149	  26.030	  48.953
63	-286.656	29	   7.140	  28.288	   9.627
64	-285.577	27	  52.606	  15.203	  25.314
65	-281.239	25	  61.740	  29.201	  21.849
66	-277.284	25	  -7.509	 -20.025	  15.528
67	-271.004	27	  -6.138	 -28.973	  -8.760
68	-266.834	26	  27.854	  35.425	  55.597
69	-266.597	22	  12.517	  12.036	  27.348
70	-261.342	26	  -8.683	  15.285	  -5.332
71	-251.441	25	  68.614	  64.119	  28.981
72	-243.443	23	  73.214	  41.580	  47.868
73	-237.049	20	  35.165	  48.913	  37.762
74	-232.607	23	 -11.719	  18.284	  21.542
75	-230.305	20	  14.781	   1.277	 -15.508
76	-225.092	21	  47.227	  42.058	   8.925
77	-224.445	23	  31.364	  15.795	  39.124
78	-217.389	19	  44.442	  30.596	  60.965
79	-216.266	19	  -4.858	  30.249	   0.268
80	-215.494	20	  40.613	  28.681	  15.056
81	-210.326	21	  32.263	  18.803	  45.652
82	-210.150	21	  73.734	  57.780	  32.626
83	-204.385	19	 -17.017	  -3.326	 -18.253
84	-201.838	18	  15.384	  14.468	 -13.418
85	-199.522	18	  46.713	  68.030	  34.421
86	-194.475	16	  15.382	 -22.402	 -17.021
87	-191.743	17	 -18.535	  19.045	   5.036
88	-189.568	19	  63.149	  39.200	  46.390
89	-189.431	19	 -17.022	  -5.083	  -4.496
90	-189.163	16	  68.908	  48.483	  10.823
91	-187.832	16	  34.806	  43.573	  16.873
92	-187.264	18	  -0.164	  -7.669	 -28.663
93	-186.889	18	  78.869	  36.029	  43.374
94	-185.640	15	  19.682	  34.617	  32.041
95	-181.729	17	  42.158	  63.173	  38.873
96	-180.650	16	  71.308	  60.344	  45.450
97	-169.072	16	  -7.699	   5.469	  27.168
98	-168.543	16	  20.069	  -6.231	  15.992
99	-166.344	17	 -14.814	  25.434	   0.123
100	-165.216	15	  42.439	  14.913	  52.434
101	-164.938	15	  54.725	  61.310	  46.826
102	-161.713	16	  25.769	  46.522	  47.922
103	-161.145	16	  74.671	  51.440	  50.200
104	-159.301	16	 -21.476	  12.037	   9.295
105	-157.727	14	  25.424	   4.429	   2.611
106	-157.195	15	  75.386	  33.899	  22.163
107	-156.845	15	  -6.533	 -22.755	 -16.300
108	-154.131	14	   3.375	 -23.853	  11.518
109	-153.382	15	  81.526	  41.336	  31.293
110	-152.717	14	  18.870	   3.381	  32.055
111	-151.610	15	  37.546	  57.412	  29.054
112	-147.361	15	  39.967	  38.453	  12.139
113	-146.494	14	   0.062	  25.166	  14.078
114	-145.040	13	 -20.500	 -19.856	 -10.999
115	-142.702	13	  15.877	  41.711	  23.009
116	-142.022	14	  -6.054	  -7.119	  22.707
117	-141.339	14	  80.476	  55.831	  38.171
118	-139.622	13	  55.652	  52.391	   3.394
119	-132.357	13	  68.776	  34.222	  16.505
120	-129.952	10	  -2.187	  -3.504	  17.894
121	-129.738	12	  62.022	  71.764	  28.100
122	-127.968	12	  17.271	  30.341	   5.161
123	-124.916	13	  -6.907	 -14.207	 -27.869
124	-124.232	11	  28.041	 -20.497	 -14.857
125	-123.436	12	  -9.130	  30.318	  12.916
126	-122.990	12	 -19.302	   7.876	   2.931
127	-114.324	11	  48.375	  34.098	  15.296
128	-113.738	11	  -6.795	 -34.345	  -0.425
129	-113.124	11	  33.872	   9.252	  31.767
130	-111.766	11	  31.475	  53.797	  49.054
131	-109.981	11	   5.031	 -20.896	 -18.735
132	-106.968	11	  15.982	  -6.015	 -19.933
133	-106.479	11	  41.088	  49.136	  11.917
134	-105.919	11	 -10.680	   6.194	 -16.345
135	-105.788	10	  73.357	  27.733	  39.582
136	-103.658	11	  11.223	  29.600	  -3.682
137	-103.542	10	  72.239	  25.307	  25.680
138	-102.137	10	  72.570	  48.568	  20.797
139	-100.894	10	  46.538	  22.868	  58.826
140	 -99.136	10	  37.858	  37.355	  63.576
141	 -99.064	10	  30.802	  21.423	  56.045
142	 -98.579	10	 -12.290	  -1.290	  24.746
143	 -96.547	9	  31.083	   3.459	  12.796
144	 -94.621	9	   9.803	  -6.614	 -26.042
145	 -91.705	9	   9.990	   2.512	 -25.380
146	 -91.091	9	  20.631	  28.462	  24.139
147	 -90.862	9	 -13.581	 -29.051	   3.409
148	 -89.792	9	  32.681	  55.264	  41.357
149	 -88.983	9	 -21.014	   4.376	  14.261
150	 -88.312	9	  21.064	   4.759	  -8.071
151	 -87.367	9	 -22.018	 -10.630	 -15.692
152	 -86.684	9	  26.430	  49.453	  40.197
153	 -85.978	9	  35.063	  28.217	  63.155
154	 -84.658	8	  46.712	  63.157	  22.558
155	 -81.961	8	  46.318	  48.667	  56.227
156	 -81.027	6	  33.007	  37.979	  31.415
157	 -80.590	8	   3.448	  16.292	  22.212
158	 -80.306	8	  19.202	 -13.744	  10.709
159	 -80.294	8	 -13.093	 -25.224	 -13.178
160	 -79.855	8	  -4.055	 -32.331	   9.531
161	 -79.464	8	  24.601	  -3.818	   7.152
162	 -77.127	8	  83.074	  45.637	  42.551
163	 -76.187	7	  63.776	  43.776	   1.058
164	 -75.368	8	  15.683	  18.618	  24.344
165	 -72.482	7	  -3.026	   8.176	 -23.223
166	 -69.508	7	  79.357	  31.978	  32.367
167	 -68.876	7	 -21.526	  16.686	  17.598
168	 -68.486	7	  22.227	  43.235	  37.338
169	 -68.008	7	  25.351	  33.758	  41.019
170	 -67.463	7	 -16.318	 -11.617	 -26.254
171	 -67.370	6	  22.198	  14.425	  -4.944
172	 -67.046	7	  26.890	  49.646	  23.615
173	 -63.384	6	  41.853	  42.790	  59.889
174	 -62.850	3	  43.195	  34.256	  30.399
175	 -62.110	5	   4.161	 -10.873	  -1.148
176	 -61.311	6	   8.197	 -17.483	  14.226
177	 -60.467	6	  37.032	  12.167	  23.928
178	 -58.737	6	 -18.384	  24.731	  12.286
179	 -57.928	4	  53.519	  47.706	  27.900
180	 -57.804	6	  -1.255	  31.198	   8.519
181	 -57.718	6	 -17.799	   8.393	  22.064
182	 -55.960	6	  66.716	  27.227	  43.273
183	 -54.170	5	  51.636	  71.737	  27.275
184	 -53.192	5	  32.217	  30.355	   9.328
185	 -51.581	5	  70.930	  55.923	  12.985
186	 -49.803	5	  68.195	  33.489	  47.242
187	 -49.723	5	  27.737	   4.987	  21.718
188	 -49.688	5	  23.355	  22.789	   3.130
189	 -48.996	5	 -14.781	 -20.477	 -22.942
190	 -48.883	5	  31.031	  44.950	  57.853
191	 -47.975	5	  24.999	 -25.264	  -0.552
192	 -47.280	5	  11.572	 -29.264	 -14.948
193	 -42.402	3	  42.844	  42.529	  17.667
194	 -41.474	4	  20.657	 -25.246	   8.515
195	 -40.880	3	  12.450	 -13.241	  -9.197
196	 -39.001	4	  68.962	  62.993	  20.826
197	 -38.265	4	  23.168	  34.772	  14.855
198	 -38.088	4	  13.737	  25.015	  15.508
199	 -38.073	4	  24.470	 -14.002	 -21.942
200	 -37.645	4	  64.202	  57.033	   9.562
201	 -37.494	3	  59.952	  29.128	  28.715
202	 -37.417	4	  16.191	  48.029	  31.807
203	 -37.025	4	  18.452	  26.501	  34.328
204	 -36.186	2	  41.124	  49.529	  41.129
205	 -36.044	3	   8.195	   4.220	  -9.893
206	 -32.505	2	   8.857	   4.529	   5.058
207	 -32.465	2	   7.749	   4.529	  15.058
208	 -30.781	3	  45.755	  54.203	   6.802
209	 -29.814	3	   7.862	  -1.175	  33.370
210	 -29.792	3	  21.206	 -26.437	 -11.646
211	 -29.121	3	  21.520	  51.872	  28.072
212	 -29.083	3	  16.775	 -16.044	 -21.257
213	 -28.764	3	  -1.764	  -0.157	  27.017
214	 -19.995	2	  69.696	  36.030	   6.557
215	 -19.931	2	  -9.805	  -4.471	 -30.406
216	 -19.588	2	 -17.805	 -14.471	  10.580
217	 -19.421	2	  60.195	  45.045	  19.058
218	 -18.628	2	  16.195	  -5.471	  27.614
219	 -18.616	2	  38.701	  64.023	  32.034
220	 -14.388	1	  -3.805	  -5.471	  11.058
221	 -10.226	1	  26.195	  -7.471	 -16.942
222	  -9.896	1	  48.195	  65.529	  44.058
223	  -9.478	1	  63.195	  31.529	   7.058
224	  -9.407	1	  10.195	 -30.471	  -6.942
225	  -9.338	1	   0.195	 -20.471	  18.058
226	  -9.156	1	 -18.805	 -28.471	  -2.942
227	  -9.040	1	  60.195	  17.529	  39.058
