1	-1129.373	96	  12.980	  -6.242	  37.527
2	-1111.264	92	  13.709	  14.014	  34.668
3	-1090.048	81	   9.643	   2.564	  47.287
4	-983.363	73	  23.728	   6.479	  42.737
5	-799.595	73	  24.273	  -3.324	  40.190
6	-791.669	71	  18.632	  -7.466	  57.584
7	-716.608	67	  14.286	  -7.565	  47.361
8	-653.279	60	  24.310	  -0.371	  31.017
9	-583.759	55	  -0.652	  -7.961	  41.059
10	-583.755	53	   6.135	  11.475	  44.845
11	-532.642	47	   7.670	 -14.346	  41.181
12	-532.572	47	  19.622	  25.166	  21.886
13	-522.597	47	  19.608	  15.659	  46.783
14	-516.975	42	  -0.970	  -1.046	  31.885
15	-508.191	46	  15.559	 -20.873	  40.570
16	-470.664	42	   5.824	  29.485	  19.924
17	-441.808	42	  30.563	  22.708	  53.915
18	-431.693	38	   1.189	   9.742	  38.241
19	-425.888	37	  -1.965	   4.006	  55.530
20	-420.953	37	  19.319	  23.629	  33.249
21	-410.935	37	  13.582	   4.521	  23.649
22	-394.959	33	  16.223	 -14.115	  26.829
23	-389.547	38	  11.717	 -14.052	  58.687
24	-388.080	35	  34.103	  -2.523	  52.562
25	-362.169	32	  37.043	   3.638	  42.549
26	-342.074	29	  24.989	  10.291	  23.799
27	-327.909	32	  18.507	 -25.293	  31.071
28	-308.803	26	   5.395	   4.017	  25.944
29	-305.049	30	   4.782	  -7.080	  69.368
30	-298.831	28	  15.497	  13.389	  61.189
31	-296.956	28	  28.510	  16.091	  29.988
32	-281.916	24	  17.717	  14.512	  53.563
33	-262.469	23	   0.318	 -15.566	  32.097
34	-260.587	24	  16.537	  22.214	  14.884
35	-257.347	24	  10.693	  30.892	  36.915
36	-238.542	23	   1.443	 -16.313	  22.164
37	-222.570	21	   2.044	   1.292	  65.979
38	-214.323	18	   5.201	  19.208	  25.950
39	-209.368	20	  36.912	  23.231	  41.879
40	-196.633	19	   9.886	 -22.941	  20.863
41	-178.586	17	  11.555	  15.483	  12.862
42	-177.769	17	  19.488	  -0.943	  22.661
43	-175.394	17	  25.992	   0.451	  65.039
44	-168.745	15	   4.935	  11.448	  62.151
45	-150.897	15	  39.966	  10.400	  40.039
46	-144.106	15	  38.662	  18.988	  57.454
47	-142.490	14	  41.806	  10.241	  55.880
48	-141.596	14	  18.781	 -10.123	  37.893
49	-119.145	12	   4.944	  -9.491	  17.143
50	-113.099	11	  32.425	  22.949	  64.974
51	-110.769	11	   5.769	  35.970	  30.195
52	-109.391	11	   9.608	 -14.183	  48.425
53	-108.681	11	   0.619	   9.579	  30.424
54	-105.960	11	  30.630	  -7.347	  43.042
55	-101.364	10	   2.958	 -23.599	  25.127
56	-100.670	10	  29.495	  15.448	  66.324
57	-100.364	10	   2.533	 -24.941	  33.466
58	 -95.548	9	  10.580	  21.265	  38.182
59	 -94.626	9	  24.767	  25.695	  60.979
60	 -92.713	9	   5.108	  26.814	  30.921
61	 -91.133	9	  12.083	   2.886	  72.650
62	 -90.534	5	  24.275	  -2.968	  49.095
63	 -81.513	8	  -5.682	  -3.869	  56.290
64	 -80.792	8	  19.366	  -6.611	  69.655
65	 -75.806	7	   0.563	  14.988	  53.535
66	 -72.668	7	  -1.257	 -11.654	  61.511
67	 -72.271	7	  23.451	   9.854	  67.685
68	 -70.895	7	  -8.653	  -6.899	  47.510
69	 -69.745	7	  13.219	  10.406	  68.097
70	 -60.539	6	  13.889	  37.302	  28.312
71	 -53.573	5	  15.707	  32.299	  21.471
72	 -48.909	5	  33.222	  -0.857	  61.785
73	 -44.948	4	   1.410	 -15.857	  52.642
74	 -40.042	4	  35.902	   0.649	  34.136
75	 -37.990	4	   8.883	  -3.621	  20.160
76	 -37.728	4	  -4.330	   8.703	  47.954
77	 -37.420	4	  36.658	   6.679	  65.162
78	 -36.667	4	  38.663	  17.621	  32.147
79	 -32.793	3	  33.110	   9.381	  32.113
80	 -29.896	3	  23.910	 -16.828	  32.650
81	 -28.670	3	  40.910	   2.143	  58.659
82	 -28.486	3	  15.932	 -19.204	  17.712
83	 -28.435	3	  23.573	  18.137	  17.980
84	 -28.012	3	  18.585	 -17.531	  54.313
85	 -23.538	2	  43.910	  18.143	  46.180
86	 -20.232	2	  26.910	  23.143	  43.157
87	 -18.750	2	   0.424	  23.143	  14.622
88	 -18.482	2	  16.401	 -15.857	  67.650
89	 -18.389	2	  17.886	   8.679	  17.091
90	 -18.297	2	  10.400	 -29.857	  36.140
91	  -9.251	1	   5.910	   7.143	  69.650
92	  -9.152	1	   8.910	  18.143	  54.650
93	  -9.019	1	  40.910	  14.143	  62.650
