1	-1483.449	124	  -6.230	  -2.601	  18.010
2	-1461.760	119	  22.695	 -20.942	   2.153
3	-1357.521	110	   1.255	  -7.552	  29.268
4	-1337.540	107	  12.241	 -31.069	   2.665
5	-1065.965	97	  -1.452	 -47.959	  43.567
6	-948.133	82	  24.477	  -8.027	  30.036
7	-883.535	76	   8.916	  12.239	   8.618
8	-867.579	73	 -15.178	 -17.385	   2.452
9	-846.995	72	  14.970	 -40.777	  23.345
10	-816.758	71	  17.598	 -35.522	  50.197
11	-811.681	76	   0.741	  -8.460	  38.831
12	-808.685	73	  18.249	  17.065	 -16.110
13	-806.652	72	   5.274	  -8.823	  -9.616
14	-801.681	69	  -8.035	 -29.066	  32.403
15	-801.104	71	   2.214	 -54.226	  35.316
16	-784.483	65	  -9.995	 -25.476	  -1.877
17	-783.738	65	  14.491	  -4.626	 -12.087
18	-778.063	69	  19.123	 -31.470	  25.841
19	-736.050	65	 -10.194	 -27.994	  22.242
20	-689.740	62	  -1.569	 -21.039	 -15.470
21	-656.116	57	   7.959	 -27.313	  52.141
22	-640.794	55	  16.121	   6.285	  13.334
23	-634.796	55	  10.684	  21.952	 -10.635
24	-626.396	54	  36.512	   4.748	  -6.163
25	-619.011	57	   9.624	 -41.066	   1.001
26	-597.318	55	 -12.922	   4.321	  13.648
27	-590.387	48	  -2.855	 -53.925	  13.645
28	-560.066	49	  40.213	  -3.483	   6.396
29	-552.730	47	  -7.335	   7.067	 -16.096
30	-549.427	53	  33.369	 -10.963	  24.519
31	-545.106	36	  10.581	   1.717	  -7.360
32	-540.822	49	  31.398	 -16.448	  -1.854
33	-536.199	44	  32.565	  13.886	   0.709
34	-535.537	33	  12.843	   8.221	   1.587
35	-534.528	48	  33.337	 -26.299	  23.834
36	-523.114	34	  -2.195	 -34.977	  29.194
37	-519.564	33	   8.576	 -37.441	  28.875
38	-484.959	40	 -11.052	  15.033	  -7.228
39	-458.310	39	  38.846	  17.513	   0.747
40	-453.785	45	  -3.680	 -27.077	  50.343
41	-447.002	39	  -7.935	 -44.150	   0.481
42	-430.553	42	  23.532	 -51.978	  53.203
43	-426.181	37	  16.906	 -14.077	  46.555
44	-408.545	37	  34.565	 -14.976	  35.649
45	-408.495	36	 -10.618	 -32.833	  -5.586
46	-401.590	40	  24.559	 -33.002	  40.318
47	-401.358	38	   8.459	 -55.919	  15.964
48	-397.256	37	  30.943	  -0.723	 -16.475
49	-393.035	37	  30.152	  33.237	   0.026
50	-392.497	37	 -10.552	  14.823	   0.964
51	-391.226	37	  -5.490	  21.149	   1.926
52	-391.220	27	  28.598	 -11.740	  19.149
53	-383.807	36	  30.884	  17.675	 -12.945
54	-373.072	36	  -5.801	  -2.245	 -18.097
55	-372.126	34	  -6.007	 -59.609	  28.277
56	-371.839	33	 -18.101	 -17.593	 -11.207
57	-371.474	33	 -11.547	  10.292	 -21.898
58	-371.433	33	  35.741	   0.396	  26.914
59	-369.236	34	 -21.967	 -29.209	   1.051
60	-366.187	33	  17.877	 -31.612	  -5.689
61	-364.045	34	  24.517	   5.263	  28.147
62	-363.450	32	  -2.682	   1.406	  31.309
63	-350.862	32	  26.401	 -30.365	   0.411
64	-341.886	33	  29.489	  13.624	  11.001
65	-337.949	29	 -19.510	   0.082	  -2.335
66	-337.773	30	 -22.501	 -23.508	  12.000
67	-334.463	31	  34.203	  -3.220	  -9.287
68	-329.913	31	 -20.406	 -22.850	  19.860
69	-323.879	28	 -11.688	  -2.151	  26.488
70	-320.930	27	  37.339	 -10.841	  18.005
71	-320.417	28	 -21.066	 -11.798	   1.518
72	-316.116	30	   1.763	 -39.128	 -12.727
73	-312.780	29	   0.138	  22.414	 -15.605
74	-303.955	27	  35.985	   9.731	   6.504
75	-300.532	28	   5.157	 -42.802	  52.457
76	-298.419	26	  23.420	  -6.387	  37.584
77	-293.828	26	  -5.039	 -30.017	 -12.655
78	-293.609	26	   5.678	 -58.252	  25.013
79	-292.979	28	  27.179	 -16.417	 -14.610
80	-286.557	26	 -10.832	 -14.400	  41.638
81	-285.275	27	  42.021	 -21.101	   8.407
82	-284.271	26	  19.262	 -46.879	   7.592
83	-283.623	25	   0.292	  24.434	  -3.990
84	-277.690	24	  35.557	  31.120	   3.254
85	-277.336	26	   1.537	   3.772	 -22.273
86	-274.516	26	  12.191	   1.996	  43.344
87	-269.604	24	 -24.706	 -14.494	  10.342
88	-267.857	23	 -12.900	 -49.990	  21.101
89	-264.519	24	  -5.605	  15.335	  17.512
90	-259.299	25	  11.705	 -54.626	  40.713
91	-255.090	24	 -24.365	  -2.903	  10.651
92	-248.464	22	  28.097	   7.442	 -18.433
93	-243.345	22	  38.922	 -19.052	  18.819
94	-237.174	22	  -1.287	 -13.949	 -17.250
95	-237.080	22	   1.702	 -21.466	  48.924
96	-233.240	23	 -11.210	 -16.197	 -18.229
97	-233.048	21	  20.890	   1.581	  37.119
98	-232.503	21	 -15.115	 -47.174	  13.015
99	-222.536	20	  20.896	 -28.091	  47.139
100	-222.203	19	  -1.627	  19.733	  12.615
101	-212.190	20	  12.618	  13.492	 -24.376
102	-211.109	19	  17.978	   8.814	  24.956
103	-206.780	19	   5.754	   8.746	 -30.212
104	-206.335	19	   4.355	 -52.199	  10.096
105	-202.321	15	   8.210	 -10.187	   9.348
106	-200.366	20	 -23.194	 -57.482	  34.336
107	-199.451	20	 -20.524	  -7.357	  36.017
108	-198.894	20	  20.813	 -29.678	 -19.078
109	-197.352	18	  17.748	  27.109	  -6.487
110	-194.313	20	 -18.571	 -39.970	  18.403
111	-191.772	17	  21.290	 -42.794	  40.587
112	-184.178	18	  33.528	 -40.790	   3.637
113	-177.642	18	 -27.183	 -33.756	   9.599
114	-174.771	16	  35.501	 -24.704	  33.959
115	-174.271	17	  23.093	 -52.002	  43.510
116	-173.362	15	  18.204	 -49.893	  14.841
117	-169.719	17	 -10.632	 -50.689	  41.424
118	-169.083	17	  -9.289	 -50.148	   5.120
119	-168.955	16	 -18.542	   6.296	  -6.445
120	-168.030	14	 -15.749	 -45.763	  29.219
121	-163.278	15	  40.178	 -33.991	  15.249
122	-162.048	16	   4.585	 -41.732	  -5.692
123	-154.590	15	  -2.794	  14.586	  32.686
124	-150.765	14	 -22.146	 -15.817	  39.200
125	-150.692	14	 -21.715	 -48.974	  36.667
126	-150.297	15	  29.202	 -51.985	  65.120
127	-147.779	14	  30.504	 -47.418	  11.879
128	-146.959	11	   5.734	 -20.254	  17.896
129	-144.628	13	 -14.071	   3.532	 -13.510
130	-144.579	14	  25.478	  20.525	   5.898
131	-144.491	13	  -4.427	 -36.211	  50.152
132	-143.662	12	  24.445	  -9.857	 -17.847
133	-141.302	13	  22.794	  30.343	   0.752
134	-140.289	14	 -10.383	  -7.066	  35.526
135	-137.603	14	  16.960	  10.389	  33.140
136	-133.951	13	  34.250	  10.346	  24.909
137	-130.604	13	 -23.721	   0.094	  17.675
138	-126.272	12	  33.741	 -36.649	  19.595
139	-126.145	12	 -15.879	 -57.280	  19.182
140	-123.971	12	   9.618	 -20.314	 -21.950
141	-123.048	12	  11.206	  17.011	  26.538
142	-122.125	12	  25.602	  27.112	 -10.949
143	-115.907	11	  16.195	 -19.667	  50.997
144	-113.311	11	  22.674	 -39.831	   2.657
145	-108.358	11	 -30.156	  -5.977	  21.363
146	-106.431	10	 -23.325	 -43.239	   7.958
147	-105.334	10	  -0.205	  20.371	  26.349
148	-104.759	10	  24.409	 -24.695	 -10.740
149	-103.588	9	 -11.882	 -22.270	  42.338
150	-101.425	10	  42.543	  -1.647	  20.181
151	-101.407	10	  18.631	  17.991	   9.562
152	-100.269	10	  13.686	  24.228	   5.261
153	 -99.040	10	  -6.173	 -60.485	  15.662
154	 -96.679	10	 -16.435	 -39.082	  37.969
155	 -95.049	9	  12.770	  -4.288	  44.365
156	 -94.073	8	  21.858	  -0.586	 -18.801
157	 -92.979	9	  20.961	 -21.265	 -23.266
158	 -92.209	9	   5.155	 -28.000	 -21.478
159	 -92.205	9	  19.184	 -43.396	  65.340
160	 -88.158	7	  13.518	 -51.955	  24.117
161	 -87.934	9	  18.387	 -49.970	  32.057
162	 -86.859	8	  -6.279	   9.309	  24.395
163	 -86.499	8	 -17.836	  -4.562	 -18.289
164	 -85.655	9	 -18.842	   7.343	   2.269
165	 -85.017	6	  20.659	 -12.708	  -8.464
166	 -84.617	8	 -24.062	 -19.614	  28.912
167	 -82.954	8	   6.034	  -2.097	 -19.957
168	 -82.191	8	 -26.531	  -7.282	  30.393
169	 -80.570	8	  30.517	 -12.173	  43.872
170	 -79.596	8	  39.342	 -15.904	   4.183
171	 -79.325	8	   9.219	  12.318	  41.548
172	 -77.453	8	  34.360	 -23.269	  -0.951
173	 -77.211	6	   0.038	  -0.583	  22.658
174	 -75.589	7	   5.526	  16.606	  34.778
175	 -72.950	7	  41.378	   8.690	  16.015
176	 -71.606	7	  28.376	 -44.716	  60.929
177	 -71.305	7	  27.370	 -33.594	  25.058
178	 -71.030	7	 -13.801	 -60.311	  36.414
179	 -70.496	7	   9.604	 -52.237	  49.718
180	 -70.468	7	  10.541	 -42.594	  58.267
181	 -69.823	7	 -24.225	 -11.754	 -11.115
182	 -69.129	7	  38.660	 -31.581	   0.722
183	 -68.805	7	   6.452	  21.255	 -23.678
184	 -67.952	7	  -3.360	  14.682	 -32.694
185	 -67.140	7	  40.616	  23.452	   8.250
186	 -66.611	6	  -9.703	 -32.513	  43.339
187	 -63.867	6	  30.800	 -24.053	  47.036
188	 -63.741	6	 -16.355	 -37.100	  29.439
189	 -62.823	6	  21.241	 -41.603	  33.101
190	 -61.159	6	  42.122	  24.096	  -8.400
191	 -61.146	6	   6.483	 -36.035	 -21.376
192	 -60.448	6	  -7.071	  22.716	 -17.208
193	 -60.413	6	  28.788	 -36.819	  51.631
194	 -59.968	6	  43.295	 -32.742	   7.782
195	 -59.692	6	  -7.389	   4.560	 -29.228
196	 -59.667	6	 -24.890	 -64.254	  27.003
197	 -59.196	5	   2.940	  20.628	   5.195
198	 -55.718	6	  34.590	 -17.793	  26.754
199	 -55.067	4	  16.105	 -22.846	  -2.904
200	 -50.168	5	 -17.890	 -24.281	  30.556
201	 -49.690	5	 -27.547	 -15.217	  21.311
202	 -49.224	3	   0.550	   8.106	  12.771
203	 -49.163	5	  13.141	  12.798	  17.713
204	 -48.704	5	 -12.809	  11.299	 -31.742
205	 -44.233	4	  40.940	  -8.787	  27.247
206	 -42.940	4	  29.940	 -30.226	  32.575
207	 -42.228	4	   3.232	  -0.533	  42.264
208	 -41.772	4	 -21.503	 -31.830	  17.176
209	 -40.769	4	   8.214	 -13.526	 -17.736
210	 -40.676	4	  12.664	   1.477	 -23.498
211	 -39.303	4	 -21.824	 -38.025	  -2.716
212	 -39.203	4	  -4.314	 -40.265	  -8.282
213	 -38.211	4	  24.678	  11.950	  21.245
214	 -37.909	4	 -10.055	 -23.035	 -10.236
215	 -37.664	4	  -1.082	 -52.306	   2.773
216	 -37.305	4	  40.416	  -6.560	  -1.973
217	 -36.760	3	  11.581	  21.470	  -2.736
218	 -33.478	3	  20.229	 -29.904	   7.264
219	 -32.577	2	  16.380	   8.716	 -18.176
220	 -32.258	3	  14.940	 -30.388	 -22.446
221	 -31.952	3	  42.272	  39.008	   1.972
222	 -31.287	2	   3.940	  -7.284	   2.747
223	 -31.179	2	  14.940	 -39.284	  12.721
224	 -30.030	3	  47.940	  29.111	  -7.034
225	 -29.049	3	  45.583	  31.052	   3.907
226	 -28.932	3	 -22.394	  -5.639	  -6.756
227	 -28.932	3	 -26.060	 -18.245	  -3.051
228	 -28.193	3	   8.273	 -16.279	  52.259
229	 -28.079	2	  -5.333	 -19.011	  33.901
230	 -25.966	2	  -6.098	  -9.803	  25.264
231	 -21.270	2	 -24.484	  -0.284	  25.264
232	 -20.889	2	  27.376	 -46.156	  47.828
233	 -20.862	1	  32.940	 -10.284	   6.264
234	 -20.586	2	 -25.060	 -55.284	  21.810
235	 -20.280	2	   1.396	   7.716	  41.720
236	 -19.847	2	 -11.509	  20.613	 -28.596
237	 -19.384	2	  24.940	 -34.284	  58.744
238	 -19.318	2	  13.418	 -39.284	 -15.736
239	 -19.280	2	 -13.060	  11.184	 -13.736
240	 -19.154	1	 -14.060	  -1.284	   5.264
241	 -18.734	2	 -18.021	 -66.755	  24.735
242	 -18.734	2	  40.420	  34.236	 -11.216
243	 -18.522	2	  21.441	 -36.281	 -12.734
244	 -18.448	2	  -6.060	   8.201	  36.203
245	 -18.319	2	  37.448	 -21.792	  43.264
246	 -18.112	2	  25.448	 -44.792	  18.264
247	 -17.899	2	  40.940	  10.218	 -10.736
248	 -17.454	1	  -3.060	 -18.284	   6.264
249	 -16.673	1	  -7.060	 -41.284	  40.264
250	 -15.779	1	  10.940	 -10.284	   0.264
251	 -15.273	1	  10.940	 -24.284	  25.264
252	 -15.083	1	  17.940	 -12.284	  19.264
253	 -15.064	1	  -0.060	 -27.284	  17.264
254	 -11.580	1	  31.940	  -4.284	  38.264
255	 -11.041	1	  10.940	 -28.284	  18.264
256	  -9.820	1	 -16.060	 -47.284	   3.264
257	  -9.763	1	  11.940	 -12.284	  39.264
258	  -9.664	1	 -19.060	 -12.284	 -20.736
259	  -8.911	1	  46.940	  20.716	   1.264
