1	-1416.890	129	  -7.993	  17.186	  25.342
2	-818.290	77	 -11.786	  14.484	  31.317
3	-501.655	42	 -15.431	  12.664	   4.317
4	-335.503	31	  -3.007	  20.831	  52.011
5	-274.553	27	 -26.132	  24.298	  32.470
6	-270.039	27	 -22.277	  27.647	  11.173
7	-267.404	23	  -9.946	  25.903	  15.233
8	-256.553	22	   2.355	  10.645	  40.856
9	-249.626	22	  -0.403	  29.384	  47.077
10	-233.784	23	  -6.422	  34.586	  25.693
11	-231.304	19	 -10.321	   3.575	  14.599
12	-228.219	22	   1.348	  12.460	  28.851
13	-217.142	19	 -18.048	  21.198	  39.949
14	-201.384	17	  -1.807	  36.423	  38.460
15	-198.317	18	 -22.051	  11.224	  26.460
16	-189.744	18	 -20.840	   4.511	   9.249
17	-184.440	15	 -16.360	  33.268	  17.899
18	-174.161	16	 -10.691	   6.332	  28.913
19	-173.643	17	  -0.339	  13.120	  52.344
20	-160.485	16	 -16.538	   4.423	  23.788
21	-159.838	15	   6.388	  17.364	  43.125
22	-142.152	14	 -12.485	  34.256	  44.653
23	-136.924	13	 -23.586	  34.024	  21.924
24	-133.556	14	 -13.959	  24.128	  45.722
25	-128.666	12	 -26.055	  15.054	   9.139
26	-126.298	12	  -3.392	   4.145	  23.614
27	-119.759	10	 -30.682	  19.165	  17.955
28	-106.991	8	 -19.449	  30.850	  38.965
29	-106.710	10	   1.648	  24.030	  29.720
30	-100.569	10	  -8.335	  17.232	  13.314
31	 -94.153	9	 -16.729	  37.171	  36.038
32	 -82.293	8	 -11.940	  16.347	  43.450
33	 -79.640	8	  -1.637	   5.479	  33.779
34	 -71.656	7	 -13.824	  21.174	   6.881
35	 -65.528	6	   4.045	  31.786	  32.566
36	 -51.659	5	 -29.091	  19.217	  26.490
37	 -51.181	5	 -10.657	   4.243	   4.729
38	 -49.328	5	 -29.525	  12.032	  23.275
39	 -41.621	4	   6.986	  26.457	  45.907
40	 -39.554	4	 -30.969	  26.486	  15.885
41	 -38.439	4	  -0.717	  11.960	  18.890
42	 -37.780	4	   7.262	  22.216	  36.104
43	 -37.532	4	 -11.706	   9.971	  38.900
44	 -18.762	2	  -2.736	   9.243	   8.856
45	 -18.149	2	 -15.717	  41.243	  29.395
46	 -10.240	1	  -7.717	  10.243	  47.895
