1	-898.320	72	   9.847	  20.641	  43.557
2	-875.704	78	 -10.357	   7.351	  71.059
3	-861.559	52	  58.487	   7.893	  51.243
4	-807.258	70	   9.381	   5.595	  45.703
5	-767.207	47	   7.763	   6.501	  56.676
6	-714.620	65	   1.217	  22.940	  68.613
7	-653.345	55	  75.380	   3.293	  38.497
8	-649.619	58	  67.600	  16.252	  65.094
9	-634.615	53	  16.887	  15.126	  42.295
10	-589.588	48	  59.972	   9.684	  62.065
11	-531.143	48	  61.470	 -11.412	  36.963
12	-497.195	48	  53.101	  -2.073	  45.810
13	-450.102	40	 -12.255	   7.477	  43.672
14	-450.062	42	  52.396	  -3.088	  60.937
15	-441.742	40	  72.510	  10.047	  63.150
16	-422.372	38	  -8.402	  20.497	  60.262
17	-422.000	39	  20.772	  22.075	  54.512
18	-412.421	40	  16.496	  26.304	  46.822
19	-409.553	38	  -1.808	  -0.279	  61.499
20	-407.940	33	  18.325	   4.391	  50.792
21	-374.412	31	  37.242	  17.012	  38.119
22	-373.269	34	  63.109	 -15.779	  59.714
23	-360.274	33	  73.251	  21.573	  53.115
24	-358.562	34	  -0.496	  -5.275	  52.656
25	-357.516	32	  60.687	 -19.496	  49.783
26	-341.491	31	  12.895	  18.218	  68.913
27	-338.084	30	  70.228	  13.690	  38.042
28	-310.184	27	  57.124	  18.746	  58.222
29	-260.004	26	 -10.345	  20.706	  49.847
30	-234.436	21	  58.280	   5.075	  27.903
31	-231.418	22	  71.331	 -12.749	  53.600
32	-226.688	19	  68.153	  38.782	  68.773
33	-226.187	22	 -19.454	  -9.845	  49.164
34	-218.850	21	  20.415	  23.087	  34.527
35	-216.643	19	   4.737	   4.634	  79.426
36	-208.803	19	  75.763	  42.320	  63.026
37	-207.367	20	  77.167	  17.273	  63.980
38	-198.183	18	  74.433	  -6.117	  46.274
39	-197.602	19	   8.968	  15.421	  77.352
40	-196.687	20	  75.902	  -7.628	  59.500
41	-193.726	15	  62.318	  -8.708	  64.823
42	-184.312	18	   7.498	  17.829	  36.944
43	-180.856	17	  44.982	 -12.135	  45.442
44	-177.639	18	  -2.629	   0.180	  44.392
45	-176.931	17	  21.122	   7.528	  42.468
46	-174.922	16	  41.274	  24.317	  44.921
47	-174.248	16	  43.478	  -2.893	  53.591
48	-172.287	17	   8.241	  -0.278	  64.576
49	-167.955	16	  15.192	   0.252	  58.046
50	-164.756	15	  82.141	  10.259	  41.888
51	-161.255	16	  34.537	  23.607	  52.897
52	-157.672	15	  -4.866	  16.774	  39.831
53	-156.304	14	  59.470	  22.734	  65.700
54	-145.910	14	 -21.245	   4.436	  56.392
55	-145.864	15	  31.654	   7.578	  45.406
56	-141.276	14	  63.593	  23.558	  47.970
57	-139.526	13	  66.907	   0.953	  30.195
58	-135.554	13	  53.051	   8.497	  61.113
59	-134.942	14	  15.462	   7.657	  74.068
60	-134.071	13	  24.185	  11.334	  35.160
61	-131.773	14	   1.140	  30.194	  59.984
62	-124.958	11	  -1.566	   3.071	  71.514
63	-124.099	12	  25.957	  28.250	  44.451
64	-123.318	11	 -16.986	  10.351	  48.905
65	-120.764	12	  51.796	   7.265	  42.897
66	-118.897	11	  79.751	  24.794	  63.167
67	-118.464	12	  58.389	  14.359	  33.390
68	-118.060	12	 -13.224	  -5.607	  64.768
69	-116.778	11	  -0.650	  16.102	  76.108
70	-110.620	11	  72.809	  22.308	  73.657
71	-107.079	10	  73.225	  -5.412	  35.509
72	-105.873	10	  70.948	  -4.006	  67.720
73	-105.325	11	  53.444	  -6.631	  38.403
74	-104.751	7	  65.489	   3.601	  47.038
75	-104.555	10	  -8.659	  21.758	  69.405
76	 -95.858	10	  59.621	  -2.854	  24.773
77	 -92.934	9	   9.475	  28.878	  66.533
78	 -90.797	9	  -3.545	 -15.088	  53.996
79	 -89.323	8	  81.777	   6.971	  51.858
80	 -87.128	9	  79.155	  17.206	  56.325
81	 -85.987	8	  50.881	  13.612	  50.656
82	 -83.132	8	  69.730	 -17.746	  44.771
83	 -82.813	4	  60.351	  -5.218	  51.190
84	 -81.665	8	  19.968	   8.443	  63.721
85	 -81.631	8	  79.425	  31.257	  71.280
86	 -79.969	8	  52.192	  -2.280	  30.183
87	 -76.938	8	  60.398	   2.027	  71.422
88	 -72.946	7	   0.397	  23.672	  43.690
89	 -72.726	7	  58.353	  29.432	  57.028
90	 -67.790	7	  36.207	  -8.096	  52.109
91	 -67.304	7	  61.071	  37.330	  63.808
92	 -61.808	6	  -6.626	   2.536	  78.308
93	 -61.130	6	  -2.597	   8.028	  83.010
94	 -60.622	6	  49.852	 -25.300	  46.841
95	 -59.690	6	  23.339	  15.335	  59.801
96	 -59.684	6	  44.787	 -20.596	  59.431
97	 -57.187	3	  -5.649	   7.343	  55.695
98	 -56.117	6	  69.533	   5.042	  72.642
99	 -53.167	5	 -19.435	  13.557	  63.072
100	 -50.909	5	  74.454	  16.844	  43.440
101	 -50.063	5	  62.362	  27.618	  71.838
102	 -49.885	5	 -11.826	 -15.058	  51.877
103	 -49.437	5	  28.038	   8.635	  52.689
104	 -48.888	5	 -19.078	  14.669	  54.431
105	 -46.397	5	  10.716	  32.741	  57.077
106	 -45.275	3	  54.945	 -11.926	  54.666
107	 -41.219	4	  73.596	  37.789	  53.666
108	 -38.149	4	  54.292	 -20.657	  62.424
109	 -38.129	4	  64.424	  33.338	  53.852
110	 -38.081	4	  44.590	  -9.430	  62.936
111	 -37.059	4	  77.838	   2.840	  62.440
112	 -32.105	3	 -18.598	 -11.657	  58.666
113	 -31.719	3	  42.367	 -25.689	  52.641
114	 -28.557	3	  80.351	  -2.320	  55.331
115	 -28.229	3	   0.663	  10.681	  35.666
116	 -27.951	3	  80.659	  34.918	  64.932
117	 -27.765	3	  74.359	  42.015	  71.985
118	 -27.642	3	  40.353	 -16.997	  53.996
119	 -22.033	2	 -11.649	   1.813	  52.666
120	 -20.453	2	  52.850	   2.343	  23.167
121	 -19.666	2	  83.351	   3.343	  46.126
122	 -19.241	2	 -10.964	  -6.078	  41.666
123	 -18.408	2	  -4.649	  26.343	  56.155
124	 -18.151	2	  33.891	  28.359	  36.682
125	  -8.935	1	  81.351	  38.343	  56.666
126	  -8.933	1	 -20.649	  -0.657	  63.666
