1	-1400.122	127	   2.235	  35.121	  38.430
2	-1273.323	116	  -7.608	  36.814	  42.717
3	-1115.277	96	  -6.413	  18.722	  30.201
4	-982.461	77	   3.577	  48.697	  62.798
5	-833.377	72	 -12.714	  25.082	  46.397
6	-809.617	67	  11.211	  33.677	  48.675
7	-748.968	68	  -4.312	   8.080	  29.125
8	-674.800	58	   3.418	  48.935	  54.264
9	-666.226	61	  -3.449	  41.097	  70.930
10	-639.627	55	  -3.528	  50.301	  49.848
11	-531.027	50	   4.709	   6.839	  35.110
12	-512.950	46	  -1.922	  27.814	  25.852
13	-496.003	46	   0.936	  49.228	  71.360
14	-481.948	47	  -4.330	  42.072	  33.031
15	-388.809	33	  14.122	  31.145	  33.034
16	-386.407	34	 -15.697	  40.765	  71.161
17	-385.659	31	 -18.093	  40.012	  48.820
18	-382.770	35	   1.871	  35.120	  65.154
19	-367.639	34	  17.772	  19.126	  21.521
20	-356.179	32	 -11.780	  34.075	  64.317
21	-350.355	34	 -12.177	  49.968	  74.965
22	-321.370	30	 -20.378	  48.095	  51.453
23	-313.829	27	  -7.529	  24.885	  53.536
24	-303.672	27	  -0.194	  12.169	  43.851
25	-296.668	27	 -21.391	  51.073	  62.787
26	-273.189	27	 -14.984	  55.934	  70.366
27	-255.043	22	  13.187	  16.316	  39.573
28	-249.871	25	  11.899	  41.878	  56.010
29	-247.187	23	  -9.964	  31.707	  29.454
30	-239.953	23	   7.437	  24.577	  51.669
31	-237.902	23	   2.626	  48.349	  42.923
32	-234.009	22	  14.660	  29.634	  25.374
33	-229.284	22	 -21.235	  49.064	  73.596
34	-228.893	20	  17.868	  11.431	  31.996
35	-224.335	22	 -10.081	  61.213	  55.357
36	-197.659	20	  11.339	   8.983	  18.565
37	-178.870	17	  -1.123	  59.974	  57.751
38	-154.646	15	  -4.315	  16.877	  17.142
39	-149.980	15	 -20.012	  55.167	  53.335
40	-139.301	14	 -14.480	  20.907	  39.815
41	-136.096	14	   7.196	  30.636	  20.688
42	-131.084	12	  11.068	  38.611	  41.794
43	-128.688	12	 -10.268	  46.838	  41.258
44	-124.633	11	   5.736	  20.508	  14.148
45	-109.635	11	 -10.770	  13.320	  37.348
46	-108.043	11	   9.159	  36.835	  68.599
47	-107.246	10	 -15.195	  31.290	  42.527
48	-105.031	11	  13.931	  26.407	  17.960
49	 -98.056	9	 -21.957	  38.028	  55.531
50	 -93.222	9	 -14.067	  53.358	  48.295
51	 -91.679	9	  -1.919	  27.044	  63.061
52	 -82.059	8	  -7.927	  14.304	  48.106
53	 -71.392	7	   2.307	   3.057	  25.806
54	 -61.128	6	 -16.619	  58.477	  60.863
55	 -59.743	6	  20.726	  12.162	  23.017
56	 -59.506	6	   9.886	  31.340	  60.027
57	 -51.253	5	   7.572	  14.423	  46.620
58	 -47.837	5	 -22.029	  40.929	  66.511
59	 -30.735	3	   0.572	  36.685	  27.578
60	 -29.232	3	   0.581	  21.674	  54.857
61	 -28.837	3	 -18.428	  27.982	  34.852
62	 -28.731	3	  17.572	  31.040	  42.823
63	 -27.112	3	   1.541	  58.658	  69.543
64	 -18.274	2	  -0.428	  25.848	  18.031
65	 -10.154	1	  -5.428	  54.340	  63.523
66	  -9.852	1	   0.572	  22.340	  40.523
67	  -9.661	1	  18.572	   5.340	  26.523
68	  -9.635	1	 -20.428	  32.340	  49.523
69	  -9.332	1	  -2.428	  36.340	  54.523
