1	-564.672	51	  31.998	  25.641	  38.539
2	-448.507	42	  25.431	  18.776	  44.158
3	-360.238	32	   6.437	  18.701	  32.218
4	-353.978	32	  27.984	  36.646	  32.442
5	-343.546	32	  21.866	  26.513	  23.819
6	-314.257	29	  18.003	  12.151	  27.141
7	-300.682	29	  42.258	   2.570	  41.344
8	-280.607	27	  16.890	  18.307	  48.249
9	-265.564	25	   9.095	  12.796	  40.063
10	-251.945	25	  15.768	   6.649	  45.745
11	-243.751	23	  16.153	  33.643	  29.883
12	-221.620	22	  42.786	   4.755	  53.333
13	-192.272	18	  31.753	   0.538	  54.474
14	-188.510	19	  20.869	  34.244	  44.101
15	-186.567	18	  18.022	  38.159	  38.359
16	-184.517	18	  32.520	  30.536	  26.109
17	-163.069	15	  34.486	  -1.646	  45.639
18	-154.442	14	  36.273	  14.286	  52.925
19	-148.790	14	  12.687	   4.089	  33.525
20	-144.293	13	  11.939	  24.779	  26.337
21	-116.811	11	  36.903	  13.977	  31.757
22	-111.185	10	  10.063	  22.363	  43.325
23	-102.164	10	  20.639	  -1.161	  38.627
24	 -88.880	9	  39.285	  23.871	  32.713
25	 -87.641	9	  32.163	  19.166	  27.100
26	 -81.680	8	  46.300	  11.054	  45.896
27	 -79.501	8	  25.616	  -3.318	  43.394
28	 -76.206	8	  42.462	  14.920	  37.397
29	 -47.966	5	  20.452	   4.699	  53.320
30	 -46.836	5	  30.619	   3.391	  32.582
31	 -37.656	4	  37.336	   1.832	  36.030
32	 -28.733	3	  29.258	   7.736	  59.754
33	 -27.803	3	   9.949	  30.417	  34.407
34	 -18.760	2	  30.080	  35.833	  42.365
35	 -18.300	2	  25.609	  11.903	  27.754
36	  -9.403	1	  14.602	  27.400	  48.754
