1	-1172.776	97	  21.604	  13.629	  16.194
2	-1119.938	92	  61.215	   3.550	  13.889
3	-1102.460	93	  32.774	 -25.008	   8.159
4	-804.380	69	  38.596	  -1.725	   9.830
5	-796.578	77	  33.797	 -11.740	  22.213
6	-780.626	70	  37.296	   8.479	  22.484
7	-670.099	62	  32.212	  14.332	  23.365
8	-656.102	63	  47.116	  -5.763	  23.421
9	-647.996	62	  38.448	  -3.684	  17.617
10	-632.080	55	  21.221	  -9.056	   2.871
11	-631.590	55	  54.695	 -11.494	   2.409
12	-631.138	58	  25.757	 -18.596	  16.951
13	-608.008	56	  57.866	  -7.568	  19.235
14	-600.336	53	  39.626	  18.174	   7.926
15	-582.814	52	  15.945	 -15.265	  16.318
16	-563.296	50	  27.369	 -10.253	  16.497
17	-541.148	47	  50.187	 -10.138	  16.582
18	-523.131	47	  40.333	  21.246	  23.712
19	-497.708	45	  11.833	 -16.449	   8.432
20	-483.171	45	  64.470	 -17.924	   8.393
21	-471.092	41	  59.605	 -17.219	  16.220
22	-465.487	43	   8.889	 -28.233	  -2.002
23	-459.185	43	  18.137	   2.116	  38.024
24	-438.404	36	  10.132	  16.020	  25.972
25	-427.372	42	  35.711	  -0.781	  24.483
26	-424.152	39	  57.514	   5.640	  38.621
27	-421.493	39	  29.062	  38.437	  11.746
28	-418.743	37	  27.952	  18.475	  34.019
29	-408.055	36	  22.383	 -27.362	  24.851
30	-405.249	36	  71.139	   9.691	  24.568
31	-404.198	38	  39.777	   5.486	   2.944
32	-398.456	40	  26.077	 -26.044	  -2.731
33	-397.084	38	  43.164	  -4.683	   0.616
34	-393.683	36	  15.837	  32.775	  12.479
35	-388.170	35	  39.625	  27.535	  17.319
36	-386.043	37	  48.094	  19.396	   5.744
37	-385.856	36	  75.439	  -1.169	   3.674
38	-384.860	32	  14.509	  -8.392	  22.746
39	-377.262	30	  54.013	 -24.147	  19.605
40	-374.080	34	  62.896	  10.555	   7.339
41	-369.556	35	  32.084	  -1.838	   1.110
42	-366.594	26	  48.202	  17.302	  27.498
43	-365.577	33	  78.170	 -12.289	   1.870
44	-363.810	33	  41.963	 -32.725	  29.901
45	-358.510	30	  34.624	 -38.934	  14.707
46	-353.725	34	  51.373	 -18.273	  -1.886
47	-345.708	30	  65.949	  -8.986	  28.372
48	-341.362	33	  16.240	  -2.308	   1.287
49	-333.316	31	  19.568	 -32.590	  -2.056
50	-329.465	28	  61.872	  -5.021	   0.495
51	-329.115	30	  62.637	  12.965	  32.917
52	-328.218	32	  12.751	 -15.907	  -1.078
53	-313.035	28	  33.506	 -15.471	  -2.182
54	-308.708	30	  35.093	 -41.600	  24.438
55	-296.246	29	  70.469	   8.480	  34.016
56	-296.057	28	  86.714	   5.306	  20.397
57	-291.294	29	  56.761	  21.727	  29.653
58	-288.746	28	  64.192	 -13.327	  -1.256
59	-288.661	28	   9.396	  13.591	  34.947
60	-286.257	24	  23.138	 -17.702	  -1.876
61	-283.742	27	  40.407	 -34.954	   4.163
62	-283.667	26	  17.110	  14.419	   7.980
63	-283.436	23	  30.949	  21.835	   6.134
64	-278.855	26	   5.748	  27.991	  25.149
65	-271.969	25	  54.428	   3.216	   1.380
66	-269.728	25	  44.865	 -36.642	  18.771
67	-259.140	25	  37.795	  28.735	   7.414
68	-259.133	23	  36.562	 -27.319	  -0.488
69	-258.607	25	  10.297	 -36.742	  13.232
70	-254.973	23	  22.205	 -45.600	  20.576
71	-246.917	22	   9.883	   4.447	  30.599
72	-238.594	23	   8.322	  12.635	  14.559
73	-235.479	23	   4.973	  -3.485	  21.802
74	-234.757	19	  49.169	 -34.919	   8.114
75	-229.548	23	  25.274	 -48.453	   7.509
76	-222.929	19	  61.631	  21.696	  19.553
77	-220.145	21	  26.856	   8.008	   0.196
78	-218.690	19	  10.823	  28.840	  34.110
79	-213.552	21	  52.795	 -32.746	  19.990
80	-210.616	21	  19.631	  22.391	  12.036
81	-201.598	17	   5.302	   4.187	  15.927
82	-201.100	17	  27.957	  13.751	   6.111
83	-200.826	19	  76.002	 -11.181	  28.523
84	-199.032	19	  23.949	  36.251	  27.860
85	-192.474	16	  82.821	   0.577	  28.438
86	-190.168	18	  81.463	 -12.023	  18.039
87	-184.876	16	   6.259	  37.345	  20.605
88	-184.152	19	  66.138	   1.544	  -0.621
89	-182.599	19	  23.675	  23.383	   3.741
90	-177.150	17	  39.794	 -15.437	  31.178
91	-171.298	16	  62.790	  19.719	  12.482
92	-171.044	15	  82.468	   3.880	   6.339
93	-165.972	16	  23.277	  27.766	  37.401
94	-164.139	16	  18.667	 -49.853	  12.363
95	-162.914	15	  18.613	 -50.396	   3.326
96	-161.527	16	  32.560	 -34.456	  34.049
97	-159.075	14	  20.962	 -40.760	  -3.045
98	-158.539	15	   8.171	  35.185	  29.548
99	-156.811	15	  16.191	 -35.602	  24.333
100	-154.643	15	  84.999	  -6.937	   5.765
101	-151.409	15	  53.761	  25.213	  11.537
102	-151.327	15	  70.038	   2.592	   8.119
103	-151.139	14	  21.782	  29.322	   8.530
104	-148.698	15	  47.829	 -17.868	  30.180
105	-145.159	14	  10.433	 -38.190	  -0.272
106	-144.360	10	  35.135	   9.008	  12.020
107	-139.364	13	  68.324	  14.666	  16.385
108	-136.476	13	  44.335	 -13.099	  -4.430
109	-135.844	10	  49.704	  -4.526	   8.989
110	-134.701	13	  17.748	  10.748	  43.061
111	-134.424	13	  29.941	   2.833	  36.542
112	-132.485	13	  47.071	  12.369	   1.615
113	-131.401	13	  57.355	 -29.570	  10.533
114	-130.104	13	  54.473	 -27.924	   1.558
115	-127.522	9	  19.081	  13.230	  25.533
116	-127.062	12	  44.851	  -1.037	  33.270
117	-125.120	12	  19.467	  40.805	  15.524
118	-124.435	12	  86.271	  -5.282	  23.010
119	-122.923	12	  15.719	  36.056	  31.566
120	-122.396	12	  52.985	  -5.198	  34.986
121	-122.011	11	   7.383	  -1.646	   6.536
122	-110.444	10	   9.988	 -26.249	 -12.362
123	-109.034	11	  37.374	 -26.927	  32.632
124	-106.423	10	  46.775	 -31.707	  -1.696
125	-106.123	11	  29.733	 -38.367	   3.715
126	-106.040	11	  66.316	  -0.115	  40.485
127	-105.017	10	  27.880	  39.679	   0.896
128	-101.247	10	  24.342	  -8.960	  31.533
129	-101.123	7	  30.938	  -9.923	   7.789
130	-100.211	10	  70.264	 -19.159	   2.773
131	 -98.835	10	  23.240	  20.175	  39.727
132	 -98.659	7	  64.238	   3.681	  23.635
133	 -98.542	9	  30.250	  -4.301	  33.425
134	 -98.204	10	  68.055	  -6.979	  35.604
135	 -96.541	10	  23.981	 -31.052	  30.975
136	 -94.517	9	   8.066	 -23.047	  10.861
137	 -94.315	9	  80.173	   8.261	  25.190
138	 -93.839	9	  77.722	  -9.127	  -9.018
139	 -92.232	9	   7.006	  -6.252	  13.279
140	 -91.889	9	  44.066	   6.635	  35.141
141	 -91.783	9	  30.061	 -46.052	  13.986
142	 -88.592	9	  10.996	 -45.740	   3.975
143	 -84.918	9	  82.282	  -0.270	  -2.369
144	 -83.508	8	  32.065	 -20.332	  31.316
145	 -80.292	8	  38.504	  34.181	  14.039
146	 -78.050	8	  51.143	  25.718	  19.287
147	 -77.018	8	  14.011	  42.432	  20.848
148	 -75.154	7	   6.647	   6.396	   8.097
149	 -74.034	7	  78.460	  -0.433	  34.806
150	 -68.211	7	   9.800	  -6.476	  27.983
151	 -66.118	7	   9.196	 -16.002	  -9.157
152	 -65.217	6	  36.072	  31.491	  23.388
153	 -60.644	5	  90.171	   4.708	  13.711
154	 -59.961	6	  68.221	 -15.169	  -9.120
155	 -58.443	4	  33.341	 -30.470	  16.533
156	 -58.185	6	  16.095	 -36.094	  -8.959
157	 -57.244	5	  14.484	  24.614	  39.673
158	 -56.079	6	  62.632	 -25.470	  16.035
159	 -51.309	5	  46.186	  26.810	  26.725
160	 -51.281	5	  24.222	  -0.577	   0.759
161	 -48.895	5	   8.198	  23.589	  17.165
162	 -48.884	5	  90.426	  -4.590	  11.534
163	 -46.534	5	  27.409	  11.868	  42.338
164	 -46.405	5	  16.837	  37.064	   5.343
165	 -44.555	4	  72.347	 -18.662	  13.325
166	 -41.101	4	  20.874	  29.621	  -0.709
167	 -41.036	4	  72.594	   2.052	  -6.248
168	 -40.307	4	  62.632	  19.308	   4.050
169	 -40.295	4	  22.401	 -25.776	 -12.698
170	 -37.900	4	  76.121	  10.320	  14.272
171	 -37.638	4	   8.394	  19.831	  39.309
172	 -33.180	3	   7.658	 -13.498	  18.533
173	 -32.185	3	  56.632	  14.833	  -0.415
174	 -30.056	3	  49.981	 -29.818	  27.837
175	 -29.952	3	  14.252	 -44.468	  16.533
176	 -29.800	3	   6.933	 -30.370	   9.932
177	 -29.716	3	  37.542	  35.211	   1.467
178	 -29.244	3	  53.594	  14.518	  36.533
179	 -27.979	3	   3.965	 -21.823	  -4.467
180	 -24.931	2	  38.150	 -16.685	  13.015
181	 -20.034	2	  10.115	  10.833	   2.050
182	 -20.007	2	   4.297	   7.833	  25.533
183	 -19.333	2	  36.632	  40.833	   8.065
184	 -18.949	2	  75.632	 -18.686	  -3.467
185	 -18.881	2	  50.632	   3.335	  17.031
186	 -13.425	1	  26.632	   3.833	  16.533
187	 -10.382	1	  11.632	   8.833	  19.533
188	  -9.538	1	  85.632	 -13.167	  11.533
189	  -9.420	1	  44.632	 -20.167	  -8.467
190	  -9.082	1	  34.632	  26.833	  30.533
191	  -9.049	1	  20.632	  15.833	  -0.467
192	  -9.014	1	   5.632	 -37.167	   5.533
193	  -8.976	1	  69.632	 -18.167	  20.533
194	  -8.915	1	  17.632	   5.833	  -3.467
195	  -8.904	1	  34.632	 -22.167	  -7.467
