1	-554.116	49	  20.673	  17.146	   8.981
2	-449.721	39	   8.275	  20.040	  -0.162
3	-423.778	40	  11.570	   3.483	  14.544
4	-281.639	26	   5.254	  15.265	  26.060
5	-256.702	17	   3.318	  18.175	  19.112
6	-254.706	23	  11.230	  23.495	  20.696
7	-205.764	20	  24.544	   7.286	  13.039
8	-201.756	20	  -0.249	  10.137	   9.408
9	-189.474	17	  18.312	   8.319	  23.005
10	-174.785	16	   2.886	  26.700	   8.493
11	-168.542	16	  15.582	   1.469	   4.673
12	-155.586	14	  18.137	   9.603	   1.291
13	-111.932	11	  -2.129	  17.605	   8.495
14	 -96.652	10	   6.607	   3.976	  24.392
15	 -82.283	8	  24.336	  17.925	  20.019
16	 -73.786	6	   7.075	   6.390	  -0.646
17	 -71.057	7	  12.070	  30.472	   5.881
18	 -67.160	7	  18.332	  23.491	   4.884
19	 -39.353	4	  17.627	  25.714	  14.989
20	 -19.929	2	  11.712	  10.788	  30.046
21	 -18.910	2	   1.190	  24.755	  20.588
22	 -10.393	1	  -2.793	  20.788	   1.046
23	  -9.964	1	  30.207	  14.788	  14.046
24	  -9.702	1	  -0.793	  10.788	   1.046
25	  -9.492	1	  17.207	  16.788	  26.046
