1	-1557.243	131	  53.068	  21.615	  45.384
2	-1186.848	105	  55.197	  15.672	  64.958
3	-845.755	70	  70.342	  10.128	  45.306
4	-752.741	60	  64.322	  16.539	  60.126
5	-723.511	56	  51.021	  26.323	  34.065
6	-607.662	57	  65.433	  23.225	  26.016
7	-558.978	50	  65.037	  31.531	  32.875
8	-550.957	43	  48.355	  36.758	  32.168
9	-473.967	40	  55.415	   4.363	  30.362
10	-438.917	40	  75.039	  17.471	  45.080
11	-399.011	38	  46.883	  30.432	  42.686
12	-398.059	28	  46.792	  29.247	  52.744
13	-369.850	33	  45.201	  13.716	  52.633
14	-351.433	27	  55.908	  14.348	  19.182
15	-342.747	34	  41.613	  14.909	  34.677
16	-330.197	30	  43.387	  20.650	  63.070
17	-329.126	29	  59.493	  45.710	  19.429
18	-301.873	28	  56.161	  36.986	  33.698
19	-285.242	27	  54.823	   2.373	  42.288
20	-279.007	26	  68.051	  10.067	  31.231
21	-265.853	25	  62.409	  34.029	  41.460
22	-258.189	21	  49.955	  13.060	  29.787
23	-230.168	22	  61.552	   6.476	  61.129
24	-215.025	21	  62.663	   3.884	  23.865
25	-208.335	21	  40.300	  27.490	  32.682
26	-201.681	19	  54.850	  32.931	  60.938
27	-198.206	18	  66.423	  30.015	  53.734
28	-193.491	18	  64.472	  19.232	  69.133
29	-193.388	18	  67.677	  24.184	  61.792
30	-189.623	18	  70.154	  18.873	  54.109
31	-180.523	16	  60.250	  10.002	  71.969
32	-172.135	17	  34.527	  28.047	  48.636
33	-156.747	16	  46.665	  16.376	  21.718
34	-154.455	15	  43.370	  35.404	  17.586
35	-153.527	16	  73.299	  19.857	  35.640
36	-150.297	14	  40.074	   9.147	  46.191
37	-133.050	13	  59.304	  33.439	  49.144
38	-129.383	13	  61.837	  29.634	  67.002
39	-126.032	12	  47.781	   5.807	  45.682
40	-124.556	12	  54.020	  45.348	  13.282
41	-119.737	12	  63.377	  28.984	  16.125
42	-117.998	12	  59.297	  -2.514	  34.380
43	-113.040	11	  66.169	  40.705	  14.986
44	-102.343	10	  62.139	   1.419	  49.422
45	 -95.233	9	  36.110	  22.948	  41.472
46	 -87.363	8	  35.851	  20.503	  54.117
47	 -85.066	9	  47.214	  24.457	  12.514
48	 -79.685	7	  56.446	  25.686	  12.067
49	 -79.142	8	  69.086	   3.024	  38.574
50	 -75.904	8	  59.694	  22.578	  73.636
51	 -72.978	7	  34.805	  15.782	  47.194
52	 -71.299	7	  52.715	   5.301	  52.569
53	 -68.977	7	  41.303	  37.391	  25.896
54	 -64.142	6	  73.499	  26.342	  44.204
55	 -62.590	6	  44.356	  18.489	  41.484
56	 -57.927	6	  69.182	  10.682	  57.920
57	 -57.913	6	  27.686	  24.719	  47.093
58	 -57.704	5	  42.517	  28.904	  21.048
59	 -57.618	6	  59.350	  45.027	  27.267
60	 -50.074	5	  47.279	  46.813	  22.021
61	 -49.461	5	  64.356	  18.332	  17.935
62	 -47.032	5	  45.598	  -0.299	  38.538
63	 -38.468	4	  40.152	  31.938	  57.729
64	 -36.556	4	  48.676	  10.207	  59.264
65	 -30.860	3	  49.269	  32.592	  12.344
66	 -25.854	2	  43.833	  22.701	  47.761
67	 -21.066	2	  70.182	  33.255	  23.761
68	 -16.432	1	  48.182	  32.701	  24.761
69	 -10.921	1	  53.182	  18.701	  11.761
70	 -10.257	1	  52.182	  45.701	  31.761
71	  -9.319	1	  47.182	  40.701	  13.761
72	  -9.116	1	  51.182	  34.701	  49.761
73	  -9.095	1	  53.182	   9.701	  74.761
