1	-1624.932	126	 -18.257	  -7.211	   7.123
2	-976.358	87	 -30.471	 -27.551	  18.297
3	-687.255	62	 -23.021	 -23.498	  37.522
4	-584.567	54	  -5.981	  -6.421	  22.394
5	-506.126	45	  -1.524	 -25.365	   8.681
6	-357.367	24	 -22.230	 -19.644	  23.304
7	-352.359	34	  -9.422	 -32.053	  22.477
8	-346.455	29	 -28.212	 -22.251	  31.806
9	-325.753	29	  -7.487	 -23.332	   0.010
10	-325.644	29	 -34.447	 -12.009	  33.077
11	-319.267	30	 -26.122	   1.302	  10.395
12	-304.894	26	 -15.433	 -30.685	  28.769
13	-281.950	27	 -39.557	  -2.754	  19.970
14	-273.905	26	 -22.510	  -8.778	  39.367
15	-253.993	23	 -41.096	 -13.762	  11.274
16	-248.523	21	  -0.349	 -13.534	   6.894
17	-244.201	24	 -23.661	 -26.289	  -0.291
18	-239.826	23	 -16.544	 -32.615	   8.999
19	-231.110	19	  -4.749	 -10.147	  -0.475
20	-221.101	21	 -40.950	 -21.402	  10.867
21	-220.605	21	 -26.282	 -16.332	  -1.590
22	-215.643	21	 -47.323	 -11.155	  24.590
23	-215.543	20	   3.240	 -27.741	  17.929
24	-185.793	18	 -11.199	  -7.647	  32.770
25	-183.304	17	   3.150	 -16.142	  14.500
26	-181.832	17	 -12.707	 -29.285	   1.968
27	-180.264	16	  -3.177	  -7.485	  11.700
28	-177.656	17	 -18.263	  -9.665	  -9.708
29	-174.960	17	  -5.912	  -0.939	   5.594
30	-173.565	16	 -14.749	   0.661	  11.379
31	-172.089	17	   1.019	 -23.729	  26.900
32	-171.060	17	 -42.901	 -21.305	  26.259
33	-159.124	14	 -11.009	 -17.838	  -5.900
34	-154.860	15	 -18.265	 -36.510	  16.049
35	-138.496	14	 -34.865	 -19.982	  34.777
36	-135.155	13	 -18.494	   4.981	  18.341
37	-132.254	13	  -4.340	 -15.813	  32.012
38	-125.066	12	 -23.119	 -38.207	  26.510
39	-109.881	6	 -16.252	 -13.547	  19.052
40	 -98.804	10	 -23.327	   1.433	  33.174
41	 -94.726	9	 -30.893	   0.766	  24.255
42	 -90.513	9	 -33.466	  -6.506	   4.521
43	 -87.324	9	 -30.645	   4.025	  16.774
44	 -86.052	7	  -2.286	 -15.065	  20.170
45	 -79.246	7	 -29.732	  -4.331	  38.470
46	 -78.750	8	 -11.768	  -6.565	  -6.285
47	 -67.482	7	 -42.163	 -13.269	  35.454
48	 -60.105	6	 -29.135	 -31.412	   5.783
49	 -59.807	6	 -22.790	  -6.692	  -0.978
50	 -57.856	6	 -11.119	 -18.010	  34.342
51	 -56.384	6	 -31.143	 -16.668	  40.469
52	 -52.659	5	 -28.026	 -30.844	  31.309
53	 -49.139	5	 -39.344	  -4.854	  28.757
54	 -48.661	5	 -16.046	 -19.433	 -11.449
55	 -47.869	5	  -9.457	   2.748	  23.519
56	 -45.066	3	 -28.466	 -20.655	   6.032
57	 -39.487	4	 -36.240	 -17.089	   3.116
58	 -38.328	4	  -6.982	 -26.876	  30.806
59	 -37.691	4	   0.290	 -10.856	  29.071
60	 -29.759	3	 -16.111	   3.129	  31.690
61	 -29.507	3	 -49.772	 -19.235	  31.342
62	  -9.576	1	 -16.466	 -13.854	  38.342
63	  -9.340	1	  -8.466	 -34.854	  10.342
