1	-1373.621	126	  26.586	  56.403	  -0.475
2	-1369.109	118	  26.267	  19.744	 -32.026
3	-1306.622	114	  30.290	  56.740	   6.022
4	-1234.246	114	  29.367	  26.440	 -31.578
5	-1182.422	106	  34.863	  37.495	  -6.385
6	-1079.660	101	  44.562	  51.116	  19.422
7	-992.313	90	  22.091	  30.295	 -12.964
8	-892.384	82	  13.152	   5.859	 -25.733
9	-873.044	75	  28.487	  26.503	  -2.466
10	-837.111	54	  42.123	  49.338	  -2.016
11	-794.274	68	  10.547	  27.504	 -40.820
12	-785.373	69	  44.294	  66.884	  -2.674
13	-777.566	47	  14.333	  26.479	 -23.171
14	-735.001	63	  26.591	  45.900	 -18.484
15	-699.099	67	  32.791	  20.523	 -10.288
16	-676.875	64	   7.860	  -1.829	 -27.219
17	-676.355	66	  27.083	  33.999	  10.195
18	-640.409	62	  29.715	  39.731	 -23.447
19	-634.882	51	  18.528	   4.674	   4.217
20	-599.623	55	  50.791	  52.125	  27.193
21	-569.905	51	  28.351	  12.669	 -10.409
22	-564.964	46	  40.493	  20.570	  19.086
23	-502.820	44	  -9.427	   2.483	 -31.890
24	-493.027	44	  61.100	  34.204	  -2.018
25	-447.486	41	  51.146	  16.590	  16.262
26	-433.706	37	  66.595	  58.229	  20.748
27	-428.864	41	  61.305	  37.391	  25.423
28	-420.698	40	   7.967	  32.823	   8.217
29	-416.255	40	  25.663	  33.146	   2.132
30	-401.799	26	  21.527	  27.761	 -26.326
31	-400.533	40	   0.843	  -1.033	  -6.246
32	-399.912	39	  50.371	  19.168	  -9.450
33	-383.873	34	  -4.293	  24.539	  -7.636
34	-378.160	34	   4.893	   3.181	 -50.425
35	-377.501	34	  68.598	  41.252	  19.557
36	-375.452	35	   6.235	  37.208	  -3.460
37	-367.220	33	  50.189	  31.063	 -13.972
38	-364.808	33	  51.428	  51.551	 -10.718
39	-354.538	32	   3.883	  34.383	 -24.492
40	-352.668	33	 -10.379	   2.879	 -14.266
41	-327.723	29	  24.759	   6.577	 -25.679
42	-327.472	30	  32.098	  50.711	  18.852
43	-324.293	32	  -0.730	  -6.035	 -39.314
44	-323.473	31	  23.730	  42.414	  -9.078
45	-322.683	30	  14.556	  47.296	 -30.899
46	-317.403	27	  24.641	  59.283	  16.377
47	-304.808	29	  17.404	   2.324	 -12.036
48	-304.552	29	   7.067	  36.210	 -32.878
49	-303.468	29	  41.101	  36.933	  22.423
50	-300.069	28	  47.726	  59.530	 -11.427
51	-298.725	29	  28.113	  37.376	 -35.178
52	-298.176	29	  15.661	  15.479	 -50.422
53	-293.145	28	  39.425	  57.740	 -22.330
54	-291.976	26	  19.057	  37.136	   8.038
55	-290.264	28	  -4.485	  -2.961	 -12.452
56	-286.613	28	  26.245	  49.413	 -11.921
57	-285.998	27	  -5.777	  27.405	 -27.939
58	-285.650	26	  51.793	  75.650	  23.015
59	-281.927	26	  10.265	   6.749	  10.765
60	-279.617	27	  29.607	  21.557	 -19.959
61	-278.746	17	  34.389	  51.808	  -2.528
62	-271.628	26	  31.402	   9.230	  -5.092
63	-264.690	25	  25.826	  29.354	  17.142
64	-261.697	24	  16.525	  61.507	  18.786
65	-260.528	26	  27.066	  44.256	   4.444
66	-259.207	24	  61.163	  55.755	  -3.998
67	-258.334	23	  38.976	  19.299	 -13.947
68	-257.977	24	  65.667	  62.909	  10.796
69	-255.209	23	  33.457	  10.309	 -35.397
70	-254.613	23	  44.708	  26.500	  23.843
71	-251.314	23	  34.688	  64.140	 -14.128
72	-251.102	23	  20.079	  33.982	  -6.972
73	-247.404	24	  14.546	  67.385	  -3.999
74	-243.118	24	  44.351	  64.882	  29.015
75	-237.161	23	  59.835	  28.931	  21.418
76	-235.969	20	  36.977	  72.277	  19.093
77	-234.079	22	  39.162	  75.870	   9.985
78	-229.375	22	  38.069	  69.809	  -8.932
79	-228.455	21	  16.382	  34.683	 -43.825
80	-225.034	22	  30.952	   7.499	 -50.000
81	-223.343	22	  27.987	   5.336	   0.252
82	-220.262	19	  19.040	   6.755	 -47.283
83	-219.374	20	  40.868	   8.748	 -38.002
84	-218.029	20	  19.304	  39.822	 -38.054
85	-216.480	20	  -5.419	  30.002	 -20.470
86	-216.001	20	  -1.492	  30.409	 -11.406
87	-210.708	20	  31.541	  24.071	  19.367
88	-209.529	19	  55.656	  44.259	  31.519
89	-208.595	21	  14.172	  -3.758	 -40.929
90	-208.546	20	  25.773	  78.231	   1.929
91	-207.180	19	  14.313	  53.378	 -18.313
92	-205.144	19	  57.692	  38.021	  -7.710
93	-200.926	20	   0.928	  24.746	   3.577
94	-200.455	20	  31.276	  35.840	 -16.904
95	-200.389	20	  56.890	  22.737	  -1.961
96	-197.257	18	  44.652	  34.099	 -23.776
97	-196.228	19	   4.502	   4.696	   5.506
98	-193.776	18	   4.080	  18.576	 -46.623
99	-193.111	19	  27.313	   1.576	 -41.709
100	-192.234	19	  28.459	  25.781	 -53.522
101	-192.049	18	  39.876	  31.794	 -43.920
102	-189.343	19	   7.660	  14.743	  14.609
103	-187.237	18	  -1.340	  23.975	 -38.933
104	-185.679	17	  50.758	  73.003	   6.796
105	-185.246	18	  42.497	  75.709	  24.339
106	-184.438	18	  55.809	  66.162	  -0.113
107	-183.245	18	  24.270	  73.870	  20.432
108	-179.924	15	   9.768	  -2.873	  -7.961
109	-175.410	16	  10.511	  47.743	  -7.271
110	-173.910	15	  16.833	  55.847	  10.297
111	-164.460	15	  14.657	   0.328	  -2.279
112	-162.861	15	 -11.515	  13.525	  -5.528
113	-161.509	15	  -8.700	  13.996	 -36.520
114	-155.537	15	  26.290	  56.914	 -12.863
115	-155.452	11	  33.614	  36.610	  14.348
116	-154.806	14	  27.982	  16.192	  13.329
117	-153.369	13	  14.198	  24.147	  17.988
118	-151.439	14	  49.846	  10.648	   6.824
119	-150.083	16	  27.862	  48.099	  -3.176
120	-148.873	11	  53.332	  47.763	  13.887
121	-146.578	14	  44.530	  45.224	  23.155
122	-146.154	12	  23.232	  10.006	  11.247
123	-142.867	13	   5.386	  21.468	  13.617
124	-142.836	14	  30.950	  68.183	  24.681
125	-142.564	13	  31.480	  11.065	   8.021
126	-140.181	14	  59.531	  67.314	  27.782
127	-139.472	13	  46.873	  14.021	 -42.037
128	-138.752	12	  49.373	  33.179	  26.770
129	-138.328	9	   4.085	  10.157	 -21.444
130	-138.150	14	  33.957	  17.995	 -55.193
131	-137.044	13	  13.745	   0.667	 -50.499
132	-136.956	12	  69.576	  32.718	   8.634
133	-133.466	12	  37.175	  26.544	 -52.649
134	-132.063	13	   8.979	  69.300	   4.410
135	-131.855	13	  65.647	  27.058	   5.355
136	-131.413	8	  38.246	  65.393	  12.894
137	-129.196	10	  36.511	  13.685	  13.890
138	-126.308	12	  15.950	  41.957	  -1.617
139	-124.897	13	  35.122	  78.322	  -1.645
140	-124.156	12	  45.841	  23.402	 -46.089
141	-120.504	11	  40.078	  17.442	 -31.799
142	-120.332	12	  53.278	  22.755	  24.426
143	-118.076	10	  44.740	   8.197	  -1.324
144	-117.250	11	  39.019	  44.389	 -28.991
145	-113.661	11	   1.808	  -7.909	 -18.610
146	-113.214	11	  39.889	  28.120	 -18.867
147	-110.712	10	  53.493	  13.337	   0.539
148	-110.453	11	 -15.582	  -0.877	 -26.423
149	-109.735	11	   3.631	  47.624	 -17.915
150	-108.613	10	  43.084	  15.718	 -50.075
151	-106.639	10	  21.009	  -3.157	 -33.826
152	-105.961	11	  19.862	  78.176	  -1.703
153	-104.561	10	  73.426	  53.346	  23.400
154	-103.270	10	  20.418	  16.143	  19.627
155	-100.360	10	  18.724	  27.921	 -52.454
156	 -98.767	10	 -14.276	  23.614	 -21.775
157	 -96.565	10	  58.309	  17.702	  11.176
158	 -95.555	6	  31.547	  16.963	  -2.614
159	 -94.959	8	  38.751	   6.862	   2.674
160	 -94.435	9	  56.436	  62.721	  32.697
161	 -93.968	9	  13.775	   0.837	 -19.589
162	 -92.118	9	  13.071	  55.785	   2.606
163	 -91.796	9	  -7.334	  16.718	   0.231
164	 -91.551	9	  15.499	  78.506	   6.696
165	 -91.207	9	   4.428	  47.711	 -26.656
166	 -90.792	8	  38.311	   7.718	  -7.953
167	 -89.822	8	  27.808	  63.989	 -10.781
168	 -88.981	9	  12.518	  74.242	  12.656
169	 -87.790	9	  64.522	  44.952	  -7.670
170	 -87.549	9	  -8.978	  -8.857	 -23.546
171	 -86.794	6	  17.699	  10.964	 -38.799
172	 -85.809	8	  50.673	  45.711	 -22.785
173	 -85.223	8	   9.140	  -6.511	 -16.964
174	 -83.012	6	  34.336	  29.229	   1.842
175	 -82.455	5	  26.821	  26.588	   8.467
176	 -80.014	8	  34.896	   4.468	 -41.173
177	 -78.639	8	  70.187	  48.817	  -1.537
178	 -76.675	8	  69.030	  50.282	  30.810
179	 -75.910	7	  49.552	  53.992	 -23.573
180	 -69.532	7	   8.692	  59.941	  10.915
181	 -66.368	7	  -1.793	  11.317	   7.032
182	 -65.760	7	  27.771	  39.323	  17.201
183	 -65.412	4	   6.004	   5.718	  -7.079
184	 -63.525	6	  23.434	  79.568	  12.456
185	 -60.809	6	  42.433	  26.815	 -31.747
186	 -60.622	6	  29.376	  60.557	  25.829
187	 -59.789	6	  41.588	  76.546	   1.557
188	 -59.078	6	  16.530	  54.262	  -4.016
189	 -58.610	6	   8.172	  -9.021	 -35.953
190	 -58.312	6	  67.978	  35.307	  -0.026
191	 -57.535	5	  45.386	   8.557	 -11.119
192	 -57.019	6	  36.213	  34.209	 -33.717
193	 -53.145	5	  32.281	  34.740	 -49.924
194	 -50.834	5	  22.432	  65.266	  22.800
195	 -48.985	5	  26.618	  44.712	 -27.977
196	 -48.167	5	  58.825	  73.141	   7.058
197	 -47.776	4	  58.658	  49.178	  -7.007
198	 -46.670	3	  52.426	  33.027	  17.689
199	 -46.426	5	  17.216	  60.718	  -7.160
200	 -42.822	4	  69.363	  53.880	  14.795
201	 -40.297	4	  53.409	  77.718	  15.453
202	 -39.723	4	  29.387	   6.906	 -15.577
203	 -39.296	4	 -16.332	  14.387	 -24.997
204	 -39.178	4	  39.659	  57.593	  29.137
205	 -38.204	3	  32.109	  62.035	  10.030
206	 -37.431	4	  -6.544	   7.240	 -41.545
207	 -36.344	3	 -12.196	  21.718	  -9.291
208	 -36.278	4	  -6.797	  11.425	 -47.328
209	 -34.562	3	   8.426	  11.718	 -12.806
210	 -32.094	3	  14.372	  33.718	  18.723
211	 -31.364	3	  13.225	  22.718	 -50.269
212	 -29.867	2	   7.943	  30.718	 -14.565
213	 -29.519	3	  10.426	  66.718	  17.435
214	 -28.784	3	  73.426	  40.080	   7.392
215	 -28.709	3	  63.428	  68.713	  16.456
216	 -26.881	3	   3.426	  41.712	  -9.896
217	 -23.856	2	  19.222	  17.116	 -42.361
218	 -21.210	2	  52.426	  37.718	 -18.038
219	 -19.756	2	  49.426	  37.574	  11.971
220	 -18.932	2	  49.937	  23.764	 -16.565
221	 -18.911	2	  47.422	  15.209	 -31.565
222	 -18.822	2	  38.452	  31.718	 -27.130
223	 -18.529	2	 -16.574	  15.718	 -14.073
224	 -15.733	1	  47.426	  40.718	  -6.565
225	 -14.099	1	   3.426	  24.718	  -8.565
226	 -12.620	1	  -7.574	   4.718	 -24.565
227	  -9.940	1	  31.426	  51.718	  26.435
228	  -9.931	1	  38.426	   6.718	  11.435
229	  -9.726	1	  32.426	  76.718	  -8.565
230	  -9.609	1	 -13.574	  19.718	 -33.565
231	  -9.265	1	  75.426	  49.718	  11.435
232	  -9.242	1	  11.426	  54.718	  16.435
233	  -9.225	1	  24.426	  17.718	 -53.565
234	  -9.041	1	 -16.574	   6.718	 -17.565
235	  -8.905	1	  -0.574	 -12.282	 -25.565
