1	-1578.107	121	 -18.224	  -7.266	   6.966
2	-861.282	77	 -30.684	 -27.593	  18.314
3	-624.484	59	 -12.669	 -32.067	  24.570
4	-576.821	52	  -5.920	  -6.664	  22.326
5	-487.877	41	 -36.135	 -10.010	  31.192
6	-477.090	44	 -21.276	 -23.431	  37.523
7	-471.781	43	  -1.645	 -25.775	   8.692
8	-429.811	37	 -27.811	 -22.700	  35.375
9	-368.902	25	 -22.212	 -19.851	  23.379
10	-361.837	34	 -25.479	 -20.687	  -1.530
11	-301.048	28	   2.534	 -28.471	  19.459
12	-288.572	26	  -7.718	 -23.544	  -0.405
13	-280.294	27	 -16.532	 -32.712	   9.140
14	-276.156	26	 -38.483	  -2.304	  19.898
15	-268.943	26	 -22.602	  -9.387	  39.515
16	-244.081	23	   3.504	 -16.540	  14.615
17	-241.969	23	 -40.863	 -20.985	  10.958
18	-239.905	20	  -4.951	 -10.158	  -0.958
19	-238.212	23	 -46.274	 -12.374	  29.807
20	-237.720	22	 -29.625	  -0.093	   9.345
21	-233.070	21	 -11.125	 -18.270	  -6.080
22	-232.530	21	  -3.293	  -7.600	  12.105
23	-228.085	22	 -16.391	  -8.629	  -9.047
24	-227.263	23	 -43.805	 -21.764	  25.046
25	-216.843	21	 -12.226	 -29.060	   1.945
26	-213.657	18	 -41.639	 -13.467	  11.301
27	-208.295	19	  -0.229	 -13.250	   6.939
28	-201.904	20	 -34.035	 -18.787	  35.967
29	-199.468	19	  -6.444	 -16.589	  32.507
30	-166.824	16	 -14.024	   0.978	  10.913
31	-158.906	15	 -23.284	 -29.081	   0.884
32	-152.682	15	 -11.635	  -8.000	  32.972
33	-152.059	15	 -19.480	   1.857	  32.859
34	-146.322	14	 -18.158	 -36.670	  15.980
35	-145.651	15	 -24.729	 -10.041	  -1.389
36	-123.792	12	 -29.852	   0.374	  26.308
37	-113.710	11	  -7.830	  -1.631	   2.607
38	-112.241	11	   0.466	 -22.675	  27.809
39	-107.483	10	 -10.576	 -27.858	  31.362
40	-104.566	10	 -17.710	   4.810	  17.692
41	-101.802	9	  -1.871	 -15.057	  20.059
42	 -97.916	6	 -16.240	 -13.623	  19.028
43	 -93.613	9	 -29.796	  -4.348	  38.296
44	 -88.039	9	 -48.156	 -11.223	  20.843
45	 -83.264	8	 -23.079	 -37.543	  28.002
46	 -76.373	5	 -29.635	 -24.542	  27.261
47	 -68.961	7	 -30.497	   3.893	  16.575
48	 -64.919	6	 -22.074	   1.801	  11.403
49	 -60.149	6	 -33.329	  -9.341	   2.631
50	 -60.083	6	 -30.222	 -31.063	   6.811
51	 -58.283	6	  -9.303	   2.039	  23.748
52	 -58.147	6	 -27.026	 -29.841	  33.563
53	 -50.233	5	  -4.291	  -0.396	   9.278
54	 -48.713	5	 -17.386	 -20.285	 -11.148
55	 -39.379	4	 -36.937	 -15.836	   3.970
56	 -38.907	4	 -50.484	 -19.463	  31.768
57	 -37.190	4	   0.277	 -10.959	  29.015
58	 -11.378	1	 -23.484	   5.037	  22.291
59	  -9.990	1	  -8.484	 -34.963	  10.291
60	  -9.626	1	 -16.484	 -13.963	  38.291
61	  -9.488	1	 -42.484	  -4.963	  28.291
62	  -8.938	1	 -43.484	  -2.963	  14.291
