1	-1497.439	118	 -17.688	  -5.901	   7.999
2	-728.586	66	 -24.527	 -23.394	  39.690
3	-610.426	48	 -30.176	 -22.137	  32.916
4	-519.643	48	 -40.555	 -17.860	  11.345
5	-453.019	42	   0.195	 -23.508	  10.458
6	-447.713	39	 -19.559	 -32.639	  26.003
7	-430.502	31	 -21.674	 -18.852	  24.160
8	-420.837	40	  -5.244	  -5.666	  22.329
9	-380.585	35	 -27.111	 -29.178	  18.675
10	-326.186	31	  -5.829	 -22.145	   1.458
11	-313.248	29	 -14.250	 -30.734	   8.143
12	-303.527	28	   0.991	 -11.595	  10.023
13	-298.617	26	 -38.539	  -9.323	  30.112
14	-292.243	27	 -11.137	 -27.960	  32.484
15	-280.582	21	 -27.971	 -30.459	  32.321
16	-263.355	26	 -18.630	  -9.289	  -6.123
17	-258.161	23	  -3.612	  -4.017	  13.585
18	-255.842	26	 -26.154	 -16.279	  -0.347
19	-253.120	24	 -34.108	 -25.158	  19.641
20	-237.934	22	 -39.563	  -2.739	  19.917
21	-228.220	21	 -27.193	   2.230	  10.665
22	-222.688	22	 -48.374	 -13.220	  23.735
23	-218.113	20	 -10.981	 -16.325	  -5.904
24	-213.890	19	   3.820	 -14.419	  18.720
25	-209.568	21	 -33.692	 -11.860	  35.504
26	-208.636	20	 -23.319	  -8.741	  40.134
27	-189.351	10	 -16.271	 -12.318	  20.317
28	-187.516	17	  -8.556	 -34.585	  24.572
29	-174.809	18	 -18.671	   6.397	  18.928
30	-157.851	14	 -21.336	 -23.811	  -1.053
31	-147.881	14	   3.007	 -26.949	  21.588
32	-144.429	13	 -10.744	  -2.985	  27.086
33	-143.226	14	 -15.139	   2.453	  11.702
34	-141.697	14	  -0.153	 -21.617	  30.452
35	-141.686	14	 -39.850	 -23.299	  28.489
36	-138.831	14	 -46.656	 -22.113	  24.439
37	-131.413	11	  -3.291	  -8.398	   2.389
38	-127.743	12	 -26.344	   1.254	  34.076
39	-117.611	12	 -21.490	 -34.724	  16.817
40	-116.265	10	  -2.599	 -31.542	  17.632
41	-114.304	11	  -5.163	 -14.333	  33.985
42	 -95.465	9	  -7.840	  -6.615	  -3.840
43	 -94.283	9	 -31.053	  -4.138	  39.352
44	 -83.728	6	  -3.983	 -14.144	  21.166
45	 -82.628	8	 -33.016	  -6.497	   4.771
46	 -75.607	7	 -14.399	  -6.588	  35.797
47	 -72.983	7	 -32.087	   1.282	  24.267
48	 -70.507	7	 -13.973	 -18.339	  36.933
49	 -68.336	7	 -46.104	 -13.436	  34.947
50	 -60.851	4	 -11.250	 -25.163	  23.234
51	 -58.182	6	  -7.060	   0.713	   5.234
52	 -51.353	5	 -31.040	   4.459	  17.324
53	 -50.859	5	 -27.861	 -30.307	   5.171
54	 -49.703	5	 -32.238	 -17.143	  40.716
55	 -47.444	5	 -22.624	  -5.925	   0.510
56	 -39.841	4	 -13.486	 -35.887	  16.773
57	 -38.896	4	 -12.247	   4.858	  26.033
58	 -30.381	3	 -12.605	 -27.139	  -2.127
59	 -29.498	3	 -34.287	 -32.102	  27.884
60	 -28.327	3	   0.750	  -8.808	  30.198
61	 -21.931	2	 -35.250	 -17.640	   3.529
62	  -9.159	1	 -35.250	 -28.139	  36.529
63	  -9.082	1	 -35.250	 -31.139	  11.529
