1	-1765.123	142	   9.398	  30.688	   7.821
2	-971.467	84	  13.048	  19.768	  -2.566
3	-968.053	77	  29.500	  33.223	   5.717
4	-961.739	84	   7.956	  30.450	  -3.376
5	-940.994	81	  18.473	  31.713	  -4.355
6	-920.009	72	   0.103	  43.027	   0.195
7	-905.320	67	   4.036	  13.496	   8.973
8	-868.004	77	  20.964	   8.084	  -0.929
9	-561.247	53	   2.816	  43.001	 -13.531
10	-558.531	49	   1.761	  26.931	  -9.750
11	-535.251	49	  25.208	  41.045	  -7.282
12	-522.262	46	  34.227	  42.478	  13.936
13	-513.604	49	   2.357	   9.269	  -6.967
14	-504.382	36	  15.947	  33.808	   6.679
15	-494.525	45	 -18.160	  21.020	 -14.028
16	-477.840	47	  -6.720	  30.629	  -8.113
17	-471.757	44	  32.453	  26.099	  -8.189
18	-470.438	33	  12.062	  23.299	   8.417
19	-448.613	42	  11.318	  43.295	 -22.310
20	-448.369	41	  28.556	  45.851	   1.252
21	-441.214	40	  25.982	  48.935	 -10.656
22	-434.208	41	  38.018	  29.305	  23.289
23	-422.285	38	  25.200	  55.226	 -17.441
24	-420.506	39	 -22.684	  22.678	  -0.978
25	-409.561	37	  32.289	   1.839	  -5.274
26	-406.976	37	  24.901	  59.691	  -4.472
27	-406.271	38	   0.669	  59.195	  12.601
28	-359.028	32	 -12.854	  26.629	  -9.057
29	-355.893	33	  -2.330	  12.802	 -16.164
30	-345.117	32	   0.784	  25.503	  22.518
31	-342.775	32	  -7.977	  11.843	  23.660
32	-340.087	31	 -11.289	  34.552	   0.059
33	-332.934	29	   4.110	  43.845	  19.082
34	-325.611	30	  -9.797	  32.705	  14.631
35	-325.183	32	  16.022	   6.765	   8.621
36	-323.737	31	 -14.261	  33.590	   6.693
37	-317.072	31	   5.026	  66.945	   6.268
38	-314.892	30	  31.421	  16.801	 -14.096
39	-306.536	22	   8.952	  39.495	  -2.352
40	-302.683	29	 -18.012	   9.825	  18.254
41	-296.650	28	  43.145	  21.488	  20.789
42	-295.934	27	  19.877	  48.898	  13.558
43	-291.792	27	   0.566	   9.077	   1.139
44	-282.235	26	 -26.827	  13.689	  -2.062
45	-279.589	27	  31.679	   4.077	  11.761
46	-270.413	26	  20.569	  67.010	 -10.206
47	-264.947	24	  20.162	  16.881	  20.967
48	-256.378	25	  48.213	  13.930	  12.252
49	-248.867	23	  32.446	   1.391	   4.593
50	-243.613	22	   9.234	   6.856	  19.422
51	-241.720	24	   8.290	  68.985	  -5.265
52	-239.092	21	  28.285	  37.766	  22.838
53	-234.765	21	  13.070	  40.321	  19.014
54	-229.649	22	  42.971	   2.698	   7.112
55	-220.143	19	  20.956	  32.756	  23.199
56	-216.297	22	  12.205	  62.555	 -22.986
57	-207.153	19	  13.273	  27.060	  22.561
58	-206.496	21	 -22.253	   6.584	   7.832
59	-205.525	18	   4.055	  16.726	  25.226
60	-203.395	18	  22.195	   8.665	  16.104
61	-201.164	13	   2.780	  20.794	   2.173
62	-197.412	14	  23.166	  25.474	   2.823
63	-194.816	18	  25.320	  51.825	   6.434
64	-193.923	17	 -10.890	  44.838	   9.526
65	-189.746	19	  44.015	  23.913	  -0.165
66	-181.599	18	   1.259	  53.176	 -15.580
67	-177.299	18	  -7.748	   2.199	   0.043
68	-173.596	16	  33.425	  28.368	  -1.117
69	-162.498	16	   3.365	  33.853	 -13.814
70	-161.602	16	  -3.436	   3.047	  -6.121
71	-160.366	11	  24.502	  14.055	  -7.902
72	-159.815	16	  10.649	  49.388	  17.401
73	-156.530	13	   2.219	  32.522	  19.647
74	-140.610	12	  -4.285	  50.839	  -2.977
75	-130.516	12	  -3.504	  38.714	  17.804
76	-124.115	11	  39.362	  31.992	   6.014
77	-123.708	11	   1.686	  47.910	  -7.154
78	-123.179	12	   9.202	  58.603	  16.842
79	-122.058	12	  -3.824	  28.637	 -20.438
80	-120.230	12	 -22.267	   5.364	 -10.999
81	-119.030	12	 -12.031	  21.640	  23.620
82	-107.547	11	   3.100	  31.628	 -20.714
83	-106.303	10	  41.292	  23.852	  -7.961
84	-104.154	9	  -3.080	  48.456	  16.559
85	-103.983	9	  40.989	   1.413	  -4.645
86	-102.956	10	  31.420	  21.904	  27.890
87	-102.790	9	  20.556	  40.466	 -16.495
88	 -99.153	10	  22.732	  25.406	  24.252
89	 -98.562	10	  -5.999	   4.185	  19.165
90	 -93.748	9	  16.816	  69.458	   1.649
91	 -92.816	9	  22.337	  61.516	 -22.758
92	 -92.613	8	  -2.020	  61.710	  -6.619
93	 -91.539	8	  12.476	  18.041	  23.879
94	 -90.545	7	  21.462	  41.573	  19.062
95	 -90.011	9	 -10.207	  -0.250	  11.814
96	 -89.651	9	  47.757	   6.247	  -4.164
97	 -89.494	8	 -23.659	  12.927	 -14.874
98	 -88.691	9	 -26.776	  19.094	  10.252
99	 -86.898	8	  45.565	  13.625	  -8.731
100	 -86.454	9	  50.572	  13.732	  -1.155
101	 -83.012	8	 -20.899	  20.691	  21.768
102	 -82.727	8	  35.723	  14.639	  29.020
103	 -79.866	8	 -15.758	   1.452	  -8.628
104	 -79.722	5	  30.339	  20.064	  -1.407
105	 -79.346	8	  25.362	  29.563	  -9.923
106	 -77.626	8	  -7.077	  56.104	   5.916
107	 -76.307	8	 -18.026	   0.361	   5.715
108	 -73.181	7	  44.728	  12.169	  21.625
109	 -72.795	7	  14.627	  65.659	  14.006
110	 -69.118	7	  47.629	  28.968	  11.170
111	 -68.960	7	  11.038	  34.141	 -16.099
112	 -67.774	7	   6.622	  65.830	 -17.995
113	 -67.638	7	  19.298	  57.961	  13.888
114	 -61.402	6	  22.154	  22.762	 -11.831
115	 -59.985	6	  38.453	   8.507	 -13.171
116	 -57.856	6	   9.634	  13.295	  -7.490
117	 -57.133	6	  40.301	   5.752	  19.467
118	 -56.425	6	   6.133	  18.294	 -12.963
119	 -53.328	5	  -1.167	   1.732	   7.627
120	 -49.031	5	   3.689	  44.649	 -21.392
121	 -48.215	5	  41.254	  34.473	  15.983
122	 -46.275	4	  -3.313	  15.056	  -5.548
123	 -43.186	3	  10.484	  46.099	 -11.152
124	 -41.860	4	 -25.266	  11.837	  13.392
125	 -39.671	4	  26.462	  16.002	  25.134
126	 -38.833	4	   2.465	   4.278	  18.170
127	 -37.120	4	  19.947	  51.313	 -25.326
128	 -31.479	3	  12.511	  52.568	 -26.114
129	 -30.393	3	 -23.198	  25.275	  14.518
130	 -30.359	3	 -14.231	  27.579	  18.097
131	 -29.534	3	  -5.218	  62.935	   0.489
132	 -29.439	3	 -15.538	  11.946	 -19.148
133	 -23.133	2	   9.462	  59.275	   4.614
134	 -15.421	1	 -13.538	  15.275	  13.179
135	 -14.076	1	  15.462	  52.275	 -12.821
136	 -13.589	1	  36.462	  19.275	  17.179
137	 -11.278	1	  26.462	  37.275	  11.179
138	 -10.295	1	 -11.538	  15.275	  -5.821
139	 -10.223	1	  32.462	   8.275	  24.179
140	  -9.549	1	  15.462	   7.275	  25.179
141	  -9.449	1	  41.462	  40.275	   5.179
142	  -9.434	1	 -12.538	  51.275	  -0.821
143	  -9.255	1	  19.462	   4.275	  -6.821
