1	-1977.342	171	  -1.086	  -2.113	   5.902
2	-1695.449	138	 -10.115	   6.661	  -2.777
3	-1530.926	127	 -16.561	  -0.278	   8.897
4	-1373.751	111	 -13.021	  -9.934	 -10.998
5	-1314.029	110	  -3.258	  16.227	  30.366
6	-1118.151	92	  -4.858	 -17.016	 -21.224
7	-1050.192	80	  -5.991	  15.223	  20.806
8	-1006.370	80	 -25.669	  -9.179	  -6.322
9	-942.952	84	 -17.368	  20.463	   7.649
10	-923.466	79	 -17.524	  28.964	  23.793
11	-897.285	78	 -10.309	  13.738	  15.149
12	-801.939	70	  15.653	  22.357	  25.198
13	-751.460	62	  -6.276	 -15.428	 -13.403
14	-672.313	57	 -19.814	 -12.027	 -10.679
15	-658.230	58	  -9.689	  11.660	  -9.064
16	-644.085	61	 -33.371	   9.185	  -3.184
17	-619.936	57	 -10.824	  26.205	  13.468
18	-602.315	53	 -21.581	  11.461	 -16.660
19	-599.199	53	  16.150	 -19.583	 -12.555
20	-592.677	48	  -6.596	  24.381	  31.180
21	-572.625	46	 -38.013	 -17.483	  -0.244
22	-568.920	54	 -17.236	 -10.974	   0.571
23	-560.880	51	  13.860	   1.706	  31.491
24	-558.071	52	 -28.709	  -9.126	 -23.020
25	-551.755	50	  -2.399	 -34.591	 -11.238
26	-544.516	47	 -21.974	  -3.912	  14.266
27	-543.153	52	  -0.039	 -36.595	 -21.822
28	-491.364	47	 -26.616	  25.047	  22.406
29	-478.163	42	 -18.157	 -18.068	  -7.207
30	-453.886	40	  -1.349	   5.840	 -11.299
31	-453.835	43	  16.112	  21.186	  36.473
32	-453.389	35	 -17.100	   4.402	   2.198
33	-444.555	40	   3.930	 -33.639	  -7.825
34	-435.586	39	  -6.949	 -27.235	  -7.723
35	-384.476	33	 -32.112	  -0.891	  15.728
36	-373.868	34	  10.867	 -33.533	 -12.243
37	-372.943	36	 -11.506	  -7.832	 -25.531
38	-365.814	32	 -31.001	   7.603	  13.960
39	-364.285	29	 -10.810	 -20.398	 -24.848
40	-361.369	29	 -13.399	  -2.656	  21.187
41	-343.445	33	  11.127	 -11.010	 -17.681
42	-342.123	33	 -22.917	  -8.846	  24.374
43	-340.813	32	   1.491	  -0.586	  31.175
44	-336.773	32	   8.294	  22.319	  19.861
45	-335.000	30	 -13.672	  24.506	  -3.361
46	-325.563	25	 -16.596	  35.603	  -2.320
47	-318.482	29	   2.069	  26.802	  39.157
48	-309.775	29	  -3.756	 -29.296	 -29.791
49	-309.258	27	 -16.916	  13.831	  29.154
50	-306.072	27	  20.994	  14.518	  30.369
51	-297.117	27	 -32.355	  15.450	  -0.329
52	-290.647	28	 -37.235	   8.971	   5.924
53	-280.492	27	 -30.233	  14.374	 -11.758
54	-278.277	27	   3.343	  -1.701	 -17.466
55	-266.880	27	  -0.023	  -6.435	  18.742
56	-264.615	22	 -15.968	  19.975	  16.582
57	-259.885	25	 -40.666	 -13.959	   5.956
58	-254.448	21	 -14.934	  17.796	 -13.503
59	-251.099	25	 -10.030	  -8.326	  11.631
60	-235.214	23	  -3.392	 -19.661	   1.034
61	-234.896	22	  14.159	   7.042	  17.746
62	-232.380	21	   8.520	   0.450	  15.336
63	-232.287	22	 -31.395	 -10.571	   5.961
64	-227.511	22	 -27.557	  30.063	  -5.943
65	-224.661	21	 -33.272	 -24.030	 -11.020
66	-224.229	20	   9.224	  30.051	  35.561
67	-219.960	20	   7.285	 -12.233	   0.097
68	-217.140	20	 -11.978	  33.556	  17.403
69	-215.507	21	  -5.559	  37.281	  26.794
70	-212.284	20	  -8.356	  -0.952	  28.134
71	-206.284	21	  -8.384	  15.477	   4.882
72	-204.218	19	  -3.419	  14.997	 -21.013
73	-202.393	17	 -36.076	  -5.028	 -14.756
74	-199.634	19	 -23.029	 -23.949	  -7.905
75	-197.135	18	   7.795	 -21.261	  -0.924
76	-189.348	18	   7.801	  -1.938	  -3.643
77	-185.750	17	 -28.864	 -23.278	 -16.862
78	-175.379	17	  20.805	   5.884	  32.909
79	-175.239	17	 -20.847	 -22.736	 -25.967
80	-171.972	17	 -38.174	   1.263	  -7.337
81	-171.571	17	  17.850	 -27.729	 -11.521
82	-167.776	16	  12.709	 -11.210	  -7.714
83	-162.885	16	  -1.556	 -15.470	 -29.941
84	-161.902	14	 -30.437	  26.866	  10.201
85	-160.199	15	 -11.301	  36.438	   5.961
86	-149.762	14	 -17.408	   3.821	 -25.944
87	-147.565	14	 -17.718	  40.190	  11.896
88	-142.637	14	 -31.380	  23.710	   0.422
89	-142.241	14	 -22.353	 -31.484	 -20.748
90	-140.955	12	 -27.992	   9.896	  25.459
91	-129.431	12	 -20.309	  35.016	  18.639
92	-122.928	11	   7.287	  -2.068	  23.817
93	-118.883	11	   3.087	   6.529	   1.237
94	-118.464	12	 -29.925	 -21.649	  -0.609
95	-115.532	11	 -38.808	 -12.824	 -11.390
96	-110.908	10	 -11.980	  16.955	  -1.568
97	-110.745	11	  -6.468	  13.938	  39.914
98	-109.529	11	  10.573	  33.454	  22.074
99	-103.624	10	  24.696	  12.757	  22.208
100	 -99.744	10	 -20.940	  -6.475	 -27.694
101	 -98.805	9	   8.183	  37.838	  28.281
102	 -98.417	10	  14.851	  11.184	  42.814
103	 -95.459	9	  10.038	   9.410	  11.081
104	 -95.411	9	 -12.490	 -36.394	 -10.400
105	 -95.158	9	 -16.398	 -39.318	 -16.695
106	 -92.321	9	 -25.441	  37.742	   4.010
107	 -91.719	9	 -43.372	  -4.690	  -1.919
108	 -89.262	9	 -12.470	  12.513	 -27.363
109	 -88.125	9	  -2.574	  23.314	  13.880
110	 -87.980	9	   6.277	  23.517	  44.760
111	 -84.729	9	  -0.444	  35.979	  37.178
112	 -83.667	8	 -16.988	  26.311	  33.653
113	 -81.158	8	   5.344	  16.491	  12.248
114	 -80.894	8	 -33.388	  15.682	  13.189
115	 -78.483	8	  -4.494	   3.067	  33.165
116	 -75.494	7	 -28.224	  32.200	  15.246
117	 -73.170	7	 -27.851	 -18.724	 -23.388
118	 -72.150	7	   5.849	 -27.834	   1.599
119	 -70.881	7	  -5.485	   2.590	 -24.208
120	 -69.293	7	  -3.825	  -6.190	 -25.756
121	 -69.076	7	 -11.995	   8.568	  33.749
122	 -68.383	7	   2.431	 -21.783	 -31.675
123	 -67.235	7	 -31.987	   1.621	  27.593
124	 -62.236	6	   9.653	  -4.477	 -13.147
125	 -60.417	6	  -1.014	  33.612	  15.214
126	 -59.869	6	  12.461	 -32.522	  -1.626
127	 -59.693	6	 -14.382	 -33.609	 -29.486
128	 -57.643	6	   6.501	   2.205	  38.201
129	 -51.955	5	  -5.691	  17.987	 -14.603
130	 -50.144	5	 -30.612	   5.155	 -17.610
131	 -48.591	5	  14.775	 -30.042	 -23.821
132	 -47.975	5	   8.958	   1.993	   7.202
133	 -47.944	5	  17.592	  14.524	  15.028
134	 -47.782	5	  -0.023	  16.611	  43.599
135	 -47.161	5	 -19.035	  29.579	 -12.209
136	 -46.658	5	 -19.226	   2.596	  30.790
137	 -43.650	4	   4.664	  39.398	  21.446
138	 -39.762	4	 -19.153	 -14.866	 -30.125
139	 -39.594	4	   2.680	 -12.050	   7.895
140	 -38.828	4	  18.157	  29.430	  28.189
141	 -34.151	2	 -25.843	   9.194	  -2.296
142	 -30.069	3	 -23.825	 -32.107	  -9.810
143	 -27.615	3	 -37.178	 -26.806	  -1.141
144	 -25.291	1	 -10.843	   9.194	  23.190
145	 -20.374	2	 -31.316	  -6.806	  22.190
146	 -20.069	2	 -36.843	  -7.806	  12.666
147	 -18.186	2	   7.654	 -15.307	 -29.313
148	 -18.167	2	 -21.860	  40.681	  -6.819
149	 -17.258	1	  -7.843	  -5.806	 -15.810
150	 -14.017	1	  -8.843	  -9.806	  -4.810
151	 -13.580	1	 -12.843	 -18.806	 -14.810
152	 -10.435	1	 -27.843	  18.194	  28.190
153	  -9.973	1	 -15.843	  44.194	   0.190
154	  -9.575	1	   8.157	 -26.806	 -29.810
155	  -9.302	1	   1.157	   7.194	  42.190
