1	-1132.811	94	   6.918	  11.244	  58.285
2	-797.530	55	  26.291	  -1.279	  68.759
3	-739.322	51	  26.568	  21.235	  68.320
4	-711.341	63	   2.010	 -14.776	  85.233
5	-704.277	62	  45.186	   2.303	  59.412
6	-701.189	50	  12.741	  10.176	  82.379
7	-699.220	62	  22.829	  36.940	  82.251
8	-666.873	59	  10.673	  41.926	  76.555
9	-659.809	58	  41.146	   2.998	  46.122
10	-638.849	57	   8.882	  24.208	  89.892
11	-633.585	56	  22.752	 -15.109	  76.498
12	-605.329	53	  12.625	  -8.439	  92.438
13	-595.032	52	  16.704	 -17.353	  64.866
14	-581.927	52	  39.764	  21.190	  58.894
15	-572.467	54	  31.091	  14.156	  72.482
16	-564.420	42	  -2.945	   5.533	  80.416
17	-558.129	43	  23.788	  -7.147	  53.695
18	-555.822	48	  31.551	  26.027	  50.605
19	-546.355	51	  26.350	   1.370	  77.525
20	-508.156	48	  -4.747	  28.227	  76.184
21	-503.433	46	   5.945	 -17.067	  65.303
22	-488.365	45	  -8.181	  -1.872	  78.329
23	-479.337	46	  21.111	  15.174	  81.744
24	-474.022	43	  25.268	  -5.482	  44.545
25	-437.744	41	  10.738	  37.505	  59.307
26	-429.779	37	  -2.067	  21.990	  85.258
27	-428.652	39	  -7.094	  20.486	  65.690
28	-424.958	30	  17.764	  31.012	  59.557
29	-424.708	38	  15.111	  17.850	  43.048
30	-415.680	39	  23.893	  13.498	  36.835
31	-408.205	38	  20.438	  43.688	  64.537
32	-405.862	38	  -5.363	  -2.269	  90.577
33	-404.965	36	   6.937	  29.307	  51.668
34	-404.527	37	  28.554	  19.149	  43.167
35	-395.418	35	  13.956	  -3.710	  44.824
36	-393.564	35	 -10.004	   4.354	  68.681
37	-391.986	37	  35.923	 -11.142	  49.538
38	-368.595	34	   2.456	  -8.322	  56.235
39	-367.999	33	  -4.943	  20.195	  78.292
40	-359.203	33	  18.850	  30.609	  92.086
41	-352.305	31	  33.973	  24.503	  83.447
42	-342.498	31	  38.541	  33.151	  63.659
43	-340.070	31	  -7.046	  31.803	  67.185
44	-333.491	30	  24.021	  24.493	  47.348
45	-330.551	31	  -2.919	 -14.552	  63.275
46	-327.814	30	  41.110	   1.626	  75.719
47	-327.166	29	   5.105	  14.735	  97.895
48	-322.547	29	  33.207	 -17.443	  69.675
49	-318.993	22	  14.519	   9.856	  66.214
50	-308.703	27	  23.520	   3.859	  93.825
51	-288.879	26	  22.744	 -13.641	  88.029
52	-287.479	28	  16.836	   2.574	 101.007
53	-283.114	26	  47.723	  13.514	  62.918
54	-273.835	23	  53.167	  13.300	  69.499
55	-263.230	24	  42.715	  26.410	  69.064
56	-259.797	25	  33.971	   0.668	  86.278
57	-258.900	24	  43.059	  -4.499	  50.727
58	-249.317	20	   2.194	   6.221	  62.462
59	-246.758	24	  40.367	  14.622	  79.632
60	-242.953	24	  -2.466	 -21.108	  75.864
61	-242.317	20	  25.292	  29.900	  97.726
62	-242.169	23	  43.329	  -7.471	  72.714
63	-238.349	22	  14.460	  17.496	  97.886
64	-237.664	23	  -1.132	  42.179	  74.458
65	-230.902	22	  28.823	  14.966	  91.347
66	-230.648	22	  36.408	   9.439	  36.434
67	-229.627	21	  19.458	  43.754	  74.572
68	-227.979	21	  11.421	 -14.013	  57.690
69	-216.543	18	  28.840	 -12.816	  94.138
70	-215.331	21	  41.697	  15.453	  54.220
71	-213.747	19	   1.603	  -9.155	  92.603
72	-210.726	20	  37.678	  32.688	  78.058
73	-204.891	20	   8.923	  30.461	  86.627
74	-202.685	20	  16.215	 -16.362	  80.118
75	-194.104	18	  34.383	 -13.244	  78.145
76	-184.134	17	   8.407	  20.534	  49.342
77	-183.238	18	   5.156	  -3.132	 101.023
78	-181.010	17	   6.753	  -2.534	  50.508
79	-175.563	15	  31.498	  24.166	 102.672
80	-168.658	15	  37.582	  20.323	  95.524
81	-162.621	16	  24.076	  14.503	 101.187
82	-162.477	10	  13.995	   7.060	  54.509
83	-162.404	16	  41.722	 -16.565	  65.308
84	-159.597	15	  48.813	   8.815	  82.792
85	-158.880	15	  49.264	  24.769	  72.042
86	-157.961	15	  20.737	  36.320	  55.293
87	-155.224	15	  36.579	 -15.076	  85.273
88	-153.516	13	  54.552	  15.470	  78.614
89	-151.382	14	  46.651	 -10.039	  60.009
90	-150.087	14	  31.819	  41.916	  77.312
91	-145.838	14	  -6.337	  12.298	  64.172
92	-137.993	14	 -11.603	  -8.964	  70.346
93	-137.900	14	  46.635	  23.257	  79.679
94	-137.457	14	  21.425	   2.517	  35.326
95	-134.974	13	   4.919	   7.218	 102.283
96	-134.176	13	  19.789	  21.464	 102.790
97	-133.959	14	  50.583	  -4.797	  69.360
98	-132.019	12	  35.837	   0.688	  96.789
99	-128.420	10	  20.626	   9.883	  72.088
100	-124.139	10	  37.029	  -8.793	  96.484
101	-123.895	8	  22.349	  -9.277	  67.418
102	-123.563	12	  22.449	  10.005	  86.289
103	-113.100	11	  40.677	  -8.881	  84.805
104	-108.031	9	  33.124	 -17.311	  56.189
105	-103.203	9	  37.501	  39.651	  69.161
106	 -99.867	6	   6.640	  15.340	  85.471
107	 -99.288	9	  29.211	  32.688	  53.047
108	 -90.174	8	  -4.783	   6.403	  94.478
109	 -89.353	9	  -6.670	 -19.565	  69.742
110	 -87.828	8	  -5.131	  15.342	  87.780
111	 -86.063	9	  15.054	  39.292	  85.543
112	 -83.640	8	  28.806	  41.384	  60.236
113	 -82.076	7	  22.737	 -17.904	  60.013
114	 -79.513	8	  35.444	  37.218	  84.748
115	 -79.326	8	  -0.351	  39.748	  60.413
116	 -72.481	7	  11.744	 -16.345	  89.084
117	 -71.818	7	   4.381	  36.208	  54.379
118	 -69.557	7	  42.169	  13.769	  45.339
119	 -69.394	7	   9.266	 -20.677	  79.656
120	 -65.752	7	  52.552	  -1.517	  62.636
121	 -62.435	4	  30.308	  24.372	  61.412
122	 -59.746	6	  -2.737	  23.879	  52.228
123	 -59.579	6	  20.627	 -14.931	  50.991
124	 -57.539	6	   7.461	  10.587	  45.665
125	 -51.437	5	   8.936	  44.191	  65.967
126	 -50.697	5	   4.060	  37.512	  83.980
127	 -50.019	5	  -9.543	   9.509	  83.313
128	 -49.887	5	  17.659	  28.084	  44.233
129	 -49.603	5	   9.272	   2.660	  39.786
130	 -49.185	5	  28.770	  46.877	  72.413
131	 -48.026	5	  -0.167	   2.682	  55.397
132	 -47.632	3	  11.742	  -7.931	  80.576
133	 -42.042	4	 -11.499	   0.571	  60.982
134	 -41.068	2	  13.894	  30.069	  77.794
135	 -41.057	4	  35.069	  -4.613	  41.091
136	 -39.462	4	  21.201	   7.035	  79.277
137	 -38.604	4	  21.848	 -14.931	  98.274
138	 -30.896	3	  32.765	  40.069	  93.093
139	 -30.701	3	  -6.868	  -9.578	  82.794
140	 -30.471	3	  -4.332	  42.189	  67.674
141	 -30.113	3	  21.108	 -10.594	 104.794
142	 -29.823	3	  58.093	   1.706	  68.093
143	 -28.604	3	  39.822	  30.090	  54.527
144	 -27.946	3	  14.430	  -9.225	 101.114
145	 -27.903	3	  44.119	 -10.606	  93.130
146	 -23.328	1	  35.456	   8.069	  55.794
147	 -21.755	2	  34.550	   5.616	  74.341
148	 -20.819	2	 -11.086	  16.069	  75.252
149	 -19.955	2	  55.814	   7.427	  64.057
150	 -19.458	2	  25.380	  38.145	  94.642
151	 -18.829	2	  -8.033	  30.069	  57.283
152	 -18.125	2	  -6.039	  -8.929	  57.291
153	 -10.860	1	  26.456	  12.069	  59.794
154	 -10.102	1	  26.456	 -21.931	  70.794
155	  -9.525	1	  14.456	  -1.931	  71.794
156	  -9.450	1	  50.456	  19.069	  86.794
157	  -9.268	1	   1.456	  21.069	  95.794
158	  -9.179	1	  14.456	   8.069	  34.794
159	  -9.013	1	  36.456	  28.069	  96.794
160	  -8.992	1	  34.456	  14.069	 102.794
