1	-960.891	80	  31.577	   6.717	  33.222
2	-930.406	76	  11.336	  -4.458	  30.683
3	-917.192	78	  11.155	  -3.953	  13.757
4	-846.616	72	  31.407	  14.204	  22.447
5	-829.298	70	  12.821	  -9.825	  18.767
6	-773.536	66	  34.340	   5.901	   8.548
7	-765.288	66	  33.439	   9.420	  16.762
8	-746.588	65	  12.198	   1.901	   6.301
9	-738.088	63	  12.660	 -13.055	  27.878
10	-582.641	48	  31.187	  14.856	  32.202
11	-458.589	42	  23.849	  20.949	  28.780
12	-424.330	42	  20.628	   5.379	   1.583
13	-325.980	31	  17.757	  21.698	   6.718
14	-316.197	29	  33.823	 -16.221	  13.404
15	-306.546	28	  28.221	 -14.830	   4.970
16	-306.452	28	  22.120	 -17.407	  24.501
17	-305.640	28	   3.339	  13.872	  28.536
18	-304.538	29	   5.824	 -15.422	  16.738
19	-301.827	28	  10.174	  21.886	  21.056
20	-291.807	27	  -2.061	  -5.467	  16.342
21	-289.360	26	  -4.485	   5.347	  10.134
22	-283.196	28	  25.460	  15.583	  -0.303
23	-276.801	26	   2.812	  -3.996	  32.576
24	-275.597	25	  13.174	 -19.667	   4.584
25	-267.262	25	  42.562	  12.882	  12.477
26	-259.201	24	  33.561	 -17.374	  21.538
27	-254.082	24	   9.198	 -25.845	  16.491
28	-242.888	22	  38.012	  17.554	   3.761
29	-237.603	21	  35.763	  30.607	  23.891
30	-232.348	21	  42.420	  14.175	  33.188
31	-224.785	22	   4.644	  -7.121	   7.881
32	-221.377	22	  34.337	  28.438	  13.261
33	-220.766	20	   9.204	  -9.300	  -1.441
34	-214.666	22	  45.233	  10.661	  23.084
35	-212.330	20	  21.112	   0.972	  36.083
36	-205.695	20	  38.517	  20.505	  22.882
37	-203.310	19	  20.783	 -22.982	  12.562
38	-201.192	19	  25.482	  28.887	  20.416
39	-194.107	19	  42.496	  -8.994	  30.965
40	-185.826	18	   3.655	  19.313	   9.515
41	-183.334	16	  36.017	  16.874	  16.163
42	-175.775	18	  38.222	  -5.724	   2.499
43	-175.402	17	  48.344	   5.801	  28.877
44	-174.437	15	   9.062	 -11.112	  11.276
45	-172.027	16	   1.247	 -11.425	  28.738
46	-156.353	14	  37.133	 -12.986	  27.553
47	-151.274	14	  27.988	  -0.327	   4.437
48	-150.251	15	  50.310	  -2.593	  25.128
49	-146.374	15	  21.111	  -4.613	  -4.317
50	-145.952	14	  -6.271	   5.030	  21.858
51	-141.540	14	  14.282	  23.311	  13.763
52	-132.808	13	  -4.779	  -2.662	  24.146
53	-129.492	12	  41.187	   6.711	  36.546
54	-125.738	11	  19.119	 -13.206	  -0.407
55	-110.560	11	  15.638	  16.788	  31.634
56	-108.515	11	   9.012	  12.071	   2.080
57	-103.835	9	  50.415	  -0.913	  15.343
58	 -87.099	9	  25.782	 -11.107	  35.204
59	 -85.964	9	  38.927	  -2.769	  37.632
60	 -84.257	8	  24.766	  29.130	  13.306
61	 -83.155	8	   0.061	  18.268	  19.842
62	 -79.556	8	  46.931	  -7.847	   7.250
63	 -77.212	8	   1.982	   5.696	  35.397
64	 -72.543	7	  50.467	   6.702	  18.759
65	 -72.423	7	  -0.390	  12.671	   4.645
66	 -67.512	6	  45.121	   5.398	   6.984
67	 -67.325	7	  42.491	 -13.587	   9.087
68	 -65.395	6	  33.098	  23.472	   4.302
69	 -63.731	6	  48.093	 -10.490	  16.848
70	 -61.401	6	  37.687	  23.687	  30.041
71	 -59.773	6	  27.591	  -4.245	  37.111
72	 -47.484	3	  20.115	  16.899	  20.632
73	 -39.781	4	   5.563	 -20.682	  23.351
74	 -39.017	4	  20.253	  12.263	  37.130
75	 -33.967	3	   2.600	   0.634	   2.632
76	 -33.022	2	  19.799	  -5.469	  24.632
77	 -27.305	3	  42.987	  25.858	  14.290
78	 -21.114	1	  24.329	 -12.469	  18.632
79	 -20.519	2	  22.327	   9.032	  26.632
80	 -20.010	2	  13.972	   4.983	  36.632
81	 -18.792	2	  -6.619	  12.583	  15.527
82	 -11.434	1	   8.329	  16.531	  35.632
83	  -9.432	1	   3.329	 -18.469	   5.632
84	  -9.101	1	  14.329	 -23.469	  24.632
85	  -9.012	1	  30.329	 -22.469	  15.632
86	  -8.998	1	  18.329	 -11.469	  33.632
