1	-1056.070	97	  92.487	  74.331	  18.415
2	-641.321	56	  87.932	  86.286	  18.611
3	-632.833	56	  84.335	  60.963	  24.564
4	-532.451	46	  97.037	  81.333	  -1.090
5	-457.095	43	  87.362	  65.797	   1.760
6	-441.230	42	 104.856	  51.099	  14.600
7	-423.845	37	  87.483	  92.598	   5.324
8	-399.621	33	  59.119	  58.563	 -13.090
9	-371.988	34	  97.257	  61.996	  31.135
10	-359.087	30	  97.941	  71.347	  -1.149
11	-358.833	33	  81.322	  68.656	  23.120
12	-345.042	34	  97.168	  91.058	   3.376
13	-338.307	31	  76.210	  63.117	  -0.693
14	-315.776	30	  63.363	  80.229	  19.455
15	-307.052	29	 104.277	  88.152	   4.199
16	-298.868	19	  93.286	  77.573	   9.590
17	-275.115	24	 108.527	  62.499	   1.696
18	-274.409	21	  89.940	  73.615	   2.276
19	-271.371	24	  96.845	  85.810	  14.572
20	-265.165	24	  81.822	  88.839	  19.664
21	-248.889	25	  90.724	  66.209	  27.270
22	-243.511	24	 105.489	  75.155	  25.638
23	-239.681	22	  61.061	  77.515	  11.181
24	-237.547	24	 101.465	  48.875	  25.773
25	-231.383	22	  54.453	  69.925	 -11.088
26	-228.232	22	  80.738	  57.107	  -5.902
27	-225.728	22	  73.728	  79.710	  32.958
28	-218.570	21	 106.588	  86.132	  -5.127
29	-212.071	18	  99.624	  55.240	  -0.164
30	-212.016	20	 115.568	  74.163	   4.423
31	-210.947	21	 111.995	  80.947	  15.178
32	-193.702	20	  75.950	  55.789	  10.725
33	-188.848	19	  64.737	  80.486	  29.320
34	-185.244	18	  61.861	  66.708	 -15.901
35	-176.757	17	  71.013	  60.274	  -7.281
36	-175.852	17	  76.445	  56.159	   3.262
37	-171.879	16	  83.278	  49.605	  15.339
38	-166.967	16	  78.157	  72.198	  29.803
39	-163.587	15	  96.842	  42.700	   6.336
40	-161.371	16	  95.952	  42.909	  16.035
41	-157.749	15	  75.922	  91.271	  13.213
42	-156.996	14	  68.294	  91.585	  18.573
43	-156.512	15	 114.193	  84.023	   3.599
44	-140.094	14	  84.127	  48.412	   1.548
45	-137.659	13	  93.096	  60.908	  -4.557
46	-137.282	14	 112.656	  65.319	  17.512
47	-135.009	13	  49.731	  62.923	  -8.617
48	-132.790	13	  71.155	  61.113	  13.883
49	-127.328	12	 114.728	  66.956	  25.083
50	-126.978	12	  86.967	  50.700	  24.377
51	-125.620	12	  86.088	  83.865	   0.475
52	-116.514	11	  67.261	  85.310	  10.787
53	-113.022	10	 110.316	  60.320	  22.254
54	-109.339	11	 109.961	  61.687	   9.662
55	-105.789	10	  52.757	  54.543	  -3.839
56	-100.807	10	  60.952	  73.485	   3.547
57	-100.307	9	 109.310	  72.574	  -4.664
58	 -99.507	10	 105.633	  84.217	  15.428
59	 -99.359	10	  58.351	  51.662	 -10.047
60	 -96.904	10	 110.091	  57.752	  29.588
61	 -92.007	9	  82.876	  75.588	  -0.801
62	 -90.055	9	  54.103	  70.002	  -2.768
63	 -85.187	8	 114.994	  72.386	  16.705
64	 -77.970	8	 108.152	  67.281	  31.843
65	 -76.382	8	  62.520	  66.975	   8.812
66	 -70.049	7	  60.699	  55.027	  -1.575
67	 -68.550	6	  79.972	  57.554	  18.954
68	 -64.378	6	 104.695	  54.741	   6.721
69	 -64.142	6	 103.483	  64.238	  -9.679
70	 -61.104	6	  88.293	  79.060	  30.567
71	 -60.459	6	  68.486	  64.829	  21.958
72	 -58.972	6	  62.927	  69.861	  24.384
73	 -58.660	6	  47.011	  60.197	  -1.328
74	 -51.419	5	  96.490	  45.842	  -5.080
75	 -49.888	5	  66.125	  90.520	  28.411
76	 -46.366	5	  86.903	  49.477	  -7.911
77	 -41.290	4	  75.614	  78.354	   2.339
78	 -41.104	4	  81.005	  83.576	  37.226
79	 -38.441	4	  89.032	  42.851	   9.210
80	 -38.268	4	  70.828	  86.882	   1.212
81	 -34.638	3	  79.556	  62.636	   8.299
82	 -31.418	3	  69.827	  54.851	  -1.188
83	 -31.095	3	  91.523	  40.535	  -3.921
84	 -30.516	3	  99.441	  68.918	  31.114
85	 -27.946	3	  68.508	  55.791	 -15.473
86	 -27.807	3	  74.112	  88.851	  33.822
87	 -21.495	2	  71.550	  71.893	   2.585
88	 -21.485	2	 113.939	  80.851	  -3.499
89	  -9.528	1	  92.508	  95.851	  10.501
90	  -9.150	1	  98.508	  59.851	   9.501
