1	-1422.690	127	  29.220	 -12.259	  37.386
2	-1089.995	93	  12.960	 -17.893	  48.050
3	-1089.430	96	  24.850	  18.234	  27.014
4	-1021.689	88	  10.610	  -5.283	  72.574
5	-823.016	69	  32.868	 -13.584	  68.820
6	-794.691	69	  42.211	 -14.368	  34.869
7	-744.432	66	   9.534	  17.619	  61.950
8	-728.139	68	  17.373	   5.256	  12.893
9	-725.268	63	  47.222	   7.448	  11.189
10	-724.155	61	   4.020	  -7.349	  37.024
11	-718.471	65	  53.661	   0.648	  16.477
12	-707.522	62	  22.759	 -20.556	  25.573
13	-692.518	61	  28.041	  -3.322	   7.355
14	-684.028	59	   3.006	 -10.910	  62.800
15	-678.636	61	  45.502	  -1.401	  50.512
16	-677.621	60	  30.725	   8.975	  63.179
17	-583.652	52	   4.920	   0.269	  47.402
18	-577.024	51	  19.046	  -8.843	  44.916
19	-563.441	47	  51.824	  -7.308	  41.799
20	-530.363	48	  36.450	  -5.800	  33.595
21	-523.578	46	  40.125	  -5.796	  68.754
22	-521.923	43	  44.269	 -11.642	  24.948
23	-514.786	44	  35.427	   3.257	  13.895
24	-489.086	44	  10.755	   2.117	  31.663
25	-480.140	41	  35.062	 -22.554	  44.647
26	-473.056	40	 -10.921	   4.619	  51.923
27	-472.330	41	  56.381	   3.235	  36.526
28	-467.608	39	  20.755	  -9.215	  66.641
29	-460.709	39	  42.862	  13.847	   9.214
30	-459.965	42	  43.671	  -0.802	  31.803
31	-458.306	44	  41.972	 -15.546	  73.810
32	-454.408	43	  22.765	   6.135	  30.650
33	-439.525	37	  21.325	  -0.776	   8.037
34	-437.454	42	  52.616	   9.103	  55.234
35	-430.558	37	  67.155	  -4.851	  22.392
36	-430.242	40	  -5.614	 -10.408	  39.267
37	-410.928	37	  32.887	   1.210	  53.802
38	-409.434	38	  63.072	  -8.816	  37.108
39	-402.916	34	  55.342	 -10.067	  52.121
40	-400.613	37	  28.950	  11.013	  33.108
41	-399.582	36	  14.780	 -15.747	  38.794
42	-398.626	39	  39.303	 -34.827	  59.686
43	-395.346	38	 -11.170	   9.024	  74.089
44	-391.346	37	  37.198	  -3.798	  47.232
45	-391.342	31	   0.971	  16.379	  66.174
46	-381.945	35	  45.366	  24.256	  33.248
47	-378.957	35	  27.297	 -19.213	  70.352
48	-366.331	34	  41.842	  10.885	  50.567
49	-348.538	32	   4.305	  11.711	  14.649
50	-348.125	30	   4.742	  15.305	  48.202
51	-348.065	33	  47.531	   5.727	  36.579
52	-346.506	31	  11.390	  -5.416	  48.434
53	-340.971	32	  18.806	  -1.121	  33.730
54	-339.107	31	   4.154	  12.189	  34.248
55	-333.457	31	  51.071	  -0.495	  70.352
56	-321.928	29	  14.307	  11.812	  36.145
57	-318.067	27	  25.714	   6.621	  53.224
58	-312.460	26	  15.103	 -21.557	  20.833
59	-308.769	27	  44.224	  28.455	  27.422
60	-307.700	25	  42.343	 -27.089	  50.531
61	-305.182	29	  45.459	  23.173	   8.192
62	-301.849	29	  22.571	  -2.634	  52.840
63	-296.807	28	  39.942	   6.080	  32.272
64	-294.848	26	   0.303	  -4.395	  27.732
65	-277.720	27	 -10.390	 -16.367	  55.357
66	-273.958	26	  48.012	 -17.068	  42.671
67	-270.567	23	  53.446	  27.663	  26.690
68	-268.939	25	  15.351	 -21.706	   6.873
69	-268.067	25	   2.561	  15.787	  28.107
70	-264.843	25	  45.902	 -29.157	  73.372
71	-264.442	25	  32.506	 -28.795	  47.762
72	-255.285	25	  62.745	  20.156	   5.630
73	-248.754	25	  17.541	   4.616	  51.037
74	-244.907	23	   9.529	  12.906	  80.018
75	-243.540	24	  28.200	  -6.555	  47.584
76	-243.396	22	  49.524	   1.721	   2.530
77	-242.042	24	   8.499	 -21.619	  19.009
78	-239.661	20	  65.741	  11.402	  34.171
79	-238.452	22	  -3.552	  15.023	  54.405
80	-233.932	23	  44.440	   9.297	  70.032
81	-230.986	22	  27.708	  -2.990	  32.073
82	-229.566	23	  59.113	   7.097	   9.045
83	-228.357	22	  10.811	  -4.513	  41.408
84	-226.058	21	  27.049	 -11.552	   5.232
85	-224.769	21	  27.507	   7.431	  71.850
86	-219.574	22	  11.650	   0.662	   4.231
87	-218.856	19	  49.995	  18.660	  41.723
88	-214.244	20	  24.258	 -17.032	  39.448
89	-208.457	21	  -6.619	  15.858	  66.594
90	-207.191	20	  33.180	  14.069	  57.951
91	-206.735	19	  42.452	 -13.858	  16.640
92	-206.732	21	  35.955	  26.164	  28.039
93	-206.462	21	  20.545	  15.315	  70.374
94	-203.252	18	  29.664	 -26.598	  67.583
95	-199.732	18	  13.572	 -23.343	  56.650
96	-198.999	19	   9.962	 -16.499	  30.313
97	-197.651	20	  32.296	 -11.604	  79.864
98	-197.273	18	  27.844	  20.641	  16.325
99	-196.128	19	   1.389	 -10.421	  71.607
100	-194.879	19	  67.792	  22.139	  15.244
101	-191.806	18	  15.480	  16.900	  12.870
102	-191.054	19	   0.396	 -22.025	  57.158
103	-188.029	18	  28.714	   3.865	   9.043
104	-186.244	18	   2.615	 -14.414	  19.525
105	-184.114	18	   5.057	 -15.920	  35.634
106	-183.611	17	   2.182	 -21.630	  48.319
107	-183.145	18	  38.293	   3.183	  75.120
108	-182.874	18	  48.938	 -27.768	  51.787
109	-182.631	17	  69.561	  15.060	  19.563
110	-182.395	18	  -7.871	   0.901	  81.269
111	-182.351	18	  10.486	 -13.070	  -1.094
112	-180.067	17	  19.208	  16.330	  60.472
113	-179.663	17	  -4.790	   0.751	  45.030
114	-179.470	18	  24.925	 -24.612	  45.329
115	-176.276	18	  24.486	   6.327	   0.756
116	-175.060	17	  44.474	  -2.752	  38.796
117	-174.114	17	  71.168	   2.448	  34.034
118	-173.809	17	  32.398	 -19.404	  27.395
119	-171.711	17	  59.938	  -1.418	  54.759
120	-167.047	16	  34.005	   2.513	  29.527
121	-166.662	16	  55.626	 -15.715	  25.701
122	-162.419	15	  56.558	  22.066	  36.211
123	-161.879	15	 -14.788	   1.718	  65.784
124	-161.271	16	 -15.659	  -3.411	  48.414
125	-160.185	16	  72.823	  10.388	  27.063
126	-159.315	15	  20.731	  18.025	  19.447
127	-157.848	15	  56.757	  28.153	  12.485
128	-152.071	15	  70.816	  11.452	  12.875
129	-150.878	14	  -1.167	  10.307	  79.363
130	-150.546	15	  51.710	  31.826	  17.355
131	-149.433	14	   9.463	   3.240	  79.913
132	-148.728	14	  53.318	 -10.776	  15.253
133	-145.905	14	 -18.979	  -4.140	  58.473
134	-145.520	13	  35.471	 -19.232	  20.808
135	-143.652	14	  15.206	  12.177	  48.825
136	-143.611	14	  60.666	  27.083	  26.525
137	-142.471	14	  47.636	  16.724	  58.414
138	-139.687	14	  40.779	  -0.079	   9.729
139	-136.730	13	  43.452	  32.670	  17.862
140	-135.768	13	  25.934	 -21.707	   6.504
141	-135.174	14	   2.752	 -13.263	   3.161
142	-134.006	13	  59.184	 -16.093	  61.467
143	-132.293	13	  66.088	  19.628	  28.767
144	-131.255	13	  74.151	   3.140	  21.164
145	-128.145	12	  30.285	 -34.618	  61.854
146	-125.179	12	  62.872	  29.328	  17.390
147	-121.718	12	  20.907	 -28.044	  51.944
148	-118.735	12	  57.112	 -16.440	  37.232
149	-118.316	11	   0.644	  -8.180	  10.672
150	-116.636	12	  25.050	  -8.429	  73.148
151	-113.379	11	  10.149	 -17.411	  76.391
152	-113.032	12	   8.470	  21.508	  33.673
153	-112.858	11	  51.503	 -27.819	  61.619
154	-110.371	10	  39.394	  14.937	  39.533
155	-110.331	11	  -4.399	  -3.197	  18.805
156	-109.004	11	  16.072	 -16.111	  69.411
157	-105.899	10	  18.888	 -26.566	  13.802
158	-101.359	10	  53.031	  20.192	   4.989
159	-100.964	10	   3.243	  18.842	  74.911
160	 -99.848	10	  19.553	 -30.692	  61.855
161	 -97.808	10	   4.056	 -18.330	   9.469
162	 -96.771	10	  11.255	  19.106	  74.681
163	 -96.658	9	  10.786	  22.828	  21.858
164	 -95.852	9	 -11.858	  -6.449	  72.719
165	 -94.372	9	  37.727	 -17.876	   9.294
166	 -93.321	9	  26.683	 -26.866	  16.060
167	 -92.605	9	  -3.210	 -20.420	  38.429
168	 -89.340	9	  36.394	 -28.299	  72.751
169	 -88.196	9	  19.973	 -12.469	   0.006
170	 -88.093	9	  33.852	  27.208	  20.521
171	 -87.610	9	  57.413	 -14.764	  71.197
172	 -81.372	8	  -3.764	   3.556	  11.689
173	 -79.578	8	  20.272	   9.375	  79.671
174	 -79.420	8	   3.344	  -5.915	   2.256
175	 -69.992	7	  61.583	 -13.175	  20.097
176	 -69.773	7	  -5.170	   7.098	  27.358
177	 -69.581	7	  -6.411	   9.231	  17.738
178	 -68.983	7	   3.289	  -1.502	  81.913
179	 -66.871	7	  16.463	  23.481	  26.836
180	 -66.628	7	  34.367	 -13.487	   2.058
181	 -65.750	7	  25.356	  19.653	   8.857
182	 -65.692	7	  40.399	  16.664	  63.337
183	 -63.663	6	  21.071	  15.055	   3.950
184	 -62.364	6	  62.802	  -1.100	  65.276
185	 -60.598	6	  30.481	 -35.769	  54.117
186	 -60.557	6	  54.344	 -22.162	  55.147
187	 -60.218	6	  61.271	  -8.427	  67.993
188	 -59.702	6	  27.775	   2.554	  80.322
189	 -58.282	6	  -0.702	  -1.273	   6.480
190	 -57.628	6	   6.598	 -11.688	  82.578
191	 -55.026	4	  11.945	   2.231	  20.564
192	 -51.410	5	 -12.182	   8.875	  62.219
193	 -51.156	5	   9.925	   8.080	  43.556
194	 -50.868	5	  -6.449	 -10.212	  67.174
195	 -50.674	5	  -5.454	  -8.944	  75.914
196	 -49.365	5	  36.175	  27.027	   9.855
197	 -48.992	5	 -17.639	  -5.165	  67.618
198	 -48.703	5	  44.484	 -12.523	   7.780
199	 -48.694	4	  62.605	  -4.769	  16.410
200	 -47.408	5	  53.365	   6.908	  -3.522
201	 -47.251	5	  38.010	  21.038	   3.645
202	 -46.712	4	  -5.717	 -16.963	  61.046
203	 -46.300	5	 -19.031	 -10.563	  49.463
204	 -41.269	4	   7.463	 -24.226	  61.381
205	 -39.744	4	  62.969	   3.014	  14.404
206	 -38.786	4	   0.016	  19.794	  20.374
207	 -38.288	4	  54.969	  11.757	  69.645
208	 -37.611	4	  16.957	   2.231	  83.398
209	 -34.704	3	  29.969	  14.315	   2.645
210	 -32.222	3	  47.969	  -9.768	  71.645
211	 -29.528	3	  67.969	 -15.763	  25.961
212	 -29.021	3	   2.960	 -18.111	  78.338
213	 -28.919	3	  22.246	 -29.099	  69.965
214	 -28.755	2	  -1.665	  -4.769	  56.645
215	 -28.073	3	  75.317	  -3.404	  30.628
216	 -28.026	3	  34.296	  20.576	  34.645
217	 -27.962	3	 -11.376	 -21.408	  47.645
218	 -27.926	3	  -0.024	 -13.043	  83.964
219	 -27.873	3	  -4.031	  -9.420	  22.313
220	 -27.667	3	  37.319	 -23.119	  81.592
221	 -27.518	3	  11.631	  19.231	  52.646
222	 -25.768	2	  57.969	   4.231	  25.255
223	 -22.504	2	   4.560	  11.231	  22.054
224	 -21.523	2	  -7.031	 -12.769	  49.211
225	 -19.882	2	  27.436	   0.231	  -5.355
226	 -19.821	2	  13.502	 -26.769	  66.178
227	 -19.368	2	   6.969	 -23.265	  69.645
228	 -19.324	2	  -5.560	  18.702	  75.645
229	 -19.244	2	  19.955	   1.767	  -7.848
230	 -18.718	2	  29.459	 -20.259	  82.645
231	 -18.566	2	  53.476	 -17.769	  49.152
232	 -18.164	2	  55.469	  13.231	  -0.355
233	 -18.049	2	  35.475	  10.231	   8.139
234	 -15.844	1	  45.969	 -19.769	  55.645
235	 -13.741	1	  44.969	  -6.769	  60.645
236	 -13.019	1	  50.969	   3.231	  62.645
237	 -10.692	1	  24.969	  -4.769	  81.645
238	 -10.237	1	  42.969	  -5.769	   2.645
239	 -10.195	1	  47.969	 -35.769	  56.645
240	  -9.989	1	  53.969	 -25.769	  68.645
241	  -9.105	1	  50.969	  -6.769	   5.645
242	  -9.049	1	  51.969	   9.231	  26.645
243	  -9.015	1	  62.969	  -5.769	  28.645
