1	-851.604	76	  31.460	  75.453	  42.059
2	-790.557	68	  52.656	  82.592	  28.371
3	-678.118	57	  22.668	  82.747	  26.503
4	-663.801	51	  42.595	  70.513	  57.714
5	-631.092	49	  29.084	  96.551	  56.386
6	-615.131	51	  40.843	  89.192	  42.300
7	-506.922	50	  44.477	  98.179	  56.270
8	-493.941	42	  17.580	  95.227	  40.064
9	-448.332	42	  34.611	  72.312	  59.073
10	-392.335	35	  21.393	  79.685	  57.423
11	-345.349	31	  34.318	  96.949	  25.688
12	-336.093	32	  17.858	  91.558	  51.878
13	-331.372	30	  59.398	  93.137	  26.102
14	-324.175	30	  35.876	  93.291	  58.317
15	-323.827	30	  50.235	  86.359	  59.146
16	-314.538	31	  53.542	  69.572	  34.020
17	-308.564	27	  30.737	  61.754	  49.587
18	-292.536	26	  41.676	  67.698	  27.202
19	-281.354	27	  41.443	 108.987	  53.271
20	-277.982	27	  19.152	 107.460	  50.723
21	-266.205	24	  31.548	 111.097	  39.451
22	-257.031	23	  23.461	  96.256	  30.506
23	-248.855	25	  26.425	  68.347	  56.768
24	-242.238	18	  35.699	  83.417	  46.649
25	-233.104	23	  10.103	  88.601	  27.990
26	-232.683	23	  46.941	  93.145	  27.702
27	-231.475	22	  53.788	  75.385	  54.660
28	-225.903	21	  41.800	  85.118	  24.763
29	-223.813	21	  26.692	  73.808	  26.420
30	-222.306	22	  48.857	  54.012	  49.219
31	-221.455	21	   8.985	  73.915	  41.737
32	-218.856	21	  33.884	  53.623	  50.622
33	-213.020	20	  42.366	  54.759	  41.070
34	-209.365	20	  63.637	  95.536	  42.165
35	-203.651	19	  56.157	  94.431	  53.595
36	-197.333	19	  54.134	  62.215	  56.440
37	-190.973	19	  20.598	  64.791	  27.817
38	-190.849	19	  42.596	  98.884	  46.139
39	-189.549	19	  67.608	  82.181	  44.138
40	-189.185	18	  36.193	  60.225	  31.449
41	-182.637	18	  29.334	 110.065	  56.298
42	-177.147	15	  55.712	  70.614	  46.225
43	-170.475	16	  37.548	 112.782	  44.018
44	-168.685	16	  64.852	  87.187	  28.467
45	-168.519	17	  29.579	  68.395	  30.554
46	-164.236	11	  36.877	  82.682	  37.342
47	-163.290	10	  28.064	  87.929	  50.480
48	-161.604	16	  48.801	  94.557	  41.228
49	-160.753	14	  50.135	  57.674	  40.688
50	-159.472	15	  15.137	  72.608	  51.452
51	-158.550	15	  66.000	  76.300	  33.640
52	-156.206	16	  56.729	  98.356	  32.743
53	-141.947	13	  12.438	  78.432	  22.906
54	-141.908	14	  30.911	  79.904	  24.500
55	-131.325	13	   5.217	  82.221	  35.611
56	-128.622	12	  47.762	  74.476	  22.118
57	-127.853	12	  37.774	 106.464	  59.594
58	-127.246	13	  24.763	 112.883	  45.989
59	-116.085	7	  44.779	  77.305	  34.073
60	-113.853	11	  25.023	 104.233	  57.963
61	-104.343	10	  39.185	 105.337	  31.344
62	-103.726	10	  46.369	  60.452	  34.249
63	 -98.025	10	  29.107	  67.628	  44.639
64	 -97.229	9	  15.340	  71.350	  24.062
65	 -94.508	9	  62.967	  90.312	  47.919
66	 -93.844	9	  33.703	  61.012	  61.810
67	 -93.677	8	   7.411	  83.483	  43.586
68	 -84.455	8	  44.247	  79.008	  65.722
69	 -82.004	8	  59.185	  84.730	  53.849
70	 -81.243	8	  64.517	  73.398	  45.738
71	 -81.162	8	  46.585	  64.650	  61.553
72	 -77.631	8	  12.794	  67.630	  34.459
73	 -76.902	7	  24.330	 108.523	  37.459
74	 -71.471	7	  42.092	  55.958	  59.382
75	 -61.392	6	  55.490	  97.023	  21.546
76	 -59.492	6	  11.514	  81.245	  50.821
77	 -55.032	3	  24.032	  91.869	  44.114
78	 -53.307	5	  28.688	 104.287	  31.336
79	 -52.128	3	  43.677	  79.276	  51.735
80	 -49.762	5	  31.080	  81.054	  61.507
81	 -49.023	5	  25.280	  88.697	  64.137
82	 -48.729	5	   7.764	  91.869	  40.629
83	 -47.995	4	  28.442	  88.109	  19.900
84	 -47.753	3	  30.130	  87.869	  33.037
85	 -39.535	4	  58.168	  59.161	  46.852
86	 -38.440	4	  26.119	  94.601	  23.643
87	 -29.334	3	  51.355	  78.155	  61.621
88	 -27.829	2	  49.474	  74.267	  44.362
89	 -22.263	2	  33.081	  75.273	  50.353
90	 -20.789	2	  19.677	  67.416	  39.353
91	 -20.131	2	  14.677	 108.376	  41.860
92	 -19.036	2	  39.197	  77.882	  21.340
93	 -18.964	2	  38.677	  85.869	  60.870
94	 -18.557	2	  61.677	  78.396	  27.318
95	 -13.730	1	  39.677	  91.869	  50.353
96	  -8.977	1	  13.677	  99.869	  44.353
