1	-1307.135	113	   9.495	  24.809	  33.547
2	-953.248	84	   1.876	  25.655	  46.852
3	-809.332	66	  25.529	  18.275	  40.998
4	-546.868	51	  33.093	  23.479	  47.882
5	-526.474	38	  14.504	  17.023	  34.055
6	-508.564	46	   3.124	  37.008	  34.081
7	-413.637	37	  34.197	  21.157	  55.373
8	-394.780	38	   3.599	  12.466	  29.096
9	-377.670	35	  24.011	  16.469	  30.706
10	-334.433	30	  18.283	  33.597	  44.737
11	-316.898	29	   0.447	  12.517	  45.201
12	-303.570	29	   0.746	  24.372	  20.218
13	-286.066	26	  12.943	  25.856	  54.743
14	-243.964	23	  14.088	  23.840	  18.338
15	-243.503	23	  10.843	  37.785	  26.024
16	-213.128	18	  17.051	  11.871	  23.771
17	-211.931	19	  -3.767	  17.369	  28.102
18	-202.169	18	  -3.134	  29.474	  41.354
19	-198.471	18	  -8.390	  28.452	  30.900
20	-187.764	18	   7.053	   6.753	  39.668
21	-183.179	17	  36.547	  13.284	  56.891
22	-174.914	16	  12.862	   2.874	  50.775
23	-169.957	17	  20.192	  36.120	  35.689
24	-169.019	16	  22.360	   9.464	  37.764
25	-166.479	16	   9.670	  36.801	  43.306
26	-165.486	15	  15.522	   6.023	  34.832
27	-156.474	16	  11.567	  13.927	  64.985
28	-154.911	14	  -3.710	  36.919	  28.313
29	-154.384	13	  -4.523	  30.862	  22.609
30	-141.624	14	  26.331	   4.491	  52.587
31	-139.069	14	  30.417	   5.271	  60.386
32	-128.661	12	  26.316	  19.028	  62.099
33	-128.392	13	   3.170	  25.226	  59.533
34	-121.420	11	   6.709	  13.861	  20.242
35	-115.360	11	  16.416	  21.517	  60.042
36	-112.858	11	  23.228	  10.831	  63.584
37	-103.395	10	  12.453	   4.519	  57.468
38	-103.004	10	  12.223	  30.640	  15.597
39	 -97.014	9	  30.147	  24.410	  36.595
40	 -96.510	10	  -5.871	  18.175	  40.008
41	 -94.633	9	  21.764	  31.177	  27.341
42	 -86.885	9	  29.272	  29.003	  45.210
43	 -80.384	8	  21.628	   2.799	  43.190
44	 -68.858	7	  29.708	  10.601	  45.468
45	 -58.814	6	  24.284	  30.998	  52.371
46	 -56.480	6	   7.790	  37.461	  16.277
47	 -49.464	5	  13.327	  40.720	  36.660
48	 -38.642	4	   0.388	   6.263	  56.829
49	 -31.364	2	  13.789	  13.506	  42.289
50	 -30.500	3	  -4.518	  17.486	  49.952
51	 -29.764	3	  25.145	  33.506	  41.263
52	 -27.287	3	  25.789	  21.807	  24.589
53	 -27.092	3	   0.147	  19.167	  64.291
54	 -17.946	1	   5.145	  31.506	  22.289
55	 -11.207	1	  18.145	  18.506	  16.289
56	  -9.060	1	  13.145	   5.506	  26.289
57	  -8.963	1	  33.145	  12.506	  67.289
