1	-873.572	77	   6.003	  -6.175	   5.485
2	-534.664	46	 -25.395	  -1.800	  31.778
3	-474.774	39	  -4.988	   0.832	  15.346
4	-470.681	41	 -25.656	   6.175	   5.764
5	-462.406	42	 -11.512	   4.752	  31.843
6	-445.409	38	   6.269	  -6.363	  24.386
7	-433.062	37	   3.681	 -13.041	  15.202
8	-432.476	35	  11.686	  -2.323	  13.641
9	-408.489	37	 -17.052	 -10.690	  37.478
10	-309.862	30	 -24.263	 -13.511	  15.978
11	-301.780	29	   0.287	   9.681	  25.644
12	-285.010	25	 -12.946	 -20.169	  16.974
13	-267.624	27	 -27.311	  -5.834	  14.592
14	-236.365	21	 -18.724	   6.492	  33.886
15	-221.385	22	 -10.007	   8.928	   6.709
16	-219.887	21	 -25.548	  12.951	  13.154
17	-214.624	16	 -10.929	 -11.513	  -3.167
18	-210.017	20	   3.803	 -13.280	   7.478
19	-192.443	18	 -24.080	  -4.275	   3.950
20	-181.614	17	  -2.248	 -10.996	  30.943
21	-163.607	15	 -11.793	  16.197	  11.423
22	-154.686	16	  -6.189	 -20.027	   4.603
23	-147.532	14	   2.453	 -10.122	  -6.548
24	-146.931	14	  -5.406	  19.288	  21.858
25	-128.284	12	  13.675	   0.570	  24.198
26	-124.713	13	 -17.082	 -15.783	  26.462
27	-116.181	11	 -19.234	   0.943	  -3.496
28	-106.113	11	   8.120	   2.204	  29.477
29	-105.948	11	  -5.108	  -3.573	  39.531
30	-100.880	10	 -27.983	   2.571	  17.775
31	 -96.742	10	  -5.835	 -20.783	  20.179
32	 -95.342	9	 -22.561	   9.518	  28.399
33	 -93.758	8	  -2.887	 -13.795	  23.054
34	 -89.630	9	  -8.332	   3.198	  -6.111
35	 -89.202	9	 -15.830	  18.871	  18.633
36	 -84.403	8	 -20.091	 -15.241	   1.597
37	 -78.439	8	   2.560	   4.240	  12.332
38	 -70.951	7	   6.670	   6.376	  20.866
39	 -70.944	7	  -7.698	 -17.461	  33.077
40	 -68.855	7	 -14.206	   8.658	  -1.839
41	 -58.313	6	   1.219	   0.126	  -4.986
42	 -54.526	5	  -2.284	   2.656	  34.396
43	 -39.090	4	  -5.477	  -7.284	  -7.822
44	 -34.382	2	 -18.767	   9.623	  11.685
45	 -32.282	3	  -4.055	 -15.209	  -3.110
46	 -31.248	3	 -14.397	  -5.584	  -6.822
47	 -29.933	3	  13.935	  -8.787	  20.178
48	 -26.949	3	 -27.767	 -12.881	  22.514
49	 -22.247	2	  -0.227	   2.576	   2.178
50	 -19.722	2	 -13.247	 -18.364	  -0.822
51	 -19.066	2	 -15.279	   0.116	  41.178
52	 -18.116	2	  -7.271	  14.612	  29.682
53	  -9.214	1	 -24.767	 -11.884	  31.178
54	  -9.135	1	   3.233	  -2.884	  38.178
55	  -8.952	1	 -18.767	 -22.884	   8.178
