1	-920.508	77	  63.101	 -30.344	  98.659
2	-676.448	60	  54.574	 -25.043	  95.603
3	-523.438	44	  46.758	 -12.458	  86.073
4	-515.649	45	  74.845	 -21.230	  88.081
5	-498.774	45	  61.139	   0.472	 104.226
6	-485.032	45	  57.153	 -27.266	  71.959
7	-444.293	42	  72.175	 -35.504	  91.868
8	-412.937	36	  54.606	 -13.623	 112.230
9	-357.306	30	  61.462	 -12.400	  81.692
10	-336.290	32	  57.247	  -6.379	  87.565
11	-331.153	30	  70.835	 -28.033	  81.879
12	-303.189	28	  71.658	  -5.672	  99.069
13	-295.807	29	  48.081	 -28.365	  80.766
14	-282.392	28	  64.667	 -25.074	 119.202
15	-279.134	26	  63.029	 -31.506	  86.609
16	-274.371	23	  74.889	 -14.945	 110.122
17	-248.067	23	  48.336	  -5.462	  96.516
18	-247.386	24	  78.599	 -22.287	 103.177
19	-195.170	17	  53.201	  -1.965	 106.853
20	-182.011	18	  53.233	 -18.017	  70.146
21	-179.232	17	  60.664	 -13.949	 117.366
22	-168.574	17	  80.641	 -27.563	  96.581
23	-167.816	16	  73.775	 -10.630	  90.194
24	-165.576	16	  44.048	 -23.085	  89.616
25	-161.785	16	  70.741	 -14.270	  83.962
26	-155.924	15	  44.514	 -22.238	 109.021
27	-150.286	15	  66.116	 -22.852	  73.109
28	-149.815	14	  45.951	 -24.147	 101.667
29	-134.005	14	  80.445	 -29.820	 111.736
30	-130.284	13	  64.927	 -32.082	 113.261
31	-127.699	12	  43.781	 -11.272	 100.518
32	-116.836	11	  71.688	  -3.081	 110.013
33	-115.504	11	  42.698	 -18.224	  96.708
34	-111.235	11	  71.305	 -35.548	 105.973
35	-101.112	10	  56.675	 -34.223	 103.975
36	 -95.311	9	  45.072	 -24.095	  71.767
37	 -92.820	9	  78.612	 -33.308	 104.618
38	 -89.459	9	  42.959	 -15.130	  77.235
39	 -89.255	9	  61.184	 -32.767	  72.826
40	 -88.510	9	  50.917	 -27.099	 114.149
41	 -65.846	6	  64.779	 -39.451	 102.088
42	 -40.477	4	  73.792	 -31.999	 115.834
43	 -29.722	3	  37.120	 -17.672	  82.593
44	 -20.578	2	  56.777	 -33.441	  81.151
45	 -19.551	2	  45.777	 -12.447	 109.041
46	 -19.181	2	  52.231	 -10.484	  75.624
47	 -10.012	1	  50.777	   5.001	 101.593
48	  -9.686	1	  72.777	 -20.999	 120.593
49	  -9.580	1	  81.777	 -21.999	 111.593
50	  -9.454	1	  34.777	 -11.999	  91.593
51	  -9.446	1	  62.777	  -6.999	 114.593
