1	-1101.140	94	  63.247	 -25.207	 -27.766
2	-769.676	66	  70.193	 -15.904	 -14.398
3	-634.042	55	  45.133	  -8.460	 -33.548
4	-534.697	41	  73.145	 -24.076	 -20.832
5	-449.968	39	  66.599	 -28.728	 -12.272
6	-447.755	42	  50.961	   0.340	 -26.617
7	-418.097	36	  71.597	   0.047	 -23.551
8	-378.460	35	  86.233	 -23.070	  -0.608
9	-352.094	34	  77.223	 -32.282	 -25.771
10	-346.854	33	  64.276	 -48.044	 -34.243
11	-342.328	32	  57.140	 -43.839	 -27.685
12	-325.218	28	  80.257	 -39.838	 -17.722
13	-311.988	26	  46.203	  -5.112	 -23.645
14	-300.785	27	  45.924	 -18.984	 -25.958
15	-297.781	28	  91.985	 -16.383	  -4.626
16	-293.086	25	  58.681	 -22.394	 -13.683
17	-285.502	26	  85.930	 -36.298	 -11.255
18	-281.846	26	  89.775	 -29.187	 -17.105
19	-275.060	25	  55.661	 -25.097	 -34.290
20	-274.803	26	  78.525	 -36.612	  -6.902
21	-272.653	25	  48.872	 -24.419	 -21.125
22	-270.741	24	  70.906	 -35.099	 -11.018
23	-251.834	24	  93.014	 -28.192	  -3.691
24	-239.379	22	  55.092	  -0.963	 -19.155
25	-238.249	21	  51.163	   7.344	 -35.127
26	-234.044	22	  74.077	 -15.226	 -25.750
27	-209.222	20	  87.549	 -11.961	 -21.781
28	-202.656	20	  60.465	  -8.002	 -41.420
29	-200.679	18	  48.958	  -9.498	 -39.907
30	-194.866	19	  68.464	  -1.458	 -15.499
31	-185.127	16	  58.963	  12.387	 -32.269
32	-181.892	17	  65.021	 -37.096	 -36.497
33	-175.681	15	  53.170	 -16.101	 -37.430
34	-175.342	15	  76.137	 -41.309	 -30.540
35	-172.676	17	  51.795	  -9.038	 -16.587
36	-164.798	15	  53.761	   0.409	 -42.125
37	-157.104	15	  46.753	 -19.633	 -33.457
38	-144.171	14	  76.039	  -7.176	 -21.063
39	-133.822	12	  85.967	 -36.579	  -2.289
40	-131.918	13	  43.056	 -15.429	 -19.074
41	-121.632	12	  53.086	 -29.510	 -17.304
42	-120.507	12	  81.271	 -10.278	  -7.524
43	-115.309	12	  71.054	  -3.366	 -41.321
44	-108.230	10	  76.131	  -3.335	 -30.351
45	-105.442	10	  64.906	   9.126	 -28.119
46	 -87.006	8	  57.448	 -14.469	 -13.840
47	 -83.807	8	  78.315	 -48.016	 -22.037
48	 -79.438	8	  53.601	 -34.018	 -24.285
49	 -78.537	8	  55.501	 -37.783	 -34.833
50	 -76.558	7	  74.352	 -20.631	  -4.977
51	 -70.003	7	  66.670	   7.537	 -38.778
52	 -66.147	7	  58.564	 -37.742	 -13.878
53	 -42.429	4	  71.545	 -53.006	 -28.061
54	 -40.323	4	  49.069	 -16.026	 -13.224
55	 -39.807	4	  83.834	 -22.754	 -24.427
56	 -37.710	4	  57.329	   6.165	 -21.128
57	 -37.138	4	  68.345	 -12.278	 -35.938
58	 -36.991	4	  58.329	   7.950	 -41.677
59	 -36.529	4	  73.101	 -48.064	 -37.433
60	 -34.661	3	  66.684	 -42.994	 -13.677
61	 -31.760	3	  92.625	 -21.599	 -20.043
62	 -29.816	3	  77.379	 -30.377	  -1.008
63	 -28.972	3	  37.099	  -8.408	 -24.237
64	 -28.474	3	  97.345	 -21.713	  -7.031
65	 -28.302	3	  74.949	   5.042	 -32.610
66	 -20.303	2	  84.345	 -15.516	   0.323
67	 -18.665	2	  63.325	 -53.541	 -24.187
68	 -18.561	2	  39.862	 -14.066	 -29.642
69	 -18.168	2	  63.345	   4.969	 -16.177
70	  -9.604	1	  65.345	  -9.031	 -12.677
