1	-1153.410	99	  63.061	 -25.986	 -28.208
2	-765.920	67	  69.516	 -16.046	 -14.135
3	-694.695	65	  52.695	   1.059	 -24.306
4	-606.943	52	  45.193	  -8.270	 -33.294
5	-602.304	47	  73.624	 -23.826	 -20.801
6	-506.412	46	  47.125	 -20.765	 -23.660
7	-470.993	43	  80.788	 -37.021	  -9.341
8	-470.586	43	  76.681	 -11.572	 -24.429
9	-401.572	36	  72.407	  -0.528	 -23.633
10	-384.124	35	  86.185	 -23.389	  -0.541
11	-381.975	34	  80.285	 -39.924	 -17.912
12	-359.914	31	  67.190	 -29.075	 -12.518
13	-355.660	31	  67.719	 -17.998	 -26.930
14	-348.705	30	  46.114	  -5.381	 -23.409
15	-337.176	30	  59.035	 -22.311	 -13.735
16	-325.604	30	  57.149	 -43.496	 -28.171
17	-292.677	28	  64.119	 -48.295	 -33.991
18	-285.208	26	  52.284	 -15.476	 -38.337
19	-256.614	24	  92.306	 -16.537	  -4.653
20	-250.983	23	  51.203	   7.285	 -35.329
21	-235.433	22	  88.209	 -12.545	 -22.262
22	-228.079	22	  64.693	 -36.965	 -36.571
23	-224.058	21	  93.301	 -28.007	  -4.375
24	-217.314	21	  75.024	 -31.635	 -26.030
25	-201.098	18	  71.192	 -35.054	 -10.734
26	-189.330	15	  76.199	 -41.242	 -30.640
27	-186.159	18	  68.827	  -1.163	 -15.540
28	-185.385	17	  92.296	 -26.083	 -16.348
29	-172.789	17	  52.269	 -28.948	 -20.114
30	-169.569	16	  46.742	 -19.429	 -33.107
31	-167.694	17	  82.423	 -35.205	 -25.682
32	-162.943	16	  51.683	  -8.980	 -16.771
33	-160.746	15	  48.967	  -7.914	 -40.170
34	-150.240	15	  81.109	 -10.307	  -7.171
35	-144.638	14	  87.419	 -30.714	 -19.475
36	-142.575	13	  86.460	 -36.645	  -2.390
37	-139.226	13	  54.943	   1.409	 -42.307
38	-138.701	13	  56.819	 -21.086	 -34.744
39	-137.860	11	  76.049	  -2.539	 -31.910
40	-132.380	13	  73.158	 -21.325	  -5.454
41	-131.025	13	  65.133	  -8.630	 -39.591
42	-115.143	11	  76.411	 -10.949	 -15.278
43	-114.570	11	  90.242	 -35.400	  -9.833
44	-109.117	10	  59.259	  11.629	 -30.716
45	-104.414	11	  56.771	 -10.323	 -41.997
46	-103.429	10	  65.086	   8.842	 -26.908
47	-100.944	10	  54.006	 -30.282	 -32.986
48	 -99.145	10	  45.050	 -16.475	 -17.491
49	 -89.882	8	  57.577	 -14.264	 -14.032
50	 -86.595	9	  69.517	 -52.811	 -26.405
51	 -85.339	9	  59.477	 -37.134	 -12.622
52	 -82.255	8	  78.216	 -47.889	 -21.992
53	 -68.139	7	  54.577	 -36.371	 -23.995
54	 -61.530	6	  39.395	 -10.821	 -21.866
55	 -61.193	6	  58.198	  -3.027	 -15.481
56	 -52.938	5	  67.364	 -42.361	 -13.627
57	 -51.768	5	  55.805	 -38.568	 -35.461
58	 -50.902	5	  83.991	 -22.358	 -24.420
59	 -50.260	5	  72.259	  -2.788	 -41.585
60	 -27.970	3	  73.900	 -51.102	 -36.012
61	 -27.957	3	  40.255	 -14.512	 -28.915
62	 -19.721	2	  84.577	 -15.641	   0.373
63	 -18.742	2	  38.087	  -4.606	 -29.587
64	 -18.149	2	  77.566	 -29.133	  -0.638
65	 -10.313	1	  97.577	 -22.156	  -7.627
66	  -9.940	1	  61.577	   5.844	 -18.627
67	  -9.312	1	  94.577	 -14.156	 -15.627
68	  -9.266	1	  50.577	 -17.156	 -11.627
