1	-1257.170	96	  42.255	 -14.229	  44.596
2	-966.756	82	  31.315	  -8.969	  63.379
3	-620.750	56	  44.801	 -36.513	  53.019
4	-575.501	44	  21.342	 -34.514	  56.020
5	-517.633	46	  54.050	 -14.291	  41.148
6	-483.847	42	  31.957	   3.287	  65.109
7	-478.368	40	  41.587	   2.282	  71.647
8	-459.107	43	  33.359	 -10.435	  32.616
9	-418.215	38	  49.299	   2.107	  49.881
10	-384.984	35	  35.555	 -27.638	  37.170
11	-372.976	33	  47.803	 -19.316	  74.251
12	-369.400	34	  30.500	 -18.525	  69.326
13	-359.695	28	  57.485	 -13.197	  73.710
14	-356.128	30	  47.424	 -13.449	  34.901
15	-346.884	31	  17.753	  -8.848	  50.000
16	-334.007	28	  34.522	  -8.296	  69.614
17	-321.115	29	  39.350	 -18.914	  73.571
18	-317.242	29	  33.766	 -34.184	  63.747
19	-316.871	29	  20.521	 -10.048	  39.560
20	-308.459	30	  26.238	   2.967	  43.718
21	-304.114	29	  21.714	   1.638	  48.908
22	-295.924	29	  55.012	   0.148	  56.646
23	-290.403	26	  23.451	 -19.113	  39.753
24	-264.167	25	  14.873	 -22.303	  59.401
25	-259.446	25	  51.480	  -5.788	  40.823
26	-242.200	23	  41.130	  -3.137	  80.444
27	-241.745	21	  48.774	 -33.668	  62.654
28	-232.514	16	  30.362	 -31.678	  48.165
29	-228.252	22	  47.787	 -26.308	  36.033
30	-203.652	19	  19.250	 -31.430	  65.412
31	-201.165	19	  54.613	 -16.334	  50.663
32	-181.304	17	  49.954	   2.650	  68.367
33	-171.475	17	  18.729	  -3.518	  62.244
34	-169.953	16	  43.586	   6.761	  56.493
35	-169.951	16	  56.947	 -17.318	  64.767
36	-164.822	16	  49.674	  -8.878	  80.554
37	-156.450	13	  18.691	 -27.739	  48.148
38	-154.197	15	  59.177	  -1.552	  74.952
39	-149.931	15	  59.259	  -4.747	  64.506
40	-148.660	15	  33.506	   8.181	  46.561
41	-142.436	14	  56.232	 -26.387	  57.528
42	-136.598	12	  40.286	 -21.308	  34.362
43	-136.247	12	  28.419	   7.028	  56.944
44	-132.121	13	  34.582	 -38.268	  51.189
45	-117.504	11	  43.459	 -34.831	  41.667
46	-116.139	10	  54.530	 -27.982	  66.496
47	-104.291	10	  53.068	 -26.383	  44.561
48	 -82.999	5	  35.613	 -22.536	  59.459
49	 -71.682	7	  22.863	 -22.961	  70.922
50	 -69.542	5	  48.567	  -8.804	  60.853
51	 -67.997	7	  13.901	 -16.234	  52.347
52	 -66.872	6	  57.471	 -10.264	  81.958
53	 -60.352	6	  35.056	   2.530	  35.911
54	 -59.797	6	  26.423	 -30.782	  70.573
55	 -57.398	6	  24.577	 -37.480	  47.780
56	 -56.134	5	  54.901	 -32.777	  51.161
57	 -52.856	3	  27.540	 -27.388	  56.224
58	 -51.831	5	  51.662	 -34.047	  43.224
59	 -47.999	5	  46.651	   3.040	  40.478
60	 -39.303	4	  24.629	  -9.349	  33.022
61	 -37.512	4	  33.885	 -31.120	  70.989
62	 -30.877	3	  55.861	 -22.969	  37.523
63	 -29.206	3	  47.941	  -5.630	  28.224
64	 -29.053	3	  40.552	 -28.291	  74.885
65	 -27.732	3	  56.224	 -33.635	  61.229
66	 -20.285	2	  39.440	   7.216	  41.070
67	 -18.958	2	  24.901	 -39.133	  62.714
68	 -18.765	2	  41.896	   7.370	  64.224
69	 -11.083	1	  15.901	 -14.630	  65.224
