1	-994.556	86	  46.059	 -23.169	 -20.603
2	-966.604	81	  46.047	  20.411	 -22.845
3	-920.881	74	  31.465	   2.715	 -14.185
4	-848.900	70	  34.916	 -33.738	 -30.344
5	-833.057	71	  35.148	  30.523	 -33.806
6	-812.319	67	  24.668	   1.700	 -26.956
7	-768.597	68	  20.818	 -10.832	 -32.925
8	-742.628	62	  20.940	  32.551	 -11.017
9	-652.427	61	  20.468	   5.323	 -20.726
10	-643.260	54	  49.768	   9.335	 -28.552
11	-620.140	57	  16.288	  16.665	  -8.866
12	-617.889	57	  16.451	  -8.747	 -16.910
13	-572.817	48	  55.811	 -18.969	  -7.316
14	-562.858	45	  57.149	   7.879	 -19.730
15	-506.991	46	  28.455	  40.561	 -22.733
16	-500.128	45	  28.571	 -22.510	 -40.631
17	-490.829	42	  21.166	 -20.510	 -31.762
18	-482.767	45	  53.949	  24.181	 -15.315
19	-477.072	40	  21.402	  31.770	 -20.735
20	-475.047	44	  53.851	 -15.415	 -24.024
21	-421.843	37	  22.251	  -2.502	 -17.897
22	-414.449	39	  62.859	   1.937	  -9.303
23	-402.492	38	  15.700	 -21.467	 -21.908
24	-386.962	35	  47.932	   0.180	  -1.627
25	-371.198	33	  47.144	  41.761	  -8.487
26	-367.938	32	  47.406	  -8.822	 -41.796
27	-361.907	33	  51.888	 -19.664	 -30.032
28	-361.548	35	  24.921	  12.026	 -33.524
29	-359.394	31	  24.925	  18.009	  -2.301
30	-353.831	35	  58.277	  25.843	  -3.349
31	-349.633	34	  36.117	   4.406	  -5.932
32	-349.014	32	  15.662	  22.097	 -21.240
33	-339.799	32	  40.402	 -25.966	 -46.077
34	-336.817	31	  35.566	  12.870	 -37.763
35	-335.885	30	  51.661	  29.770	 -19.688
36	-335.880	32	  28.912	  25.752	   1.532
37	-326.100	29	  56.220	  15.051	   2.994
38	-301.167	30	  38.245	  39.625	   3.535
39	-293.214	28	  38.621	   3.513	 -39.351
40	-288.862	25	  49.036	 -28.702	  -9.749
41	-279.652	26	  33.735	  15.309	   1.183
42	-256.438	23	  40.231	  46.018	 -26.027
43	-253.860	24	  17.229	 -22.752	 -11.624
44	-252.650	25	  25.151	 -33.375	 -12.448
45	-252.641	23	  57.513	  -1.122	  -5.051
46	-243.436	23	  50.118	 -27.897	 -37.947
47	-237.149	21	  52.433	 -10.493	  -2.085
48	-229.184	23	  36.187	  -5.166	  -5.611
49	-224.115	21	  22.719	  27.257	 -32.831
50	-220.875	22	  36.023	 -17.158	  -1.929
51	-219.209	21	  46.982	 -19.508	  -2.453
52	-217.152	20	  50.316	  37.616	 -27.706
53	-213.858	21	  57.869	   0.126	 -24.246
54	-210.761	21	  40.293	  23.999	 -38.293
55	-210.327	14	  42.303	 -13.792	 -32.639
56	-210.190	21	  58.890	  -6.366	 -27.113
57	-204.009	20	  20.534	 -18.345	  -5.223
58	-203.087	20	  53.543	 -25.035	 -16.336
59	-199.408	18	  23.014	 -33.104	 -27.321
60	-178.450	18	  34.395	 -37.326	 -13.952
61	-177.470	17	  16.042	  14.263	 -21.547
62	-166.708	9	  42.081	  32.794	 -13.885
63	-166.589	16	  29.941	 -13.846	  -5.214
64	-163.787	15	  63.057	  -9.417	  -6.959
65	-163.718	14	  40.992	  22.844	   3.482
66	-161.746	15	  26.569	  40.154	  -2.129
67	-151.967	14	  61.751	  16.454	 -19.944
68	-148.787	11	  52.751	  18.029	 -20.746
69	-145.069	14	  46.618	 -36.477	 -20.084
70	-143.588	15	  64.832	   8.265	 -13.381
71	-140.944	14	  37.066	 -34.081	 -38.322
72	-135.907	12	  57.924	   5.738	  -1.762
73	-134.846	13	  24.322	   8.216	  -7.742
74	-134.786	13	  27.283	   0.331	 -39.252
75	-133.025	13	  39.506	 -33.737	  -7.514
76	-131.184	12	  39.278	 -24.760	  -5.276
77	-130.681	13	  64.141	  11.093	  -1.770
78	-130.473	12	  42.890	  15.044	   3.138
79	-129.250	13	  47.337	  20.310	 -35.533
80	-128.544	11	  61.672	 -19.744	 -16.629
81	-124.202	12	  24.177	  -7.212	  -8.689
82	-119.014	11	  38.908	 -38.451	 -23.639
83	-113.196	11	  48.586	 -23.661	 -46.642
84	-111.012	6	  37.404	  23.165	 -25.042
85	-109.867	11	  41.082	  -4.373	 -46.101
86	-106.904	10	  44.723	 -10.361	  -0.497
87	-102.191	10	  49.420	  24.113	   4.320
88	-101.328	10	  48.578	  46.612	 -23.790
89	 -98.455	10	  20.857	  -0.878	 -32.857
90	 -95.602	10	  62.034	  26.605	 -13.628
91	 -93.106	6	  26.440	 -12.354	 -19.011
92	 -90.923	6	  27.162	  18.995	 -11.701
93	 -89.785	5	  50.643	 -18.275	 -16.540
94	 -89.133	9	  35.958	  51.371	 -16.244
95	 -87.128	7	  39.859	  31.329	   5.711
96	 -83.042	8	  36.089	  39.424	 -33.226
97	 -80.251	8	  40.383	  46.293	  -3.911
98	 -77.821	7	  25.228	  -6.310	 -42.033
99	 -75.882	8	  55.151	  -9.760	 -37.383
100	 -69.859	7	  27.168	 -28.758	  -3.044
101	 -69.093	7	  19.645	  32.825	  -1.980
102	 -63.251	6	  48.592	   4.091	 -35.210
103	 -58.668	6	  61.316	 -15.767	 -27.090
104	 -58.594	6	  68.252	 -10.918	 -16.256
105	 -55.200	3	  37.025	 -24.869	 -23.289
106	 -54.224	4	  45.785	  14.971	  -6.778
107	 -52.897	3	  45.785	  -6.968	 -14.973
108	 -51.875	5	  68.318	  15.624	  -9.488
109	 -51.101	5	  29.799	  22.788	 -37.043
110	 -48.656	5	  53.358	 -18.061	 -45.246
111	 -47.734	5	  15.776	 -29.385	 -22.236
112	 -47.689	5	  54.168	  38.214	  -9.899
113	 -46.643	5	  54.780	  29.166	   1.558
114	 -44.987	3	  39.488	   4.371	 -31.705
115	 -42.761	4	  35.517	 -15.650	 -51.247
116	 -41.175	4	  29.519	   7.611	 -37.734
117	 -39.808	4	  15.306	  22.136	 -29.257
118	 -37.288	4	  48.258	   7.371	   1.493
119	 -31.004	3	  53.386	  45.076	 -17.941
120	 -29.539	3	  30.523	 -37.314	 -22.991
121	 -27.786	3	  29.786	  48.364	  -9.919
122	 -19.030	2	  29.256	  37.371	   7.753
123	 -18.924	2	  50.284	  36.872	  -0.748
124	 -17.959	2	  43.785	  51.869	 -16.254
125	  -9.301	1	  43.785	 -14.629	 -52.247
126	  -9.134	1	  33.785	  29.371	  -7.247
127	  -9.118	1	  49.785	 -33.629	 -27.247
