1	-1251.224	111	   8.555	  23.730	  90.536
2	-1150.843	95	  14.728	   9.282	  84.098
3	-1123.331	92	   3.035	  40.164	  88.976
4	-1110.984	99	   8.062	  27.236	  83.708
5	-892.538	80	   5.550	  14.599	  96.061
6	-791.132	71	  12.065	  31.014	  98.558
7	-685.352	58	  11.187	  21.323	  84.477
8	-601.518	56	   2.231	  19.566	  77.330
9	-577.732	53	  25.233	  26.868	  86.698
10	-557.647	52	 -10.935	  31.954	  74.889
11	-512.190	49	  -4.114	  23.706	  99.511
12	-462.188	42	   6.592	   8.131	  76.855
13	-453.444	41	   9.431	  34.663	 112.376
14	-453.115	42	   6.724	   7.883	 107.763
15	-443.892	42	  13.739	  30.956	  82.790
16	-412.306	36	  -7.705	  24.002	  83.073
17	-411.631	37	  18.053	  40.243	  79.191
18	-409.834	39	  -0.574	   9.378	  73.601
19	-401.324	38	 -15.273	  46.154	  91.062
20	-378.584	34	  36.584	   7.387	  96.289
21	-363.713	34	   0.179	   6.044	  63.916
22	-333.834	31	  10.664	  44.940	  83.339
23	-329.593	32	  19.219	  28.268	 108.162
24	-308.000	28	  28.715	  23.645	  72.036
25	-299.532	27	 -19.890	  37.871	  98.607
26	-296.786	27	  19.531	  22.865	 100.634
27	-283.903	28	  29.122	   9.013	  74.070
28	-280.367	24	  19.085	  33.591	  77.082
29	-276.689	27	   8.000	  13.324	 112.523
30	-272.607	26	  -0.747	  26.398	  67.494
31	-270.673	26	  19.098	  50.581	  71.368
32	-254.606	25	  -3.070	  15.544	 105.437
33	-252.663	24	   3.021	  50.818	  87.913
34	-250.950	23	  19.886	  29.347	  68.596
35	-249.458	24	  33.997	   2.817	  86.320
36	-247.864	24	 -10.069	  43.928	  77.955
37	-247.225	23	  15.985	  -0.240	  81.116
38	-241.123	23	 -14.605	  34.385	  85.170
39	-207.326	20	  20.177	  16.261	  61.661
40	-190.509	18	   1.219	  28.771	 110.784
41	-181.649	18	   8.631	  27.350	 115.857
42	-177.917	18	  31.518	  19.256	  77.884
43	-174.232	16	  -4.500	  53.054	  95.895
44	-168.403	16	 -15.668	  41.645	 107.028
45	-162.361	16	  11.675	  -5.457	  95.129
46	-162.206	16	  15.478	  19.299	 113.817
47	-156.604	15	  24.667	   9.203	  65.025
48	-154.680	15	  23.566	   2.677	 106.163
49	-143.310	14	  -7.046	  39.902	 111.400
50	-139.248	13	   9.931	  43.276	  65.239
51	-138.306	13	   4.933	  51.025	 103.521
52	-137.804	14	   5.350	  20.434	  65.950
53	-130.359	12	   0.232	  40.803	  64.566
54	-126.858	12	  32.876	  17.655	  86.020
55	-124.610	12	  22.846	  -4.874	  87.408
56	-123.264	11	   9.892	  14.132	  60.675
57	-122.266	12	  20.453	  47.898	  81.619
58	-116.652	12	  16.224	  13.620	 109.021
59	-114.796	11	  -8.100	  47.647	 110.646
60	-113.291	11	  35.235	  11.147	  82.513
61	-111.425	11	  -5.094	  47.140	  69.857
62	-104.139	10	  -0.813	  20.904	 112.447
63	-101.182	10	  33.551	   0.180	 101.161
64	 -99.765	9	  15.659	  29.108	  90.149
65	 -98.412	10	   4.645	   5.282	  94.708
66	 -97.359	10	  11.472	  -6.762	  75.543
67	 -93.909	9	  26.276	  -5.379	 102.520
68	 -89.516	9	  14.086	  35.358	  68.491
69	 -85.494	9	   7.382	  58.583	  75.748
70	 -85.120	8	  10.946	  52.965	  63.847
71	 -84.852	8	  -9.006	  52.810	 102.993
72	 -83.588	8	  12.906	  41.352	 102.269
73	 -79.441	8	  25.536	  18.958	  99.516
74	 -79.252	7	  -5.308	  23.265	  90.318
75	 -77.918	8	   7.194	  58.320	  85.196
76	 -77.451	8	   9.317	  -3.142	 105.854
77	 -77.383	8	 -10.916	  21.434	  72.324
78	 -72.623	7	  25.127	  -7.330	  95.319
79	 -71.694	7	   6.583	  45.099	  94.724
80	 -67.973	7	  29.075	  32.678	  74.937
81	 -67.263	7	 -13.486	  25.966	  94.653
82	 -64.807	6	   9.615	  27.826	  68.022
83	 -59.281	6	  12.272	   3.190	  86.928
84	 -58.471	6	   3.423	  -5.046	  70.848
85	 -58.076	6	  19.948	   1.254	  63.918
86	 -53.857	5	  -1.269	  53.795	  81.128
87	 -51.738	5	   8.831	  -1.464	  62.890
88	 -51.349	5	  10.406	   7.146	  56.323
89	 -51.041	5	  25.708	   0.086	  80.356
90	 -49.825	5	  -7.147	  50.801	  87.543
91	 -46.644	5	   7.212	  45.670	 113.929
92	 -41.540	4	  21.074	  -1.648	  72.967
93	 -39.089	4	  16.318	  57.832	  80.504
94	 -30.609	3	   0.458	  10.522	 100.939
95	 -29.929	3	  14.714	  -4.174	  68.267
96	 -28.150	3	  34.077	  13.151	 100.608
97	 -27.522	3	   3.757	  22.156	 118.293
98	 -20.818	2	   2.074	  48.324	  64.939
99	 -18.986	2	  18.074	   8.826	  59.452
100	 -12.036	1	   7.074	  37.826	  76.939
101	 -11.200	1	  -0.926	  53.826	  70.939
102	  -9.173	1	  32.074	  25.826	  82.939
103	  -9.147	1	  -1.926	  31.826	  62.939
