1	-1330.556	113	  10.047	  81.610	  53.725
2	-1061.909	97	  24.883	  48.692	  54.149
3	-1029.040	91	  10.646	  65.776	  71.437
4	-1012.882	84	  36.874	  40.138	  74.616
5	-961.144	80	  22.307	  51.100	  40.524
6	-940.375	74	  10.063	  61.204	  85.133
7	-868.261	67	   8.464	  47.087	  29.824
8	-807.213	67	  25.462	  71.460	  50.085
9	-800.734	62	   0.422	  48.847	  93.423
10	-793.490	72	  31.844	  43.133	  66.651
11	-774.219	60	  14.879	  74.388	  31.473
12	-747.459	62	  31.584	  58.316	  78.521
13	-677.822	47	  23.619	  61.424	  63.749
14	-673.198	47	  28.698	  45.281	  95.078
15	-624.886	48	  22.388	  60.089	  34.588
16	-598.690	51	  32.057	  66.898	  75.846
17	-536.504	49	  26.413	  93.511	  54.000
18	-499.069	31	  15.692	  48.720	  49.178
19	-486.609	47	  38.621	  67.242	  67.969
20	-477.864	42	  -2.899	  86.718	  51.764
21	-476.964	44	 -16.810	  68.302	  93.884
22	-460.137	44	  25.189	  87.558	  65.308
23	-459.202	39	  33.270	  67.209	  52.879
24	-459.021	38	  37.266	  26.877	  74.053
25	-427.971	40	  19.039	  24.084	  27.085
26	-423.543	40	  18.584	  36.777	  92.476
27	-419.405	39	  43.965	  49.405	  92.981
28	-415.111	39	  48.684	  54.681	  64.899
29	-413.444	38	 -10.487	  58.590	  68.330
30	-412.335	32	  18.245	  85.027	  59.942
31	-384.795	33	  17.064	  67.884	  81.787
32	-372.584	29	  24.451	  61.452	  20.244
33	-372.169	30	   9.533	  73.407	  59.937
34	-371.598	35	   3.394	  43.342	  86.854
35	-369.696	34	  21.868	  86.513	  35.206
36	-358.085	29	   2.827	  36.116	  43.537
37	-356.410	33	  11.308	  66.364	 100.714
38	-349.101	26	  22.543	  55.081	  55.669
39	-347.476	34	   7.854	  34.904	  54.932
40	-338.691	32	   3.667	  50.247	  36.278
41	-338.676	31	   1.720	  61.773	  36.154
42	-335.541	32	  14.309	  46.033	  12.322
43	-333.815	30	  30.388	  54.034	  45.565
44	-333.232	32	  29.582	  52.289	  23.470
45	-331.736	27	  22.657	  37.842	  42.230
46	-330.357	27	  18.325	  58.190	  91.872
47	-314.104	19	   7.737	  56.664	  74.981
48	-312.155	28	  -2.292	  64.636	  72.873
49	-310.663	30	  38.039	  39.451	  99.406
50	-306.541	29	  26.384	  41.046	  21.134
51	-304.117	25	  12.145	  39.671	  86.990
52	-303.966	28	  -3.718	  48.893	 108.227
53	-303.694	27	  13.687	  29.203	  52.292
54	-303.616	27	  11.986	  85.166	  28.557
55	-302.406	27	  16.543	  78.485	  77.194
56	-301.888	29	  19.521	  47.058	 105.349
57	-296.066	19	  18.167	  44.560	  86.343
58	-294.796	28	   2.627	  68.916	  31.876
59	-292.100	26	  -1.894	  55.137	  55.241
60	-290.444	27	  18.791	  29.350	  72.154
61	-289.737	23	  16.756	  61.044	  70.623
62	-288.315	28	  28.735	  47.850	  16.117
63	-287.938	28	   1.498	  95.738	  45.613
64	-282.937	24	  43.258	  47.057	  69.845
65	-280.080	27	  23.914	  38.059	  58.618
66	-278.626	25	   8.744	  38.432	  67.738
67	-278.616	26	  -7.141	  68.307	  51.544
68	-277.815	23	  18.568	  58.386	 105.890
69	-276.265	26	  10.029	  35.590	  78.614
70	-271.896	26	  43.493	  63.463	  80.119
71	-269.268	24	  38.627	  59.517	  86.709
72	-264.845	25	  -2.302	  58.642	  44.123
73	-264.600	22	  21.003	  36.358	  51.039
74	-264.506	25	  40.168	  49.463	  51.774
75	-262.609	24	   6.684	  43.092	  15.873
76	-262.320	25	  -1.725	  56.385	 110.231
77	-261.296	22	  -6.126	  47.440	  88.155
78	-258.646	22	   3.515	  40.751	  34.238
79	-258.555	25	   1.491	  68.366	  66.418
80	-256.465	21	   4.294	  64.494	  80.007
81	-255.421	24	  25.538	  95.157	  40.353
82	-253.459	22	  30.175	  78.568	  43.389
83	-247.777	24	  24.900	  65.362	  82.917
84	-242.235	24	  32.444	  77.616	  63.167
85	-239.742	23	  -0.212	  90.696	  34.712
86	-236.772	20	  23.713	  78.725	  32.282
87	-232.665	23	  34.044	  81.040	  50.523
88	-232.574	18	  -9.184	  49.140	  77.587
89	-231.137	22	  13.629	  94.131	  32.671
90	-223.102	22	  47.602	  55.328	  88.970
91	-221.654	21	  11.648	  67.159	  23.128
92	-221.139	20	  24.057	  69.663	  30.048
93	-219.723	14	   0.916	  54.085	  84.694
94	-218.816	14	  11.266	  63.147	  39.680
95	-218.737	21	  30.221	  63.319	  45.114
96	-216.600	21	 -14.579	  49.561	  93.165
97	-208.263	20	  11.656	  32.888	  17.813
98	-206.353	19	  18.760	  34.295	  63.196
99	-205.335	19	  46.940	  37.952	  95.946
100	-199.318	20	   2.245	  82.062	  57.939
101	-198.925	20	  34.695	  72.952	  58.019
102	-197.877	20	  44.943	  26.367	  80.958
103	-197.406	19	   5.430	  67.380	 108.522
104	-195.468	20	   7.022	  56.025	  14.836
105	-193.597	19	   8.823	  23.341	  33.870
106	-193.149	17	  26.546	  56.659	  95.921
107	-186.827	18	  16.960	  58.020	   9.759
108	-185.789	17	  -3.214	  64.902	  60.914
109	-182.732	17	  54.402	  47.974	  90.544
110	-182.263	18	  53.661	  54.634	  77.768
111	-182.254	18	   6.205	  76.452	  27.710
112	-177.820	17	  60.450	  44.661	  84.833
113	-177.288	17	  21.846	  24.224	  85.446
114	-177.253	17	  48.466	  32.248	  73.029
115	-174.439	16	   1.305	  95.558	  54.588
116	-170.338	17	 -13.172	  68.795	  76.485
117	-170.297	16	  40.316	  26.572	  91.183
118	-170.141	16	  -4.827	  53.121	  65.875
119	-162.525	16	 -13.006	  55.571	 103.587
120	-158.568	15	  10.425	  23.910	  44.025
121	-158.090	14	  -8.894	  64.648	 106.927
122	-158.042	16	  35.264	  33.870	  67.309
123	-157.705	16	  31.734	  31.266	  97.803
124	-153.864	14	 -17.468	  59.223	  75.855
125	-152.292	15	  -8.615	  72.797	  38.170
126	-141.924	13	  10.534	  51.086	 114.769
127	-141.572	13	  39.486	  43.960	  60.724
128	-138.560	13	  12.782	 102.777	  49.305
129	-135.641	13	  32.938	  76.254	  78.091
130	-132.468	13	   0.810	  43.546	  46.655
131	-130.200	13	 -20.028	  52.498	  84.138
132	-120.051	10	  -2.842	  66.702	  80.614
133	-119.256	12	  28.670	  28.766	  66.523
134	-118.743	12	  54.193	  48.791	  71.393
135	-115.313	11	  25.718	  27.677	  23.041
136	-114.780	11	  11.355	  80.836	  65.132
137	-114.760	11	  -1.178	  44.626	  73.254
138	-113.587	12	  19.592	  25.238	  45.714
139	-113.231	11	  46.571	  55.316	  49.236
140	-112.653	10	 -21.059	  62.571	  85.542
141	-112.616	11	 -13.507	  76.094	  85.719
142	-110.704	10	   5.424	  43.775	  62.236
143	-109.578	10	  35.870	  52.402	  97.781
144	-108.156	10	  30.417	  87.146	  42.027
145	-108.109	11	  28.746	  23.826	  35.427
146	-106.822	10	  19.272	  26.377	  18.816
147	-103.967	7	  12.158	  44.813	  40.348
148	-100.002	10	   0.859	  81.939	  29.272
149	 -99.599	10	  10.057	  95.972	  55.463
150	 -98.815	10	  19.552	  42.079	  99.353
151	 -97.065	9	  28.672	  70.497	  42.313
152	 -96.968	9	  30.790	  60.442	  86.494
153	 -94.857	9	  -8.044	  45.922	  98.419
154	 -91.806	9	   9.748	  43.168	 107.763
155	 -91.205	9	  16.376	  37.540	  14.108
156	 -86.241	7	   2.126	  33.345	  31.829
157	 -79.791	5	  21.965	  43.207	  71.271
158	 -77.706	7	  30.173	  30.550	  30.748
159	 -76.562	7	 -14.338	  69.237	 101.663
160	 -74.788	7	  26.104	  49.360	 102.358
161	 -71.968	7	   0.607	  27.519	  39.088
162	 -71.409	7	   6.069	  31.205	  24.902
163	 -69.190	7	  -3.383	  76.713	  59.339
164	 -66.555	6	  27.422	  37.764	  98.176
165	 -65.287	7	  16.645	 102.022	  56.429
166	 -65.018	7	  43.535	  62.603	  48.204
167	 -60.570	6	  51.801	  28.964	  83.186
168	 -60.500	6	   5.277	  27.923	  49.205
169	 -58.660	6	  23.288	 102.910	  43.388
170	 -58.447	6	  57.116	  36.542	  76.974
171	 -58.197	6	   5.097	  60.138	  29.374
172	 -57.835	6	  22.500	  21.487	  38.563
173	 -53.975	5	  -7.240	  75.303	  92.056
174	 -49.768	5	  17.759	  67.980	  18.647
175	 -49.546	5	  27.361	  38.912	  33.482
176	 -48.182	5	   0.722	  69.798	  89.647
177	 -47.741	5	  30.318	  83.599	  69.452
178	 -46.338	5	  10.772	 100.386	  40.298
179	 -40.809	4	   2.967	  40.084	  23.354
180	 -40.383	4	   2.408	  67.828	 100.418
181	 -39.280	4	  27.905	  17.571	  80.844
182	 -39.023	4	  23.714	  83.581	  80.867
183	 -38.710	4	   3.462	  44.809	 111.590
184	 -37.768	4	  47.423	  62.843	  72.387
185	 -30.932	3	  48.812	  61.992	  59.217
186	 -30.851	3	  24.283	  21.894	  69.867
187	 -30.061	3	  25.285	 103.227	  51.167
188	 -30.023	3	 -14.019	  80.635	  43.192
189	 -29.587	3	  29.599	  59.571	  15.205
190	 -29.001	3	  33.555	  21.340	  87.713
191	 -28.684	3	  11.620	  62.216	 114.867
192	 -28.157	3	  52.600	  34.903	  90.857
193	 -27.922	3	  40.941	  69.229	  54.851
194	 -22.959	2	  22.451	  30.571	  93.867
195	 -20.079	2	  -4.606	  73.024	 101.414
196	 -19.262	2	  -6.551	  85.555	  36.851
197	 -18.683	2	  23.441	  75.571	  83.867
198	 -18.134	2	  31.941	  17.571	  74.365
199	 -14.205	1	   7.941	  66.571	  53.867
200	 -10.144	1	  24.941	  73.571	  70.867
201	  -9.273	1	  29.941	  32.571	  38.867
202	  -9.245	1	   9.941	  59.571	  56.867
203	  -9.137	1	  49.941	  44.571	  66.867
204	  -9.045	1	  24.941	  32.571	  13.867
205	  -9.028	1	  64.941	  41.571	  77.867
206	  -9.022	1	  42.941	  29.571	  97.867
