1	-1052.019	94	  24.233	  48.930	  55.138
2	-1042.258	85	  21.671	  50.747	  40.954
3	-1028.814	82	  10.290	  61.599	  85.701
4	-981.265	88	  10.124	  65.854	  72.189
5	-961.881	78	  36.486	  40.352	  75.553
6	-914.176	72	   8.581	  81.736	  52.554
7	-885.479	71	   7.845	  47.103	  30.301
8	-871.359	68	  14.183	  74.339	  31.995
9	-818.204	71	  31.865	  43.524	  67.610
10	-816.986	68	  31.015	  58.781	  78.855
11	-813.470	65	   0.120	  49.549	  93.967
12	-738.629	67	  33.608	  69.997	  55.310
13	-708.309	49	  22.896	  62.314	  64.501
14	-629.069	54	   8.931	  75.467	  60.168
15	-625.725	49	  21.747	  60.379	  34.989
16	-603.089	57	  48.233	  54.466	  65.573
17	-599.394	49	  24.774	  71.369	  51.189
18	-588.705	45	  17.347	  85.784	  60.105
19	-511.301	43	  12.417	  40.011	  88.434
20	-509.897	48	  19.124	  37.496	  93.960
21	-489.403	44	  25.107	  93.632	  54.693
22	-487.761	29	  14.960	  49.148	  49.997
23	-482.575	44	  -1.839	  66.846	  63.614
24	-465.717	39	  -4.136	  86.317	  52.109
25	-451.028	41	  29.430	  53.741	  46.438
26	-422.360	40	  37.422	  67.942	  69.829
27	-413.433	38	 -11.269	  58.561	  69.342
28	-412.893	36	  32.650	  67.462	  75.361
29	-408.646	38	  25.466	  41.512	  20.252
30	-398.650	35	  17.162	  68.892	  82.233
31	-391.450	33	  36.974	  26.599	  75.327
32	-390.681	36	  38.117	  61.484	  84.857
33	-376.088	36	  13.974	  45.495	  13.064
34	-373.101	35	  10.397	  67.850	 104.559
35	-371.190	27	  21.995	  55.889	  56.430
36	-367.403	34	  29.859	  63.931	  46.745
37	-362.129	34	  39.558	  49.740	  52.342
38	-352.020	23	  16.751	  61.591	  70.830
39	-351.875	31	  18.112	  35.312	  63.761
40	-349.446	28	  -9.752	  48.985	  78.089
41	-348.949	32	  43.150	  50.355	  93.155
42	-348.389	33	  25.952	  66.159	  81.258
43	-348.155	21	   7.181	  57.251	  75.492
44	-347.654	34	  24.509	  88.006	  65.673
45	-341.786	33	  12.976	  67.291	  22.012
46	-331.977	32	  -1.079	  57.023	 111.287
47	-330.198	31	  19.364	  46.231	 104.262
48	-326.758	26	   2.148	  37.764	  44.898
49	-322.924	30	  37.306	  40.827	  99.779
50	-319.706	30	  23.601	  68.962	  30.290
51	-315.602	28	  25.917	  55.713	  98.451
52	-313.908	29	   5.844	  42.286	  16.508
53	-311.444	30	   0.100	  95.560	  46.196
54	-304.748	20	  26.948	  47.038	  94.505
55	-300.347	28	   1.952	  44.649	  87.361
56	-297.729	28	   3.192	  49.476	  37.257
57	-293.004	25	  42.886	  46.835	  70.404
58	-286.550	26	 -16.997	  69.863	  93.583
59	-284.142	27	   2.102	  67.560	  32.597
60	-283.098	25	  -2.503	  64.855	  73.281
61	-282.704	26	  20.135	  36.971	  51.972
62	-275.122	25	  15.767	  78.848	  77.433
63	-269.417	26	  53.317	  53.783	  77.184
64	-267.272	25	  16.938	  24.594	  26.671
65	-263.542	24	  -7.545	  69.026	  52.228
66	-261.620	17	  17.276	  45.776	  86.681
67	-259.804	24	  11.976	  85.800	  28.800
68	-259.347	24	  12.697	  29.422	  53.352
69	-257.070	22	  22.494	  80.466	  32.586
70	-256.668	24	  54.452	  48.525	  91.153
71	-251.525	25	  28.827	  53.115	  25.286
72	-250.495	23	  22.134	  39.064	  44.989
73	-249.064	24	  23.488	  25.196	  28.265
74	-247.053	23	   2.785	  41.016	  34.904
75	-238.745	21	  18.085	  59.578	 105.150
76	-238.143	23	  -0.707	  91.172	  35.276
77	-236.781	20	  -6.551	  48.139	  89.108
78	-232.474	21	  10.259	  35.757	  78.999
79	-222.929	22	  47.382	  27.954	  82.274
80	-222.125	22	 -17.190	  66.021	 100.286
81	-222.063	22	   7.944	  34.243	  56.240
82	-218.659	18	  24.510	  60.800	  20.885
83	-217.984	21	   2.232	  59.028	  35.580
84	-216.380	21	  22.831	  96.586	  39.435
85	-215.295	21	   1.107	  81.104	  59.600
86	-214.126	19	  -3.488	  49.785	 109.236
87	-211.603	20	  10.619	  32.923	  18.781
88	-209.720	20	  -6.158	  52.923	  67.578
89	-209.077	20	  47.887	  55.172	  89.415
90	-208.560	19	  46.514	  38.638	  96.175
91	-207.480	21	 -13.728	  68.404	  76.785
92	-205.167	19	  18.818	  29.406	  73.388
93	-204.953	19	  -9.032	  64.224	 107.988
94	-203.835	19	   6.109	  73.944	  28.725
95	-202.658	18	  29.559	  78.987	  43.368
96	-198.339	17	  10.084	  37.076	  67.333
97	-197.542	17	   4.091	  65.107	  80.267
98	-197.402	18	  -0.818	  51.160	  54.688
99	-196.376	19	  -3.372	  63.460	  42.473
100	-193.054	19	   0.022	  28.871	  40.265
101	-192.611	19	  40.439	  27.536	  92.223
102	-191.283	17	  19.563	  60.042	  93.434
103	-189.613	18	   2.983	  40.426	  52.704
104	-189.553	18	  -2.816	  56.585	  44.878
105	-186.631	17	 -13.845	  58.086	 104.168
106	-185.604	18	  25.548	  22.934	  37.602
107	-184.974	18	  29.666	  33.810	  98.514
108	-184.831	13	   9.981	  62.768	  39.652
109	-183.114	12	   0.440	  54.448	  85.161
110	-181.673	17	  11.973	  94.480	  32.934
111	-180.356	16	  35.013	  53.334	  97.966
112	-178.476	16	  33.237	  84.747	  52.172
113	-175.422	18	   6.246	  55.842	  15.266
114	-174.337	17	  34.713	  34.248	  67.879
115	-173.087	17	  23.353	  38.474	  58.882
116	-172.169	17	  -9.391	  72.242	  38.540
117	-170.964	17	  27.310	  89.433	  41.099
118	-166.376	15	   1.322	  34.400	  32.175
119	-157.714	14	 -18.657	  59.272	  76.754
120	-157.162	15	  58.804	  38.548	  81.883
121	-156.518	14	  -3.214	  56.986	  57.428
122	-153.402	14	  10.741	  99.524	  40.105
123	-153.034	15	  18.474	 104.422	  46.947
124	-152.650	15	  21.269	  25.028	  86.262
125	-146.262	14	   5.554	  44.782	 109.960
126	-145.476	13	  21.298	  26.913	  20.950
127	-144.480	13	 -21.510	  62.974	  86.342
128	-141.899	14	  31.605	  77.314	  63.880
129	-140.573	12	  -3.185	  67.461	  81.173
130	-139.386	14	  -2.779	  44.691	  75.311
131	-138.944	13	  10.377	  24.180	  44.938
132	-137.945	13	 -14.021	  47.446	  90.221
133	-135.933	14	  12.685	  58.940	 116.128
134	-127.118	12	 -20.207	  55.572	  87.629
135	-126.501	13	  18.757	  23.518	  43.971
136	-125.086	11	  52.521	  35.879	  88.664
137	-120.978	12	  -9.892	  49.423	 104.082
138	-120.666	12	  28.214	  70.874	  42.958
139	-119.678	12	  15.159	  58.083	   9.820
140	-116.899	12	   0.754	  80.958	  28.925
141	-116.753	11	  11.952	 102.727	  52.398
142	-116.392	11	  60.473	  46.332	  85.130
143	-114.864	11	 -14.210	  75.657	  85.379
144	-114.639	11	  33.178	  76.879	  76.999
145	-112.809	11	  50.985	  37.900	  73.745
146	-112.743	10	  47.260	  30.277	  73.713
147	-112.688	11	  29.471	  50.132	  18.284
148	-110.069	10	  40.757	  65.872	  63.301
149	-109.992	10	  19.648	  90.294	  35.969
150	-108.687	11	   1.815	  95.503	  55.427
151	-108.180	10	  38.314	  44.402	  60.998
152	-105.590	11	  -5.807	  77.121	  58.479
153	-101.423	10	  24.196	  79.436	  83.011
154	-101.092	10	  28.665	  28.506	  67.523
155	-100.113	9	  46.507	  62.522	  80.782
156	 -92.051	9	  12.210	  20.559	  36.916
157	 -89.537	8	   4.428	  44.597	  63.737
158	 -88.181	9	  16.018	  37.562	  14.701
159	 -87.637	8	   6.073	  25.992	  32.771
160	 -86.733	8	  11.165	  82.487	  67.063
161	 -83.513	8	   9.968	  95.936	  55.691
162	 -83.441	8	  29.491	  61.229	  87.537
163	 -82.094	8	   9.522	  65.533	  96.070
164	 -81.454	8	  33.011	  76.522	  50.701
165	 -79.732	8	  46.187	  55.669	  49.600
166	 -79.659	8	 -15.872	  52.971	  96.857
167	 -79.242	8	  -7.162	  76.261	  92.684
168	 -71.711	7	   1.579	  67.895	 109.172
169	 -71.425	4	  11.176	  45.197	  41.121
170	 -70.212	7	   8.844	  51.820	 116.156
171	 -69.112	7	  42.511	  62.856	  48.501
172	 -67.028	7	  29.810	  84.613	  70.056
173	 -64.799	6	  49.672	  60.043	  60.738
174	 -60.482	6	  24.268	  54.559	  10.199
175	 -60.464	6	   2.138	  38.642	  24.191
176	 -60.071	5	   6.616	  66.344	  54.546
177	 -60.048	6	  29.239	  31.767	  30.867
178	 -56.224	6	  22.079	  29.247	  47.645
179	 -51.663	4	  21.662	  44.100	  72.060
180	 -50.550	5	   2.859	  68.607	  99.026
181	 -49.521	5	 -18.628	  49.714	  81.752
182	 -49.069	5	   0.139	  70.521	  90.148
183	 -47.827	5	   5.351	  31.128	  25.933
184	 -47.409	5	   4.569	  28.529	  50.369
185	 -40.174	4	  56.294	  44.736	  73.082
186	 -31.075	3	   4.401	  41.208	  72.347
187	 -30.449	3	  12.129	  42.228	  97.347
188	 -28.986	3	  -4.596	  73.897	 101.988
189	 -27.947	3	  -8.262	  86.243	  38.348
190	 -21.281	2	  53.392	  59.335	  82.347
191	 -20.756	2	  32.891	  22.897	  90.347
192	 -20.628	2	  43.927	  65.874	  55.394
193	 -19.379	2	  26.392	  40.297	  35.280
194	 -18.879	2	 -14.642	  80.312	  43.381
195	 -13.466	1	  24.392	  73.897	  71.347
196	 -10.046	1	  26.392	 101.897	  49.347
197	  -9.487	1	  24.392	  17.897	  80.347
198	  -9.285	1	 -14.608	  82.897	  50.347
199	  -9.222	1	  18.392	  49.897	 113.347
200	  -8.929	1	  29.392	  32.897	  39.347
