1	-766.731	64	  -8.031	  76.784	  62.288
2	-764.682	67	   3.321	  46.649	  67.476
3	-746.546	64	 -18.247	  23.590	  69.115
4	-719.260	65	 -16.875	  83.490	  44.229
5	-680.756	61	   3.778	  96.317	  71.598
6	-675.556	60	  -7.390	  43.405	  53.378
7	-671.072	61	 -12.162	  27.774	  46.861
8	-655.005	58	   1.700	   8.138	  40.713
9	-611.805	54	  -0.962	  44.815	  36.807
10	-609.119	51	   2.436	  20.271	  39.340
11	-595.112	53	  -0.536	  47.737	  45.490
12	-586.140	51	 -14.397	  16.728	  61.874
13	-574.192	52	 -12.720	  90.870	  49.094
14	-557.074	48	  -7.173	  63.280	  57.289
15	-553.444	48	  -4.647	 100.722	  70.022
16	-543.267	52	   6.467	  58.134	  43.248
17	-535.291	51	  11.987	  53.417	  62.517
18	-534.671	36	   4.346	  52.841	  55.465
19	-524.532	47	  -0.914	  60.282	  64.601
20	-524.257	45	   4.193	  85.145	  73.087
21	-515.455	47	  -1.284	  95.302	  41.723
22	-514.684	46	  17.428	  82.513	  68.245
23	-483.351	43	  12.961	   4.829	  52.377
24	-474.628	41	   0.092	  61.388	  74.597
25	-470.034	40	 -22.417	  31.271	  68.859
26	-463.901	42	  16.469	  22.911	  43.495
27	-461.518	41	  -2.816	  11.636	  70.300
28	-445.439	39	 -17.541	  72.936	  39.141
29	-425.933	38	  20.352	  34.632	  56.338
30	-423.773	31	  -5.499	  23.362	  47.131
31	-419.435	31	  -4.265	  82.916	  64.427
32	-419.150	36	   4.418	  32.163	  77.280
33	-412.930	38	  14.069	  11.742	  64.004
34	-411.550	39	  12.883	  51.618	  50.156
35	-402.058	35	  21.210	  70.716	  56.025
36	-394.872	30	  -9.752	  81.515	  56.967
37	-387.398	35	  -9.167	  30.831	  33.318
38	-380.295	28	  -7.131	  32.597	  49.956
39	-377.179	32	 -22.970	  75.541	  45.524
40	-358.213	32	  16.156	  93.827	  47.968
41	-349.593	34	  -1.818	  91.425	  71.309
42	-342.806	34	  -8.836	  63.970	  69.171
43	-322.541	23	   0.402	  61.029	  45.976
44	-321.486	30	 -21.881	  71.060	  58.803
45	-321.343	22	 -10.905	  25.484	  55.332
46	-320.614	27	   6.272	  73.542	  34.964
47	-303.767	29	 -14.731	  79.984	  66.542
48	-301.752	29	   0.290	  40.935	  77.062
49	-299.335	27	  14.856	  11.507	  42.443
50	-297.586	30	  -6.594	  14.887	  38.381
51	-295.937	27	  15.764	  94.154	  69.963
52	-282.613	25	 -10.775	  16.961	  76.736
53	-279.256	27	  -8.990	  42.481	  42.707
54	-277.383	27	  22.090	  34.087	  46.526
55	-272.836	22	  -7.225	   5.282	  42.986
56	-271.612	25	  -9.395	  90.387	  35.013
57	-269.293	23	 -17.567	  35.949	  72.170
58	-266.985	24	  -8.755	  75.397	  77.995
59	-264.257	24	  17.270	  45.010	  51.853
60	-256.069	23	 -17.247	  92.728	  64.691
61	-255.829	24	  22.667	  71.373	  65.628
62	-242.590	23	  14.160	 102.098	  64.242
63	-236.670	22	   9.660	 101.290	  46.132
64	-235.563	21	  -2.752	  76.049	  30.808
65	-235.448	23	  14.034	  26.283	  65.985
66	-231.527	21	 -13.091	 104.490	  62.371
67	-230.634	21	  17.584	  61.044	  60.050
68	-226.654	22	 -10.054	  80.848	  30.172
69	-224.495	21	 -18.688	  14.219	  45.123
70	-222.965	21	  -3.973	  30.766	  80.902
71	-222.271	22	 -22.046	  23.934	  58.908
72	-216.358	20	   1.469	  65.923	  34.342
73	-213.885	19	  16.403	  99.977	  57.051
74	-211.548	18	   8.192	  64.005	  74.348
75	-208.473	21	  13.914	  40.203	  67.603
76	-202.783	18	  -2.961	  54.428	  55.283
77	-197.316	20	   6.778	  -0.242	  41.360
78	-195.715	18	   7.378	   4.791	  66.017
79	-188.851	19	  14.705	  65.969	  43.639
80	-185.871	18	 -10.121	  26.119	  81.491
81	-173.657	17	  14.965	  78.766	  44.867
82	-171.928	15	 -14.575	   2.371	  49.222
83	-171.018	16	   1.684	  68.907	  82.885
84	-169.739	15	 -23.277	  65.127	  47.630
85	-167.686	17	  21.604	  20.602	  55.703
86	-163.338	15	 -24.231	  41.869	  64.184
87	-161.477	14	   1.256	  36.738	  28.525
88	-155.373	15	  -9.546	  42.470	  74.141
89	-148.334	12	   8.596	  41.376	  37.367
90	-148.190	15	 -21.019	  24.810	  80.444
91	-142.444	14	  -9.641	  62.284	  39.194
92	-139.827	14	  20.799	  62.428	  52.142
93	-139.381	14	  10.651	  85.215	  35.746
94	-133.815	12	 -23.151	  35.094	  51.935
95	-131.034	13	   1.034	 104.999	  51.733
96	-126.660	13	  22.873	  85.027	  54.694
97	-123.679	12	  -7.636	  88.312	  73.536
98	-112.798	11	  14.917	  71.689	  76.141
99	-111.251	10	  -1.077	   2.510	  53.770
100	-109.632	11	   8.235	  19.413	  75.823
101	-108.381	10	 -21.203	  82.791	  31.738
102	-105.435	10	  22.322	  94.573	  52.690
103	-100.750	10	  14.919	  80.485	  77.006
104	-100.376	9	  15.505	  36.561	  38.398
105	 -97.300	10	 -19.132	  28.138	  48.227
106	 -96.068	10	  -1.460	   1.396	  61.925
107	 -95.156	10	   3.158	  26.514	  30.016
108	 -91.700	9	 -11.387	  70.835	  33.856
109	 -89.995	9	  20.116	   9.482	  57.699
110	 -89.744	9	  -8.010	  51.022	  66.181
111	 -89.030	9	   8.698	 104.717	  58.543
112	 -88.445	9	 -15.658	  59.076	  51.926
113	 -87.779	9	 -15.776	 100.278	  53.494
114	 -85.546	8	  13.642	  61.864	  70.464
115	 -83.704	8	 -20.079	  83.783	  55.433
116	 -83.134	8	   8.698	 106.183	  73.756
117	 -81.627	8	 -10.295	   5.756	  67.025
118	 -78.544	8	   7.537	  91.298	  37.168
119	 -77.869	8	 -14.294	  45.526	  68.921
120	 -76.727	8	   2.892	  25.075	  83.055
121	 -75.017	7	  13.583	  23.590	  34.939
122	 -73.901	7	  -8.426	 100.521	  44.443
123	 -72.470	7	   7.279	 100.172	  80.524
124	 -71.215	7	 -17.142	   6.626	  58.415
125	 -71.179	7	  -2.387	  54.919	  70.513
126	 -70.664	7	   9.319	  36.932	  72.737
127	 -70.653	7	  -7.439	  55.463	  44.961
128	 -69.726	7	 -23.585	  86.323	  40.242
129	 -68.386	7	   3.263	  82.027	  28.391
130	 -66.897	7	  13.939	  45.195	  41.960
131	 -64.773	6	  20.839	  41.536	  60.629
132	 -62.611	6	  -8.631	   1.593	  58.691
133	 -61.714	6	 -16.132	  21.962	  43.870
134	 -52.531	5	  -6.525	 104.892	  53.165
135	 -50.559	5	  11.147	  33.940	  32.613
136	 -49.368	5	  -6.654	  64.996	  82.220
137	 -46.803	5	   4.914	  77.758	  82.436
138	 -42.320	4	 -16.469	  99.401	  71.561
139	 -41.999	4	   4.075	   6.681	  31.819
140	 -41.306	4	  -7.894	  40.461	  29.314
141	 -39.646	4	 -12.375	  33.608	  79.354
142	 -39.525	4	  15.044	   4.638	  36.819
143	 -39.183	4	 -16.883	  47.697	  59.059
144	 -38.393	4	   5.050	 106.688	  66.876
145	 -30.767	3	 -16.757	   5.852	  40.140
146	 -30.006	3	 -25.445	  17.586	  74.361
147	 -29.287	3	  14.580	  99.548	  76.469
148	 -28.854	3	   8.915	  15.498	  35.819
149	 -28.695	3	 -29.445	  34.539	  58.428
150	 -27.966	3	  -4.765	  72.835	  85.819
151	 -19.330	2	 -15.445	  14.183	  70.339
152	 -19.236	2	   7.222	  11.850	  72.286
153	 -19.116	2	 -16.940	  92.174	  33.295
154	 -19.050	2	  23.555	  13.687	  49.819
155	 -18.790	2	   2.058	  90.183	  29.819
156	 -18.471	2	  -0.445	  83.183	  79.303
157	 -18.118	2	 -17.937	  15.198	  79.358
158	 -13.353	1	   1.555	 100.183	  60.819
159	  -9.239	1	 -15.445	  45.183	  51.819
