1	-1085.788	93	  45.820	 -23.134	 -21.025
2	-1063.472	90	  45.865	  21.095	 -23.155
3	-1038.925	85	  24.255	   1.474	 -27.660
4	-845.192	73	  35.230	  30.083	 -33.543
5	-828.853	70	  35.055	 -33.484	 -30.237
6	-778.197	68	  52.943	  28.076	 -17.707
7	-741.817	65	  52.908	 -17.862	 -28.404
8	-688.802	55	  23.025	  -2.974	 -18.142
9	-661.475	55	  48.998	   8.461	 -29.528
10	-603.675	51	  20.428	  31.242	 -11.047
11	-598.767	51	  20.872	 -21.094	 -31.579
12	-574.934	49	  20.957	  31.666	 -21.574
13	-563.491	48	  20.318	 -10.899	 -31.456
14	-527.575	48	  16.087	  -8.867	 -17.713
15	-525.502	46	  57.137	   8.046	 -20.581
16	-515.215	45	  28.429	 -21.680	 -39.837
17	-508.552	45	  56.213	 -19.469	  -7.615
18	-507.909	42	  24.608	  18.290	  -3.221
19	-482.212	42	  28.341	  39.891	 -22.039
20	-480.755	45	  15.867	  17.808	  -9.081
21	-469.276	43	  20.215	   5.676	 -21.541
22	-450.285	43	  59.485	   0.398	  -6.604
23	-446.321	41	  27.063	  39.774	  -2.137
24	-442.723	43	  57.524	  -3.484	 -25.835
25	-436.574	39	  53.174	 -21.842	 -18.262
26	-434.996	42	  28.614	   4.230	 -11.975
27	-428.604	39	  26.841	  -2.953	 -40.357
28	-417.539	37	  48.652	 -28.643	  -9.477
29	-404.031	38	  47.914	   0.223	  -1.727
30	-402.870	39	  57.762	  25.734	  -3.367
31	-378.305	34	  15.844	 -21.951	 -22.128
32	-377.957	36	  28.003	  26.739	   1.380
33	-375.527	33	  15.782	  22.296	 -21.762
34	-375.269	33	  41.099	  36.462	   3.477
35	-373.087	33	  40.626	   3.355	 -37.892
36	-366.096	34	  49.467	  37.632	 -28.539
37	-361.148	33	  49.594	 -28.494	 -37.448
38	-338.571	32	  48.923	  -9.620	 -41.452
39	-323.088	30	  49.148	  41.132	  -9.512
40	-313.445	30	  36.037	   4.790	  -5.985
41	-309.744	21	  33.844	   0.955	 -16.186
42	-306.224	27	  56.720	  15.025	   2.846
43	-290.342	27	  39.970	  46.313	 -26.112
44	-286.623	25	  62.590	   7.058	  -9.953
45	-284.873	26	  40.168	 -26.120	 -46.398
46	-269.816	25	  34.287	  15.199	   1.039
47	-254.766	23	  26.585	  10.202	 -33.297
48	-243.100	23	  17.312	 -23.065	 -10.717
49	-232.213	21	  22.732	 -33.122	 -27.450
50	-229.009	22	  35.476	  -6.049	  -5.828
51	-223.536	18	  52.419	  19.021	 -18.997
52	-220.261	21	  35.837	  12.803	 -38.209
53	-217.254	21	  53.104	 -11.479	  -1.839
54	-211.945	21	  40.147	  23.936	 -38.296
55	-210.875	20	  53.113	  16.053	 -25.679
56	-202.023	20	  25.027	 -33.446	 -13.087
57	-201.715	17	  62.110	  -8.999	  -6.440
58	-200.039	20	  36.178	 -36.651	 -11.209
59	-194.373	18	  22.707	  27.332	 -33.127
60	-182.960	18	  61.480	  17.329	 -20.044
61	-173.116	17	  42.374	 -38.073	 -23.540
62	-169.590	13	  41.553	 -14.079	 -33.297
63	-168.383	16	  46.784	 -20.054	  -2.412
64	-164.555	16	  36.941	 -17.553	  -1.683
65	-161.275	15	  15.662	  13.712	 -21.727
66	-151.312	15	  28.515	 -12.446	  -5.425
67	-150.538	15	  20.610	 -18.384	  -5.156
68	-148.595	14	  40.405	  22.901	   3.927
69	-144.713	14	  61.144	 -20.075	 -17.588
70	-131.588	13	  23.775	   8.556	  -7.041
71	-130.106	13	  24.021	  -6.936	  -8.585
72	-130.018	13	  24.259	  17.444	 -34.741
73	-117.199	11	  44.307	  14.450	   3.183
74	-113.829	8	  46.757	  14.209	  -7.330
75	-109.128	10	  49.880	  23.536	   4.325
76	-108.671	7	  46.511	  -7.347	 -14.454
77	-108.330	11	  68.549	 -10.097	 -16.074
78	-105.531	10	  33.288	   6.110	 -38.508
79	-104.648	10	  43.358	  48.425	 -10.311
80	-101.770	10	  36.886	  39.936	 -33.102
81	-101.287	10	  40.230	  44.981	  -2.048
82	 -97.553	10	  31.949	 -38.157	 -21.930
83	 -96.611	10	  27.489	 -29.087	  -3.271
84	 -96.365	9	  45.982	 -21.183	 -49.956
85	 -95.728	9	  38.496	 -25.168	  -5.723
86	 -95.453	10	  68.653	  16.081	  -9.929
87	 -93.217	9	  37.218	 -33.035	 -39.963
88	 -93.075	9	  43.523	 -10.417	 -48.320
89	 -92.867	9	  45.641	  50.036	 -20.799
90	 -92.327	9	  43.546	 -10.511	  -0.261
91	 -90.129	8	  57.481	   5.770	  -1.602
92	 -86.148	5	  43.758	  31.023	 -13.330
93	 -83.636	6	  38.350	  36.341	 -14.981
94	 -82.258	8	  33.660	  38.390	   6.147
95	 -82.163	6	  26.919	 -13.192	 -19.765
96	 -82.114	8	  63.691	  11.152	  -1.012
97	 -76.887	7	  47.411	 -31.873	 -21.944
98	 -74.473	7	  65.580	  -2.202	 -12.146
99	 -72.062	7	  54.164	 -18.911	 -43.192
100	 -70.171	7	  54.318	  43.086	 -19.178
101	 -62.758	6	  40.079	  -1.788	 -44.815
102	 -59.983	6	  33.795	  51.230	 -15.423
103	 -58.726	6	  19.730	  32.888	  -1.692
104	 -58.169	6	  34.266	 -15.154	 -51.174
105	 -49.853	4	  47.842	  21.570	 -32.002
106	 -48.990	5	  30.542	  47.170	 -24.520
107	 -39.684	4	  30.474	 -24.593	 -47.053
108	 -39.240	4	  26.559	  45.915	  -8.858
109	 -36.909	4	  47.742	  45.377	 -26.583
110	 -29.300	2	  26.158	  18.786	 -13.330
111	 -28.845	3	  50.416	   7.379	   1.983
112	 -24.498	2	  36.751	  23.003	 -24.330
113	 -22.842	2	  36.751	 -24.621	 -22.794
114	 -21.483	2	  38.276	   7.428	 -24.904
115	 -18.830	2	  23.262	  38.868	 -14.841
116	 -12.169	1	  32.751	  23.379	 -14.330
117	 -11.089	1	  23.751	 -19.621	 -12.330
118	  -9.686	1	  14.751	  -2.621	 -26.330
119	  -9.569	1	  22.751	 -14.621	 -39.330
120	  -9.209	1	  63.751	  -7.621	 -22.330
121	  -9.136	1	  22.751	  12.379	 -19.330
122	  -8.988	1	  48.751	  34.379	   3.670
