1	-731.829	60	  40.033	 -11.459	 -21.370
2	-645.544	51	  23.625	   1.882	 -30.568
3	-538.991	49	  18.294	  -5.443	   4.295
4	-518.640	38	  25.699	   5.442	 -15.342
5	-490.909	40	  20.037	 -15.482	 -10.192
6	-479.015	46	  10.147	  25.084	 -16.139
7	-471.220	43	  37.693	 -13.364	 -12.692
8	-470.091	42	  27.241	   9.879	 -33.666
9	-433.094	40	  27.937	  26.642	 -32.341
10	-409.768	37	  10.285	   6.855	  -6.298
11	-400.641	36	  17.521	   9.938	 -31.986
12	-374.354	34	  15.117	  35.079	 -19.709
13	-369.446	34	  25.010	 -11.919	 -28.737
14	-357.903	33	  45.395	  -3.984	  -6.012
15	-354.650	34	  36.832	  -2.962	   0.207
16	-349.241	33	   4.764	   8.628	 -15.628
17	-330.918	31	   4.725	  -4.380	   3.294
18	-314.875	27	  48.435	  -4.922	 -15.706
19	-300.738	29	   5.586	  12.459	 -23.915
20	-300.534	28	  32.642	  22.559	 -24.878
21	-283.565	27	  37.881	 -10.484	  -0.318
22	-277.197	27	  29.367	  16.383	 -14.997
23	-274.392	26	  38.407	  15.261	 -26.858
24	-253.549	23	  10.111	 -12.337	 -17.962
25	-253.337	23	  21.874	  34.380	  -9.024
26	-243.012	22	  11.115	  -3.293	 -25.605
27	-228.252	19	  36.237	  12.052	 -15.879
28	-227.093	21	  11.867	 -10.094	   2.005
29	-212.687	20	  49.276	  -4.672	 -25.464
30	-206.113	21	  30.548	  35.919	 -21.934
31	-196.813	19	   3.116	 -10.667	 -10.495
32	-193.221	18	  28.454	 -21.706	  -8.484
33	-190.767	18	  45.976	   8.359	 -24.942
34	-189.830	19	  21.339	  27.140	 -39.286
35	-181.613	18	  31.734	  13.488	  -8.186
36	-174.119	16	  28.035	  19.132	 -36.765
37	-171.252	17	   7.692	 -11.116	  -3.593
38	-170.880	17	  31.327	 -19.054	 -24.651
39	-160.239	15	  43.229	   6.844	  -6.516
40	-134.240	13	  43.762	   9.244	 -13.354
41	-132.186	13	  16.455	  36.463	 -28.899
42	-130.154	13	  21.291	  10.642	 -10.367
43	-128.233	13	   0.611	   1.722	  -3.340
44	-127.996	13	   7.829	  26.779	 -29.301
45	-127.189	12	  29.768	   3.496	  -3.300
46	-122.622	12	  -1.845	  -5.185	  -7.644
47	-121.133	11	  12.776	  32.260	  -6.287
48	-114.594	11	  19.112	  19.801	  -8.928
49	-112.068	11	   9.073	  17.081	 -32.691
50	-109.030	11	  12.038	   4.515	 -30.675
51	-108.642	6	  19.132	  -2.466	 -16.894
52	-105.736	10	  37.395	  12.663	 -36.031
53	-104.358	11	  12.272	  15.714	  -9.090
54	-100.650	10	   5.037	  -6.383	 -23.002
55	 -98.724	10	  39.173	  20.726	  10.109
56	 -85.176	8	  15.134	   2.738	   0.056
57	 -81.499	5	  31.407	   4.313	 -24.617
58	 -80.627	8	  32.727	 -16.601	  -0.418
59	 -78.773	8	  24.030	  25.452	  -3.053
60	 -78.132	8	  34.021	  -5.394	 -37.040
61	 -77.698	8	  24.487	  36.680	 -31.148
62	 -74.518	7	  15.271	  18.845	 -36.835
63	 -74.044	7	  18.868	  -6.706	 -30.746
64	 -66.404	7	  29.988	  25.558	 -10.600
65	 -60.340	6	  41.662	  -3.386	 -34.379
66	 -59.403	6	  20.348	 -14.012	   4.775
67	 -58.011	6	  16.914	 -19.649	 -18.871
68	 -55.295	5	  28.968	  -4.374	   6.948
69	 -51.799	4	  38.907	  -1.156	 -27.540
70	 -47.758	5	  19.328	 -15.902	  -2.631
71	 -47.090	5	  38.692	  18.792	   0.528
72	 -38.562	4	  44.448	 -11.713	 -27.689
73	 -38.087	4	   0.632	   1.234	 -21.073
74	 -33.669	3	  49.715	   2.284	 -18.746
75	 -20.694	2	  37.592	 -24.267	 -15.052
76	 -18.720	2	  31.143	  18.798	  -0.052
77	 -18.701	2	  35.118	  31.309	 -20.490
78	 -15.097	1	  23.143	  10.284	 -22.052
79	 -10.161	1	  10.143	  34.284	 -25.052
80	  -9.920	1	   3.143	  15.284	 -13.052
81	  -9.784	1	  22.143	 -20.716	 -27.052
82	  -9.447	1	  25.143	 -25.716	 -18.052
83	  -9.330	1	  44.143	  16.284	  13.948
