1	-1252.071	107	  -5.147	  32.264	  43.218
2	-1094.389	98	   6.352	  38.407	  42.777
3	-1078.138	87	  12.916	  30.408	  34.301
4	-1063.672	101	   6.037	  54.008	  65.771
5	-1039.949	79	  -8.587	  35.676	  74.972
6	-982.609	94	   5.451	  34.000	  26.095
7	-903.022	73	   2.922	  30.721	  13.827
8	-870.416	73	   8.746	  44.581	  72.319
9	-826.726	76	  -2.837	  43.283	  44.659
10	-825.025	66	   8.808	  50.759	  77.947
11	-768.227	68	  22.658	  42.384	  21.390
12	-721.889	56	  -1.341	  48.863	  57.669
13	-718.389	66	  16.653	  34.339	  65.538
14	-697.689	62	  -1.896	  23.549	  28.108
15	-682.494	60	  12.574	  43.125	  64.321
16	-652.341	57	   1.668	  24.537	  20.770
17	-642.536	59	  -6.643	  16.003	  26.730
18	-640.763	54	  19.621	  10.917	  21.187
19	-630.122	54	   6.117	  24.693	  51.024
20	-626.342	46	  20.469	  17.041	  16.555
21	-622.279	56	  -3.575	  58.086	  70.641
22	-611.090	54	 -11.997	  61.959	  71.385
23	-604.445	51	  14.679	  47.984	  11.939
24	-594.640	51	  29.228	  17.706	  40.434
25	-592.285	43	   0.231	  47.236	  68.694
26	-580.424	52	   6.302	  16.838	  -1.687
27	-577.826	41	   9.421	  26.463	  22.561
28	-575.819	50	   6.496	  36.917	  93.563
29	-564.241	53	  28.686	  31.286	  15.191
30	-557.710	48	  -5.727	  52.842	  64.264
31	-554.296	49	 -18.340	  37.419	  52.682
32	-552.729	47	  -5.995	  20.054	  40.271
33	-548.744	50	   2.925	   8.248	  24.941
34	-532.227	42	  15.888	  30.594	  26.251
35	-530.609	46	  14.498	  38.598	  21.819
36	-520.427	48	 -16.677	  51.148	  77.508
37	-493.096	44	  16.908	  38.995	  51.878
38	-466.721	40	 -17.611	  34.914	  67.453
39	-459.751	39	  -2.741	  67.868	  80.576
40	-450.794	41	  28.536	  15.061	  24.454
41	-443.280	42	   7.633	  27.594	  67.278
42	-441.673	40	  10.884	  27.900	  86.476
43	-394.852	34	  17.263	  35.963	  42.458
44	-388.997	37	  10.907	  52.765	  91.024
45	-372.815	35	  12.402	  50.796	  48.428
46	-326.979	29	  -2.303	  30.004	  83.438
47	-325.216	28	  14.315	   9.938	   9.457
48	-319.814	29	  15.924	  29.492	  52.807
49	-316.995	29	   2.994	   8.145	   3.351
50	-308.479	30	  -8.210	  56.160	  51.414
51	-296.507	24	 -12.776	  56.207	  90.521
52	-295.492	27	  14.105	  63.236	  78.948
53	-289.020	28	  -5.870	  25.287	  49.772
54	-288.491	27	   0.763	  17.672	  47.844
55	-282.686	26	  35.950	  21.393	  34.196
56	-268.478	22	   4.950	   5.466	  38.998
57	-264.733	20	  24.981	  36.288	   2.641
58	-260.447	24	  25.461	  15.195	  10.420
59	-259.366	24	  -9.811	  27.280	  70.442
60	-255.620	24	   0.885	  34.051	   1.684
61	-250.799	24	 -11.464	  42.416	  42.065
62	-244.288	22	  -1.326	  43.911	  12.033
63	-241.550	23	  -0.540	  63.099	  90.444
64	-240.207	23	  12.734	  43.316	   1.893
65	-236.944	22	  -7.579	  28.759	   8.819
66	-225.306	22	   0.502	  29.260	  -4.111
67	-213.965	21	 -24.972	  40.411	  58.755
68	-213.182	19	   6.661	  57.034	  50.139
69	-206.756	19	  19.473	  48.718	  82.446
70	-190.261	19	  15.450	  13.653	  48.209
71	-184.622	19	   5.168	  41.973	  27.273
72	-181.385	18	  28.735	  34.096	  41.599
73	-179.222	18	  20.620	  37.985	  86.060
74	-176.310	17	  -8.778	  36.353	  17.286
75	-169.765	17	  -8.565	  18.248	   5.149
76	-166.976	17	 -15.151	  28.109	  57.097
77	-162.181	16	  -4.964	  10.297	  38.762
78	-158.802	16	 -20.192	  54.803	  66.419
79	-157.746	16	  30.763	  36.076	  28.822
80	-155.774	15	 -12.110	  65.131	  84.703
81	-154.256	15	  16.443	   5.429	  39.704
82	-151.731	15	 -12.913	  34.829	  83.438
83	-151.038	15	  21.533	  27.163	  -2.377
84	-150.011	15	  20.721	  23.416	  50.436
85	-149.647	15	  25.735	   8.547	  36.007
86	-149.145	15	 -19.245	  53.790	  52.265
87	-148.683	14	  13.639	  24.065	  46.229
88	-146.918	15	  -5.500	  11.407	  15.170
89	-145.690	14	  16.984	  51.584	  60.716
90	-144.164	14	   1.759	  51.630	  97.377
91	-142.965	14	   5.093	  47.795	  42.486
92	-142.138	13	  -0.821	   7.054	   9.502
93	-140.241	14	  17.847	  16.630	  -0.674
94	-138.478	14	   6.974	  60.166	  89.096
95	-136.245	13	  10.903	  31.573	  -5.283
96	-132.441	13	  -9.532	  46.083	  94.775
97	-130.211	13	  15.228	  47.287	  95.574
98	-129.298	13	   5.221	  39.987	   3.023
99	-128.669	12	  27.285	  26.424	  43.874
100	-124.981	13	  -5.037	  34.446	  25.668
101	-116.616	11	  16.752	  31.435	  76.275
102	-115.576	12	 -17.428	  45.546	  49.047
103	-114.658	11	  -4.934	  49.614	  18.808
104	-111.468	10	 -25.373	  47.962	  63.025
105	-110.926	11	  -4.793	  36.578	  93.734
106	-109.048	11	  23.632	  45.859	   8.819
107	-105.347	9	  13.636	  41.747	  91.261
108	-102.666	10	  30.613	  27.367	   6.045
109	-102.127	10	  -0.133	  60.114	  54.110
110	 -97.910	10	   4.137	  48.744	  10.701
111	 -96.592	9	  19.626	  55.460	  73.712
112	 -83.986	8	   7.979	  65.431	  67.571
113	 -83.228	8	  -1.411	  20.728	  -0.865
114	 -80.325	8	   3.280	  62.871	  60.795
115	 -74.078	7	   8.266	   4.351	  13.655
116	 -73.288	7	   8.010	  71.599	  72.838
117	 -70.847	7	  17.307	  69.209	  74.274
118	 -70.443	7	   2.885	  24.343	  77.734
119	 -69.790	7	   2.522	  44.531	 101.170
120	 -68.976	7	  15.766	  57.256	  66.597
121	 -68.215	7	  24.022	  11.511	  47.085
122	 -66.421	7	  -6.501	  57.952	  95.490
123	 -66.181	7	  10.384	  25.068	  -8.965
124	 -61.190	6	   1.884	  21.060	  59.720
125	 -60.896	6	  13.342	  49.834	  19.794
126	 -60.055	6	  -2.204	  69.532	  72.585
127	 -57.979	6	   7.677	  68.839	  80.927
128	 -56.266	5	  20.145	  30.256	  45.827
129	 -54.031	4	  -3.264	  24.486	  65.682
130	 -52.206	5	  20.451	  44.555	  55.766
131	 -51.213	5	  -4.176	  42.842	  33.889
132	 -50.872	5	   7.864	   1.564	  31.029
133	 -50.499	5	 -10.133	  25.330	  36.377
134	 -50.371	5	  -9.540	  64.534	  57.724
135	 -50.244	5	  28.825	  37.942	  75.543
136	 -50.045	5	 -16.309	  17.905	  13.353
137	 -49.024	5	 -22.960	  40.961	  71.752
138	 -47.873	5	   7.932	   8.172	  45.773
139	 -46.857	3	   2.481	  27.570	   4.108
140	 -46.608	5	  12.257	  10.546	  -1.230
141	 -46.432	5	 -10.729	  51.284	  46.623
142	 -45.601	4	 -17.326	  49.347	  88.413
143	 -45.030	4	 -16.249	  42.560	  84.918
144	 -44.858	3	  23.333	  34.347	  23.817
145	 -41.553	4	  -0.810	  46.116	  24.651
146	 -39.802	4	  24.370	  47.322	  28.393
147	 -39.002	4	 -13.793	  30.347	  45.884
148	 -37.826	4	  -6.177	  23.392	  57.714
149	 -37.458	4	  33.616	  12.827	  35.841
150	 -34.569	3	  14.042	   6.347	  26.896
151	 -34.299	3	   4.002	  51.347	  18.504
152	 -31.740	3	  35.647	  30.293	  29.170
153	 -29.229	3	  19.030	  44.041	  35.480
154	 -29.076	3	  24.283	  42.299	  70.108
155	 -28.916	3	 -13.776	  66.371	  65.146
156	 -28.501	3	  -0.675	  16.343	  21.170
157	 -28.340	3	  14.984	  60.965	  52.747
158	 -20.043	2	   3.647	  30.347	  95.658
159	 -19.586	2	 -12.353	  19.857	  23.170
160	 -19.462	2	  19.150	  42.347	  -0.830
161	 -18.800	2	  28.647	  46.347	  35.652
162	 -17.553	1	   5.647	  49.347	  53.170
163	 -10.991	1	   5.647	  34.347	  58.170
164	 -10.090	1	 -18.353	  66.347	  57.170
165	  -9.914	1	   7.647	  59.347	  78.170
166	  -9.432	1	  11.647	  35.347	  15.170
167	  -9.095	1	  -6.353	  28.347	   0.170
168	  -9.025	1	  35.647	  22.347	  22.170
