1	-1312.726	111	  17.634	  41.964	  30.770
2	-1202.420	106	  30.259	  53.408	  36.416
3	-1187.724	106	 -21.048	  60.955	 -24.324
4	-1161.836	97	 -24.554	  36.087	  -8.697
5	-1097.784	91	  29.882	  25.311	  22.755
6	-989.541	81	 -40.773	  69.397	  -3.106
7	-958.779	81	 -22.576	  54.264	  -9.281
8	-771.882	75	 -19.654	  55.624	 -16.858
9	-750.104	59	   3.020	  40.843	  38.949
10	-749.586	69	  23.415	  48.620	  33.634
11	-704.798	59	  35.725	  24.937	  31.657
12	-673.615	59	 -26.621	  71.089	  -9.587
13	-659.350	51	   5.299	  37.488	  29.697
14	-638.474	56	 -30.414	  35.900	   6.271
15	-597.034	55	  35.390	  38.032	  26.163
16	-595.125	52	  16.239	  49.522	  24.349
17	-578.245	51	  44.640	  43.818	  35.041
18	-571.346	49	  -8.157	  64.307	   2.600
19	-570.358	49	 -19.147	  49.327	  -5.132
20	-548.677	48	 -31.843	  66.807	   3.125
21	-542.135	48	  13.775	  45.963	  50.257
22	-531.707	49	  -4.694	  46.972	  14.506
23	-521.247	40	 -20.615	  42.864	   0.668
24	-496.538	43	  22.437	  20.349	  25.518
25	-486.293	45	 -32.736	  57.005	 -29.957
26	-482.329	40	   5.127	  42.147	  45.348
27	-468.972	42	 -39.591	  75.020	 -15.782
28	-461.984	42	   2.404	  48.542	   4.528
29	-455.276	43	  -1.261	  40.317	   9.556
30	-454.746	41	  44.291	  30.900	  36.276
31	-451.346	40	 -25.790	  39.843	 -18.663
32	-440.793	38	 -11.466	  52.986	  -5.801
33	-431.409	39	 -31.298	  74.473	 -22.187
34	-428.306	40	 -37.436	  39.108	 -17.566
35	-409.319	37	 -18.489	  36.946	   7.050
36	-399.218	37	 -56.244	  66.096	 -14.092
37	-399.131	34	 -35.475	  60.803	   8.387
38	-396.747	27	  18.408	  31.663	  31.154
39	-394.326	38	   2.115	  25.494	  36.436
40	-361.115	33	 -34.562	  48.766	   7.705
41	-349.080	32	   1.664	  53.064	  15.021
42	-335.837	29	  13.337	  22.753	  31.859
43	-329.530	24	 -29.509	  53.864	  -1.577
44	-329.518	31	  36.834	  58.415	  27.003
45	-324.057	29	  -2.951	  35.266	  27.244
46	-321.177	32	  27.902	  32.750	  59.874
47	-318.378	25	 -45.313	  44.474	  -4.740
48	-318.149	30	 -14.160	  70.375	 -24.920
49	-317.633	29	 -20.316	  46.475	  15.480
50	-304.911	29	  32.768	  49.918	  18.327
51	-299.202	23	  16.615	  22.829	  47.639
52	-288.659	27	  29.294	  48.867	  49.919
53	-284.640	28	 -11.415	  72.405	 -13.012
54	-282.357	26	 -48.170	  71.800	 -14.989
55	-281.602	26	  43.217	  43.472	  47.367
56	-280.851	27	  36.304	  49.230	  48.581
57	-270.466	22	  19.995	  42.923	  10.590
58	-265.558	25	  12.858	  29.122	  53.560
59	-264.427	25	   2.130	  28.347	  17.750
60	-239.182	23	  43.217	  18.755	  46.397
61	-233.462	22	 -17.313	  77.183	 -14.431
62	-231.125	21	 -44.005	  38.171	 -10.339
63	-229.498	22	 -47.190	  60.321	   5.491
64	-228.284	21	 -42.498	  63.565	 -26.570
65	-227.233	23	   5.635	  22.264	  27.549
66	-217.621	21	 -11.454	  56.030	 -12.675
67	-217.341	20	  14.495	  37.028	  53.380
68	-215.802	20	 -38.282	  69.962	 -29.844
69	-212.079	20	  -7.817	  40.131	  14.999
70	-207.242	20	  38.271	  23.928	  52.447
71	-206.415	19	 -54.686	  56.529	 -17.207
72	-201.750	18	  -3.960	  28.888	  34.348
73	-197.177	19	  38.444	  38.793	  53.417
74	-195.096	19	  39.894	  48.627	  20.771
75	-191.323	19	 -28.028	  54.704	  14.510
76	-187.633	19	  17.716	  37.707	   5.348
77	-186.430	19	 -10.896	  66.492	  10.047
78	-179.962	17	 -54.029	  64.389	  -2.884
79	-177.093	18	  34.984	  14.376	  41.741
80	-174.723	16	  45.879	  26.243	  43.215
81	-160.470	16	 -49.540	  47.703	 -23.575
82	-159.604	16	  -8.531	  27.767	  21.092
83	-159.391	16	  28.184	  18.503	  50.193
84	-155.728	15	  -5.655	  34.276	  42.140
85	-155.530	15	  11.863	  55.951	  16.154
86	-154.619	15	 -32.931	  74.038	  -7.811
87	-151.183	14	 -22.081	  75.846	 -27.745
88	-149.559	14	 -17.942	  40.334	 -15.475
89	-139.844	13	  -0.441	  54.048	  -5.846
90	-138.246	14	 -49.914	  44.260	 -12.041
91	-136.510	13	   9.208	  50.276	  39.682
92	-135.640	13	 -31.705	  39.972	 -25.698
93	-127.624	13	 -27.551	  27.279	   0.938
94	-126.948	12	  21.080	  15.671	  42.699
95	-126.859	12	 -53.974	  53.995	  -7.691
96	-126.694	9	   8.229	  34.283	  49.327
97	-118.098	12	  43.202	  63.365	  42.239
98	-113.615	10	 -17.635	  35.332	  17.721
99	-112.217	11	  22.085	  52.276	  15.924
100	-107.682	11	  -8.010	  64.607	 -17.111
101	-106.095	10	   7.873	  50.663	  22.055
102	-105.404	10	  12.444	  22.309	  19.389
103	-104.235	8	 -35.920	  35.622	 -10.706
104	 -98.720	9	 -49.919	  51.204	   0.781
105	 -98.716	10	 -46.159	  56.652	 -28.564
106	 -98.004	7	  24.847	  38.383	  39.258
107	 -97.642	10	  10.225	  38.030	   3.327
108	 -97.122	10	 -14.772	  59.121	  15.014
109	 -96.475	9	 -47.848	  67.767	   3.859
110	 -89.893	8	 -41.704	  47.219	   3.664
111	 -89.054	9	  16.759	  51.308	  37.783
112	 -87.118	6	 -31.646	  55.522	 -13.479
113	 -83.876	8	  29.179	  58.416	  24.548
114	 -83.682	8	  43.581	  31.076	  50.308
115	 -80.146	8	 -19.324	  68.320	 -38.462
116	 -76.922	8	 -21.288	  62.314	 -32.467
117	 -76.555	7	  14.131	  19.523	  38.860
118	 -76.292	7	 -35.724	  30.527	  -2.827
119	 -73.573	7	  -6.692	  64.174	  -7.038
120	 -73.236	7	  24.710	  27.783	  12.287
121	 -72.200	7	  13.912	  49.486	   9.513
122	 -71.089	7	  33.854	  17.258	  29.030
123	 -70.772	7	  12.048	  30.412	   9.745
124	 -69.661	7	 -25.135	  28.361	  12.656
125	 -69.137	7	 -30.130	  68.079	 -37.535
126	 -68.949	7	   0.410	  29.356	  47.335
127	 -68.503	7	  21.854	  40.169	  57.896
128	 -63.386	6	 -54.903	  48.873	 -14.409
129	 -61.342	6	 -10.786	  27.207	  31.690
130	 -60.844	6	 -47.285	  73.505	 -22.562
131	 -58.924	6	 -38.104	  77.024	 -24.925
132	 -58.746	6	 -12.385	  70.312	  -2.719
133	 -57.175	6	   4.595	  22.336	  46.580
134	 -56.585	6	  44.899	  50.330	  28.758
135	 -55.352	4	  31.647	  43.550	  54.522
136	 -55.264	6	  20.083	  24.693	  55.417
137	 -53.618	5	  43.255	  54.193	  46.732
138	 -52.222	5	  -7.643	  41.212	   5.941
139	 -51.462	5	 -21.640	  48.797	 -28.298
140	 -50.226	5	 -13.058	  52.206	  15.107
141	 -47.698	5	  26.785	  39.386	  11.128
142	 -47.020	5	   5.174	  33.594	  10.114
143	 -46.075	4	 -40.211	  50.812	 -29.863
144	 -40.729	4	 -41.428	  42.968	 -23.104
145	 -40.123	4	 -19.905	  71.431	   6.158
146	 -39.593	4	 -25.412	  62.682	 -39.080
147	 -38.611	4	  -4.423	  60.714	  15.160
148	 -38.378	4	 -39.982	  67.182	   8.396
149	 -37.337	4	  35.532	  59.430	  43.353
150	 -30.411	3	 -24.334	  66.801	  12.434
151	 -30.335	3	 -21.741	  71.511	  -2.075
152	 -29.732	3	 -28.437	  42.496	  15.906
153	 -29.448	3	 -31.117	  77.193	 -32.442
154	 -29.055	3	  28.577	  12.193	  36.934
155	 -28.962	3	 -51.762	  66.876	 -22.080
156	 -28.663	2	 -39.951	  50.721	 -10.608
157	 -27.288	2	  23.056	  30.193	  44.920
158	 -21.849	2	  22.154	  51.193	  54.343
159	 -20.022	2	  30.577	  34.053	  17.920
160	 -19.676	2	  21.075	  56.193	  44.920
161	 -19.425	2	  50.100	  40.670	  42.351
162	 -15.686	1	  13.577	  28.193	  23.920
163	 -15.181	1	  24.577	  41.193	  19.920
164	 -12.539	1	 -26.423	  54.193	   6.920
165	 -10.542	1	  38.577	  30.193	  55.920
166	 -10.218	1	 -41.423	  36.193	   1.920
167	 -10.066	1	  48.577	  54.193	  35.920
168	 -10.054	1	  49.577	  33.193	  43.920
169	  -9.935	1	 -30.423	  45.193	 -31.080
170	  -9.873	1	 -48.423	  71.193	  -5.080
171	  -9.190	1	  12.577	  55.193	  47.920
172	  -8.988	1	 -20.423	  39.193	 -27.080
