1	-607.196	53	  26.562	  32.246	  32.937
2	-539.269	49	  41.667	  21.155	  28.988
3	-506.044	39	  51.562	  30.382	  16.393
4	-420.984	36	  38.124	  32.892	   6.932
5	-408.553	36	  29.727	  42.692	  31.986
6	-399.143	38	  53.161	  41.648	  23.653
7	-325.944	29	  33.697	  14.934	   6.259
8	-308.183	30	  28.275	  25.672	   4.234
9	-278.148	25	  50.488	  18.783	  26.164
10	-277.874	23	  51.799	  23.900	  31.859
11	-272.928	27	  46.011	  45.353	  17.057
12	-249.478	23	  17.828	  36.372	  24.139
13	-235.977	22	  53.911	  35.113	  32.492
14	-235.532	23	  19.003	  13.022	  10.403
15	-221.918	21	  19.568	  27.151	  17.822
16	-220.114	21	  42.647	   7.083	  19.046
17	-209.864	20	  45.967	  17.126	   7.370
18	-202.502	19	  28.061	  25.619	  32.922
19	-195.018	19	  20.985	  24.873	   6.874
20	-194.603	18	  44.927	  31.255	  36.635
21	-185.215	18	  36.073	   1.364	  18.650
22	-185.009	17	  35.367	  47.053	  30.687
23	-184.647	18	  25.936	   5.966	   8.464
24	-176.312	17	  26.653	  12.619	  27.126
25	-174.647	17	  32.823	   0.760	  33.297
26	-171.468	16	  26.134	   2.891	  26.844
27	-145.663	14	  27.050	  47.197	  21.162
28	-132.557	12	  41.547	  11.157	  33.718
29	-126.405	12	  35.709	  -3.877	  25.797
30	-126.300	13	  22.517	  36.727	  12.386
31	-115.548	10	  54.370	  33.924	  22.236
32	 -97.990	10	  45.236	  40.162	  34.671
33	 -97.016	9	  21.375	  43.623	  28.183
34	 -95.770	9	  28.977	  35.354	   8.603
35	 -91.490	9	  37.236	  38.825	  35.317
36	 -89.233	9	  46.354	  28.086	   6.234
37	 -74.590	8	  38.097	  46.817	  15.617
38	 -71.733	7	  43.342	  46.889	  31.046
39	 -69.828	7	  25.834	  15.153	   4.369
40	 -69.708	7	  36.510	  24.210	  34.652
41	 -65.524	4	  50.667	  23.354	  18.048
42	 -64.290	7	  57.049	  23.028	  13.906
43	 -61.388	6	  18.164	  18.973	  18.962
44	 -60.223	6	  37.493	  25.906	   1.138
45	 -49.845	5	  22.112	   2.287	  16.976
46	 -39.284	4	  24.809	  19.648	  30.344
47	 -38.684	3	  29.221	  14.108	  17.521
48	 -29.830	3	  46.176	   5.092	  27.658
49	 -29.561	3	  48.527	  50.386	  27.865
50	 -18.278	2	  21.505	   9.446	  20.826
51	 -18.272	2	  35.505	   6.935	   8.316
52	  -9.978	1	  32.484	  44.467	   9.784
53	  -9.558	1	  34.484	  25.467	  14.784
54	  -9.450	1	  30.484	  22.467	  24.784
55	  -9.070	1	  48.484	  12.467	  13.784
56	  -9.023	1	  33.484	  13.467	  35.784
