1	-528.200	48	  26.791	  29.541	  11.229
2	-518.423	42	  36.749	  28.029	  -0.471
3	-397.420	37	  42.393	  38.030	   3.105
4	-396.529	37	  62.626	  22.229	  24.302
5	-395.282	35	  50.665	  30.020	   2.688
6	-385.542	36	  26.795	  22.936	  -0.978
7	-373.409	32	  33.608	  40.847	  13.237
8	-368.330	25	  51.328	  26.005	  11.868
9	-337.492	29	  61.738	  32.282	   0.461
10	-334.302	32	  46.248	  13.894	   6.462
11	-333.111	28	  53.938	  41.720	   5.252
12	-306.152	27	  51.454	  17.997	  16.120
13	-300.934	28	  23.611	  13.730	   0.518
14	-300.842	26	  31.901	   7.786	  -1.938
15	-300.336	26	  62.377	  44.799	  29.156
16	-296.220	26	  57.950	  32.332	  31.784
17	-286.877	27	  38.584	   9.749	  18.889
18	-285.805	27	  71.015	  29.555	  18.080
19	-279.821	26	  34.141	  17.248	  28.050
20	-267.480	25	  59.578	  46.090	   9.810
21	-266.415	23	  46.907	  28.231	  31.636
22	-256.744	23	  62.982	  42.134	   3.852
23	-254.462	22	  44.141	  15.814	  23.931
24	-241.053	24	  22.782	  27.077	  23.117
25	-229.591	23	  56.530	  19.790	  21.026
26	-226.706	23	  45.606	  21.258	   0.801
27	-226.400	21	  65.106	  24.351	  10.286
28	-222.814	21	  41.746	  39.370	  36.787
29	-215.444	20	  42.558	  15.096	  -9.671
30	-192.705	18	  34.606	  22.475	  33.062
31	-172.703	16	  34.115	  33.763	  32.181
32	-154.149	14	  43.117	   7.633	  13.338
33	-151.828	14	  71.752	  34.765	  10.427
34	-151.388	15	  40.006	  46.851	  21.246
35	-150.988	15	  50.355	  45.583	  30.847
36	-138.818	13	  26.235	   8.510	   8.755
37	-135.017	12	  48.713	  46.369	  17.164
38	-134.902	12	  45.476	  42.618	  10.325
39	-134.076	12	  23.558	  38.036	  21.830
40	-131.695	13	  69.911	  44.941	  22.868
41	-118.817	12	  50.211	  20.254	  31.143
42	-113.506	11	  40.923	   7.585	   3.701
43	-112.232	11	  31.837	  35.422	   4.281
44	-111.830	11	  24.905	  11.853	  20.639
45	-106.325	6	  56.204	  32.308	  24.295
46	 -92.343	9	  57.047	  21.406	   5.027
47	 -89.935	9	  31.465	  17.675	 -11.256
48	 -83.331	8	  57.574	  49.374	  22.347
49	 -82.370	8	  69.562	  39.473	  29.082
50	 -73.383	7	  64.158	  48.414	  15.544
51	 -72.951	7	  50.870	  38.722	  34.659
52	 -64.105	6	  66.198	  31.168	  30.850
53	 -61.246	6	  21.731	  18.914	  10.988
54	 -60.269	6	  30.545	  42.423	  25.989
55	 -51.738	5	  70.396	  24.796	  25.857
56	 -40.201	4	  33.234	   6.429	  14.195
57	 -39.130	4	  42.481	  18.941	  32.992
58	 -38.643	3	  45.425	  30.250	  11.966
59	 -30.553	3	  32.329	   4.164	   6.875
60	 -19.419	2	  38.513	  24.164	 -10.778
61	 -18.248	2	  46.006	  21.669	  -7.768
62	  -9.165	1	  21.006	  19.164	  21.222
