1	-1632.851	139	  43.912	  35.012	  -3.394
2	-711.311	63	  58.231	  57.412	 -15.456
3	-672.600	56	  63.074	  28.881	 -10.347
4	-661.768	62	  34.520	  17.170	  -1.687
5	-599.830	55	  37.434	  32.408	  20.027
6	-576.194	53	  45.583	  42.611	 -29.208
7	-558.962	46	  24.462	  32.547	  37.446
8	-532.387	43	  62.560	  51.322	 -25.999
9	-515.108	45	  17.256	  29.218	  24.056
10	-486.323	44	  32.733	  39.752	   3.600
11	-438.853	39	   8.041	  34.043	  34.013
12	-420.570	39	  50.011	  57.869	 -29.449
13	-404.012	37	  46.293	  15.471	 -11.914
14	-398.943	35	  28.004	  29.919	   1.338
15	-384.066	36	   6.964	  12.865	  45.599
16	-373.538	32	  60.887	  40.933	 -28.730
17	-368.225	31	  48.700	  58.149	 -19.965
18	-363.587	34	  22.241	  17.146	  39.518
19	-362.976	33	  14.676	  37.449	  32.019
20	-353.004	30	  48.139	  45.227	  -5.830
21	-321.107	28	  51.463	  46.147	 -32.329
22	-319.613	31	  66.060	  31.331	  -2.801
23	-315.791	27	  56.782	  25.165	 -16.997
24	-300.619	28	  66.746	  39.900	  -1.230
25	-295.448	28	  21.694	  20.675	  17.703
26	-280.758	27	  46.570	  25.828	  15.665
27	-261.628	24	  24.038	  15.004	  26.844
28	-261.513	22	  26.216	  35.999	  22.864
29	-243.645	20	  45.005	  35.907	 -21.408
30	-233.468	22	  68.386	  47.267	 -13.838
31	-230.883	21	  61.123	  42.320	   6.666
32	-225.980	20	  25.461	  30.625	  14.081
33	-220.129	22	  37.781	  10.926	  12.433
34	-211.866	21	  54.705	  17.066	   8.394
35	-201.013	20	  53.005	  16.132	  -9.569
36	-198.603	19	  62.378	  30.570	 -19.702
37	-198.224	19	  46.572	   8.275	   6.446
38	-194.344	17	  56.266	  32.148	  12.225
39	-194.186	17	  -0.427	  21.375	  28.969
40	-190.159	19	  39.339	  27.654	 -14.619
41	-189.531	18	  13.895	  34.366	  42.137
42	-186.335	16	  37.692	  22.414	  33.066
43	-181.917	17	  13.541	  17.923	  25.602
44	-178.073	18	  62.169	  23.438	   6.399
45	-165.849	15	  52.014	  45.491	   8.676
46	-165.180	16	  -0.302	   9.728	  32.590
47	-158.780	15	  40.987	  12.419	  -7.204
48	-154.699	15	  25.418	  18.527	   8.808
49	-151.298	15	  -2.637	  28.058	  39.482
50	-140.628	14	  32.552	  37.484	  32.688
51	-138.810	13	  42.092	  18.297	  18.751
52	-135.530	13	   4.968	  31.806	  44.901
53	-131.004	12	  43.239	  36.155	  14.480
54	-122.817	12	   0.657	  27.881	  23.783
55	-121.000	11	  50.934	  50.807	   1.065
56	-120.932	12	  46.480	  52.754	  -8.259
57	-120.782	12	  11.244	  25.464	  21.287
58	-108.430	10	  51.160	   9.855	  -0.320
59	-108.175	10	  35.921	  12.517	  22.969
60	-104.065	10	  40.821	  28.600	  26.317
61	 -94.582	10	   8.893	  23.531	  51.109
62	 -86.825	9	  56.394	  66.171	 -23.463
63	 -86.292	8	  35.460	  31.183	  37.592
64	 -83.696	8	  65.964	  37.346	 -23.629
65	 -81.047	8	  62.757	  49.163	  -1.514
66	 -79.850	8	  60.013	  50.590	 -33.193
67	 -78.183	7	  68.595	  38.953	 -15.640
68	 -78.068	8	  28.942	  21.639	  39.436
69	 -77.584	8	  32.762	  38.931	  12.760
70	 -76.871	7	  50.669	  39.414	  13.335
71	 -76.334	8	  64.607	  62.251	 -28.254
72	 -72.695	7	  47.058	  45.300	 -18.972
73	 -70.513	7	  58.431	  14.003	  -0.435
74	 -68.001	7	   9.252	  37.013	  24.617
75	 -67.946	7	  61.207	  19.646	  -5.124
76	 -62.284	6	  56.646	  55.348	  -6.253
77	 -61.636	6	  45.344	  28.604	 -27.945
78	 -60.166	6	  64.254	  53.917	 -10.555
79	 -59.916	6	  34.279	  37.687	  -6.140
80	 -58.494	6	  -3.937	  29.759	  31.954
81	 -56.249	6	  17.924	  17.014	  48.920
82	 -53.704	5	  31.699	  29.243	 -11.761
83	 -52.323	3	  54.512	  33.945	 -11.400
84	 -51.460	5	  35.757	  46.395	 -29.397
85	 -51.049	5	  57.084	  30.626	 -27.734
86	 -50.867	5	  63.726	  33.442	   9.215
87	 -49.028	5	  42.508	  37.422	 -11.782
88	 -39.300	4	  38.729	  47.616	   1.087
89	 -37.407	4	  37.972	  55.857	 -22.178
90	 -35.105	3	  43.692	  53.604	   1.600
91	 -30.664	3	  50.093	  34.692	 -34.698
92	 -29.827	3	  16.726	  12.248	  33.260
93	 -29.404	3	  37.726	   7.650	  -1.400
94	 -22.957	2	  21.180	  25.604	  45.600
95	 -22.272	2	  13.161	   7.604	  39.777
96	 -21.188	2	  47.215	  23.086	 -19.911
97	 -19.059	2	  28.088	  21.604	  -6.762
98	 -15.296	1	  43.726	  25.604	   6.600
99	  -9.402	1	  26.726	  14.604	  14.600
100	  -9.117	1	  70.726	  44.604	 -21.400
101	  -9.076	1	  41.726	  46.604	  11.600
102	  -9.038	1	  -1.274	  20.604	  46.600
