1	-1538.382	117	  36.227	  46.138	  34.945
2	-1388.047	126	  39.870	  70.481	  29.411
3	-1192.718	104	  45.911	  80.805	  37.345
4	-1174.398	105	  47.047	  87.740	  44.199
5	-963.644	80	  31.333	  77.240	  19.574
6	-921.732	83	  52.214	  87.493	  27.060
7	-906.769	74	  44.945	  51.043	  21.123
8	-854.831	78	  57.594	  52.710	  30.172
9	-841.548	71	   4.537	  45.041	  32.958
10	-819.043	75	  52.917	  69.825	  28.424
11	-700.767	58	  33.746	  49.636	  52.775
12	-666.828	62	  40.116	  24.022	  32.334
13	-594.470	55	  25.984	  42.425	  18.574
14	-582.241	50	  33.920	  31.568	  39.568
15	-570.516	51	  35.896	  72.733	  39.965
16	-552.780	47	  29.419	  99.400	  27.449
17	-551.208	55	  28.550	  49.564	  12.384
18	-548.484	42	  24.936	  44.279	  25.618
19	-547.994	51	  24.601	  20.637	  18.347
20	-547.331	47	  24.862	  89.182	  16.099
21	-545.728	53	  41.536	  73.799	  20.530
22	-542.054	43	  40.466	  35.671	  58.493
23	-538.930	44	  53.429	  54.070	  40.352
24	-523.008	48	  26.813	  81.697	  10.824
25	-515.157	47	  30.054	  66.636	  40.853
26	-493.186	42	  11.744	  45.871	  44.289
27	-488.827	45	  43.773	 104.506	  18.318
28	-466.904	41	   5.715	  51.589	  40.348
29	-459.141	42	  47.720	  30.971	  59.656
30	-458.278	33	  49.308	  48.694	  42.775
31	-457.572	40	  18.769	  26.787	  39.485
32	-441.034	38	  29.403	  56.380	  44.485
33	-435.701	38	  21.967	  65.269	  28.712
34	-431.684	40	  61.869	  43.016	  53.186
35	-426.245	37	  52.827	  29.060	  36.340
36	-418.324	37	  26.851	  96.164	  36.394
37	-417.243	37	  18.887	  43.865	  16.194
38	-416.368	41	  54.936	  78.399	  37.713
39	-409.529	37	  48.584	  88.134	   2.487
40	-406.591	38	  66.462	  91.852	  31.605
41	-402.719	37	   7.296	  47.535	  22.276
42	-399.112	37	  31.552	  68.837	  20.890
43	-398.662	38	  55.565	  84.356	  46.881
44	-396.575	37	  49.055	  72.896	  50.115
45	-391.104	29	  45.900	  91.774	  23.324
46	-388.837	33	  24.151	  34.922	  42.370
47	-388.195	35	  33.784	  34.037	  49.484
48	-386.517	33	   4.917	  39.952	  24.916
49	-383.993	35	  15.248	  63.368	  43.338
50	-377.202	34	  21.597	  49.274	  47.135
51	-375.284	35	  28.168	  41.811	  48.217
52	-361.829	35	  49.808	  66.142	  51.383
53	-354.684	32	  34.818	  57.017	  59.390
54	-343.825	33	  54.304	 101.774	   9.754
55	-334.471	31	  56.928	 105.512	  41.105
56	-329.054	31	  32.067	  89.715	  -0.041
57	-317.813	31	  15.784	  58.939	  18.781
58	-317.335	30	  60.408	  61.601	  28.484
59	-314.089	30	  39.689	  36.304	   8.178
60	-307.736	31	  61.279	  88.772	  20.049
61	-304.992	29	  51.564	  79.550	  10.296
62	-304.243	29	  46.036	 106.168	  45.382
63	-300.568	28	  27.899	  98.192	  12.071
64	-299.213	21	  58.924	  48.432	  46.442
65	-298.878	28	  37.232	  82.947	  -0.224
66	-298.254	27	  44.790	  21.963	  46.991
67	-288.722	28	  36.972	  82.178	  40.634
68	-287.689	27	  62.589	  36.045	  40.608
69	-286.732	28	  47.048	  33.380	  18.408
70	-283.839	26	  43.641	  56.394	  67.473
71	-283.558	26	  12.237	  66.105	  35.857
72	-281.362	26	  24.674	  85.088	  38.326
73	-280.139	18	  47.098	  80.980	  23.937
74	-271.358	26	  57.440	  58.564	  51.687
75	-268.868	24	  52.430	  23.163	  48.382
76	-267.571	26	  34.519	  19.064	  27.035
77	-255.102	23	  54.452	  37.333	  59.900
78	-248.148	23	  13.658	  40.747	  48.783
79	-243.668	22	  60.519	  54.887	  41.505
80	-238.653	20	  64.150	  99.047	  18.165
81	-234.354	23	  37.685	  74.566	  50.223
82	-232.627	21	  38.898	 102.270	   4.039
83	-223.372	22	  29.073	  75.723	  35.445
84	-220.123	21	  39.814	  66.713	  21.006
85	-219.400	18	  49.480	  44.706	  68.243
86	-218.146	21	  20.716	  27.117	  20.525
87	-213.648	20	   5.410	  41.536	  43.247
88	-212.947	21	  28.582	  71.366	  27.485
89	-200.138	18	  59.203	  48.563	  61.937
90	-198.998	19	  33.635	  36.802	  59.576
91	-196.664	18	  31.935	  43.445	   5.997
92	-194.259	19	  59.843	  96.883	  47.350
93	-191.599	18	  39.670	  24.836	  18.615
94	-190.709	18	  54.749	 105.865	  21.145
95	-189.294	17	  44.191	  92.865	  49.090
96	-188.409	19	  44.219	  37.928	  66.704
97	-186.918	18	  34.463	  23.221	   9.229
98	-185.541	16	   9.000	  24.924	  34.371
99	-185.321	18	  64.545	  98.781	  38.302
100	-181.516	17	  61.735	  94.233	  24.505
101	-178.988	16	  14.210	  33.062	  18.396
102	-173.136	16	  54.183	  53.516	  67.346
103	-171.713	17	  53.862	  47.892	  21.756
104	-162.492	15	  38.685	  53.388	  15.746
105	-160.401	15	  25.587	  22.591	  35.200
106	-159.575	16	  20.773	  95.057	  17.640
107	-140.406	12	   2.780	  34.729	  36.141
108	-138.203	14	  39.820	 107.704	  30.572
109	-138.182	13	  55.620	  90.226	  54.157
110	-137.645	13	  55.721	  31.903	  25.709
111	-136.674	13	  36.280	  75.367	   9.887
112	-134.751	11	  32.346	  46.617	  21.288
113	-133.866	12	  17.604	  23.372	  29.552
114	-130.914	13	  54.746	  94.635	   1.022
115	-127.861	12	  46.592	  81.809	  49.637
116	-122.150	11	  17.677	  52.729	  12.434
117	-121.615	11	  34.944	  63.758	  54.329
118	-120.568	12	  46.973	 101.423	  53.264
119	-119.617	11	   2.931	  30.139	  27.635
120	-116.489	9	  43.034	  61.715	  58.424
121	-110.768	10	  67.035	  45.924	  48.442
122	-108.682	11	  33.358	  90.399	  42.922
123	-108.018	8	  43.525	  73.676	  37.100
124	-105.830	10	  45.533	  28.824	  25.147
125	-105.694	10	  48.530	  94.310	  55.379
126	 -98.878	10	  55.104	  77.254	  20.259
127	 -98.874	10	  48.025	 110.058	  34.590
128	 -98.661	10	  20.490	  83.657	  20.681
129	 -97.176	10	  -1.414	  39.086	  28.680
130	 -93.757	9	  33.189	  99.957	  41.844
131	 -87.685	9	   5.814	  58.247	  30.629
132	 -80.532	8	  27.868	  13.689	  14.023
133	 -80.133	8	  63.433	  90.006	  12.110
134	 -79.082	8	  28.266	  62.020	  14.610
135	 -78.874	7	   6.004	  40.104	  15.622
136	 -77.861	7	  52.749	  60.541	  60.617
137	 -73.768	7	  10.742	  27.298	  22.795
138	 -69.922	7	  13.752	  30.627	  47.317
139	 -66.321	7	  58.141	  29.544	  53.580
140	 -63.057	6	  35.042	  14.501	  20.428
141	 -62.347	6	  19.375	  95.911	  28.528
142	 -60.611	6	  29.402	 103.395	  18.156
143	 -58.125	6	  49.090	 107.959	  26.035
144	 -57.694	5	  22.829	  77.963	  25.862
145	 -56.252	6	  50.818	  20.174	  41.383
146	 -55.974	4	  49.069	  50.105	  34.115
147	 -52.449	5	  65.586	  44.116	  39.664
148	 -50.468	5	  66.394	  84.684	  34.806
149	 -49.437	5	  59.159	  73.119	  44.681
150	 -49.391	5	  23.126	  28.247	   8.876
151	 -48.209	5	  43.035	  75.341	   6.592
152	 -47.152	5	  62.393	  38.332	  29.713
153	 -42.058	4	  48.564	  63.298	  22.376
154	 -39.379	4	  20.586	  37.306	  10.097
155	 -37.430	4	  39.347	  25.040	  50.379
156	 -30.118	3	  31.586	  46.985	  63.510
157	 -29.578	3	  37.252	 104.298	  11.549
158	 -29.171	3	  60.217	  82.036	  12.754
159	 -28.875	3	  63.529	  98.043	   3.847
160	 -28.103	3	  39.956	  48.311	  69.862
161	 -21.014	2	  62.568	  63.825	  41.897
162	 -19.574	2	  34.586	  13.816	   8.344
163	 -19.536	2	  67.007	 101.404	  29.494
164	 -19.261	2	  33.103	  35.781	   2.379
165	 -19.086	2	  65.586	 104.772	  22.862
166	 -18.813	2	  61.087	  69.298	  31.363
167	 -18.572	2	  59.608	 111.276	  31.329
168	 -18.222	2	  35.088	 108.298	  24.862
169	  -9.163	1	  36.586	  99.298	  49.862
170	  -8.958	1	  65.586	  45.298	  31.862
