1	-1579.587	140	  31.930	 108.990	  26.859
2	-1258.645	116	  30.379	  98.095	  29.687
3	-1249.528	81	  22.620	 118.460	  24.538
4	-1245.946	113	  23.156	  82.518	  28.234
5	-1195.713	76	  31.251	  73.500	  22.714
6	-1171.152	102	  20.169	  85.657	  21.547
7	-1066.063	99	  27.748	  99.428	  20.065
8	-975.586	84	  24.397	  84.920	  15.586
9	-925.626	80	  33.042	 107.120	  18.738
10	-899.053	79	  13.420	  90.604	  17.023
11	-894.919	75	  28.510	  74.407	  35.496
12	-871.467	69	  31.797	  80.982	   1.929
13	-860.486	62	  11.727	 111.703	   6.793
14	-857.988	74	  25.912	 107.654	  15.737
15	-841.920	62	  30.685	 131.244	  17.997
16	-823.905	68	  31.042	 117.910	  35.647
17	-795.830	60	  25.347	 133.140	  40.891
18	-785.336	58	  21.417	  60.775	  20.249
19	-775.395	69	  24.925	  89.591	  32.234
20	-771.092	54	  46.239	  80.661	  20.708
21	-708.397	61	  35.527	 102.002	  12.378
22	-702.478	63	  39.192	 104.188	  32.943
23	-676.873	51	  36.636	  59.301	  37.946
24	-629.063	52	  44.056	 108.810	  23.201
25	-619.053	53	  10.898	  84.071	  31.108
26	-557.686	54	  20.843	  88.601	  42.319
27	-557.072	50	  53.474	  93.404	  36.518
28	-547.202	50	  32.223	  96.273	  44.330
29	-534.011	44	   9.289	  55.284	  30.923
30	-532.568	43	   5.453	  93.684	  28.522
31	-532.107	44	  48.225	  98.661	  18.140
32	-529.734	50	   5.283	  95.409	  19.579
33	-528.101	48	  10.346	 121.677	  48.014
34	-526.340	44	  46.522	 136.940	  22.001
35	-523.120	46	  23.721	 125.981	  -0.836
36	-522.732	34	  10.739	 110.823	  31.537
37	-503.304	43	  50.675	 104.706	  27.044
38	-498.881	44	  16.238	  74.363	  32.339
39	-492.014	42	  47.454	 128.607	   4.860
40	-476.032	45	  44.137	  97.265	   9.928
41	-473.139	28	  36.544	  67.465	  18.015
42	-456.482	40	   0.829	  63.867	  15.635
43	-449.687	37	  43.973	  55.548	  22.730
44	-447.102	37	  11.805	 136.352	  30.860
45	-434.337	35	  40.744	  66.014	   4.353
46	-419.994	36	  38.260	  80.466	  -2.188
47	-419.650	26	  16.070	 124.642	  23.116
48	-411.016	37	  47.149	 109.328	  11.179
49	-408.914	35	  19.453	  67.213	   0.045
50	-401.852	35	  52.642	  69.800	  36.856
51	-391.346	31	   6.136	 126.820	  12.542
52	-381.693	35	  24.258	  91.982	  22.699
53	-379.321	34	  36.814	  51.817	  37.522
54	-367.665	32	   9.692	  97.566	  46.774
55	-367.521	33	  13.513	  86.307	   8.832
56	-355.521	33	  21.506	  47.661	  40.620
57	-355.472	26	   5.994	 114.012	  27.449
58	-349.400	34	  13.039	 133.002	   6.103
59	-349.299	32	  23.185	 144.711	  13.173
60	-344.601	33	  19.985	 103.357	   8.342
61	-334.653	33	  47.526	  59.536	  34.131
62	-329.823	28	  48.150	 128.789	  32.581
63	-328.447	29	  41.439	 118.169	  25.391
64	-328.075	30	  46.894	  94.201	   0.818
65	-326.755	29	  58.829	  74.578	  15.736
66	-326.334	29	  12.703	  62.584	  41.445
67	-323.288	29	  45.490	  55.895	  10.135
68	-320.743	29	  24.988	  48.027	  12.133
69	-318.397	28	  -2.436	  59.703	  29.802
70	-312.114	27	  -5.179	 118.042	  30.634
71	-308.432	29	  33.951	 124.547	  42.168
72	-303.781	27	  34.614	 103.451	   5.572
73	-301.758	29	  53.875	  62.175	  26.091
74	-300.839	26	  56.221	 132.196	  16.320
75	-300.133	29	  36.841	 129.477	  -1.045
76	-297.625	27	   3.747	  83.555	  21.311
77	-295.837	29	  16.126	  53.483	  37.276
78	-294.366	27	  38.484	  65.117	  45.992
79	-291.729	28	   4.542	 130.680	  37.425
80	-288.993	28	  28.466	  72.520	  -0.912
81	-280.267	26	  30.251	 115.262	  49.762
82	-279.631	28	  -3.309	  68.885	  27.827
83	-279.452	25	  39.335	 144.975	  35.886
84	-276.199	25	  -3.558	 102.535	  31.872
85	-273.972	27	  39.668	 118.319	  -4.255
86	-273.949	27	  49.748	 138.322	  12.319
87	-267.346	24	   2.216	  96.886	  11.165
88	-256.875	24	   6.983	  62.589	   6.386
89	-253.212	24	  42.277	 139.248	  28.930
90	-252.121	23	   6.062	 134.794	  16.801
91	-251.007	23	  31.096	 139.744	   2.867
92	-249.984	17	  23.948	 103.889	  26.832
93	-247.339	24	   1.145	 118.115	   7.874
94	-247.230	24	   3.893	  74.596	  32.097
95	-245.707	22	  36.479	  75.747	  47.936
96	-244.135	24	  29.385	  66.179	  43.962
97	-240.094	22	  30.075	  43.130	  28.984
98	-239.789	23	  57.229	  98.512	  26.176
99	-237.965	22	  25.580	 148.083	  30.325
100	-236.897	22	  15.366	 118.161	   2.515
101	-236.039	24	  43.791	  73.711	  -1.727
102	-235.076	23	  19.795	  98.371	  49.398
103	-234.901	23	   7.305	 109.255	  50.320
104	-234.071	22	  -0.667	 114.357	  44.701
105	-230.898	21	  22.191	  84.100	   0.114
106	-227.127	19	  30.023	 107.580	   1.182
107	-226.750	19	   6.801	  88.105	  37.249
108	-226.370	22	  51.184	  84.068	  46.900
109	-225.664	22	  45.804	 118.654	   2.960
110	-223.814	20	  31.903	  88.873	  -1.191
111	-222.013	21	  31.112	  60.332	   0.877
112	-216.137	20	  19.667	 108.271	   1.145
113	-210.986	21	  -5.125	 126.106	  27.046
114	-209.378	21	  56.015	 122.922	  16.760
115	-208.498	20	   3.180	  73.393	   3.618
116	-202.917	20	  -5.270	 110.885	  13.457
117	-198.466	19	  32.246	 110.760	  35.366
118	-198.396	18	  32.788	  57.133	  44.191
119	-197.071	19	  39.435	 102.226	  40.511
120	-196.800	20	  26.301	  58.321	  48.087
121	-196.685	19	   1.921	  53.027	  22.244
122	-194.849	19	  45.542	  93.404	  43.337
123	-194.225	18	  17.582	 130.128	  44.372
124	-193.939	18	  39.685	 143.631	  14.427
125	-189.978	18	  13.606	  96.756	   5.587
126	-188.321	17	  28.080	 126.976	  47.712
127	-184.725	17	  33.037	 134.333	  44.902
128	-183.730	18	  27.275	  90.484	   5.097
129	-181.047	18	   1.348	  93.738	  40.102
130	-180.675	18	  18.560	 143.191	  35.295
131	-180.302	17	  10.612	 104.450	   3.582
132	-179.289	17	  14.705	  54.268	   5.126
133	-177.505	17	   1.548	  64.264	  37.552
134	-176.612	15	   8.729	  81.149	   1.553
135	-174.903	16	  26.609	 144.148	  39.846
136	-169.067	17	  26.923	 106.186	  53.331
137	-168.876	16	  47.915	 120.173	  30.611
138	-167.650	16	  36.978	 145.111	  44.627
139	-166.591	16	   2.859	 110.332	   5.532
140	-166.548	16	  14.945	 140.866	   9.295
141	-166.216	16	  61.485	  78.410	  28.356
142	-164.689	16	  20.291	  94.516	  14.835
143	-162.389	15	  60.913	  89.433	  28.217
144	-160.933	16	  40.277	  49.095	  30.188
145	-160.379	16	  12.691	 134.330	  40.961
146	-158.462	15	  41.175	 109.243	   1.031
147	-153.328	15	  56.793	  82.556	  38.244
148	-152.735	16	  35.185	 148.869	  21.279
149	-150.400	13	  57.515	  90.251	  17.150
150	-149.401	14	  11.781	  71.655	  39.687
151	-148.795	14	  -1.230	 102.909	  43.200
152	-147.680	14	  17.294	 104.818	  52.627
153	-146.152	13	  12.537	  48.400	  20.977
154	-144.322	14	  15.776	 110.521	  57.322
155	-140.443	14	  51.022	 116.078	  20.020
156	-138.813	14	  43.957	 125.433	  38.337
157	-134.573	13	  45.827	  76.951	  51.315
158	-134.563	13	  32.961	 110.911	  -5.701
159	-131.381	13	  35.396	  68.957	  -2.498
160	-129.872	12	  37.408	 115.939	  31.333
161	-127.053	12	  11.616	 124.693	   2.998
162	-125.178	13	  57.396	  87.319	   7.903
163	-122.793	13	  14.489	 144.460	  15.652
164	-121.048	12	  48.762	  62.622	   6.600
165	-116.579	8	  23.440	 134.770	  17.955
166	-114.470	9	  31.371	  88.588	  24.841
167	-114.370	11	  -5.753	 100.357	  13.985
168	-112.438	11	  10.663	 140.378	  24.041
169	-112.120	11	  37.641	  85.662	  48.599
170	-112.088	11	  17.325	  76.344	  -2.659
171	-111.680	11	  29.316	  80.611	  40.157
172	-108.133	11	  40.597	 132.706	  45.433
173	-107.572	11	  35.636	  48.181	   9.806
174	-102.849	10	  43.471	  95.268	  -5.992
175	-102.643	10	  -5.304	 102.894	  22.068
176	 -99.860	10	  33.176	 152.871	  32.333
177	 -96.587	10	   5.519	  53.266	  12.683
178	 -94.914	9	  45.563	 136.375	  38.385
179	 -92.197	9	  -0.579	  73.755	  15.531
180	 -91.374	9	  56.055	  65.249	  10.838
181	 -91.062	9	  29.500	  98.087	   9.506
182	 -90.045	9	  20.224	  43.096	  25.454
183	 -89.976	9	  18.807	  67.555	  44.140
184	 -89.193	9	  57.459	  65.211	  18.295
185	 -88.760	6	  27.912	  57.729	  16.976
186	 -82.053	8	  47.423	  68.617	  45.910
187	 -80.960	8	  53.467	  87.921	  -3.498
188	 -80.718	8	  26.119	 115.036	  57.047
189	 -77.813	8	  -1.505	 128.396	  19.227
190	 -76.982	8	  -2.664	  97.562	   5.067
191	 -74.734	6	  19.775	  50.388	  26.485
192	 -68.296	7	  26.643	  39.216	  34.172
193	 -66.215	4	  50.912	  87.546	  12.141
194	 -65.801	5	  34.969	 141.686	  23.052
195	 -64.957	7	  24.136	 124.790	  53.609
196	 -63.088	6	  26.252	  43.248	  45.058
197	 -62.131	6	  23.034	 115.064	  -4.390
198	 -58.275	6	  34.905	  96.414	  -2.641
199	 -57.766	6	  32.760	  50.136	  46.453
200	 -57.663	6	  41.611	  50.459	  14.881
201	 -54.928	6	  56.247	 131.074	  24.173
202	 -51.925	5	  -7.548	 106.279	   8.017
203	 -49.828	5	  30.139	  51.893	   5.176
204	 -49.814	5	  60.687	  81.306	  16.064
205	 -48.771	5	   4.295	 101.058	   0.977
206	 -48.031	5	  31.266	 146.104	  12.230
207	 -47.211	5	  -7.278	 119.693	  17.591
208	 -46.728	5	  33.890	  43.015	  38.589
209	 -41.618	4	  54.912	  73.286	  43.976
210	 -40.681	4	  20.774	  44.524	  16.716
211	 -40.395	4	  12.912	  48.859	  11.104
212	 -39.181	4	  -2.580	 126.088	  34.163
213	 -38.401	4	   8.897	  89.551	  46.414
214	 -35.217	3	  50.882	  81.429	   0.146
215	 -32.263	3	   4.221	  83.075	  12.226
216	 -29.323	3	  56.196	 130.392	   7.776
217	 -29.224	3	  42.471	 139.449	   4.863
218	 -28.946	3	  56.566	  77.719	   2.504
219	 -27.396	3	  -6.088	  61.411	  21.846
220	 -19.577	2	  37.420	  90.567	  -7.840
221	 -19.545	2	   1.340	 136.075	  26.176
222	 -19.329	2	  35.912	  44.086	  24.199
223	 -18.430	2	  25.419	 152.075	  23.683
224	 -18.225	2	  47.409	  86.075	  -8.824
225	 -13.550	1	  42.912	  75.075	  11.176
226	 -12.002	1	   7.912	 117.075	  20.176
227	  -9.320	1	  20.912	 117.075	  37.176
228	  -9.258	1	  54.912	 121.075	  27.176
229	  -9.232	1	  -6.088	 108.075	  38.176
230	  -9.224	1	  -5.088	 120.075	  39.176
231	  -9.080	1	  14.912	 118.075	  59.176
232	  -8.933	1	  22.912	 142.075	   2.176
