1	-664.980	57	  -5.246	  34.862	  53.154
2	-630.493	58	   4.314	  40.138	  58.878
3	-548.935	37	   8.162	  49.708	  56.351
4	-465.420	41	  15.933	  49.355	  61.449
5	-374.852	35	  12.318	  24.666	  53.960
6	-277.896	26	  14.705	  37.965	  60.695
7	-276.173	26	  21.944	  33.740	  56.675
8	-256.245	23	   4.621	  26.870	  56.822
9	-253.099	24	  17.290	  38.310	  34.825
10	-246.137	23	  25.237	  45.523	  38.929
11	-240.301	22	   1.902	  51.544	  61.541
12	-234.363	22	   2.668	  23.284	  42.531
13	-222.624	19	  16.114	  51.141	  34.071
14	-213.722	19	   6.214	  51.866	  35.966
15	-203.294	18	  13.858	  64.805	  55.658
16	-197.446	18	  20.476	  55.262	  42.514
17	-192.669	18	  -6.784	  50.862	  49.652
18	-192.411	17	  -3.596	  28.502	  36.292
19	-191.926	18	  24.735	  55.713	  54.710
20	-186.548	18	  13.607	  59.855	  61.409
21	-174.161	18	  26.991	  43.710	  48.126
22	-163.637	16	  -2.452	  39.999	  32.871
23	-147.727	15	  17.813	  26.775	  38.141
24	-137.357	13	  -5.998	  26.598	  43.049
25	-112.715	11	   7.051	  24.897	  34.013
26	-108.442	6	  -0.361	  38.074	  40.674
27	-105.634	10	   8.158	  41.963	  33.304
28	-104.143	10	   9.427	  63.061	  44.502
29	-103.669	10	  -9.071	  46.792	  39.632
30	-101.988	10	  25.388	  41.534	  60.429
31	 -88.646	9	  -0.258	  62.431	  52.700
32	 -81.455	8	  27.040	  32.636	  45.700
33	 -78.062	8	 -12.071	  38.066	  42.462
34	 -74.276	7	  25.490	  34.555	  37.246
35	 -63.234	6	  -1.674	  57.054	  43.190
36	 -50.564	5	  -9.201	  44.177	  55.991
37	 -49.731	3	   6.053	  58.245	  52.693
38	 -49.646	5	  13.678	  20.781	  43.542
39	 -38.140	4	  22.551	  63.517	  54.949
40	 -34.023	3	  -1.272	  47.779	  37.626
41	 -30.213	3	   7.391	  67.779	  53.270
42	 -29.609	3	   5.052	  33.779	  30.621
43	 -28.803	3	  -4.970	  56.401	  55.973
44	 -28.230	3	  14.379	  59.428	  35.251
45	 -24.819	2	  19.536	  46.779	  51.925
46	 -19.139	2	   6.530	  63.732	  60.448
47	 -12.361	1	   3.053	  41.779	  49.925
