1	-628.253	55	  -1.003	  39.777	  56.730
2	-568.192	39	   8.135	  48.484	  55.704
3	-545.764	47	  20.400	  54.760	  44.080
4	-468.937	41	  17.224	  50.064	  59.850
5	-432.576	37	  -5.584	  32.056	  51.799
6	-328.691	30	   4.054	  25.796	  55.016
7	-325.626	31	  21.774	  33.630	  56.375
8	-321.782	29	   8.014	  38.937	  58.502
9	-318.292	29	  12.700	  24.470	  53.416
10	-274.521	25	  25.094	  44.415	  38.204
11	-273.769	25	   5.582	  51.514	  35.603
12	-271.104	26	  14.939	  39.270	  61.156
13	-246.599	22	   1.807	  50.998	  60.886
14	-230.274	20	  16.346	  50.434	  33.477
15	-230.010	22	  17.045	  37.800	  34.144
16	-223.008	21	  -3.630	  28.993	  35.149
17	-219.363	21	  -7.112	  50.017	  48.922
18	-190.009	18	  -3.190	  39.899	  32.586
19	-185.232	18	  19.063	  62.564	  57.954
20	-177.598	17	  -0.652	  56.863	  42.255
21	-175.641	18	  27.043	  42.601	  46.490
22	-150.418	15	  -6.018	  26.409	  42.081
23	-147.702	14	   2.633	  22.857	  41.579
24	-143.378	14	  17.764	  26.175	  37.369
25	-124.883	7	  -0.591	  37.899	  39.992
26	-109.002	11	   9.467	  63.095	  60.486
27	-105.451	10	   8.331	  41.460	  32.660
28	-103.078	10	   6.724	  24.333	  33.472
29	-102.824	10	  10.376	  65.901	  52.826
30	 -97.241	10	  -9.910	  45.405	  39.791
31	 -97.125	10	  -8.841	  42.962	  56.319
32	 -89.299	9	  26.255	  31.403	  45.740
33	 -81.108	8	  25.681	  40.616	  58.625
34	 -79.338	8	  -0.100	  62.352	  52.630
35	 -73.856	7	   9.666	  62.521	  44.025
36	 -61.111	6	  24.883	  33.439	  36.316
37	 -60.322	6	  13.584	  20.397	  42.528
38	 -58.912	6	  -5.255	  55.210	  56.228
39	 -53.363	5	  -0.448	  46.844	  36.605
40	 -53.226	4	   6.124	  57.382	  51.641
41	 -38.962	3	  -8.043	  34.820	  39.608
42	 -30.845	3	   4.876	  33.369	  30.004
43	 -20.932	2	  14.438	  58.907	  34.854
44	 -14.277	1	  18.900	  46.369	  51.316
