1	-1260.163	110	  41.883	  11.185	  78.188
2	-1210.228	105	  14.388	  -6.237	  20.780
3	-1171.115	102	  -5.354	   5.751	  25.121
4	-1148.485	102	   3.325	  -3.573	  16.033
5	-1058.760	94	   0.081	   3.489	   9.088
6	-1018.331	85	  49.974	  -1.034	  59.765
7	-985.398	83	  27.792	 -12.975	  19.360
8	-937.130	84	  40.485	  -5.100	  63.047
9	-936.292	83	  40.874	   7.614	  67.735
10	-884.831	74	  38.255	  17.839	  91.294
11	-868.177	77	  -0.244	   9.922	  17.206
12	-856.740	79	  42.705	   0.426	  55.819
13	-761.434	67	  21.741	  -9.654	  45.445
14	-755.576	68	  34.884	  14.324	  85.472
15	-753.862	69	  22.791	  -9.016	  15.080
16	-743.783	68	   1.534	  15.202	  29.181
17	-723.461	64	  31.512	  -1.767	 100.650
18	-718.979	52	  25.913	  10.268	  76.060
19	-698.599	62	  51.920	 -10.560	  67.378
20	-697.527	63	 -15.749	  -6.548	  20.027
21	-694.362	63	  46.034	  11.419	  48.214
22	-661.510	58	  31.344	   1.465	  64.329
23	-650.816	58	  39.521	   6.105	  38.450
24	-648.689	60	  32.290	  14.421	   3.945
25	-631.160	45	  15.029	  -5.299	   4.284
26	-600.199	54	  21.884	  -9.555	  93.388
27	-587.788	53	  44.008	 -11.218	  53.009
28	-579.438	51	  -8.195	   3.680	  17.195
29	-578.416	52	  36.520	   8.100	  62.036
30	-564.652	50	  38.550	  10.034	  17.740
31	-564.019	50	  -9.977	  16.367	  19.393
32	-563.231	53	  32.236	 -10.565	  43.848
33	-552.740	48	  59.842	  23.441	  90.423
34	-548.407	49	  17.112	 -11.423	  -1.090
35	-527.231	43	  15.676	  -6.882	  11.573
36	-526.394	46	  65.089	  15.018	  88.493
37	-524.555	44	   8.266	  -3.848	  43.199
38	-512.239	44	  48.287	  -0.388	  35.081
39	-506.460	43	  33.009	  11.699	  78.202
40	-488.733	45	  47.136	  -9.378	  92.120
41	-481.821	39	  64.962	   8.292	  75.739
42	-479.796	42	  23.780	 -18.678	  40.537
43	-475.269	44	  -4.274	 -18.683	  32.873
44	-471.547	43	  30.763	   5.049	  44.675
45	-465.216	42	  19.579	  16.225	  77.155
46	-450.766	44	  28.638	  24.851	  68.001
47	-440.571	39	 -17.995	  16.661	  21.352
48	-439.229	42	  22.457	 -11.317	  52.529
49	-436.817	39	  53.660	   6.898	  47.725
50	-432.469	41	  56.707	  23.673	  61.559
51	-429.329	39	  45.192	   2.473	  27.470
52	-425.994	39	  50.065	  20.279	  56.244
53	-408.134	38	  44.622	  27.515	  94.572
54	-405.381	38	  -8.517	 -15.653	  25.055
55	-404.198	36	 -17.495	  -2.297	  27.395
56	-396.609	36	  34.803	 -18.455	  72.619
57	-387.782	36	  23.007	 -24.561	  36.605
58	-387.769	36	  18.305	   0.206	  -3.408
59	-383.853	37	   7.338	 -20.300	   6.561
60	-379.839	34	  28.324	  14.210	  28.247
61	-376.190	34	  37.962	   5.290	  12.215
62	-374.846	35	  56.158	  29.229	  89.501
63	-367.553	33	  40.871	  -8.912	  32.067
64	-367.045	35	  41.049	  -9.016	  23.498
65	-366.346	34	  49.419	  13.906	 105.646
66	-361.720	33	   9.280	  22.751	  13.022
67	-353.670	32	  30.138	 -22.595	  26.292
68	-351.509	30	  47.986	 -11.899	  46.020
69	-349.279	29	  40.066	 -10.369	  39.131
70	-345.460	30	  47.780	  30.566	  75.232
71	-344.933	32	  21.343	  -1.362	  57.602
72	-337.559	34	  -0.270	 -14.679	   4.074
73	-337.489	31	 -21.638	   2.293	  13.300
74	-334.380	31	  -2.022	   6.226	  -2.741
75	-332.510	30	  17.288	   4.438	  78.533
76	-329.059	24	  20.585	 -11.634	  28.051
77	-324.682	30	  22.064	   2.034	  41.065
78	-319.584	31	  19.483	  -0.445	  68.229
79	-307.237	21	  47.820	  16.255	  85.045
80	-307.092	30	  23.950	  16.170	  91.032
81	-292.529	23	  10.898	 -25.267	  26.051
82	-289.259	27	  39.994	  14.210	 104.509
83	-284.480	27	   8.551	 -22.272	  39.574
84	-280.885	27	  60.150	   1.837	  88.972
85	-275.372	26	  61.460	  26.919	  75.939
86	-270.153	27	 -11.952	  17.297	  11.969
87	-265.026	26	   8.794	  17.183	   0.822
88	-262.288	25	  40.322	  34.153	  79.003
89	-253.289	24	  34.846	  -1.519	  57.728
90	-252.049	24	  57.285	  -6.118	  53.261
91	-250.046	22	  40.310	   4.531	 109.724
92	-248.571	25	 -25.847	  11.762	  29.438
93	-247.580	23	  16.289	  18.012	  23.168
94	-245.296	24	  29.744	 -11.363	   5.413
95	-244.098	22	  17.031	 -16.885	   7.061
96	-241.149	22	  46.108	 -12.872	  78.948
97	-235.577	23	   8.718	   5.791	  -2.607
98	-235.555	24	  36.631	 -12.639	  50.695
99	-234.934	21	  65.683	  14.801	  65.761
100	-234.710	23	  23.103	 -12.178	  68.838
101	-232.701	22	 -11.648	  10.290	  31.803
102	-226.308	22	  43.056	  30.555	  64.726
103	-226.238	21	  16.292	 -29.420	  19.485
104	-222.898	21	  -1.569	 -10.228	  42.319
105	-213.419	20	  68.977	  20.761	  77.842
106	-206.215	20	  -3.090	  21.439	  22.356
107	-200.514	18	  33.122	 -15.128	  91.203
108	-197.633	18	  26.192	  20.579	  77.976
109	-196.907	19	  42.986	  -4.735	  14.009
110	-195.303	19	  46.842	  -0.109	 108.981
111	-194.028	17	   0.170	  -0.397	  20.954
112	-192.376	17	  36.169	  -9.138	 100.337
113	-191.918	19	  30.703	   9.884	 105.222
114	-189.839	19	  32.628	  23.043	  86.851
115	-188.870	18	  25.201	 -15.592	  80.784
116	-188.777	18	  24.658	 -18.106	  13.210
117	-187.268	19	  27.648	  19.317	  60.694
118	-186.239	17	  53.687	  -0.764	 104.944
119	-183.759	17	  14.574	   8.425	  93.890
120	-183.176	17	  61.011	  -3.650	  69.573
121	-182.599	17	  43.159	 -18.541	  59.641
122	-180.018	16	  10.033	 -16.162	  47.543
123	-178.366	15	 -13.432	  -0.277	   5.127
124	-178.333	18	  37.302	  21.938	  53.152
125	-171.351	17	   3.068	 -25.961	  20.971
126	-167.215	16	  55.046	  30.334	  68.223
127	-163.795	16	  58.648	  -5.780	  40.696
128	-161.983	14	  30.089	  17.272	  16.645
129	-158.611	15	  16.896	   1.602	  87.243
130	-158.448	15	  19.523	  21.083	   4.980
131	-158.168	16	  -9.278	 -16.822	  12.184
132	-157.325	15	  55.854	  -2.615	  95.794
133	-153.416	15	  60.744	  -3.780	  78.466
134	-152.926	15	  26.425	  22.288	  13.287
135	-151.525	14	   2.618	 -25.627	  32.030
136	-149.947	14	   2.489	   8.172	  38.635
137	-142.648	13	  33.967	  -2.052	  -3.059
138	-141.905	14	  -9.348	  -7.753	  34.616
139	-141.522	14	  -6.574	  -1.730	  40.286
140	-139.331	13	  30.850	  27.241	  80.426
141	-135.960	13	  60.189	  15.968	  98.033
142	-130.972	13	 -16.163	  10.733	   5.160
143	-130.662	13	  16.498	  10.690	  68.159
144	-130.580	13	 -27.019	   2.463	  20.804
145	-129.422	13	  59.571	  12.233	  56.939
146	-129.073	13	  33.450	 -18.036	  63.539
147	-128.715	13	  21.073	 -30.341	  31.058
148	-125.123	12	  63.903	   6.173	  60.189
149	-123.805	12	  27.882	   3.141	  -2.581
150	-123.800	12	  11.190	   8.814	  39.517
151	-122.401	12	 -24.411	  12.548	  15.667
152	-115.939	12	  51.100	  35.177	  86.414
153	-114.279	11	  57.828	  10.980	 104.418
154	-111.679	11	  20.520	  -9.189	  77.066
155	-110.650	11	  24.375	 -14.988	  58.803
156	-109.804	11	  48.338	 -13.721	  60.625
157	-108.632	11	   9.083	  -5.303	  -5.937
158	-108.537	11	  16.032	  26.518	  15.838
159	-108.302	11	  -4.812	  -6.864	  -0.054
160	-104.704	10	  36.103	   2.512	   3.558
161	-103.957	10	  21.046	   2.721	  96.754
162	-103.816	10	  19.791	 -24.910	  11.105
163	-102.774	10	  38.060	 -16.328	  84.625
164	 -98.909	10	  42.086	  35.413	  88.747
165	 -98.548	10	  24.782	  12.226	  55.723
166	 -91.203	9	  14.621	 -16.671	  98.796
167	 -89.395	9	  -3.382	 -24.790	  17.915
168	 -88.969	9	  29.546	   9.936	  35.622
169	 -88.682	9	   1.172	  22.873	   9.942
170	 -87.490	9	  18.928	  12.603	  38.034
171	 -82.911	8	  24.802	  -1.188	  48.942
172	 -79.606	8	  39.888	  21.799	  -1.774
173	 -78.711	8	  37.032	  14.037	  29.034
174	 -77.958	8	  24.804	  10.949	   0.060
175	 -77.128	5	  20.652	   5.916	  14.049
176	 -74.057	6	  -9.312	   9.858	   2.418
177	 -73.420	7	  -1.477	  16.795	  -1.242
178	 -70.709	7	  17.628	  14.150	  -0.362
179	 -70.665	4	  33.790	  -1.137	  82.986
180	 -69.017	7	  46.231	  -9.266	 101.600
181	 -68.918	7	  56.393	  -9.018	  84.779
182	 -68.778	7	  52.306	  -8.995	  38.016
183	 -68.326	7	  25.311	 -30.713	  21.416
184	 -67.185	5	  29.038	  -6.718	  52.576
185	 -66.635	7	  50.175	   6.732	 112.318
186	 -65.867	4	  24.416	   3.422	  22.686
187	 -64.326	6	  49.929	   7.277	  38.447
188	 -62.748	4	  41.897	   1.422	  88.486
189	 -61.394	6	 -18.832	  14.116	  34.974
190	 -59.530	4	  42.746	  15.349	  56.244
191	 -59.020	6	  39.566	  -5.570	 107.191
192	 -55.728	6	  18.904	  -4.891	  83.678
193	 -48.915	5	  10.321	  11.294	  83.671
194	 -47.669	5	  36.336	 -10.348	   9.052
195	 -40.781	4	  43.172	  10.660	  23.052
196	 -40.582	4	  12.929	  17.147	  31.249
197	 -38.727	4	  34.082	 -20.395	  40.792
198	 -38.530	4	  70.170	  24.629	  86.471
199	 -38.189	4	  32.435	  31.362	  88.835
200	 -38.070	4	  58.433	  26.724	  99.500
201	 -37.970	4	  26.884	  15.153	  98.291
202	 -37.881	4	  21.894	  -7.069	  -7.455
203	 -37.639	4	  19.400	   6.430	  53.798
204	 -37.441	4	   2.376	   0.416	  46.048
205	 -35.794	3	  32.220	  -5.171	  15.038
206	 -31.358	3	  60.908	   1.422	  51.011
207	 -29.954	3	  61.908	   5.775	 100.714
208	 -29.565	3	  18.508	 -19.264	  50.343
209	 -28.425	3	   7.237	  21.769	  25.345
210	 -28.307	3	  -4.098	  22.422	   3.038
211	 -27.862	3	  31.576	  -5.586	  -9.954
212	 -23.071	2	  33.502	  10.422	  95.632
213	 -21.543	1	   6.908	  -7.578	  24.038
214	 -21.053	2	  17.347	   4.983	  32.477
215	 -20.124	1	  -7.092	 -11.578	  17.038
216	 -19.512	2	   9.908	 -28.578	  15.518
217	 -19.484	2	  26.994	 -25.406	  13.667
218	 -19.386	2	 -15.600	   3.422	  36.038
219	 -19.294	1	  40.908	  -1.578	  42.038
220	 -19.289	2	  52.438	  -0.048	  82.568
221	 -19.230	2	  32.908	 -11.578	  -1.446
222	 -18.960	2	  34.908	  22.381	   6.599
223	 -18.832	2	  46.904	 -17.080	  71.536
224	 -18.501	2	  34.415	  12.929	  48.038
225	 -18.278	2	  37.913	 -21.074	  33.537
226	 -18.155	2	 -14.092	  -8.082	   8.542
227	 -18.061	2	  67.406	   2.422	  71.042
228	 -10.159	1	  45.908	  12.422	  71.038
229	  -9.775	1	  16.908	  16.422	  93.038
230	  -9.680	1	  36.908	  18.422	  21.038
231	  -9.049	1	  -5.092	  -1.578	  -5.962
232	  -8.930	1	  14.908	  -5.578	  48.038
