1	-1138.871	93	  60.683	 -26.646	 -26.704
2	-741.172	67	  68.466	 -16.240	 -13.787
3	-723.567	63	  44.569	  -8.852	 -33.076
4	-514.747	39	  73.136	 -23.880	 -20.581
5	-431.917	40	  85.837	 -23.205	  -0.449
6	-412.653	36	  72.024	  -0.938	 -23.543
7	-404.270	36	  49.662	  -0.330	 -26.398
8	-400.805	37	  66.593	 -28.648	 -11.986
9	-374.179	35	  52.599	 -15.822	 -37.942
10	-356.942	33	  85.538	 -36.163	 -11.403
11	-352.709	31	  79.659	 -39.938	 -17.877
12	-333.512	31	  47.188	 -21.159	 -21.878
13	-315.323	30	  56.578	 -42.819	 -27.941
14	-307.945	30	  92.484	 -16.721	  -4.942
15	-306.983	29	  63.690	 -47.740	 -34.108
16	-306.859	26	  67.574	 -17.409	 -26.438
17	-295.102	24	  58.521	 -21.957	 -13.790
18	-291.102	27	  93.161	 -27.569	  -4.172
19	-272.807	25	  61.189	  11.057	 -32.026
20	-248.833	20	  45.979	  -5.581	 -22.869
21	-247.500	24	  51.497	 -28.026	 -19.457
22	-241.354	24	  75.707	 -31.800	 -25.833
23	-237.943	23	  78.433	 -36.866	  -6.980
24	-237.102	22	  92.157	 -25.859	 -15.726
25	-229.581	21	  51.100	   7.576	 -35.335
26	-226.930	22	  75.907	 -12.676	 -24.418
27	-219.328	20	  71.240	 -35.513	 -10.702
28	-215.431	21	  54.544	   0.974	 -20.629
29	-213.474	20	  54.886	 -29.141	 -31.451
30	-193.351	19	  60.228	  -8.777	 -41.065
31	-188.150	15	  75.687	 -40.811	 -30.461
32	-187.124	17	  54.478	   1.000	 -42.586
33	-185.582	17	  46.699	 -19.503	 -32.972
34	-175.106	17	  51.678	  -8.620	 -16.724
35	-155.833	14	  48.515	  -8.647	 -40.057
36	-152.442	14	  66.460	   7.256	 -24.686
37	-151.182	14	  52.674	 -33.058	 -24.988
38	-147.264	13	  87.251	 -31.571	 -18.537
39	-144.170	13	  86.166	 -36.636	  -2.548
40	-140.145	14	  72.780	 -20.637	  -5.525
41	-138.642	14	  58.718	  -2.586	 -15.249
42	-128.324	11	  75.745	  -2.701	 -31.071
43	-128.232	12	  69.287	  -1.754	 -15.291
44	-126.099	12	  87.818	 -12.292	 -21.757
45	-119.085	12	  45.059	 -15.221	 -17.261
46	-116.714	12	  80.795	 -10.247	  -7.362
47	 -80.474	8	  78.100	 -47.409	 -22.488
48	 -76.670	8	  71.483	  -3.607	 -41.055
49	 -70.890	7	  59.044	 -37.014	 -36.473
50	 -70.083	7	  68.861	 -52.870	 -27.223
51	 -67.610	7	  84.304	 -23.323	 -24.184
52	 -60.122	6	  58.966	 -37.804	 -12.842
53	 -57.948	6	  68.683	 -12.317	 -35.281
54	 -55.339	5	  56.996	 -21.285	 -34.100
55	 -53.581	5	  66.410	 -42.847	 -13.599
56	 -43.206	4	  68.711	 -37.559	 -35.275
57	 -37.177	4	  73.702	 -51.348	 -35.409
58	 -29.868	3	  77.571	  -9.964	 -16.078
59	 -22.509	2	  38.716	  -8.660	 -22.599
60	 -19.362	2	  92.699	 -20.211	 -21.599
61	 -19.179	2	  84.216	 -15.134	   0.401
62	 -18.674	2	  65.247	   4.863	 -41.568
63	 -18.417	2	  94.216	 -14.660	 -16.092
64	 -18.080	2	  77.202	 -29.125	  -1.106
65	 -18.007	2	  61.216	   5.842	 -18.599
66	 -18.004	2	  84.216	 -40.163	 -25.096
67	  -9.778	1	  61.216	  12.340	 -41.599
