1	-893.651	82	   5.434	  33.317	  22.099
2	-546.595	51	  -4.524	  19.034	   0.138
3	-538.917	49	  14.412	  34.749	  19.988
4	-521.883	43	   2.911	  13.251	   2.890
5	-494.529	44	  -7.634	  29.389	  11.027
6	-399.691	36	  -0.602	  19.082	  23.834
7	-278.878	26	  -6.242	   9.366	  15.268
8	-278.296	25	   2.663	  38.692	  18.551
9	-251.407	24	 -11.652	  15.538	  13.190
10	-227.877	22	   9.006	  12.848	  22.781
11	-211.898	20	  10.474	  11.582	   4.993
12	-190.467	19	  18.998	  19.066	   8.066
13	-168.472	15	   8.194	  35.705	   0.614
14	-160.615	16	   3.492	   7.376	  12.061
15	-143.860	14	  17.420	  38.693	   8.298
16	-143.776	14	  24.334	  26.065	  13.715
17	-134.073	13	   4.738	  19.929	  -6.498
18	-127.133	13	  15.043	  24.718	  26.630
19	-119.942	12	  15.478	   9.454	  18.164
20	-104.966	11	  -8.819	  23.824	   3.006
21	 -89.437	9	  17.013	  31.331	   3.399
22	 -88.005	9	 -12.923	  26.310	  19.977
23	 -83.600	8	   1.792	  36.993	  -6.296
24	 -74.038	7	  -9.017	  22.856	  26.001
25	 -70.558	7	  11.993	  27.555	  -2.818
26	 -67.131	7	   9.039	  43.789	   5.537
27	 -60.707	6	  -1.330	  39.641	   8.929
28	 -58.818	6	  -2.738	  29.469	  -9.830
29	 -58.550	6	   7.819	  24.474	  26.960
30	 -56.705	6	  -5.367	  37.631	  16.693
31	 -49.781	5	  15.109	   6.919	  11.250
32	 -46.214	5	  25.436	  19.429	  22.166
33	 -38.653	4	  24.616	  17.366	  14.974
34	 -30.668	3	  -3.384	  38.461	  -0.366
35	 -28.136	3	  24.282	  32.801	  17.638
36	 -27.998	3	  -5.038	   8.804	   6.298
37	 -27.310	3	  13.622	  43.801	  14.968
38	 -20.500	2	  10.086	  19.271	  -1.026
39	 -18.787	2	  -6.894	  31.781	  26.484
40	  -9.686	1	   0.616	  24.801	  18.974
41	  -9.201	1	   4.616	  41.801	  24.974
