1	-917.238	85	   0.314	  50.156	 -11.113
2	-866.608	73	  20.712	  58.196	  -7.957
3	-864.613	67	  -3.987	  67.324	  10.552
4	-488.551	42	   7.943	  76.748	  -2.771
5	-482.923	43	 -17.168	  79.829	   5.889
6	-478.425	41	 -18.015	  66.037	  11.571
7	-458.467	41	 -15.255	  52.497	  -9.703
8	-450.834	41	  15.792	  39.096	   7.679
9	-444.071	40	  23.086	  31.570	  -8.482
10	-416.283	38	  29.320	  46.376	   5.439
11	-409.037	36	 -20.933	  49.502	   1.291
12	-395.541	39	   6.927	  40.825	  15.186
13	-364.768	33	  -4.731	  41.234	   2.174
14	-360.543	34	  29.037	  40.263	 -19.611
15	-345.729	33	   7.027	  79.042	   5.512
16	-340.290	30	  22.627	  35.618	 -19.044
17	-328.354	28	  -3.262	  48.306	  17.669
18	-305.596	28	  -9.083	  60.846	  16.024
19	-290.752	26	  35.928	  50.288	 -10.994
20	-288.746	26	   3.241	  58.116	  21.563
21	-284.465	19	  19.636	  50.525	   0.247
22	-284.335	23	 -22.909	  74.155	   6.935
23	-284.268	27	  27.545	  36.481	   1.207
24	-281.123	27	  -2.461	  61.275	 -18.518
25	-274.626	26	  26.557	  61.978	  -2.354
26	-268.836	25	 -14.868	  68.227	 -17.081
27	-268.694	25	   0.528	  83.790	  -5.718
28	-266.497	25	  28.042	  57.999	 -17.154
29	-265.698	23	 -14.248	  42.400	   3.091
30	-263.202	25	  -8.490	  82.367	   7.701
31	-256.388	23	  23.002	  63.403	   6.140
32	-247.151	23	   1.188	  39.362	  -2.848
33	-229.825	20	  13.198	  55.060	 -17.091
34	-226.614	21	  32.613	  38.160	 -11.135
35	-221.270	20	 -11.533	  59.771	 -17.497
36	-220.959	20	 -29.245	  70.222	  -1.436
37	-218.090	20	 -17.492	  58.431	  13.216
38	-215.637	20	  18.233	  64.765	  15.236
39	-210.241	21	 -24.381	  69.466	 -10.721
40	-206.913	20	 -21.927	  53.182	   8.632
41	-203.667	19	  33.463	  51.590	 -19.392
42	-200.430	19	   6.136	  52.946	 -18.012
43	-178.974	16	  -9.146	  41.672	  13.513
44	-176.064	17	   9.005	  72.552	  16.919
45	-163.885	15	  -6.974	  77.877	 -15.417
46	-158.329	15	  14.351	  65.587	  -9.949
47	-152.575	15	  23.216	  56.032	  17.529
48	-146.326	14	   4.306	  38.078	 -18.763
49	-144.159	13	   7.722	  33.447	  -3.670
50	-143.980	13	  -7.268	  47.665	  -4.857
51	-135.472	13	   3.595	  76.704	 -11.747
52	-125.364	12	 -16.685	  85.463	  -6.541
53	-120.585	12	 -25.630	  62.875	  -7.131
54	-118.936	11	 -14.409	  47.825	  18.127
55	-115.989	7	   5.513	  42.908	   8.256
56	-113.585	11	  14.318	  52.520	 -24.074
57	-112.697	11	 -17.893	  78.633	 -13.554
58	-112.163	11	 -11.903	  87.466	  -0.869
59	-109.380	11	  12.759	  37.067	 -23.887
60	-104.188	10	  16.696	  69.977	   8.098
61	-103.067	10	   4.064	  67.210	 -19.254
62	-101.865	10	 -13.424	  74.428	  14.031
63	-101.049	10	  28.551	  57.083	  11.164
64	 -88.428	9	  34.716	  56.263	  -2.462
65	 -87.274	9	  37.753	  47.278	  -1.727
66	 -83.177	8	  25.699	  48.332	  13.159
67	 -80.658	8	  18.599	  50.737	  20.313
68	 -78.016	7	  -9.179	  53.266	  23.621
69	 -71.230	7	  19.049	  67.593	  -2.189
70	 -69.267	7	   6.403	  50.404	  20.211
71	 -68.075	7	 -27.149	  79.121	   3.093
72	 -62.621	4	  30.415	  45.948	  -1.581
73	 -61.453	6	  22.693	  53.482	 -23.379
74	 -58.583	6	  20.467	  47.430	 -28.071
75	 -56.735	6	  10.800	  47.268	 -29.061
76	 -47.296	5	  10.408	  30.733	 -13.496
77	 -47.254	5	 -28.430	  61.184	   4.213
78	 -38.951	4	   2.042	  65.631	  22.941
79	 -31.052	3	   3.689	  69.121	   9.243
80	 -30.054	3	  -6.657	  86.121	  -9.377
81	 -28.963	3	  15.295	  29.810	  -1.782
82	 -27.888	3	   0.634	  35.197	 -12.108
83	 -22.023	1	   7.984	  51.121	  -7.059
84	 -20.032	2	   1.503	  81.563	   9.460
85	 -19.477	2	 -25.973	  79.686	  -4.537
86	 -19.325	1	   9.984	  53.121	  10.941
87	 -16.160	1	  11.984	  65.121	  -1.059
88	 -13.895	1	 -10.016	  73.121	  -1.059
89	 -12.543	1	  -5.016	  80.121	   0.941
90	 -10.745	1	 -23.016	  57.121	 -11.059
91	 -10.033	1	 -22.016	  43.121	   8.941
