1	-733.216	67	 -21.433	  27.229	   2.121
2	-709.472	58	 -30.973	  26.917	  11.362
3	-693.569	61	  -7.315	  22.248	  16.949
4	-623.211	56	 -12.660	   4.241	  22.116
5	-459.896	42	 -30.639	  18.490	  -2.173
6	-449.938	40	  -4.369	  11.380	  16.849
7	-381.843	34	  -5.791	  10.816	   6.660
8	-376.154	35	  -7.233	  14.243	  32.286
9	-359.016	34	 -31.847	   6.650	   2.103
10	-354.181	34	 -37.017	   9.044	  11.920
11	-340.836	31	 -11.700	  26.039	  10.920
12	-286.911	27	 -24.985	   0.405	   6.898
13	-286.647	26	  -1.849	   6.962	  23.690
14	-282.473	26	  -6.157	  26.799	  33.339
15	-272.359	25	 -17.601	   2.449	  -7.962
16	-249.863	23	  -4.926	  37.572	  28.843
17	-243.216	22	  -9.312	   0.982	  -1.793
18	-240.799	22	 -37.544	  22.572	   9.606
19	-240.512	22	   2.650	  24.609	  27.157
20	-238.324	20	 -29.858	  31.885	  19.823
21	-237.585	21	  -2.944	  38.803	  20.644
22	-233.644	23	 -19.158	  10.265	  24.818
23	-210.213	19	 -17.725	  41.594	  25.350
24	-201.934	17	 -19.969	  29.912	  34.583
25	-200.354	20	 -16.688	  -0.153	   8.639
26	-187.912	19	 -15.225	  38.400	  31.609
27	-186.724	18	 -39.694	  26.301	  18.863
28	-185.576	18	 -29.920	  28.241	  28.839
29	-183.511	15	 -26.224	  19.352	  -8.590
30	-178.891	17	   4.163	  22.698	  19.164
31	-173.493	17	  -5.454	   6.933	  -3.666
32	-155.087	14	 -29.624	   7.456	  21.670
33	-149.733	15	 -23.106	  39.409	  17.800
34	-146.881	15	   2.574	  15.353	  26.901
35	-139.660	14	 -12.357	  14.938	 -18.022
36	-132.295	13	  -2.314	  -2.075	   4.705
37	-131.716	12	  -7.513	  18.521	  -7.946
38	-129.002	12	  -4.377	  -1.122	  16.563
39	-126.546	12	 -20.323	  18.077	 -15.329
40	-112.131	11	 -33.198	  17.609	  30.005
41	-109.070	10	 -35.750	   9.193	  25.985
42	-108.496	11	 -23.326	   9.416	 -13.655
43	-100.534	10	 -20.617	  21.723	  36.125
44	 -97.236	9	 -12.819	  35.264	  17.962
45	 -91.199	9	 -25.987	  35.437	  28.078
46	 -91.180	9	  14.362	  18.269	  22.218
47	 -90.683	9	   7.427	  35.630	  25.983
48	 -86.568	9	   8.250	  15.117	  15.265
49	 -80.007	7	 -38.799	  18.851	  24.682
50	 -79.162	8	 -13.650	  24.510	 -10.409
51	 -65.107	6	 -39.181	  13.494	  17.315
52	 -56.777	6	 -20.200	  26.813	 -11.409
53	 -46.756	5	 -29.923	  11.236	  -7.163
54	 -39.705	4	  -8.285	   7.789	 -14.259
55	 -37.879	4	   2.512	  44.760	  23.464
56	 -37.502	4	  -9.785	  22.524	  40.225
57	 -36.734	4	 -20.525	   0.524	  19.977
58	 -29.882	3	 -27.536	  28.028	  -6.542
59	 -29.240	3	 -23.026	  14.995	  30.812
60	 -28.393	3	  -4.232	  21.700	   1.809
61	 -27.793	3	  -5.886	  31.016	  15.808
62	 -21.406	2	 -27.492	  34.072	   9.992
63	 -18.384	2	 -38.536	  27.540	  26.481
64	 -18.243	2	 -14.031	   7.028	 -19.519
65	 -18.056	2	  14.966	   8.530	  14.974
66	 -14.697	1	 -21.536	  21.028	  16.481
67	  -9.261	1	   9.464	  10.028	  23.481
68	  -9.036	1	 -11.536	  23.028	  -1.519
