1	-1198.854	94	  30.077	 122.103	  12.650
2	-1125.181	93	  31.645	 116.899	  20.808
3	-1026.095	72	  29.859	 112.534	   7.360
4	-889.992	77	  29.460	 102.007	   0.344
5	-865.450	72	   4.290	 114.110	   4.382
6	-791.208	70	   5.005	 144.350	 -20.327
7	-715.952	64	  35.716	 133.575	   4.886
8	-694.482	57	  -5.492	 125.754	   4.335
9	-690.030	62	  29.183	 123.842	 -16.533
10	-645.728	57	  12.609	 135.288	  19.997
11	-645.594	57	  15.888	 129.291	  -4.329
12	-640.505	58	  28.971	 111.215	  -7.671
13	-627.010	59	  10.895	 111.840	 -17.861
14	-605.584	43	  26.750	 131.774	 -13.049
15	-605.328	51	  22.117	 113.520	  24.246
16	-598.293	49	  38.788	 106.797	  -7.871
17	-579.154	53	  15.122	 120.779	 -26.317
18	-571.799	56	  19.611	 149.283	  -4.298
19	-569.836	53	  19.531	 101.226	   2.135
20	-545.239	50	  45.393	 103.480	   0.640
21	-515.447	46	   2.122	 152.078	  -9.715
22	-500.148	49	  42.606	 116.794	  19.484
23	-499.387	43	  21.137	  99.472	  17.547
24	-462.040	41	  46.518	 125.537	   6.989
25	-459.596	41	  -5.932	 130.078	 -19.868
26	-436.550	37	   8.266	 100.791	   5.881
27	-432.766	40	  32.575	 116.915	 -11.110
28	-424.127	35	  22.792	 159.166	 -18.493
29	-422.473	33	  22.326	 124.802	  28.685
30	-411.997	36	  16.136	 136.971	  -8.436
31	-410.415	38	  30.441	 143.092	 -29.756
32	-393.488	37	   1.586	 114.457	 -16.308
33	-393.418	36	  11.809	 105.772	  -8.614
34	-382.741	35	  23.930	 131.259	   4.794
35	-381.379	36	  38.028	  94.056	   3.706
36	-348.155	33	  21.282	 104.608	  -5.649
37	-330.160	31	  13.857	 141.981	   4.737
38	-329.239	31	  11.873	 103.573	  14.869
39	-319.542	29	   5.702	 146.664	   5.410
40	-319.541	29	  -1.089	 138.634	 -20.042
41	-313.086	28	  34.860	 129.358	  20.199
42	-299.081	25	  13.158	 113.088	  17.977
43	-295.333	28	  25.143	 130.938	 -21.719
44	-295.209	28	  11.878	 140.790	 -25.093
45	-285.069	26	   4.730	 113.559	  -8.374
46	-278.467	25	   3.687	 121.227	 -27.926
47	-270.871	26	  40.347	 143.288	 -11.707
48	-266.359	25	  19.075	 164.589	  -7.110
49	-260.604	23	  15.939	 120.454	  31.938
50	-259.170	25	  25.618	 136.681	  15.492
51	-256.247	23	  26.508	 152.873	 -10.678
52	-255.312	23	  29.969	 152.017	 -19.426
53	-244.033	21	  -5.048	 141.137	   4.687
54	-224.255	21	  43.584	 136.394	  -3.008
55	-219.909	20	  -5.203	 148.365	  -2.456
56	-218.541	20	  22.073	 138.018	 -25.277
57	-217.286	20	   9.026	 131.672	  26.734
58	-214.798	20	   1.613	 143.763	  12.734
59	-202.573	19	   7.718	 129.957	 -27.161
60	-202.038	16	   9.844	 146.512	 -15.222
61	-201.499	18	   6.430	 116.967	  28.376
62	-200.697	19	  -6.641	 130.824	  12.631
63	-195.234	19	  -4.125	 124.848	  15.546
64	-191.830	19	  18.395	 130.571	  33.621
65	-189.491	18	  25.334	  90.541	   2.491
66	-189.321	18	   8.703	 165.074	 -20.454
67	-189.220	17	  23.387	 130.349	  -3.147
68	-180.563	18	  35.153	 101.607	  19.609
69	-180.327	18	  -5.170	 114.371	 -21.354
70	-177.587	18	   1.993	 125.624	  29.939
71	-176.524	16	  -9.530	 130.447	  -0.993
72	-166.424	16	   3.776	 117.890	  22.009
73	-165.420	16	  46.250	 131.908	  -8.510
74	-160.524	16	  15.192	 141.204	  14.766
75	-158.062	15	 -11.678	 121.960	  -8.508
76	-157.043	16	  20.760	 165.955	 -17.870
77	-151.152	14	  22.629	 114.796	 -20.878
78	-149.608	12	   7.258	 159.700	 -13.462
79	-147.050	15	  41.467	 116.897	 -17.769
80	-145.754	13	  -0.069	 133.936	  19.972
81	-143.145	13	  47.745	 107.546	  11.467
82	-142.790	14	  47.586	 120.939	 -12.116
83	-140.936	15	  34.534	 145.055	  -2.213
84	-140.335	14	   1.280	 107.205	  14.447
85	-138.206	14	  37.588	 125.226	 -23.940
86	-137.452	13	  50.107	 118.316	  -1.757
87	-134.732	13	  44.319	 135.465	 -16.092
88	-126.716	13	  15.370	 161.705	 -28.909
89	-125.124	12	  -9.949	 133.623	 -15.483
90	-122.638	12	  21.888	 142.975	 -32.238
91	-119.840	11	  15.079	  95.768	  11.031
92	-118.932	12	   4.523	 157.795	 -24.971
93	-113.799	11	  -1.272	 116.443	  10.655
94	-108.768	9	  -6.079	 143.258	 -12.240
95	-106.792	11	  12.264	 150.690	 -32.160
96	-100.159	9	  10.570	 122.137	  36.393
97	 -90.194	9	 -12.796	 123.017	 -15.928
98	 -82.133	8	  28.465	 152.990	 -29.859
99	 -78.787	8	  44.366	 100.983	  18.118
100	 -71.821	7	  50.372	 127.553	  -1.423
101	 -69.310	7	  27.137	  90.050	  16.904
102	 -60.180	6	  19.522	 136.264	  26.272
103	 -58.696	6	  20.992	  89.243	   9.606
104	 -56.415	6	  52.206	 110.394	  -3.957
105	 -53.784	5	  46.199	 127.747	 -18.105
106	 -48.814	5	  -6.044	 123.579	 -23.740
107	 -48.775	5	  27.158	 117.527	  31.180
108	 -48.106	5	  30.162	  92.925	  -2.625
109	 -45.912	5	  39.558	 123.117	  21.765
110	 -44.598	4	  20.621	 137.759	 -16.381
111	 -41.800	4	  -6.551	 113.735	 -10.543
112	 -39.599	4	   8.400	 156.668	  -1.041
113	 -39.299	4	  -8.628	 118.458	  -1.899
114	 -37.384	4	  31.122	 133.981	 -28.871
115	 -36.789	4	  39.882	 137.485	 -27.138
116	 -31.081	3	  -4.018	 117.802	 -28.540
117	 -30.520	3	 -11.575	 142.940	  -6.473
118	 -29.829	3	 -13.616	 135.413	  -5.289
119	 -28.909	3	  23.335	 110.043	 -14.960
120	 -28.579	3	  33.036	  84.735	   5.059
121	 -27.757	2	  38.372	 141.207	 -20.625
122	 -27.235	3	  20.028	 151.071	 -33.289
123	 -20.764	2	  50.372	 116.236	  10.874
124	 -20.394	2	   6.372	 103.192	  -2.116
125	 -19.792	2	   2.854	 114.735	  35.857
126	 -19.756	2	  26.892	 103.776	  24.895
127	 -13.564	1	  19.372	 121.735	  19.375
128	 -10.372	1	  33.372	 125.735	  -4.625
129	 -10.040	1	  26.372	 132.735	  27.375
130	  -9.779	1	  -0.628	 114.735	  -1.625
131	  -9.622	1	  36.372	 136.735	  11.375
132	  -9.233	1	  27.372	 159.735	  -6.625
133	  -9.202	1	  25.372	 141.735	  -1.625
134	  -9.065	1	   7.372	 113.735	 -28.625
