1	-1713.892	154	  36.147	  32.017	   9.182
2	-1536.769	128	  35.462	  52.422	  18.596
3	-1068.822	87	   8.759	  46.610	  21.287
4	-674.232	51	  52.803	  43.368	  -7.428
5	-502.629	44	  17.778	  55.242	  38.651
6	-495.588	44	  61.398	  25.825	   0.974
7	-459.313	42	  15.510	  38.278	  26.113
8	-442.752	40	   7.932	  60.589	  30.098
9	-426.619	38	  57.337	  45.956	   3.084
10	-374.440	34	  60.891	  36.208	  10.364
11	-365.955	32	  22.258	  42.271	  35.848
12	-363.061	32	  32.180	  36.421	  -4.797
13	-336.585	29	  58.614	  37.159	  -0.542
14	-330.122	29	  47.505	  44.280	 -13.869
15	-318.200	30	  49.022	  13.858	  -2.515
16	-315.040	28	  38.791	  62.844	  16.680
17	-314.055	29	  36.908	  34.318	  32.917
18	-312.078	28	  24.375	  57.097	   7.648
19	-307.076	30	  37.783	  67.418	  30.151
20	-305.515	30	  56.149	  46.298	 -12.627
21	-296.195	28	  40.862	  26.467	  22.871
22	-295.650	28	  54.730	  37.199	  24.844
23	-295.163	25	  43.215	  56.870	   5.214
24	-293.486	26	   6.580	  50.748	  13.868
25	-292.642	29	  48.527	  57.170	  22.370
26	-277.939	28	  40.814	  13.319	   8.683
27	-275.870	19	  42.726	  42.237	  22.528
28	-263.557	24	  30.456	  47.421	  -0.544
29	-260.225	24	  39.692	  23.692	  -9.246
30	-250.994	17	  39.639	  36.064	  22.348
31	-249.391	23	  60.933	  33.550	  19.055
32	-236.941	23	  30.884	  39.331	  39.983
33	-235.292	19	  15.790	  46.363	  31.486
34	-222.822	21	  26.479	  50.512	  43.003
35	-220.692	21	  57.384	  31.251	 -13.203
36	-219.555	21	  20.893	  29.851	  28.971
37	-212.839	20	  59.400	  49.772	  11.835
38	-212.317	20	  45.560	  49.292	  28.290
39	-211.944	21	  49.406	  52.410	  -6.673
40	-200.963	20	  32.640	  23.111	  20.924
41	-197.961	19	  24.003	  69.916	  32.801
42	-197.061	19	  32.005	  67.658	  14.904
43	-190.953	18	  58.912	  45.036	  19.940
44	-190.189	17	  19.837	  30.054	  19.450
45	-189.274	18	  53.112	  23.873	  23.777
46	-180.903	17	  21.947	  32.233	   9.655
47	-177.956	17	  61.898	  24.766	  11.924
48	-176.434	16	  22.001	  66.931	  16.256
49	-172.019	16	  23.313	  46.465	   4.166
50	-170.532	17	  28.325	  30.155	  33.107
51	-164.912	13	  28.959	  38.279	   7.894
52	-148.264	11	  34.960	  50.466	   7.876
53	-145.553	15	  30.394	  72.071	  23.967
54	-145.087	14	  30.902	  22.629	  -1.700
55	-140.341	13	  37.347	  55.463	  44.612
56	-139.718	14	  10.311	  39.705	  13.265
57	-134.524	13	  40.386	  47.134	  40.303
58	-133.272	13	  30.898	  56.361	   1.907
59	-128.495	13	   0.341	  46.667	  16.743
60	-128.146	12	  30.668	  66.710	  40.662
61	-127.765	13	  58.940	  24.250	 -11.321
62	-117.452	11	  57.386	  37.599	 -19.407
63	-113.271	11	  24.399	  38.361	  -1.077
64	-113.244	11	  51.630	  10.732	   6.870
65	-108.182	10	  53.587	  53.233	   6.836
66	-107.478	10	   7.058	  52.600	  28.521
67	-106.291	11	  15.320	  48.989	   7.129
68	-105.893	11	  36.709	  46.200	  -7.524
69	-103.081	10	  31.832	  20.345	   9.671
70	 -99.505	10	  58.477	  14.914	  -1.764
71	 -98.447	10	  -0.076	  55.807	  23.188
72	 -94.942	10	  44.933	  36.357	  29.195
73	 -91.782	9	  22.540	  65.545	  41.119
74	 -89.938	9	  15.793	  68.770	  23.171
75	 -88.674	9	  25.056	  60.108	  45.700
76	 -85.859	8	  57.813	  16.406	  17.763
77	 -79.491	8	  40.867	  35.212	 -14.320
78	 -72.751	7	  62.605	  16.285	   6.079
79	 -70.561	7	  12.286	  60.099	  12.169
80	 -69.103	7	  36.832	  14.976	  -1.675
81	 -66.839	7	  12.230	  34.110	  18.779
82	 -65.972	7	   6.284	  63.517	  20.743
83	 -62.040	6	  49.735	  58.218	  11.256
84	 -58.299	6	  48.569	  34.509	 -18.224
85	 -54.145	5	  50.091	  43.618	  25.129
86	 -50.186	4	  42.617	  51.296	  10.568
87	 -49.707	5	  64.411	  30.036	  -7.180
88	 -47.897	5	  40.966	  38.847	  37.661
89	 -47.618	5	  12.864	  65.239	  38.595
90	 -39.454	4	  49.828	  22.079	 -13.962
91	 -29.403	3	  33.076	  29.565	 -12.403
92	 -29.198	3	   3.988	  57.534	  15.597
93	 -28.769	3	  45.746	  52.894	  38.903
94	 -28.141	3	  33.061	  64.237	   8.263
95	 -19.657	2	  44.411	  21.741	  17.597
96	 -18.749	2	  43.446	  62.677	  32.666
97	 -13.304	1	  40.411	  21.229	   8.597
98	 -11.723	1	  27.411	  34.229	  15.597
99	  -9.985	1	  38.411	  63.229	  40.597
100	  -9.344	1	  46.411	  28.229	   4.597
101	  -8.970	1	  49.411	  13.229	  19.597
