1	-1401.349	112	  67.763	 109.645	  33.985
2	-1229.600	95	  77.718	 121.999	  16.352
3	-968.598	88	  73.862	 140.567	  35.256
4	-923.270	75	  56.999	 153.844	  31.505
5	-761.671	67	  55.554	 127.406	  19.306
6	-705.643	62	  60.222	 136.338	   8.532
7	-694.290	59	  62.168	 122.887	  10.009
8	-668.282	60	  56.776	 122.665	  36.826
9	-639.814	43	  74.850	 142.530	  24.761
10	-636.252	61	  88.036	 115.583	  19.496
11	-635.433	55	  70.987	 143.521	  11.757
12	-634.074	61	  78.601	 143.414	  15.712
13	-604.572	56	  76.159	 104.231	  35.906
14	-600.211	42	  63.853	 120.657	  23.718
15	-577.001	52	  50.960	 111.275	  23.994
16	-537.693	35	  78.368	 112.474	  26.138
17	-532.762	50	  65.693	  93.283	  39.979
18	-498.912	46	  70.257	 161.504	  40.481
19	-477.522	43	  63.481	  94.340	  12.519
20	-465.461	41	  86.714	 104.458	  14.566
21	-463.910	42	  76.525	 155.612	  14.514
22	-457.522	42	  56.275	 170.668	  10.060
23	-448.436	43	  78.405	 152.096	  37.712
24	-433.962	39	  86.811	 111.020	  40.109
25	-425.362	39	  84.061	 136.417	  37.546
26	-400.537	38	  67.900	 107.907	   7.107
27	-384.941	37	  55.446	 145.734	  44.246
28	-382.427	36	  71.740	 164.012	   8.224
29	-361.014	34	  82.600	 106.160	  31.997
30	-360.331	32	  72.202	 120.538	   8.611
31	-349.390	32	  56.259	 162.618	   3.610
32	-340.356	30	  82.293	 108.947	   7.983
33	-332.611	32	  91.717	 141.795	  15.411
34	-330.270	28	  57.094	 102.673	  12.686
35	-329.994	30	  65.051	 117.023	  40.627
36	-324.736	31	  81.665	 162.167	  24.233
37	-323.553	29	  62.895	  85.721	  22.551
38	-322.056	31	  56.569	  87.320	  34.111
39	-307.478	29	  65.024	 152.026	   6.375
40	-306.613	28	  52.805	 121.213	  26.740
41	-304.350	28	  51.419	 149.113	  38.389
42	-302.015	28	  79.423	 113.610	  44.872
43	-299.017	30	  57.557	 113.799	  45.230
44	-290.653	26	  73.422	  94.574	   9.042
45	-287.947	28	  83.766	 147.627	  25.853
46	-282.750	27	  74.363	 127.108	  42.720
47	-281.235	27	  68.781	 172.657	  11.364
48	-269.512	25	  94.582	 121.489	  41.414
49	-263.871	24	  92.724	 132.067	  13.157
50	-262.471	24	  68.295	 137.257	  39.656
51	-260.493	26	  64.274	 175.348	  21.349
52	-258.002	22	  52.003	  99.911	  21.290
53	-247.143	24	  75.248	 172.296	  23.184
54	-244.444	24	  76.716	  86.108	  24.369
55	-239.672	23	  52.645	 146.127	  13.257
56	-236.167	22	  62.119	 127.964	  38.001
57	-234.074	22	  82.030	  92.935	  13.399
58	-225.635	23	  85.791	 109.073	  26.006
59	-222.426	22	  79.797	 121.328	  46.767
60	-218.057	20	  92.867	 139.506	  31.237
61	-217.765	12	  64.775	 136.686	  23.796
62	-213.116	20	  51.364	 140.153	  34.255
63	-202.811	19	  87.386	 126.315	  43.899
64	-188.155	19	  84.589	  94.029	  24.363
65	-183.235	18	  49.961	 101.712	  33.326
66	-177.435	18	  99.475	 131.297	  30.008
67	-173.721	16	  52.925	 133.662	  25.840
68	-173.425	17	  76.136	 165.959	  35.067
69	-168.952	17	  70.152	 126.377	   3.442
70	-161.449	15	  97.845	 133.768	  19.215
71	-159.302	15	  53.372	 153.679	   7.976
72	-144.277	13	  83.951	 131.247	   3.612
73	-143.464	11	  53.364	 142.698	  22.984
74	-139.841	12	  52.022	 160.888	  22.191
75	-139.302	14	  53.690	 118.252	  10.323
76	-138.874	14	  62.474	 105.799	  45.519
77	-136.826	12	  59.615	 169.175	  29.501
78	-133.673	13	 100.731	 122.772	  30.964
79	-128.676	12	  55.223	 133.702	  38.655
80	-126.147	12	  75.796	 106.858	   4.515
81	-123.586	12	  95.054	 136.131	  38.269
82	-121.936	12	  75.677	  91.847	  37.130
83	-119.019	12	  68.014	  85.408	  14.107
84	-117.399	12	  64.367	 170.565	  36.420
85	-111.207	11	  63.015	 140.371	  43.893
86	-106.891	10	  67.634	  86.288	  33.454
87	 -98.909	10	  98.170	 126.007	  18.411
88	 -89.588	9	  95.406	 115.040	  31.841
89	 -86.731	9	  62.474	 153.956	  46.089
90	 -81.210	7	  51.623	 136.262	  10.300
91	 -80.473	7	  51.651	 120.682	  18.645
92	 -78.204	8	  52.643	  93.730	  33.954
93	 -74.859	8	  78.722	 124.581	   4.519
94	 -70.935	7	  50.426	 118.986	  41.501
95	 -70.906	7	  72.077	 135.160	   4.135
96	 -69.776	7	  56.891	 159.701	  37.874
97	 -66.018	7	  50.091	 168.729	  14.148
98	 -63.989	6	  88.272	 125.153	   9.980
99	 -59.639	6	  97.861	 138.580	  25.032
100	 -59.601	6	  49.916	 156.059	  16.328
101	 -58.404	6	  50.348	 110.026	  42.359
102	 -55.782	4	  59.557	 129.859	  26.467
103	 -55.546	5	  81.551	 163.884	  15.401
104	 -52.203	5	  53.358	  89.762	  22.724
105	 -48.908	5	  50.175	 149.322	  23.386
106	 -43.290	4	  59.272	 143.032	  15.737
107	 -39.871	4	  46.998	 160.106	   9.739
108	 -38.398	3	  66.159	 128.017	  31.556
109	 -37.356	4	  58.242	 109.181	   7.462
110	 -22.360	2	  94.338	 129.729	  42.980
111	 -22.183	2	  68.757	 138.246	  16.980
112	 -18.977	2	  79.757	  99.229	  40.980
113	 -18.642	2	  85.757	 160.229	  34.980
114	 -18.493	2	  83.268	  98.240	   6.980
115	 -14.245	1	  64.757	 159.729	  29.980
116	 -13.770	1	  60.757	 114.729	  15.980
117	 -12.871	1	  69.757	 100.729	  31.980
118	  -9.914	1	  77.757	  83.729	  14.980
119	  -9.776	1	  85.757	 125.729	  20.980
120	  -9.529	1	  69.757	 150.729	  47.980
121	  -9.316	1	  62.757	 169.729	   2.980
122	  -9.262	1	  48.757	 139.729	  42.980
123	  -8.972	1	  54.757	  97.729	  45.980
124	  -8.908	1	  49.757	 154.729	  31.980
