1	-1384.780	114	  66.745	  25.844	 136.041
2	-1287.601	104	  93.714	  15.102	 182.707
3	-1287.407	105	  61.090	   8.332	 151.191
4	-1273.751	104	 111.002	  30.448	 148.581
5	-1263.190	102	  77.666	  32.369	 180.071
6	-1238.477	99	 105.087	  10.197	 138.334
7	-1153.723	90	  90.051	  20.590	 153.866
8	-1006.768	88	  87.701	   8.342	 167.592
9	-918.177	80	  77.997	   5.395	 152.767
10	-897.600	72	  81.149	  21.721	 153.451
11	-872.360	80	  84.462	   6.459	 130.130
12	-854.213	75	  86.634	  15.450	 160.028
13	-847.525	73	 111.222	  13.758	 168.947
14	-830.782	74	 107.715	  34.173	 170.196
15	-785.155	71	  60.609	  30.347	 166.187
16	-744.238	66	  84.804	  35.460	 164.788
17	-719.343	63	  64.713	  10.619	 172.846
18	-691.257	49	  72.966	  18.399	 148.233
19	-634.789	44	  86.141	  22.417	 171.375
20	-631.548	43	  99.155	  20.268	 148.294
21	-621.653	44	  58.431	  16.166	 140.352
22	-609.529	50	  96.775	   6.040	 152.216
23	-599.853	42	  85.956	  24.585	 187.827
24	-584.882	39	 110.267	  23.987	 169.965
25	-576.289	49	  95.029	  35.098	 148.145
26	-570.558	52	  61.802	  38.563	 186.853
27	-563.905	50	  62.139	  11.444	 183.430
28	-547.833	53	  84.880	  26.476	 125.155
29	-546.865	37	 113.637	  20.329	 140.068
30	-546.322	35	  86.095	  16.812	 128.061
31	-544.107	46	  79.045	   6.453	 165.173
32	-544.006	48	  77.824	  32.159	 148.457
33	-512.125	48	 104.802	   2.172	 121.655
34	-497.008	45	 109.457	  11.256	 191.029
35	-496.946	45	  47.522	   2.637	 162.236
36	-491.734	46	  52.460	  18.204	 134.499
37	-484.539	45	  82.362	  13.115	 199.618
38	-480.026	46	  88.063	  22.430	 195.841
39	-468.093	40	  74.714	  34.418	 157.802
40	-465.982	41	  50.140	  29.472	 162.858
41	-447.961	40	  85.063	   4.593	 147.696
42	-445.131	41	 124.911	  38.729	 157.472
43	-442.098	41	 121.023	  24.091	 137.672
44	-439.526	40	  67.195	  29.302	 118.401
45	-435.546	36	  91.267	  28.653	 128.451
46	-424.801	38	  46.593	  27.531	 137.451
47	-423.021	40	 125.289	   8.316	 140.029
48	-418.917	39	  98.292	  -2.495	 142.151
49	-412.690	38	  87.091	  33.348	 144.047
50	-412.104	41	  85.271	  27.882	 154.788
51	-404.256	38	  83.137	  39.764	 174.632
52	-404.082	36	  68.974	  35.190	 140.709
53	-403.871	39	  65.590	  37.026	 122.309
54	-402.534	37	  89.519	   7.237	 179.315
55	-399.075	37	 104.513	  37.212	 146.267
56	-396.240	35	  97.047	   7.564	 161.178
57	-396.166	37	 104.015	   3.543	 145.693
58	-391.080	36	  88.857	  38.941	 196.265
59	-386.962	37	  82.720	  29.938	 195.147
60	-385.946	38	 105.224	  -2.705	 133.709
61	-383.224	35	  52.590	   1.867	 133.698
62	-381.679	38	  76.207	  33.935	 189.923
63	-374.680	34	  67.463	   7.558	 192.767
64	-373.500	34	  50.545	  10.411	 139.660
65	-372.205	37	  62.009	  22.670	 199.837
66	-366.902	32	  96.566	  27.123	 119.908
67	-364.686	35	  84.759	   1.522	 137.712
68	-358.696	33	  65.191	  35.537	 162.139
69	-354.337	34	  73.071	  -0.665	 136.910
70	-353.465	31	 110.678	  35.319	 182.638
71	-351.449	32	  83.822	   5.996	 192.324
72	-349.775	35	 119.433	  25.561	 174.876
73	-347.326	33	 116.826	  14.120	 182.323
74	-343.917	33	  60.040	  11.505	 114.229
75	-341.713	32	 124.807	  36.019	 168.389
76	-340.109	32	  70.193	   4.657	 170.542
77	-339.081	29	  93.781	  37.047	 161.985
78	-338.874	31	 116.110	  29.612	 187.245
79	-333.668	31	 115.281	  31.423	 119.659
80	-331.760	32	 113.894	   4.810	 157.066
81	-331.439	32	  86.983	  43.800	 188.521
82	-330.071	31	 127.200	   6.682	 156.535
83	-327.460	32	  35.997	  18.070	 154.671
84	-326.378	33	 113.025	   9.808	 131.958
85	-322.972	31	 104.744	   3.350	 190.900
86	-317.645	31	  85.937	  15.208	 117.804
87	-316.971	28	  66.729	  -1.390	 124.290
88	-315.753	31	 112.239	  18.866	 113.516
89	-313.036	31	  53.149	  18.448	 175.484
90	-311.246	29	  39.008	  28.660	 147.373
91	-307.390	28	 113.843	  43.487	 148.010
92	-305.683	30	 135.956	  22.084	 154.351
93	-303.378	29	  69.311	  -3.348	 158.428
94	-300.251	28	 106.115	  34.274	 120.279
95	-299.254	28	  94.366	   2.435	 177.110
96	-298.043	28	 106.345	   7.107	 166.350
97	-296.766	28	  99.219	  36.062	 132.310
98	-296.232	28	  75.173	   5.642	 181.694
99	-290.006	27	  54.785	  21.131	 188.981
100	-289.731	29	 120.303	  30.962	 145.036
101	-288.491	27	  94.868	   4.068	 117.533
102	-287.429	28	  95.453	  16.054	 194.056
103	-286.663	25	 122.775	  14.058	 165.167
104	-283.133	27	  44.512	  33.281	 153.169
105	-280.554	25	  74.441	  12.704	 114.357
106	-280.117	27	  97.775	  41.697	 177.105
107	-279.904	25	  68.798	   1.320	 150.048
108	-279.705	26	 132.598	   9.583	 149.802
109	-278.789	24	 119.372	  32.622	 131.263
110	-278.619	27	  76.171	  43.991	 171.323
111	-278.174	26	 119.057	  14.810	 134.546
112	-276.689	22	  74.837	   5.774	 121.362
113	-276.221	27	  57.893	  24.798	 128.882
114	-273.346	26	  70.240	  12.104	 201.093
115	-272.945	26	  87.399	  33.651	 133.523
116	-272.905	25	 101.884	  38.901	 166.756
117	-267.619	17	  62.188	  20.164	 170.110
118	-265.250	26	 109.607	  29.160	 199.522
119	-262.733	25	  77.391	  26.819	 114.711
120	-257.730	23	  41.741	  19.407	 166.518
121	-252.665	24	  58.366	  35.228	 152.948
122	-251.393	24	  63.509	  36.173	 130.979
123	-247.717	21	  52.827	  34.696	 139.067
124	-245.840	24	 106.435	  -3.753	 126.570
125	-243.232	23	  51.423	  31.377	 183.256
126	-240.911	23	  95.969	   5.176	 188.233
127	-229.507	23	  77.293	  40.320	 137.490
128	-228.060	13	  71.468	  20.848	 164.269
129	-223.845	20	 129.474	  24.303	 166.751
130	-220.095	22	  94.134	  45.622	 184.671
131	-218.624	20	 118.702	   2.372	 143.919
132	-217.760	21	 120.862	  45.172	 152.631
133	-216.167	21	  50.078	   6.579	 146.894
134	-208.448	20	  69.965	  33.752	 150.971
135	-203.220	19	  98.195	  17.126	 113.286
136	-187.932	11	 100.142	  22.589	 164.135
137	-186.706	18	 104.146	  42.389	 189.937
138	-185.379	18	  53.270	   7.673	 171.866
139	-184.869	19	  89.239	   6.671	 122.437
140	-182.495	17	  69.131	  45.005	 178.311
141	-181.431	18	 103.058	  44.119	 157.096
142	-176.183	17	  70.869	   6.319	 113.825
143	-173.843	16	 112.650	  38.520	 133.958
144	-170.752	9	  86.117	  18.286	 139.734
145	-165.692	16	 105.238	  42.872	 150.099
146	-164.323	16	  83.056	   6.744	 172.813
147	-162.151	16	 101.133	  23.787	 111.594
148	-156.680	16	  51.778	   8.626	 123.227
149	-153.506	14	  58.567	  -2.715	 138.892
150	-153.335	14	  46.041	   9.181	 172.260
151	-153.234	16	 120.319	  22.748	 122.408
152	-148.515	13	  52.030	  -0.976	 154.574
153	-146.742	15	 117.270	  34.706	 169.789
154	-144.000	14	  40.599	   8.280	 163.135
155	-141.400	14	  41.010	   3.303	 152.860
156	-141.305	14	  65.591	  36.614	 196.331
157	-140.602	9	  88.160	  25.297	 162.707
158	-139.665	14	  98.504	  31.999	 202.598
159	-136.458	13	 114.952	  20.871	 193.780
160	-132.606	13	  58.178	  -4.180	 159.496
161	-131.287	13	  57.421	  32.626	 191.833
162	-125.126	12	 132.078	  16.302	 165.287
163	-120.168	12	 104.771	  14.487	 199.617
164	-117.550	12	  57.668	  26.937	 117.824
165	-117.480	11	  67.044	  22.688	 112.868
166	-117.235	11	  57.956	  -0.069	 121.389
167	-116.079	11	 131.271	  33.441	 160.084
168	-110.303	11	  55.926	  32.518	 175.966
169	-109.222	11	  53.270	  25.772	 173.336
170	-109.050	11	 132.379	  18.680	 143.222
171	-106.494	11	 130.944	  35.008	 149.314
172	-105.370	10	 106.158	  40.111	 179.045
173	-103.971	10	  76.630	   1.481	 127.478
174	-101.447	10	  51.903	  37.455	 148.910
175	 -99.926	10	  65.275	  -5.421	 133.740
176	 -97.983	9	  90.322	  33.469	 156.250
177	 -97.466	10	 114.526	   5.169	 120.837
178	 -97.007	9	 105.439	   7.340	 114.927
179	 -89.440	8	 103.137	  39.704	 198.848
180	 -80.236	8	  40.039	  27.507	 163.617
181	 -79.967	8	  60.873	  35.350	 141.882
182	 -79.365	8	  73.775	  21.702	 203.250
183	 -79.244	8	  40.233	  17.907	 142.868
184	 -74.983	8	  96.528	  42.808	 196.258
185	 -74.227	7	  56.906	  12.283	 192.104
186	 -72.515	7	 116.636	   9.045	 164.397
187	 -69.166	7	  52.443	  18.201	 125.999
188	 -67.465	6	 107.881	   4.467	 151.787
189	 -61.868	5	  96.664	  19.857	 187.446
190	 -61.247	4	  82.771	  15.271	 148.059
191	 -60.604	6	 114.670	  37.333	 191.162
192	 -49.629	5	 101.835	   2.886	 171.937
193	 -49.604	5	 128.006	  26.258	 141.522
194	 -47.949	5	  65.625	  -0.508	 115.697
195	 -43.479	3	  95.453	  17.467	 157.287
196	 -40.280	4	  95.272	  22.246	 200.138
197	 -39.629	4	 119.469	  14.447	 126.758
198	 -39.197	4	  73.246	  42.449	 185.009
199	 -39.008	4	 115.005	  46.274	 161.783
200	 -38.391	3	 103.056	  14.780	 156.128
201	 -37.875	4	  96.278	  -6.043	 128.401
202	 -37.287	4	  75.741	  37.993	 121.900
203	 -30.046	3	  95.335	   8.804	 110.797
204	 -29.314	3	  57.326	  -4.191	 167.785
205	 -29.198	3	 109.328	   1.784	 181.803
206	 -28.561	3	  69.038	  41.146	 166.128
207	 -28.222	3	 122.011	  21.455	 185.128
208	 -27.463	2	  94.647	  26.467	 141.492
209	 -22.472	2	  77.650	  19.828	 109.767
210	 -21.775	2	  77.011	  10.974	 142.621
211	 -20.170	2	  96.011	  44.467	 154.636
212	 -19.684	2	  76.481	   5.467	 199.128
213	 -18.145	2	  76.501	  43.467	 162.638
214	 -16.367	1	  93.011	  30.467	 170.128
215	 -16.211	1	  52.011	  10.467	 154.128
216	 -16.116	1	 120.011	  28.467	 152.128
217	 -14.287	1	  68.011	  25.467	 154.128
218	 -13.627	1	  79.011	  14.467	 172.128
219	 -10.721	1	 102.011	  29.467	 143.128
220	 -10.112	1	 126.011	  18.467	 138.128
221	  -9.972	1	 128.011	   1.467	 147.128
222	  -9.867	1	  70.011	  13.467	 167.128
223	  -9.794	1	  44.011	  35.467	 142.128
224	  -9.642	1	  61.011	  44.467	 175.128
225	  -9.371	1	  87.011	  32.467	 175.128
226	  -9.251	1	  73.011	  39.467	 198.128
