1	-894.238	69	  53.833	  24.455	 -60.701
2	-536.817	46	  69.338	  35.193	 -58.640
3	-497.586	45	  58.939	  36.761	 -45.934
4	-399.379	30	  55.792	  31.447	 -61.156
5	-396.273	35	  46.546	  39.155	 -70.110
6	-324.187	32	  62.559	  32.790	 -70.740
7	-288.672	27	  49.849	  26.296	 -45.180
8	-277.988	27	  67.113	  16.496	 -64.849
9	-276.953	27	  47.646	  31.423	 -77.777
10	-275.317	28	  47.404	  45.237	 -54.075
11	-256.108	24	  43.370	  16.081	 -59.047
12	-250.954	25	  53.825	  45.570	 -48.427
13	-247.224	23	  59.803	  40.757	 -66.672
14	-240.536	24	  73.225	  23.753	 -51.645
15	-223.923	20	  46.549	  19.047	 -67.848
16	-198.162	20	  66.342	  33.148	 -43.538
17	-195.931	18	  43.759	  24.386	 -54.344
18	-194.270	18	  41.450	  26.064	 -64.787
19	-190.311	18	  47.613	  16.895	 -50.447
20	-160.506	15	  67.056	  17.994	 -43.594
21	-160.374	15	  52.049	  18.920	 -75.539
22	-156.176	15	  40.259	  36.449	 -60.534
23	-155.972	15	  72.062	  27.640	 -65.290
24	-150.352	14	  48.619	   9.283	 -55.885
25	-150.074	14	  47.989	  35.011	 -45.461
26	-127.877	13	  70.068	  15.510	 -55.283
27	-126.281	13	  63.170	   9.223	 -62.460
28	-125.962	10	  48.137	   9.528	 -66.611
29	-125.444	12	  61.297	  43.737	 -52.906
30	 -90.804	9	  55.273	  43.164	 -73.781
31	 -90.525	9	  53.847	   4.621	 -61.806
32	 -71.661	7	  62.558	  10.770	 -50.523
33	 -62.476	6	  54.634	  27.533	 -79.460
34	 -57.576	6	  75.665	  34.090	 -54.366
35	 -56.753	5	  49.622	  45.760	 -66.357
36	 -53.500	5	  55.309	  50.014	 -63.239
37	 -46.079	4	  61.412	  25.048	 -41.360
38	 -41.042	4	  63.652	  22.262	 -73.319
39	 -40.350	4	  67.156	  35.760	 -66.343
40	 -30.038	3	  61.488	  31.247	 -77.697
41	 -27.807	3	  38.481	  38.605	 -51.703
42	 -27.770	3	  77.815	  33.950	 -62.360
43	 -19.219	2	  61.156	  11.726	 -74.824
44	 -18.422	2	  41.156	  32.774	 -74.360
45	 -18.305	2	  55.126	  10.277	 -49.345
46	  -8.965	1	  42.156	   6.262	 -60.360
