1	-2440.700	188	 -20.424	 106.139	  13.107
2	-1235.242	103	  52.268	  41.670	   2.895
3	-1134.865	99	  46.508	  53.232	  11.479
4	-994.315	83	 -28.192	 119.975	   6.001
5	-983.285	88	  45.848	  60.088	   7.904
6	-924.514	84	  39.004	  61.022	   3.065
7	-701.506	62	 -21.876	 108.250	   2.419
8	-652.894	56	  -5.889	 108.186	   5.446
9	-597.378	53	 -38.949	 112.342	  27.322
10	-581.537	53	  54.301	  33.284	  19.981
11	-529.509	44	 -13.774	  98.693	   3.700
12	-518.116	36	  61.814	  41.241	  14.510
13	-501.194	47	 -25.737	 129.980	  21.939
14	-464.258	37	  31.111	  52.737	   4.127
15	-425.992	37	  54.639	  67.347	  -3.214
16	-420.555	38	  63.132	  40.931	  23.569
17	-415.512	39	 -21.467	  90.358	   7.387
18	-409.925	35	  60.316	  58.132	  -4.921
19	-400.491	35	 -34.771	 124.917	  23.260
20	-395.283	32	  43.063	  61.544	  21.708
21	-391.204	34	  29.663	  32.413	   5.347
22	-384.665	35	 -32.782	 101.327	  -0.907
23	-365.203	35	  -3.970	 125.007	  13.002
24	-363.335	32	 -48.215	 112.450	   3.910
25	-345.259	31	  24.179	  47.875	  19.551
26	-342.806	29	  -4.821	 129.045	   3.302
27	-334.286	32	 -16.613	 124.686	  36.410
28	-332.021	30	 -29.510	 101.673	  29.083
29	-331.541	31	   3.051	 114.617	  18.412
30	-331.051	27	  -5.961	 116.103	  -0.235
31	-329.988	29	  31.153	  51.400	  22.563
32	-326.697	29	  74.931	  46.653	   0.543
33	-322.052	25	 -15.142	 102.114	  24.458
34	-314.679	28	  -3.151	 112.032	  22.326
35	-314.377	25	  29.996	  44.880	   0.408
36	-307.536	28	  57.874	  62.064	  23.746
37	-306.742	30	  69.757	  54.545	  22.269
38	-297.720	27	  74.308	  57.667	  11.667
39	-297.636	25	 -31.163	 114.060	   2.376
40	-291.723	28	  71.851	  47.286	  15.101
41	-288.232	27	 -37.823	 126.103	  14.511
42	-281.712	27	 -35.929	  97.398	  26.255
43	-276.915	25	  51.369	  71.651	  18.591
44	-266.107	23	 -23.626	  91.773	  23.948
45	-264.511	27	  -3.030	 123.510	  -1.560
46	-247.493	24	 -45.092	 117.467	  12.675
47	-243.349	22	  30.905	  66.045	   4.300
48	-237.288	23	  34.547	  69.078	  12.108
49	-229.595	22	  63.615	  66.632	  19.037
50	-229.278	21	  19.901	  51.337	  12.923
51	-212.974	20	 -44.210	 106.875	  23.273
52	-211.130	21	  26.355	  37.513	   0.572
53	-208.933	20	  23.947	  64.295	  18.275
54	-208.670	20	  -7.264	  95.955	   5.136
55	-206.736	19	   3.511	  98.470	  18.313
56	-206.660	19	  33.371	  61.651	  19.815
57	-205.398	20	  43.272	  72.933	   3.728
58	-203.512	18	   6.227	 110.712	  11.137
59	-203.349	20	 -30.155	  91.352	   5.165
60	-198.275	19	  -8.351	  93.368	  14.368
61	-195.211	19	  28.889	  39.013	  15.791
62	-192.066	17	  -6.055	 101.179	  20.934
63	-189.333	15	  56.580	  47.687	  -1.345
64	-181.646	17	  69.450	  39.424	   9.483
65	-175.955	17	  50.602	  57.195	  -3.732
66	-175.913	15	  41.111	  36.090	  27.165
67	-174.946	17	  50.537	  38.219	  35.063
68	-171.093	16	  43.395	  41.805	  35.481
69	-170.379	17	  65.153	  66.957	  -1.158
70	-170.180	16	 -44.660	 113.817	  19.236
71	-169.822	15	 -11.729	 127.998	  27.100
72	-169.698	17	  -6.101	 118.903	  30.189
73	-165.032	15	  44.948	  57.033	  29.912
74	-164.301	17	  44.444	  75.701	  17.664
75	-162.998	16	  34.569	  33.567	  13.406
76	-162.625	16	  63.681	  36.782	   2.767
77	-160.733	15	 -15.578	 107.099	  32.476
78	-159.898	14	 -22.712	 100.199	  25.656
79	-154.714	14	  72.064	  50.871	  -7.117
80	-153.690	15	  52.620	  77.794	   4.313
81	-153.404	15	  35.714	  42.647	  30.208
82	-152.518	15	 -46.233	 100.332	  12.358
83	-145.681	14	  39.123	  41.255	  -2.720
84	-143.417	14	 -20.986	 134.197	  11.424
85	-142.993	14	 -37.713	 125.575	   6.354
86	-138.476	13	 -22.218	 118.042	   1.767
87	-129.912	12	  48.707	  27.895	  10.467
88	-129.229	12	  45.033	  34.862	  -1.631
89	-120.784	12	 -34.439	  90.313	  20.187
90	-119.384	11	  42.785	  51.145	   2.110
91	-118.670	12	 -26.898	  83.808	  10.638
92	-116.399	10	  50.523	  63.076	  22.380
93	-115.618	11	  64.508	  44.379	  33.092
94	-115.148	11	 -34.131	 119.728	  38.239
95	-113.003	11	  61.268	  72.777	  12.822
96	-110.160	11	  53.105	  36.157	  26.418
97	-109.825	11	  49.977	  70.336	   1.877
98	-109.370	11	 -33.584	 122.898	  31.541
99	-108.861	10	 -20.811	 125.095	  -0.871
100	-107.955	10	  25.206	  57.821	   6.810
101	-106.113	11	 -23.920	  96.035	  -2.328
102	-103.766	10	  71.248	  58.928	  -1.917
103	-103.494	10	 -43.393	 107.237	  -4.270
104	 -98.410	10	  79.304	  51.339	   6.415
105	 -93.686	8	 -25.263	 123.361	  26.373
106	 -93.208	9	  38.391	  49.843	  34.527
107	 -92.834	9	  67.095	  64.445	  11.795
108	 -91.997	10	  55.949	  79.127	  12.002
109	 -88.927	8	  55.895	  53.183	  35.671
110	 -87.837	9	  52.154	  49.163	  40.633
111	 -85.854	9	 -38.921	  96.655	   1.063
112	 -84.750	9	 -28.547	  85.807	  20.749
113	 -82.231	8	 -20.736	 116.207	  43.298
114	 -80.404	8	 -17.026	  88.067	  22.399
115	 -79.741	8	 -52.421	 107.796	  10.331
116	 -77.535	7	 -25.325	 111.193	  39.269
117	 -74.052	8	 -25.201	 133.762	   3.067
118	 -73.258	6	  61.924	  43.519	   0.497
119	 -68.500	7	 -11.901	 131.996	  13.153
120	 -67.693	7	  64.137	  33.712	  11.344
121	 -67.196	6	 -13.613	 120.318	  -2.062
122	 -60.358	6	  41.267	  27.508	   6.234
123	 -59.014	5	  32.670	  58.357	   8.833
124	 -58.324	6	  24.115	  53.144	  28.467
125	 -53.667	5	 -11.969	 115.796	  38.805
126	 -49.149	5	   4.015	 119.360	   6.080
127	 -48.688	5	  11.442	 104.751	  20.128
128	 -48.247	4	  -7.781	 102.911	  10.804
129	 -41.793	3	  53.313	  42.134	  22.023
130	 -41.343	4	  21.442	  42.002	   8.342
131	 -41.307	4	 -38.065	 116.863	   1.543
132	 -40.505	4	   4.872	 110.344	  27.519
133	 -39.578	4	  18.065	  58.198	  15.677
134	 -37.679	4	 -33.558	  83.134	  14.805
135	 -29.672	3	 -16.218	 134.134	   4.966
136	 -29.633	3	 -35.272	 110.506	  39.302
137	 -29.620	3	  33.108	  29.839	  -2.754
138	 -29.077	3	  72.112	  63.105	   5.992
139	 -28.678	3	 -29.486	 134.822	   9.674
140	 -28.368	3	 -17.878	  81.487	  18.971
141	 -27.920	2	   5.173	 104.403	  14.202
142	 -27.882	3	  -2.902	 123.806	  20.642
143	 -21.408	2	  -9.940	 131.516	  -3.398
144	 -20.761	2	  65.937	  54.137	  33.301
145	 -20.342	2	 -43.056	  95.632	  16.800
146	 -19.974	2	 -39.047	  93.134	   8.298
147	 -19.367	2	   1.442	 111.648	   4.298
148	 -18.456	2	  68.450	  37.645	  18.298
149	 -18.449	2	  60.502	  65.619	  -8.702
150	 -11.007	1	  17.442	  58.134	  26.298
151	 -10.331	1	  32.442	  38.134	  24.298
152	  -9.916	1	  58.442	  29.134	   6.298
153	  -9.564	1	 -51.558	 106.134	  -1.702
154	  -9.290	1	  23.442	  49.134	   5.298
155	  -9.239	1	 -16.558	 133.134	  20.298
