1	-1115.369	98	  -1.627	  44.532	  17.434
2	-884.866	77	  34.499	  35.440	  20.527
3	-768.415	67	   3.814	  30.588	  11.218
4	-721.073	63	  25.732	  49.093	   8.683
5	-667.727	56	  14.137	  62.777	  14.518
6	-577.855	54	  14.305	  25.927	  23.915
7	-564.907	50	  33.197	  45.632	  20.396
8	-519.024	48	   4.640	  42.589	  38.524
9	-504.719	46	   4.670	  26.943	  27.687
10	-429.001	42	  28.775	  57.812	  29.486
11	-428.062	40	  -4.716	  33.892	  14.938
12	-423.580	39	  23.789	  45.834	  -1.897
13	-418.213	37	  40.033	  24.248	   4.566
14	-410.702	40	  -1.303	  44.737	   6.965
15	-409.362	34	  18.039	  22.029	   2.707
16	-386.312	36	 -11.275	  43.972	  32.025
17	-385.644	33	 -16.440	  55.782	  15.083
18	-376.285	33	   1.275	  60.943	  32.755
19	-373.340	35	  10.897	  51.477	  -1.187
20	-363.269	33	 -12.996	  64.168	  17.676
21	-362.899	34	  13.474	  38.274	  -6.484
22	-358.900	33	  23.740	  26.449	  21.205
23	-341.370	27	  -4.514	  62.277	  12.014
24	-317.388	28	  27.218	  53.189	  15.714
25	-299.456	27	  18.449	  65.652	  29.508
26	-289.964	28	  13.828	  69.330	  20.451
27	-289.621	26	  43.709	  39.637	   0.729
28	-285.834	27	  35.551	  47.657	  13.192
29	-263.189	25	  34.309	  33.795	  -6.483
30	-250.750	23	  -1.276	  32.009	  32.257
31	-243.155	24	 -10.523	  44.376	  22.802
32	-231.360	23	  22.058	  36.105	  -9.703
33	-194.558	18	  27.677	  57.127	  22.096
34	-191.539	18	 -11.221	  46.144	  11.953
35	-190.209	18	  22.374	  62.396	  16.756
36	-187.182	18	  30.213	  22.014	  -5.864
37	-179.441	16	 -14.017	  61.689	  31.174
38	-179.402	15	   5.170	  39.638	   6.548
39	-175.144	16	 -13.608	  56.935	   5.346
40	-173.669	18	  -3.255	  44.105	  38.882
41	-163.784	16	   8.666	  64.124	  32.226
42	-159.708	14	  30.609	  21.766	   8.113
43	-157.840	15	   4.794	  53.739	  39.262
44	-154.272	15	  31.154	  47.032	  29.013
45	-141.962	14	  26.785	  32.729	  31.038
46	-136.148	13	  18.234	  57.694	  36.360
47	-136.037	12	  16.023	  24.594	  -5.570
48	-129.049	12	  -9.155	  67.251	  27.578
49	-127.941	11	   7.159	  63.507	   7.549
50	-127.284	13	  29.405	  23.468	  18.613
51	-113.888	10	   6.422	  68.918	  25.656
52	-105.419	10	  18.186	  34.477	  37.485
53	 -94.319	9	  21.409	  18.592	  10.254
54	 -80.231	8	  -1.750	  51.498	  -3.379
55	 -78.037	7	 -18.147	  49.842	  28.046
56	 -75.726	7	   9.358	  33.907	  39.231
57	 -72.358	7	  44.445	  37.650	  15.946
58	 -70.196	7	  18.582	  56.976	   2.061
59	 -68.943	7	  -0.589	  59.540	   2.154
60	 -64.523	6	  -1.114	  68.516	  27.816
61	 -59.429	6	  42.903	  42.200	   8.970
62	 -57.944	5	  15.939	  46.328	  40.193
63	 -51.044	5	  47.664	  31.311	  14.862
64	 -49.756	5	  38.483	  48.399	   5.316
65	 -49.247	5	 -18.275	  59.044	  23.083
66	 -49.236	5	   4.881	  69.775	  15.483
67	 -41.787	4	  38.813	  21.192	  16.274
68	 -40.814	3	  15.228	  38.771	  14.625
69	 -40.185	4	  31.320	  41.469	  -4.974
70	 -38.624	4	  -5.675	  55.198	  39.725
71	 -33.653	3	  12.197	  23.508	  10.770
72	 -31.644	3	  26.415	  48.192	  36.171
73	 -24.114	2	   0.525	  46.593	  29.225
74	 -21.087	2	  50.092	  32.192	   5.946
75	 -20.412	2	  -5.452	  45.736	   0.036
76	 -18.474	2	  -2.396	  71.192	  17.492
77	 -18.388	2	 -10.419	  32.192	  30.003
78	 -18.085	2	  22.588	  56.696	   9.988
79	 -13.737	1	   4.092	  42.192	  24.492
80	 -11.555	1	  44.092	  27.192	  24.492
81	 -10.679	1	  25.092	  40.192	  36.492
82	  -9.185	1	   7.092	  60.192	   0.492
83	  -9.062	1	  -2.908	  20.192	  15.492
84	  -8.932	1	 -15.908	  63.192	   9.492
85	  -8.929	1	  27.092	  14.192	   1.492
86	  -8.901	1	  49.092	  30.192	  -2.508
