1	-1491.937	116	  64.776	  23.349	  14.582
2	-893.346	81	  60.623	  17.654	   6.804
3	-754.415	65	  66.043	  29.341	  29.436
4	-688.665	62	  75.766	  -5.105	  27.885
5	-654.050	57	  92.314	  19.670	  21.507
6	-646.662	58	  63.815	  15.344	  36.835
7	-600.703	55	  62.218	  46.925	   5.511
8	-573.543	52	  73.217	  49.653	   5.913
9	-556.310	48	  70.235	  -5.529	   4.398
10	-546.536	47	  92.267	  25.109	   6.928
11	-516.483	46	  90.524	  35.066	  25.354
12	-501.397	46	  90.838	  11.414	  27.335
13	-498.104	46	  73.237	  44.207	  21.996
14	-471.851	30	  70.345	  17.085	  30.595
15	-468.196	41	  89.256	  51.038	   4.423
16	-459.819	32	  58.307	  27.791	  23.016
17	-434.439	37	  86.403	  42.178	  18.151
18	-423.952	37	  81.883	  45.825	  -6.381
19	-423.705	38	  52.241	  19.749	  21.866
20	-407.039	35	  50.350	  11.416	  15.373
21	-397.473	30	  86.796	  11.368	   5.755
22	-384.239	35	  79.218	  21.836	  -0.964
23	-369.398	35	  57.325	  -4.985	  15.776
24	-360.593	33	  67.085	  38.138	  30.077
25	-357.157	33	  78.259	  10.156	  -0.093
26	-327.229	30	  73.213	  21.619	  40.005
27	-317.753	30	  53.406	  41.357	  17.296
28	-315.865	30	  67.680	  -3.446	  33.254
29	-314.903	31	  67.642	 -15.081	  11.328
30	-314.741	29	  92.213	  10.191	  10.608
31	-314.092	28	  48.464	  25.433	  13.228
32	-310.795	31	  53.209	  25.550	   3.635
33	-301.941	30	  89.503	  21.686	  36.249
34	-284.743	27	  92.153	 -11.340	  15.248
35	-276.540	27	  58.715	  46.937	  18.094
36	-271.185	26	 101.887	  34.932	  17.447
37	-262.947	26	  57.911	  -4.099	  26.405
38	-250.849	23	  85.255	 -19.366	   7.028
39	-244.413	24	  88.408	  37.644	  -6.864
40	-243.697	22	  79.444	  -0.611	   1.445
41	-243.646	18	  74.921	  32.098	  21.801
42	-242.025	24	  53.676	   1.627	   8.140
43	-241.875	22	  77.681	  40.511	  30.824
44	-237.654	16	  59.853	  29.067	   7.048
45	-236.551	23	  78.377	 -13.882	   2.309
46	-235.877	22	  77.506	  46.161	  14.237
47	-227.074	22	  80.598	  13.467	  40.597
48	-224.498	21	  69.243	   6.103	  -2.782
49	-219.983	21	  69.147	  24.057	  -3.188
50	-219.066	14	  73.711	   9.959	   6.123
51	-211.423	21	  73.691	  32.113	  38.274
52	-207.455	20	  49.144	   1.661	  22.877
53	-206.067	18	  54.554	  13.708	   6.280
54	-200.546	19	  52.335	   9.654	  26.034
55	-197.961	19	  99.006	  40.967	  19.949
56	-195.918	19	  57.550	  12.116	  32.481
57	-193.031	15	  69.280	  18.078	  16.668
58	-189.814	19	 100.267	  27.743	   8.078
59	-187.358	17	  94.750	   7.236	  17.411
60	-185.685	18	  99.155	  56.874	   6.751
61	-183.429	18	 106.629	  40.510	   7.701
62	-178.367	18	  64.379	   4.058	  36.499
63	-174.772	15	 101.400	  44.860	   2.272
64	-174.004	17	  93.985	   0.229	  11.570
65	-168.553	17	  85.485	   4.152	  34.077
66	-168.324	16	  67.470	  -9.479	  26.761
67	-166.966	17	  48.616	  32.733	   4.876
68	-165.447	17	  94.847	  26.692	  26.996
69	-159.679	15	  64.130	  38.298	  -1.469
70	-151.571	15	  79.292	 -15.821	  20.814
71	-141.805	13	  86.644	   0.705	   4.733
72	-138.508	13	  58.955	  37.631	  25.661
73	-134.661	13	  72.131	  41.996	  -4.187
74	-130.736	13	  52.281	  30.689	  21.802
75	-128.941	13	  56.421	   5.362	  -1.391
76	-127.785	13	  91.256	  -2.050	  23.445
77	-117.842	11	  76.625	  32.191	  -5.958
78	-111.875	11	  82.643	  -4.164	  30.117
79	-104.336	10	  89.669	  -8.898	   6.572
80	 -97.841	9	  50.668	  35.318	  13.104
81	 -92.917	9	  46.768	  14.662	   7.714
82	 -88.182	9	  91.170	  28.582	  34.453
83	 -87.029	9	  54.874	  21.993	  37.581
84	 -85.937	9	  59.918	  -2.693	   7.851
85	 -85.616	9	  77.562	  38.796	  -9.495
86	 -80.164	8	  86.724	  28.728	  -1.520
87	 -71.575	7	 102.572	  36.248	   2.517
88	 -70.069	7	  87.748	  19.118	   0.335
89	 -69.423	7	  49.022	  47.059	   8.643
90	 -68.467	7	  98.083	  38.138	  -3.227
91	 -61.513	6	  67.695	  31.757	  -5.308
92	 -58.752	6	  59.247	  29.227	  33.966
93	 -57.742	6	  96.214	  16.579	   8.358
94	 -56.902	6	  89.189	  11.794	  35.222
95	 -56.662	6	  58.894	  53.255	  12.971
96	 -54.409	5	  97.900	  52.583	  -0.038
97	 -52.804	5	  54.544	  32.811	  -5.267
98	 -50.813	3	  67.159	   6.354	   4.335
99	 -49.080	5	  86.930	  48.583	  11.908
100	 -48.649	5	  76.954	   3.788	  43.731
101	 -45.909	5	 107.547	  47.984	  14.123
102	 -43.703	4	  96.299	  54.243	  14.335
103	 -39.517	4	  48.071	  38.824	  -1.429
104	 -39.468	4	  81.787	  -0.895	  38.096
105	 -38.546	4	  69.344	  16.107	  -3.163
106	 -38.476	4	 106.051	  51.568	   5.091
107	 -36.228	3	  83.790	  28.829	  39.259
108	 -34.825	2	  86.104	   8.583	  14.335
109	 -32.782	3	  53.838	  44.280	   0.638
110	 -28.560	2	  90.544	  28.583	  19.838
111	 -26.380	2	  77.040	  -1.417	  16.335
112	 -20.374	2	  84.544	  36.583	  36.832
113	 -20.323	2	  50.079	  22.441	  30.193
114	 -20.073	2	 101.996	  26.035	  17.335
115	 -19.555	2	  86.999	 -19.417	  20.335
116	 -18.850	2	  71.544	  56.583	  13.847
117	 -18.490	2	  61.547	   2.591	  -5.166
118	 -18.476	2	  75.052	 -22.417	   8.335
119	 -18.113	2	  80.085	 -23.429	  15.323
120	  -9.924	1	  89.544	 -13.417	  25.335
121	  -9.843	1	  59.544	  25.583	  -3.665
122	  -9.463	1	  55.544	   4.583	  32.335
