1	-922.180	83	   5.017	   1.337	  -1.381
2	-829.624	69	  -2.878	  -9.475	   5.550
3	-802.307	70	  -3.452	  -3.292	  32.229
4	-727.888	71	  -5.300	  -0.177	  21.404
5	-721.748	66	  14.406	   4.059	  57.777
6	-706.907	66	  -0.743	   8.944	  45.914
7	-701.537	62	  15.560	  -5.320	  42.972
8	-595.428	55	  11.497	   6.143	  29.429
9	-532.348	48	  13.880	 -13.439	  17.609
10	-477.091	42	   4.291	   1.241	  34.513
11	-447.401	40	   4.847	  -9.382	  25.820
12	-372.734	33	   5.605	  14.092	  36.041
13	-362.129	34	  20.184	   5.666	  27.596
14	-323.592	28	   7.827	  -6.460	  35.217
15	-316.653	30	   4.287	 -12.840	  -0.904
16	-310.513	30	  20.218	  -4.952	  57.419
17	-307.552	29	  -6.646	   0.555	  57.271
18	-303.590	27	  11.787	  -1.748	  -3.782
19	-283.067	26	   4.724	  10.318	  61.050
20	-279.237	27	  11.676	  14.281	  28.245
21	-273.823	23	  12.064	  22.256	  41.403
22	-265.179	26	   4.144	  -8.595	  61.820
23	-263.401	25	  21.916	 -12.891	   6.900
24	-262.429	22	  -4.900	   6.965	  -2.035
25	-254.440	24	   2.883	 -22.295	  20.872
26	-251.436	16	   9.633	  -0.462	  16.689
27	-239.128	23	  21.124	  -1.265	  11.337
28	-229.401	20	  -8.584	  -0.030	  44.133
29	-226.239	20	  20.872	   1.835	  36.382
30	-213.986	21	  25.031	   7.010	  55.612
31	-207.216	20	  11.467	  12.694	   6.383
32	-203.770	20	 -10.004	  -2.801	  12.180
33	-189.872	17	   1.141	  15.881	  43.318
34	-186.729	19	  16.422	  -7.195	  19.605
35	-186.594	18	   7.392	  -2.384	  26.462
36	-184.809	18	   5.156	  23.565	  53.656
37	-182.508	17	  17.048	   9.086	  10.524
38	-181.438	18	   3.115	   6.657	  21.736
39	-176.626	17	 -12.623	  -8.330	  27.678
40	-175.882	17	  -9.606	  -3.497	  -2.887
41	-172.544	16	  -9.837	 -12.236	  50.036
42	-152.600	15	  -6.327	  -8.468	  55.819
43	-152.058	13	  -5.194	   7.245	  16.827
44	-132.354	13	  -5.509	  13.969	   6.372
45	-132.113	13	  -7.399	 -12.624	  15.339
46	-131.692	13	  -6.517	 -17.103	  39.837
47	-122.899	12	  21.384	  18.506	  25.432
48	-121.622	12	  24.698	  -2.114	  -2.375
49	-116.866	12	  16.568	 -11.698	  61.926
50	-108.555	10	   3.914	  20.615	  16.551
51	-104.469	9	  -1.620	  14.846	  14.921
52	-101.539	10	   2.511	  10.847	  -0.040
53	 -99.743	10	   0.391	 -15.392	  31.586
54	 -96.308	10	  -6.807	 -18.747	  28.256
55	 -94.354	9	   4.991	 -17.508	  44.355
56	 -89.988	8	  29.599	   4.609	  42.361
57	 -89.398	9	  15.047	  17.145	  62.430
58	 -79.372	8	  28.761	   9.028	  32.174
59	 -69.430	7	 -15.411	   2.417	   1.236
60	 -69.389	7	  17.574	   4.978	  -2.880
61	 -68.859	7	  19.051	  21.572	  54.761
62	 -68.817	7	  20.626	  21.000	  35.219
63	 -68.245	7	 -10.841	   8.264	   4.581
64	 -62.988	6	  27.761	  12.541	  46.622
65	 -62.475	6	 -16.168	  -6.635	  39.253
66	 -60.918	6	 -14.880	 -14.903	  44.435
67	 -56.366	5	  24.234	  -0.581	  49.231
68	 -50.212	5	  20.280	 -12.049	  -3.999
69	 -41.988	4	   4.119	 -18.206	  54.651
70	 -39.957	4	   3.727	   3.156	  62.788
71	 -38.881	4	  29.488	  16.845	  33.487
72	 -38.369	4	  22.234	  13.327	  17.802
73	 -37.892	4	   1.024	 -21.439	   9.603
74	 -28.589	3	  23.332	  17.143	  50.652
75	 -28.059	3	  -5.739	 -22.071	  20.216
76	 -27.705	3	  13.229	 -19.772	   6.239
77	 -21.228	2	  17.195	  18.608	  14.577
78	 -20.974	2	  -2.714	  21.562	  52.015
79	 -20.176	2	 -14.714	  -6.438	   3.050
80	 -19.645	2	  19.767	  11.562	  63.577
81	 -18.913	2	  18.810	  -3.962	  -6.423
82	 -12.339	1	  10.286	   1.562	   5.577
83	  -9.790	1	 -11.714	  13.562	  13.577
84	  -9.724	1	   3.286	  18.562	   6.577
85	  -9.720	1	  15.286	 -18.438	  50.577
86	  -9.566	1	 -15.714	 -14.438	  36.577
87	  -9.115	1	  12.286	 -13.438	  -7.423
