1	-807.921	67	  -5.964	  54.982	   6.005
2	-564.534	52	  -8.593	  54.936	  -4.045
3	-357.043	34	   0.037	  55.890	  15.043
4	-331.599	30	   6.396	  64.749	   9.528
5	-305.840	28	   2.534	  47.917	 -12.789
6	-267.194	23	 -10.754	  67.309	  15.931
7	-224.318	22	   8.690	  45.170	  -1.246
8	-216.641	21	   7.234	  68.725	  -7.245
9	-200.632	19	   8.695	  49.557	   9.550
10	-191.549	19	  16.817	  58.611	  -0.615
11	-143.704	14	  -9.898	  71.320	   7.114
12	-132.704	13	  -2.084	  41.300	  -1.976
13	-126.485	12	  15.084	  53.851	 -11.811
14	-118.385	12	  -5.081	  71.970	  -4.622
15	-108.975	10	 -10.220	  58.719	  17.624
16	 -97.419	10	  -0.905	  61.744	 -15.042
17	 -89.206	9	  -0.215	  65.153	  18.010
18	 -84.494	8	  15.566	  63.254	  -8.894
19	 -77.478	8	 -19.403	  58.037	   5.086
20	 -76.485	8	 -13.360	  63.286	  -2.662
21	 -73.103	7	  10.429	  61.241	 -15.908
22	 -70.959	7	  12.849	  66.615	   1.372
23	 -56.804	6	  -2.333	  50.461	   9.925
24	 -49.478	5	   2.812	  71.029	   0.587
25	 -30.319	3	  14.131	  55.933	   8.200
26	 -18.268	2	  -3.529	  72.295	  12.233
27	  -9.523	1	  10.460	  45.295	 -15.767
