1	-1061.496	97	  71.877	  16.863	   0.396
2	-1009.694	91	  60.859	  27.572	  54.082
3	-955.947	83	  61.221	  27.734	 109.460
4	-947.845	82	  69.970	  33.004	  29.624
5	-946.139	83	  77.039	  26.171	  24.926
6	-889.009	80	  61.940	  28.078	  -1.050
7	-864.047	78	  72.007	  18.026	  55.754
8	-843.908	75	  71.005	  17.735	 110.766
9	-744.680	68	  81.820	  22.284	  12.301
10	-680.504	61	  65.328	  38.581	  97.719
11	-679.574	62	  64.362	  37.828	  42.541
12	-668.122	60	  81.967	  20.255	 124.117
13	-634.864	58	  81.817	  21.501	  69.502
14	-633.953	60	  75.990	   7.390	  49.412
15	-619.784	56	  65.464	  37.781	 -14.616
16	-617.091	47	  78.269	  26.547	  81.053
17	-604.814	54	  67.058	  17.397	  85.823
18	-597.443	53	  83.548	  39.700	  56.173
19	-571.700	41	  69.208	  34.994	  85.534
20	-561.872	50	  60.141	  23.747	  80.022
21	-558.515	51	  83.760	  39.480	  -1.399
22	-549.768	53	  62.504	   3.166	 -11.795
23	-548.960	51	  63.423	   3.075	  43.134
24	-537.917	51	  63.222	  13.369	  56.266
25	-528.805	50	  62.144	   3.532	  98.725
26	-523.024	48	  53.800	  29.395	  59.660
27	-494.062	47	  46.752	  18.645	  66.330
28	-486.710	45	  46.721	  19.153	  11.599
29	-486.640	44	  83.581	  39.482	 110.356
30	-485.759	45	  62.324	  12.894	 111.143
31	-480.863	36	  79.829	  43.658	   4.236
32	-480.134	42	  75.700	  39.186	  42.734
33	-477.174	42	  83.219	  33.003	  12.155
34	-469.399	44	  56.477	  18.636	 109.810
35	-467.879	44	  57.397	  19.191	  -1.553
36	-461.087	42	  47.208	  18.212	 122.135
37	-450.875	43	  68.267	  13.864	 -23.615
38	-449.320	43	  70.651	  17.324	  31.028
39	-434.407	32	  87.598	  35.814	  50.925
40	-414.834	33	  87.877	  35.465	  -7.365
41	-410.610	36	  90.508	  19.252	  99.011
42	-409.203	31	  68.161	  24.394	  27.266
43	-400.481	37	  73.517	   9.061	  -5.424
44	-398.767	39	  56.552	  19.712	  54.864
45	-398.556	39	  48.466	  33.502	 117.460
46	-390.095	33	  77.114	  38.974	 -14.362
47	-384.686	34	  50.562	  42.474	  52.337
48	-383.541	33	  87.214	   6.975	 113.057
49	-379.573	33	  82.813	  33.039	  69.252
50	-379.439	29	  87.741	  35.813	 104.449
51	-375.041	36	  61.318	  26.429	  23.799
52	-371.150	28	  79.905	  43.992	 116.674
53	-358.495	32	  91.402	  18.737	  46.079
54	-357.982	32	  62.198	  46.414	  66.036
55	-351.815	30	  50.851	  43.262	 108.317
56	-348.450	30	  51.156	  43.577	  -4.855
57	-347.953	31	  76.297	  39.495	  97.591
58	-344.529	33	  77.352	   4.676	 102.950
59	-343.231	33	  62.829	  13.157	   0.588
60	-341.127	29	  87.446	   7.113	  59.449
61	-337.781	32	  54.488	  29.946	 115.772
62	-327.137	31	  60.379	  22.873	 134.200
63	-324.661	27	  63.198	  46.264	 121.878
64	-319.696	27	  83.221	  32.327	 123.149
65	-315.894	30	  74.023	  10.571	 105.351
66	-314.462	29	  72.024	  12.449	 115.098
67	-305.966	28	  61.355	  33.824	  80.872
68	-304.757	29	  56.073	  28.221	  -6.318
69	-299.273	23	  79.423	  44.126	  62.452
70	-299.098	26	  90.000	  17.555	 -10.756
71	-297.122	25	  86.241	   6.647	   2.403
72	-295.044	25	  63.053	  47.420	   8.936
73	-293.288	26	  60.184	  13.402	  36.697
74	-285.270	26	  57.036	  15.012	  73.382
75	-285.065	27	  92.475	  28.987	 -11.560
76	-281.566	25	  57.592	  14.712	 128.291
77	-279.350	25	  57.005	  16.498	  17.985
78	-274.377	26	  72.009	  12.220	  61.063
79	-271.934	26	  73.638	  49.050	  65.473
80	-270.189	26	  74.014	  49.297	   8.700
81	-269.470	26	  78.210	  13.554	  14.228
82	-268.387	26	  53.822	  30.382	   3.992
83	-264.088	24	  48.520	  33.961	   7.676
84	-257.698	24	  73.797	  48.191	 122.052
85	-250.395	22	  58.747	  13.463	  92.743
86	-250.339	24	  92.599	  29.855	  99.635
87	-243.415	22	  77.505	  31.799	  86.980
88	-242.707	23	  78.432	  15.941	  86.416
89	-238.472	22	  55.739	  30.129	 -14.975
90	-236.814	18	  76.156	  24.493	 134.605
91	-236.217	22	  56.064	  29.173	  42.414
92	-231.653	21	  58.866	  13.030	 -18.456
93	-229.982	22	  93.321	  30.279	  46.392
94	-227.227	21	  76.628	  40.768	  15.948
95	-218.986	21	  57.238	  23.839	  36.236
96	-218.658	21	  73.869	  11.559	  69.651
97	-218.079	21	  54.234	  25.625	 131.783
98	-216.531	21	  85.028	  32.487	  38.945
99	-214.149	17	  69.084	  31.983	 -25.386
100	-213.174	21	  44.382	  25.751	  63.147
101	-205.727	19	  85.563	  31.189	 -17.100
102	-200.493	19	  52.145	  13.458	  57.975
103	-199.180	20	  44.108	  25.450	   8.116
104	-196.942	19	  69.089	  10.333	  89.215
105	-194.705	18	  55.401	  30.382	  97.268
106	-194.148	20	  89.120	  20.170	 120.365
107	-194.004	18	  75.282	  41.482	  72.068
108	-190.393	19	  52.571	  27.187	  19.623
109	-189.188	18	  62.252	  34.778	 135.431
110	-188.907	19	  95.923	  22.877	  53.759
111	-186.672	17	  78.340	   3.882	  -9.599
112	-184.123	18	  54.766	  27.990	 106.113
113	-181.454	18	  68.055	  11.595	 128.506
114	-178.851	17	  75.137	  11.319	 123.879
115	-178.379	10	  75.614	  32.569	 110.376
116	-176.375	17	  85.410	  21.074	  34.420
117	-174.543	17	  70.561	  47.786	  48.301
118	-173.111	17	  66.876	  51.331	 113.347
119	-171.286	17	  65.541	  41.543	  20.565
120	-169.655	18	  64.839	  45.288	 -12.490
121	-169.538	16	  47.581	  34.833	  64.023
122	-168.967	17	  68.943	  -0.107	  46.875
123	-168.513	14	  77.727	  12.423	  35.146
124	-167.434	16	  69.032	   0.375	  -9.185
125	-166.590	16	  84.992	  32.086	  93.968
126	-163.103	16	  79.357	  14.838	 -24.109
127	-163.084	16	  70.914	  48.319	 103.935
128	-162.905	16	  67.473	  13.253	  18.734
129	-160.831	16	  66.481	  52.142	   1.567
130	-160.731	15	  92.417	  27.825	  62.612
131	-157.426	15	  52.188	  24.695	  75.778
132	-156.927	15	  81.031	  14.633	  71.776
133	-151.267	12	  78.702	  30.130	 -22.416
134	-148.612	14	  69.257	   0.581	 100.486
135	-147.387	14	  95.237	  22.201	 106.963
136	-147.040	14	  62.769	  50.989	  53.088
137	-146.537	14	  58.624	  37.170	 -16.948
138	-146.257	14	  57.739	  28.542	  89.956
139	-145.824	14	  76.115	  41.172	 127.015
140	-141.579	13	  72.843	  48.140	  -7.570
141	-141.075	14	  54.929	   7.547	 105.716
142	-140.142	13	  56.263	   8.199	  -4.819
143	-139.369	14	  66.225	  51.412	  59.797
144	-139.043	14	  85.749	  10.187	  43.283
145	-138.987	14	  44.347	  25.921	 120.060
146	-137.670	13	  71.575	  14.567	  76.848
147	-134.095	13	  57.611	  37.682	  95.502
148	-134.077	8	  75.501	  32.902	  -1.468
149	-131.537	8	  75.754	  32.828	  55.835
150	-131.454	13	  69.217	  10.943	  10.188
151	-130.982	13	  95.373	  22.849	  -4.722
152	-124.721	12	  70.196	   9.118	  34.876
153	-123.637	12	  92.583	  28.007	 116.044
154	-117.279	11	  61.288	  49.221	 105.911
155	-117.250	12	  74.468	   1.482	 -17.336
156	-113.977	11	  92.273	  25.920	   6.370
157	-112.254	11	  61.566	  50.719	  -5.509
158	-110.174	11	  51.327	  14.176	 -12.938
159	-107.809	10	  54.351	  41.224	  11.393
160	-107.776	11	  50.508	  10.445	   5.746
161	-104.699	7	  74.576	  33.388	 132.168
162	-103.537	10	  57.501	   7.809	  67.870
163	-103.285	10	  94.362	  16.431	   2.645
164	-102.859	10	  67.180	  43.860	  74.587
165	-100.410	10	  86.279	  22.297	 -21.594
166	 -99.875	9	  58.341	  26.993	 -22.036
167	 -99.513	10	  45.008	  37.309	  48.126
168	 -98.305	10	  58.588	   7.479	 122.878
169	 -97.092	10	  71.102	  38.623	 -22.697
170	 -94.863	9	  53.012	  13.208	  40.757
171	 -93.983	9	  54.459	  34.431	  76.605
172	 -93.647	9	  73.196	  38.746	  33.198
173	 -93.014	9	  46.519	  30.852	 128.663
174	 -93.009	9	  57.235	   8.978	  14.022
175	 -92.153	9	  74.891	   2.535	  92.307
176	 -91.353	9	  94.793	  17.608	 112.883
177	 -90.780	9	  88.849	  17.176	  66.948
178	 -90.770	9	  51.376	  14.454	  97.988
179	 -90.609	9	  51.180	  11.120	 114.770
180	 -90.253	9	  67.344	   6.491	 -19.531
181	 -90.002	9	  54.635	  22.502	 -16.893
182	 -89.443	9	  54.057	  23.041	  95.011
183	 -89.246	8	  76.535	  34.915	  77.722
184	 -87.098	9	  73.564	   2.742	  37.890
185	 -85.565	8	  70.182	  32.125	 138.830
186	 -84.725	8	  95.066	  18.058	  59.886
187	 -82.181	8	  82.871	  28.798	  20.985
188	 -80.355	8	  82.124	   1.207	  64.455
189	 -80.310	8	  66.381	  10.392	  71.389
190	 -79.359	8	  55.221	  36.199	  20.598
191	 -73.578	7	  84.291	   9.957	 -13.592
192	 -71.993	7	  45.681	  31.069	  16.272
193	 -71.284	7	  66.940	  41.576	 131.834
194	 -69.952	7	  81.068	   1.012	   6.680
195	 -69.859	7	  54.358	  40.115	 124.538
196	 -69.612	7	  74.367	   3.214	 113.334
197	 -67.949	7	  84.616	  10.758	  96.823
198	 -67.888	7	  46.979	  30.470	 107.470
199	 -66.638	7	  81.314	   1.008	 117.271
200	 -65.473	7	  67.471	  23.436	 -29.040
201	 -62.210	6	  60.336	  31.433	  35.094
202	 -62.117	6	  82.805	  27.981	 132.584
203	 -61.760	6	  87.828	  18.034	  10.208
204	 -60.522	6	  75.937	  17.045	  20.892
205	 -60.399	4	  64.254	  30.154	 117.938
206	 -58.830	6	  44.953	  38.860	  -9.073
207	 -57.919	6	  58.983	  17.338	  83.405
208	 -53.130	5	  85.430	  23.374	  88.922
209	 -50.958	5	  61.611	  44.903	  45.296
210	 -50.697	5	  76.397	  14.710	 130.496
211	 -50.666	5	  45.645	  31.174	  73.069
212	 -49.628	5	  47.602	  28.911	  53.335
213	 -48.875	5	  92.318	  31.479	   1.636
214	 -48.438	5	  54.134	   6.702	  48.634
215	 -48.304	5	  61.205	  17.305	  27.520
216	 -47.537	3	  73.955	  20.054	 102.882
217	 -43.751	4	  55.597	  36.016	 132.644
218	 -39.531	4	  82.337	  43.195	  46.577
219	 -39.417	2	  74.611	  19.710	  48.501
220	 -39.292	4	  44.881	  37.175	 103.311
221	 -38.795	4	  77.617	  26.185	 -29.132
222	 -38.318	4	  73.393	   2.661	   2.618
223	 -38.298	2	  63.611	  30.106	  63.103
224	 -38.160	4	  87.356	  38.723	   7.851
225	 -37.275	2	  63.611	  30.710	   6.569
226	 -35.224	2	  73.164	  33.604	  20.103
227	 -31.136	2	  73.898	  19.710	  -7.897
228	 -30.293	3	  54.611	  40.718	  67.784
229	 -30.269	3	  51.923	  19.971	  47.103
230	 -29.717	3	  82.632	  43.710	 101.497
231	 -29.624	3	  59.991	  -0.958	 107.445
232	 -29.538	3	  44.609	  32.033	  -5.542
233	 -29.311	3	  57.301	  -1.290	  50.463
234	 -29.144	3	  87.611	  38.725	 119.088
235	 -29.042	3	  75.294	   1.334	  60.092
236	 -28.992	3	  53.640	  48.415	 115.403
237	 -28.600	3	  93.611	  10.710	 106.119
238	 -28.585	3	  93.549	  32.772	 108.518
239	 -28.570	3	  42.964	  15.920	 113.790
240	 -28.521	3	  79.260	  29.678	  31.179
241	 -28.493	3	  67.622	  20.383	 138.103
242	 -28.416	3	  53.538	  49.279	   2.132
243	 -28.154	3	  91.975	   8.733	  52.115
244	 -27.549	3	  90.929	   8.361	  -5.563
245	 -19.134	2	  58.526	   0.189	  -1.982
246	 -18.820	2	  88.125	  39.196	 -14.897
247	 -18.731	2	  77.138	  49.183	  -1.406
248	 -18.566	2	  53.562	  45.198	  97.566
249	 -18.374	2	  81.611	  19.710	  78.614
250	 -18.304	2	  87.104	  38.695	  65.118
251	 -18.290	2	  54.611	  49.710	  59.603
252	 -13.216	1	  82.611	  30.710	   0.103
253	 -10.016	1	  43.611	  14.710	  57.103
254	  -9.941	1	  75.611	  50.710	 112.103
255	  -9.519	1	  61.611	  14.710	 136.103
256	  -9.316	1	  42.611	  12.710	   5.103
257	  -9.235	1	  52.611	  43.710	 -16.897
258	  -9.187	1	  74.611	  50.710	  57.103
259	  -8.996	1	  87.611	  39.710	  42.103
260	  -8.934	1	  51.611	  43.710	  40.103
261	  -8.909	1	  83.611	  44.710	  12.103
