1	-749.647	63	  16.028	  60.536	 -51.483
2	-630.146	58	  25.947	  55.752	 -52.917
3	-568.578	52	  -5.928	  41.820	 -31.841
4	-564.980	52	  17.432	  46.047	 -56.831
5	-539.617	47	   3.325	  64.775	 -54.836
6	-515.473	49	  14.257	  47.006	 -46.701
7	-454.978	44	  -5.706	  57.495	 -52.233
8	-404.060	36	  32.577	  67.785	 -40.962
9	-380.121	35	  32.701	  67.989	 -51.381
10	-339.373	32	   4.732	  58.923	 -31.705
11	-337.725	32	  27.293	  53.733	 -39.796
12	-316.429	24	  12.064	  54.754	 -50.528
13	-315.549	28	  -7.774	  58.062	 -38.112
14	-314.657	28	  -1.813	  35.415	 -34.021
15	-312.407	29	  13.761	  23.206	 -47.484
16	-285.733	27	  18.657	  28.456	 -63.302
17	-277.182	27	  25.452	  57.799	 -32.314
18	-271.378	24	  -9.972	  36.160	 -44.430
19	-270.166	25	  12.378	  38.036	 -65.868
20	-230.185	23	  20.647	  51.544	 -46.141
21	-221.556	21	   8.439	  65.566	 -42.698
22	-216.803	21	  20.727	  39.660	 -41.432
23	-213.704	21	   6.135	  28.767	 -31.875
24	-211.202	21	  16.600	  50.486	 -30.345
25	-205.447	20	   0.871	  28.857	 -44.928
26	-194.576	16	   5.433	  28.659	 -38.623
27	-193.807	18	  27.899	  48.956	 -48.563
28	-191.605	17	 -15.815	  47.096	 -38.892
29	-185.895	17	  10.065	  25.404	 -56.563
30	-173.730	17	  17.723	  68.969	 -47.667
31	-171.595	16	  13.737	  66.719	 -36.053
32	-171.429	16	  35.799	  51.418	 -55.733
33	-168.414	16	   2.526	  46.509	 -23.446
34	-167.569	17	  15.329	  56.684	 -60.399
35	-164.014	15	  -7.010	  40.730	 -50.531
36	-162.236	16	 -11.343	  51.300	 -32.433
37	-157.219	13	 -15.298	  42.766	 -50.075
38	-148.572	14	   1.498	  63.639	 -40.590
39	-146.424	15	  19.672	  23.700	 -51.630
40	-143.320	14	   7.208	  32.888	 -62.224
41	-136.986	13	  27.060	  32.500	 -42.547
42	-136.910	13	  24.120	  73.487	 -40.249
43	-135.794	13	  29.855	  44.291	 -57.460
44	-133.517	13	  10.503	  43.186	 -27.877
45	-131.090	13	 -18.155	  49.599	 -49.938
46	-130.902	13	   2.561	  30.727	 -52.645
47	-122.875	11	  28.561	  33.476	 -54.416
48	-115.476	12	  19.739	  31.902	 -31.939
49	-113.537	11	  26.685	  50.914	 -60.197
50	-107.308	11	   6.500	  48.188	 -60.923
51	 -97.557	10	  26.439	  26.713	 -49.097
52	 -95.744	10	  40.139	  47.228	 -47.138
53	 -90.585	9	   9.915	  66.197	 -58.151
54	 -88.365	9	  -2.834	  44.642	 -56.265
55	 -85.304	8	  25.974	  42.990	 -64.732
56	 -84.086	8	   1.643	  71.216	 -48.116
57	 -78.814	8	  18.492	  65.754	 -29.401
58	 -72.148	7	  11.959	  22.105	 -36.532
59	 -70.488	7	  21.672	  49.105	 -38.121
60	 -69.870	7	 -13.751	  39.982	 -34.996
61	 -68.700	7	  16.122	  39.264	 -32.547
62	 -66.703	7	  11.700	  55.396	 -27.813
63	 -66.702	6	  28.297	  66.599	 -32.767
64	 -58.739	6	  -6.366	  65.085	 -45.552
65	 -55.080	6	  24.605	  73.589	 -48.557
66	 -52.711	5	  34.448	  53.934	 -37.017
67	 -50.652	5	  38.514	  59.558	 -40.220
68	 -47.459	5	  41.747	  59.081	 -48.608
69	 -47.310	5	  21.459	  23.645	 -40.773
70	 -41.432	4	   2.880	  40.091	 -61.355
71	 -27.868	3	  28.807	  40.766	 -45.057
72	 -27.318	3	  20.783	  47.744	 -66.398
73	 -21.296	2	 -11.863	  59.539	 -44.387
74	 -20.769	2	  -3.863	  55.593	 -27.387
75	 -19.870	2	  16.727	  73.635	 -39.037
76	 -18.862	2	  11.612	  34.207	 -27.387
77	  -9.996	1	   2.137	  52.105	 -50.387
78	  -9.781	1	 -18.863	  38.105	 -44.387
79	  -9.719	1	  -7.863	  47.105	 -22.387
