1	-961.511	77	  14.965	  59.288	 -51.162
2	-613.432	59	  14.369	  48.149	 -46.281
3	-552.003	50	  -5.616	  41.839	 -31.875
4	-519.261	47	  25.935	  55.721	 -52.844
5	-470.330	46	  25.592	  52.783	 -40.085
6	-410.471	36	   5.654	  28.752	 -35.014
7	-373.477	36	   4.997	  64.621	 -41.557
8	-370.293	35	  32.763	  68.090	 -51.334
9	-359.469	31	  32.996	  67.530	 -41.296
10	-340.655	33	  16.919	  46.807	 -53.905
11	-321.648	31	  30.024	  48.334	 -47.333
12	-308.924	29	  -5.483	  57.674	 -52.069
13	-308.357	28	  13.388	  23.550	 -47.393
14	-302.896	27	  -1.508	  35.072	 -34.040
15	-287.677	28	  19.839	  70.191	 -48.291
16	-285.093	27	   2.599	  67.082	 -55.905
17	-284.741	27	   3.908	  58.470	 -31.098
18	-279.472	27	  20.664	  39.788	 -42.039
19	-277.897	27	  10.887	  36.524	 -64.985
20	-268.244	26	  18.863	  28.553	 -63.149
21	-253.301	23	  -7.839	  58.316	 -37.871
22	-247.818	22	  29.925	  44.040	 -55.109
23	-223.551	21	  -9.448	  35.778	 -44.205
24	-203.466	20	   2.501	  46.553	 -23.064
25	-203.266	20	 -17.779	  50.397	 -49.953
26	-198.117	17	 -15.630	  42.438	 -49.551
27	-194.547	19	  26.915	  51.534	 -59.450
28	-194.501	18	  17.362	  45.130	 -61.732
29	-193.201	18	   1.057	  29.070	 -44.860
30	-182.196	19	  21.137	  24.321	 -50.692
31	-178.579	16	  28.677	  33.735	 -53.426
32	-177.977	17	  16.308	  49.922	 -30.817
33	-177.478	13	   4.947	  62.043	 -51.744
34	-175.623	17	  26.589	  32.397	 -41.704
35	-169.294	16	 -11.181	  51.346	 -32.491
36	-169.045	16	  10.254	  25.597	 -56.719
37	-158.697	15	  -6.893	  40.765	 -50.363
38	-153.420	14	  36.528	  50.478	 -55.039
39	-149.370	14	  12.991	  65.709	 -35.701
40	-143.804	12	 -15.362	  47.941	 -38.255
41	-141.384	14	   2.742	  32.281	 -55.340
42	-129.548	13	  24.083	  56.880	 -31.935
43	-126.722	12	  28.978	  65.198	 -32.878
44	-114.328	11	  23.257	  73.581	 -40.157
45	-113.019	11	  18.220	  65.671	 -29.471
46	-106.082	10	   6.223	  43.814	 -62.113
47	-105.368	10	  10.172	  43.849	 -27.608
48	-101.054	10	  15.612	  57.635	 -60.499
49	-100.648	10	  14.352	  38.516	 -31.145
50	 -99.069	10	 -15.608	  40.494	 -38.280
51	 -83.919	8	  11.881	  22.151	 -36.444
52	 -73.742	7	  -2.839	  44.468	 -55.712
53	 -67.951	7	  41.468	  48.141	 -47.530
54	 -67.763	7	   9.872	  66.281	 -58.435
55	 -67.708	7	   1.099	  53.974	 -58.495
56	 -67.496	7	  19.341	  31.445	 -31.375
57	 -66.205	7	  -6.708	  65.560	 -46.319
58	 -61.118	6	  37.990	  60.350	 -40.364
59	 -57.280	6	 -12.813	  58.161	 -44.671
60	 -53.618	5	  26.562	  42.958	 -64.923
61	 -49.427	5	   0.745	  71.342	 -46.735
62	 -46.690	5	  20.114	  22.527	 -40.714
63	 -32.748	3	  -4.144	  55.151	 -27.029
64	 -32.471	3	  34.780	  54.151	 -37.000
65	 -30.784	3	  11.833	  57.221	 -28.728
66	 -19.058	2	  41.673	  58.596	 -48.921
67	  -9.345	1	  29.155	  40.151	 -45.330
