1	-1663.418	129	  37.008	  15.364	  -0.196
2	-1174.909	96	  34.980	  -1.493	  26.495
3	-1105.712	89	  34.106	  20.485	   3.094
4	-1058.278	82	  30.918	  31.771	   7.221
5	-965.618	81	  18.807	  22.163	  11.733
6	-935.283	88	  26.886	  11.771	  -3.345
7	-742.476	53	  20.571	   3.324	  20.231
8	-721.989	62	  23.703	  28.177	  24.941
9	-715.385	66	  37.731	  14.698	  34.911
10	-711.733	67	  33.576	  -5.040	  36.129
11	-698.631	63	  48.679	  15.817	  25.724
12	-678.760	44	  20.942	 -14.154	  26.605
13	-671.532	61	  18.178	  15.682	   5.490
14	-669.965	60	   9.864	  13.520	  20.179
15	-659.204	59	   9.839	   2.640	  32.403
16	-625.984	56	  15.376	  12.598	 -10.933
17	-579.287	37	  18.757	  -4.600	  21.533
18	-577.896	51	  14.148	 -23.955	  29.069
19	-572.652	55	  42.167	 -23.153	  25.598
20	-533.596	49	  38.948	   3.868	  -6.138
21	-505.972	47	  30.731	 -28.502	  41.957
22	-473.466	42	  45.690	 -17.718	  17.353
23	-469.686	44	  14.861	  -3.167	  48.394
24	-463.423	43	  13.830	 -15.303	  45.587
25	-455.887	43	  52.211	  14.391	  -2.457
26	-448.396	42	  37.015	  -2.332	  45.993
27	-447.368	43	  46.606	  20.569	 -22.145
28	-442.739	40	  31.896	   2.170	  37.963
29	-439.608	40	   9.982	   9.981	  31.085
30	-439.060	40	  26.511	  -0.318	  -2.316
31	-426.350	41	  34.411	  26.441	  22.191
32	-415.659	37	  15.341	  -9.696	   7.246
33	-394.934	35	  -2.254	 -10.271	  17.286
34	-393.097	25	  22.042	   5.896	   6.393
35	-379.066	36	  -2.747	  -9.365	   7.643
36	-371.501	31	   3.747	  -0.961	   3.853
37	-370.031	35	  28.628	  31.945	 -20.654
38	-367.364	32	  55.716	  22.477	   7.386
39	-354.381	31	  38.332	 -10.715	  38.432
40	-340.788	24	  37.619	  32.854	   1.724
41	-339.864	32	  21.541	 -27.905	  31.599
42	-327.743	31	  45.320	 -10.485	   7.103
43	-315.933	28	  33.905	 -26.693	  18.583
44	-315.601	30	  23.992	   8.329	 -19.114
45	-300.284	28	  12.964	   0.878	  -0.890
46	-289.778	26	  46.926	  26.597	  11.155
47	-288.678	27	  45.048	 -11.165	  30.956
48	-276.872	23	  36.813	  -6.016	  -2.578
49	-273.762	25	   7.176	 -10.568	  42.733
50	-269.060	26	  43.363	 -18.911	  40.380
51	-255.920	25	  17.530	  28.919	   0.893
52	-254.029	24	  44.704	  14.938	 -11.341
53	-252.641	19	  25.499	   0.866	  46.752
54	-251.937	23	 -10.323	  -2.498	  14.590
55	-245.126	22	   8.277	 -17.232	  11.280
56	-244.870	22	  21.659	   5.342	  -5.826
57	-237.527	21	  34.675	  21.127	 -21.632
58	-235.139	15	  39.705	   6.001	   2.588
59	-230.174	21	  17.800	 -23.714	  40.789
60	-222.808	21	  27.301	  33.612	  13.527
61	-221.213	21	  27.733	 -20.536	   6.289
62	-219.481	17	  30.134	  36.543	  -0.588
63	-217.528	22	  49.450	  -7.368	  16.208
64	-213.902	21	  32.361	  13.465	 -12.702
65	-208.519	17	  19.731	  19.652	  32.842
66	-195.099	18	  44.032	  37.212	 -16.082
67	-195.041	19	   3.033	  -5.881	  35.104
68	-192.006	19	  44.246	  33.770	   8.142
69	-191.831	17	   6.795	 -26.491	  34.385
70	-190.171	16	  17.448	  24.746	  -8.838
71	-183.401	18	  18.292	  13.469	  38.622
72	-182.332	17	  57.784	   9.857	   2.513
73	-177.703	16	  32.604	 -17.343	  48.392
74	-177.208	15	  34.064	  36.297	  -6.577
75	-175.311	16	   1.113	   1.747	  27.217
76	-169.842	17	  10.362	  24.177	  25.576
77	-168.967	16	  49.454	  22.302	  -9.103
78	-167.789	15	  47.277	  -4.455	  -1.243
79	-167.408	15	  16.468	  32.185	  29.669
80	-161.025	15	  41.810	 -29.238	  33.690
81	-160.476	14	  38.342	 -20.312	  14.010
82	-160.015	15	  -6.164	   6.533	  17.444
83	-145.288	14	  40.170	   4.405	  33.393
84	-144.866	14	  49.079	  -0.074	  19.800
85	-142.491	10	  42.891	  13.062	  14.621
86	-140.338	14	  27.289	   6.346	 -12.949
87	-138.647	13	  20.976	  35.626	 -10.825
88	-137.571	13	   4.189	   5.724	   0.543
89	-132.985	13	  53.115	  21.760	  17.588
90	-132.234	12	  26.239	 -25.619	  18.580
91	-132.004	13	  54.404	   3.161	   1.282
92	-131.131	9	  46.097	  23.907	  -1.301
93	-129.194	12	  51.521	  -2.380	  10.882
94	-128.464	13	  53.077	 -14.255	  13.060
95	-126.759	9	  25.730	  18.765	  15.863
96	-120.852	12	  15.192	  28.696	  19.392
97	-117.563	10	  11.766	  20.172	  19.777
98	-112.748	11	  -1.539	   9.511	  22.550
99	-110.771	10	   7.566	  13.992	   4.372
100	-109.746	11	   7.633	 -22.003	  20.298
101	-109.180	10	  -0.590	 -15.816	  39.567
102	-107.611	11	  36.340	 -26.117	   5.980
103	-106.709	10	  34.286	  36.022	 -18.523
104	-106.694	8	  20.471	  12.030	  31.053
105	-106.486	10	  43.696	  24.115	  21.047
106	-105.836	10	  26.379	  18.617	  36.236
107	-105.346	10	  13.704	  23.137	  36.632
108	-104.611	10	  50.972	   7.356	  25.605
109	-103.506	10	  23.677	  -2.639	  56.933
110	 -95.172	10	  44.921	  39.855	  -3.550
111	 -89.174	5	  23.972	  -3.479	  33.889
112	 -86.928	9	  -1.204	  10.478	   9.358
113	 -86.601	9	  31.672	 -35.100	  35.949
114	 -85.995	9	  23.963	 -10.083	  53.487
115	 -78.400	7	  19.149	 -19.148	   8.804
116	 -77.657	8	  38.860	  22.426	  28.300
117	 -72.271	7	  16.040	 -31.319	  36.984
118	 -71.775	7	  10.362	   6.099	  -8.983
119	 -70.328	7	  31.220	 -32.533	  28.019
120	 -69.464	7	  -4.182	 -11.393	  26.521
121	 -68.818	7	  23.284	 -18.297	  47.738
122	 -68.634	7	  53.384	  35.579	   0.240
123	 -67.490	7	  40.557	 -17.340	   1.410
124	 -65.314	4	  27.002	  -9.285	  46.274
125	 -63.913	6	  45.692	  -3.146	  27.627
126	 -62.013	6	  11.392	  18.014	  12.102
127	 -61.911	5	  -6.393	  -3.000	  26.630
128	 -60.916	6	  23.852	  37.669	  -4.240
129	 -58.867	6	  60.715	  19.192	  13.520
130	 -57.728	6	  22.579	 -12.502	   5.119
131	 -55.433	4	  37.391	   6.450	  18.867
132	 -50.683	5	  -4.402	   1.517	   3.678
133	 -50.245	5	  57.912	  10.319	  21.123
134	 -49.232	5	  54.575	  28.493	  -5.729
135	 -45.632	5	  14.177	   4.738	  45.856
136	 -41.038	4	  58.158	   5.833	  14.030
137	 -40.339	4	  38.951	 -13.444	  46.854
138	 -40.325	4	   6.354	 -24.662	  46.009
139	 -40.011	4	   7.116	   0.369	  42.999
140	 -39.152	4	  27.637	   9.597	  40.747
141	 -38.905	4	  17.581	  30.274	 -17.700
142	 -38.214	4	   1.369	 -22.899	  28.266
143	 -37.313	4	  16.400	   1.329	 -11.973
144	 -36.869	4	  25.136	  20.813	 -25.484
145	 -30.420	3	  49.299	  32.933	 -22.429
146	 -30.408	3	  33.391	  -6.313	  53.937
147	 -28.864	3	  -8.575	   7.023	   8.925
148	 -21.971	2	   5.391	  -0.138	  15.274
149	 -21.505	2	  53.391	  29.827	 -15.726
150	 -20.294	1	  27.391	  26.338	   2.274
151	 -19.612	2	  29.391	 -11.662	   0.741
152	 -19.068	2	  40.391	  33.845	 -25.726
153	 -19.029	2	  16.391	  18.810	 -23.726
154	 -18.244	2	   5.391	  20.343	  33.773
155	 -14.477	1	  12.391	   6.338	  17.274
156	 -13.507	1	  40.391	  24.338	   4.274
157	 -10.467	1	  -0.609	 -20.662	  45.274
158	  -9.721	1	   6.391	 -15.662	  49.274
159	  -9.606	1	  52.391	   3.338	  -6.726
160	  -9.390	1	  51.391	  38.338	 -10.726
161	  -9.318	1	  12.391	  20.338	   0.274
162	  -9.211	1	  29.391	   5.338	  53.274
163	  -8.920	1	  54.391	 -15.662	  24.274
