1	-1055.958	94	  16.131	   5.378	  13.182
2	-798.842	73	   4.807	 -11.545	   7.475
3	-790.572	67	   4.470	 -19.738	  15.222
4	-690.686	62	  32.407	  -5.947	  41.066
5	-681.504	60	   6.631	 -26.390	  20.001
6	-680.244	58	  11.451	  -3.530	  17.924
7	-656.877	57	 -10.672	  -3.222	   3.831
8	-633.043	59	   2.677	  -9.783	  26.704
9	-594.169	50	  -8.704	 -11.458	 -11.786
10	-576.405	52	   5.067	 -15.625	  34.002
11	-569.501	47	  -4.806	  19.916	   9.045
12	-484.736	44	   9.304	   3.376	  19.186
13	-480.690	44	 -12.930	   3.667	  -2.203
14	-476.736	42	  20.722	  -4.649	  12.976
15	-463.503	44	  11.956	 -19.289	  35.405
16	-452.617	42	  13.822	 -12.379	  13.176
17	-447.190	43	  -6.229	 -17.447	  17.026
18	-421.015	37	  28.254	 -17.652	  24.872
19	-416.044	36	  12.947	  -2.914	  -5.478
20	-414.177	38	  10.210	  10.039	  30.866
21	-406.984	38	  -3.418	  -6.340	   4.802
22	-397.528	37	  37.748	  -1.024	  33.558
23	-353.074	30	  15.604	 -23.387	  20.381
24	-348.075	30	 -10.576	  -5.019	 -14.501
25	-339.505	31	 -19.307	 -14.988	  -7.936
26	-329.680	31	   5.009	 -15.713	  -4.266
27	-325.284	28	   0.324	  -8.373	 -10.797
28	-324.461	30	   4.849	  23.839	   3.665
29	-323.395	28	  23.926	   8.151	   1.030
30	-322.423	29	  20.356	 -29.718	  27.752
31	-316.388	28	  19.905	  10.308	  30.001
32	-315.954	27	  20.444	   3.802	   6.404
33	-311.581	29	  20.501	   5.845	  20.291
34	-309.205	26	  18.089	 -10.273	  42.497
35	-307.844	27	   0.037	  18.102	  -7.947
36	-304.962	28	  10.878	 -35.395	  23.010
37	-304.431	26	  36.322	  -9.531	  35.576
38	-301.567	30	  28.277	   0.530	  19.671
39	-293.686	24	   3.933	   1.723	  12.759
40	-281.098	26	  17.523	 -25.110	  37.025
41	-274.602	25	  21.098	  13.409	   6.749
42	-273.335	25	  -8.599	   9.396	   7.245
43	-271.318	26	  -4.572	  10.193	 -11.691
44	-268.601	19	  11.610	   4.520	  37.749
45	-261.461	24	   9.923	 -42.628	  31.168
46	-261.267	23	  27.405	  -9.975	  44.986
47	-228.042	21	   7.229	  -3.403	  35.391
48	-223.363	22	  11.015	  12.219	  20.116
49	-207.892	19	  -1.201	 -30.071	  21.603
50	-198.109	18	 -14.806	 -23.556	  -7.541
51	-195.158	19	   3.750	   4.819	 -13.915
52	-190.589	18	  24.443	 -23.657	  39.553
53	-185.337	16	 -23.021	  -9.214	  -1.346
54	-183.226	17	  -5.978	  23.269	   0.128
55	-173.914	16	  -4.868	   0.189	 -16.093
56	-172.625	17	 -10.229	 -13.980	  26.382
57	-171.063	16	  32.218	   5.343	  30.739
58	-167.933	16	  20.300	 -38.966	  29.890
59	-163.741	16	  29.270	 -10.097	  15.521
60	-160.514	15	  15.150	  15.387	  -6.564
61	-155.777	14	  16.872	  18.584	   2.603
62	-151.041	14	   4.566	 -23.096	  43.199
63	-148.366	15	  10.637	  21.577	  10.634
64	-145.495	14	 -17.351	  -5.515	   9.887
65	-143.121	14	 -25.595	  -0.574	  -2.819
66	-141.809	14	  -0.484	 -10.006	  19.047
67	-141.139	13	   5.244	  -6.481	  14.120
68	-137.864	14	  23.128	  -3.282	   5.214
69	-135.412	13	   1.466	   7.501	  21.190
70	-129.584	13	   8.630	  17.175	  -8.132
71	-124.759	12	  -0.431	 -28.523	   2.140
72	-123.237	12	  35.664	 -15.876	  43.427
73	-122.922	11	  -9.171	 -27.081	   1.725
74	-122.862	12	   3.585	 -30.299	  43.952
75	-118.454	12	  26.710	   7.714	  37.597
76	-115.002	11	  23.089	  -4.193	  48.729
77	-110.324	10	 -11.101	 -11.028	  12.236
78	-108.604	10	 -12.672	 -18.981	  10.225
79	-107.748	9	  -6.790	 -21.549	  29.440
80	-103.133	10	   6.751	 -38.975	  36.924
81	-102.572	10	 -24.162	  -1.891	 -11.415
82	-101.787	10	 -21.694	 -19.770	   0.344
83	 -98.839	10	  20.082	   9.365	  44.368
84	 -98.259	10	 -15.612	   5.489	  -9.136
85	 -96.973	9	  -1.026	 -21.932	 -11.167
86	 -92.156	8	  39.770	  -7.855	  27.295
87	 -86.945	9	  13.543	 -12.071	   3.787
88	 -86.807	9	   4.147	  20.366	  18.247
89	 -85.222	9	  33.312	 -21.520	  37.890
90	 -82.070	8	  12.899	   5.731	 -14.007
91	 -79.863	8	  -1.959	 -16.409	  40.154
92	 -78.657	8	   2.417	 -37.746	  24.136
93	 -77.446	8	   0.722	   0.272	  27.824
94	 -77.104	8	  -7.101	 -30.609	  29.397
95	 -73.361	7	  -2.653	   6.701	  14.933
96	 -71.232	7	  -6.822	 -29.369	  -7.878
97	 -69.601	7	   6.381	  22.683	  -3.515
98	 -68.767	7	 -25.344	 -15.394	   6.104
99	 -65.147	6	   5.242	 -23.761	  -4.806
100	 -57.836	6	  37.930	 -12.013	  17.805
101	 -48.667	5	 -14.432	  13.707	  -0.730
102	 -46.615	5	  -4.240	 -33.105	  39.064
103	 -46.177	5	  -0.039	   5.878	  35.452
104	 -43.456	4	  16.212	  -0.357	  50.838
105	 -40.022	4	  39.257	   1.482	  25.150
106	 -39.935	4	  11.489	 -36.985	  42.436
107	 -37.806	4	 -19.271	 -14.488	  14.410
108	 -36.511	4	 -15.976	  17.232	   8.164
109	 -29.860	3	  -9.927	 -28.125	  38.607
110	 -28.839	3	   3.130	 -22.832	   5.934
111	 -27.665	3	  18.430	  12.129	 -14.696
112	 -19.812	2	  -5.639	 -23.579	   9.657
113	 -19.416	2	   0.303	 -42.051	  31.657
114	 -18.760	2	  25.248	  15.482	  -4.343
115	 -18.379	2	   3.770	  14.453	  23.171
116	 -18.220	2	  -6.230	   1.990	   9.657
117	 -11.706	1	  20.770	 -33.518	  36.657
118	  -9.666	1	  -3.230	  25.482	  16.657
119	  -9.001	1	   1.770	  29.482	  11.657
120	  -8.928	1	  16.770	  -9.518	  -3.343
