1	-985.425	89	   4.537	  60.696	   5.558
2	-954.430	83	 -25.531	  57.769	  -2.371
3	-934.939	83	   4.624	  39.430	  -2.696
4	-929.856	82	 -26.235	  23.550	  -7.695
5	-811.948	72	  -6.655	  11.352	  -2.894
6	-797.612	66	  24.783	  42.740	   3.209
7	-784.832	69	  25.895	  25.901	  -5.019
8	-774.217	72	  -6.690	  40.828	  -0.415
9	-734.484	64	 -24.551	  83.282	  -0.205
10	-723.327	60	 -40.417	  72.694	   2.708
11	-723.002	65	 -23.577	  45.615	   0.640
12	-696.743	64	 -44.382	  48.400	   0.055
13	-629.085	58	  16.977	  17.115	  -5.013
14	-622.336	57	 -51.631	  24.120	 -10.683
15	-618.081	58	  15.977	  52.288	   0.782
16	-589.711	54	   9.065	  45.535	  -6.616
17	-583.882	54	 -43.370	  61.526	  -2.979
18	-567.543	53	 -21.206	   6.834	  -9.519
19	-551.291	52	 -20.631	  47.282	 -10.332
20	-532.629	50	  -8.436	  21.897	   4.275
21	-530.180	46	 -24.199	   4.390	   4.625
22	-525.793	47	 -32.446	  60.410	  -8.203
23	-524.569	49	 -16.957	  33.928	 -12.775
24	-513.087	48	 -43.613	  64.146	  19.175
25	-511.072	46	 -22.700	  18.239	 -13.133
26	-499.692	40	 -43.415	  74.845	  14.266
27	-495.313	46	  -6.036	  50.015	   7.502
28	-493.901	41	 -36.463	  -2.580	   2.387
29	-480.436	39	  28.556	  41.123	  14.841
30	-459.395	42	  -7.499	  43.775	 -10.668
31	-458.795	45	  18.007	  41.793	  22.819
32	-450.935	36	 -31.210	   2.557	  -6.528
33	-448.093	42	   1.483	  29.991	  -6.027
34	-443.816	41	 -44.715	  16.534	  12.103
35	-443.674	39	 -48.280	  16.312	 -16.140
36	-438.887	38	 -42.167	  59.750	  10.689
37	-427.892	40	 -31.433	  39.179	   2.380
38	-413.766	31	   0.089	  45.197	  -3.889
39	-407.505	38	 -14.325	  60.622	  -3.041
40	-402.652	34	 -43.942	  37.909	 -12.508
41	-396.596	36	 -11.363	  78.215	   2.385
42	-377.929	35	 -16.768	  30.354	   0.069
43	-376.392	32	  14.812	  48.281	  13.646
44	-370.328	34	 -30.225	   2.617	  12.444
45	-367.909	33	  13.833	  23.944	  18.951
46	-355.310	31	 -30.033	  82.668	 -10.891
47	-341.252	33	  -4.820	  56.041	  10.904
48	-333.716	33	 -27.868	  12.898	 -19.540
49	-332.999	29	 -36.068	   5.094	 -11.418
50	-332.675	31	  -9.983	  26.868	 -18.829
51	-332.590	30	  -3.113	  53.624	 -14.167
52	-322.623	29	 -35.725	  78.640	  -4.060
53	-322.180	28	  27.670	  34.407	 -13.787
54	-319.739	23	 -18.919	  25.152	  -8.846
55	-312.907	22	 -27.876	  51.653	  -5.748
56	-311.496	28	 -23.364	  68.298	  23.212
57	-300.834	27	 -30.780	  46.744	 -18.022
58	-297.453	28	   5.342	  42.837	  19.404
59	-289.130	26	  27.637	  37.829	  -4.828
60	-288.756	27	 -16.197	  83.576	   2.241
61	-286.666	27	 -35.112	  32.472	  -9.905
62	-281.851	22	   0.021	  19.752	 -10.710
63	-281.580	27	 -28.029	  76.623	  17.807
64	-273.970	26	 -47.844	  43.350	  -4.320
65	-273.672	24	 -32.560	  15.972	  11.333
66	-269.956	26	 -39.095	  50.827	   9.582
67	-262.684	25	 -15.996	  23.406	   4.588
68	-261.786	25	 -39.743	  40.666	   5.858
69	-255.441	25	 -17.940	  12.620	   6.287
70	-252.297	19	  -3.865	  64.711	  -3.606
71	-247.892	23	   2.174	  61.657	 -10.782
72	-245.890	24	  19.184	  43.583	 -10.587
73	-245.223	23	  20.987	  48.680	  18.205
74	-234.441	23	   5.973	  49.835	  14.073
75	-225.673	21	 -40.454	  -0.492	  -4.961
76	-225.325	21	 -25.114	  11.791	  13.256
77	-224.619	22	 -50.223	  36.559	   4.312
78	-223.852	21	 -46.525	   8.619	   4.501
79	-223.043	20	   9.132	  35.149	  18.022
80	-220.399	13	   3.871	  27.980	   3.885
81	-220.183	20	 -40.533	  46.603	 -16.884
82	-217.164	20	  -5.812	  17.419	 -18.018
83	-214.703	19	  -2.453	  73.945	   7.362
84	-214.429	14	 -17.507	  62.059	   6.886
85	-213.314	20	  19.062	  33.407	 -15.510
86	-209.123	19	 -51.971	  23.494	   5.930
87	-204.305	20	 -34.622	  70.387	 -10.778
88	-202.597	18	 -53.237	  35.707	  -3.779
89	-200.300	18	   0.338	  30.880	  16.985
90	-194.869	19	  31.108	  37.235	   8.388
91	-188.465	17	 -44.117	  30.227	  10.278
92	-186.681	17	 -12.794	  45.765	   0.752
93	-186.232	17	 -36.226	  54.996	  18.430
94	-184.837	18	  29.231	  19.687	   0.357
95	-184.436	17	  13.355	  15.215	  11.093
96	-182.339	16	 -29.288	  60.866	  18.198
97	-179.861	17	 -31.352	  45.532	   6.246
98	-179.691	17	 -51.958	  50.280	  -3.209
99	-176.711	17	 -55.586	  11.816	  -9.352
100	-175.338	17	 -40.085	  79.844	   9.110
101	-174.467	17	 -31.779	  49.337	  15.148
102	-174.315	17	 -25.955	  76.768	 -12.732
103	-174.041	17	  -2.251	  67.734	  13.003
104	-172.053	16	 -13.260	  74.958	  17.362
105	-171.102	15	   2.715	  18.167	  13.019
106	-169.183	16	 -17.167	  74.656	  -6.065
107	-167.454	10	 -36.219	  27.316	   0.190
108	-167.032	15	  14.501	  25.586	 -10.752
109	-162.226	15	 -22.767	  88.577	   6.872
110	-157.989	16	 -24.329	  29.760	   9.701
111	-156.689	16	 -14.444	   3.400	 -14.121
112	-156.258	14	  24.359	  26.586	  12.663
113	-154.649	15	   5.138	  15.232	 -11.729
114	-154.585	15	   2.208	  10.690	   6.475
115	-154.306	16	 -20.401	  48.224	  11.299
116	-154.217	15	 -13.806	   9.418	  -1.973
117	-152.269	15	 -54.948	  24.253	  -2.575
118	-146.754	14	 -21.019	  55.287	  18.314
119	-141.830	12	 -42.473	  24.442	 -16.052
120	-141.774	13	   7.368	   9.719	  -1.032
121	-141.028	13	  26.790	  31.956	  17.706
122	-138.201	13	 -13.213	  53.459	 -11.647
123	-137.865	12	 -53.707	  14.001	   2.443
124	-132.513	13	  -6.169	  36.693	  11.649
125	-131.692	12	  -5.338	  34.680	 -13.511
126	-130.279	11	 -48.813	   7.781	 -12.101
127	-128.865	13	 -32.253	  32.726	   8.690
128	-128.254	12	 -11.217	  63.363	  18.808
129	-127.018	12	  -6.080	   3.409	  -7.418
130	-126.894	13	 -42.853	   9.668	 -20.437
131	-123.730	12	 -44.226	   2.240	   6.289
132	-121.902	11	  22.514	  18.721	  10.757
133	-119.818	12	 -38.850	  16.996	 -23.649
134	-117.147	11	 -26.301	  37.569	 -15.474
135	-117.145	11	  11.851	  66.362	   3.577
136	-115.153	11	 -12.054	  80.170	  10.192
137	-112.179	11	  16.776	  13.672	   2.746
138	-110.224	11	 -14.985	  53.472	  13.394
139	-109.054	11	  17.275	  58.612	  -2.654
140	-106.288	10	 -27.944	  31.331	  -8.008
141	-106.118	10	 -35.004	  62.393	  22.108
142	-104.805	10	 -12.558	  18.323	 -24.359
143	-104.302	10	 -35.698	  77.656	  19.754
144	-103.455	10	 -21.758	  19.026	  12.264
145	-101.317	9	 -21.249	  82.308	  16.564
146	 -90.129	9	   1.367	  70.287	  -2.425
147	 -80.451	8	  -4.868	  27.769	  10.597
148	 -79.179	7	 -32.704	  24.667	  12.262
149	 -77.608	7	 -37.154	  54.610	 -21.336
150	 -77.535	7	   6.694	  56.031	 -17.192
151	 -73.103	7	  13.106	  60.541	 -10.436
152	 -68.753	7	 -36.190	   7.898	  12.454
153	 -61.511	6	 -48.809	  52.283	 -15.142
154	 -59.787	6	 -50.136	  59.071	  -9.557
155	 -59.227	6	 -31.306	  61.732	 -18.666
156	 -58.862	6	 -52.327	  58.428	   0.597
157	 -58.205	6	 -32.970	  22.738	 -16.503
158	 -52.043	5	 -44.167	  58.099	 -16.502
159	 -51.401	5	 -23.360	  67.152	  -8.684
160	 -50.853	5	  11.025	  34.568	 -10.671
161	 -49.550	5	 -13.669	   9.518	 -21.041
162	 -47.219	5	 -14.769	  -0.251	  -5.701
163	 -46.889	5	  -7.590	  72.341	  -5.482
164	 -41.987	4	 -31.711	  85.742	  -0.221
165	 -41.675	4	  -4.690	   8.191	 -16.801
166	 -38.355	4	  18.332	  60.481	   6.783
167	 -38.312	3	 -36.482	  55.477	   4.044
168	 -35.404	2	   7.919	  47.742	   6.852
169	 -32.269	2	 -21.167	  13.447	  -0.691
170	 -30.869	3	 -22.470	  19.863	 -23.388
171	 -30.712	2	 -12.167	  21.389	  -3.691
172	 -29.584	3	  19.838	  27.747	  18.630
173	 -29.014	3	   9.165	  46.421	 -17.364
174	 -18.097	2	  30.833	  25.234	   6.309
175	 -12.460	1	 -34.167	  45.742	  -2.691
176	  -9.620	1	 -22.167	  56.742	 -11.691
177	  -9.555	1	 -29.167	   1.742	 -15.691
178	  -9.513	1	 -24.167	  28.742	 -16.691
179	  -9.348	1	  10.833	  46.742	  24.309
180	  -9.251	1	 -20.167	  81.742	  -8.691
