1	-1384.477	124	  18.068	  13.901	  16.132
2	-1240.021	110	  18.514	 -13.948	  13.471
3	-1094.673	103	  13.186	 -10.969	   7.410
4	-1010.508	95	  10.343	  11.437	  19.451
5	-841.593	68	  12.746	 -33.599	  27.551
6	-831.129	73	  10.077	  21.243	  -6.298
7	-829.685	71	   0.858	 -20.966	  29.770
8	-800.164	67	  28.146	  28.964	   4.410
9	-786.539	64	  19.354	  34.083	   1.313
10	-754.145	64	  14.727	   9.379	  -8.009
11	-742.715	62	  21.965	 -29.095	  28.875
12	-709.699	59	   4.243	  -9.028	  33.666
13	-660.532	63	  -0.227	   0.220	  10.382
14	-650.332	59	  24.469	  15.117	  -8.471
15	-575.662	51	  13.285	 -17.532	  38.075
16	-520.256	47	  25.691	 -21.195	  11.760
17	-511.937	47	   2.899	   9.614	  20.045
18	-511.740	44	  30.072	  -9.353	  18.711
19	-470.076	31	   6.933	   0.079	  12.007
20	-428.614	38	  15.288	  -2.474	  -3.526
21	-421.603	39	  26.923	  -2.937	  24.221
22	-420.095	35	  30.499	   9.262	  16.453
23	-377.199	32	   6.853	  -8.805	   3.089
24	-367.200	34	  30.310	   3.123	  10.911
25	-348.083	33	  20.944	  22.813	  21.413
26	-345.668	30	   7.737	   2.712	  30.239
27	-344.733	33	  10.460	  20.739	  30.587
28	-329.225	30	  -3.767	 -13.103	   7.369
29	-300.916	28	  20.471	 -22.775	  -0.953
30	-283.170	27	   4.072	   1.154	  -4.272
31	-278.499	27	  -2.488	  -0.442	  26.142
32	-276.442	26	  33.475	   2.997	  -9.086
33	-246.524	23	  -5.657	  12.501	  10.554
34	-245.809	24	  -9.592	 -16.669	  22.404
35	-236.378	21	  18.049	 -38.830	  18.486
36	-233.920	22	  29.311	  -6.094	  35.878
37	-228.953	20	  27.565	  20.357	  21.368
38	-223.823	21	  20.596	  38.700	  12.069
39	-218.433	21	  -2.318	   6.338	  -1.538
40	-217.641	20	  21.298	  -2.936	  43.204
41	-216.491	21	  33.773	  22.953	  -0.469
42	-209.491	20	   6.498	  32.724	  20.613
43	-207.614	20	  10.575	 -32.509	   4.208
44	-204.112	20	  37.740	   4.621	  -0.216
45	-199.629	20	  13.217	 -17.957	  -0.609
46	-197.748	19	  24.264	 -23.071	  35.864
47	-194.775	18	  -3.509	  17.305	  -3.972
48	-187.252	18	   8.613	 -24.914	  -0.143
49	-184.709	18	   5.868	  35.135	  -0.732
50	-183.588	17	   5.248	 -28.428	  28.781
51	-179.647	17	  13.927	  28.502	  -3.554
52	-177.420	17	  -0.511	 -35.232	  22.713
53	-171.948	17	  -7.809	  -5.612	  18.899
54	-171.220	17	   8.783	   9.691	  33.648
55	-163.551	16	  18.870	  -9.070	  -6.419
56	-156.298	15	  33.708	  26.673	  12.281
57	-156.132	15	  30.168	 -26.965	  25.008
58	-153.193	15	  10.612	  -9.593	  40.302
59	-145.693	14	  -7.393	 -23.685	  23.655
60	-144.057	14	  23.645	   1.192	  -9.909
61	-142.238	14	  -2.781	  15.550	  18.270
62	-137.464	13	  21.636	   7.332	  35.628
63	-136.188	13	  -0.438	  24.265	  -4.651
64	-133.144	13	  11.522	  -0.967	  39.522
65	-133.048	13	  30.838	  -7.051	  -2.004
66	-128.414	13	  23.097	  15.546	  28.476
67	-127.596	13	   0.693	 -36.463	  14.143
68	-122.223	12	   2.506	 -14.283	   0.532
69	-120.917	12	  13.790	 -37.019	  10.051
70	-119.767	12	 -10.205	 -12.946	  13.187
71	-117.637	11	  11.914	  26.640	  26.821
72	-116.565	12	  32.817	 -16.374	  36.109
73	-114.911	11	  41.920	  12.266	  -7.610
74	-113.955	11	  35.650	  10.912	 -12.744
75	-113.627	10	   2.321	  24.306	  23.331
76	-105.718	10	  27.502	  25.225	  -6.533
77	-103.524	10	  -7.556	  12.894	   3.010
78	-101.801	10	  27.715	 -16.446	   4.438
79	 -98.666	10	  -6.451	  23.546	   9.076
80	 -98.632	10	  19.830	 -11.984	  47.573
81	 -95.382	9	  27.552	 -13.986	  46.051
82	 -92.325	9	  41.381	  16.222	   1.907
83	 -83.776	8	   9.233	  39.678	   7.319
84	 -83.277	8	   1.229	  35.005	   9.448
85	 -83.019	8	  37.753	   8.907	   5.972
86	 -81.953	6	  22.259	 -11.590	  19.608
87	 -79.120	8	  21.103	  28.560	  -6.513
88	 -77.579	8	  34.706	 -19.804	  27.050
89	 -76.869	7	  17.354	 -26.499	  37.333
90	 -76.049	8	  38.610	  19.151	  11.654
91	 -74.240	4	  19.272	   0.184	  15.774
92	 -69.680	7	  -5.756	 -23.241	   7.220
93	 -66.350	7	  27.256	 -27.965	  11.636
94	 -64.971	6	  -5.325	 -30.766	  13.787
95	 -62.276	6	   7.926	 -38.933	  24.686
96	 -57.250	6	  -7.323	  -8.104	  26.717
97	 -54.654	5	  12.681	  37.054	  17.263
98	 -50.788	5	  28.219	  34.263	  11.744
99	 -47.912	5	  30.045	   7.865	  24.863
100	 -40.551	4	  -2.631	  30.827	   1.723
101	 -40.532	4	   7.388	 -38.497	  12.635
102	 -40.462	4	  25.736	 -34.503	  21.653
103	 -37.636	4	   2.077	  15.524	  -8.917
104	 -29.203	3	  27.837	 -12.276	  -6.238
105	 -27.796	3	  -3.149	  24.025	  18.112
106	 -27.691	3	  22.180	 -34.272	  10.083
107	 -19.687	2	  16.837	  12.521	  38.083
108	 -10.929	1	  19.837	  34.054	  21.083
109	  -9.681	1	   7.837	 -25.946	  38.083
110	  -9.287	1	  33.837	  -2.946	   4.083
111	  -9.105	1	  35.837	  20.054	  -8.917
112	  -9.005	1	  22.837	 -19.946	  45.083
