1	-1522.761	134	  16.996	  14.311	  16.580
2	-1506.923	132	  17.917	 -14.224	  12.721
3	-993.715	76	   5.165	 -14.604	   6.966
4	-878.401	77	  10.454	  21.177	  -6.522
5	-788.122	63	  27.975	  29.018	   4.306
6	-759.655	63	   4.173	  -8.909	  33.450
7	-752.485	64	   0.798	 -20.884	  29.702
8	-745.611	59	  21.557	 -28.824	  28.964
9	-703.711	59	  14.998	   9.377	  -7.999
10	-656.820	55	  19.781	  34.073	   0.682
11	-570.843	46	  11.986	 -33.598	  27.013
12	-553.680	52	   0.408	   1.890	  11.867
13	-531.282	46	  30.684	   9.580	  16.316
14	-506.010	45	  24.452	  16.627	  -7.561
15	-489.766	42	  30.102	  -9.518	  19.058
16	-473.354	32	   6.958	   0.050	  11.985
17	-466.748	44	  24.407	  21.041	  21.315
18	-451.965	35	   2.935	  14.430	  14.871
19	-450.605	40	  13.010	 -16.483	  37.543
20	-445.641	42	  26.345	 -20.912	  12.101
21	-442.450	41	  27.013	  -2.704	  24.434
22	-401.018	38	  38.193	   5.890	   1.491
23	-390.882	35	  13.916	  23.026	  28.216
24	-363.747	32	  15.398	  -2.660	  -3.216
25	-331.059	31	  30.289	   3.211	  11.277
26	-314.548	29	  21.657	  38.243	  11.531
27	-313.264	27	   7.146	   2.754	  29.691
28	-309.058	21	   4.727	   8.297	  21.842
29	-301.235	29	  34.128	  23.294	   0.147
30	-289.156	28	  33.247	   2.731	  -8.984
31	-286.778	19	   9.343	  -7.769	   2.581
32	-279.787	27	  -9.192	 -19.220	  22.089
33	-275.702	26	  25.099	 -23.207	  35.572
34	-275.281	25	   6.159	  33.008	  19.979
35	-260.817	23	  21.053	 -20.843	  -1.057
36	-254.261	25	   7.297	  18.522	  29.356
37	-238.864	22	  28.739	  -4.489	  38.287
38	-233.777	22	  -2.594	   6.001	  -0.609
39	-212.104	20	   5.433	 -28.459	  29.015
40	-211.306	20	  23.188	  -1.987	  42.961
41	-211.092	20	  13.344	  28.898	  -3.301
42	-207.602	20	  10.051	 -32.407	   4.307
43	-204.660	21	  18.537	  -8.142	  45.777
44	-187.618	18	   5.038	   2.381	  -5.243
45	-187.481	18	  -3.073	  -2.064	  26.246
46	-184.428	18	   5.151	  35.497	  -0.673
47	-184.067	18	  13.041	 -18.706	  -2.237
48	-183.517	17	  18.104	 -26.436	   1.836
49	-180.867	17	  18.026	 -38.451	  19.000
50	-180.799	18	  10.364	  -9.160	  39.875
51	-180.025	17	  -3.594	  17.077	  -4.051
52	-171.744	16	  12.515	  40.069	   4.678
53	-170.915	17	  33.426	  10.219	 -13.024
54	-165.243	16	  -1.076	 -35.087	  22.290
55	-159.409	16	  23.385	   1.824	 -10.148
56	-159.088	14	   1.698	  24.331	  21.575
57	-158.209	13	   2.171	  -5.647	   6.431
58	-155.403	15	  19.359	  -9.649	  -6.324
59	-154.827	15	  30.117	 -26.725	  24.362
60	-148.604	14	  -5.488	  17.725	   9.701
61	-136.359	14	   0.619	 -34.786	  11.910
62	-134.448	13	  41.270	  16.577	   1.903
63	-133.323	13	   9.232	  37.415	  13.799
64	-126.382	12	  33.575	  26.626	  12.118
65	-124.799	12	  -0.990	  24.847	  -4.422
66	-123.995	12	   8.594	 -24.022	  -0.087
67	-118.596	9	  22.191	 -11.221	  18.965
68	-117.214	12	  23.369	  15.561	  28.408
69	-115.911	11	   9.296	   9.541	  34.300
70	-113.749	11	  -7.400	  -5.078	  17.905
71	-107.607	10	  21.764	   7.622	  35.404
72	-107.561	10	  -4.793	 -13.086	   8.514
73	-107.261	10	  27.381	  25.016	  -6.670
74	-107.231	10	  11.200	  -0.995	  39.112
75	-105.282	10	  30.761	  -7.374	  -2.414
76	-105.223	11	  17.070	 -35.788	  32.442
77	-104.215	10	  42.257	  12.233	  -7.575
78	-103.746	10	  28.075	 -13.223	  46.240
79	-103.442	10	  16.084	 -24.929	  38.401
80	-101.991	10	  -9.984	 -12.065	  13.193
81	-100.174	10	  32.862	 -16.289	  36.614
82	 -97.986	10	  -7.021	   9.608	   4.114
83	 -92.593	9	  23.033	   9.975	 -10.918
84	 -91.807	5	  19.602	   0.033	  15.135
85	 -89.670	9	  14.389	 -37.534	  11.501
86	 -89.279	9	  -7.072	 -29.197	  14.940
87	 -81.171	8	   0.080	  34.329	   9.033
88	 -80.099	8	  -5.913	 -22.345	   7.082
89	 -79.667	8	  21.452	  29.365	  -5.531
90	 -79.562	6	  24.156	  11.437	  12.943
91	 -76.372	8	  38.794	  20.135	  11.705
92	 -70.723	7	   4.477	 -39.309	  18.346
93	 -70.420	7	  10.871	 -28.915	  34.361
94	 -70.101	7	  26.425	 -34.053	  19.802
95	 -68.330	7	  -7.232	 -11.061	  27.490
96	 -60.119	6	  27.929	 -16.188	   4.122
97	 -59.963	6	  27.743	 -28.558	  12.119
98	 -59.481	6	  34.864	 -19.590	  27.546
99	 -58.034	6	   0.574	  16.092	  23.106
100	 -56.718	6	  30.052	   7.611	  25.249
101	 -53.621	5	  31.267	  -8.908	  32.254
102	 -50.673	5	  -7.940	  17.081	   2.744
103	 -50.167	5	  24.690	  34.646	  18.254
104	 -49.071	5	   1.598	   8.486	  -7.657
105	 -39.992	4	  -6.940	  25.349	   3.397
106	 -39.766	4	  24.892	  28.411	  22.033
107	 -39.437	4	  34.732	  20.356	  -9.431
108	 -38.090	4	   2.308	  16.378	  -8.918
109	 -29.089	3	  33.373	  -8.569	  12.133
110	 -28.982	3	  21.357	 -19.882	  44.736
111	 -26.573	2	  11.060	   7.673	  15.082
112	 -18.980	2	   0.601	 -23.341	   2.054
113	 -17.887	2	  33.057	  -4.387	   5.085
114	  -9.717	1	   7.060	  27.118	  28.082
115	  -9.443	1	  22.060	 -33.882	  10.082
