1	-2005.417	157	  28.812	  -0.063	  30.353
2	-1772.840	150	  10.171	  -6.127	  45.531
3	-1687.583	139	  42.262	   9.464	  48.637
4	-1605.785	132	  17.844	 -12.980	  12.778
5	-1584.684	131	  45.677	  10.003	  14.160
6	-1031.920	74	  26.685	   1.410	  44.238
7	-1011.519	88	  26.043	  22.307	  19.420
8	-940.825	83	  35.382	 -23.555	  25.218
9	-880.789	61	  31.356	  -1.459	  15.391
10	-878.431	77	  40.260	 -22.611	  39.583
11	-861.586	75	  45.717	 -13.016	  43.047
12	-750.526	61	   9.366	  14.421	  35.148
13	-742.537	64	  15.278	  22.660	  31.324
14	-670.923	64	  53.890	  14.892	  33.057
15	-668.428	58	  15.076	  20.155	  20.839
16	-638.120	54	  44.718	 -21.066	  29.525
17	-623.233	40	  22.247	   7.471	  38.958
18	-605.362	41	  41.348	  15.361	  23.930
19	-593.733	37	  32.325	  -5.718	  42.075
20	-576.222	38	  47.342	   4.351	  39.289
21	-575.667	50	  35.336	  29.113	  23.944
22	-571.000	37	   8.878	  -3.264	  34.488
23	-560.479	52	  20.328	   2.764	  -3.704
24	-558.722	35	  34.156	  -8.328	  21.257
25	-552.419	51	  43.126	  19.793	  14.421
26	-549.644	51	  19.974	 -22.827	  15.246
27	-544.373	33	  26.535	   6.422	  18.724
28	-537.799	50	  50.413	   3.266	  49.176
29	-523.658	47	  22.875	 -11.755	  62.415
30	-523.457	50	   6.112	 -17.779	  27.494
31	-508.195	44	  61.264	 -13.366	  34.554
32	-502.461	44	  27.691	 -22.617	   7.883
33	-495.237	41	  47.769	  -8.412	   2.686
34	-474.214	44	   2.772	   0.120	  41.858
35	-470.052	40	   0.415	   7.599	  30.157
36	-450.254	39	  45.577	  -1.850	  57.095
37	-448.797	40	  37.703	  19.016	   6.764
38	-441.547	42	  26.363	  34.119	  51.517
39	-439.299	39	  60.096	 -19.830	  23.307
40	-436.809	40	  31.394	 -32.697	  48.335
41	-428.997	36	  57.941	  -6.078	  39.307
42	-416.731	26	  18.471	 -16.218	  23.489
43	-410.503	36	   4.688	   6.219	  49.942
44	-403.780	35	  24.752	  18.525	  59.303
45	-379.418	34	  29.870	  10.589	  -8.864
46	-378.730	35	   1.576	  17.955	  12.335
47	-373.781	29	  -1.428	  12.940	  22.481
48	-372.561	33	  39.959	 -17.891	  -4.072
49	-368.971	33	  13.049	  13.685	  66.119
50	-366.270	31	  23.153	 -30.591	  28.969
51	-332.557	29	  34.003	  -6.987	  69.995
52	-328.158	25	  28.885	  -2.459	  22.734
53	-324.813	28	  29.607	  34.994	  29.309
54	-323.378	31	  61.748	 -13.718	  11.367
55	-314.240	30	  32.993	 -16.934	  65.698
56	-310.304	30	  10.960	 -34.073	  37.108
57	-303.593	29	  13.166	 -19.566	  10.074
58	-302.400	26	  22.262	  35.944	  38.843
59	-281.267	26	  50.806	 -17.980	  36.621
60	-280.140	25	  51.351	  -8.160	  42.079
61	-278.551	25	  22.222	  28.305	  25.094
62	-277.338	24	   4.982	  14.502	   3.559
63	-262.106	24	  35.020	 -25.018	  61.469
64	-255.082	25	  17.389	 -36.330	  44.479
65	-254.663	25	   1.285	 -12.639	  29.091
66	-253.499	23	  28.303	 -25.826	  25.178
67	-252.255	24	  24.017	 -29.849	  56.163
68	-251.834	22	  33.679	  16.876	  -2.162
69	-251.378	25	  50.168	 -16.805	   1.308
70	-249.537	23	  10.644	  20.129	  58.689
71	-241.600	23	  36.770	  38.143	  40.634
72	-236.340	23	  68.042	   0.850	  31.052
73	-227.403	23	  14.638	 -26.109	  54.295
74	-219.406	21	  67.761	  -7.047	  22.943
75	-219.243	20	  36.270	  -3.636	  -9.682
76	-219.134	21	  50.823	  12.652	  51.777
77	-213.831	21	  17.270	  11.624	  -5.895
78	-211.322	19	  41.365	  -5.910	  65.922
79	-209.715	20	   0.980	  -8.951	  45.761
80	-209.133	21	  38.703	 -27.684	  52.834
81	-202.288	15	   3.300	 -10.594	  20.266
82	-200.365	19	  51.777	 -25.714	  18.939
83	-199.562	19	   4.582	   6.613	  -0.506
84	-197.819	19	  21.827	   3.749	  70.353
85	-197.119	19	  -8.142	  -2.390	  17.469
86	-193.996	18	  53.539	 -22.775	   9.246
87	-190.108	19	  12.650	  30.316	  41.944
88	-185.792	17	  22.115	  16.732	  -5.003
89	-180.474	16	   6.107	  12.640	  58.891
90	-179.891	9	  51.886	 -14.510	  27.447
91	-178.901	17	   3.001	  -0.600	   2.477
92	-175.235	16	  35.054	 -23.011	  -0.029
93	-174.858	10	  24.173	  26.664	  34.823
94	-174.170	17	  35.657	  30.558	  52.276
95	-170.847	17	  27.264	 -36.571	  37.001
96	-170.832	17	  61.949	  -3.834	  11.938
97	-169.298	16	  -5.843	   4.625	  10.022
98	-167.477	16	  32.099	   2.998	  72.421
99	-165.343	11	  32.768	   3.440	  25.536
100	-161.346	12	  56.252	   9.007	  27.142
101	-157.636	15	   2.547	   0.825	  54.376
102	-154.706	15	   5.991	  18.404	  26.216
103	-153.237	15	  38.706	   5.356	 -10.715
104	-152.329	14	  13.099	  17.616	  -2.337
105	-150.013	14	  22.234	 -24.279	  62.101
106	-146.514	9	   8.611	  13.273	  17.907
107	-145.890	14	  21.755	 -22.773	   3.431
108	-144.779	14	  13.783	  29.440	  51.871
109	-144.739	14	  44.097	  36.790	  32.170
110	-143.784	14	  18.300	  25.220	  59.598
111	-143.675	7	  31.331	 -24.941	  40.829
112	-143.011	14	  46.542	  33.781	  38.270
113	-141.951	14	  47.611	   4.073	  60.311
114	-139.226	13	  35.470	 -28.932	  32.568
115	-138.945	14	  44.700	  19.439	  53.551
116	-138.633	10	  46.725	  20.745	  38.073
117	-129.859	11	  17.317	 -24.513	  25.649
118	-129.728	9	  23.241	  -0.612	  34.729
119	-129.246	13	  48.713	  -9.479	  53.994
120	-127.795	9	   8.721	 -19.413	  36.051
121	-125.088	12	  42.127	  11.449	  57.190
122	-124.311	12	  12.295	  22.630	   6.414
123	-124.219	12	  17.520	 -13.341	   3.909
124	-123.966	12	  44.850	  17.018	   2.987
125	-122.613	12	  46.108	 -23.809	   2.708
126	-114.255	11	  53.576	  18.645	  14.960
127	-109.185	11	  56.195	   9.236	  11.334
128	-107.896	11	  -8.446	  11.280	  19.942
129	-107.886	10	  31.421	 -12.784	  -9.823
130	-100.629	10	  32.595	 -27.345	  13.693
131	-100.020	10	  43.541	  11.872	  -5.745
132	 -98.968	7	  13.625	 -11.075	  29.373
133	 -98.368	10	  57.583	  13.632	  42.426
134	 -97.513	10	  66.853	   3.489	  19.988
135	 -94.293	9	   3.037	  13.251	  44.533
136	 -89.988	9	  45.206	 -17.385	  52.311
137	 -86.829	7	  39.597	  -3.454	  39.834
138	 -84.398	9	   5.492	 -16.873	  50.787
139	 -83.590	8	  -1.791	  -1.454	  32.303
140	 -83.577	6	  32.729	   1.521	  36.205
141	 -81.377	6	  29.776	 -13.553	  24.197
142	 -81.018	8	   5.432	 -22.565	  18.702
143	 -80.991	8	  44.131	  26.178	  22.959
144	 -79.053	8	  29.801	  42.143	  42.306
145	 -77.449	8	  27.374	  12.189	  67.444
146	 -76.696	5	  38.265	  -0.286	   2.179
147	 -76.113	8	  -6.998	  -6.450	  28.566
148	 -73.550	7	  26.630	 -20.938	  -4.339
149	 -72.437	7	  11.301	   4.921	  68.878
150	 -72.376	5	  19.125	  -1.941	  27.194
151	 -70.068	7	   8.089	 -12.492	   5.632
152	 -68.760	7	   5.724	   2.077	  63.571
153	 -68.666	5	  22.778	 -10.286	  33.697
154	 -68.138	5	  31.764	  11.846	  22.347
155	 -68.064	7	  41.698	 -27.096	  17.269
156	 -65.771	7	  27.133	  -3.671	  -9.915
157	 -65.449	5	  16.474	   3.134	  35.008
158	 -64.153	6	   9.684	  -6.254	  62.282
159	 -64.130	4	  20.390	  -0.502	  58.331
160	 -62.952	6	  57.758	   2.957	  41.944
161	 -62.528	4	  42.007	  -0.669	  28.562
162	 -60.101	6	  46.757	 -27.482	   9.223
163	 -58.874	6	  68.916	 -16.715	  23.640
164	 -58.590	4	  33.344	  11.053	  33.109
165	 -58.470	6	  13.573	 -13.566	  58.003
166	 -56.960	6	  44.372	  -3.380	  -4.898
167	 -56.034	6	  -7.304	  14.381	   9.016
168	 -52.425	5	  55.240	  21.236	  22.548
169	 -52.405	5	  39.559	   6.551	  69.105
170	 -52.118	5	  24.464	 -39.820	  48.023
171	 -51.496	5	  53.691	  -0.201	   6.367
172	 -50.856	5	  22.506	  23.437	   8.750
173	 -50.623	5	  -2.111	 -12.941	  36.148
174	 -49.120	3	  45.886	  11.394	  32.042
175	 -48.263	5	  35.663	  20.092	  57.712
176	 -43.956	4	  48.886	   5.827	  -0.917
177	 -43.244	4	   6.427	  24.300	  50.114
178	 -41.758	4	   7.886	  21.079	  42.102
179	 -41.171	3	  27.955	   5.735	  58.865
180	 -39.293	4	   8.408	 -30.027	  26.895
181	 -38.949	4	  13.919	  -6.172	  -0.421
182	 -38.896	2	  36.153	 -12.034	  33.064
183	 -38.729	4	   7.654	 -28.709	  46.574
184	 -38.704	4	  28.142	 -11.436	  68.075
185	 -37.698	4	  44.891	  32.307	  46.577
186	 -37.455	4	  -3.604	  -6.468	   9.329
187	 -35.265	2	  28.483	  -4.941	   1.331
188	 -31.335	3	  43.192	 -19.256	  60.331
189	 -30.403	3	  15.943	  -2.941	  68.331
190	 -29.912	3	  36.763	  13.440	  65.022
191	 -29.382	2	  14.886	 -15.941	  48.740
192	 -28.386	3	   2.216	 -27.271	  39.334
193	 -28.031	3	  26.226	  26.719	  60.991
194	 -20.749	2	  66.367	   7.502	  34.925
195	 -19.225	2	  22.886	  -3.406	  73.331
196	 -19.165	2	  57.365	 -10.462	   4.895
197	 -19.099	2	  52.886	  25.588	  39.331
198	 -19.025	2	  19.395	  17.550	  64.840
199	 -18.997	2	  19.886	  -9.451	  -5.669
200	 -18.317	2	  21.886	  24.059	   0.845
201	 -18.121	1	  51.886	   1.059	  15.331
202	 -11.684	1	  16.886	   5.059	   4.331
203	 -10.964	1	  39.886	   1.059	  16.331
204	 -10.749	1	  36.886	  19.059	  48.331
205	  -9.857	1	  63.886	  12.059	  27.331
206	  -9.503	1	  10.886	  -4.941	   9.331
207	  -9.460	1	  50.886	  24.059	  29.331
208	  -9.099	1	  32.886	  25.059	   0.331
