1	-1679.845	149	  16.088	  17.329	  32.008
2	-1646.747	151	  45.839	  36.385	  22.853
3	-861.475	77	  19.648	  39.539	  35.456
4	-788.243	70	  42.375	  25.919	  42.264
5	-785.871	73	  31.799	  34.716	  40.942
6	-767.170	68	  40.684	   7.577	  43.301
7	-752.622	67	  21.374	  51.538	  22.653
8	-694.999	57	  36.923	  49.270	  36.065
9	-531.098	47	  43.997	   4.156	  30.956
10	-527.982	50	  37.618	  56.687	  19.256
11	-481.190	38	  24.361	  19.489	  48.972
12	-449.970	43	  49.132	  28.389	  11.170
13	-448.518	44	  16.872	  27.425	  53.908
14	-440.384	40	  28.585	  -1.808	  31.412
15	-432.510	36	  40.513	  18.344	  20.671
16	-418.807	35	  21.276	  26.584	  16.272
17	-416.416	40	  48.463	  47.538	  25.530
18	-380.486	35	  43.314	  47.671	  43.891
19	-348.007	32	  14.222	  13.152	  16.706
20	-340.433	30	  31.300	  45.772	   7.308
21	-338.785	30	  15.502	  20.960	  19.016
22	-326.028	29	  35.871	  11.080	  48.612
23	-309.773	28	  25.309	   0.667	  44.196
24	-306.904	28	  11.032	  29.231	  23.356
25	-303.972	28	  49.133	  10.444	  34.020
26	-296.749	27	  53.868	  21.184	  28.204
27	-295.134	26	  25.675	  53.229	  28.407
28	-294.440	28	  30.669	  57.253	  32.628
29	-293.673	28	  10.633	   3.683	  22.603
30	-288.308	27	  13.590	  12.316	  42.363
31	-284.229	28	  50.782	  31.458	  44.917
32	-263.683	25	  24.619	  31.655	  46.365
33	-262.202	25	  46.534	  24.196	  17.365
34	-257.040	24	  50.949	  37.891	   6.272
35	-249.617	23	  10.228	  38.507	  29.029
36	-245.291	23	  16.719	  45.455	  12.247
37	-242.714	23	  11.443	   8.254	  34.759
38	-237.151	21	   6.083	  33.254	  35.520
39	-217.360	22	  23.338	   1.713	  21.206
40	-212.914	19	  47.668	  23.120	  24.022
41	-210.216	20	  51.337	  20.951	  37.120
42	-206.204	19	  12.243	  42.462	  19.810
43	-197.647	19	  30.053	   5.879	  18.810
44	-180.879	18	  12.840	  39.581	  40.098
45	-167.532	17	   8.999	  13.094	  21.625
46	-167.375	16	  29.684	  33.307	   5.294
47	-159.512	16	  56.861	  31.150	  23.829
48	-150.050	16	  37.325	  39.775	   3.452
49	-149.819	14	  29.508	  46.282	  36.758
50	-147.848	15	  53.350	  46.411	  42.366
51	-145.061	15	  39.180	  31.834	   5.110
52	-140.464	14	  40.389	  38.125	  45.357
53	-135.796	13	   5.308	  21.397	  26.833
54	-130.491	13	  18.688	   5.080	  45.325
55	-129.828	13	  23.896	  15.199	   8.988
56	-122.192	11	  52.435	  41.781	  17.914
57	-118.630	11	  55.798	  30.239	  37.291
58	-116.383	11	  37.446	  50.889	   7.883
59	-115.858	11	  31.729	  20.223	  49.964
60	-113.574	6	  30.812	  19.772	  11.979
61	-111.450	11	  33.192	  19.456	   4.056
62	-109.910	10	   3.012	  24.464	  42.386
63	-107.731	10	  28.714	  58.139	  11.218
64	-103.315	9	  58.982	  39.936	  34.246
65	-103.114	10	  12.707	  -1.543	  30.596
66	 -99.716	9	  26.492	  10.785	  56.474
67	 -98.711	10	  23.454	  18.813	  58.520
68	 -97.924	9	  19.009	  51.850	   8.905
69	 -90.544	9	   5.680	  24.688	  51.054
70	 -90.019	8	  37.369	  59.694	  34.208
71	 -89.579	9	  37.535	   8.982	  15.907
72	 -88.949	8	  33.105	  -5.058	  41.995
73	 -81.886	8	  14.038	  48.183	  25.990
74	 -80.118	7	  30.792	  13.230	   7.119
75	 -79.098	8	  14.425	  30.648	  16.557
76	 -78.223	8	  45.542	  60.426	  31.286
77	 -75.834	8	  47.799	  13.113	  43.727
78	 -75.707	8	  55.927	  49.655	  32.676
79	 -72.765	7	  14.790	  10.055	  55.750
80	 -71.449	7	  47.906	  47.503	  17.993
81	 -67.148	5	  15.007	  31.163	  28.974
82	 -63.586	6	  49.614	  48.282	   7.869
83	 -57.919	6	  21.115	   9.169	  15.438
84	 -57.663	6	  49.441	  56.357	  38.519
85	 -57.635	6	  19.888	  -2.490	  37.420
86	 -56.986	6	  23.236	  27.220	   4.981
87	 -52.248	4	  45.135	  24.638	  31.694
88	 -50.392	5	  46.761	  14.442	  22.998
89	 -49.442	5	  21.915	  56.638	  16.371
90	 -49.066	5	  40.282	  57.066	  40.984
91	 -47.878	5	   5.864	  17.800	  48.337
92	 -41.682	4	  32.141	   1.440	  24.524
93	 -40.158	4	   4.375	  23.409	  34.203
94	 -38.746	4	  12.601	  19.324	  57.468
95	 -38.120	4	  22.461	   4.897	  53.209
96	 -31.184	3	  40.225	   0.007	  43.461
97	 -29.128	3	  11.303	  35.027	  46.849
98	 -20.973	2	  18.448	  38.675	   9.769
99	 -20.484	2	  42.422	  33.159	  16.790
100	 -17.882	2	  39.917	  -5.325	  35.267
101	 -10.557	1	  31.917	  31.675	  19.769
102	  -9.167	1	  51.917	  28.675	   2.769
103	  -8.943	1	  22.917	  52.675	  35.769
104	  -8.901	1	   3.917	  15.675	  40.769
