1	-1627.479	149	  16.243	  17.094	  32.127
2	-1384.972	128	  45.814	  36.240	  23.079
3	-862.054	77	  41.901	  25.454	  42.683
4	-817.462	74	  19.522	  39.543	  36.000
5	-756.265	68	  40.904	   6.436	  43.078
6	-615.414	56	  30.828	  33.492	  41.038
7	-552.971	49	  20.592	  51.007	  21.855
8	-520.017	42	  24.448	  19.629	  48.867
9	-512.553	41	  36.994	  49.014	  35.795
10	-512.330	46	  28.816	  -1.412	  30.937
11	-484.848	45	  25.418	   1.319	  45.376
12	-452.639	43	  13.403	  13.762	  17.884
13	-441.993	42	  43.820	   2.881	  31.514
14	-431.874	36	  40.380	  18.668	  20.559
15	-417.349	39	  37.449	  56.079	  17.932
16	-409.384	40	  16.596	  27.804	  53.495
17	-396.239	33	  21.301	  26.784	  16.108
18	-391.600	34	  35.693	  10.929	  48.397
19	-374.826	33	  25.165	  15.708	   8.543
20	-362.936	34	  18.214	  44.194	  11.155
21	-356.639	35	  10.053	   4.960	  22.826
22	-355.897	33	  11.770	  28.701	  22.847
23	-351.966	33	  48.503	  48.788	  25.426
24	-339.282	33	  49.904	  42.585	  21.517
25	-332.069	29	  29.663	  46.992	  36.156
26	-303.994	28	  13.401	  12.648	  42.026
27	-296.329	28	  23.841	  31.965	  47.040
28	-290.015	26	  46.998	  27.102	   9.868
29	-288.326	27	  43.466	  47.079	  44.133
30	-282.296	27	  46.997	  24.580	  17.500
31	-268.510	25	  33.478	  58.624	  33.315
32	-257.802	25	  52.034	  21.703	  36.964
33	-251.351	23	  10.273	  38.571	  29.466
34	-251.025	22	  53.576	  21.266	  28.478
35	-241.393	22	  15.918	  21.240	  18.508
36	-236.592	21	  12.479	  42.757	  18.901
37	-235.431	22	  25.066	  53.079	  28.240
38	-231.381	22	  49.589	  11.326	  34.857
39	-223.220	19	  32.089	  46.831	   6.794
40	-220.895	22	  29.851	  33.294	   5.178
41	-219.704	21	  31.899	   5.582	  18.853
42	-215.920	21	  51.566	  37.561	   7.024
43	-214.127	20	  10.474	  11.176	  33.397
44	-213.721	20	   5.560	  33.252	  33.607
45	-192.623	19	  49.980	  29.232	  44.793
46	-184.492	18	  57.008	  31.427	  23.530
47	-180.929	18	  52.412	  30.983	  12.710
48	-180.076	16	  47.995	  23.401	  24.318
49	-165.422	16	   5.480	  21.107	  27.221
50	-163.182	16	  14.114	  48.405	  26.419
51	-162.243	16	  11.903	  38.532	  42.056
52	-152.798	15	   3.710	  20.782	  43.333
53	-148.418	15	  22.912	   5.887	  17.710
54	-146.665	15	  56.025	  49.170	  34.360
55	-146.347	14	  34.308	  39.551	  40.750
56	-140.961	14	  18.713	   5.575	  46.882
57	-135.212	13	  32.483	  21.995	  48.429
58	-129.072	12	  29.681	  56.704	   9.651
59	-128.791	13	  23.255	  18.832	  58.654
60	-124.172	12	  40.604	  38.269	  45.544
61	-116.477	12	  37.191	  34.751	   4.254
62	-116.084	10	  27.792	  11.666	  55.557
63	-107.282	11	  38.741	  27.420	   5.819
64	-102.627	6	  30.917	  19.816	  11.915
65	-102.361	10	  40.825	  52.211	   7.770
66	-101.989	10	  45.585	  60.302	  31.008
67	 -97.811	10	  47.931	  12.267	  43.366
68	 -97.265	10	  41.293	  10.786	  18.085
69	 -95.708	9	  58.818	  41.208	  33.357
70	 -94.704	9	  31.509	  19.382	   3.504
71	 -92.105	9	  21.945	  56.236	  17.247
72	 -91.000	9	  13.081	   5.155	  37.229
73	 -90.934	9	  21.025	  51.219	   7.430
74	 -90.771	9	  15.112	   9.509	  55.284
75	 -89.881	8	  12.299	  -1.528	  31.722
76	 -89.167	8	  32.482	  -5.147	  41.757
77	 -85.806	9	  49.184	  56.564	  38.678
78	 -82.303	8	  50.618	  45.286	  44.386
79	 -68.827	7	  39.116	  41.683	   4.325
80	 -68.665	7	  48.979	  46.847	   6.831
81	 -68.271	7	  20.757	  28.461	   8.144
82	 -60.218	6	  48.902	  47.984	  16.505
83	 -55.249	6	  51.593	  36.856	  45.503
84	 -54.378	5	  20.340	  -2.503	  37.414
85	 -50.616	5	   5.343	  24.878	  50.404
86	 -41.541	4	  14.175	  31.956	  15.086
87	 -40.385	4	  33.195	   0.956	  24.321
88	 -38.593	4	  38.660	  59.938	  25.308
89	 -37.482	4	  30.671	  61.931	  22.065
90	 -30.626	3	  23.572	   0.386	  24.152
91	 -29.943	3	  47.039	  14.028	  23.221
92	 -28.614	3	  57.936	  45.352	  26.168
93	 -28.547	3	  40.264	  -4.983	  35.147
94	 -28.366	3	  38.936	  55.988	  42.180
95	 -27.565	3	  10.951	  20.363	  56.834
96	 -20.683	2	  43.825	  23.244	  31.708
97	 -20.400	2	  55.936	  33.689	  39.273
98	 -20.126	2	   7.936	  15.689	  51.334
99	 -19.751	1	  12.936	  30.689	  29.819
100	 -19.026	2	  42.936	  17.191	   8.819
101	 -18.884	2	  11.936	   6.689	  13.327
102	 -18.306	2	  50.465	  31.746	   1.290
103	 -18.120	2	  39.434	  18.689	  51.321
104	 -17.099	1	  32.936	  24.689	  30.819
105	 -11.750	1	  41.936	  31.689	  17.819
