1	-2297.003	177	  29.462	  34.539	  43.098
2	-1012.649	82	  26.516	  25.968	  23.787
3	-832.504	65	  14.576	  43.414	  59.037
4	-827.360	68	  38.023	  39.851	  61.716
5	-735.634	66	  48.647	  51.214	  27.116
6	-703.641	49	  21.222	  25.371	  59.418
7	-664.787	44	  40.843	  51.589	  11.316
8	-662.216	44	  15.142	  20.444	  74.780
9	-641.480	52	  17.949	  47.520	  29.121
10	-608.602	55	  22.704	   9.074	  66.931
11	-590.826	53	  13.486	  30.927	   5.004
12	-565.629	49	  19.756	  23.485	  28.186
13	-558.320	41	  38.622	  32.023	  57.393
14	-557.892	39	  16.120	  51.380	  60.739
15	-541.499	49	  17.789	  56.572	  36.658
16	-538.624	48	  15.772	  12.980	  59.334
17	-515.251	36	  10.694	  44.554	  25.234
18	-494.499	35	  37.150	  44.688	  26.451
19	-488.219	43	  35.162	  21.629	  59.653
20	-486.896	43	  26.242	  56.182	  47.539
21	-484.713	38	   2.588	  55.902	  19.377
22	-470.402	43	   7.726	  59.459	  82.320
23	-469.624	44	  42.257	  48.213	  40.536
24	-468.952	40	   7.212	  42.054	  49.845
25	-451.738	40	   3.378	  54.610	   7.874
26	-443.663	36	   3.199	  57.165	  66.547
27	-440.311	38	   9.033	  32.590	  23.910
28	-431.304	37	   1.016	  45.729	  17.547
29	-422.722	40	  51.811	  41.095	  19.729
30	-419.435	41	  31.338	  56.898	  75.684
31	-405.467	35	  18.096	   7.003	  76.246
32	-396.868	37	  45.122	  32.226	  24.707
33	-395.155	37	   5.137	  51.992	  54.427
34	-384.935	32	  20.362	  36.452	  64.615
35	-383.702	34	  53.882	  49.641	  16.404
36	-377.683	34	  20.898	  20.484	  43.920
37	-375.689	34	  38.529	  47.283	  57.302
38	-374.384	32	  53.690	  51.272	   8.550
39	-374.051	31	   4.401	  56.256	  76.483
40	-356.697	34	   8.387	  29.495	  11.272
41	-352.652	32	  27.079	  45.584	  19.694
42	-339.352	29	  27.150	  55.546	  62.088
43	-333.664	30	   7.384	  34.085	  38.450
44	-328.855	28	  33.245	  54.241	  41.054
45	-322.895	31	  13.290	  49.954	  85.480
46	-318.075	30	  11.519	  59.523	  54.970
47	-313.909	31	  11.838	  47.192	   0.215
48	-313.188	19	  15.477	  32.643	  29.361
49	-312.557	29	  34.119	  44.579	  10.293
50	-311.848	27	  29.865	  51.267	  80.628
51	-311.196	26	  13.027	  60.422	  68.134
52	-307.176	29	  43.147	  42.057	  35.235
53	-306.947	28	  37.569	  50.785	  69.041
54	-297.014	23	  19.831	  50.413	  68.152
55	-288.441	26	  26.854	  21.178	  51.305
56	-288.087	27	  46.305	  60.487	   7.596
57	-286.295	26	  20.858	  43.748	  16.244
58	-284.720	26	  37.329	  51.413	  47.799
59	-283.199	26	   1.812	  36.991	  17.285
60	-279.663	17	  28.485	  49.109	  56.515
61	-277.824	27	  33.707	  24.359	  15.362
62	-276.074	25	  39.177	  29.966	  29.287
63	-272.040	25	   3.453	  46.050	  40.132
64	-271.465	25	  19.687	  61.221	  81.561
65	-270.552	22	  11.033	  26.988	  45.024
66	-264.421	26	   5.469	  34.283	  48.441
67	-263.712	25	  14.714	  35.291	  58.158
68	-261.345	18	  11.967	  41.465	  18.326
69	-255.197	22	  20.323	  15.043	  83.057
70	-250.965	24	   2.282	  46.117	  60.233
71	-250.086	23	  26.092	  48.808	  28.724
72	-248.754	24	   0.879	  47.048	  29.618
73	-246.208	24	  20.514	  61.644	  69.050
74	-244.207	21	  14.799	  24.149	  38.015
75	-243.644	22	  16.690	  24.386	  18.948
76	-239.747	24	   7.408	  34.452	  31.246
77	-236.684	22	  20.977	  23.752	   5.212
78	-231.415	23	  24.442	  56.875	  54.218
79	-228.335	20	  12.912	   7.844	  67.738
80	-227.681	22	  16.435	  30.135	  70.942
81	-226.830	18	  26.686	  17.821	  73.642
82	-219.403	21	   8.763	  27.588	  59.983
83	-219.316	20	   9.443	  55.143	  34.403
84	-212.571	19	  18.863	  41.579	  70.228
85	-210.892	19	   8.053	  13.481	  77.428
86	-207.205	18	  41.315	  58.833	  20.596
87	-206.520	19	  40.204	  31.256	  11.992
88	-206.293	20	  32.644	  56.506	  25.895
89	-202.583	19	  34.259	  24.815	  75.189
90	-200.657	20	  35.604	  18.383	  68.942
91	-198.266	16	  45.284	  40.675	  12.328
92	-194.690	19	  30.986	  23.211	  35.996
93	-189.252	17	  13.519	  58.074	  45.156
94	-184.485	17	  39.894	  35.642	  71.370
95	-183.985	17	  52.174	  56.740	  17.792
96	-180.246	18	  12.953	  59.532	  26.266
97	-178.018	17	  49.788	  36.751	  27.790
98	-172.785	18	  42.651	  38.283	  50.700
99	-171.336	15	   5.258	  55.058	  28.214
100	-168.456	16	  38.140	  45.270	  80.241
101	-164.389	16	  24.350	  38.280	   6.234
102	-160.142	14	  25.943	  36.792	  79.465
103	-156.028	11	  20.812	  47.589	  47.196
104	-150.367	14	  22.246	  12.200	  54.937
105	-147.411	11	  15.110	  40.625	  38.660
106	-146.905	13	  40.104	  39.544	  43.824
107	-140.800	14	  41.758	  26.656	  66.654
108	-132.397	13	  18.431	  48.490	   8.883
109	-131.006	12	  22.321	  28.300	  76.860
110	-129.760	12	   1.579	  38.575	   5.967
111	-127.327	12	   2.637	  43.757	  67.690
112	-124.728	9	  26.000	  25.488	  42.862
113	-122.932	12	  26.638	  57.595	  33.587
114	-119.513	11	  20.210	  53.613	  24.273
115	-118.301	12	  12.010	  59.399	   9.377
116	-114.170	11	  15.687	  58.953	  18.896
117	-112.116	10	   7.462	  16.911	  65.506
118	-110.424	11	  36.486	  56.429	   4.635
119	-107.994	11	  11.902	  17.294	  50.357
120	-103.947	10	  33.284	  19.654	  22.375
121	 -97.222	10	   9.587	  22.633	  81.704
122	 -93.108	9	   0.109	  49.561	  75.212
123	 -89.931	9	  13.678	  43.103	  77.389
124	 -88.554	9	  42.310	  25.606	  22.182
125	 -86.884	9	  31.248	  14.891	  57.516
126	 -85.493	8	  47.484	  33.771	  14.141
127	 -84.347	8	  14.164	  24.332	  11.225
128	 -79.385	8	  47.690	  47.322	   2.289
129	 -77.103	8	  21.768	  24.051	  84.266
130	 -75.918	4	  25.981	  39.115	  23.496
131	 -74.519	8	  24.445	  31.755	   0.611
132	 -72.533	7	  38.855	  31.444	  47.776
133	 -71.814	7	  41.942	  56.997	  34.230
134	 -70.919	7	  33.466	  31.110	   6.260
135	 -67.143	7	  -0.290	  38.086	  27.828
136	 -60.219	6	  25.239	  21.121	  13.995
137	 -58.552	6	  21.165	  63.758	  59.628
138	 -56.611	6	  31.440	  11.622	  68.862
139	 -56.481	6	  36.490	  43.940	   2.172
140	 -53.469	5	  44.543	  35.738	  64.616
141	 -51.575	5	  20.621	  56.946	  88.736
142	 -51.332	5	  25.502	  59.664	  40.902
143	 -49.494	5	  -0.808	  46.436	  -0.659
144	 -47.734	5	   8.578	  27.906	  67.999
145	 -47.724	5	  42.629	  56.130	  -0.399
146	 -47.362	5	  25.358	  48.606	  87.767
147	 -40.067	4	  32.332	  38.321	  84.239
148	 -38.556	4	  31.988	  56.603	  17.761
149	 -29.704	3	  12.134	   7.486	  82.000
150	 -29.132	3	   3.288	  66.087	  70.000
151	 -27.669	3	  53.313	  64.121	  13.344
152	 -20.591	2	   7.981	  35.671	  -1.000
153	 -20.428	2	  -1.019	  45.121	  10.539
154	 -19.451	2	   7.981	  56.595	   2.000
155	 -18.943	2	  13.510	  62.611	  77.529
156	 -16.956	1	  24.981	  27.121	  32.000
157	 -15.493	1	  23.981	  39.121	  44.000
158	 -13.945	1	  35.981	  40.121	  54.000
159	 -10.030	1	   3.981	  52.121	  84.000
160	  -9.247	1	  24.981	  30.121	  70.000
161	  -9.011	1	  -7.019	  54.121	  16.000
