1	-1292.127	109	  51.911	   1.300	  14.231
2	-1235.778	96	  58.778	  21.047	  35.082
3	-921.803	65	  54.408	  24.623	  24.595
4	-831.209	74	  68.838	  33.642	  39.042
5	-775.028	69	  38.119	  17.909	  23.340
6	-653.471	52	  59.836	  31.641	  27.682
7	-631.143	56	  81.443	 -14.483	  27.718
8	-589.011	47	  74.171	  22.172	  31.204
9	-539.273	47	  75.585	  39.655	  30.178
10	-520.093	43	  77.933	  10.923	  15.693
11	-505.363	43	  48.851	  -4.118	  40.880
12	-503.069	47	  60.374	  30.225	  12.435
13	-500.618	44	  40.575	  17.210	   9.099
14	-482.896	44	  48.420	   6.250	  55.371
15	-456.301	27	  54.550	   2.165	  28.890
16	-444.723	39	  72.380	  16.394	  20.409
17	-444.606	38	  32.898	  10.098	  23.604
18	-421.450	29	  67.961	  25.483	  26.366
19	-416.281	40	  74.625	   6.764	   2.488
20	-409.810	37	  69.327	  30.170	  49.238
21	-407.492	39	  51.705	  30.754	  35.794
22	-400.952	36	  79.107	  23.004	  50.811
23	-390.989	31	  65.503	  11.365	  26.594
24	-379.699	36	  43.259	  25.970	  27.312
25	-361.925	23	  59.124	  11.432	   8.106
26	-358.332	33	  63.216	  19.398	  54.656
27	-354.859	34	  54.121	  19.492	   1.831
28	-348.819	24	  63.057	  -6.809	  22.326
29	-327.528	29	  62.107	   5.926	  59.556
30	-326.011	29	  72.879	 -12.706	   7.558
31	-323.489	31	  63.021	  -1.183	   7.627
32	-319.393	28	  72.655	   5.619	  21.749
33	-313.110	26	  53.255	  -4.618	  48.030
34	-311.811	28	  69.149	   2.187	  55.349
35	-299.732	28	  54.581	  15.426	  55.248
36	-298.338	22	  79.581	   3.557	  12.352
37	-294.977	18	  46.313	  19.280	  21.634
38	-292.954	26	  96.514	  -4.450	   6.666
39	-285.875	27	  42.760	  -2.261	  44.098
40	-281.332	23	  58.150	  -6.080	  39.567
41	-271.057	25	  76.991	   0.672	  25.730
42	-269.444	26	  69.703	  15.395	  31.214
43	-268.797	26	  68.619	   7.745	  43.856
44	-261.546	22	  44.061	  -2.094	  24.461
45	-259.956	25	  67.887	 -17.008	  20.463
46	-249.547	25	  90.445	  26.476	  42.612
47	-241.032	23	  61.119	  -0.234	  42.213
48	-238.150	24	  76.907	 -19.589	  20.967
49	-222.679	20	  61.087	  32.212	  43.057
50	-219.004	20	  75.551	  36.274	  21.505
51	-210.862	20	  76.912	  -5.726	   1.083
52	-207.747	19	  47.767	  13.412	  -0.551
53	-205.326	19	  71.793	  22.932	   4.484
54	-201.328	19	  60.003	  15.330	  -0.038
55	-194.575	19	  85.431	  33.766	  53.215
56	-190.753	17	  77.093	  38.407	  48.669
57	-188.793	18	  64.476	   4.548	   2.996
58	-184.794	17	  47.151	  17.885	  50.423
59	-183.158	17	  66.524	  34.971	  16.524
60	-182.948	17	  31.097	   7.447	  42.325
61	-181.744	16	  72.623	  -9.192	  31.481
62	-180.827	16	  74.286	  31.581	  15.633
63	-179.739	17	  54.314	   5.304	   0.159
64	-176.143	17	  81.170	  16.909	  47.352
65	-174.131	16	  87.821	   5.789	  18.048
66	-172.066	17	  48.774	  -9.733	  28.974
67	-169.629	17	  47.358	  23.657	   8.432
68	-168.039	15	  92.451	 -12.277	  16.427
69	-166.713	14	  43.496	  -5.083	  35.950
70	-164.525	16	  79.617	  20.824	  10.424
71	-159.183	13	  40.402	   5.791	  15.514
72	-154.435	15	  68.925	  14.201	   0.984
73	-152.949	15	  53.954	  33.658	  20.967
74	-150.893	14	  66.250	  -4.396	  31.951
75	-147.731	13	  88.220	  13.131	   9.583
76	-144.987	15	  90.143	   1.646	   0.601
77	-140.256	14	  53.423	 -11.492	  35.711
78	-138.946	13	  81.110	  19.666	  33.489
79	-131.971	13	  42.810	  -2.824	  51.897
80	-129.333	13	  34.771	  -5.851	  33.665
81	-129.243	12	  60.880	  -6.497	  14.462
82	-127.514	13	  63.974	  37.459	  31.738
83	-121.607	9	  91.676	   4.580	  10.596
84	-119.747	12	  38.114	   5.396	  48.168
85	-119.456	11	  41.823	  24.673	  36.650
86	-111.540	10	  84.780	  -3.408	  24.403
87	-108.461	10	  66.569	  25.270	  52.787
88	-107.871	10	  29.068	   6.416	  32.129
89	-107.244	11	  87.661	  40.355	  36.004
90	 -97.597	10	  76.741	   8.304	  49.998
91	 -90.211	9	  81.800	 -16.733	   7.767
92	 -89.727	6	  57.869	  -0.510	  21.489
93	 -88.183	9	  48.544	  32.699	  44.001
94	 -86.342	8	  42.551	  24.616	  46.320
95	 -86.325	9	  38.022	  23.055	  15.261
96	 -85.824	9	  41.313	  11.715	  50.850
97	 -84.468	8	  84.801	  15.555	  40.306
98	 -83.750	8	  95.201	 -12.990	   1.479
99	 -83.453	8	  88.435	  31.185	  34.913
100	 -81.840	8	  85.345	  26.558	  28.757
101	 -81.395	8	  28.456	  16.080	  34.281
102	 -80.676	8	  74.603	  13.626	  42.874
103	 -73.888	7	  72.493	  23.655	  62.127
104	 -73.176	7	  34.768	  17.440	  43.561
105	 -72.527	7	  75.004	   5.598	  60.047
106	 -70.961	6	  34.442	  14.575	  15.459
107	 -61.705	6	  82.728	  43.987	  43.958
108	 -60.696	6	  79.491	  24.076	  19.424
109	 -59.785	6	  33.244	  -1.208	  23.315
110	 -54.353	5	  84.708	  34.293	  25.784
111	 -53.347	5	  35.264	  20.848	  34.587
112	 -51.236	3	  67.625	  17.200	  12.694
113	 -49.396	5	  66.347	  28.495	   4.595
114	 -46.398	3	  64.488	  26.490	  33.394
115	 -45.730	3	  46.898	   7.983	   6.766
116	 -42.622	4	  59.032	 -13.521	  19.529
117	 -40.922	4	  89.309	 -14.316	  22.926
118	 -40.511	4	  54.453	  28.775	  50.297
119	 -38.678	4	  63.813	 -12.881	  33.658
120	 -28.889	3	  89.954	  20.487	  47.674
121	 -27.501	3	  94.312	  -2.132	  16.318
122	 -26.256	2	  46.797	  16.028	  32.984
123	 -19.796	2	  84.813	 -18.510	  15.506
124	 -19.274	2	  69.827	  12.004	  66.481
125	 -19.034	2	  88.865	 -18.510	   4.984
126	 -19.024	2	  91.811	  42.014	  45.984
127	 -18.523	2	  82.305	  16.975	   2.954
128	 -18.463	2	  81.801	 -12.533	   0.495
129	  -9.318	1	  90.335	  -7.510	  -2.016
130	  -9.238	1	  56.335	 -16.510	  29.984
131	  -9.108	1	  88.335	  21.490	  36.984
132	  -9.088	1	  61.335	  -2.510	  51.984
133	  -9.087	1	  50.335	  -3.510	  55.984
134	  -9.052	1	  80.335	  28.490	  59.984
