1	-2109.314	143	  22.216	 104.383	  65.187
2	-832.333	74	  25.551	  75.214	  69.902
3	-807.027	74	  31.883	  85.062	  85.545
4	-738.951	70	  16.530	  78.354	  47.100
5	-707.977	57	  17.572	 119.792	  86.846
6	-643.802	52	  30.311	 103.506	  72.261
7	-641.818	59	  14.213	 100.518	  96.001
8	-641.497	55	  19.743	 125.145	  42.241
9	-633.509	59	  11.329	 132.127	  53.140
10	-607.671	50	  29.577	 111.780	  62.788
11	-591.622	49	  22.567	  74.035	  56.462
12	-578.772	46	  30.367	  98.846	  60.345
13	-571.824	48	  18.422	 114.682	  41.186
14	-558.173	51	  22.358	 128.078	  49.370
15	-449.612	40	   2.464	 103.072	  65.354
16	-427.517	39	   3.248	 117.191	  58.808
17	-421.102	37	  28.321	  80.261	  52.796
18	-397.363	35	  20.497	  73.801	  86.381
19	-376.471	38	  31.569	 116.538	  55.114
20	-374.746	31	  21.499	 114.431	  34.264
21	-372.790	26	  17.277	  78.962	  68.121
22	-360.564	32	  26.664	 119.943	  46.941
23	-354.380	32	  25.124	 105.669	  92.806
24	-349.437	33	   3.986	  85.285	  58.974
25	-346.832	20	  14.292	 114.789	  65.867
26	-345.222	19	  15.559	  98.904	  55.162
27	-340.391	31	  14.525	 140.534	  72.621
28	-339.912	30	  29.869	 107.937	  36.033
29	-339.034	28	  33.465	  99.163	  38.441
30	-324.852	28	  20.607	 125.862	  89.690
31	-322.360	32	  12.385	 116.792	  27.453
32	-311.548	31	  10.190	  77.249	  90.730
33	-306.210	28	  19.506	  79.230	  93.154
34	-304.142	28	  26.288	  94.018	  34.827
35	-292.222	27	  32.762	  79.960	  75.960
36	-290.784	20	   9.886	 119.588	  83.419
37	-285.594	26	  24.801	 134.652	  69.374
38	-285.185	27	  -0.532	 110.161	  42.731
39	-271.410	27	   6.493	  99.839	  90.251
40	-270.930	26	   3.185	 104.284	  80.935
41	-269.909	26	  -1.339	 118.121	  82.678
42	-262.522	23	  17.696	 101.674	  28.507
43	-256.442	23	   4.247	 136.741	  76.487
44	-255.117	26	   4.254	 113.030	  29.721
45	-249.039	24	   1.933	  79.540	  69.290
46	-242.980	21	   7.096	 116.048	 100.000
47	-239.041	22	  18.649	 108.558	  95.520
48	-238.278	23	   7.925	  83.165	  52.597
49	-236.055	17	  10.389	 110.982	  43.371
50	-234.091	23	  30.813	 131.031	  59.638
51	-232.494	21	   1.020	 123.321	  70.724
52	-231.418	21	   4.052	  88.246	  79.902
53	-225.302	22	   7.230	  95.836	  31.340
54	-225.137	17	  30.964	 131.060	  73.706
55	-224.896	21	  16.641	  64.749	  72.892
56	-222.967	21	  35.986	 104.579	  53.091
57	-221.520	12	  15.720	  97.295	  74.861
58	-219.889	21	   4.705	 123.667	  54.405
59	-216.674	19	  21.233	 116.707	  95.215
60	-213.062	21	  33.411	  87.181	  59.317
61	-209.703	21	  34.712	  94.158	  60.896
62	-206.197	19	  30.526	 123.469	  80.224
63	-204.957	21	  33.708	 107.658	  75.678
64	-203.753	21	  16.165	  90.788	  29.529
65	-199.021	18	   5.227	  91.632	  51.329
66	-195.172	19	  31.641	  78.079	  61.783
67	-189.263	19	   7.917	  67.184	  73.604
68	-183.238	18	  31.737	 107.855	  83.460
69	-182.156	15	  15.423	 134.554	  82.653
70	-180.481	17	  37.056	  95.264	  72.176
71	-172.871	16	  11.615	  64.931	  60.755
72	-172.619	16	  10.706	  87.485	  95.986
73	-167.797	16	  35.022	 116.645	  71.415
74	-166.936	15	  20.390	 134.322	  54.515
75	-165.121	15	  11.206	 129.120	  95.782
76	-162.801	15	   5.107	  95.835	  82.170
77	-155.823	15	  10.753	  84.428	  35.929
78	-152.772	15	  23.434	  98.364	  96.879
79	-152.449	14	  29.808	  87.951	  36.906
80	-150.775	14	   3.532	  96.863	  45.362
81	-149.548	14	   0.695	 127.736	  64.517
82	-149.220	15	   2.390	 127.694	  92.045
83	-140.494	13	   6.685	 138.345	  65.231
84	-139.459	12	   6.511	 126.241	  34.828
85	-129.014	13	   0.590	 121.072	  46.554
86	-127.862	11	  26.776	 131.514	  83.646
87	-119.517	12	   4.323	  88.511	  39.223
88	 -97.649	9	  25.715	  80.109	  44.298
89	 -93.918	9	   5.891	  80.133	  85.147
90	 -87.183	9	   2.881	 131.452	  57.530
91	 -85.674	9	  27.503	 126.353	  36.641
92	 -74.995	7	  29.612	  90.908	  95.838
93	 -70.746	7	  38.547	  92.702	  49.170
94	 -69.040	7	  37.904	  98.077	  83.588
95	 -65.505	4	  13.968	  74.663	  74.178
96	 -65.315	6	  35.924	 124.829	  62.484
97	 -61.802	6	  33.829	  96.728	  90.994
98	 -61.777	6	   7.653	  81.098	  43.801
99	 -58.981	6	  -0.663	 103.777	  47.799
100	 -58.670	6	  32.325	 124.827	  49.457
101	 -57.566	6	  20.465	  62.988	  63.998
102	 -56.817	5	  35.963	  86.781	  70.990
103	 -56.671	5	  34.513	 109.151	  45.980
104	 -51.184	5	  19.793	  80.585	  37.006
105	 -50.156	5	  -2.635	 115.534	  35.414
106	 -48.321	5	  -0.445	 110.223	  87.402
107	 -48.292	5	   1.153	  86.424	  72.005
108	 -47.782	5	  30.439	  66.099	  64.331
109	 -46.420	4	   9.295	  84.225	  70.776
110	 -42.322	4	  -1.478	 116.083	  75.477
111	 -41.903	4	   3.299	  88.570	  88.770
112	 -41.834	4	  22.770	  65.744	  57.083
113	 -41.583	4	  26.406	 114.443	  85.820
114	 -41.280	4	   2.265	  97.267	  61.236
115	 -40.782	4	   3.758	 107.776	  93.200
116	 -40.289	4	  15.253	 140.556	  60.279
117	 -40.093	4	   5.968	  74.779	  55.515
118	 -39.382	4	  39.458	 102.813	  43.509
119	 -38.575	4	  16.416	 124.764	 100.750
120	 -36.648	4	  18.685	 124.036	  28.499
121	 -31.259	2	  10.968	 110.249	  35.534
122	 -22.911	2	  35.968	 116.793	  62.474
123	 -20.057	2	  16.968	 122.793	  52.505
124	 -19.611	2	  18.503	 129.793	  33.990
125	 -18.238	2	  40.461	  88.286	  77.468
126	 -18.204	2	  18.956	  91.299	  99.484
127	 -11.308	1	  11.968	  96.793	  64.990
128	 -10.284	1	  -3.032	 123.793	  88.990
129	 -10.208	1	  10.968	 106.793	  70.990
130	  -9.737	1	  37.968	 125.793	  72.990
131	  -9.211	1	   0.968	  70.793	  70.990
132	  -9.038	1	  24.968	 139.793	  60.990
133	  -8.988	1	  22.968	 137.793	  79.990
