1	-1895.716	177	  -6.982	  58.827	  28.590
2	-1632.624	134	   0.671	  53.077	   6.102
3	-1596.572	132	 -16.604	  24.072	  44.317
4	-1324.825	110	 -19.357	  27.500	  51.190
5	-1168.557	96	 -15.440	  28.444	   9.191
6	-1093.314	98	  -0.766	  46.174	  52.827
7	-1029.887	94	   8.344	  36.752	   7.128
8	-997.797	90	 -24.425	  39.787	  46.799
9	-910.636	80	  -4.965	  43.252	  45.632
10	-889.292	78	 -10.630	  33.382	   4.181
11	-870.984	70	   2.866	  49.638	  13.627
12	-838.384	78	 -12.747	  14.986	  28.553
13	-802.238	71	  -7.990	  45.968	  58.264
14	-799.872	74	 -10.218	  30.905	  16.143
15	-744.650	67	   8.173	  60.764	  32.243
16	-734.409	63	  -6.970	  22.036	  18.037
17	-700.538	66	  14.848	  57.222	  33.336
18	-683.671	63	 -16.863	  51.399	  24.784
19	-676.044	58	 -25.557	  19.319	  32.937
20	-642.955	56	   7.445	  50.717	   0.006
21	-608.530	54	 -22.765	  27.720	  37.618
22	-595.573	55	  -0.617	  42.169	  26.537
23	-569.433	54	   3.220	  58.902	  63.850
24	-569.080	49	  -9.587	  53.402	  60.739
25	-568.285	49	  10.248	  59.653	  -3.561
26	-564.429	52	 -25.420	  44.872	  54.498
27	-550.580	51	  -1.833	  65.021	  -8.717
28	-528.418	49	  -4.581	  68.976	  38.568
29	-474.624	44	  -8.535	  32.069	  34.877
30	-468.767	43	 -21.083	  18.443	  19.672
31	-467.724	39	   1.031	  38.128	  42.742
32	-452.750	43	 -20.037	  41.493	  38.111
33	-446.304	37	 -15.848	  38.713	   0.925
34	-438.302	41	 -21.516	   7.257	  34.163
35	-423.963	37	  -9.997	  45.936	  27.216
36	-404.457	37	   2.107	  72.906	   0.072
37	-403.388	32	   3.378	  45.385	   8.501
38	-400.924	37	  -1.185	  76.519	  14.211
39	-392.202	36	   7.413	  37.045	  17.740
40	-376.759	35	  -0.719	  19.337	  40.796
41	-365.942	35	  -3.116	  66.796	  54.492
42	-353.606	34	 -15.359	  57.831	   2.056
43	-352.487	32	 -14.027	   8.500	  -5.226
44	-346.061	33	  -6.254	  45.313	  -5.406
45	-344.206	27	 -14.948	  68.300	   2.158
46	-339.800	32	 -29.976	  25.096	  10.426
47	-338.506	32	  18.488	  49.422	  19.938
48	-323.476	31	 -17.404	  34.187	  34.841
49	-321.237	29	  24.946	  52.336	   3.996
50	-316.895	27	   8.300	  30.282	  14.281
51	-316.427	26	  -1.181	   9.677	  38.783
52	-315.287	30	   4.802	  36.039	  -2.802
53	-304.871	29	  14.552	  51.624	  53.552
54	-304.111	27	 -24.628	  37.824	  57.196
55	-298.750	29	   0.150	  20.047	  50.642
56	-291.838	27	 -39.682	  26.258	  40.810
57	-291.772	24	 -30.564	  13.994	   5.982
58	-286.908	26	 -10.060	  67.763	  20.278
59	-286.029	27	 -17.079	  -1.014	  49.185
60	-283.049	27	 -18.094	   3.512	  39.262
61	-278.509	26	  -6.302	   7.375	  56.947
62	-278.488	28	 -18.259	  12.131	  19.564
63	-277.223	26	  -6.311	  11.447	  -8.775
64	-275.106	24	  -5.017	  21.324	 -12.797
65	-273.872	27	  10.191	  71.115	   2.594
66	-263.639	25	 -35.423	  25.447	  58.461
67	-258.941	24	 -23.738	   7.611	  61.901
68	-253.638	20	  14.146	  62.004	  52.357
69	-250.861	19	  -6.751	  41.953	  15.362
70	-250.317	22	  -7.676	  46.449	   2.843
71	-245.919	22	 -22.526	  18.477	 -10.715
72	-245.014	22	 -11.717	  14.236	  63.732
73	-243.807	24	  -1.678	  68.809	  24.257
74	-239.847	24	 -20.535	  54.887	  56.843
75	-238.685	22	   5.823	  75.256	  18.976
76	-238.407	23	 -11.740	  10.101	  13.056
77	-231.512	21	 -23.564	   0.418	  53.906
78	-231.106	22	   2.613	  44.255	  -3.894
79	-229.454	22	 -30.910	  29.259	  -0.616
80	-226.339	20	  -8.925	  73.822	   8.476
81	-217.218	20	   7.934	  66.358	  26.231
82	-216.906	20	  12.090	  40.368	  33.394
83	-210.288	21	   5.080	  21.161	  14.607
84	-208.625	20	 -13.140	   8.068	   5.207
85	-208.112	21	  15.014	  47.452	  44.249
86	-207.833	20	 -20.904	  58.226	  42.753
87	-207.082	20	 -10.413	  64.215	  54.194
88	-204.708	20	 -24.845	  21.278	  66.615
89	-192.577	13	  -0.839	  52.211	  48.535
90	-191.891	17	  -8.291	  30.683	  42.429
91	-191.670	19	 -35.496	  14.197	  40.309
92	-189.192	19	 -22.756	  28.957	  25.577
93	-188.446	17	   7.411	  67.480	  45.568
94	-187.393	18	 -38.030	  28.734	  49.465
95	-180.479	18	  21.091	  61.125	  -0.380
96	-180.048	18	 -24.927	  48.338	  42.459
97	-178.707	17	  16.034	  50.069	  28.393
98	-175.100	15	  -9.867	  33.414	  56.919
99	-172.303	16	 -23.382	   9.644	  -0.398
100	-170.558	16	 -16.700	  32.946	  63.783
101	-169.194	17	  23.913	  56.794	  15.966
102	-168.811	16	  -4.814	  34.991	 -12.800
103	-167.850	17	 -38.703	  19.152	  36.279
104	-167.227	16	   1.285	  62.809	  32.770
105	-163.749	16	  -3.578	  25.688	  63.163
106	-161.225	16	 -12.616	  30.907	  25.602
107	-159.811	14	  -7.625	   2.730	  44.427
108	-159.731	16	   4.229	  15.342	  -4.440
109	-155.419	16	  -1.251	  26.956	 -15.159
110	-150.896	14	   1.051	  34.740	  22.275
111	-150.591	14	 -27.420	   0.493	  45.270
112	-147.984	15	 -13.660	  44.053	  11.581
113	-145.132	14	  -2.682	  29.503	  51.549
114	-143.784	14	  -5.203	  11.333	   7.557
115	-143.676	10	   4.807	  52.229	  29.128
116	-142.319	13	 -24.703	  31.022	  64.265
117	-141.824	13	 -14.850	   2.645	  57.410
118	-141.303	14	   9.920	  27.667	   2.794
119	-138.129	14	 -26.838	  12.981	  66.153
120	-137.062	13	 -17.166	  28.176	 -13.936
121	-131.907	13	  14.935	  61.600	  39.760
122	-131.085	12	 -19.407	  40.109	  62.105
123	-127.985	13	 -16.056	  51.808	  10.987
124	-127.813	12	   7.044	  42.955	  25.316
125	-127.800	12	   5.321	  19.034	   3.289
126	-127.795	13	 -36.409	  32.330	  35.998
127	-127.746	12	 -34.830	  34.967	  53.198
128	-125.608	12	 -12.008	  69.182	  44.418
129	-123.932	12	   4.401	  20.846	 -10.790
130	-122.693	12	  21.842	  48.476	  11.364
131	-122.158	12	  19.294	  66.601	  15.408
132	-120.891	12	 -36.560	   9.891	  50.504
133	-115.467	11	 -27.531	  38.070	  -9.217
134	-112.808	10	  -3.451	   7.951	  -0.469
135	-110.107	11	 -13.723	  16.954	 -12.688
136	-107.956	11	 -34.909	  17.182	  66.387
137	-100.966	9	  18.002	  40.765	  14.973
138	-100.804	10	   5.547	  31.507	 -12.709
139	 -98.202	10	 -39.669	  20.856	  54.951
140	 -95.868	9	  19.399	  63.978	   6.951
141	 -94.486	9	  10.688	  76.267	  11.611
142	 -93.828	9	 -28.701	  27.499	 -11.883
143	 -90.104	9	 -33.831	  22.364	   2.957
144	 -89.166	9	  -0.124	   6.864	  50.735
145	 -88.778	9	  -0.658	  33.596	  33.553
146	 -82.770	8	  19.680	  46.366	  -3.271
147	 -78.234	8	 -19.431	  57.381	  31.183
148	 -72.949	7	 -16.273	  69.383	  14.894
149	 -66.236	7	 -34.233	   9.235	  63.460
150	 -66.038	7	   4.381	  53.595	 -13.311
151	 -65.794	7	  16.508	  66.131	  26.675
152	 -65.679	7	  15.502	  72.691	  19.683
153	 -65.260	6	   8.082	  41.788	  49.120
154	 -54.301	5	 -24.239	  34.621	   6.337
155	 -48.782	5	 -18.692	  61.598	  49.563
156	 -47.275	5	 -20.474	  49.833	  64.368
157	 -47.215	5	 -17.658	  64.855	  37.352
158	 -46.875	5	 -30.227	   6.444	  39.764
159	 -45.931	4	  -2.857	  16.806	  62.636
160	 -39.156	4	 -13.309	  44.266	  -7.740
161	 -38.870	4	 -41.044	  18.248	  47.684
162	 -38.773	4	 -27.066	  12.300	  -7.022
163	 -38.757	4	   5.707	  32.774	  37.228
164	 -38.100	4	  -7.623	  51.534	  -8.211
165	 -37.942	4	 -33.316	   3.520	  54.458
166	 -37.812	4	 -19.809	  61.266	  15.980
167	 -37.112	4	 -29.606	  14.355	  14.447
168	 -30.203	3	 -11.744	  70.948	  -4.330
169	 -29.529	3	  21.260	  54.595	  -6.041
170	 -29.470	3	 -23.062	  48.944	  31.274
171	 -29.302	3	 -20.532	  44.878	  -3.401
172	 -29.037	3	 -14.744	  36.581	 -13.356
173	 -28.972	3	  11.577	  61.500	  60.887
174	 -28.293	3	 -24.019	  32.949	  18.232
175	 -27.829	3	   3.947	  70.266	  55.961
176	 -21.783	2	 -32.062	  19.266	  -4.473
177	 -20.504	2	   2.434	  25.266	  22.959
178	 -20.461	2	  -5.062	  42.266	  65.413
179	 -20.345	2	  19.938	  57.711	  27.959
180	 -19.957	2	 -15.550	  22.754	  67.447
181	 -19.312	2	 -13.062	  45.266	  20.492
182	 -19.279	2	 -19.062	   5.266	  11.458
183	 -18.924	2	 -22.062	  53.749	  16.959
184	 -18.430	2	  -3.638	  13.751	  30.898
185	 -18.210	2	  19.938	  43.266	   5.468
186	 -11.915	1	  -8.062	  56.266	  15.959
187	 -10.499	1	  10.938	  47.266	  60.959
188	 -10.335	1	 -14.062	  63.266	  -5.041
189	  -9.805	1	 -39.062	  27.266	  30.959
190	  -9.203	1	  -6.062	  48.266	  70.959
191	  -9.134	1	   5.938	  41.266	  60.959
192	  -9.061	1	   2.938	  29.266	  58.959
193	  -8.923	1	  -3.062	  76.266	  -5.041
