1	-1005.433	84	 -41.075	  -6.601	 -36.012
2	-953.229	83	 -35.609	   0.297	 -49.404
3	-856.869	78	 -29.228	  14.950	   4.241
4	-834.023	77	 -20.394	  -0.053	 -62.046
5	-780.863	66	 -32.850	   6.398	 -27.127
6	-642.972	55	 -26.556	   5.644	 -30.438
7	-504.173	45	 -13.922	   6.957	  15.735
8	-495.878	47	 -43.645	   6.811	 -41.173
9	-483.925	45	 -33.115	   3.131	  11.727
10	-480.889	42	  -7.408	 -23.542	 -41.869
11	-467.505	42	 -57.794	  12.614	 -10.386
12	-460.158	41	 -34.842	   6.547	  -5.370
13	-456.208	44	 -18.255	 -19.390	 -53.282
14	-449.791	41	 -21.237	  11.780	 -30.630
15	-446.107	39	 -37.119	 -17.020	 -32.373
16	-443.901	43	 -23.367	  -7.987	 -67.824
17	-441.597	38	 -38.878	  26.500	 -11.714
18	-418.990	38	 -27.107	 -16.716	 -33.166
19	-402.087	39	 -12.139	   9.211	 -53.558
20	-399.737	36	 -40.650	  -7.693	 -46.578
21	-397.632	37	 -15.344	  -9.580	 -28.795
22	-394.170	35	 -26.496	 -21.439	 -45.096
23	-389.099	36	   2.333	  -9.523	 -45.166
24	-380.850	35	  -6.118	 -18.703	 -73.344
25	-373.698	36	 -22.317	  28.376	  -1.343
26	-360.326	33	  -9.992	 -13.853	 -36.683
27	-358.957	34	  -0.807	  -4.065	 -60.285
28	-357.096	34	  -0.335	 -13.747	 -75.588
29	-353.347	30	 -66.576	  12.521	 -21.425
30	-340.957	30	 -16.861	 -16.612	 -71.356
31	-340.608	29	 -11.166	 -24.311	 -60.972
32	-338.263	32	  -6.324	  -0.209	 -39.027
33	-328.247	29	 -56.403	  14.480	 -30.472
34	-319.009	27	 -49.300	  -0.721	 -35.301
35	-318.345	30	 -53.049	  -1.611	  -5.450
36	-316.003	28	 -49.755	  16.928	 -12.336
37	-315.754	29	 -56.269	  -7.659	 -19.118
38	-305.834	29	 -13.763	  17.349	   8.125
39	-297.359	28	 -38.707	  30.704	  12.477
40	-286.999	27	  -2.821	 -14.140	 -42.723
41	-284.643	28	  -1.550	   0.915	 -50.467
42	-284.216	23	 -30.822	   2.282	  -9.786
43	-283.867	25	  -6.685	 -29.879	 -53.294
44	-281.622	26	 -26.169	  15.103	 -18.106
45	-276.052	27	 -14.701	  18.430	 -38.012
46	-270.116	26	 -12.026	  -3.290	 -71.124
47	-266.977	26	 -41.518	  19.545	  20.850
48	-264.812	25	 -45.952	 -12.999	 -16.619
49	-260.746	25	 -72.082	   3.701	 -20.497
50	-255.101	23	 -41.429	 -18.406	 -40.258
51	-248.162	24	 -31.046	  36.819	   7.594
52	-242.568	21	 -17.186	   1.049	 -23.483
53	-238.938	22	   5.281	 -18.930	 -60.501
54	-238.391	19	 -36.136	  25.662	 -20.731
55	-236.704	22	 -22.542	  11.937	 -53.578
56	-235.888	20	  -9.566	 -23.561	 -68.774
57	-235.642	23	 -18.283	  30.936	  12.664
58	-234.538	23	 -32.055	   9.237	  27.881
59	-216.473	17	 -30.441	 -14.706	 -50.648
60	-216.078	20	 -33.080	  13.873	 -30.488
61	-215.765	19	 -62.989	   0.150	  -6.881
62	-214.732	20	 -35.751	 -17.508	 -20.033
63	-214.482	20	  20.126	  -5.588	 -47.305
64	-210.249	20	 -58.616	  18.929	 -21.443
65	-208.605	20	 -37.063	 -12.423	  -6.340
66	-203.492	20	 -22.717	  29.316	  22.117
67	-199.416	19	 -25.386	  16.116	 -35.754
68	-193.952	19	 -46.295	  23.571	 -10.892
69	-187.967	18	 -28.458	 -17.056	 -25.724
70	-173.205	16	 -18.102	 -21.852	 -41.654
71	-171.561	17	 -28.348	  16.066	 -44.185
72	-171.481	16	 -36.392	  21.053	 -32.440
73	-166.813	16	 -22.769	  -0.104	 -10.926
74	-164.585	16	 -17.850	 -20.890	 -62.064
75	-162.619	16	 -32.843	 -13.370	 -60.675
76	-161.081	15	   0.886	 -27.917	 -62.743
77	-158.023	14	   3.154	  -7.857	 -66.805
78	-156.916	15	 -44.327	 -15.395	 -25.808
79	-154.122	15	 -44.231	  26.492	   7.128
80	-153.769	15	 -62.420	   4.533	 -29.798
81	-151.073	15	 -59.834	  -2.546	 -29.317
82	-147.067	12	 -19.402	  24.690	  30.321
83	-147.037	14	 -33.215	   9.767	 -49.821
84	-142.576	14	 -39.408	 -16.819	 -52.489
85	-141.634	13	 -43.506	  23.039	 -33.372
86	-139.563	14	  -9.402	  24.795	  23.879
87	-138.188	13	 -40.230	  36.542	   3.288
88	-137.660	13	 -35.249	 -21.005	 -47.326
89	-137.420	9	 -33.002	  -3.680	 -38.725
90	-136.724	13	 -32.231	  28.862	  17.715
91	-134.794	13	 -37.490	   5.070	   2.395
92	-133.759	13	 -50.496	   6.952	  -0.905
93	-133.445	12	   6.264	 -15.233	 -69.570
94	-131.784	12	 -39.906	  17.997	 -41.914
95	-131.573	13	  -6.995	   2.610	 -59.380
96	-129.500	11	 -22.448	  11.897	   9.377
97	-127.131	12	 -44.579	  28.913	  -3.420
98	-126.720	9	 -41.764	  11.341	 -19.373
99	-124.745	11	 -50.718	  24.365	 -31.257
100	-120.147	12	 -30.631	  26.195	  28.380
101	-120.145	12	 -44.908	   7.655	   4.114
102	-118.791	11	 -31.607	  18.784	 -22.844
103	-118.738	11	 -22.191	 -15.160	 -22.357
104	-118.478	12	 -69.648	  -0.213	 -11.172
105	-118.388	12	  10.394	  -3.244	 -45.473
106	-117.956	11	 -21.591	   3.447	   9.784
107	-117.847	11	 -24.169	  21.208	  35.739
108	-117.687	11	   7.660	 -11.496	 -60.935
109	-110.232	11	 -49.769	  30.451	 -22.547
110	-108.040	11	 -23.172	   7.952	 -16.627
111	-102.545	10	   9.582	 -10.420	 -52.767
112	 -99.158	10	 -26.454	 -17.946	 -59.929
113	 -98.963	10	 -15.041	  10.389	  29.161
114	 -93.789	10	 -38.519	   6.669	  20.821
115	 -92.581	9	 -47.799	  19.055	  11.442
116	 -83.832	8	 -60.368	  -3.684	 -12.680
117	 -80.302	8	 -54.518	 -12.501	 -33.035
118	 -78.989	8	 -61.340	   8.417	  -1.826
119	 -78.687	8	 -17.217	  -6.303	 -14.110
120	 -78.136	8	 -30.367	   7.185	 -56.138
121	 -76.979	8	   6.264	 -22.069	 -51.674
122	 -72.936	8	 -41.224	  -0.938	  -1.522
123	 -72.844	7	 -11.735	  25.119	  14.979
124	 -71.849	7	 -68.530	   8.927	 -29.653
125	 -70.882	7	 -46.049	  21.191	  -1.024
126	 -70.428	7	 -28.370	 -18.669	 -16.218
127	 -70.167	7	 -11.929	  21.760	 -31.591
128	 -68.784	7	 -47.350	  11.643	  13.717
129	 -68.685	7	 -46.275	  16.521	 -37.646
130	 -68.089	7	 -22.261	  11.648	  -4.569
131	 -67.444	7	 -20.851	  22.778	 -10.696
132	 -62.944	6	 -67.748	  13.026	  -8.645
133	 -61.787	6	 -23.726	   1.121	  22.670
134	 -60.189	6	 -27.382	 -13.487	 -10.514
135	 -60.111	6	 -37.128	  33.688	  -5.372
136	 -57.449	6	 -15.360	  15.995	 -24.700
137	 -51.803	5	 -40.141	  -7.164	 -58.433
138	 -50.622	5	 -23.577	  34.406	   2.984
139	 -50.232	5	  -9.096	  -8.298	 -76.649
140	 -49.794	3	 -41.049	  -6.799	 -23.305
141	 -49.315	3	 -25.379	   1.532	 -42.016
142	 -46.271	5	 -44.970	 -10.787	  -6.608
143	 -45.014	4	  -4.147	  10.719	 -42.830
144	 -42.252	4	 -16.897	  18.140	  33.500
145	 -41.501	4	 -32.350	  -3.301	 -62.480
146	 -41.027	4	  -2.845	  -5.063	 -71.489
147	 -40.947	4	 -18.576	 -26.792	 -50.036
148	 -39.869	4	 -29.876	  24.201	 -15.542
149	 -39.613	3	 -36.350	   5.201	 -37.905
150	 -38.876	3	 -28.606	  20.201	  -3.379
151	 -38.211	4	 -52.861	 -12.071	 -24.566
152	 -38.142	4	 -36.073	   2.963	 -59.487
153	 -30.846	3	  17.341	   1.530	 -48.687
154	 -29.673	3	 -30.698	  -2.111	  -3.016
155	 -29.123	3	  -6.091	  19.002	  14.303
156	 -28.796	3	 -17.675	 -19.137	 -33.354
157	 -28.267	3	  -5.350	  11.199	 -34.659
158	 -27.854	3	  15.650	  -7.786	 -40.016
159	 -27.662	3	   3.327	 -22.379	 -39.983
160	 -26.936	3	 -26.013	  13.529	  34.645
161	 -25.856	2	 -18.086	  -1.748	 -53.595
162	 -21.499	1	 -36.350	  23.201	  11.984
163	 -20.778	2	 -15.350	  15.201	  -7.504
164	 -19.205	2	   0.650	 -25.799	 -70.518
165	 -18.803	2	 -12.827	 -27.799	 -44.539
166	 -18.739	2	 -19.873	   0.201	  16.461
167	 -18.613	2	 -13.350	  21.743	  -1.530
168	 -18.510	2	 -51.864	  28.201	 -14.530
169	 -18.437	2	   1.650	 -28.287	 -53.016
170	 -18.055	2	  -6.351	  14.202	  23.486
171	 -11.842	1	  -5.350	 -10.799	 -64.016
172	 -10.976	1	 -73.350	   7.201	 -12.016
173	 -10.289	1	  -9.350	   6.201	 -28.016
174	  -9.908	1	 -16.350	  -2.799	 -35.016
175	  -9.712	1	 -43.350	   2.201	  13.984
176	  -9.497	1	 -24.350	 -20.799	 -68.016
177	  -9.129	1	 -65.350	  -4.799	 -22.016
178	  -9.074	1	  -2.350	 -30.799	 -46.016
