1	-2012.197	166	   8.328	  21.416	  31.424
2	-1368.191	108	  39.094	  27.150	  34.667
3	-1322.609	118	  33.742	  24.080	  28.236
4	-1138.766	98	  28.447	   3.223	  51.143
5	-968.918	84	  14.908	  41.847	  28.366
6	-964.271	80	   6.703	  24.826	  12.879
7	-715.899	60	  25.212	  25.277	  29.253
8	-663.019	61	  40.444	  26.354	  64.857
9	-655.917	56	  28.492	  -4.044	  36.852
10	-621.841	54	  52.774	  22.759	  23.339
11	-610.152	55	  14.550	  37.620	   5.598
12	-580.464	38	  16.106	  22.700	  46.984
13	-573.102	47	  17.442	  28.582	  40.953
14	-548.320	40	  20.225	  12.968	  38.778
15	-535.622	47	   7.413	  44.904	  21.637
16	-529.344	51	  42.847	  28.529	  16.858
17	-519.123	48	  44.509	   8.427	  54.377
18	-513.363	45	  23.799	   1.808	  24.460
19	-466.146	41	  43.106	  -0.504	  31.728
20	-462.019	42	  -1.808	  16.343	  36.398
21	-450.595	41	  36.129	  32.742	   4.193
22	-446.605	40	  43.936	  41.218	  14.094
23	-442.678	41	  14.174	  -0.249	  28.718
24	-425.377	40	  60.111	  24.739	  29.490
25	-421.327	39	  11.256	  22.690	  55.222
26	-399.978	38	   4.842	  45.347	   7.777
27	-399.028	35	  56.097	   6.416	  33.032
28	-374.238	35	  19.872	  50.247	   6.159
29	-366.302	34	  37.196	  36.600	  36.715
30	-353.653	34	  51.645	  13.864	  57.580
31	-348.823	33	  21.137	  -6.599	  47.037
32	-338.545	28	  18.498	   9.937	  52.335
33	-336.917	33	  18.907	  17.723	  54.840
34	-328.345	30	  43.625	   7.931	  19.581
35	-328.066	30	  35.459	   7.860	  18.571
36	-312.009	28	  40.151	  36.718	  24.915
37	-310.933	29	  26.401	  25.352	   3.234
38	-304.822	28	  19.701	  52.566	  25.322
39	-296.903	28	  -1.852	  14.011	  57.898
40	-286.043	26	  47.502	  32.876	  32.479
41	-285.445	28	  57.545	  25.216	  52.132
42	-275.666	24	  30.028	  23.901	  56.311
43	-269.605	25	  43.554	  -5.744	  49.214
44	-266.725	26	  38.300	  -5.996	  36.486
45	-260.207	26	  22.112	  10.305	   7.048
46	-259.723	18	   7.215	   9.584	  27.985
47	-256.570	25	  39.719	  20.071	  10.582
48	-256.115	25	  14.593	  53.950	  18.027
49	-249.767	24	  10.006	   2.501	  49.697
50	-232.112	22	   2.382	  19.417	  63.311
51	-228.555	20	  18.788	  24.147	   3.094
52	-225.692	21	  28.708	  34.279	  43.690
53	-218.761	20	  60.312	   4.177	  50.668
54	-215.043	14	  36.734	  -1.524	  46.419
55	-213.863	21	   1.345	  20.595	  10.508
56	-213.831	21	  61.943	  12.912	  45.612
57	-210.038	19	   1.223	  34.097	  25.876
58	-204.872	19	  32.047	  53.273	  28.286
59	-204.192	17	  11.601	   0.460	  38.706
60	-203.525	19	  15.609	  35.413	  38.542
61	-202.553	20	   1.299	  13.989	  27.777
62	-200.519	20	  34.645	  54.016	  17.357
63	-193.866	18	   5.957	  31.192	   8.415
64	-189.013	18	  22.282	  58.776	  18.501
65	-177.019	16	  25.762	  40.673	   2.459
66	-175.991	17	  23.115	  28.218	  54.136
67	-175.564	16	  50.835	  12.606	  14.848
68	-171.724	16	  53.135	  -2.670	  49.666
69	-169.269	16	  18.287	  32.526	  47.389
70	-166.063	16	  32.440	  -9.638	  50.036
71	-165.761	16	  47.884	   3.180	  27.649
72	-165.635	16	   3.133	  25.959	  35.392
73	-163.436	16	   9.061	  29.179	  38.975
74	-158.943	15	  30.930	  45.139	  34.835
75	-157.626	16	  -4.465	  21.555	  42.124
76	-156.221	15	  58.855	   6.761	  22.276
77	-154.114	14	   3.870	   2.884	  22.246
78	-151.755	13	  22.140	  17.662	  45.244
79	-150.794	14	  42.108	  29.684	  54.630
80	-146.627	14	  34.695	  40.691	   1.453
81	-145.024	13	  24.888	   6.357	  15.245
82	-140.338	14	  16.767	   1.978	  12.323
83	-129.817	13	  36.079	  10.261	  61.187
84	-129.717	12	  -6.654	   5.560	  43.190
85	-128.883	8	  29.635	  24.928	  18.898
86	-128.660	13	  19.371	  -8.277	  37.894
87	-128.099	12	  65.628	   9.339	  53.272
88	-126.621	12	  58.619	   7.698	  58.055
89	-123.333	12	   2.344	   3.589	  31.743
90	-122.489	12	  63.777	  18.776	  37.051
91	-117.903	11	   6.353	   6.007	   6.101
92	-116.735	10	  55.674	  31.938	  32.040
93	-115.288	11	  39.534	  47.388	  23.827
94	-112.502	10	   4.100	   2.095	  39.160
95	-108.776	11	  65.133	   8.402	  33.480
96	-107.430	10	  31.910	  28.406	  62.802
97	-106.739	11	  -8.557	  16.389	  46.074
98	-103.793	10	  45.185	  40.517	   4.925
99	-103.193	10	  26.392	  53.798	   7.162
100	-102.035	9	  36.381	  -4.275	  28.423
101	-100.577	10	   2.807	  41.252	  29.515
102	 -99.686	10	  16.440	  42.988	  37.082
103	 -98.436	9	  29.622	  14.924	   6.558
104	 -97.396	10	  16.598	  16.807	   2.349
105	 -96.828	10	   8.793	  26.238	   1.068
106	 -96.558	10	   7.962	  39.029	  36.119
107	 -94.855	5	  38.192	  22.232	  18.919
108	 -94.058	9	  -3.043	  26.836	  53.252
109	 -86.757	9	   0.210	   0.681	  48.000
110	 -81.351	8	  59.187	  31.176	  41.233
111	 -80.568	8	  50.752	   2.100	  55.530
112	 -78.227	8	  -1.599	  12.738	  16.118
113	 -78.087	7	  14.891	  44.381	   3.166
114	 -77.308	8	  48.230	  34.480	  41.914
115	 -74.248	7	  33.546	  18.377	  63.148
116	 -69.204	5	   2.267	  11.734	  46.527
117	 -68.867	7	  58.354	   0.146	  37.623
118	 -68.590	7	  52.089	  24.807	  60.224
119	 -68.236	7	   0.517	  25.601	  25.934
120	 -65.304	6	  49.962	  -4.402	  38.519
121	 -60.867	6	  41.857	  46.918	   3.322
122	 -60.774	6	  22.775	  42.059	  42.662
123	 -59.065	6	   1.194	   5.256	  15.499
124	 -58.613	6	  40.347	  -0.771	  55.661
125	 -58.371	6	   9.173	  11.029	  59.454
126	 -58.096	6	   9.509	  48.678	  -0.006
127	 -53.048	5	  66.358	  16.386	  18.025
128	 -51.485	5	  57.315	  19.860	  17.103
129	 -50.630	3	  27.371	   7.864	  39.713
130	 -47.810	5	  19.610	  32.850	   0.050
131	 -47.113	5	  -0.013	  32.790	  17.271
132	 -45.914	5	   8.969	   0.043	  15.039
133	 -39.324	4	  34.360	  51.446	   1.859
134	 -39.118	4	  23.619	  49.213	  36.427
135	 -38.288	4	  54.685	  31.191	  48.910
136	 -38.259	4	  -4.866	   8.009	  51.424
137	 -37.239	4	  32.118	  32.459	  54.611
138	 -37.027	2	  21.371	  13.732	  21.161
139	 -33.079	3	  24.371	   9.889	  59.947
140	 -30.457	3	  36.371	  36.222	  61.651
141	 -29.682	2	  34.797	  38.232	  19.661
142	 -28.530	3	  48.374	  30.235	  12.659
143	 -28.338	3	  42.241	  24.871	   4.296
144	 -22.137	2	  40.827	   5.776	  34.661
145	 -21.184	1	  30.371	  20.232	  42.661
146	 -20.637	2	  66.371	  25.232	  24.135
147	 -20.558	2	  47.915	  32.232	   3.205
148	 -19.706	2	   6.854	  29.232	  47.178
149	 -19.126	2	  31.324	   1.255	  21.661
150	 -18.666	2	  57.889	  17.232	  63.661
151	 -16.544	1	  26.371	  17.232	  28.661
152	 -16.288	1	  14.371	  34.232	  30.661
153	 -16.173	1	  31.371	  33.232	  30.661
154	 -10.045	1	  18.371	  -6.768	  30.661
155	  -9.887	1	   3.371	  12.232	   1.661
156	  -9.375	1	  65.371	  16.232	  58.661
157	  -9.182	1	  51.371	  37.232	   9.661
158	  -9.171	1	  42.371	  33.232	  66.661
159	  -9.081	1	  14.371	   8.232	   4.661
