1	-1845.239	151	   8.470	  21.656	  31.803
2	-1474.639	129	  34.027	  24.363	  28.954
3	-1117.289	87	  39.615	  27.495	  35.060
4	-928.961	81	  30.813	   1.785	  50.880
5	-868.661	69	   6.722	  24.746	  12.682
6	-837.871	71	  14.757	  41.150	  28.548
7	-811.653	70	  44.250	  31.046	  69.454
8	-753.438	64	  25.379	  25.267	  28.881
9	-720.088	62	  27.822	  -4.526	  36.890
10	-643.505	60	  14.298	  37.609	   5.432
11	-593.562	54	  43.860	   0.374	  30.313
12	-581.696	47	  16.970	  28.543	  40.948
13	-581.690	49	  21.257	   7.004	  51.776
14	-576.382	43	  20.133	  13.118	  38.988
15	-572.958	38	  15.913	  22.614	  46.854
16	-571.956	50	  54.143	  21.693	  21.460
17	-560.591	54	  43.081	  28.382	  16.596
18	-509.774	44	  43.800	  41.546	  13.942
19	-498.062	45	  35.792	  32.149	   4.054
20	-480.229	45	  59.451	  25.101	  29.181
21	-478.201	46	  48.524	  21.492	  62.666
22	-472.024	41	  23.780	   2.145	  24.031
23	-470.306	45	  11.734	  22.007	  55.072
24	-469.605	41	   7.510	  44.906	  22.127
25	-462.464	42	  43.647	  26.870	  62.056
26	-448.580	42	  14.670	  -0.584	  28.581
27	-444.630	39	  49.495	  12.710	  55.602
28	-410.122	39	   4.795	  45.128	   7.863
29	-405.818	38	  43.372	  -6.081	  48.649
30	-397.931	35	  -1.835	  16.425	  36.519
31	-374.666	34	  54.337	   5.446	  30.881
32	-367.771	34	  18.887	  49.441	   5.851
33	-363.205	33	  21.054	  -6.467	  46.958
34	-360.675	32	   9.432	   0.837	  38.718
35	-343.499	32	  26.015	  24.839	   3.196
36	-326.365	30	  61.154	   8.278	  35.294
37	-317.467	30	  43.849	   5.732	  54.514
38	-314.950	28	  35.153	   7.843	  18.611
39	-312.857	27	  29.979	  23.871	  56.368
40	-308.082	27	  37.392	  36.856	  35.651
41	-298.315	30	  22.303	  27.466	  54.298
42	-295.634	20	   7.424	   9.330	  28.037
43	-289.918	27	   3.269	  21.237	  25.867
44	-288.830	28	  14.896	  53.844	  18.831
45	-282.939	27	  53.451	  -2.594	  49.842
46	-280.073	24	  47.350	  32.692	  32.430
47	-273.706	26	  -1.692	  13.885	  57.910
48	-267.120	26	  43.524	   6.520	  19.167
49	-266.101	25	  60.430	   4.294	  49.886
50	-254.645	24	  15.878	  37.706	  37.576
51	-253.160	25	  62.165	  13.963	  45.274
52	-242.744	22	  32.220	  52.839	  28.252
53	-236.128	23	  56.419	  25.876	  54.233
54	-232.024	21	  20.519	  52.331	  25.927
55	-230.888	20	  18.259	  24.427	   2.953
56	-229.806	23	  40.084	  20.125	  10.641
57	-229.139	21	  26.642	  41.012	   1.875
58	-222.069	21	   9.679	   2.732	  49.559
59	-220.030	21	  29.982	  44.616	  35.718
60	-219.076	21	   1.885	  20.286	   9.243
61	-214.010	20	  28.756	  34.259	  43.740
62	-205.379	20	  39.183	  -5.312	  35.453
63	-204.916	17	  39.283	  34.920	  26.111
64	-203.153	20	   3.356	  26.721	  36.269
65	-193.351	18	   5.786	  31.315	   8.399
66	-192.294	19	  19.611	  16.268	  54.926
67	-191.805	18	   3.700	   3.139	  22.616
68	-190.091	13	  29.466	  24.633	  19.037
69	-188.766	18	  21.787	  10.215	   7.146
70	-184.316	17	   2.371	  19.817	  63.177
71	-180.257	17	  -7.315	  18.362	  41.618
72	-179.675	16	   1.032	  33.849	  25.981
73	-177.022	18	  39.900	  45.296	  23.701
74	-176.381	17	  44.035	  42.990	   4.714
75	-175.129	16	  17.874	  32.048	  47.248
76	-169.758	17	  25.576	  52.996	   6.929
77	-160.690	15	  -6.470	   5.427	  42.507
78	-158.654	16	  35.701	  53.106	  15.794
79	-151.974	14	  42.141	  29.550	  54.336
80	-151.471	15	   9.505	  29.105	  39.473
81	-149.111	15	   1.459	  14.423	  28.817
82	-146.984	10	  37.529	  -0.907	  45.425
83	-141.812	14	  31.638	  29.012	  63.369
84	-140.531	13	  49.633	  13.782	  14.114
85	-132.406	11	  22.164	  17.694	  45.078
86	-131.150	10	  23.975	   6.575	  15.691
87	-129.181	12	  22.826	  59.124	  18.678
88	-121.942	12	   2.790	   3.487	  30.992
89	-120.251	12	   6.893	   5.996	   5.591
90	-118.277	11	  36.078	   9.959	  60.903
91	-118.150	12	  63.233	  19.584	  37.391
92	-116.458	11	  38.056	  24.243	  71.125
93	-113.038	11	  59.129	  30.973	  41.442
94	-112.244	11	  48.191	  34.196	  40.572
95	-109.697	11	  -0.349	  13.355	  19.157
96	-103.855	10	  56.892	   8.319	  18.540
97	-102.449	9	  55.748	  32.071	  32.400
98	-101.973	10	  34.484	 -10.057	  41.780
99	-101.440	10	  57.963	   0.646	  37.004
100	-100.725	10	  50.258	  25.685	  26.971
101	 -99.654	9	  36.564	  -4.286	  28.109
102	 -99.453	9	  15.840	  17.709	   2.309
103	 -92.900	9	   3.018	  41.552	  29.192
104	 -92.144	9	  -2.673	  27.111	  52.932
105	 -90.344	9	  30.003	  15.048	   6.797
106	 -89.516	8	  58.607	   7.807	  58.131
107	 -88.622	5	  38.089	  22.375	  19.100
108	 -86.322	8	  35.923	  39.980	   1.879
109	 -82.390	8	  31.595	  56.897	  19.739
110	 -80.961	7	  65.423	  10.195	  53.121
111	 -80.893	8	  36.417	  -8.643	  52.708
112	 -79.565	8	  18.400	   0.875	  15.180
113	 -77.384	8	  -0.914	   0.782	  48.257
114	 -75.741	8	  11.078	  27.460	   0.478
115	 -74.694	8	  66.316	  15.081	  17.220
116	 -70.206	7	  50.205	  -5.058	  38.097
117	 -68.151	7	  34.863	  34.945	  59.938
118	 -67.504	7	  -1.684	  24.500	  45.134
119	 -67.123	7	   8.062	  40.246	  35.622
120	 -67.064	7	  34.520	  50.796	   1.238
121	 -65.001	7	  17.263	  -9.058	  37.543
122	 -61.347	6	  60.159	  22.219	  49.169
123	 -60.481	6	  33.723	  18.597	  62.944
124	 -60.298	6	  15.048	   4.946	   7.696
125	 -58.973	6	   9.821	  11.306	  58.733
126	 -58.472	6	   0.896	   5.402	  15.456
127	 -55.991	6	  -6.935	  18.159	  50.278
128	 -52.500	5	  34.753	  32.816	  46.718
129	 -51.675	5	  21.380	  41.994	  42.668
130	 -51.047	5	  19.311	  32.485	   0.096
131	 -49.379	5	  47.151	  28.634	   4.891
132	 -49.204	5	  66.777	  14.800	  30.641
133	 -48.743	5	  23.356	  48.996	  36.908
134	 -47.931	5	   9.326	  48.816	   0.115
135	 -47.682	5	   9.966	  -0.180	  16.104
136	 -42.961	4	   9.562	  19.222	  18.522
137	 -41.898	4	  55.788	  30.976	  48.841
138	 -40.664	4	  31.098	   1.223	  22.096
139	 -40.075	4	  48.825	  23.480	  72.575
140	 -38.341	3	   2.150	  11.634	  45.852
141	 -37.585	4	   4.565	  24.179	   1.835
142	 -37.152	4	  -4.942	   7.977	  51.342
143	 -37.118	2	  27.562	   7.735	  39.609
144	 -36.578	4	  28.607	 -10.047	  51.576
145	 -31.951	2	  43.562	  13.222	  21.620
146	 -31.763	3	  61.611	   6.222	  25.794
147	 -29.401	3	  -0.114	  33.180	  17.125
148	 -28.131	3	   6.562	  28.878	  47.422
149	 -26.825	2	  21.062	  13.722	  21.096
150	 -19.990	2	  -0.910	  23.222	  19.096
151	 -19.131	2	  66.562	  25.222	  23.625
152	 -14.723	1	  30.562	  20.222	  42.096
153	 -10.803	1	  24.562	  10.222	  60.096
154	 -10.477	1	  39.562	  -0.778	  55.096
155	 -10.254	1	   3.562	  34.222	  38.096
156	 -10.223	1	  50.562	  37.222	  10.096
157	 -10.116	1	   2.562	  12.222	   2.096
158	  -9.437	1	  13.562	  -8.778	  46.096
159	  -8.907	1	  65.562	  16.222	  58.096
