1	-1740.093	148	   0.116	   9.754	  21.358
2	-1440.753	123	  28.608	  -4.372	   9.744
3	-1428.651	121	  -2.725	  18.146	  46.509
4	-1363.894	121	   2.082	   2.807	  25.714
5	-1362.708	117	  26.097	   0.239	  -2.668
6	-1270.052	105	  -0.866	  23.886	  34.378
7	-931.827	76	  19.268	  14.521	  32.919
8	-908.008	73	   6.257	  -3.956	   6.817
9	-748.770	68	  19.833	 -18.649	  13.600
10	-658.315	59	   6.608	  -2.951	  26.480
11	-614.103	55	  26.049	 -11.516	 -13.902
12	-610.713	54	 -12.732	   4.742	  48.337
13	-606.705	51	  10.557	  11.357	  24.013
14	-591.987	48	  13.800	   4.169	  29.974
15	-547.406	49	  -7.615	  39.047	  30.571
16	-542.102	49	  -4.349	   0.689	  18.722
17	-518.103	39	 -20.385	  22.295	  38.259
18	-517.903	46	  29.816	 -20.811	  -8.140
19	-498.494	44	  28.976	   7.902	  20.302
20	-493.393	45	  14.466	  -7.698	 -19.124
21	-487.709	45	 -13.449	  25.583	  62.830
22	-482.979	46	   9.662	  11.410	 -11.863
23	-482.843	42	 -12.583	  17.694	  14.860
24	-475.120	38	  12.700	 -26.808	   6.930
25	-461.950	41	 -26.966	   8.887	  57.922
26	-453.876	42	   0.352	  39.086	  53.919
27	-445.033	38	  16.782	  22.211	  53.502
28	-440.231	42	  33.963	  -0.544	  14.688
29	-439.972	39	  30.360	  17.084	  14.344
30	-431.130	41	 -22.362	  23.247	  18.654
31	-428.440	40	 -21.943	  32.417	  57.558
32	-427.613	38	  17.708	  15.068	  -5.563
33	-421.572	42	   2.687	  20.955	  52.925
34	-420.582	38	  11.834	  11.780	  -1.693
35	-414.413	36	  47.835	   3.295	  10.060
36	-412.601	39	  11.413	  -2.683	  32.500
37	-409.903	38	 -16.643	  47.093	  40.531
38	-409.145	39	 -27.888	  22.384	  55.100
39	-408.879	34	   9.349	  20.444	   6.900
40	-402.635	38	  37.503	   5.917	  -4.522
41	-394.602	37	   7.920	  18.280	  29.766
42	-391.012	38	 -11.378	  38.089	  23.217
43	-386.826	33	  -3.653	  28.867	  57.866
44	-374.231	33	  45.949	  -5.675	  -8.351
45	-358.508	31	  21.455	   1.141	  29.013
46	-358.436	34	   1.075	  -5.568	 -10.858
47	-337.920	32	  41.573	  -9.093	   8.167
48	-332.621	32	 -18.266	   5.538	  56.036
49	-324.640	30	   8.020	  26.665	  36.260
50	-324.178	31	   4.576	  25.880	  15.635
51	-315.398	28	   7.445	 -13.893	  27.089
52	-314.023	30	  -0.677	  13.841	  15.815
53	-307.619	29	   5.835	  13.430	  47.073
54	-293.659	27	 -13.893	  26.818	  13.500
55	-284.646	27	  13.090	  28.471	  14.999
56	-281.147	27	  18.614	 -17.181	  23.104
57	-278.002	27	   4.621	  37.148	  18.822
58	-276.983	27	 -18.847	  10.460	  19.301
59	-275.711	26	  12.564	   5.100	 -23.191
60	-275.418	26	  -2.285	   5.193	  48.706
61	-262.174	24	  32.769	  -3.884	  28.174
62	-260.883	25	  34.337	 -14.549	  27.007
63	-257.453	26	   3.317	  23.249	  27.243
64	-252.163	24	 -26.867	  20.172	  38.517
65	-251.484	20	 -22.624	  19.388	  62.631
66	-245.022	24	   2.253	  37.113	  32.279
67	-244.316	23	  13.927	  19.200	  18.647
68	-237.719	23	  31.027	 -17.822	  12.147
69	-237.209	22	  -7.816	  49.856	  49.347
70	-231.187	19	   0.947	   7.315	 -13.925
71	-229.979	23	  27.402	   0.008	 -10.347
72	-223.581	22	  19.486	  26.264	   0.886
73	-223.538	21	   7.854	 -11.246	 -16.233
74	-223.277	20	   5.929	  -2.650	 -18.403
75	-221.453	21	  25.882	   0.499	 -21.364
76	-220.748	21	  26.432	  13.024	  -6.061
77	-215.557	22	 -14.332	  37.955	  14.370
78	-213.232	21	  24.388	  11.804	 -20.484
79	-207.039	20	  33.610	  -3.188	  -8.376
80	-205.326	19	  15.187	  27.545	  37.112
81	-203.649	14	  -9.081	  -3.054	  30.675
82	-199.103	20	 -21.225	  12.324	  65.678
83	-197.760	18	  13.943	 -25.848	  -7.137
84	-196.614	20	   2.433	   1.882	  43.625
85	-196.244	19	  17.480	  19.488	  27.830
86	-196.032	19	  27.185	 -30.335	  -3.628
87	-192.289	19	  10.423	 -16.001	  18.184
88	-191.739	19	 -23.342	   7.906	  50.224
89	-191.355	19	   6.457	 -17.154	  -9.939
90	-186.056	18	  21.889	  -9.325	  33.545
91	-185.567	18	 -17.939	  -7.813	  36.724
92	-184.236	19	  -5.335	  50.831	  37.291
93	-183.989	16	 -20.503	  35.787	  18.276
94	-183.393	17	  13.388	  11.888	  48.031
95	-180.512	18	  14.599	 -16.184	  32.378
96	-177.058	17	 -14.971	   0.685	  24.295
97	-175.150	16	 -25.702	  25.111	  33.518
98	-174.289	17	  -0.753	  -6.781	  31.708
99	-171.293	17	  22.397	  17.071	  43.179
100	-165.704	17	   8.111	  37.038	  38.727
101	-163.953	15	 -15.180	  43.211	  52.757
102	-162.955	11	  -5.503	  18.420	  19.056
103	-161.731	16	   5.235	 -17.674	   6.580
104	-160.197	15	  -7.017	  33.378	  10.703
105	-158.189	16	  -2.916	  -7.217	   2.413
106	-158.112	15	  -2.848	   6.990	  11.780
107	-151.927	15	  21.069	 -20.047	 -15.629
108	-149.032	15	  -4.292	   4.691	  61.854
109	-148.881	15	  18.497	  33.620	   9.320
110	-148.247	15	  24.492	  14.881	  24.530
111	-138.680	14	  32.439	  16.052	  -1.181
112	-137.253	14	   2.697	   7.947	  -5.434
113	-134.155	13	  -7.884	  37.792	  60.169
114	-132.910	13	  -5.179	  15.509	  65.476
115	-132.362	13	 -17.038	  -0.487	  44.231
116	-126.631	12	   3.088	  10.859	   7.235
117	-126.197	12	  22.470	 -27.283	  13.258
118	-125.845	12	 -19.825	   6.564	  43.136
119	-122.558	12	  12.129	  21.593	  -2.828
120	-118.733	11	 -26.218	   9.689	  36.228
121	-112.104	11	 -19.141	  36.415	  28.724
122	-111.342	11	   3.967	   6.429	 -22.200
123	-110.049	11	  13.815	   7.202	  38.613
124	-109.968	11	  40.702	   9.505	  15.533
125	-109.391	11	   1.051	  48.397	  49.271
126	-109.041	11	  37.031	 -16.759	   7.702
127	-105.822	10	 -21.929	   7.521	  28.261
128	-103.618	10	 -25.398	  36.256	  38.835
129	-102.390	10	 -29.617	  18.227	  49.462
130	-100.419	9	 -19.901	  -0.415	  32.457
131	-100.138	9	 -14.645	  39.366	  35.062
132	 -99.139	10	 -32.013	  20.387	  28.793
133	 -98.312	10	  -0.814	  -0.344	  -4.955
134	 -98.122	10	  -8.410	  -5.510	  42.874
135	 -96.384	10	  38.169	 -12.294	 -12.133
136	 -95.775	10	  43.226	  11.697	   2.549
137	 -95.593	10	  34.642	 -23.476	   4.571
138	 -92.726	9	 -32.361	  26.328	  42.508
139	 -92.611	9	 -15.340	  55.017	  40.583
140	 -88.131	9	  27.630	   6.052	  28.594
141	 -87.857	9	  36.985	  18.548	  10.790
142	 -86.731	9	  25.830	 -30.168	   7.100
143	 -83.347	8	  27.613	  25.982	   8.639
144	 -81.721	8	 -10.445	  45.977	  32.172
145	 -81.638	8	  50.671	   3.456	  -0.618
146	 -78.772	8	  14.101	  33.328	  45.371
147	 -75.712	7	   7.087	  12.198	  15.052
148	 -75.264	7	 -21.776	  37.746	  46.779
149	 -73.970	7	  38.253	 -20.304	  -6.497
150	 -71.016	7	   9.287	  38.830	  52.059
151	 -70.581	7	  17.320	 -38.216	   5.967
152	 -69.460	7	 -11.748	  33.388	  65.054
153	 -67.960	7	  44.347	 -13.649	   0.654
154	 -67.836	5	  18.087	  20.887	   8.734
155	 -66.601	7	   2.056	  42.929	  37.657
156	 -64.085	6	 -11.554	   7.816	  13.651
157	 -63.610	6	   8.352	 -20.417	  -1.967
158	 -61.625	6	   1.418	  -5.831	  18.482
159	 -59.638	6	  10.718	  32.336	  22.323
160	 -58.218	6	  15.742	 -34.358	  -2.824
161	 -57.847	6	  37.150	 -11.158	  17.428
162	 -55.762	6	   8.585	  32.987	  56.982
163	 -54.616	5	   9.276	  12.489	 -25.741
164	 -54.041	5	  13.311	 -19.870	 -18.349
165	 -50.726	5	  22.277	  25.036	  14.651
166	 -48.265	5	  -3.719	  24.393	  12.651
167	 -47.544	5	  27.781	 -20.551	  18.489
168	 -41.503	4	  13.314	 -30.510	  14.394
169	 -39.060	4	  13.911	 -38.027	  13.123
170	 -38.458	2	  -8.473	  44.489	  45.186
171	 -38.445	4	 -31.703	  13.305	  30.300
172	 -38.088	4	 -14.459	  52.330	  49.583
173	 -37.498	4	  31.801	  10.251	 -18.589
174	 -28.655	3	  -1.260	  38.108	   9.973
175	 -28.556	3	  26.808	  20.829	  -0.306
176	 -28.212	3	 -19.849	   2.786	  67.300
177	 -27.195	3	 -14.942	  -7.170	  26.982
178	 -20.801	2	  -1.938	 -14.943	   4.651
179	 -20.603	2	   7.573	  32.489	   0.651
180	 -18.956	2	   2.540	 -13.525	  13.622
181	 -18.653	2	 -26.408	  32.469	  31.611
182	 -18.501	2	  20.062	 -10.011	 -23.349
183	 -11.003	1	   6.062	   3.489	  14.651
184	 -10.012	1	   3.062	   8.489	  59.651
185	  -9.492	1	 -14.938	 -10.511	  44.651
186	  -9.470	1	  10.062	 -33.511	   2.651
187	  -9.179	1	  23.062	  16.489	 -12.349
188	  -9.020	1	  15.062	  17.489	 -13.349
189	  -9.000	1	 -24.938	  29.489	  22.651
