1	-1078.495	97	  63.869	  93.579	 115.500
2	-808.277	75	  54.473	  90.562	  98.993
3	-659.601	51	  62.487	  77.853	  81.257
4	-613.858	53	  56.712	  90.976	 108.753
5	-596.856	52	  68.694	  85.095	  84.026
6	-565.745	48	  45.569	  97.703	 127.882
7	-541.597	46	  59.567	  96.136	  97.449
8	-504.999	45	  53.225	  76.996	 129.533
9	-471.207	42	  60.871	  72.462	  87.814
10	-431.047	39	  60.941	  73.831	 101.709
11	-408.258	38	  52.014	 104.903	 123.266
12	-389.185	38	  67.614	  83.454	 127.005
13	-386.706	35	  60.540	  87.416	 102.907
14	-380.304	32	  41.817	 103.433	 110.950
15	-375.554	35	  40.166	  95.279	  90.265
16	-344.933	31	  69.319	  78.714	 117.510
17	-341.185	30	  57.009	  88.405	  74.756
18	-328.902	31	  37.429	  79.320	 121.522
19	-326.899	28	  52.284	  87.501	 136.255
20	-324.385	27	  45.344	  74.841	 108.468
21	-316.794	29	  38.726	  84.973	 112.445
22	-308.229	27	  39.617	  80.963	 106.516
23	-305.540	29	  44.923	  98.160	  81.516
24	-277.950	27	  66.325	 104.786	 122.169
25	-265.426	26	  72.285	  92.882	  95.157
26	-232.400	23	  58.179	  73.379	 123.575
27	-230.161	18	  48.966	  72.078	  93.440
28	-225.035	23	  52.868	 104.742	 100.599
29	-220.521	21	  66.866	 104.580	  90.140
30	-214.647	21	  53.597	  99.643	  74.776
31	-211.166	21	  54.623	  69.751	 108.806
32	-205.272	13	  48.630	  78.906	 102.318
33	-197.088	20	  37.344	  74.511	  95.238
34	-194.578	18	  62.994	  69.727	 117.425
35	-178.074	17	  44.989	  82.291	 132.764
36	-177.390	17	  40.768	  89.456	 130.802
37	-176.387	16	  40.991	  78.495	  82.643
38	-172.272	15	  51.232	 105.267	 116.300
39	-169.399	17	  61.323	 103.442	  79.268
40	-163.137	13	  69.619	  94.987	 129.441
41	-155.814	15	  47.999	 106.571	  88.013
42	-154.932	14	  37.373	  93.103	 100.973
43	-144.012	14	  42.155	  89.777	  82.742
44	-136.137	13	  32.338	  83.598	  90.680
45	-131.717	12	  45.274	 103.520	  99.407
46	-126.879	12	  62.086	 103.844	 106.930
47	-123.311	9	  47.410	  85.637	  93.686
48	-116.278	11	  68.838	  78.750	 104.661
49	-116.067	12	  52.893	  67.029	  86.173
50	-113.644	11	  38.680	 100.500	  96.100
51	-108.722	10	  67.632	  92.889	  78.479
52	-106.033	10	  40.094	 100.259	 117.582
53	-100.603	10	  46.401	  72.188	 100.241
54	 -99.437	9	  76.185	  92.015	  86.834
55	 -96.542	9	  48.861	  95.037	 133.666
56	 -96.083	9	  37.021	  90.877	 120.082
57	 -87.362	9	  41.183	  70.346	 116.097
58	 -86.165	9	  48.542	  84.268	  73.655
59	 -85.262	6	  55.898	  98.290	 107.511
60	 -84.230	6	  48.628	  94.204	  87.413
61	 -83.261	9	  69.420	  72.901	  88.096
62	 -82.615	8	  60.416	  97.276	 136.813
63	 -81.933	8	  45.252	  69.649	  80.364
64	 -81.703	8	  53.127	  72.536	  77.092
65	 -79.104	8	  69.543	  75.216	  80.790
66	 -78.530	8	  65.396	  75.066	  94.227
67	 -76.619	8	  72.247	  80.842	  93.053
68	 -73.495	8	  34.865	  97.417	 111.462
69	 -66.769	7	  33.536	  83.101	 100.053
70	 -60.377	6	  59.711	  85.257	 138.274
71	 -58.654	6	  38.333	  97.028	 124.640
72	 -52.375	5	  47.782	  69.894	 125.529
73	 -49.657	5	  59.803	 107.457	 120.496
74	 -49.359	5	  70.776	 102.485	 130.512
75	 -38.054	4	  45.224	 108.944	 122.528
76	 -31.859	3	  46.936	  93.425	  72.072
77	 -28.853	3	  72.307	 100.654	  82.621
78	 -28.551	3	  65.681	 108.674	 131.996
79	 -25.621	2	  56.987	 109.091	  88.321
80	 -19.731	2	  34.987	 103.158	 104.321
81	 -19.535	2	  64.875	  82.506	 134.321
82	 -19.327	2	  43.387	  73.607	 132.788
83	 -10.303	1	  58.987	  65.674	  79.321
84	  -9.869	1	  65.987	  65.674	  84.321
