1	-1152.184	103	  -1.586	  60.634	  92.882
2	-873.187	78	 -34.770	  33.092	  89.243
3	-827.520	72	 -24.708	  61.180	 103.687
4	-822.346	72	 -15.221	  34.797	  71.150
5	-763.555	70	 -34.045	  60.542	 106.497
6	-711.067	65	 -29.336	  33.438	  99.391
7	-682.713	54	 -25.686	  49.162	  72.203
8	-676.021	59	 -51.314	  46.740	 110.752
9	-668.882	56	 -27.299	  68.174	  89.668
10	-666.693	41	 -24.509	  29.171	  67.712
11	-643.854	59	 -39.573	  36.733	  53.821
12	-617.487	55	 -40.052	  25.740	  64.214
13	-602.544	38	 -18.130	  70.902	 103.462
14	-596.143	52	 -39.765	  59.044	  94.162
15	-595.941	56	 -17.915	  55.816	 107.565
16	-574.623	48	 -33.020	  88.328	 118.316
17	-565.635	51	 -33.819	  27.404	  83.765
18	-557.532	48	  15.075	  45.973	  70.154
19	-546.159	49	 -29.800	  35.333	  46.638
20	-546.066	46	   1.093	  52.676	  92.749
21	-534.617	48	  -6.429	  36.857	  67.981
22	-530.040	48	 -23.945	  64.508	 123.591
23	-524.040	48	  -5.947	  16.937	  66.478
24	-517.929	47	  -2.074	  74.770	 103.643
25	-510.230	45	 -35.927	  19.156	  73.940
26	-506.255	42	 -12.526	  26.557	  44.291
27	-499.064	48	 -51.773	  51.903	  95.273
28	-498.858	44	  -6.479	  49.598	  65.922
29	-470.181	43	  -9.784	  36.421	  56.360
30	-454.609	43	 -44.857	  32.002	  73.702
31	-445.536	39	 -37.098	  70.966	 106.866
32	-405.751	40	  -5.981	  59.302	 121.696
33	-402.113	38	  -1.505	  76.382	  87.541
34	-396.880	37	 -42.022	  21.104	  92.901
35	-395.334	34	 -24.176	  45.590	  65.028
36	-394.401	36	 -14.714	  28.056	  78.106
37	-392.997	27	 -14.415	  46.223	  92.092
38	-391.589	31	 -43.618	  53.895	 112.557
39	-391.252	37	 -13.897	  11.051	  77.535
40	-385.085	34	   0.277	  23.346	  51.679
41	-371.509	34	 -17.154	  21.158	  92.797
42	-366.252	33	 -24.106	  58.174	  79.114
43	-364.168	34	  -7.014	  86.952	 100.312
44	-364.001	32	 -30.246	  43.980	  55.622
45	-361.895	31	 -13.311	  22.739	  73.350
46	-360.598	30	   1.336	  40.759	  91.483
47	-353.850	34	  -3.784	  48.892	 110.269
48	-352.286	31	  -1.720	  44.917	  97.724
49	-349.296	32	 -17.788	  93.069	 100.255
50	-345.761	33	 -17.236	  85.476	 129.405
51	-332.449	33	   3.193	  61.809	  64.528
52	-318.316	31	 -38.179	  25.621	  50.496
53	-312.920	29	  11.946	  62.569	  97.167
54	-312.302	27	 -18.919	  62.005	 112.254
55	-310.502	28	 -32.279	   9.976	  59.762
56	-309.848	29	 -27.610	  84.716	 131.325
57	-308.123	29	 -39.585	  22.932	 102.725
58	-305.082	27	   7.345	  39.986	  66.967
59	-303.541	29	  15.292	  51.887	  96.894
60	-302.302	28	 -41.149	  26.507	  71.716
61	-300.288	19	 -21.941	  61.612	  86.172
62	-293.845	27	 -48.589	  44.913	  75.663
63	-292.363	25	 -27.560	  79.999	  89.270
64	-287.185	26	   5.750	  55.005	  67.087
65	-285.237	25	 -37.873	  69.072	 118.649
66	-281.203	27	 -27.418	  65.392	  83.136
67	-280.031	26	  -7.064	  85.680	 115.863
68	-279.516	27	 -55.193	  26.724	  98.090
69	-277.900	27	 -27.471	  38.041	 107.479
70	-276.261	26	  -3.146	  78.386	  96.174
71	-276.208	24	 -23.048	  93.875	 115.726
72	-272.801	26	 -15.409	  75.813	  76.406
73	-271.282	25	 -27.408	  16.424	  43.879
74	-270.244	23	 -16.096	  19.509	  42.078
75	-264.601	18	  -5.639	  70.076	 118.860
76	-261.330	26	 -30.435	  19.094	  90.531
77	-261.326	21	 -39.969	  76.222	 125.545
78	-255.662	24	 -13.295	  61.107	 120.752
79	-255.163	25	  -9.705	   9.099	  45.398
80	-252.075	25	 -34.636	  46.875	 118.113
81	-251.608	24	  17.585	  68.199	  77.132
82	-244.298	23	 -19.288	  42.526	 106.513
83	-242.165	14	 -21.856	  10.716	  72.406
84	-241.791	24	  21.441	  61.522	  85.501
85	-240.316	23	 -30.932	  87.882	  95.739
86	-235.326	20	  20.919	  48.495	  89.893
87	-234.357	22	  21.828	  51.951	  73.398
88	-227.190	21	  -2.800	  34.062	  89.460
89	-226.182	21	  -7.664	   5.662	  67.211
90	-224.387	22	 -21.153	  26.712	  94.525
91	-222.549	21	  -7.323	  30.457	  80.306
92	-219.443	21	 -24.436	  71.629	 135.917
93	-217.099	21	   4.086	  66.083	 115.682
94	-215.029	19	 -22.748	  88.375	  89.522
95	-214.385	20	  -6.540	  73.660	  74.359
96	-213.589	20	 -15.922	  13.298	  84.135
97	-212.014	19	  14.015	  54.202	  66.960
98	-210.586	20	  -1.976	   5.662	  58.290
99	-206.625	20	   3.936	  58.001	 103.062
100	-205.505	19	 -15.886	  45.655	  64.837
101	-204.386	19	   3.661	   9.574	  52.824
102	-203.718	19	 -16.212	   1.721	  58.946
103	-201.580	19	 -56.701	  47.293	 102.368
104	-197.497	20	  24.034	  50.179	  82.561
105	-189.704	18	 -57.439	  38.571	 108.613
106	-189.204	19	  -8.746	  24.105	  87.343
107	-189.127	17	 -15.586	  86.103	  87.159
108	-188.148	18	 -59.090	  32.708	  87.958
109	-186.998	18	 -16.796	  67.324	 131.692
110	-183.861	17	 -56.219	  50.744	  87.035
111	-179.545	18	 -53.183	  25.855	  78.918
112	-179.169	17	  -1.753	  39.121	 108.637
113	-176.366	10	 -30.179	  39.712	  76.438
114	-175.633	18	  -6.768	  75.751	 127.666
115	-172.300	14	 -46.117	  25.994	 109.941
116	-171.801	17	   8.275	  54.829	  97.976
117	-170.005	17	 -37.400	  61.491	  83.914
118	-169.234	16	 -42.809	  48.389	  69.273
119	-168.125	16	 -31.508	  11.973	  75.098
120	-165.156	10	 -14.062	  64.424	  89.767
121	-163.066	17	 -22.010	  40.712	  47.279
122	-162.002	16	 -32.086	  72.707	 137.606
123	-160.682	15	 -54.385	  35.853	  74.853
124	-160.160	11	 -22.957	  53.679	  90.154
125	-159.806	11	 -20.720	  41.510	  99.810
126	-158.871	12	  -6.317	  31.738	 105.590
127	-158.571	15	  11.753	  31.741	  80.084
128	-156.044	15	 -16.678	   5.463	  50.807
129	-155.385	15	 -16.910	  55.449	  66.612
130	-151.859	13	 -21.013	  64.458	  74.434
131	-151.543	14	 -58.869	  40.086	  80.909
132	-147.741	15	 -33.572	  51.420	  60.185
133	-147.110	14	 -30.171	   9.179	  86.390
134	-144.577	14	  -1.895	  81.159	 118.949
135	-144.322	11	 -19.405	  40.362	  90.112
136	-143.862	14	   3.993	  32.569	  81.821
137	-138.460	14	 -53.778	  28.697	 108.699
138	-136.734	13	 -10.361	  84.912	  93.287
139	-136.315	13	  -2.690	  51.024	 103.269
140	-135.751	13	 -29.956	  92.038	 103.566
141	-134.451	9	 -21.480	  18.291	  78.793
142	-132.563	13	  13.903	  66.992	  66.868
143	-132.226	13	 -33.209	  10.415	  49.613
144	-131.571	13	 -62.472	  44.804	  91.517
145	-131.194	13	 -48.756	  40.046	 117.363
146	-130.509	13	  11.230	  36.962	  88.317
147	-129.601	13	 -13.539	  94.826	 116.198
148	-127.821	13	 -22.001	   3.613	  73.928
149	-126.974	7	 -16.074	  69.991	 119.302
150	-123.063	12	  15.982	  69.249	  92.137
151	-122.656	12	  19.528	  39.488	  76.995
152	-121.247	12	   3.112	  79.724	  78.098
153	-119.783	11	 -33.874	  55.778	  74.104
154	-119.571	11	  14.292	  35.358	  69.667
155	-118.519	11	   5.298	  75.114	  72.690
156	-117.846	10	  -4.571	  31.141	  56.033
157	-116.935	11	 -46.354	  49.510	 119.467
158	-111.699	11	  -8.179	  29.654	  65.691
159	-109.286	11	 -26.595	  76.776	  80.316
160	-109.215	10	   4.777	  55.564	 120.065
161	-107.910	10	 -35.034	  65.041	  97.204
162	-107.811	11	 -30.813	   5.035	  65.703
163	-107.648	7	  -0.676	  42.619	  80.183
164	-105.482	10	 -61.031	  34.648	  99.059
165	-104.802	10	  -5.668	  20.180	  43.132
166	 -98.477	10	 -20.145	   1.865	  65.370
167	 -96.767	9	 -13.084	  76.854	 132.096
168	 -92.522	9	   1.866	  35.410	  98.513
169	 -90.823	9	   1.216	  67.749	  97.449
170	 -89.751	9	   8.626	  78.133	  88.705
171	 -89.597	9	 -13.854	  64.715	  68.493
172	 -89.376	9	 -27.333	   7.199	  79.240
173	 -87.348	9	   2.979	  70.309	  65.713
174	 -84.318	8	 -14.608	  22.455	 102.876
175	 -83.711	8	 -21.335	   6.460	  90.845
176	 -83.654	6	 -18.774	  46.975	  79.555
177	 -82.335	5	  -8.014	  62.680	 111.342
178	 -81.437	8	  -6.968	  24.418	  98.097
179	 -80.366	5	 -10.636	  78.459	 101.390
180	 -80.007	8	 -39.256	  69.300	 132.619
181	 -78.977	8	 -29.675	  63.592	 112.423
182	 -78.464	8	  -4.705	  66.819	 126.826
183	 -75.238	5	 -33.937	  47.205	 103.723
184	 -73.790	7	 -42.420	  57.189	  79.744
185	 -72.726	7	   0.144	  71.776	 110.686
186	 -72.407	7	 -34.843	  35.809	 114.865
187	 -71.704	7	 -31.125	  63.202	 130.890
188	 -70.064	7	 -37.254	  83.441	  98.982
189	 -69.781	7	 -41.815	  18.610	  59.316
190	 -68.394	6	 -10.765	  81.362	  82.273
191	 -66.952	4	 -31.536	  43.865	  84.586
192	 -64.831	4	 -16.283	  15.322	  66.649
193	 -64.829	7	 -32.262	  17.339	  81.439
194	 -63.591	6	   4.213	  15.225	  62.170
195	 -62.154	6	 -42.842	  61.775	 102.472
196	 -60.837	6	  14.447	  76.206	  80.391
197	 -59.562	6	 -40.679	  38.251	 118.926
198	 -58.747	4	  -7.378	  69.817	  92.586
199	 -56.733	6	  22.107	  60.211	  71.569
200	 -55.457	6	 -41.870	  81.243	 116.487
201	 -53.874	5	 -18.503	  28.697	 107.576
202	 -52.662	5	 -28.307	  52.323	 111.912
203	 -51.788	5	 -46.325	  42.348	  64.556
204	 -50.562	5	 -25.983	  28.264	  43.016
205	 -50.014	3	 -35.553	  32.059	  76.561
206	 -49.820	5	 -13.375	  33.314	 111.765
207	 -49.166	5	  -9.041	  59.771	  65.817
208	 -48.026	5	   6.039	  56.257	 110.930
209	 -47.951	5	   0.860	  30.850	  69.774
210	 -47.675	5	   7.043	  17.059	  53.979
211	 -45.818	5	 -10.935	  52.664	 116.197
212	 -44.674	3	  -8.553	  55.798	 102.871
213	 -44.672	4	 -13.299	  46.763	 111.795
214	 -38.912	4	 -50.881	  53.053	  77.872
215	 -38.268	4	 -18.717	  34.475	  41.586
216	 -37.481	4	 -48.579	  33.309	 114.330
217	 -36.625	3	  -1.716	  63.268	 105.165
218	 -35.595	3	  -8.553	   5.213	  51.586
219	 -31.272	3	 -50.514	  21.039	  88.507
220	 -30.769	3	 -21.543	   1.059	  82.586
221	 -29.778	3	 -36.863	  90.375	 106.586
222	 -29.662	3	   0.488	  81.646	 110.911
223	 -27.356	2	 -22.141	  27.059	  84.998
224	 -24.398	2	 -11.497	  35.531	  88.058
225	 -21.398	2	   8.447	  46.581	  95.586
226	 -19.759	2	 -50.038	  18.059	 104.586
227	 -19.314	2	 -35.099	  57.120	 115.586
228	 -18.763	2	   9.447	  61.062	  83.583
229	 -18.014	2	 -28.553	  83.562	 104.586
230	 -16.111	1	  -0.553	  65.059	  76.586
231	  -9.593	1	 -44.553	  49.059	  60.586
232	  -9.378	1	 -34.553	  74.059	  92.586
233	  -9.333	1	 -13.553	   3.059	  71.586
234	  -9.267	1	 -18.553	  85.059	  78.586
235	  -8.953	1	 -40.553	  13.059	  68.586
