1	-2216.641	187	  11.003	  14.937	  52.429
2	-1899.560	151	   9.165	  13.675	  30.605
3	-1673.456	138	   7.507	   0.464	  59.922
4	-1454.555	119	  16.437	   2.994	  22.827
5	-951.423	84	  21.338	  23.953	  24.348
6	-866.028	69	  23.151	  21.397	  70.019
7	-841.670	70	  -4.885	  14.647	  13.620
8	-788.422	72	   3.815	  25.136	  13.422
9	-764.604	68	  12.538	   1.352	  30.697
10	-738.340	61	   1.518	  -9.382	  40.838
11	-734.500	52	  17.743	   6.149	  47.072
12	-730.794	49	   5.318	   3.804	  36.214
13	-693.835	67	  12.586	   7.451	  57.445
14	-692.889	62	  12.743	   1.020	  51.533
15	-684.805	62	  32.434	  -7.184	  52.794
16	-671.700	57	  11.361	  28.100	  71.774
17	-630.697	55	  -5.646	  15.538	  58.995
18	-606.280	37	  10.399	  11.441	  41.570
19	-605.066	54	  -3.135	 -13.364	  30.340
20	-566.866	45	  -0.357	  21.947	  58.064
21	-478.174	43	  21.970	  18.067	  46.904
22	-476.859	46	   1.619	   7.381	  24.382
23	-448.470	41	   0.787	  -3.136	  68.298
24	-445.543	40	  15.591	 -21.960	  42.491
25	-443.802	41	  -0.782	  -1.737	  31.913
26	-426.807	35	  26.608	  -4.556	  41.428
27	-422.231	38	   7.709	  -2.144	  26.367
28	-420.099	39	   2.110	 -11.658	  10.870
29	-417.977	39	  15.646	  25.625	  39.858
30	-400.291	36	  25.022	   1.976	  15.244
31	-398.308	31	  22.885	 -18.652	  32.883
32	-385.806	36	  -0.696	  22.600	  44.872
33	-381.847	35	  20.896	  13.473	  58.732
34	-376.891	33	  24.895	 -10.018	  19.953
35	-372.283	32	  16.112	  -9.839	   8.148
36	-368.733	34	  23.168	   2.902	  51.179
37	-364.746	32	  -6.552	   2.613	  57.738
38	-355.691	30	  10.751	 -21.249	  49.495
39	-350.383	31	   5.719	 -14.354	  63.096
40	-347.259	29	  13.274	 -10.219	  74.944
41	-346.381	34	  11.194	   7.269	  25.612
42	-338.621	30	  -3.134	   0.377	  22.656
43	-336.885	30	  -8.289	  14.625	   5.008
44	-335.311	31	  13.280	  19.292	  79.223
45	-331.530	32	  20.178	 -12.838	  71.357
46	-330.422	30	  17.862	  -0.319	  56.973
47	-314.310	29	  -3.374	  12.415	  35.691
48	-310.298	31	  30.749	   4.599	  52.949
49	-301.763	30	  12.732	  22.796	  61.619
50	-300.756	29	  30.748	 -21.093	  38.565
51	-299.537	28	   3.820	 -26.522	  43.651
52	-292.099	27	 -11.693	  10.821	  47.251
53	-283.378	27	  11.004	 -14.871	  12.076
54	-267.870	26	   3.270	  21.996	  34.753
55	-262.489	24	  26.283	   6.603	  60.644
56	-262.309	24	  29.127	  10.817	  24.926
57	-260.310	25	  -6.141	  10.025	  68.973
58	-255.530	23	  10.047	 -21.791	  21.215
59	-254.443	22	   2.069	  35.030	  69.758
60	-253.863	23	   4.725	  17.588	   3.563
61	-252.594	24	   8.115	 -15.702	  70.143
62	-251.497	25	   3.657	  17.011	  24.961
63	-251.461	24	  35.789	  10.651	  66.997
64	-250.344	22	  24.671	 -18.439	  62.226
65	-250.299	24	  32.677	  10.007	  77.257
66	-248.983	24	  12.934	  16.568	   2.053
67	-248.202	24	  25.728	  16.997	  14.627
68	-247.564	24	   5.011	  15.141	  80.950
69	-247.522	24	  22.610	 -13.110	  13.169
70	-243.835	24	 -12.893	 -10.839	  20.823
71	-242.580	23	  19.600	  38.217	  10.990
72	-233.479	22	  40.105	   1.883	  61.539
73	-227.755	20	   8.354	  36.532	  14.133
74	-220.049	21	   8.296	  -5.527	  78.108
75	-217.492	20	  27.253	  -7.006	  71.981
76	-215.563	19	  19.185	 -26.058	  56.406
77	-215.008	20	  30.546	  19.562	  36.549
78	-212.085	19	  23.831	  22.400	  79.206
79	-209.183	21	   9.908	 -28.265	  36.738
80	-208.130	21	  -4.031	  -4.868	   3.838
81	-188.797	18	  24.922	   9.103	  11.400
82	-188.028	17	  23.516	  -0.516	  25.424
83	-182.066	13	  12.789	  -0.151	  41.827
84	-178.931	17	  -1.497	   3.475	  72.241
85	-177.221	17	  19.567	  -2.860	   5.058
86	-177.007	17	  14.003	   9.681	  84.760
87	-171.982	17	  27.647	  22.919	  29.371
88	-158.244	15	  -0.073	  20.792	  79.597
89	-157.200	15	   7.874	   8.851	  -1.858
90	-154.284	15	  31.141	  -0.182	  77.068
91	-152.793	14	  19.588	 -26.495	  27.448
92	-151.087	15	  23.124	 -24.608	  44.148
93	-148.448	15	  -6.881	  23.856	  60.620
94	-145.100	12	  -9.001	  18.032	  52.005
95	-144.085	14	 -16.295	  17.900	  64.757
96	-143.872	13	  29.425	   4.184	  39.021
97	-142.686	13	  31.302	 -16.191	  55.759
98	-141.594	13	  25.981	  13.608	  81.529
99	-139.976	14	   8.995	  -1.984	   0.000
100	-137.052	13	  -8.038	  31.943	  71.409
101	-135.660	14	  13.605	  28.385	  30.019
102	-133.718	13	   2.990	 -18.691	  18.340
103	-132.569	13	 -11.707	   3.256	  16.739
104	-132.226	13	  39.178	   1.357	  72.678
105	-128.886	12	  15.785	  23.947	   3.607
106	-127.491	13	  -4.501	  -2.762	  43.804
107	-124.246	12	   3.987	 -12.369	  56.004
108	-123.483	12	 -11.335	 -10.310	   9.592
109	-121.274	11	  31.345	  20.672	  66.948
110	-119.719	12	  -8.057	   1.062	   4.532
111	-112.336	11	  25.321	 -17.483	  24.112
112	-111.890	11	   2.463	 -21.674	  27.711
113	-111.101	10	  -3.339	   7.608	   1.234
114	-109.025	11	  16.190	  33.702	   3.343
115	-106.662	11	  32.010	  28.550	  18.576
116	-105.157	11	  17.220	  -0.874	  82.887
117	-100.790	10	   3.948	  -7.384	   1.739
118	 -99.865	9	  -9.251	  -0.713	  51.151
119	 -92.648	9	 -12.548	  11.282	  15.971
120	 -91.675	9	  30.176	 -11.821	  65.773
121	 -91.649	9	  15.030	  31.157	  22.697
122	 -91.558	9	  24.517	  -3.137	  80.809
123	 -91.249	9	   6.438	   3.064	  78.583
124	 -86.290	8	  -8.398	  25.970	  79.049
125	 -85.796	8	 -11.157	  27.531	  65.156
126	 -82.786	8	  19.227	  12.119	   5.652
127	 -82.777	8	  31.571	 -11.087	  36.508
128	 -82.275	8	  31.604	   0.574	  46.507
129	 -78.600	7	  23.686	  27.378	   7.137
130	 -74.502	8	 -10.111	  -9.028	  29.344
131	 -70.971	7	  29.984	  -0.670	  30.742
132	 -70.802	7	  28.289	   5.586	  81.606
133	 -68.313	7	   9.109	 -28.357	  24.061
134	 -67.121	7	  -5.135	 -13.760	   8.611
135	 -66.811	5	  12.648	  23.593	  21.318
136	 -66.265	6	  15.034	   4.572	   3.635
137	 -65.001	4	  14.888	 -10.057	  41.610
138	 -63.569	6	   8.907	 -21.323	  58.412
139	 -62.070	6	  -0.501	  31.599	  80.001
140	 -59.455	6	  -0.583	 -18.171	  44.970
141	 -58.587	6	  -1.278	  -9.293	  51.637
142	 -55.169	5	  33.336	  10.495	  34.014
143	 -51.424	5	 -13.609	  -4.300	  16.140
144	 -50.655	5	  26.117	  -8.761	  28.160
145	 -48.573	5	   6.262	  32.518	  61.568
146	 -48.519	5	  33.512	  24.603	  12.591
147	 -46.035	4	   1.525	   8.885	  77.043
148	 -39.894	4	 -13.971	  -2.491	   8.664
149	 -39.146	4	   8.517	  38.050	   4.376
150	 -38.430	4	  36.307	  -5.921	  74.077
151	 -38.024	3	   1.007	  -2.443	  17.033
152	 -32.574	3	  23.660	  35.100	  18.610
153	 -31.530	3	  30.026	 -24.544	  46.362
154	 -30.250	3	 -13.905	  11.862	  69.660
155	 -30.161	3	   9.440	  28.124	  40.240
156	 -28.047	3	 -11.253	   1.148	  37.287
157	 -27.569	3	  32.730	  11.825	  46.966
158	 -27.280	3	   7.081	  30.146	  22.610
159	 -22.792	1	  13.747	   8.817	  65.610
160	 -20.029	2	   8.747	  35.296	  77.131
161	 -19.230	2	  -8.200	  17.344	  74.610
162	 -19.096	2	 -17.253	  27.817	  72.100
163	 -18.882	2	  -1.772	  22.817	   4.610
164	 -18.818	2	   6.747	  26.817	  52.634
165	 -18.685	2	  16.747	  26.295	  78.610
166	 -16.278	1	   7.747	   7.817	  16.610
167	 -13.050	1	  -1.253	   8.817	  54.610
168	 -10.462	1	  41.747	  -3.183	  50.610
169	 -10.436	1	  28.747	  37.817	  11.610
170	  -9.980	1	   5.747	  25.817	  79.610
171	  -9.954	1	   2.747	 -23.183	  53.610
172	  -9.902	1	   7.747	  25.817	   3.610
173	  -9.571	1	  22.747	   3.817	   5.610
174	  -9.565	1	  27.747	 -28.183	  56.610
175	  -9.010	1	 -11.253	 -19.183	  24.610
