1	-1505.762	119	  15.948	  -6.302	  15.375
2	-1202.932	98	  27.803	  10.282	  38.007
3	-960.125	62	  21.137	   0.370	  25.180
4	-883.679	71	  25.182	   6.519	  33.572
5	-844.562	64	  37.168	  12.943	  40.334
6	-715.213	67	  12.364	   4.459	 -10.170
7	-703.756	59	  37.400	 -15.362	  18.112
8	-699.155	59	  -1.185	   7.314	  20.877
9	-679.682	60	   9.447	 -15.238	  28.997
10	-645.386	58	  14.949	  34.508	   5.780
11	-630.379	50	   7.986	 -13.626	  13.135
12	-627.669	49	  17.885	 -11.736	  44.568
13	-610.968	54	  14.403	 -38.595	  27.637
14	-594.635	54	  49.970	  -6.725	  50.207
15	-593.153	45	  17.930	  -9.209	   5.081
16	-591.129	52	   9.793	  12.044	  36.226
17	-576.666	53	  11.728	  14.056	  63.517
18	-575.055	51	  25.076	   6.281	   6.391
19	-574.207	51	  67.663	   3.164	  37.515
20	-563.891	46	  29.064	  20.317	  16.502
21	-562.928	50	  10.769	  35.348	  38.912
22	-562.738	53	 -13.199	 -20.689	  15.145
23	-554.346	40	  22.873	  12.458	  45.272
24	-553.568	50	  28.829	  -1.231	 -20.867
25	-552.806	50	  -3.656	  29.670	  15.455
26	-543.509	49	  35.585	 -32.459	  43.249
27	-528.513	47	  54.774	  20.752	  38.357
28	-511.128	47	   3.631	  33.139	   9.936
29	-492.782	45	   3.802	   0.312	   6.982
30	-478.681	43	  44.388	 -30.527	  35.273
31	-478.148	44	  43.898	   3.482	  47.453
32	-470.103	41	  -9.558	 -34.380	  20.521
33	-468.824	41	  41.048	  -0.620	  29.867
34	-451.578	40	  41.799	 -25.161	  25.986
35	-446.673	40	  -3.342	  18.713	  17.995
36	-433.350	40	  -0.477	 -12.258	  31.610
37	-433.296	40	  20.256	  17.803	  58.389
38	-429.338	39	  23.951	 -22.483	  13.345
39	-428.378	40	  28.564	 -12.815	 -14.247
40	-424.695	38	  26.454	 -31.906	  47.720
41	-424.233	38	  23.024	 -18.018	   4.557
42	-416.194	36	   7.283	  -1.978	  33.971
43	-415.593	37	  22.390	 -21.682	  48.227
44	-414.104	35	  35.383	   3.617	  17.604
45	-404.956	37	  -8.048	 -37.906	  28.959
46	-391.682	34	  24.077	  27.116	  10.404
47	-388.831	37	  -0.243	   4.900	  46.577
48	-388.654	38	   6.330	  12.709	  28.690
49	-388.181	33	   2.525	 -33.108	  18.005
50	-386.503	35	  -7.432	  12.211	  60.243
51	-381.780	34	  10.412	  13.131	 -10.841
52	-380.855	34	  11.184	  30.715	  49.913
53	-378.177	35	  29.798	  -2.029	  50.296
54	-376.679	34	  27.385	  25.230	  32.208
55	-375.106	34	  64.341	  -5.507	  32.916
56	-368.993	32	  30.867	  15.871	 -13.785
57	-366.259	35	  10.116	 -28.272	  16.343
58	-358.618	33	  26.540	   6.132	  51.475
59	-347.663	33	  -7.160	  22.905	  55.796
60	-347.468	33	   8.107	 -32.559	  39.801
61	-331.599	30	  66.812	  10.719	  22.978
62	-328.918	32	  63.298	   0.657	  21.663
63	-325.725	31	  17.304	  26.864	  43.546
64	-324.736	29	 -18.175	 -22.705	  33.521
65	-322.444	30	  46.706	   9.106	  21.265
66	-319.796	31	  24.911	  13.013	  10.394
67	-318.503	31	  37.204	  25.535	  27.584
68	-316.471	28	  32.429	   3.885	   3.156
69	-309.998	29	   2.251	  -8.898	   7.807
70	-309.073	29	  34.512	   7.264	 -19.570
71	-308.815	25	  18.073	 -12.403	  12.666
72	-306.854	27	   4.535	  26.732	  60.758
73	-295.367	28	  43.764	   1.054	 -15.633
74	-293.552	29	  15.257	 -15.807	  35.408
75	-288.149	26	   4.913	  10.082	  41.049
76	-284.347	28	  17.383	  -7.786	  50.971
77	-284.216	28	  -5.530	  -1.455	  12.990
78	-281.444	27	  10.546	  -3.692	   3.069
79	-280.397	27	 -12.440	 -32.001	  33.771
80	-276.309	25	  -1.731	 -34.745	  38.857
81	-274.010	27	  34.419	   4.669	  46.233
82	-272.997	25	  11.640	  -9.103	  39.255
83	-271.712	26	  24.830	  21.097	  39.474
84	-270.814	25	 -14.144	 -30.711	  25.618
85	-269.059	26	  18.549	  13.537	 -19.944
86	-263.447	23	  21.099	 -29.697	  14.087
87	-260.787	24	  12.479	  19.950	  -8.301
88	-256.389	25	  64.057	  11.700	  43.648
89	-256.020	24	  52.086	   2.697	  48.039
90	-254.612	23	  -3.565	  30.645	  55.008
91	-248.045	23	  43.656	 -11.862	  -4.318
92	-246.104	22	  36.585	  -2.955	  53.221
93	-235.036	20	  41.447	   3.724	  -1.322
94	-234.999	22	   3.474	  35.998	  33.536
95	-229.989	23	  39.994	  -9.546	  26.131
96	-224.902	21	  15.917	 -20.420	  13.067
97	-223.262	21	  52.054	 -15.087	  46.074
98	-221.833	21	  34.308	  11.927	  14.297
99	-221.800	20	  34.836	  21.346	  37.424
100	-220.014	21	  53.919	  21.269	  22.199
101	-219.042	19	   2.339	   3.122	  -0.020
102	-211.383	21	  -9.546	 -24.558	  41.095
103	-205.300	19	  23.917	  31.350	  35.542
104	-205.294	18	  28.044	   9.252	 -23.183
105	-205.036	20	  54.498	   5.072	  17.249
106	-205.000	17	  46.306	   2.528	  25.855
107	-204.193	20	  36.629	  22.349	  17.984
108	-199.724	18	  65.646	  12.069	  36.046
109	-193.515	17	  38.292	  -5.481	  18.007
110	-191.323	18	   5.550	   0.083	  60.044
111	-189.780	18	  -8.827	 -11.849	  36.230
112	-188.780	18	  15.018	  42.985	  26.200
113	-188.620	18	  42.489	 -17.655	  57.317
114	-187.825	17	  -3.325	  24.502	  27.466
115	-186.600	17	  35.065	 -13.015	 -11.496
116	-185.949	16	  14.887	  -1.774	  -5.953
117	-185.214	18	  33.364	 -28.370	  55.701
118	-184.796	17	  13.432	 -35.173	  18.734
119	-184.554	17	  -3.479	  20.575	  -2.379
120	-183.794	16	  17.241	  -0.527	 -18.853
121	-183.324	18	  -7.371	  25.987	   5.617
122	-180.069	17	   1.604	   3.720	  29.311
123	-178.926	17	 -16.367	  -7.600	  23.583
124	-170.955	17	  17.445	 -16.236	  -2.874
125	-167.477	16	  16.776	  -2.339	  62.814
126	-166.832	16	  -1.108	  36.892	  46.355
127	-166.804	15	  17.969	  40.455	  13.282
128	-166.142	15	  -8.218	  26.499	  45.110
129	-160.667	15	  -4.945	  27.901	  36.771
130	-160.017	14	  -2.638	 -21.956	   8.693
131	-157.072	14	  58.044	   7.023	  48.803
132	-152.890	15	  42.690	  25.345	  39.327
133	-151.872	8	  30.627	 -20.146	  35.604
134	-149.066	9	   3.195	  -4.550	  21.879
135	-147.981	14	  42.029	  12.714	 -10.118
136	-147.981	15	  31.557	 -13.377	  57.590
137	-144.567	14	  16.536	 -29.338	  43.250
138	-142.920	14	  23.252	  24.076	   0.246
139	-140.035	14	  20.177	  -1.014	  55.677
140	-139.647	11	  43.159	  -3.251	  -7.959
141	-138.501	8	  11.931	  20.900	  15.092
142	-136.685	9	  29.717	  -8.109	   9.940
143	-136.283	13	  57.370	 -12.758	  35.491
144	-132.565	13	  26.907	 -40.415	  36.068
145	-132.328	13	   4.307	  35.697	  59.796
146	-130.954	13	  46.525	 -25.185	  48.574
147	-130.528	12	   4.332	  39.113	  22.009
148	-130.466	13	  33.968	 -19.426	  11.304
149	-128.678	12	  49.612	 -17.777	  32.091
150	-126.883	12	  27.849	  18.033	  -2.013
151	-125.117	12	   4.222	 -42.526	  31.398
152	-121.475	11	  26.359	 -20.762	  -3.823
153	-120.965	12	  52.498	 -24.769	  38.784
154	-117.580	8	  15.761	   0.974	  43.615
155	-117.476	11	  12.918	  28.183	  59.349
156	-116.780	11	  22.768	  20.227	  -8.509
157	-113.814	11	 -10.440	  11.041	  47.822
158	-112.070	10	  -6.124	 -13.065	   6.900
159	-110.740	11	  32.170	 -19.312	   3.987
160	-107.846	10	  62.107	  -9.106	  45.142
161	-106.477	11	  45.578	  16.508	  16.445
162	-105.571	9	  -1.215	  21.129	  61.052
163	-105.080	10	   0.907	  17.283	  -7.991
164	 -99.446	10	  -6.189	  12.003	   3.165
165	 -97.974	9	  -3.313	  20.505	  34.923
166	 -97.551	9	  31.295	 -40.705	  24.440
167	 -95.891	6	  35.905	  12.557	  26.063
168	 -94.683	9	  15.439	  30.490	  -3.855
169	 -94.411	9	  65.392	  -1.978	  48.997
170	 -90.337	9	   6.090	  26.443	  -4.560
171	 -90.221	9	  -1.711	 -44.976	  25.851
172	 -89.314	6	  31.632	   5.235	  28.582
173	 -88.314	7	  23.448	   9.385	  60.115
174	 -83.919	8	  25.044	  37.844	  24.158
175	 -83.250	8	 -14.902	  -3.526	  12.942
176	 -80.824	8	  52.151	  32.380	  19.038
177	 -80.705	8	  -4.365	  34.237	  24.334
178	 -80.583	8	  59.984	  15.212	  20.786
179	 -79.469	7	  18.769	 -12.618	  -9.317
180	 -75.801	8	  24.203	 -42.755	  23.513
181	 -73.567	7	  13.196	   3.240	  69.664
182	 -72.915	7	  47.963	   6.086	  -9.326
183	 -70.901	7	  54.634	  30.365	  30.063
184	 -70.213	7	  48.841	  12.392	  49.529
185	 -68.133	7	  10.192	 -24.915	  40.526
186	 -67.837	7	  40.931	 -15.063	   9.559
187	 -66.736	7	  -8.649	   1.599	  21.227
188	 -62.916	6	  20.558	 -37.547	  43.790
189	 -62.141	6	  35.707	 -32.650	  18.379
190	 -61.936	6	  -2.529	   5.148	  58.823
191	 -61.559	6	  22.231	   7.744	 -28.934
192	 -59.212	6	  28.798	 -36.459	  15.406
193	 -59.042	6	   4.199	  17.157	  65.026
194	 -58.383	6	  39.180	 -21.521	   2.176
195	 -58.132	6	  -5.893	 -41.013	  18.389
196	 -56.886	3	  40.113	  -3.200	  38.529
197	 -56.804	6	  45.508	  30.957	  27.034
198	 -56.364	3	  16.838	   6.678	   3.529
199	 -52.682	5	 -15.352	 -15.107	  40.107
200	 -52.574	5	  51.996	 -10.691	  29.628
201	 -51.700	5	  39.027	 -40.437	  28.059
202	 -49.933	5	  -6.657	   1.929	  53.533
203	 -49.385	5	  19.396	  26.479	  52.849
204	 -49.163	5	  47.594	  19.471	  45.925
205	 -48.150	5	 -10.310	  -3.733	  27.458
206	 -47.831	3	  23.854	  -2.864	  13.882
207	 -47.782	5	  33.583	   0.059	  10.488
208	 -47.061	2	  14.207	 -21.998	  25.529
209	 -45.606	4	  48.397	  15.794	  29.991
210	 -42.077	4	 -16.468	 -14.946	  29.690
211	 -41.362	4	 -20.107	 -11.232	  12.299
212	 -39.612	4	  61.775	  18.939	  36.069
213	 -39.455	4	  42.947	 -21.758	  -8.233
214	 -39.196	4	  -5.765	 -32.338	  10.840
215	 -38.814	4	  37.930	  13.219	   0.066
216	 -38.810	3	  17.605	   5.479	  35.901
217	 -38.423	4	 -12.793	  20.734	  43.778
218	 -38.148	4	  56.242	  15.882	  47.773
219	 -37.432	4	   1.438	 -28.281	   9.770
220	 -35.638	2	  13.207	  20.141	  34.529
221	 -30.937	3	  -2.088	 -30.147	  44.529
222	 -30.801	2	  10.650	  -6.964	  22.972
223	 -30.567	3	  68.883	  -5.516	  42.177
224	 -30.157	3	  -1.796	  39.812	  56.865
225	 -29.417	3	 -21.772	  -1.521	  16.205
226	 -29.306	3	   0.878	 -17.539	  41.858
227	 -28.369	3	  -6.097	  10.467	  39.181
228	 -27.905	3	  52.868	  -4.183	  20.529
229	 -27.605	3	  59.897	   9.804	  14.529
230	 -21.096	2	  10.207	  -6.521	  67.995
231	 -19.497	2	  49.602	 -19.591	  -2.006
232	 -19.242	2	  62.675	  -8.521	  25.529
233	 -19.153	2	  10.171	  32.461	   1.002
234	 -18.495	2	  44.216	  -8.008	   4.016
235	 -18.398	2	  20.701	  37.973	  40.035
236	 -18.030	2	   5.197	  -4.016	  52.529
237	 -11.821	1	  14.207	  -1.521	  28.529
238	  -9.565	1	  40.207	  -9.521	 -16.471
239	  -9.225	1	  24.207	  22.479	  47.529
