1	-1316.958	113	  29.108	  25.759	   9.321
2	-1188.298	106	  23.041	  31.451	   6.804
3	-1174.744	99	  29.124	  27.598	  22.155
4	-882.354	79	  11.877	  24.678	   2.162
5	-486.734	45	  20.548	  26.551	  31.844
6	-401.785	36	  13.776	   2.596	  15.408
7	-389.199	36	  21.634	   8.842	  29.361
8	-381.849	36	  26.962	   5.070	   8.851
9	-361.962	32	  29.504	  13.470	   2.361
10	-346.519	30	  15.709	  18.779	  34.265
11	-333.875	31	   2.051	  13.151	  10.384
12	-288.755	26	  35.629	  42.815	  12.615
13	-267.475	25	   8.130	  19.519	  15.267
14	-257.040	25	  16.734	  19.732	  -9.246
15	-243.634	22	  25.951	  24.019	 -10.744
16	-234.946	23	  37.842	  36.457	   2.451
17	-221.706	21	  36.105	  17.362	   9.715
18	-207.148	21	  26.023	  46.109	  -1.580
19	-199.349	19	  23.207	   7.555	  -6.994
20	-192.280	19	  21.870	   1.971	  18.518
21	-188.274	17	  14.823	  39.060	  -1.645
22	-179.436	17	   9.881	   5.122	  24.819
23	-176.167	16	  36.806	  35.889	  20.768
24	-159.265	16	  14.843	   1.076	   4.896
25	-156.797	14	  32.807	  28.975	   0.112
26	-156.123	14	   9.628	  13.095	  25.861
27	-152.358	14	  21.035	  39.982	  16.450
28	-148.813	14	   8.604	  32.670	   9.302
29	-146.430	14	  27.983	  19.868	  -4.075
30	-129.314	12	  13.053	   9.198	  -4.036
31	-125.818	12	  23.569	   3.055	   1.816
32	-125.349	13	  12.860	  30.141	  24.749
33	-102.424	10	  10.476	  32.421	  -8.890
34	 -99.599	10	  29.756	  34.830	  -8.603
35	 -94.451	9	  27.825	  42.658	  14.823
36	 -91.628	9	  42.225	  38.937	  12.981
37	 -91.455	9	  41.735	  26.343	  12.462
38	 -88.263	8	   8.247	  17.969	   3.163
39	 -81.872	8	  14.037	  33.885	  16.287
40	 -66.379	7	  41.456	  24.968	  21.728
41	 -52.135	5	  17.307	  44.084	   3.375
42	 -49.186	5	   3.814	  10.159	   0.901
43	 -49.085	5	  29.716	   7.727	  21.780
44	 -42.684	4	  33.605	  17.124	  17.913
45	 -41.689	4	  28.889	  15.902	  27.605
46	 -30.093	3	  22.869	   1.090	  27.345
47	 -29.847	3	  38.398	  49.124	   4.868
48	 -28.852	3	   3.451	   3.418	  10.837
49	 -19.696	2	  25.254	  38.141	  23.658
50	 -19.042	2	  25.214	  19.593	  37.167
51	 -18.858	2	  16.745	  -2.876	  23.687
52	 -17.993	2	  34.252	  42.626	  -5.326
53	 -10.560	1	  20.745	  37.124	 -14.833
54	  -9.151	1	  11.745	  40.124	  -8.833
