1	-935.655	67	  13.663	   5.764	  78.473
2	-909.998	65	  17.938	  -6.693	  70.350
3	-860.758	78	   4.026	  17.898	  50.005
4	-704.004	61	   5.587	 -10.837	  79.147
5	-680.998	64	  10.469	 -22.494	  98.021
6	-637.935	55	   2.051	   7.646	  68.405
7	-565.161	51	  -0.616	   2.837	  42.925
8	-558.798	48	  -1.518	 -13.564	 102.405
9	-536.904	48	  11.049	 -10.259	  51.809
10	-516.179	32	  17.265	 -16.663	  82.847
11	-490.051	42	  13.398	   1.819	  97.365
12	-477.415	30	   9.632	  14.376	  65.907
13	-470.610	41	  14.251	  21.360	  76.040
14	-461.632	45	   9.583	 -20.311	  82.125
15	-432.990	43	   2.199	  16.768	  62.137
16	-425.471	30	  12.445	 -13.148	  69.491
17	-423.940	39	  24.499	 -22.078	  73.743
18	-421.442	37	  21.859	  -0.503	  93.793
19	-388.596	34	  19.314	 -10.449	  62.691
20	-376.308	32	  -5.976	  10.083	  49.013
21	-370.649	33	  24.867	   5.763	  57.040
22	-368.408	32	   2.801	   4.177	  96.321
23	-359.052	22	   5.748	   8.303	  78.143
24	-329.163	30	  25.749	  11.758	  75.409
25	-324.250	31	  19.794	  -8.113	 100.786
26	-316.663	30	   6.995	  25.312	  72.103
27	-313.042	28	  30.831	  -6.000	  75.037
28	-295.302	28	  21.939	  -0.753	  52.591
29	-284.106	27	  18.940	   8.447	  48.546
30	-281.733	26	   0.916	  -3.009	  65.306
31	-271.662	26	  26.829	  -5.685	  65.679
32	-248.225	23	  12.773	  10.186	  87.061
33	-227.916	21	  19.788	  26.019	  56.135
34	-226.815	19	  -0.511	 -21.290	  97.794
35	-225.834	22	  22.362	   8.286	  84.442
36	-222.442	21	  -2.631	  15.062	  78.318
37	-212.481	20	  29.471	   2.985	  65.395
38	-212.462	21	  32.620	 -15.622	  74.641
39	-194.092	18	  -7.304	  -3.090	  93.426
40	-189.117	18	  28.885	 -17.065	  98.816
41	-188.953	17	  -6.077	  18.771	  48.623
42	-186.654	17	  -0.971	 -10.319	  51.707
43	-180.184	17	  28.173	   2.865	  86.024
44	-178.236	18	  -7.244	 -19.474	  91.348
45	-175.592	17	  19.833	 -28.088	  78.330
46	-173.543	16	   2.784	 -28.955	  97.129
47	-173.352	17	  22.229	  18.801	  50.016
48	-166.437	15	  -0.071	   6.707	  89.858
49	-165.639	16	  13.857	 -25.754	  87.932
50	-161.004	16	   0.762	  -3.804	  72.511
51	-146.773	14	   5.045	  14.060	  85.331
52	-143.379	14	 -11.113	   4.443	  52.897
53	-139.116	13	  -3.965	  24.075	  73.568
54	-134.346	12	  14.867	 -18.542	  63.441
55	-133.021	13	  33.375	  -4.494	  85.679
56	-130.351	13	  23.854	  26.349	  66.670
57	-124.590	12	  10.260	  26.996	  53.480
58	-113.868	11	  -5.311	   7.313	  62.740
59	-109.736	11	   9.792	 -25.345	  68.390
60	-109.368	11	  19.587	 -19.477	 102.143
61	-105.281	10	  10.845	 -31.623	  73.581
62	-102.478	10	  19.553	 -25.068	  64.652
63	 -91.427	9	  22.915	  21.902	  75.339
64	 -89.938	9	   1.303	 -18.685	  82.782
65	 -88.276	9	  13.496	  19.826	  46.874
66	 -87.233	9	  34.833	 -14.380	  94.404
67	 -86.620	9	  35.662	 -18.913	  84.662
68	 -84.498	8	   1.711	 -13.662	  62.917
69	 -83.363	8	  -2.512	  -4.054	  80.701
70	 -79.571	8	  17.568	  15.994	  83.066
71	 -78.021	7	  29.959	 -23.613	  92.526
72	 -76.926	8	   4.735	  21.215	  84.086
73	 -75.419	7	   8.759	 -14.928	  59.635
74	 -71.190	7	   1.806	  -7.703	 107.671
75	 -69.465	7	  20.552	 -27.119	  95.524
76	 -66.627	7	   8.315	   8.268	  41.782
77	 -58.444	6	  -3.976	   3.394	  82.142
78	 -57.941	6	  30.214	  11.250	  66.740
79	 -57.830	6	  13.717	   1.941	  41.263
80	 -57.641	6	  -8.086	  -4.388	  52.251
81	 -48.669	5	  -4.880	  -4.021	  60.665
82	 -48.255	5	  29.749	  -3.837	  96.281
83	 -47.941	5	  29.506	   2.578	  74.653
84	 -41.392	4	  29.228	  18.593	  57.348
85	 -39.093	4	  -2.977	 -11.258	  83.557
86	 -38.262	4	  -4.000	  -0.422	 104.845
87	 -38.021	4	  13.528	 -11.943	 105.808
88	 -37.955	4	  -4.703	  -6.665	  43.802
89	 -37.339	4	  27.206	  11.863	  52.807
90	 -37.043	4	   5.449	 -10.426	  42.334
91	 -31.230	2	  18.222	   0.083	  74.593
92	 -30.686	3	  -9.220	  -7.990	 101.141
93	 -29.673	3	  11.393	   9.578	 100.741
94	 -29.048	3	   9.184	  -1.879	 105.326
95	 -19.638	2	   6.697	  26.033	  62.058
96	 -19.315	2	   0.727	 -29.422	  89.582
97	 -19.143	2	  15.727	  -5.941	  41.088
98	 -18.207	1	  13.727	   8.578	  60.088
99	 -17.993	2	   8.737	 -31.412	 103.583
100	  -9.570	1	  13.727	  29.578	  63.088
101	  -9.308	1	   5.727	 -25.422	  78.088
102	  -9.279	1	  -7.273	   4.578	  89.088
103	  -8.939	1	  19.727	 -34.422	  68.088
104	  -8.924	1	  -9.273	  17.578	  56.088
