1	-1440.701	135	   6.381	  -4.901	  16.506
2	-1104.695	103	   4.209	   1.933	  11.649
3	-416.366	37	  27.149	 -11.293	  21.379
4	-364.808	30	  28.040	   3.155	  23.353
5	-328.807	32	  10.606	  15.392	  18.634
6	-326.963	31	   1.019	  -2.780	  31.940
7	-305.576	26	  -9.392	  -5.023	   3.333
8	-304.058	26	 -17.835	   5.308	  21.236
9	-303.999	27	 -16.969	   6.935	   7.130
10	-257.383	24	  11.985	  -6.095	  28.040
11	-243.978	24	  29.461	  -7.156	  10.403
12	-242.814	24	  18.128	   6.259	  33.577
13	-219.785	19	  -1.524	  12.806	  14.490
14	-215.631	20	   8.940	  -1.514	   5.636
15	-195.023	18	  -5.146	  -8.289	  21.311
16	-191.884	16	  -1.396	  15.764	  23.336
17	-190.638	18	   1.565	 -10.321	  10.242
18	-178.448	17	 -19.269	  -4.293	  16.573
19	-171.359	17	  -9.143	  13.184	  28.291
20	-164.938	16	   8.533	  11.700	  34.092
21	-147.031	14	  29.984	   1.062	  13.272
22	-137.957	12	  20.173	  -9.593	   7.779
23	-135.851	13	 -12.186	  14.046	  21.827
24	-135.789	11	 -13.038	   0.822	  28.994
25	-135.647	12	  11.675	   2.275	  34.394
26	-131.915	12	  24.430	   1.771	  30.354
27	-131.263	12	  15.361	   7.540	  10.922
28	-121.075	10	  23.361	  11.520	  22.530
29	-115.821	11	 -19.238	  -3.497	   7.808
30	-112.112	11	  16.321	   0.282	   5.309
31	 -92.207	9	 -17.530	   0.757	   0.779
32	 -92.041	9	  -5.412	 -10.962	  12.997
33	 -91.434	9	  -0.899	  13.885	  31.010
34	 -80.452	8	  -6.353	  -2.485	  30.776
35	 -68.966	7	  27.908	 -15.227	  13.933
36	 -65.619	7	 -14.252	  -9.923	  12.318
37	 -59.797	6	   1.189	  -6.557	   1.646
38	 -53.650	5	  -5.911	   0.405	  -1.443
39	 -53.650	5	  17.569	 -16.323	  17.899
40	 -53.064	5	  21.689	  12.569	  14.586
41	 -50.029	5	 -11.060	  -7.146	  27.009
42	 -47.612	5	 -17.722	  -6.558	  24.171
43	 -42.894	4	  21.089	  -7.817	  28.047
44	 -38.986	4	  23.358	   6.694	  10.359
45	 -37.954	4	   5.655	  12.987	  11.653
46	 -30.131	3	  10.453	 -10.493	   5.059
47	 -18.072	2	 -11.416	  12.719	  12.379
48	 -10.673	1	 -18.911	  11.214	  15.369
49	  -9.817	1	   6.089	  19.214	  26.369
50	  -9.216	1	   1.089	   4.214	   4.369
51	  -9.046	1	  -7.911	   6.214	  33.369
