1	-1334.230	117	  47.256	  40.925	  78.901
2	-1037.366	91	  27.233	  24.260	  70.589
3	-951.792	78	  59.124	  62.650	  92.224
4	-938.533	76	  65.986	  66.921	  86.903
5	-908.661	79	  70.871	  51.724	 103.800
6	-879.789	77	  46.034	  33.369	  71.991
7	-832.262	71	  59.132	  27.591	 122.798
8	-824.041	68	  78.480	  34.943	 108.509
9	-800.280	69	  15.553	  41.133	  61.335
10	-796.901	66	   9.156	  58.492	  54.032
11	-794.067	68	   7.511	  44.129	  78.758
12	-762.206	65	  -8.758	  65.843	  69.788
13	-753.340	64	  67.188	  56.100	  68.820
14	-709.244	57	   0.224	  56.343	  53.115
15	-696.290	64	  49.976	  37.639	  85.166
16	-686.069	59	  74.971	  38.468	  89.917
17	-642.468	50	  77.347	  36.865	 117.033
18	-608.884	48	  24.890	  30.125	  73.832
19	-593.080	52	  41.513	  49.912	  79.087
20	-576.687	50	  55.179	  52.030	 106.744
21	-568.927	52	  18.225	  29.772	  76.944
22	-548.772	49	  83.912	  38.059	 122.324
23	-530.139	48	  76.201	  49.751	  79.150
24	-510.526	44	  56.983	  42.254	 117.840
25	-506.242	44	  36.868	  43.366	  62.544
26	-502.823	40	  60.042	  38.513	  93.911
27	-488.546	44	  -4.480	  49.784	  72.263
28	-474.642	44	  22.838	  25.058	  83.781
29	-472.196	43	  83.027	  56.342	  90.198
30	-463.458	43	  -3.051	  39.904	  64.431
31	-459.020	44	  70.424	  75.654	  86.112
32	-458.435	38	  26.436	  52.487	  58.491
33	-448.941	42	  -3.319	  55.454	  45.984
34	-445.670	43	  29.446	  17.096	  66.456
35	-445.008	42	  47.748	  54.908	  70.814
36	-439.303	41	  46.954	  44.800	  72.929
37	-438.345	40	  28.395	  37.064	  53.949
38	-398.285	39	  40.315	  50.551	  93.952
39	-384.043	35	  44.051	  32.662	  88.692
40	-374.136	34	  52.627	  68.075	  88.128
41	-372.914	36	  13.553	  43.230	  54.097
42	-370.586	34	   8.157	  65.841	  49.214
43	-368.640	35	  38.469	  38.581	  92.545
44	-367.494	34	  28.506	  50.779	  88.525
45	-362.736	33	  28.063	  55.337	  64.731
46	-360.943	35	   8.408	  39.339	  60.844
47	-356.771	33	  83.738	  27.404	 111.683
48	-355.317	32	  -5.017	  78.153	  64.421
49	-355.131	35	  63.547	  31.337	 130.183
50	-350.416	34	  47.569	  40.864	  92.748
51	-347.577	33	   4.048	  78.943	  66.935
52	-346.893	32	  69.023	  59.362	 103.759
53	-345.313	32	  52.658	  45.696	 103.140
54	-341.952	32	  78.973	  49.782	 104.072
55	-337.033	29	  66.911	  42.466	 134.222
56	-335.854	31	  63.998	  33.626	  85.313
57	-331.894	31	  39.704	  34.521	  59.770
58	-331.563	31	  65.660	  14.772	 119.737
59	-329.824	31	 -14.950	  61.670	  64.341
60	-328.972	31	  64.728	  14.283	 111.126
61	-326.572	31	  84.714	  39.264	 105.194
62	-321.689	29	  59.944	  21.114	  99.212
63	-317.842	30	  -5.588	  77.850	  51.545
64	-314.414	30	  76.182	  54.486	  99.609
65	-314.266	28	  44.822	  63.493	  83.178
66	-313.099	29	  12.048	  33.822	  64.145
67	-305.858	29	 -17.187	  45.324	  45.205
68	-301.103	26	  46.998	  62.773	  99.409
69	-300.822	28	  78.358	  15.677	 123.323
70	-295.411	27	  51.347	  25.639	  77.445
71	-290.224	27	  79.401	  59.270	  77.457
72	-288.692	26	  53.361	  60.530	  66.746
73	-288.405	26	  14.468	  71.901	  74.130
74	-288.058	28	  62.562	  51.452	 117.649
75	-287.957	27	  83.701	  79.886	  85.536
76	-284.353	20	  18.516	  53.327	  74.048
77	-282.203	24	  62.015	  77.051	  77.246
78	-279.833	27	  51.090	  71.891	  70.757
79	-278.193	25	  44.038	  26.843	  58.261
80	-274.521	27	  25.336	  64.967	  69.661
81	-274.476	26	  34.574	  54.982	  82.849
82	-271.562	26	  50.090	  37.507	  99.666
83	-267.400	25	  82.488	  49.639	 135.812
84	-261.678	25	  29.288	  59.032	  73.000
85	-261.153	24	  57.193	  37.125	  79.788
86	-257.037	22	  68.854	  54.909	 119.399
87	-249.794	24	  71.860	  63.151	  68.830
88	-249.219	23	  63.498	  43.445	 127.003
89	-248.027	22	  12.724	  53.548	  49.261
90	-242.496	22	  16.071	  16.441	  62.306
91	-240.237	20	  36.403	  15.753	  76.509
92	-239.534	23	 -18.445	  66.560	  56.676
93	-234.643	22	  60.935	  45.369	  71.463
94	-233.926	22	  78.830	  27.828	 133.867
95	-232.265	22	  12.955	  55.526	  83.528
96	-231.953	22	 -15.917	  65.186	  48.634
97	-230.651	20	 -18.735	  50.399	  60.524
98	-224.849	21	 -11.878	  49.796	  65.753
99	-224.405	20	  21.789	  64.296	  48.769
100	-212.256	20	  41.688	  21.538	  89.412
101	-209.078	20	  53.524	  49.092	  69.009
102	-203.824	19	  70.511	  25.396	 134.676
103	-202.219	20	  13.889	  41.664	  93.538
104	-201.009	19	  31.956	  13.847	  53.688
105	-200.905	17	   7.815	  74.011	  53.285
106	-199.036	18	  86.362	  28.949	  97.452
107	-198.961	19	  39.605	  15.712	  58.234
108	-198.243	20	  65.479	  27.510	  89.458
109	-197.701	19	 -10.432	  32.540	  51.442
110	-193.624	18	   0.176	  66.256	  77.910
111	-193.184	19	  78.421	  60.005	 128.691
112	-192.832	19	  16.788	  51.038	  87.474
113	-188.095	19	  20.136	  21.433	  74.376
114	-185.996	18	  44.018	  16.590	  73.478
115	-183.951	17	  70.170	  76.112	  99.025
116	-183.919	18	  60.489	  74.102	  89.203
117	-183.597	18	  25.666	  21.761	  45.914
118	-183.357	17	  53.512	  26.088	 112.435
119	-183.190	15	  -6.672	  67.529	  45.007
120	-176.024	18	  56.386	  61.336	 106.743
121	-171.626	17	  90.627	  70.226	  93.248
122	-170.009	15	   2.138	  56.600	  79.112
123	-169.953	15	  52.545	  35.974	 110.502
124	-168.665	16	  67.774	  71.130	  65.694
125	-167.144	16	  38.458	  50.736	  71.052
126	-167.103	15	  84.411	  25.788	 126.798
127	-165.076	16	  78.502	  22.448	  90.227
128	-164.982	16	  45.265	  63.569	  74.432
129	-162.140	15	   3.655	  45.196	  39.244
130	-159.497	14	  10.825	  30.066	  85.947
131	-152.693	16	  48.727	  55.567	 106.351
132	-152.623	15	  52.169	  28.214	 101.623
133	-151.702	15	 -17.854	  73.107	  64.010
134	-151.238	15	  83.284	  35.209	  90.203
135	-150.682	15	  17.900	  34.145	  52.238
136	-150.477	14	  85.850	  41.853	  96.086
137	-149.153	14	   6.518	  31.241	  75.384
138	-148.826	14	  26.829	  70.321	  59.800
139	-148.748	13	  71.370	  17.556	 102.582
140	-148.128	15	  86.474	  52.594	 110.172
141	-147.185	14	  83.162	  56.476	 116.202
142	-147.151	14	  -9.696	  52.517	  46.267
143	-147.061	14	  79.779	  76.873	  77.603
144	-141.281	13	  65.948	  77.156	  70.881
145	-141.187	13	  84.956	  65.015	  74.849
146	-140.866	14	  23.906	  52.348	  50.048
147	-140.624	13	  64.249	  64.452	  60.036
148	-140.300	14	  10.977	  64.604	  81.254
149	-138.987	13	  16.562	  24.821	  53.216
150	-138.794	13	  79.743	  68.572	 101.908
151	-138.654	14	   4.618	  36.422	  82.282
152	-135.310	12	  27.130	  28.021	  89.855
153	-134.494	13	  27.933	  57.473	  53.099
154	-133.866	12	  67.438	  41.810	  77.619
155	-133.852	13	  76.965	  42.386	 136.464
156	-133.404	13	  75.506	  13.662	 113.271
157	-127.793	12	  80.846	  76.005	 100.010
158	-127.633	12	  91.757	  48.674	 116.912
159	-125.932	13	  72.194	  26.283	  88.626
160	-125.192	13	  83.986	  41.977	 129.364
161	-124.711	12	   3.244	  79.515	  55.948
162	-122.377	12	  18.614	  17.341	  52.932
163	-120.198	11	  71.703	  69.390	 105.277
164	-119.030	11	  11.206	  25.361	  60.577
165	-113.659	11	   1.397	  34.204	  58.024
166	-113.079	11	   2.376	  36.762	  47.538
167	-111.512	11	  83.637	  59.384	  99.268
168	-110.645	11	  83.538	  24.406	 104.803
169	-110.553	11	  -2.571	  38.072	  41.777
170	-109.988	10	  20.200	  61.482	  77.770
171	-107.311	10	  34.640	  19.404	  89.046
172	-105.786	9	  79.059	  69.295	  71.936
173	-102.483	10	  27.979	  38.305	  95.435
174	-100.832	10	  88.236	  55.540	 122.416
175	 -97.819	9	  80.359	  15.762	 102.480
176	 -97.591	9	  15.227	  75.793	  52.362
177	 -95.086	9	  73.670	  59.608	 114.845
178	 -91.084	9	  34.384	  30.572	  94.513
179	 -90.039	9	  57.414	  17.444	 112.931
180	 -88.092	8	   8.984	  41.268	  44.731
181	 -87.706	9	  13.809	  77.683	  62.751
182	 -87.425	8	  71.995	  41.569	  83.454
183	 -87.020	9	  64.654	  13.126	 128.318
184	 -82.846	8	  -6.877	  57.280	  77.804
185	 -80.915	8	   1.417	  76.180	  73.601
186	 -80.281	7	  78.340	  19.825	 109.235
187	 -78.029	8	  72.651	  53.067	 138.256
188	 -76.576	7	  22.719	  30.410	  95.992
189	 -76.422	8	  56.998	  63.590	  59.473
190	 -74.638	7	  63.221	  21.492	 132.854
191	 -70.428	7	  47.337	  65.001	  92.087
192	 -69.912	7	  52.526	  28.443	  86.952
193	 -67.653	7	  39.975	  18.324	  48.753
194	 -67.085	7	  24.488	  42.599	  51.995
195	 -67.016	7	 -21.313	  41.429	  55.474
196	 -64.562	6	  72.793	  64.201	 125.182
197	 -63.490	6	  93.947	  38.024	 114.327
198	 -60.510	6	  88.147	  59.123	  84.166
199	 -60.108	6	  84.065	  49.953	  94.661
200	 -59.370	6	  89.106	  75.416	  79.538
201	 -59.018	6	  12.452	  30.080	  93.349
202	 -57.992	6	 -11.546	  39.401	  64.521
203	 -57.387	6	   4.488	  62.565	  44.530
204	 -56.858	6	  62.713	  57.935	 112.336
205	 -56.814	5	  -2.768	  58.303	  62.857
206	 -50.903	5	   6.231	  55.626	  37.857
207	 -49.534	5	 -12.570	  36.208	  43.597
208	 -49.334	5	  22.148	  72.196	  50.091
209	 -48.487	5	   2.133	  35.153	  68.538
210	 -48.033	5	  91.731	  66.072	  80.832
211	 -48.021	5	 -13.822	  80.147	  63.686
212	 -47.502	3	  71.153	  25.575	 116.260
213	 -42.081	4	 -18.527	  53.105	  51.331
214	 -40.841	4	  44.947	  46.343	  98.578
215	 -40.413	4	  39.430	  61.806	  94.328
216	 -40.351	4	  88.341	  77.593	  93.721
217	 -39.326	3	  65.947	  58.199	  80.584
218	 -39.022	4	  85.445	  57.111	 130.320
219	 -32.188	3	   9.667	  26.575	  70.206
220	 -31.526	3	  84.608	  20.554	  96.518
221	 -31.422	2	   0.259	  67.575	  59.857
222	 -30.991	3	  57.947	  27.902	  94.553
223	 -30.252	3	  64.586	  54.491	 127.975
224	 -29.315	3	 -21.744	  39.884	  46.611
225	 -29.157	3	  35.000	  34.856	  50.419
226	 -28.380	2	  33.947	  34.575	  72.399
227	 -28.343	3	  18.288	  34.904	  99.857
228	 -27.818	2	  57.947	  61.575	  77.440
229	 -26.139	2	  67.453	  34.575	 116.857
230	 -22.680	1	  34.947	  31.575	  80.857
231	 -22.444	2	  20.947	  36.048	  67.857
232	 -21.561	2	   9.395	  47.127	  62.305
233	 -20.649	2	  27.055	  17.575	  78.411
234	 -20.164	2	  27.476	  31.587	  40.845
235	 -19.408	2	  39.444	  27.588	  47.354
236	 -19.085	2	  55.947	  38.072	 125.360
237	 -18.876	2	  73.947	  18.078	 135.857
238	 -18.732	2	  60.907	  72.135	  58.897
239	 -18.682	2	  56.443	  70.057	  95.864
240	 -18.368	2	  40.971	  60.087	 105.369
241	 -18.130	2	  93.947	  64.078	  94.850
242	 -13.392	1	  27.947	  28.575	  60.857
243	 -12.450	1	  34.947	  21.575	  70.857
244	 -12.265	1	  15.947	  45.575	  73.857
245	 -12.207	1	  67.947	  71.575	  79.857
246	 -10.874	1	  -8.053	  59.575	  51.857
247	  -9.959	1	  21.947	  79.575	  54.857
248	  -9.558	1	  -9.053	  44.575	  40.857
249	  -9.109	1	  67.947	  83.575	  78.857
250	  -9.087	1	  51.947	  18.575	  83.857
251	  -9.022	1	  76.947	  53.575	  70.857
252	  -9.015	1	  30.947	  65.575	  48.857
253	  -8.949	1	  94.947	  45.575	 109.857
