1	-979.361	83	  79.566	  15.831	  11.694
2	-824.410	76	  33.965	  36.318	  24.573
3	-740.194	63	  50.613	  26.879	  13.135
4	-736.456	61	  80.379	  26.506	  14.692
5	-728.532	63	  28.931	  23.746	  16.141
6	-604.654	56	  87.903	  25.749	   7.036
7	-600.217	54	  36.008	  13.903	  24.483
8	-598.951	53	  59.051	  26.826	  33.139
9	-578.746	54	  49.899	   6.384	  12.030
10	-531.554	50	  75.710	  24.266	  30.417
11	-525.122	49	  57.000	   6.116	  23.528
12	-482.891	41	  40.660	  24.559	  34.373
13	-463.501	42	  76.806	  -4.092	   6.740
14	-458.492	40	  71.053	  15.325	  -9.340
15	-416.796	33	  87.471	  17.156	   2.371
16	-410.171	36	 106.310	   0.105	  21.350
17	-399.589	36	  64.303	  31.647	   6.808
18	-357.355	33	  78.295	  -6.524	  19.030
19	-341.496	30	  74.700	  13.583	  31.521
20	-338.913	31	 106.918	  11.137	  20.963
21	-318.256	31	  89.435	   7.816	  -3.046
22	-313.784	29	  83.688	  -1.404	  30.224
23	-311.587	31	  69.027	  31.908	  21.728
24	-309.317	28	  90.497	   0.662	  -1.902
25	-303.662	27	  56.096	  22.300	   8.878
26	-293.130	27	  78.521	  28.802	  23.725
27	-288.931	26	  83.812	  -4.346	   3.308
28	-283.708	24	  32.558	  16.131	  17.849
29	-283.387	18	  50.605	  17.082	  20.472
30	-279.349	25	  64.785	  17.884	  33.827
31	-275.607	25	  92.031	  28.010	  22.474
32	-266.164	25	  44.145	  33.970	  37.758
33	-245.737	24	  50.749	  16.888	   5.198
34	-235.171	19	  98.039	  16.421	  25.443
35	-228.066	23	  81.904	  13.742	  -7.424
36	-222.581	21	  97.286	  12.454	   4.322
37	-214.830	21	  36.086	   5.583	  20.160
38	-211.955	19	 101.068	  -4.919	  22.756
39	-209.585	21	  59.657	  23.371	   1.834
40	-201.874	18	  68.051	  -2.487	  -4.019
41	-197.561	19	  93.852	  -6.217	  26.842
42	-188.063	18	  67.706	  -0.383	  21.045
43	-184.731	18	  91.890	   0.641	  28.793
44	-179.035	17	 109.016	  11.804	  11.074
45	-170.824	16	  88.088	  16.389	  30.134
46	-165.016	17	  42.236	  14.563	  35.456
47	-164.688	16	  73.320	  24.456	  -8.383
48	-161.781	15	  26.828	  28.236	   8.578
49	-161.271	16	 101.535	  22.258	  10.193
50	-159.263	16	  54.115	  48.168	   7.498
51	-157.428	15	  54.490	  14.666	  -1.193
52	-156.402	15	  40.619	  45.685	  24.911
53	-155.701	10	  56.112	  29.414	  19.099
54	-155.677	15	  80.727	   7.281	  33.169
55	-155.323	14	  34.363	  29.667	  31.695
56	-150.115	14	  50.641	  24.758	  40.392
57	-149.333	14	  65.095	   5.693	  -8.458
58	-148.936	14	  32.803	  42.399	  16.604
59	-145.574	14	  41.626	  18.101	   2.635
60	-145.149	13	  55.583	   0.745	  10.519
61	-141.819	14	  23.373	  33.621	  15.225
62	-135.979	14	  30.068	  36.636	   6.419
63	-133.372	13	  60.294	  45.322	  18.309
64	-132.389	12	  95.054	   7.174	  31.256
65	-132.202	13	 105.399	   5.400	  10.093
66	-130.639	13	  66.861	  -4.787	  12.014
67	-129.247	13	  80.186	  31.968	  -0.516
68	-123.192	12	  44.523	  41.316	   6.653
69	-117.211	11	  99.376	  24.149	  20.567
70	-111.993	11	  39.574	  26.167	   3.452
71	-111.629	11	  60.207	  -1.084	   1.084
72	-110.195	10	  43.622	   9.637	  27.774
73	-109.254	11	  29.235	   9.662	  12.624
74	-108.109	9	  64.147	  30.607	  14.760
75	-103.509	10	  56.882	   6.894	  -2.778
76	-101.306	10	  97.573	  28.188	   4.415
77	-100.332	10	  72.265	  -9.192	   5.751
78	-100.164	10	  78.699	  -0.154	  -7.976
79	 -99.984	10	  63.928	  39.342	  14.142
80	 -98.052	10	  20.582	  26.259	  17.910
81	 -97.332	9	  59.179	  -1.991	  19.462
82	 -95.357	9	 105.076	  18.946	  17.261
83	 -89.469	9	  63.124	  -8.555	   2.363
84	 -83.755	8	  28.042	  19.742	   8.403
85	 -82.193	8	  54.598	  12.542	  33.852
86	 -80.031	8	  93.460	  -4.941	   5.951
87	 -79.305	8	 101.388	  -4.228	  11.524
88	 -77.109	8	  47.645	  45.925	  29.782
89	 -76.983	8	  47.007	  18.005	  40.606
90	 -73.721	8	  59.773	  44.367	  26.755
91	 -66.211	7	 109.634	   4.756	  27.325
92	 -66.007	7	  27.325	  25.619	  28.995
93	 -61.933	6	  56.783	  36.279	   5.938
94	 -61.765	6	  55.107	  40.738	  32.949
95	 -53.077	5	  84.739	  -9.029	  12.413
96	 -50.157	5	 103.335	   3.990	  34.606
97	 -49.347	5	  74.243	   7.320	 -11.770
98	 -49.039	5	  30.054	  21.181	  23.383
99	 -48.335	5	  36.535	  46.587	  11.389
100	 -47.572	5	  72.045	  35.181	  10.814
101	 -44.902	3	  46.495	  25.020	  21.946
102	 -42.717	4	  43.470	   3.777	  19.368
103	 -42.087	4	  32.437	  23.306	   2.606
104	 -41.883	4	  52.209	  50.519	  22.345
105	 -41.844	4	  80.506	  33.988	   8.869
106	 -40.050	4	  90.687	  23.526	   0.278
107	 -39.475	4	  42.931	   7.235	   5.190
108	 -39.271	4	 102.983	  30.527	  11.342
109	 -39.197	4	  98.373	  36.709	  12.777
110	 -38.210	4	  78.080	  -6.485	  -5.127
111	 -37.827	4	  42.764	  51.279	  17.090
112	 -37.680	4	  99.220	 -12.247	  16.918
113	 -30.057	3	  23.141	  31.463	  23.895
114	 -30.004	3	 110.495	   4.136	  16.293
115	 -29.381	3	  86.168	 -10.575	  23.882
116	 -28.935	2	  73.975	   6.247	  18.086
117	 -27.426	2	  46.495	  31.767	   8.102
118	 -19.730	2	  92.004	 -12.233	  11.606
119	 -19.412	2	  69.495	   6.218	  31.574
120	 -19.210	2	  60.435	  18.707	  -4.864
121	 -13.248	1	  99.495	   7.767	  21.606
122	 -11.325	1	  42.495	  16.767	  20.606
123	  -9.855	1	  78.495	  15.767	  21.606
124	  -9.363	1	  57.495	  33.767	  36.606
125	  -9.209	1	  31.495	  11.767	   4.606
126	  -9.136	1	  84.495	  32.767	  28.606
127	  -9.001	1	  71.495	  19.767	  17.606
