1	-1545.948	132	  27.322	  67.706	   3.209
2	-1244.258	94	  44.535	  99.653	  39.262
3	-1044.907	68	  34.390	  62.926	  31.410
4	-891.798	79	  35.004	 108.068	  45.608
5	-797.178	63	  -3.270	 104.770	  32.656
6	-770.941	67	  20.677	 101.216	  41.343
7	-768.467	64	  33.461	  88.946	  30.846
8	-758.449	70	  15.846	 110.364	  27.875
9	-752.728	69	   5.188	 101.902	  42.111
10	-726.963	67	  16.896	  92.857	  39.688
11	-703.604	50	  21.867	  76.868	  17.042
12	-675.302	58	  45.060	  60.482	  25.296
13	-637.656	61	  21.238	  59.376	  37.308
14	-624.160	59	  38.987	  92.220	  48.254
15	-586.982	47	  41.472	  77.888	   8.547
16	-580.908	50	  15.841	  67.940	  -1.374
17	-571.290	52	  48.416	  67.061	  14.859
18	-560.834	48	  16.663	  84.318	  30.651
19	-554.440	46	  17.811	  51.241	   8.983
20	-522.383	48	  45.219	  86.715	  39.341
21	-504.773	45	   2.696	  82.591	  14.425
22	-482.130	42	  35.741	  76.117	  31.344
23	-480.918	40	  13.937	  81.320	  24.444
24	-479.364	41	   6.348	  62.185	  20.466
25	-468.169	33	  27.010	  74.884	   9.741
26	-462.225	42	  37.389	  91.434	  20.750
27	-443.415	44	  28.250	  90.958	  45.004
28	-431.879	38	   6.488	  55.424	  23.956
29	-408.984	37	  28.485	  43.716	  16.260
30	-398.756	38	  33.214	  85.900	   5.272
31	-398.383	37	  32.096	 101.049	  53.639
32	-392.739	36	  -6.663	  91.361	  36.292
33	-381.888	33	  41.804	 105.026	  53.866
34	-378.509	37	  18.614	 100.766	  28.371
35	-370.584	34	  29.237	  96.362	  69.514
36	-352.046	33	  14.039	  40.607	  19.975
37	-350.350	24	  38.291	  66.063	  13.618
38	-349.232	33	  16.009	  84.318	   4.999
39	-346.075	32	  54.197	  66.252	  31.160
40	-343.719	22	  26.519	  60.654	  18.409
41	-343.704	30	  20.682	  84.241	  17.914
42	-331.890	29	   2.597	  91.889	  25.796
43	-325.701	31	   5.963	  50.749	  15.037
44	-323.147	28	   6.330	  99.477	  26.636
45	-321.700	29	  25.656	  97.393	  60.794
46	-300.508	20	  34.758	  71.982	  24.471
47	-296.496	30	  40.809	 100.890	  63.096
48	-294.623	29	   2.732	  92.259	  52.734
49	-286.798	25	  27.557	 117.497	  28.955
50	-276.273	20	  14.083	  56.957	  28.643
51	-270.966	26	  -3.290	  69.035	   6.930
52	-265.334	25	  43.696	  83.430	  13.787
53	-261.660	25	  39.681	  46.877	  30.405
54	-256.335	23	  28.304	  98.168	  32.973
55	-252.394	24	  57.656	  74.263	  35.798
56	-251.871	23	  25.491	  50.248	   8.222
57	-245.676	22	  20.120	  37.117	  25.384
58	-239.601	17	  26.662	  59.944	  29.734
59	-236.374	22	   8.333	  82.485	  43.423
60	-236.350	23	  45.695	  71.273	  39.465
61	-235.249	22	  19.501	  90.998	  63.266
62	-232.148	22	  54.113	 103.720	  46.309
63	-230.321	23	  33.206	 102.725	  19.588
64	-228.057	22	   5.441	  85.747	  21.305
65	-224.491	21	  15.963	  54.822	   2.668
66	-223.351	21	  27.923	  79.869	  -2.879
67	-215.838	17	  14.905	 106.646	  35.976
68	-214.536	19	   2.329	  78.270	   3.506
69	-212.758	20	  40.590	  83.842	  31.311
70	-207.873	18	  14.014	  69.089	  31.416
71	-207.785	19	  36.383	 116.292	  32.526
72	-199.136	17	  29.832	  87.533	  56.610
73	-195.376	12	  18.693	  63.595	  25.801
74	-188.877	18	  54.859	  78.499	  21.009
75	-188.713	15	  24.884	  90.945	  19.087
76	-184.354	17	  38.808	  92.157	  34.989
77	-181.167	17	   2.978	  59.100	  12.663
78	-174.009	17	  16.790	  87.592	  11.257
79	-169.686	17	   9.924	  99.930	  53.531
80	-168.394	15	  31.823	 100.228	  38.960
81	-162.319	16	   7.006	  74.938	  30.412
82	-161.576	15	  18.572	  75.883	  38.458
83	-161.135	16	  52.547	  92.209	  30.868
84	-159.587	16	  32.207	  94.236	  11.663
85	-158.514	16	  40.937	 115.843	  40.985
86	-151.662	14	   9.762	  86.979	  30.103
87	-142.311	14	  20.954	  73.675	  -4.164
88	-141.651	13	   6.925	  70.839	  -4.632
89	-138.782	14	  29.772	 115.372	  38.830
90	-137.344	13	  28.222	  68.245	  40.512
91	-136.936	14	  31.717	  50.909	  39.860
92	-136.663	13	  40.685	  51.404	  15.713
93	-132.728	13	  52.444	  93.290	  51.797
94	-131.893	13	  -3.612	  80.195	  26.104
95	-128.113	13	  32.300	  71.783	  -0.800
96	-123.643	7	  47.037	  69.011	  29.396
97	-122.761	11	  20.649	  87.418	  -1.703
98	-119.855	12	  45.236	  87.729	  54.105
99	-118.391	12	  22.480	 109.195	  19.466
100	-118.075	11	  46.371	  69.344	   5.765
101	-116.309	11	  43.770	  54.878	  35.831
102	-115.400	12	  22.417	  94.700	   6.743
103	-114.701	11	  50.029	  99.444	  57.735
104	-112.330	10	  41.937	  93.980	  69.200
105	-108.068	10	  32.320	  43.056	  28.738
106	-105.736	10	  43.570	  52.875	  25.020
107	-105.138	10	  -1.720	  64.739	  17.718
108	-103.727	6	  34.159	  56.440	  16.262
109	-101.393	10	  -0.641	  66.975	  -2.934
110	-101.209	10	  16.161	  87.235	  55.656
111	-100.769	10	  42.957	  97.463	  26.500
112	-100.086	10	  28.110	  59.231	   2.484
113	 -99.030	10	  -2.327	 111.864	  23.475
114	 -98.923	10	  23.454	 102.491	  52.329
115	 -95.499	9	  11.191	  95.080	  35.065
116	 -91.328	9	  26.904	  44.287	  36.807
117	 -89.535	9	  19.403	  91.516	  24.336
118	 -89.332	9	   2.375	  56.778	   4.175
119	 -88.583	9	  55.248	  80.827	  29.702
120	 -87.458	9	  19.272	 111.504	  39.619
121	 -84.305	8	  -3.193	  97.742	  49.622
122	 -82.781	7	  10.896	  92.141	  58.789
123	 -78.920	8	  22.153	 100.488	  13.417
124	 -75.916	8	  30.802	  84.616	  39.491
125	 -71.045	7	  53.764	  82.888	  45.135
126	 -68.896	7	  59.011	  70.600	  23.315
127	 -67.689	7	  -4.742	  90.477	  17.009
128	 -63.008	6	  12.138	 105.717	  46.902
129	 -61.402	6	  50.785	  79.549	  10.624
130	 -59.493	6	  47.932	 107.717	  33.255
131	 -59.200	6	  -7.375	 101.558	  19.594
132	 -58.127	6	   4.743	 109.196	  30.783
133	 -57.696	6	  35.956	  84.705	  67.233
134	 -56.965	6	  47.102	  87.718	  62.303
135	 -46.694	5	 -11.619	  97.925	  43.843
136	 -41.782	4	  34.737	  52.165	   7.892
137	 -41.102	4	  11.785	  46.248	  12.763
138	 -40.752	4	  55.785	  92.210	  40.806
139	 -40.105	4	  58.738	  84.542	  38.320
140	 -40.076	4	  51.770	  87.958	  24.013
141	 -39.276	4	   4.785	  42.717	  26.797
142	 -39.089	4	   9.776	  80.250	  -3.633
143	 -38.976	4	  28.724	 113.692	  16.743
144	 -38.652	4	   9.298	  54.145	   0.344
145	 -38.430	4	  40.766	  60.464	   4.774
146	 -37.758	4	  44.497	 114.994	  33.528
147	 -37.610	4	   1.762	 101.434	  19.290
148	 -37.009	4	  34.257	  71.968	  37.751
149	 -31.908	3	  14.478	  42.717	  35.313
150	 -31.635	3	  10.067	  77.084	  36.544
151	 -30.185	3	  38.438	  79.717	   0.235
152	 -28.427	3	  16.459	  81.717	  -7.733
153	 -28.085	3	  49.442	 116.379	  43.243
154	 -27.950	3	  47.127	  58.741	  12.592
155	 -27.426	3	  48.447	 108.717	  57.925
156	 -27.299	3	  20.454	  84.386	  49.931
157	 -22.554	2	   8.785	  85.124	  50.262
158	 -21.333	2	  -8.215	  67.271	  13.262
159	 -19.924	2	  30.785	  88.236	  74.262
160	 -19.742	2	  -6.215	  75.717	   9.756
161	 -19.404	2	  45.248	 114.717	  53.262
162	 -19.219	2	  47.274	  61.206	  40.751
163	 -19.034	2	   6.288	  67.220	  26.765
164	 -18.919	2	  45.280	  78.717	  38.262
165	 -18.323	2	  49.785	  58.717	  31.766
166	 -18.237	2	  39.785	  64.213	  44.262
167	 -18.147	2	  21.770	 118.702	  20.754
168	 -10.437	1	  14.785	  70.717	  -8.738
169	 -10.014	1	  -7.215	  87.717	  27.262
170	  -9.602	1	  13.785	  49.717	  39.262
171	  -9.307	1	   3.785	  69.717	  16.262
