1	-1434.405	124	 -14.943	  -1.409	  63.422
2	-1230.450	109	   9.636	  24.093	  73.289
3	-1164.297	97	  -7.356	  -6.386	  59.132
4	-949.328	83	  11.935	  17.508	  77.297
5	-918.839	80	 -10.297	  18.244	  63.023
6	-848.311	75	  -9.742	  15.964	  77.368
7	-653.971	56	 -12.563	  -8.428	  78.842
8	-647.745	52	 -20.193	  -6.388	  71.327
9	-615.018	49	  16.259	  11.719	  76.393
10	-606.846	51	 -10.211	 -16.650	  58.412
11	-606.843	51	  25.536	  18.234	  76.599
12	-600.502	47	  12.738	  29.136	  66.991
13	-563.644	49	   3.512	  37.571	  80.821
14	-526.696	46	  -8.776	 -13.726	  69.205
15	-510.957	44	  13.125	  23.250	  57.904
16	-454.206	40	  28.296	  39.873	  69.730
17	-450.925	40	  22.497	  19.224	  66.572
18	-450.632	42	  -8.519	  24.882	  69.179
19	-448.285	39	  -7.257	  32.437	  80.737
20	-438.349	37	  23.801	  29.248	  58.977
21	-422.885	36	 -30.354	 -22.154	  67.581
22	-410.069	40	  15.962	  24.798	  91.240
23	-386.196	36	 -20.380	  -4.785	  47.206
24	-378.531	33	  16.062	   2.469	  92.710
25	-377.471	36	 -31.757	   4.480	  71.414
26	-371.679	33	   7.474	  -3.882	  79.618
27	-366.917	34	   1.248	  39.914	  70.706
28	-358.874	35	 -21.531	   7.700	  45.327
29	-353.285	34	   3.274	  24.978	  95.086
30	-334.686	26	 -30.409	   2.350	  58.625
31	-333.455	28	 -19.103	 -18.355	  77.103
32	-328.163	28	  -2.623	  11.671	  95.070
33	-324.140	30	  -4.673	  19.175	  58.260
34	-322.881	29	 -17.406	  12.213	  75.327
35	-315.232	27	   9.838	   3.667	  54.439
36	-301.896	24	  -2.962	  -1.038	  88.107
37	-276.526	26	  27.745	  22.957	  85.698
38	-275.864	24	  16.761	   9.042	 100.299
39	-274.069	26	 -31.481	 -16.011	  79.934
40	-272.153	27	   2.868	  30.042	  59.549
41	-271.679	26	  19.779	  42.275	  58.644
42	-270.541	23	  -9.181	  15.266	  44.755
43	-270.213	26	   2.221	   3.792	  95.870
44	-268.370	24	   1.661	  -3.499	  41.070
45	-267.555	25	   3.880	   6.222	  40.443
46	-267.360	25	 -20.619	   0.845	  80.563
47	-264.949	22	   5.615	  15.274	  49.456
48	-261.673	24	 -10.492	 -13.255	  38.244
49	-259.729	24	  20.572	  33.175	  86.933
50	-252.087	21	 -26.447	  17.521	  65.152
51	-251.172	23	 -37.148	  -7.243	  68.234
52	-241.043	24	  -2.376	  11.044	  41.521
53	-240.327	23	 -33.490	 -16.816	  58.323
54	-235.925	22	  12.263	  45.014	  73.428
55	-233.574	21	  -5.599	  -2.631	  34.645
56	-233.390	23	  23.811	  42.429	  79.849
57	-232.703	20	  -9.824	   9.157	  80.301
58	-226.925	21	   0.760	  -6.586	  80.729
59	-226.465	22	 -17.597	  19.078	  70.057
60	-224.930	22	  -1.806	 -12.654	  41.914
61	-220.467	18	  18.533	  19.123	  61.058
62	-218.883	21	  -9.366	   2.891	  86.407
63	-212.865	19	  11.756	  10.030	  53.959
64	-211.438	19	 -27.023	  11.989	  59.587
65	-206.768	19	  -9.789	  25.442	  83.612
66	-198.953	19	   7.989	  -0.776	  94.986
67	-197.942	18	 -31.674	  -1.879	  50.870
68	-197.087	12	   5.409	  23.182	  64.111
69	-193.859	12	 -14.266	   0.548	  74.325
70	-191.571	17	 -20.257	  18.436	  58.839
71	-188.566	18	 -26.462	 -11.278	  50.673
72	-183.419	17	  26.586	  14.436	  96.037
73	-183.405	17	  11.840	  36.731	  89.559
74	-177.159	17	  17.729	  13.315	  65.948
75	-173.787	17	 -20.284	 -22.037	  52.150
76	-172.528	17	 -20.965	 -25.624	  63.087
77	-171.653	16	   8.752	  14.936	 101.317
78	-167.213	16	   5.687	  -3.040	  69.158
79	-162.596	16	  18.222	  33.065	  50.796
80	-159.610	16	 -12.827	  33.437	  70.069
81	-151.468	15	  10.993	   3.228	  65.209
82	-147.127	15	 -39.947	 -15.638	  68.392
83	-139.318	13	 -32.311	   7.210	  64.542
84	-133.123	13	  33.096	  30.246	  72.636
85	-132.650	13	  21.335	  48.617	  71.693
86	-131.713	13	 -26.100	  19.118	  73.750
87	-126.892	12	  24.394	   6.572	  93.026
88	-119.579	12	   6.370	  23.247	  54.072
89	-112.515	11	  -0.826	  19.852	  51.499
90	-110.647	11	 -32.437	  -2.331	  77.207
91	-107.134	10	 -10.262	  42.091	  66.100
92	-105.324	10	 -33.445	  15.250	  78.826
93	 -99.343	9	 -14.365	 -16.170	  83.468
94	 -96.977	9	  20.351	  25.568	  52.515
95	 -88.958	8	 -17.167	  -5.548	  36.184
96	 -85.480	8	   7.150	  41.807	  64.202
97	 -79.028	8	  -6.391	  20.432	  96.044
98	 -72.720	7	 -16.574	   3.165	  36.574
99	 -70.794	7	 -18.176	  18.194	  46.085
100	 -62.803	6	  -4.106	  30.428	  62.816
101	 -62.282	6	  15.050	  46.529	  64.304
102	 -61.740	6	  11.982	  -1.662	  45.937
103	 -59.841	6	  11.062	  -7.462	  50.620
104	 -58.485	6	   3.951	  35.563	  92.408
105	 -58.387	6	  33.561	  30.535	  81.289
106	 -54.374	5	  18.090	  21.899	 100.314
107	 -52.522	5	 -27.442	  -8.778	  84.502
108	 -50.280	5	 -37.445	  -7.388	  56.149
109	 -49.779	5	 -35.315	  -9.636	  78.432
110	 -49.631	5	 -11.470	  13.154	  87.371
111	 -48.520	5	  33.346	  23.043	  68.344
112	 -48.359	5	 -27.259	  15.816	  49.942
113	 -47.894	5	 -16.645	 -23.961	  72.341
114	 -47.177	5	 -11.038	  42.438	  75.147
115	 -42.277	4	 -31.261	   5.758	  49.659
116	 -42.226	3	  -4.790	   1.775	  60.790
117	 -41.954	4	  18.969	  -4.731	  80.963
118	 -41.701	4	  -1.428	  -9.589	  65.101
119	 -40.571	4	  14.250	  -7.208	  86.882
120	 -39.284	4	  -8.964	 -20.429	  74.110
121	 -37.853	4	 -13.519	 -26.715	  65.176
122	 -37.507	4	  15.752	  43.538	  84.931
123	 -34.272	3	 -14.899	 -13.959	  47.253
124	 -29.561	3	   1.483	 -13.253	  59.190
125	 -29.513	3	  22.386	   6.308	  73.665
126	 -27.873	2	   6.741	  11.041	  75.456
127	 -27.772	3	  29.418	  35.036	  62.606
128	 -20.844	2	   7.741	  -5.959	  60.381
129	 -20.352	2	  -4.259	  30.496	  93.477
130	 -19.277	2	  -8.764	 -19.959	  49.932
131	 -18.669	2	 -35.764	  14.566	  69.942
132	 -10.313	1	  15.741	   0.041	  72.932
133	  -9.727	1	 -21.259	 -14.959	  87.932
134	  -9.021	1	   2.741	  -0.959	  49.932
135	  -9.000	1	  26.741	   7.041	  84.932
