1	-1053.202	93	  41.512	  90.510	  41.893
2	-993.365	84	  31.349	  74.899	  42.059
3	-791.185	66	  22.173	  81.908	  26.135
4	-765.432	70	  41.013	  96.697	  56.340
5	-707.539	57	  41.846	  69.768	  57.665
6	-704.678	56	  28.194	  95.981	  55.530
7	-661.125	59	  21.244	  78.995	  56.900
8	-622.242	51	  51.762	  80.133	  28.309
9	-539.040	45	  47.552	  86.647	  26.025
10	-537.117	49	  55.154	  69.467	  43.853
11	-524.216	49	  33.689	  71.719	  58.720
12	-496.040	44	  49.038	  86.329	  58.515
13	-470.814	45	  26.838	  70.121	  27.291
14	-467.665	42	  16.739	  94.312	  40.609
15	-381.240	36	  64.469	  89.060	  44.756
16	-375.790	25	  35.749	  82.253	  46.204
17	-364.474	31	  40.926	  66.140	  27.193
18	-336.372	23	  36.378	  81.813	  37.731
19	-330.933	28	  53.062	  94.781	  37.411
20	-330.308	31	  31.603	 110.733	  39.133
21	-323.689	28	  39.509	  91.080	  25.561
22	-315.649	31	  46.476	  95.875	  28.434
23	-305.730	29	  17.092	  90.150	  51.883
24	-300.342	30	  49.300	  54.374	  50.422
25	-289.998	27	  53.165	  74.292	  54.189
26	-272.138	27	  18.127	 106.077	  50.443
27	-267.888	23	  34.167	  96.012	  24.868
28	-262.675	25	  21.779	  94.684	  29.560
29	-260.812	25	  64.560	  74.354	  33.470
30	-244.440	22	  29.972	  63.108	  48.839
31	-242.242	24	  31.362	  79.157	  24.062
32	-229.983	21	  40.103	  53.448	  41.198
33	-227.927	22	  34.174	  89.621	  59.184
34	-220.904	22	   4.519	  82.432	  35.764
35	-216.339	21	  51.453	  61.387	  56.712
36	-215.605	20	  10.341	  88.517	  27.535
37	-210.715	21	  33.426	  54.774	  56.230
38	-206.068	19	  50.781	  68.402	  31.663
39	-197.090	18	   8.942	  73.717	  42.275
40	-191.267	19	  26.018	  67.721	  35.104
41	-190.180	16	  62.670	  95.309	  39.767
42	-185.449	18	  35.378	  58.781	  32.144
43	-185.094	17	  41.967	 100.277	  49.577
44	-169.596	17	  12.599	  67.112	  29.591
45	-166.290	16	  23.954	 109.691	  39.292
46	-156.710	14	  48.843	  56.819	  40.493
47	-155.162	15	  10.566	  77.479	  23.672
48	-154.958	15	  38.472	 103.984	  29.673
49	-141.860	8	  43.986	  76.377	  33.818
50	-141.386	13	  16.441	  69.397	  22.419
51	-141.327	13	  62.518	  91.001	  30.503
52	-138.188	13	  55.387	  93.002	  53.600
53	-135.901	12	  33.984	  52.534	  47.805
54	-133.015	13	  54.548	  96.792	  29.386
55	-127.952	12	  14.991	  72.151	  52.068
56	-125.593	11	  63.668	  80.818	  47.911
57	-109.718	9	  45.847	  60.788	  34.687
58	-107.540	7	  27.526	  87.118	  50.073
59	-106.449	11	  68.362	  82.647	  37.823
60	 -99.499	9	  24.602	  89.115	  62.791
61	 -93.149	8	  46.893	  74.771	  21.178
62	 -91.350	8	  27.692	 101.869	  31.419
63	 -90.708	9	  25.303	  69.503	  55.293
64	 -90.472	9	  37.085	 107.397	  56.527
65	 -90.457	9	  28.412	  87.008	  19.220
66	 -84.653	4	  29.271	  86.721	  32.462
67	 -83.041	8	   7.124	  82.929	  43.012
68	 -75.158	4	  42.858	  78.255	  51.254
69	 -73.240	7	  43.507	  77.804	  65.304
70	 -71.048	7	  31.599	 112.774	  53.442
71	 -56.539	5	  59.151	  83.747	  53.494
72	 -55.851	6	  44.023	 105.168	  60.933
73	 -53.084	4	  23.710	  89.349	  42.217
74	 -48.968	5	  62.604	  84.155	  23.988
75	 -47.720	5	  15.600	  67.193	  38.188
76	 -47.644	5	  30.192	  80.574	  60.369
77	 -47.619	5	  56.574	  60.584	  43.355
78	 -47.339	5	  50.177	  76.564	  60.737
79	 -46.797	5	  15.790	 102.797	  39.562
80	 -45.014	4	  11.321	  80.930	  50.176
81	 -40.186	4	  20.760	  63.503	  26.190
82	 -39.654	4	  60.777	  64.449	  50.280
83	 -38.884	4	  41.222	  58.711	  62.461
84	 -31.500	3	  60.500	  67.458	  39.588
85	 -30.323	3	  59.412	  76.090	  28.906
86	 -29.888	3	  25.597	  93.624	  23.316
87	 -29.635	3	  34.292	  63.243	  62.968
88	 -29.392	3	  24.208	 106.497	  56.532
89	 -19.558	2	  41.485	 107.976	  42.962
90	 -19.286	2	  62.986	  72.497	  45.968
91	 -18.545	2	   8.965	  91.462	  41.968
92	 -18.066	2	   2.986	  75.461	  32.479
93	 -13.262	1	  29.986	  74.972	  33.968
94	 -11.510	1	  25.986	  61.972	  59.968
95	 -10.097	1	  48.986	  74.972	  39.968
96	  -9.610	1	  50.986	  93.972	  21.968
97	  -9.027	1	  47.986	  96.972	  60.968
