1	-825.957	74	  42.107	  91.101	  41.847
2	-812.664	70	  31.606	  75.432	  42.095
3	-789.579	64	  22.627	  82.362	  26.364
4	-784.011	67	  28.828	  97.161	  56.169
5	-720.744	57	  42.097	  70.326	  57.867
6	-699.219	59	  52.619	  81.589	  28.768
7	-431.116	41	  35.451	  90.493	  58.938
8	-388.203	28	  36.771	  82.963	  37.560
9	-384.109	34	  56.210	  71.145	  45.271
10	-358.919	32	  20.306	  80.460	  57.019
11	-350.401	34	  34.902	  74.085	  59.263
12	-343.019	29	  54.802	  96.453	  39.570
13	-337.320	23	  35.937	  82.993	  46.456
14	-325.493	32	  27.977	  67.526	  31.215
15	-314.118	28	  34.916	  96.769	  25.566
16	-308.834	26	  41.061	  68.070	  26.832
17	-300.945	28	  33.091	 111.789	  40.777
18	-298.735	29	  43.816	  96.900	  56.418
19	-298.699	26	  50.102	  86.291	  59.255
20	-281.209	25	  30.917	  63.581	  47.691
21	-277.875	27	  66.715	  77.548	  34.311
22	-277.428	27	  29.953	 109.955	  57.101
23	-273.342	26	  53.197	  61.155	  55.579
24	-265.223	26	  42.451	 109.313	  52.414
25	-257.442	23	  41.412	  54.269	  42.136
26	-256.774	25	  10.276	  89.763	  28.634
27	-255.175	25	  53.061	  69.852	  33.158
28	-255.122	24	  53.549	  74.383	  54.802
29	-252.476	22	  17.097	  94.301	  42.757
30	-252.356	24	   9.327	  73.940	  42.086
31	-251.698	23	  42.610	  85.492	  24.852
32	-244.231	24	  58.951	  98.050	  31.652
33	-239.370	23	  17.824	  92.005	  51.512
34	-235.823	24	  13.052	  67.640	  31.030
35	-231.693	22	  49.141	  54.381	  49.467
36	-227.421	23	  68.217	  83.300	  42.706
37	-226.073	20	  57.506	  81.993	  53.006
38	-221.956	22	  47.124	  93.084	  27.562
39	-219.173	21	  55.846	  94.685	  52.971
40	-212.908	20	  21.386	  94.865	  30.297
41	-198.902	20	  31.167	  80.468	  24.327
42	-195.209	20	  26.946	  73.844	  26.030
43	-195.167	18	  33.130	  55.971	  56.744
44	-195.148	19	  64.611	  94.339	  41.771
45	-194.490	18	  41.713	  56.775	  59.906
46	-188.327	19	   4.938	  82.222	  35.678
47	-183.294	18	  27.548	  60.203	  54.545
48	-183.161	18	  56.221	  95.198	  24.095
49	-179.696	18	  24.592	 112.109	  44.403
50	-178.669	11	  28.130	  87.748	  50.561
51	-171.673	16	  43.145	  99.419	  45.558
52	-168.612	15	  63.745	  85.854	  27.411
53	-164.455	16	  18.164	 105.022	  52.377
54	-161.906	15	  34.157	  61.043	  62.139
55	-160.506	15	  36.261	  60.483	  31.069
56	-150.580	14	   7.081	  83.162	  43.417
57	-150.452	9	  44.512	  77.243	  34.104
58	-143.061	14	  11.552	  77.867	  23.866
59	-141.282	13	  50.007	  57.313	  40.568
60	-140.066	14	  18.944	  99.730	  37.143
61	-134.644	13	  38.572	 105.296	  30.851
62	-125.132	11	  24.148	 107.970	  36.852
63	-119.733	12	  26.240	  70.779	  56.670
64	-119.264	11	  15.582	  72.566	  52.381
65	-102.290	10	  31.269	  52.147	  49.787
66	 -98.410	9	  45.887	  60.073	  33.934
67	 -90.521	9	  22.494	  65.679	  25.761
68	 -89.993	5	  43.795	  78.821	  52.048
69	 -86.916	5	  29.739	  87.628	  32.596
70	 -82.434	7	  62.639	  90.381	  47.891
71	 -75.074	7	  25.555	  89.725	  63.425
72	 -70.533	6	  47.529	  76.159	  21.263
73	 -70.197	7	  38.821	 106.772	  59.987
74	 -66.904	6	  43.975	  78.198	  65.215
75	 -62.820	6	  28.516	  87.508	  19.856
76	 -51.662	5	  68.718	  88.880	  33.084
77	 -48.565	5	  57.227	  60.688	  44.096
78	 -45.327	3	  23.897	  91.464	  42.267
79	 -42.054	4	  29.167	 105.029	  30.581
80	 -39.192	4	  28.398	  95.063	  22.070
81	 -38.731	4	  18.925	  67.048	  39.066
82	 -31.681	3	  17.622	  72.474	  22.024
83	 -30.202	3	  14.659	 108.754	  42.268
84	 -29.474	3	  10.924	 102.541	  45.365
85	 -28.128	3	  63.311	  74.133	  47.320
86	 -27.541	3	  34.667	 100.152	  60.990
87	 -23.273	2	  11.212	  80.806	  50.320
88	 -21.017	2	  49.301	  69.900	  25.962
89	 -20.469	2	  65.659	  66.806	  39.867
90	 -20.397	2	  59.229	  79.236	  26.460
91	 -19.386	2	  30.659	  81.278	  61.792
92	 -18.905	2	  10.161	  94.314	  39.812
93	 -18.645	2	  39.169	  77.812	  21.314
94	  -9.903	1	  32.659	  74.806	  50.320
95	  -8.994	1	  15.659	  60.806	  26.320
