1	-1587.866	137	  34.003	  29.867	   8.475
2	-1015.767	89	  24.231	  30.570	   5.146
3	-903.987	75	  53.904	  17.796	  12.761
4	-864.214	68	  40.009	  26.972	  14.212
5	-842.973	65	  34.617	  13.551	  15.875
6	-703.251	63	  58.547	  30.135	  22.137
7	-562.420	50	  70.776	   9.034	  20.914
8	-551.661	50	  41.846	   8.796	  23.908
9	-516.370	48	  50.076	  13.783	   1.188
10	-502.613	45	  57.714	  20.527	   1.815
11	-493.826	45	  48.494	  32.260	  29.626
12	-432.654	39	  44.375	  35.934	   3.509
13	-419.056	40	  24.626	  14.050	   0.715
14	-416.886	39	  60.448	  12.983	   9.300
15	-416.864	34	  62.750	  21.212	   9.243
16	-379.933	36	  21.102	  24.983	  25.076
17	-371.261	37	  47.375	  38.120	   9.008
18	-345.997	30	  36.579	  30.560	   0.843
19	-313.964	29	  36.269	  38.520	   9.802
20	-299.027	28	  60.828	   1.457	  32.730
21	-295.784	27	  73.074	  15.922	  18.938
22	-267.653	25	  23.679	  36.924	  14.658
23	-263.656	26	  44.733	  22.449	  38.155
24	-248.594	22	  27.542	  35.015	  36.242
25	-235.459	24	  22.405	   1.879	  12.547
26	-223.759	22	  66.098	  33.205	  20.756
27	-216.247	21	  23.238	  16.875	  19.861
28	-214.282	21	  27.363	   8.811	  10.530
29	-210.999	21	  21.370	  10.337	  15.264
30	-190.919	19	  69.256	  20.138	  26.919
31	-190.074	18	  47.117	   6.129	   5.951
32	-183.496	18	  69.895	  35.623	   8.078
33	-168.187	15	  43.221	  31.390	  37.316
34	-162.528	16	  49.783	  -0.951	  25.507
35	-160.517	16	  28.415	  10.036	  19.864
36	-158.327	16	  25.686	  21.213	  33.812
37	-157.998	15	  44.977	  14.062	  36.894
38	-154.649	15	  32.756	  42.879	  21.503
39	-150.275	14	  58.658	  -0.306	  16.972
40	-145.002	14	  40.045	  40.719	  31.863
41	-138.091	14	  59.227	  12.250	  38.535
42	-135.924	13	  43.287	  14.024	   3.019
43	-134.417	12	  20.925	  34.776	  22.809
44	-128.118	12	  72.260	   8.674	  27.929
45	-125.626	12	  32.440	  28.954	  43.318
46	-122.772	12	  75.962	  24.427	   3.515
47	-119.540	12	  53.617	  36.685	   0.753
48	-114.941	10	  45.954	   6.377	  17.798
49	-114.260	11	  57.636	  37.529	  17.579
50	-110.719	10	  25.316	  37.779	  29.032
51	-106.589	11	  69.926	  19.621	   5.641
52	-100.373	9	  60.110	  36.286	   6.942
53	 -87.538	9	  72.972	  11.160	  11.765
54	 -87.030	8	  45.493	   5.461	  33.038
55	 -85.325	9	  48.173	  32.721	  -8.052
56	 -82.570	8	  31.727	  14.782	  -5.797
57	 -81.109	8	  19.281	  26.479	  -1.934
58	 -79.615	8	  41.509	  16.309	  -5.417
59	 -78.380	8	  72.668	  31.508	  18.572
60	 -77.045	8	  66.409	  16.120	  33.454
61	 -76.033	8	  48.170	  37.126	  17.067
62	 -72.464	7	  17.847	  22.060	  14.047
63	 -65.617	6	  35.910	   9.352	   5.804
64	 -63.328	6	  66.660	   2.162	  24.282
65	 -57.922	6	  60.458	  24.317	  36.045
66	 -57.462	6	  37.601	  11.486	  32.005
67	 -57.266	6	  41.123	   9.008	  11.042
68	 -50.419	5	  66.037	  22.064	  -1.543
69	 -47.911	5	  48.554	  23.966	 -10.301
70	 -43.713	4	  75.293	  23.538	  18.414
71	 -43.442	3	  50.578	  27.374	  24.474
72	 -40.031	4	  29.803	  12.811	  30.771
73	 -38.109	4	  34.536	  37.017	  43.179
74	 -37.456	4	  59.505	  30.524	  -7.301
75	 -33.372	3	  55.934	   3.008	  38.901
76	 -28.898	3	  41.109	  47.360	  16.279
77	 -27.768	3	  45.141	  39.653	  24.378
78	 -27.185	3	  51.134	  -2.992	  36.027
79	 -20.755	2	  39.460	  26.351	  -9.406
80	 -19.122	2	  65.829	   6.085	  10.161
81	 -18.141	2	  51.344	  -0.992	   8.191
82	 -18.100	2	  29.803	  25.500	 -10.301
83	 -16.616	1	  48.803	  23.008	   7.699
84	  -9.405	1	  78.803	  28.008	   9.699
85	  -9.245	1	  53.803	   4.008	   1.699
