1	-1939.930	150	  28.121	  29.643	   7.387
2	-1681.668	148	  17.569	   9.205	  -4.941
3	-1252.417	104	  13.341	  21.904	  23.694
4	-1150.650	102	  35.562	   6.996	   6.364
5	-1145.666	97	  30.277	  44.472	  25.556
6	-915.306	84	  34.135	  52.828	  24.542
7	-848.490	72	  18.459	  50.487	  12.617
8	-641.302	58	   1.445	  27.855	  19.847
9	-599.498	54	  20.995	  14.138	  31.823
10	-589.333	39	  32.661	  23.396	  14.303
11	-574.658	37	  19.039	  33.176	   6.270
12	-554.366	51	  33.949	  15.044	  28.466
13	-541.858	50	   6.331	   6.444	  -0.006
14	-517.805	44	   3.034	  28.160	  -1.086
15	-510.405	45	  31.680	  39.491	  -2.374
16	-508.327	45	   2.512	  34.647	   9.516
17	-500.072	42	  41.972	  27.282	   1.332
18	-482.653	45	  21.006	  -0.729	  -3.590
19	-452.273	42	  44.912	  35.384	  10.945
20	-445.089	42	  21.632	  50.457	  24.975
21	-441.373	42	  23.101	   4.364	   4.480
22	-438.990	28	  35.611	  46.260	  31.268
23	-434.411	42	  22.244	  40.048	  26.279
24	-434.065	40	  31.251	  18.198	  37.285
25	-412.672	38	  -3.469	  26.845	   7.835
26	-411.201	37	  12.937	  10.885	 -24.468
27	-409.598	34	  39.806	  24.434	  30.107
28	-405.323	36	  21.856	   4.037	 -14.287
29	-401.824	35	  27.451	  57.414	  26.820
30	-386.727	34	  43.109	  62.135	  27.780
31	-381.443	36	  44.890	  17.851	  11.855
32	-376.829	34	  16.215	  43.958	  -1.842
33	-354.888	32	  26.680	  50.083	  40.351
34	-354.472	32	  10.069	  -2.204	  -1.514
35	-351.102	32	  25.706	  29.985	  -9.737
36	-332.043	31	  17.570	  12.419	   3.079
37	-307.711	29	  19.521	  18.604	 -23.950
38	-292.367	28	  45.747	  57.395	  37.067
39	-286.199	26	  49.803	  52.973	  31.388
40	-262.417	26	  18.364	  23.372	  40.526
41	-259.282	24	  18.737	  -0.893	 -23.806
42	-256.803	24	  18.360	   2.865	  13.923
43	-249.660	24	  52.768	  48.658	  21.995
44	-249.249	23	  34.465	  55.799	  15.645
45	-235.526	22	  33.872	  23.919	 -13.351
46	-226.387	21	  30.276	   8.667	 -10.319
47	-212.229	20	   1.062	  11.227	  -9.152
48	-205.901	20	  26.384	  43.724	  33.183
49	-201.277	19	  16.150	   5.988	  21.351
50	-197.465	20	  36.101	  32.961	  -2.873
51	-195.089	18	   7.885	   4.404	 -22.580
52	-189.322	18	  36.846	  42.551	  41.105
53	-188.875	18	  20.442	   5.811	 -22.834
54	-185.286	18	  -3.102	  15.750	  17.290
55	-183.847	17	  13.716	  44.767	  28.002
56	-181.168	17	   8.354	  30.368	  -9.572
57	-178.043	17	  25.019	  46.786	  -2.156
58	-177.493	17	  10.686	  50.391	   7.320
59	-176.431	17	  44.537	  43.729	  40.254
60	-174.266	16	  22.699	  27.240	 -20.946
61	-166.140	16	   1.463	  42.795	  20.409
62	-162.944	16	   8.000	  35.770	  28.276
63	-161.277	15	  40.449	  54.823	  44.080
64	-159.982	15	   4.189	  -2.701	 -19.715
65	-158.347	14	   2.279	  13.073	 -16.410
66	-155.695	15	  22.198	  61.639	  33.553
67	-155.311	15	  -4.034	  21.521	  -4.261
68	-152.988	15	  29.556	  53.813	   7.381
69	-152.243	14	  14.567	   9.469	   9.239
70	-151.858	15	   7.888	  50.479	  16.246
71	-147.850	9	  21.324	  34.628	  15.917
72	-145.613	13	  15.373	 -10.958	 -20.497
73	-141.608	14	  38.822	  10.700	  -4.434
74	-136.083	13	   5.988	  36.546	   0.601
75	-132.042	12	  47.761	  28.201	  24.980
76	-131.520	11	  21.833	  38.499	  36.037
77	-129.476	12	  33.144	  17.433	 -19.387
78	-127.912	8	  24.232	  19.004	  10.923
79	-121.696	12	  34.818	  31.590	  46.555
80	-121.101	12	  54.932	  43.954	  31.248
81	-116.593	7	   8.146	  14.605	  -0.404
82	-116.056	11	  45.072	  44.832	   7.525
83	-113.880	11	  19.570	  53.208	   6.093
84	-112.158	11	  26.561	  70.453	  38.566
85	-111.940	11	  41.250	  30.200	  40.086
86	-111.873	11	  35.744	  16.034	 -10.495
87	-109.999	11	   7.481	  14.262	  21.304
88	-109.798	8	  13.107	   7.948	 -12.400
89	-107.264	11	  45.084	  16.715	   2.794
90	-105.566	10	  46.349	  52.785	   8.858
91	-104.994	10	  39.055	  46.566	   2.686
92	-104.170	9	   7.371	   6.569	  11.103
93	-103.760	11	  28.400	  36.171	  44.504
94	-102.835	10	  39.989	  22.620	  37.616
95	 -99.324	10	  11.289	  20.544	 -23.835
96	 -98.196	10	  42.213	  17.754	  23.835
97	 -97.224	9	  51.816	  36.799	  28.576
98	 -84.859	8	  10.307	 -14.748	  -7.350
99	 -82.254	8	  20.331	  -7.493	  -5.628
100	 -82.173	8	  18.639	 -16.234	 -11.294
101	 -79.708	8	   2.904	  23.219	 -12.459
102	 -78.886	8	  47.797	  34.128	  33.835
103	 -77.968	8	  17.105	  53.346	  18.997
104	 -77.288	8	  43.110	  67.277	  39.073
105	 -74.047	7	   8.124	  24.444	 -17.838
106	 -72.280	7	  36.829	  52.122	   7.945
107	 -70.687	7	  53.441	  43.487	  10.874
108	 -69.994	7	  49.835	  29.618	  16.182
109	 -69.090	4	  25.775	  11.249	  16.847
110	 -64.284	5	  13.125	  37.421	  17.625
111	 -63.364	6	  36.133	  68.929	  39.800
112	 -62.347	6	  31.457	   8.048	 -21.496
113	 -62.233	6	  14.188	  -9.854	  -1.377
114	 -59.887	6	  34.532	   1.907	  14.839
115	 -59.390	6	  17.475	  33.423	 -13.236
116	 -59.286	5	  29.540	  33.778	  24.840
117	 -57.635	6	   8.967	  -8.255	 -25.081
118	 -55.781	6	  12.284	  26.761	  30.576
119	 -54.648	5	  31.200	   4.395	  25.197
120	 -52.935	5	  23.567	  63.578	  42.588
121	 -51.098	5	  21.104	  53.188	  33.023
122	 -51.038	5	  44.465	  61.147	  15.967
123	 -48.890	5	  40.658	  38.595	   2.771
124	 -48.319	5	  24.052	 -10.724	 -16.789
125	 -48.119	5	  42.280	  10.159	  21.370
126	 -47.497	5	  -5.519	  10.971	   1.936
127	 -45.539	4	  13.766	  19.521	   4.110
128	 -39.971	4	  26.977	  -4.244	  12.847
129	 -39.931	4	  53.764	  39.756	  17.851
130	 -39.257	4	   1.790	  -7.732	  -9.152
131	 -38.811	4	  24.043	   1.755	  25.320
132	 -37.413	4	  35.527	  69.260	  26.323
133	 -31.278	3	   4.637	  43.819	   4.247
134	 -29.276	3	  24.216	  25.104	  47.570
135	 -28.150	2	  23.279	  35.756	  -0.896
136	 -20.588	2	  20.279	  56.292	  41.579
137	 -19.968	2	   6.771	 -13.244	 -19.421
138	 -19.788	2	   8.806	  52.756	  24.579
139	 -19.633	2	  27.810	  66.943	  27.641
140	 -19.236	2	  30.647	  52.388	  46.579
141	 -17.919	2	  43.780	   7.757	  13.080
142	 -11.655	1	  -7.721	  12.756	  11.579
143	 -10.630	1	  11.279	  -6.244	 -10.421
144	 -10.385	1	  37.279	  61.756	  49.579
145	 -10.243	1	  29.279	  13.756	 -26.421
146	  -9.353	1	  32.279	   2.756	  -5.421
147	  -9.182	1	   1.279	   2.756	  -9.421
148	  -9.094	1	  -5.721	  23.756	  17.579
