1	-1927.191	147	  27.497	  29.706	   7.330
2	-1513.016	140	  18.294	   9.478	  -3.437
3	-1393.626	116	  13.052	  21.465	  23.809
4	-1044.300	93	  29.727	  44.256	  25.661
5	-1014.012	89	  17.526	  50.862	  11.888
6	-994.555	88	  35.270	   7.270	   5.735
7	-778.731	72	  31.442	  18.857	  37.375
8	-752.239	70	  32.718	  52.161	  24.882
9	-666.040	59	   6.652	   5.737	   0.034
10	-651.287	61	  18.283	   9.215	   6.632
11	-627.485	57	   1.014	  27.443	  20.243
12	-591.508	53	  20.755	  13.905	  31.627
13	-582.885	52	   2.116	  34.058	   9.113
14	-562.191	51	  -3.740	  25.956	   8.750
15	-559.893	47	  41.026	  28.302	   1.175
16	-544.579	36	  32.230	  23.488	  14.232
17	-539.636	47	   3.157	  28.866	  -0.258
18	-532.002	49	  20.783	  49.384	  25.162
19	-526.802	47	  21.233	   1.968	 -22.315
20	-526.601	47	  31.003	  39.557	  -2.378
21	-513.807	48	  43.197	  61.757	  27.021
22	-513.466	33	  18.578	  33.052	   6.222
23	-480.590	45	  44.187	  17.551	   8.700
24	-477.245	42	   9.156	  -2.017	  -2.105
25	-474.151	41	  39.491	  24.686	  31.617
26	-439.227	41	  12.354	  10.151	 -23.947
27	-432.979	41	  22.849	   0.519	   1.722
28	-416.090	38	  43.846	  35.550	  10.804
29	-381.711	36	  15.138	  43.657	  -1.981
30	-381.603	27	  12.331	   8.563	  -8.192
31	-377.070	37	  21.524	  39.276	  27.109
32	-373.467	35	  26.884	  56.972	  26.583
33	-370.944	35	  34.482	  56.588	  16.510
34	-367.003	33	  49.133	  53.178	  31.443
35	-363.153	33	  24.813	  30.279	  -9.740
36	-331.241	20	  34.889	  46.547	  31.594
37	-330.329	32	  21.620	  -1.417	  -6.019
38	-316.828	29	  37.442	  18.288	  26.383
39	-315.131	30	  51.994	  48.713	  22.466
40	-292.363	25	  21.878	   4.326	 -13.387
41	-273.763	25	  26.576	  44.001	  35.267
42	-272.177	26	  44.083	  55.713	  39.283
43	-261.803	24	   2.002	  12.672	 -16.092
44	-260.397	24	  29.733	   7.972	  -9.408
45	-259.327	22	  31.739	  12.653	  28.312
46	-246.899	22	  18.877	  17.889	 -23.599
47	-242.762	22	  27.246	  49.589	  40.698
48	-242.453	22	   8.076	   3.819	 -22.005
49	-229.347	21	  23.189	  46.705	  -1.898
50	-226.837	21	   5.475	  -3.767	 -20.138
51	-221.900	20	  44.228	  45.275	   7.203
52	-217.134	20	  36.779	  42.813	  41.132
53	-207.994	20	  -3.557	  14.826	  17.103
54	-187.531	19	  29.834	   5.715	 -17.611
55	-186.364	18	  32.778	  24.377	 -13.943
56	-185.018	18	  16.263	   5.772	  21.178
57	-183.979	16	   6.340	   5.930	  11.810
58	-179.520	18	   8.388	  35.813	  28.534
59	-172.865	17	  13.654	 -12.088	 -20.570
60	-172.250	16	  44.174	  43.786	  39.843
61	-171.899	17	  37.226	  49.131	   4.939
62	-170.535	16	  19.012	   2.130	  12.341
63	-161.546	15	  47.540	  28.354	  24.716
64	-160.279	15	   7.680	  30.218	  -9.630
65	-157.333	14	  32.458	  17.567	 -19.641
66	-154.264	15	  13.337	  45.307	  28.073
67	-153.438	14	  20.761	  38.106	  37.155
68	-153.247	15	  36.416	   3.496	  13.628
69	-153.172	15	  33.465	  31.182	  46.324
70	-149.001	15	   1.697	  44.480	  23.343
71	-147.330	11	  28.570	  33.153	  25.122
72	-146.215	14	  -4.002	  20.714	  -4.002
73	-139.049	14	  51.863	  40.040	  31.465
74	-134.354	13	   1.642	   7.020	  -9.398
75	-130.629	13	  18.031	  -9.807	  -3.365
76	-130.624	13	  37.311	  35.827	  -0.057
77	-125.866	12	  28.662	  53.969	   7.540
78	-125.572	13	  44.669	  18.712	  19.705
79	-124.246	12	  45.303	  61.733	  35.849
80	-123.212	12	  16.091	  25.043	  38.505
81	-119.978	12	  38.425	  68.036	  42.209
82	-117.377	12	  20.250	  18.705	  42.130
83	-116.519	11	  38.349	  11.499	  -4.972
84	-114.819	11	  35.281	  16.055	 -10.569
85	-112.856	8	  23.810	  18.907	  10.900
86	-111.888	7	  21.151	  34.464	  15.992
87	-110.542	11	   7.991	  50.555	  16.267
88	-106.540	11	  45.087	  60.489	  15.355
89	-104.656	10	   7.813	  22.386	 -20.276
90	-100.445	9	   9.739	  50.078	   6.744
91	 -99.391	10	   2.364	  22.784	 -12.187
92	 -92.827	9	  -7.319	  13.561	  -0.855
93	 -92.264	9	  17.522	  26.871	 -20.398
94	 -91.354	9	  23.038	  61.769	  31.671
95	 -90.339	9	  40.731	  31.160	  39.774
96	 -88.495	9	  22.813	  -0.806	  21.829
97	 -88.400	7	  13.262	  19.217	   4.271
98	 -79.654	8	  29.605	  37.284	  43.216
99	 -79.429	8	  22.905	  62.804	  42.714
100	 -78.342	8	  17.982	  32.769	 -12.775
101	 -78.164	8	  11.058	 -15.709	  -7.306
102	 -72.670	7	   5.887	  13.374	  21.169
103	 -71.634	7	   6.141	  37.818	  -0.808
104	 -69.718	7	  -5.175	   9.143	   4.694
105	 -69.056	4	  31.306	  36.854	  34.298
106	 -63.615	6	  31.010	   4.492	  25.086
107	 -63.460	4	   7.137	  12.876	  -0.286
108	 -62.087	6	  48.502	  29.535	  15.111
109	 -61.990	6	  46.113	  32.774	  34.085
110	 -60.683	6	  15.047	  -0.491	 -25.192
111	 -60.067	6	  52.635	  43.801	  10.775
112	 -58.529	6	  32.337	  30.821	  -7.565
113	 -58.315	6	  26.626	  70.873	  30.664
114	 -50.887	5	  45.623	  53.036	   8.416
115	 -50.262	5	   0.847	  42.409	  16.464
116	 -49.879	5	  21.862	 -11.955	 -20.152
117	 -49.002	5	   8.612	  52.475	  25.320
118	 -48.873	5	   8.850	 -10.711	  -1.012
119	 -48.554	5	   3.662	  14.721	 -24.211
120	 -47.924	5	  42.441	  10.457	  20.590
121	 -41.647	4	  52.810	  39.685	  21.304
122	 -39.064	3	  12.550	  38.380	  17.326
123	 -32.839	3	  20.847	  53.342	  33.318
124	 -32.177	3	   4.200	  43.710	   4.273
125	 -31.316	3	  41.240	  69.249	  35.256
126	 -31.083	3	  26.838	  -4.342	  12.604
127	 -30.978	3	  28.154	  71.260	  39.604
128	 -29.782	3	  37.148	  23.057	  46.622
129	 -29.315	3	  23.512	  24.963	  47.604
130	 -28.779	3	   1.580	  -6.125	  -8.029
131	 -25.092	2	  26.419	  12.801	  17.747
132	 -22.600	2	  28.365	  55.658	  46.086
133	 -20.332	2	  -1.153	  14.658	  -7.858
134	 -18.394	2	  35.847	  71.681	  28.650
135	 -18.292	2	  27.348	  27.657	 -22.399
136	 -18.221	2	  24.337	  33.168	  47.604
137	  -9.521	1	  13.847	  21.658	  31.604
138	  -9.371	1	  29.847	  66.658	  46.604
139	  -9.205	1	  34.847	  27.658	   3.604
