1	-900.646	79	  24.287	 -24.961	  72.146
2	-696.752	60	  33.176	 -25.104	  84.891
3	-616.540	56	   7.992	 -11.875	  80.484
4	-581.912	51	  21.182	   2.403	  76.164
5	-553.558	52	  31.784	   9.088	  83.711
6	-478.695	44	  14.174	  -5.888	  82.704
7	-417.021	38	  39.299	   5.698	  79.380
8	-366.688	35	   5.778	 -16.208	  72.519
9	-339.111	28	  35.056	 -24.346	  73.413
10	-333.692	30	  35.823	 -26.525	  61.297
11	-253.788	25	  36.623	  -0.799	  58.935
12	-248.843	22	  15.735	  -7.493	  66.658
13	-245.144	24	  23.897	  -0.334	  62.306
14	-227.488	22	  44.789	  -3.989	  78.277
15	-219.933	20	  36.430	   5.573	  68.964
16	-211.572	19	  40.308	 -20.237	  81.979
17	-199.688	20	  11.107	 -14.700	  63.854
18	-198.833	19	  31.135	 -13.326	  95.091
19	-198.145	19	  15.800	  -3.798	  93.368
20	-184.768	12	  29.932	   1.606	  76.390
21	-177.437	18	  43.278	 -20.151	  70.096
22	-177.251	18	  38.532	  -6.470	  85.242
23	-170.837	17	  19.618	 -30.722	  65.129
24	-166.639	16	  34.892	  -7.251	  91.911
25	-157.857	16	  20.401	 -38.818	  79.996
26	-156.692	15	  21.278	 -32.477	  72.150
27	-153.295	15	  12.994	 -13.875	  89.843
28	-151.580	13	  42.206	 -14.959	  62.189
29	-149.453	14	  26.034	 -16.811	  51.334
30	-146.091	14	  26.903	   1.343	  96.318
31	-145.188	14	  15.365	   2.121	  87.170
32	-130.797	13	  22.856	 -16.534	  95.883
33	-130.042	13	  26.410	  -6.880	 102.397
34	-127.188	13	  10.019	 -27.771	  71.074
35	-121.503	12	  37.543	 -11.276	  54.670
36	-115.682	12	  22.495	 -29.331	  88.253
37	-104.171	9	  25.835	  -6.467	  53.345
38	 -98.858	9	  17.878	 -10.124	  97.369
39	 -78.940	8	  15.715	 -20.646	  89.861
40	 -78.099	8	  35.446	 -21.519	  52.153
41	 -76.882	7	  26.191	   6.443	  64.108
42	 -67.747	7	  11.509	 -27.878	  82.279
43	 -64.176	4	  18.549	 -13.927	  71.205
44	 -49.696	5	  43.673	  -6.339	  61.194
45	 -47.768	5	  22.663	 -26.168	  56.588
46	 -47.559	5	  49.864	 -10.357	  70.956
47	 -40.831	4	  33.864	   7.077	  60.678
48	 -38.141	4	  49.573	 -11.609	  79.987
49	 -34.302	3	  44.383	  -0.927	  67.539
50	 -31.190	3	  27.534	  12.073	  71.459
51	 -19.580	2	  39.330	   0.562	  90.182
52	 -19.135	2	  31.864	 -33.927	  64.636
53	  -9.354	1	  15.864	 -18.927	  57.159
54	  -8.907	1	  24.864	  -7.927	  68.159
