1	-1153.838	107	   5.772	  42.338	  77.076
2	-1049.989	97	 -45.661	  31.634	  77.144
3	-874.825	64	   1.831	  36.092	  83.479
4	-825.792	61	 -42.508	  38.263	  82.590
5	-819.205	68	 -15.621	  45.510	  68.571
6	-811.258	74	 -21.110	  27.847	  86.489
7	-807.132	73	 -20.001	  46.523	  85.693
8	-754.063	61	 -25.180	  27.941	  69.449
9	-748.254	62	 -45.864	  38.996	  90.719
10	-699.819	61	 -11.480	  19.221	  86.613
11	-679.071	58	  11.340	  15.277	  88.052
12	-666.154	61	 -19.641	  54.653	  72.272
13	-661.818	56	 -52.568	  59.428	  84.738
14	-649.457	57	 -29.515	  55.235	  85.126
15	-645.640	55	   4.075	  36.128	  92.031
16	-626.315	56	 -15.212	  35.422	  68.338
17	-567.379	52	 -41.059	  15.185	  81.475
18	-533.958	47	 -34.770	  40.627	  92.624
19	-508.877	44	  -5.962	  35.187	  93.221
20	-483.957	42	  17.204	  34.189	  73.782
21	-482.761	44	 -57.906	  39.102	  71.863
22	-480.957	44	 -20.307	  19.347	  78.861
23	-479.203	45	  13.804	  27.550	  93.296
24	-467.549	41	 -23.994	  38.577	  69.138
25	-433.178	42	 -56.223	  27.479	  79.848
26	-431.370	40	 -17.753	  20.487	  68.647
27	-417.480	39	 -55.054	  47.230	  90.319
28	-412.687	40	 -20.330	  37.303	  85.252
29	-409.066	35	 -29.427	  45.836	  64.911
30	-404.573	34	  -9.704	   9.991	  75.701
31	-404.006	36	 -46.505	  57.145	  96.813
32	-401.427	37	  -1.478	  31.556	  63.666
33	-393.029	34	 -32.075	  63.251	  72.543
34	-365.415	32	 -11.401	  50.529	  96.741
35	-359.659	34	 -38.401	  40.704	  62.642
36	-350.767	32	 -30.679	  24.117	  97.939
37	-344.601	32	 -49.018	  29.273	  69.920
38	-339.346	29	 -10.889	  27.811	  66.078
39	-333.320	32	  15.750	  46.953	  80.761
40	-320.978	30	 -55.402	  52.815	  86.311
41	-302.910	29	 -43.948	  71.550	  86.308
42	-295.335	28	   0.007	  58.122	  82.512
43	-286.098	29	  11.905	  12.084	  70.674
44	-283.050	25	 -34.151	  61.916	  92.423
45	-275.850	25	  -6.588	  12.830	  94.666
46	-273.163	24	   9.047	  53.727	  90.058
47	-269.470	25	  14.880	  21.914	  88.362
48	-267.346	23	   3.446	  60.077	  76.455
49	-254.361	25	 -61.506	  40.368	  86.694
50	-251.967	22	   5.122	  17.138	  98.875
51	-250.968	24	 -50.247	  21.754	  71.959
52	-243.533	24	 -42.513	  27.256	  93.934
53	-235.399	20	 -48.940	  31.503	  91.958
54	-217.511	22	 -36.371	  56.595	  61.171
55	-216.591	22	 -60.584	  58.512	  78.270
56	-215.252	21	   3.071	   2.987	  88.893
57	-213.239	19	   5.008	  25.385	 102.537
58	-210.701	21	  19.659	  22.544	  70.442
59	-210.046	20	   0.473	  46.518	  93.234
60	-209.756	16	   2.523	  48.836	  77.978
61	-208.388	19	 -28.627	  35.409	  64.280
62	-204.393	19	 -50.697	  57.477	  64.671
63	-204.193	19	  -5.853	  55.085	  68.503
64	-202.885	18	 -30.608	  13.519	  85.392
65	-194.309	19	 -20.471	  53.900	  81.531
66	-193.000	18	 -34.512	  18.050	  69.120
67	-185.661	17	 -11.247	  22.652	  93.776
68	-184.477	18	  -9.703	  60.757	  84.396
69	-177.796	17	   6.715	  21.667	  63.120
70	-176.146	17	   8.941	  53.258	  70.457
71	-165.276	16	 -24.942	  53.655	  64.916
72	-163.834	15	  -4.518	  12.463	  68.973
73	-161.989	16	 -59.336	  53.495	  68.181
74	-160.433	15	 -54.270	  62.978	  70.580
75	-158.414	16	 -23.561	  17.121	  71.012
76	-158.391	14	 -51.051	  21.477	  90.298
77	-154.842	16	  20.983	  17.756	  81.387
78	-151.709	15	   7.771	  42.300	  96.694
79	-151.397	14	  20.036	  34.872	  87.773
80	-149.191	11	 -42.870	  24.824	  78.053
81	-148.576	14	 -46.851	  49.793	  60.539
82	-146.360	14	 -26.169	  58.752	  76.746
83	-144.143	14	 -29.861	  52.249	  92.503
84	-137.773	14	  20.144	  39.333	  82.006
85	-132.267	13	  -3.773	  17.565	  63.207
86	-129.784	13	   8.743	   5.631	  85.633
87	-127.404	12	 -50.905	  68.157	  84.146
88	-126.748	12	   8.858	  44.336	  67.288
89	-124.187	12	 -14.367	  15.003	  79.236
90	-117.056	10	 -46.646	  48.825	 100.933
91	-109.710	10	 -59.646	  32.668	  93.336
92	-106.505	9	  11.454	  30.352	  65.159
93	-105.828	10	 -26.626	  34.649	  90.701
94	-101.159	10	   0.848	   8.983	  98.038
95	 -99.894	9	  17.984	  42.195	  94.702
96	 -97.530	9	  -5.751	  30.522	 102.262
97	 -96.046	10	  -6.568	   2.991	  90.985
98	 -95.062	9	 -35.645	  44.994	 100.832
99	 -93.268	9	 -60.818	  34.880	  80.132
100	 -90.705	9	 -34.103	  71.004	  87.790
101	 -87.890	6	  11.460	  35.748	  91.166
102	 -86.490	6	   9.805	  44.847	  90.108
103	 -85.647	9	  -1.152	  42.443	  61.857
104	 -82.734	8	 -42.777	  62.113	  65.564
105	 -82.586	8	   2.588	  10.879	  67.817
106	 -79.814	8	 -54.500	  39.876	  95.307
107	 -79.691	8	   5.170	  52.409	  96.855
108	 -73.742	7	 -14.451	  40.143	  91.027
109	 -67.798	7	 -47.350	  11.741	  72.762
110	 -61.339	6	 -48.156	  18.032	  84.330
111	 -61.192	6	 -13.623	  58.150	  96.599
112	 -59.499	6	  15.305	  41.118	  72.967
113	 -58.929	6	  -4.889	  61.637	  95.218
114	 -49.569	5	 -39.390	  30.403	  61.661
115	 -49.144	5	   0.234	  50.360	  64.851
116	 -45.164	4	 -45.364	  16.993	  93.261
117	 -44.296	4	 -40.109	  22.309	  65.326
118	 -41.023	4	 -27.160	  17.453	  97.620
119	 -40.754	4	 -66.364	  43.010	  77.032
120	 -40.001	4	 -36.338	  13.773	  96.625
121	 -32.186	3	 -42.301	  65.993	  94.855
122	 -31.002	2	 -41.746	  35.611	  69.855
123	 -30.781	3	 -13.016	  30.993	  95.176
124	 -29.938	3	  25.335	  30.993	  78.230
125	 -29.607	3	  -9.041	  62.993	  72.209
126	 -28.601	3	  10.636	  56.337	  81.181
127	 -28.185	2	   2.026	  37.993	  70.855
128	 -27.321	3	 -34.019	  32.992	  96.189
129	 -21.063	2	 -57.364	  46.454	  64.394
130	 -20.926	2	  17.207	   9.564	  80.855
131	 -20.805	2	 -45.865	  69.492	  76.855
132	 -19.428	2	 -55.364	  38.516	  64.855
133	 -18.578	2	 -30.882	   9.993	  73.855
134	 -18.232	2	 -11.863	   6.993	  84.854
135	 -18.114	2	  12.140	  10.515	  99.864
136	 -10.416	1	  -6.364	   1.993	  79.855
137	 -10.089	1	 -34.364	  71.993	  76.855
138	  -9.067	1	 -28.364	  66.993	  82.855
139	  -9.063	1	  -1.364	  64.993	  71.855
140	  -8.997	1	 -55.364	  63.993	  95.855
141	  -8.992	1	 -30.364	  50.993	 102.855
