1	-437.395	39	  42.964	  32.163	  51.483
2	-422.051	39	  53.125	  40.725	  44.602
3	-361.079	33	  44.549	  55.074	  59.649
4	-320.000	30	  41.090	  29.247	  58.913
5	-304.551	27	  32.356	  34.032	  37.129
6	-301.692	28	  41.170	  48.929	  30.450
7	-284.133	25	  44.417	  54.898	  39.785
8	-266.859	26	  48.916	  45.114	  33.639
9	-228.070	22	  53.755	  37.633	  55.891
10	-224.088	22	  23.208	  38.563	  40.387
11	-211.462	18	  47.487	  38.162	  63.587
12	-206.410	18	  26.527	  47.448	  34.488
13	-200.729	17	  35.301	  28.397	  68.218
14	-193.898	19	  44.099	  30.548	  43.474
15	-193.413	18	  52.417	  49.681	  60.420
16	-186.146	16	  40.354	  57.794	  31.964
17	-170.633	16	  32.913	  61.698	  54.982
18	-169.571	16	  23.499	  50.584	  59.064
19	-169.369	15	  50.544	  51.099	  44.938
20	-155.785	14	  37.983	  36.820	  31.184
21	-151.956	14	  23.154	  54.672	  50.672
22	-149.688	14	  34.844	  43.405	  68.475
23	-141.261	14	  19.547	  44.321	  51.714
24	-132.310	14	  44.343	  31.297	  64.926
25	-130.278	12	  23.376	  32.711	  48.080
26	-122.731	12	  20.598	  49.154	  43.460
27	-113.729	11	  34.073	  54.910	  62.879
28	-110.918	10	  33.853	  63.283	  30.532
29	 -98.409	10	  33.838	  24.682	  50.293
30	 -97.874	10	  43.524	  33.066	  33.752
31	 -94.823	9	  22.622	  37.003	  59.139
32	 -88.538	9	  26.372	  32.015	  66.618
33	 -82.364	8	  50.382	  56.459	  50.049
34	 -76.851	8	  33.365	  52.651	  28.568
35	 -73.021	7	  25.383	  60.300	  46.861
36	 -71.014	5	  34.641	  35.955	  48.368
37	 -58.143	6	  27.443	  46.424	  64.022
38	 -57.600	6	  26.703	  63.644	  37.841
39	 -56.393	4	  39.653	  53.791	  49.794
40	 -51.352	3	  36.650	  44.955	  49.183
41	 -39.334	4	  26.799	  54.204	  31.638
42	 -38.172	4	  27.489	  21.711	  57.183
43	 -37.775	4	  39.547	  65.679	  50.439
44	 -33.264	3	  40.462	  68.629	  42.183
45	 -30.286	3	  40.602	  38.103	  69.774
46	 -27.105	3	  45.152	  62.292	  45.525
47	 -19.171	2	  29.489	  23.446	  68.674
48	 -11.184	1	  51.489	  32.955	  50.183
