1	-2372.562	194	  58.054	  17.140	  16.307
2	-1347.264	105	  77.206	  56.006	  11.713
3	-1338.882	110	  55.176	  36.125	  64.485
4	-1301.779	102	  37.131	  16.789	  12.232
5	-1270.014	89	  80.497	  52.241	  21.444
6	-1262.544	87	  75.555	  13.307	  11.042
7	-1253.499	99	  78.962	  17.138	  20.701
8	-1168.964	81	  51.701	  39.700	  54.778
9	-1163.058	79	  41.224	  13.272	  21.926
10	-1137.519	104	  52.885	  15.939	  43.203
11	-1135.986	97	  86.430	  51.048	  32.053
12	-1119.121	92	  46.558	  11.213	  32.181
13	-1112.259	96	  50.500	  44.868	  44.148
14	-980.451	83	  69.346	  12.175	   0.496
15	-852.135	75	  52.860	  12.618	  28.003
16	-804.604	75	  48.013	  29.631	  32.785
17	-787.953	66	  63.127	  36.899	  75.644
18	-785.635	72	  65.811	  42.019	  34.327
19	-764.485	75	  78.926	  36.294	  13.775
20	-702.149	62	  63.070	  13.083	   4.744
21	-695.556	66	  61.306	   9.590	  -1.623
22	-673.959	59	  78.447	  60.404	   0.401
23	-655.124	51	  56.649	   6.122	  17.751
24	-631.856	59	  62.095	  45.938	  28.474
25	-610.703	56	  75.322	  34.627	  23.896
26	-608.694	59	  83.803	  34.085	  25.201
27	-594.305	43	  32.984	   8.689	  21.322
28	-562.143	52	  55.258	   7.710	  32.707
29	-559.339	45	  66.036	  14.905	  30.723
30	-554.988	47	  80.583	  44.049	   6.299
31	-553.092	49	  62.690	  52.886	  38.961
32	-552.539	49	  53.948	  55.578	  60.497
33	-546.616	45	  77.686	  23.536	  31.217
34	-520.979	41	  53.404	  49.265	  74.354
35	-498.638	43	  40.921	  28.314	  40.225
36	-485.044	44	  64.511	   2.588	  10.503
37	-478.440	46	  48.763	   4.888	  40.642
38	-477.366	37	  90.186	  54.301	   2.629
39	-473.791	43	  54.408	  48.773	  33.334
40	-468.993	45	  22.732	   6.556	  29.104
41	-467.732	45	  93.257	   6.705	   3.509
42	-465.505	44	  88.623	  44.662	  40.756
43	-461.233	37	  38.266	  24.417	   1.947
44	-454.833	39	  67.630	  58.671	   7.006
45	-453.093	40	  57.448	  29.005	  16.025
46	-438.656	36	  63.656	  29.123	   8.003
47	-437.142	42	  67.657	  36.372	  16.131
48	-433.613	29	  69.799	  58.977	  28.219
49	-428.211	39	  96.427	  54.809	  15.313
50	-423.717	40	  81.149	  39.218	  32.121
51	-422.023	30	  47.225	  32.202	  55.067
52	-421.506	35	  43.438	  39.755	  69.208
53	-421.308	42	  89.868	  36.591	   5.664
54	-413.497	38	  44.703	  47.792	  35.795
55	-407.966	32	  50.343	  15.004	   2.532
56	-404.087	31	  92.580	  67.697	  23.941
57	-399.935	25	  85.941	  20.231	   3.813
58	-394.823	37	  18.098	  16.926	  31.592
59	-392.999	34	  46.567	  19.510	  48.762
60	-391.413	37	  50.742	   0.698	  23.314
61	-387.325	31	  67.291	  50.599	  51.094
62	-386.228	31	  76.280	   5.323	  25.598
63	-385.950	27	  52.612	  28.530	  24.317
64	-383.000	32	  75.748	  59.779	  41.542
65	-382.161	26	  72.241	  48.078	  21.122
66	-379.122	37	  71.181	  46.957	  61.120
67	-378.747	29	  39.956	   5.317	   6.959
68	-376.518	35	  67.430	   6.146	  -8.206
69	-363.760	24	  30.111	  19.523	  28.862
70	-360.580	33	  97.635	  17.889	   0.741
71	-359.173	24	  58.044	  28.503	  48.007
72	-351.334	23	  83.802	   8.937	  11.063
73	-347.791	29	  79.541	  21.038	  -9.315
74	-343.993	32	  90.284	  41.560	  22.954
75	-340.915	31	  48.699	  31.757	  13.996
76	-340.021	32	  27.592	  18.625	   6.457
77	-332.525	32	  88.193	  17.904	  26.571
78	-331.339	27	  36.185	  19.465	  42.301
79	-317.985	30	  57.521	  57.561	  30.630
80	-307.386	26	  58.656	  33.522	  34.269
81	-303.950	29	  61.345	  59.109	  16.157
82	-301.894	27	  27.529	   9.286	  12.309
83	-299.727	28	  71.636	  39.290	  68.917
84	-298.496	28	  65.160	  16.426	  -9.855
85	-287.327	25	  67.177	  48.787	  12.197
86	-287.247	27	  83.493	  64.463	  39.453
87	-269.949	25	  71.898	  51.370	  40.918
88	-265.718	25	  90.102	  55.129	  42.889
89	-264.906	25	  95.003	  29.532	   4.958
90	-262.514	25	  61.048	  68.746	  27.196
91	-261.456	24	  25.027	  12.941	  40.230
92	-259.823	25	  93.545	  35.771	  32.340
93	-256.548	23	  82.934	  12.214	  -8.983
94	-254.667	23	  91.125	  13.560	  -7.203
95	-253.925	23	  43.224	   8.775	  -1.731
96	-248.794	24	  40.990	  49.742	  54.440
97	-247.456	23	  88.420	  71.414	  13.860
98	-247.128	24	  68.717	  21.339	  51.913
99	-241.644	23	  46.675	  43.192	  78.276
100	-238.703	23	  58.232	  19.951	  59.352
101	-238.157	22	  71.926	  25.600	  -7.062
102	-231.775	22	  68.481	  42.793	  45.840
103	-229.443	20	  60.799	  24.914	  67.775
104	-229.343	22	  94.715	  20.661	  15.733
105	-222.076	20	  89.098	  23.019	  36.260
106	-221.655	20	  81.364	  71.486	   8.694
107	-218.506	20	  84.659	  69.231	  29.580
108	-218.321	20	  41.503	   0.268	  31.444
109	-211.044	16	  46.931	  27.633	  62.922
110	-210.185	20	  29.576	  29.249	  11.568
111	-207.882	19	  54.225	  20.077	  36.261
112	-206.867	20	  37.570	  41.196	  61.645
113	-206.678	19	  39.058	  40.329	  45.064
114	-201.873	18	  41.149	  32.656	   9.452
115	-199.589	20	  53.908	  27.262	  70.434
116	-197.977	20	  29.208	  31.267	  -5.564
117	-194.950	18	  33.417	  10.590	  41.546
118	-192.674	19	  42.097	  -0.760	  13.418
119	-188.283	18	  22.517	  20.570	  15.986
120	-187.662	15	  87.733	   9.388	  19.700
121	-187.352	18	  72.699	  70.448	   9.199
122	-187.322	18	  38.603	  17.418	  -1.492
123	-183.508	19	  73.436	  68.495	  34.915
124	-180.723	16	  74.330	   1.045	   0.953
125	-180.292	16	  72.480	   8.497	  34.544
126	-178.859	15	  82.508	  48.178	  -2.100
127	-176.089	17	  71.588	  30.353	   2.215
128	-173.875	17	  68.998	  68.594	  -6.442
129	-173.299	15	  39.022	  23.516	  49.529
130	-172.644	17	  74.756	  -0.370	  18.925
131	-169.900	15	  69.914	  28.858	  80.640
132	-169.538	17	  66.788	  31.628	  39.928
133	-164.857	16	  23.719	  30.966	  26.227
134	-162.322	15	  19.620	  26.617	  32.371
135	-155.978	14	  50.472	  50.782	  49.947
136	-155.576	16	  82.598	  29.469	  -3.434
137	-154.434	15	  93.643	  49.560	  35.328
138	-153.998	15	  60.084	  27.227	  78.051
139	-138.908	14	  52.843	  24.151	   6.252
140	-137.652	13	  90.142	  62.544	   4.139
141	-137.188	14	  63.936	  20.415	  39.324
142	-137.049	14	  33.511	  28.087	  36.578
143	-136.929	14	  94.041	  27.005	  -3.822
144	-135.307	13	  60.607	  27.786	  22.511
145	-131.737	13	  49.767	  52.563	  41.374
146	-130.854	13	  75.707	  68.872	  -1.047
147	-130.589	13	  64.920	  22.684	  28.948
148	-127.691	11	  91.601	  50.882	  26.104
149	-125.593	12	  60.581	  50.101	  72.660
150	-125.172	13	  28.496	  -0.235	  17.204
151	-122.223	11	  86.864	  31.455	  38.772
152	-115.606	11	  90.065	  28.352	  21.785
153	-113.745	11	  44.833	  34.388	  20.132
154	-113.721	11	  85.411	  73.815	  19.902
155	-109.418	11	  37.419	  51.253	  71.148
156	-108.970	11	  69.882	  31.709	  65.130
157	-107.941	11	  87.596	  -0.143	  13.627
158	-107.505	11	  35.044	  -2.178	  24.200
159	-103.068	10	  23.740	  25.845	  39.317
160	-101.628	9	  78.603	  16.127	  35.111
161	-101.097	10	  91.027	  46.415	  -3.190
162	-100.221	10	  68.724	  30.959	  23.102
163	 -99.653	9	  65.198	  17.070	  46.908
164	 -94.444	9	  51.108	   8.438	  -3.295
165	 -94.390	9	  34.256	  33.506	   5.023
166	 -92.972	10	  89.300	  38.954	  15.837
167	 -92.005	9	  56.280	  14.552	  48.859
168	 -91.395	9	  24.762	  31.763	   6.655
169	 -88.511	9	  37.884	  27.433	  58.717
170	 -87.161	9	  81.808	  -1.578	   8.567
171	 -86.966	8	  25.571	  24.386	  -2.121
172	 -86.737	8	  64.198	  69.698	   7.578
173	 -86.703	9	  61.522	  65.547	  36.201
174	 -85.978	8	  85.153	   3.448	  -1.215
175	 -84.051	8	  71.483	  72.842	  20.526
176	 -81.572	8	  57.169	  40.576	  77.931
177	 -77.954	8	  49.097	  -0.712	   7.374
178	 -75.241	7	  30.574	   2.658	  33.946
179	 -71.595	7	  97.400	  45.650	  15.043
180	 -70.991	7	  73.528	  26.790	  71.497
181	 -69.601	7	  71.169	  44.912	   6.494
182	 -69.340	7	  42.767	  31.587	  69.267
183	 -68.545	7	  18.248	  15.187	  20.113
184	 -67.458	7	  55.503	   0.045	   3.190
185	 -67.369	7	  18.984	  28.221	  21.486
186	 -66.772	7	  37.390	  32.363	  48.693
187	 -62.834	6	  67.693	  54.985	  58.233
188	 -59.800	6	  29.905	  18.528	  -4.154
189	 -59.757	6	  64.760	  -1.182	  27.528
190	 -58.617	6	  58.909	  19.487	   4.400
191	 -58.577	6	  67.892	  24.208	  65.504
192	 -58.282	6	  72.400	  38.662	  58.878
193	 -57.782	6	  84.326	   5.034	  25.285
194	 -55.851	5	  47.224	  36.739	  36.302
195	 -54.025	5	  97.118	  67.824	  18.713
196	 -53.013	5	  74.204	  29.809	  31.619
197	 -52.428	5	  44.625	  57.024	  61.981
198	 -51.274	5	  50.182	  60.062	  71.771
199	 -50.860	5	  32.147	   4.752	   7.162
200	 -47.900	5	  57.881	  36.223	  18.354
201	 -46.422	5	  66.807	  -0.555	   3.029
202	 -41.590	4	 100.897	  49.913	   4.952
203	 -41.020	4	  98.191	  27.824	  10.707
204	 -40.311	4	  44.165	   9.661	  45.719
205	 -40.059	4	  32.908	  32.888	  18.497
206	 -39.967	4	  71.619	  31.616	  57.522
207	 -39.723	4	  57.796	  66.582	  21.588
208	 -37.667	4	  95.659	   5.967	  12.711
209	 -37.483	4	  38.645	  50.128	  60.965
210	 -37.447	4	  71.670	  11.141	 -13.275
211	 -30.395	3	  64.080	  63.356	  -2.782
212	 -29.971	3	  35.400	  34.996	  55.542
213	 -29.630	3	  41.427	  20.985	  58.225
214	 -29.357	3	  62.723	  72.622	  -4.782
215	 -29.255	3	  20.712	   0.898	  20.281
216	 -28.966	3	  69.052	  20.649	  77.528
217	 -28.371	3	  59.759	  65.290	   4.225
218	 -28.244	3	  56.424	  20.314	  27.887
219	 -20.983	2	  69.915	  57.649	  -5.297
220	 -20.648	2	  50.394	  36.152	  79.218
221	 -20.037	2	  83.507	  50.203	  45.772
222	 -19.438	2	  98.400	  58.126	   4.695
223	 -19.136	2	  48.400	  52.649	  79.706
224	 -18.709	2	  62.400	  20.649	  -4.286
225	 -18.235	2	  42.896	  59.641	  72.233
226	  -9.986	1	  37.400	  47.649	  48.218
227	  -9.689	1	  31.400	  37.649	  -0.782
228	  -8.986	1	  94.400	  13.649	  22.218
