1	-1223.692	100	   8.188	  16.230	  31.338
2	-1183.336	101	  16.220	  31.170	  17.712
3	-1104.212	93	  24.167	  -1.921	  52.431
4	-1014.977	83	   6.798	  -2.223	  30.714
5	-1011.964	83	  14.469	  47.382	  19.271
6	-910.431	77	  -5.149	  39.360	   0.060
7	-905.012	76	   1.721	   3.079	  33.047
8	-901.694	72	   1.258	  50.891	   0.033
9	-897.901	73	  -0.036	  34.702	  -3.450
10	-881.766	74	  28.000	   3.649	  49.399
11	-860.995	68	  21.796	  14.287	  50.506
12	-840.069	71	  20.876	  36.884	  16.062
13	-689.201	61	   9.323	  21.772	  16.127
14	-648.404	57	  17.423	 -10.486	  52.237
15	-644.068	57	   5.932	  26.153	  -4.689
16	-636.050	58	  19.328	  19.883	  32.070
17	-629.794	56	  13.060	 -10.872	  31.111
18	-579.232	55	  23.511	  14.365	  18.158
19	-565.372	50	  15.915	   7.901	  11.919
20	-496.854	42	  -0.581	  12.944	  34.444
21	-484.814	41	  31.366	  12.884	  47.497
22	-468.356	43	   0.859	  -6.411	  26.308
23	-425.804	34	  -7.130	  48.767	   1.119
24	-425.173	36	  22.610	  46.942	  17.920
25	-409.766	37	  22.317	  26.381	  20.616
26	-402.808	37	  34.060	   3.543	  56.134
27	-386.852	36	  -6.751	  32.128	  -7.411
28	-385.551	36	  26.224	  37.292	  -5.475
29	-377.157	33	  -3.078	  13.613	  22.619
30	-373.381	35	  18.327	  33.263	  29.952
31	-371.889	35	  -5.070	   2.358	  26.353
32	-371.600	35	  -1.018	  18.634	  29.501
33	-358.618	34	  -2.724	 -11.174	  48.010
34	-357.544	34	  27.106	  35.681	  23.029
35	-356.716	34	  -2.963	  40.600	 -14.122
36	-351.273	33	  27.274	  -7.242	  59.315
37	-341.536	32	  25.314	  24.960	  -1.188
38	-333.974	32	 -11.342	  44.396	   8.394
39	-333.026	31	  27.234	  44.111	   9.681
40	-320.241	31	  32.689	 -11.728	  34.864
41	-301.142	29	  25.274	   2.106	  64.893
42	-298.051	29	  26.633	 -18.586	  41.400
43	-294.502	28	  -9.995	  22.607	  11.742
44	-290.052	28	  19.123	  16.463	   3.465
45	-280.903	26	  16.010	  -5.817	  68.590
46	-273.167	26	 -11.673	  40.288	  -6.644
47	-265.380	24	  -7.183	  50.952	 -10.079
48	-258.268	25	 -10.912	  29.775	  18.595
49	-257.853	24	  -2.505	  16.293	   4.764
50	-254.865	23	  43.720	   3.795	  53.081
51	-250.556	22	  13.100	  -6.617	  14.269
52	-247.960	23	  18.357	  48.626	 -10.780
53	-245.360	23	   5.861	  36.491	  35.476
54	-241.497	22	  -6.106	   8.068	  41.254
55	-240.929	23	  14.807	  18.191	  41.147
56	-238.021	23	   7.617	  53.016	  10.692
57	-225.453	22	   3.799	   1.509	  19.483
58	-222.303	21	  -3.715	  -3.183	  53.217
59	-221.264	21	   4.677	 -19.195	  41.900
60	-219.032	20	   6.654	  33.959	 -20.683
61	-213.589	20	  14.343	  48.612	  28.498
62	-212.567	21	  23.190	 -15.932	  23.977
63	-211.980	18	 -21.095	  39.856	  -3.297
64	-205.697	18	  35.168	   7.601	  40.258
65	-203.435	18	  36.833	  35.818	  19.228
66	-193.898	19	 -11.331	  20.135	  -0.704
67	-193.055	16	   1.845	  19.771	  12.563
68	-191.891	19	  -2.951	  42.245	  29.622
69	-191.416	18	  34.516	  33.259	   7.844
70	-188.925	19	   1.003	  -8.991	  62.545
71	-187.461	18	  33.993	  -3.183	  29.351
72	-187.018	18	   7.012	  12.333	  63.699
73	-187.006	18	  11.099	  19.089	  48.394
74	-185.305	17	  29.212	 -15.159	  55.468
75	-184.831	17	   1.561	 -16.683	  27.956
76	-184.659	16	 -13.561	   3.875	  29.649
77	-184.362	18	   4.197	  52.445	  18.594
78	-182.053	16	  32.645	   4.523	  27.441
79	-182.012	19	   8.293	  17.766	   3.963
80	-180.026	16	  22.621	  44.753	  28.706
81	-178.930	16	  -5.796	  21.488	  -8.777
82	-175.622	17	  14.405	  40.139	  34.764
83	-174.664	17	   8.434	  44.676	 -19.591
84	-173.622	16	  41.463	  -1.274	  41.825
85	-170.986	15	  21.026	  17.253	  57.030
86	-170.285	17	   7.408	   9.319	  15.437
87	-169.365	16	 -12.036	   0.076	  40.395
88	-166.265	17	  -2.181	 -17.805	  39.004
89	-158.042	15	   6.092	  26.412	  34.685
90	-157.330	15	 -19.749	  30.476	  -3.199
91	-156.621	15	  14.486	   5.973	  69.817
92	-152.010	14	  22.854	 -11.919	  16.711
93	-150.120	16	  14.845	 -18.288	  40.769
94	-147.923	13	  -9.902	  37.126	  21.904
95	-147.588	14	 -18.761	  34.691	   6.931
96	-146.403	9	  10.294	   9.198	  32.053
97	-146.181	13	  -2.869	   4.330	  55.308
98	-141.209	14	  29.433	  -7.682	  21.388
99	-139.563	13	  29.276	  15.232	  59.454
100	-137.171	13	  11.370	  54.898	   3.211
101	-134.783	13	  35.472	 -14.975	  48.224
102	-134.631	13	   2.263	   8.795	  58.905
103	-132.330	13	 -12.631	  -6.396	  32.256
104	-128.278	13	  26.905	  17.888	   8.523
105	-127.166	12	  27.559	   7.978	  22.928
106	-125.750	12	  -6.988	  24.840	  25.452
107	-119.488	12	  41.696	  -6.358	  51.461
108	-118.555	12	  -8.104	  45.793	  15.199
109	-111.064	10	   9.965	 -11.937	  65.947
110	-109.817	10	  13.324	  23.165	  -0.224
111	-107.449	9	  19.928	 -13.189	  36.313
112	-107.449	11	  21.588	  29.436	 -16.118
113	-107.376	9	   9.644	 -12.984	  46.759
114	-105.667	10	  13.744	  26.960	 -18.951
115	-101.835	10	  35.022	  26.749	  14.149
116	-100.842	10	  30.490	  12.401	  34.619
117	 -99.817	10	  22.934	  48.294	   3.512
118	 -98.882	10	  22.742	  11.343	  67.001
119	 -91.538	9	   1.275	  49.206	 -16.419
120	 -90.252	8	  19.998	 -13.102	  62.384
121	 -89.439	8	   2.352	  25.370	 -15.447
122	 -85.040	9	   4.254	  49.810	  30.591
123	 -81.736	8	  27.570	  17.612	  42.579
124	 -79.989	7	   8.976	 -13.527	  21.241
125	 -78.822	8	   3.208	   0.115	  67.595
126	 -77.670	8	   3.867	 -15.376	  60.559
127	 -77.556	8	  -1.586	  10.867	  47.072
128	 -74.575	7	  -4.564	  52.347	   9.782
129	 -73.383	7	  10.878	  56.473	  -8.265
130	 -71.863	7	   2.806	  17.647	  41.092
131	 -70.298	7	  13.104	  21.907	  -9.220
132	 -69.147	7	   9.150	 -15.492	  54.644
133	 -60.552	6	  25.819	  -1.125	  14.818
134	 -60.401	6	  19.231	  23.024	 -14.612
135	 -60.353	6	  13.731	  19.303	  56.367
136	 -59.301	6	  32.275	  42.401	  21.886
137	 -59.254	6	 -16.040	  46.402	  -4.580
138	 -51.436	5	  -1.072	  54.839	 -10.850
139	 -51.045	5	  -4.809	  31.256	  32.397
140	 -49.930	5	  20.561	  39.685	 -17.599
141	 -41.806	4	  -7.081	 -13.013	  34.915
142	 -30.300	3	  19.375	  53.774	   7.723
143	 -29.729	3	 -10.965	  -7.502	  42.061
144	 -29.106	3	   6.031	 -24.527	  32.734
145	 -28.876	2	   0.722	  43.473	   7.401
146	 -28.301	3	  14.392	  38.451	 -21.926
147	 -27.834	2	  14.907	  42.473	  10.401
148	 -19.860	2	 -16.130	  28.958	  -9.578
149	 -19.176	2	  -1.118	  12.473	  -5.599
150	 -18.992	2	  21.339	  19.991	  -7.045
151	 -18.308	2	  36.375	  12.969	  53.905
152	 -16.033	1	  26.375	  35.473	  10.401
153	 -14.022	1	   8.375	  42.473	  29.401
154	 -10.140	1	  -8.625	  -8.527	  24.401
155	  -9.901	1	  13.375	  10.473	  20.401
156	  -9.529	1	   4.375	  44.473	  36.401
157	  -9.373	1	  31.375	  23.473	  22.401
158	  -9.212	1	   9.375	  -0.527	  12.401
159	  -9.080	1	  -7.625	  16.473	  15.401
160	  -8.931	1	  21.375	 -23.527	  48.401
