1	-924.951	78	  36.234	  41.742	  62.135
2	-684.791	59	  32.353	  44.528	  52.586
3	-527.166	44	  41.068	  42.393	  78.373
4	-431.038	39	  13.515	  41.585	  74.666
5	-406.968	33	  40.006	  62.797	  67.431
6	-396.910	37	  54.859	  38.011	  55.497
7	-387.883	38	  26.747	  34.589	  75.791
8	-377.772	32	  47.168	  39.066	  46.743
9	-375.887	33	  37.169	  66.726	  55.556
10	-375.294	33	  35.067	  58.064	  44.642
11	-373.755	34	  27.178	  41.748	  81.438
12	-345.409	32	  46.019	  37.892	  62.838
13	-302.122	29	  11.693	  58.430	  64.294
14	-294.044	28	  22.241	  64.179	  66.843
15	-291.191	28	  32.365	  54.501	  78.099
16	-288.856	21	  23.104	  57.140	  73.462
17	-262.957	26	  29.127	  63.594	  52.183
18	-242.133	23	  15.330	  44.272	  83.291
19	-240.232	22	  42.504	  44.870	  43.146
20	-236.573	21	  44.416	  58.269	  42.980
21	-231.152	22	  19.767	  47.604	  55.451
22	-228.054	22	  50.979	  63.347	  68.149
23	-212.322	21	  59.487	  49.495	  64.424
24	-189.260	18	  60.446	  53.518	  49.470
25	-183.776	16	  53.514	  48.987	  45.316
26	-182.631	18	  21.029	  28.522	  65.582
27	-175.385	17	  27.608	  51.261	  47.942
28	-167.043	17	  30.504	  60.620	  73.143
29	-158.062	15	  51.287	  60.347	  43.978
30	-154.075	15	  45.330	  48.630	  76.143
31	-150.862	14	  16.037	  55.685	  83.126
32	-138.566	13	  41.682	  32.039	  75.903
33	-137.021	13	  28.371	  69.061	  61.869
34	-116.728	12	  61.015	  62.980	  56.097
35	-106.106	10	  57.798	  69.292	  52.251
36	-101.619	10	  59.726	  61.051	  65.489
37	 -90.634	9	   4.830	  56.592	  74.620
38	 -88.855	8	  14.697	  35.879	  64.168
39	 -85.691	8	  58.058	  44.112	  48.142
40	 -82.862	8	   5.083	  47.550	  79.493
41	 -79.125	8	  45.629	  73.717	  49.780
42	 -68.312	7	  51.035	  74.134	  56.090
43	 -68.021	7	  50.608	  68.543	  63.720
44	 -65.835	7	  49.609	  53.435	  72.134
45	 -58.817	6	  49.164	  38.904	  72.679
46	 -58.816	6	  17.813	  61.144	  55.634
47	 -58.017	3	  25.572	  57.267	  61.104
48	 -57.896	6	  31.957	  30.533	  65.186
49	 -57.627	6	  35.670	  39.032	  47.820
50	 -48.529	5	  16.359	  34.507	  73.379
51	 -48.236	5	  12.291	  48.801	  62.046
52	 -47.943	5	  35.898	  69.151	  62.364
53	 -47.228	4	  15.341	  60.833	  73.585
54	 -41.853	4	   4.581	  49.054	  69.280
55	 -38.922	4	  25.327	  56.551	  83.732
56	 -37.951	4	  39.600	  56.580	  79.996
57	 -29.766	3	  62.943	  45.867	  54.996
58	 -27.579	3	  18.982	  32.855	  58.674
59	 -19.659	2	  42.798	  72.033	  56.996
60	 -18.510	2	  21.825	  49.568	  88.996
61	 -18.195	2	  38.316	  66.060	  44.505
62	  -9.161	1	  33.316	  48.551	  84.996
63	  -9.101	1	  47.316	  45.551	  61.996
64	  -9.018	1	  34.316	  30.551	  78.996
