1	-1312.626	101	  31.193	  19.740	  47.098
2	-589.970	55	  25.295	  37.971	  47.631
3	-504.617	41	  16.663	  25.747	  57.001
4	-456.882	40	  34.984	  23.822	  59.392
5	-456.042	44	  26.030	  14.327	  55.004
6	-421.297	40	   9.049	  21.947	  40.065
7	-399.711	38	  28.340	  29.065	  29.183
8	-388.018	34	  18.050	  14.429	  51.585
9	-384.479	32	  12.005	  29.459	  39.211
10	-359.461	33	   8.509	  30.189	  47.711
11	-344.543	30	  26.990	  31.316	  56.920
12	-262.566	26	  38.297	  13.088	  56.089
13	-256.267	22	  14.575	  33.459	  56.548
14	-256.030	20	  40.876	  29.242	  42.171
15	-245.350	23	  24.954	   9.057	  37.392
16	-241.027	22	   5.572	  26.010	  57.349
17	-227.599	22	  16.726	  21.554	  29.113
18	-213.505	18	  28.283	  38.933	  36.201
19	-200.466	19	  35.035	  37.619	  45.532
20	-193.640	18	  44.352	  18.927	  45.077
21	-161.760	15	  38.846	   9.160	  46.221
22	-155.855	14	  14.833	  14.344	  44.891
23	-133.393	13	  44.099	  31.693	  51.766
24	-131.640	13	  16.628	  33.100	  33.493
25	-128.440	13	  48.015	  23.407	  49.096
26	-122.136	12	  25.797	  16.789	  25.627
27	-117.333	11	  24.532	  24.672	  59.765
28	-110.673	10	  38.323	  22.378	  38.134
29	 -95.365	9	  16.826	  13.822	  32.468
30	 -93.231	9	  35.404	  34.132	  53.452
31	 -92.174	9	  29.325	  10.680	  32.127
32	 -90.862	9	  30.758	   7.376	  47.049
33	 -71.874	7	  16.556	  16.707	  62.443
34	 -68.083	6	  33.451	  19.183	  32.494
35	 -63.354	6	  14.169	  40.162	  47.257
36	 -60.063	6	  48.506	  23.085	  56.719
37	 -59.587	6	  17.731	  40.383	  35.942
38	 -59.562	6	   9.700	  14.766	  56.887
39	 -30.997	3	  19.693	  45.474	  44.175
40	 -27.641	3	  46.304	  15.474	  57.853
41	  -9.625	1	  28.652	  44.474	  43.175
42	  -9.277	1	   3.652	  21.474	  50.175
