1	-1355.040	105	  31.686	  19.455	  47.508
2	-657.227	56	  17.949	  25.530	  57.874
3	-452.969	42	  35.237	  24.119	  59.654
4	-434.953	42	  26.170	  14.503	  55.753
5	-389.544	38	  32.279	  38.247	  45.441
6	-378.673	32	  12.329	  29.519	  40.523
7	-378.438	37	  24.117	  37.924	  48.836
8	-370.765	34	  26.838	  30.558	  58.018
9	-363.357	34	  29.632	  28.832	  29.784
10	-347.933	30	   7.755	  29.892	  49.146
11	-337.627	31	   9.717	  21.630	  39.592
12	-335.551	29	  18.546	  14.363	  52.028
13	-293.386	28	  45.361	  20.488	  44.860
14	-253.253	25	  17.257	  16.592	  31.087
15	-239.763	21	  14.950	  33.323	  57.182
16	-236.214	21	  41.515	  29.888	  42.097
17	-227.525	21	  25.113	   8.955	  38.463
18	-218.782	20	  38.544	  22.254	  38.563
19	-182.597	18	  48.650	  23.775	  54.108
20	-154.248	14	  14.544	  14.492	  44.854
21	-146.270	15	  44.303	  15.848	  58.178
22	-141.679	14	  45.425	  31.069	  50.943
23	-138.570	13	  39.117	   8.689	  46.691
24	-132.111	13	   5.499	  26.130	  57.128
25	-125.470	13	  29.245	  40.329	  35.598
26	-118.946	12	  16.420	  35.205	  36.175
27	-113.203	11	  33.799	  18.433	  33.368
28	-111.304	11	  12.830	  14.840	  60.305
29	-107.343	10	  29.401	  10.246	  31.748
30	-107.194	11	  18.654	  43.214	  45.790
31	-104.086	10	  30.807	   7.258	  47.515
32	-101.491	10	  26.290	  17.465	  26.336
33	-101.372	10	  15.416	  26.567	  29.857
34	 -86.905	8	  36.601	  10.476	  54.696
35	 -58.599	6	  19.911	  33.575	  30.336
36	 -30.131	3	   4.277	  21.762	  50.520
37	 -28.661	3	  35.923	  36.106	  52.865
38	 -18.748	2	  10.400	  16.941	  52.048
39	  -9.247	1	  11.928	  22.432	  63.520
