1	-1782.719	153	 -20.787	  38.651	  15.940
2	-1385.477	121	  36.174	  44.545	  38.499
3	-1168.729	95	  -5.980	  39.893	  19.259
4	-1099.663	92	  22.040	  44.974	  33.331
5	-856.723	77	  34.523	  29.725	  44.596
6	-692.899	63	 -21.774	  23.432	  25.677
7	-666.468	59	  -8.851	  45.396	  25.405
8	-650.757	47	   5.916	  47.748	  25.015
9	-612.299	57	  34.321	  34.026	  34.243
10	-561.332	47	  -1.005	  46.849	  43.633
11	-508.318	45	 -17.438	  38.765	  25.687
12	-496.887	43	  24.188	  42.004	  25.628
13	-430.835	38	  11.592	  14.843	  15.427
14	-418.717	40	 -13.332	  26.402	  34.383
15	-394.512	37	  39.155	  58.341	  14.718
16	-387.105	36	  -5.498	  16.975	  34.702
17	-373.952	32	   8.508	  15.982	  24.836
18	-354.728	33	   5.016	  56.036	  29.821
19	-346.054	32	 -23.706	  33.856	  25.693
20	-345.372	23	  13.242	  45.855	  20.491
21	-338.317	28	 -19.001	  64.744	  14.937
22	-336.435	30	 -13.522	  14.119	  24.411
23	-332.536	31	  12.716	  45.116	  12.993
24	-328.312	30	  10.851	  33.554	  59.690
25	-321.942	28	  21.932	  23.922	  39.543
26	-321.602	29	  30.793	  49.094	  55.277
27	-317.360	29	 -14.285	  24.324	   3.298
28	-316.202	27	  16.526	  30.156	  15.172
29	-311.181	29	  25.952	  32.250	  56.373
30	-310.512	28	   3.841	  26.459	  41.620
31	-304.293	26	  10.141	  21.646	  32.100
32	-278.144	26	  23.105	  32.427	  24.609
33	-274.309	25	  15.774	  54.796	  13.050
34	-265.422	25	 -13.080	  36.545	  -0.999
35	-262.494	24	  34.164	  40.534	  26.991
36	-259.374	24	 -17.817	  16.851	  15.209
37	-258.414	21	  25.041	  25.813	  51.993
38	-241.203	21	  -2.387	  66.368	  14.751
39	-241.059	22	  39.239	  40.241	  46.675
40	-240.920	23	  16.782	  20.690	  44.033
41	-233.986	22	  -4.136	  18.517	   7.380
42	-233.610	20	 -24.825	  29.632	  13.965
43	-224.806	18	  -1.354	  37.435	   7.981
44	-220.860	20	  12.727	  23.537	  11.593
45	-215.076	20	  16.943	  45.137	  57.043
46	-214.790	20	  -5.536	  44.995	  -0.586
47	-212.483	21	 -11.685	  47.848	  -5.992
48	-211.198	20	  32.682	  69.743	  37.403
49	-210.591	19	   3.701	  60.881	  20.657
50	-207.681	19	  42.926	  62.390	  22.840
51	-205.540	17	  18.081	  54.311	  40.430
52	-203.913	19	  31.270	  58.889	  47.253
53	-203.814	18	   2.105	  31.878	  49.834
54	-203.026	17	  -8.086	  39.212	  34.072
55	-202.776	19	   6.168	  50.498	  50.771
56	-197.882	19	 -22.449	  60.986	   6.260
57	-196.295	18	   2.554	  38.084	  56.077
58	-195.356	18	 -22.861	  38.794	   0.683
59	-193.769	18	  40.766	  55.727	  45.046
60	-187.081	18	   5.577	  42.906	   8.408
61	-184.876	18	  -6.563	  29.816	   1.821
62	-184.407	18	   1.067	   8.797	  16.739
63	-183.079	16	  38.465	  43.183	  53.738
64	-180.792	16	 -22.035	  49.320	   0.139
65	-179.596	16	  41.283	  62.708	  36.033
66	-179.022	17	  20.297	  22.951	  27.473
67	-168.861	16	  10.764	  36.368	  10.245
68	-159.834	14	  23.237	  62.377	  12.309
69	-153.661	15	  -7.148	  34.374	  41.443
70	-152.733	14	   5.698	  53.873	  39.123
71	-150.712	14	  24.286	  50.269	   8.522
72	-150.366	15	  12.545	  57.751	  34.640
73	-146.995	15	  29.463	  22.555	  39.928
74	-146.577	14	  34.853	  40.340	  18.792
75	-145.576	14	 -26.212	  44.175	  23.317
76	-144.666	14	  22.735	  54.850	  50.142
77	-138.794	13	  -6.526	  41.332	  45.725
78	-137.709	10	  19.204	  59.955	  25.246
79	-136.953	13	 -26.310	  54.280	   5.401
80	-133.478	12	  24.308	  65.197	  37.570
81	-120.780	11	 -20.552	  48.922	  24.796
82	-119.367	9	  -0.338	  52.885	  10.979
83	-116.840	10	  36.844	  72.151	  20.113
84	-116.167	12	  11.973	  20.643	  49.883
85	-115.604	12	 -15.312	  16.425	  35.414
86	-114.110	11	 -16.759	  52.853	  30.513
87	-113.042	11	  -4.511	  63.151	  27.285
88	-108.762	10	  19.663	  41.717	  11.622
89	-108.282	7	   0.207	  53.131	  19.527
90	-105.982	11	   3.280	  17.812	  33.934
91	-102.762	9	 -13.157	  67.129	   0.728
92	-100.914	10	 -11.890	  70.499	  10.976
93	-100.790	10	  -8.021	  46.567	  34.738
94	 -98.581	7	  -9.705	  33.820	  13.335
95	 -98.561	10	 -26.635	  44.466	   5.927
96	 -95.349	9	  -3.067	  54.913	  34.324
97	 -89.726	8	  14.726	  52.177	  49.906
98	 -85.222	6	  25.144	  46.179	  41.751
99	 -82.593	8	  19.568	  22.708	  18.855
100	 -81.804	8	  45.915	  60.166	  29.340
101	 -80.082	8	  -2.516	   7.239	  26.610
102	 -77.617	8	  44.303	  46.475	  31.731
103	 -73.752	7	   3.510	  26.297	   5.856
104	 -73.628	7	  30.818	  39.396	  57.986
105	 -72.063	7	  -6.457	  59.836	  -2.277
106	 -71.661	7	  40.850	  49.539	  17.114
107	 -69.266	6	 -25.042	  24.514	   7.803
108	 -65.529	6	   9.820	  24.697	  56.197
109	 -54.409	6	  36.083	  65.677	  45.608
110	 -52.955	5	  27.950	  19.418	  47.238
111	 -51.681	5	  -4.034	  64.329	   6.062
112	 -51.359	5	  29.440	  27.433	  34.785
113	 -51.308	5	  29.771	  57.244	   8.313
114	 -50.725	3	  17.132	  52.817	  21.810
115	 -50.528	5	  44.147	  55.589	  38.047
116	 -48.472	5	  33.113	  65.035	  11.459
117	 -47.369	5	  33.366	  44.229	  10.268
118	 -47.344	5	 -27.061	  21.670	  17.275
119	 -47.156	5	  35.503	  22.838	  43.729
120	 -46.164	5	 -13.490	  62.563	  29.649
121	 -41.022	4	  39.953	  35.309	  39.218
122	 -40.485	4	 -16.051	  54.817	  -5.023
123	 -39.408	4	   9.465	  59.325	  15.225
124	 -39.314	4	 -26.215	  54.573	  16.989
125	 -36.960	2	   8.952	  40.250	  23.449
126	 -33.269	3	  27.994	  38.817	  34.305
127	 -30.586	3	 -11.016	  69.817	  24.108
128	 -30.098	3	  26.272	  34.817	  14.824
129	 -30.061	3	  28.302	  69.116	  16.099
130	 -29.062	3	  20.987	  67.162	  26.051
131	 -28.932	3	   4.585	  16.419	   7.502
132	 -28.494	3	   2.274	  48.139	   3.776
133	 -28.399	3	  19.683	  19.878	  55.095
134	 -19.411	2	 -26.048	  30.291	   1.923
135	 -19.347	2	  27.952	  72.817	  27.931
136	 -18.963	2	  -1.085	  54.308	   1.412
137	 -18.886	2	  42.895	  50.402	  49.620
138	 -18.595	2	  45.433	  38.779	  33.930
139	 -18.235	2	  -9.061	  59.817	  35.449
140	 -18.066	2	 -21.052	  61.310	  22.449
141	  -9.196	1	  16.952	  63.817	  33.449
142	  -9.176	1	 -15.048	  29.817	  -2.551
