1	-1684.455	136	   8.151	  21.384	  30.833
2	-1048.692	95	  28.426	   2.078	  50.531
3	-1002.781	76	  37.806	  26.030	  33.822
4	-935.345	82	  54.435	  23.316	  24.147
5	-830.082	68	   6.450	  24.900	  12.832
6	-825.987	71	  14.493	  41.346	  28.500
7	-815.422	64	  32.622	  22.542	  26.714
8	-740.701	64	  25.525	  25.000	  28.427
9	-720.947	63	  27.267	  -4.389	  37.088
10	-640.013	57	  14.406	  37.295	   5.509
11	-622.409	58	  40.318	  26.454	  64.432
12	-573.418	36	  16.247	  22.458	  46.795
13	-560.502	51	   6.928	  45.114	  21.406
14	-536.379	49	  23.179	  24.370	   2.987
15	-512.844	38	  20.252	  12.792	  38.484
16	-505.720	45	  43.592	  41.034	  14.162
17	-500.832	45	  22.445	   1.870	  24.079
18	-500.507	45	  56.675	   5.626	  33.228
19	-495.083	48	  42.449	  28.949	  17.153
20	-479.248	43	  42.121	  -2.308	  33.711
21	-471.304	43	  17.735	  16.690	  54.495
22	-460.730	42	  35.998	  32.127	   3.935
23	-460.723	43	  10.271	  23.381	  55.116
24	-448.115	41	  44.305	   8.036	  54.174
25	-424.518	38	  13.194	  29.301	  40.508
26	-418.883	35	  37.366	  35.708	  29.935
27	-386.589	37	  52.419	  12.787	  57.443
28	-380.281	34	  12.827	   0.016	  29.511
29	-366.962	35	   4.676	  45.388	   7.445
30	-363.074	33	  42.774	   7.538	  19.623
31	-349.591	33	  19.853	  52.000	  26.507
32	-343.547	32	  19.961	  50.022	   5.784
33	-343.418	33	   3.984	  25.305	  35.037
34	-343.131	29	  29.749	  24.239	  55.536
35	-333.651	30	  -2.265	  16.395	  36.612
36	-325.465	26	  19.760	  29.854	  42.257
37	-316.820	31	  22.081	  10.155	   7.344
38	-307.190	30	  57.561	  24.583	  52.729
39	-302.241	27	  47.207	  31.761	  31.984
40	-292.154	28	  10.298	   1.591	  48.545
41	-289.441	26	  34.673	   7.886	  18.277
42	-288.557	26	  -1.567	  14.132	  57.789
43	-275.939	26	  43.837	   1.251	  27.365
44	-264.527	25	  62.992	  21.511	  33.706
45	-255.710	24	  44.022	  -5.254	  49.155
46	-255.596	22	  12.162	   0.574	  38.760
47	-254.535	24	  28.666	  34.210	  43.954
48	-251.236	24	  39.626	  42.731	  24.391
49	-244.815	24	   5.569	  31.390	   8.371
50	-238.754	23	  21.317	  57.976	  18.282
51	-236.943	22	   2.468	  19.117	  63.220
52	-228.986	22	   0.717	   5.249	  30.282
53	-219.904	22	  61.757	  12.964	  45.271
54	-213.019	21	  13.483	  53.324	  18.632
55	-209.635	21	   1.102	  14.488	  24.661
56	-208.309	20	  15.459	  37.677	  37.819
57	-205.924	19	  22.166	  -7.859	  46.608
58	-205.400	19	  42.928	  43.224	   4.478
59	-201.924	18	  60.025	   4.111	  50.578
60	-195.391	18	  31.776	  53.403	  28.274
61	-188.989	19	   1.321	  20.648	  10.374
62	-182.517	17	  50.092	  12.590	  14.653
63	-179.055	17	  32.902	  -9.514	  50.120
64	-170.971	17	  36.506	  53.122	  19.672
65	-170.547	16	  22.328	  26.545	  53.985
66	-166.193	15	   3.707	   2.122	  39.228
67	-164.635	16	  58.912	   6.573	  22.564
68	-162.612	15	   3.704	   3.193	  22.806
69	-161.128	15	  -6.490	   5.645	  42.251
70	-157.209	15	  35.584	  34.943	  40.940
71	-155.258	15	  42.265	  29.533	  54.381
72	-150.244	14	  26.196	  41.881	   1.678
73	-149.760	14	   0.963	  33.607	  25.802
74	-148.593	14	  25.055	   6.213	  15.354
75	-144.192	10	  37.371	  -0.939	  45.213
76	-141.149	13	  35.249	  40.320	   1.734
77	-141.006	14	  35.759	  -8.217	  39.847
78	-138.375	14	  26.202	  46.068	  37.034
79	-137.760	14	  -4.856	  21.360	  41.675
80	-134.459	14	  45.138	  22.693	  13.727
81	-133.684	12	  55.689	  31.523	  32.162
82	-133.046	12	  22.489	  17.430	  45.449
83	-132.347	13	  16.086	   2.056	  11.498
84	-130.281	12	  65.597	   9.655	  53.264
85	-115.329	11	  35.559	   9.757	  60.565
86	-114.714	12	  11.616	  10.940	  56.864
87	-112.047	8	   8.427	   8.344	  30.376
88	-108.308	10	  19.205	   6.922	  52.015
89	-106.512	10	  25.904	  53.824	   7.598
90	-101.051	10	  51.553	  -0.125	  53.311
91	-100.898	6	  29.433	  24.758	  18.941
92	-100.300	10	   7.213	   6.277	   5.626
93	 -99.202	10	  -3.041	  27.024	  53.229
94	 -96.092	10	   2.420	  37.251	  14.909
95	 -92.871	5	  38.080	  22.189	  18.810
96	 -92.678	9	  38.260	  19.274	  10.790
97	 -90.160	9	   0.092	   0.230	  47.802
98	 -88.846	8	  36.440	  -4.627	  28.754
99	 -88.303	9	  50.805	  31.961	  47.760
100	 -87.846	9	  26.417	  -4.624	  28.583
101	 -87.438	9	   0.354	  25.362	  25.923
102	 -85.890	8	  15.602	  17.381	   2.368
103	 -84.523	9	  16.861	  -8.148	  35.510
104	 -82.162	6	  12.758	  18.718	  37.457
105	 -82.047	8	  60.020	   6.956	  58.775
106	 -81.835	8	  30.253	  14.971	   6.797
107	 -80.843	8	  35.450	  18.520	  64.273
108	 -80.450	8	  32.786	  44.841	  33.919
109	 -79.404	8	   2.626	  41.214	  29.127
110	 -77.405	8	  -9.284	  15.935	  44.080
111	 -73.744	7	  31.570	  27.529	  62.557
112	 -71.380	7	  54.584	  -3.673	  46.063
113	 -70.068	7	  15.685	  43.837	   2.631
114	 -67.145	7	  10.530	  26.914	   0.511
115	 -64.662	6	  59.005	  30.381	  41.960
116	 -60.184	6	  47.220	  30.027	   4.357
117	 -59.983	6	  40.217	  -0.821	  55.511
118	 -59.937	6	   9.378	  48.488	   0.023
119	 -59.204	6	   5.577	  36.728	  37.334
120	 -56.860	6	  67.244	  15.010	  28.859
121	 -56.396	6	  32.051	  32.532	  54.394
122	 -55.553	6	   9.548	   0.039	  14.811
123	 -51.888	5	  -4.943	   7.795	  51.137
124	 -47.586	5	   0.833	   5.391	  15.524
125	 -44.002	4	  65.085	  14.152	  17.285
126	 -41.234	4	  36.009	  35.912	  61.234
127	 -41.072	4	  21.044	  42.406	  42.294
128	 -40.988	4	  50.488	  24.936	  60.241
129	 -38.312	4	  30.962	  57.497	  16.127
130	 -37.515	4	   5.994	  28.695	  44.296
131	 -37.149	2	  21.234	  13.689	  21.011
132	 -37.075	3	   9.511	  18.912	  18.303
133	 -36.927	4	  50.943	  -6.328	  38.769
134	 -36.862	2	  27.234	   7.730	  39.593
135	 -35.327	2	  30.640	  20.189	  42.511
136	 -32.797	3	  24.234	   9.907	  60.108
137	 -31.999	2	   1.788	  12.189	  46.511
138	 -31.232	3	  34.329	  50.982	   1.646
139	 -29.517	3	  31.858	   0.877	  21.850
140	 -29.452	3	  19.583	  32.857	  -0.157
141	 -28.974	3	  -2.766	  13.512	  13.171
142	 -28.327	3	  65.551	   9.541	  37.221
143	 -28.296	3	  66.557	  22.193	  20.169
144	 -27.751	3	  48.201	  30.161	  13.192
145	 -20.619	2	  58.234	  18.630	  16.511
146	 -20.108	2	  58.234	  -1.811	  39.005
147	 -19.384	2	  16.757	  -2.811	  51.034
148	 -19.032	2	   2.703	  12.189	   2.042
149	 -17.329	1	  34.234	  38.189	  19.511
150	 -17.090	1	  19.234	  34.189	  18.511
151	 -16.592	1	  26.234	  17.189	  28.511
152	 -14.782	1	  14.234	  34.189	  30.511
153	 -12.103	1	  27.234	  23.189	  11.511
154	 -10.200	1	  42.234	  34.189	  67.511
155	  -9.317	1	  11.234	  53.189	   8.511
156	  -9.019	1	  65.234	  16.189	  58.511
