1	-956.848	86	   4.384	 -19.171	 -11.017
2	-954.859	69	   4.192	  -2.816	   8.829
3	-937.006	81	  -8.437	   1.133	 -17.154
4	-915.185	76	  -0.851	 -14.268	  18.830
5	-870.536	78	   0.871	   7.816	  23.199
6	-782.813	65	  18.461	  -1.923	  11.385
7	-744.189	57	  13.010	 -10.952	  20.524
8	-603.228	56	  11.706	 -23.145	  17.091
9	-585.476	54	  -3.818	  -5.184	  25.501
10	-566.038	49	  19.336	  10.060	  36.363
11	-517.759	46	  12.812	  17.151	  29.979
12	-506.919	49	  18.479	  -2.750	 -11.869
13	-485.729	41	 -14.975	 -19.537	   0.661
14	-450.944	37	   6.351	   4.705	  27.972
15	-448.998	42	   1.946	  30.790	  -5.159
16	-426.429	39	  22.265	   7.560	   1.446
17	-400.196	37	  -8.727	  11.060	  19.418
18	-394.204	37	   4.769	  16.329	  17.285
19	-386.021	33	  -2.276	  21.345	  13.609
20	-360.302	32	  13.325	 -20.873	  -3.168
21	-359.972	32	 -23.400	  11.783	  -2.022
22	-347.193	32	 -12.836	 -13.505	  13.323
23	-341.881	32	   5.018	  28.614	   3.098
24	-335.981	27	  18.506	  -6.062	  21.672
25	-327.826	31	   6.319	 -12.369	  28.559
26	-327.177	29	  21.062	 -18.053	  16.458
27	-322.687	31	  23.943	   1.074	  23.891
28	-303.338	27	  10.356	  22.196	   6.227
29	-293.566	29	   1.399	 -30.488	   7.031
30	-278.030	21	   3.443	  -1.800	  21.258
31	-274.810	26	 -12.618	  27.500	  -3.552
32	-267.461	26	  27.444	   4.088	  31.858
33	-259.420	23	  12.255	  14.702	  17.244
34	-256.651	24	  -0.451	   1.051	 -23.381
35	-254.520	25	 -10.758	  26.738	   5.852
36	-251.618	24	   8.236	   4.478	 -22.119
37	-239.266	15	  -1.673	   3.030	  -1.236
38	-238.738	24	  -5.990	 -23.303	  -6.960
39	-224.835	22	  11.018	  -7.228	 -21.187
40	-217.245	19	  -9.694	  -4.969	  19.681
41	-215.460	20	  24.046	 -10.932	  -1.314
42	-210.639	20	 -21.013	  11.871	  13.892
43	-198.165	19	 -17.701	  17.895	 -10.804
44	-198.054	18	   0.959	  14.700	 -21.040
45	-197.712	18	  20.400	 -20.036	   0.690
46	-196.810	19	  -5.966	 -20.715	  14.205
47	-192.465	19	   9.076	  26.472	  -9.837
48	-190.568	18	   4.267	  -9.311	  35.791
49	-185.567	17	  25.315	 -15.720	   7.180
50	-185.252	19	   6.382	 -13.094	 -22.462
51	-184.131	18	  -8.812	 -16.944	 -15.197
52	-181.753	18	 -10.350	  17.796	 -18.369
53	-179.706	17	 -23.060	  18.000	   8.457
54	-178.577	14	 -10.250	 -24.669	   9.420
55	-175.641	14	  18.596	  15.497	  25.392
56	-168.399	16	 -17.176	   3.351	  19.286
57	-167.176	16	 -11.526	  20.937	  11.995
58	-164.977	16	  15.256	   7.606	 -18.875
59	-150.620	14	 -17.928	  -8.527	 -15.943
60	-144.236	14	  15.990	  14.979	 -13.058
61	-143.899	14	  -3.367	 -10.416	 -23.768
62	-139.969	13	 -24.615	  -6.451	  -3.622
63	-139.775	13	 -25.993	  -5.447	   9.445
64	-132.903	12	  15.848	 -12.424	 -15.030
65	-131.202	12	  11.013	   2.663	  40.751
66	-129.296	11	  15.154	  15.141	   4.049
67	-129.035	13	   8.803	  20.698	 -19.654
68	-127.356	12	 -18.406	  10.315	 -12.828
69	-122.536	12	 -22.137	 -14.660	  -0.819
70	-120.302	12	  31.287	  13.972	  26.419
71	-118.298	9	  11.473	  -4.591	  18.027
72	-116.496	12	  23.428	   8.873	  19.132
73	-116.389	11	  -8.094	   4.277	  27.129
74	-115.821	11	  15.129	 -24.119	   6.478
75	-113.218	10	  -9.264	 -31.413	   8.719
76	-103.349	10	  17.901	  -2.711	  38.512
77	 -96.758	10	  -3.652	  24.719	 -19.879
78	 -90.764	9	   7.530	  26.298	  16.379
79	 -90.508	9	 -21.233	  20.680	  -3.036
80	 -86.740	8	 -12.335	 -28.190	   2.073
81	 -86.634	9	  -1.871	  -2.274	  36.669
82	 -85.876	9	  -1.083	  33.591	   6.172
83	 -84.632	8	  16.027	 -10.373	  27.990
84	 -83.788	8	  19.487	   7.311	  -4.671
85	 -81.496	5	  15.928	  -1.060	   0.217
86	 -80.223	8	  -7.366	  31.922	  -9.075
87	 -73.638	5	 -13.300	   0.565	  -4.988
88	 -71.653	7	 -26.186	   0.977	  -4.380
89	 -71.355	7	   2.405	  11.391	  35.119
90	 -67.898	7	   1.788	  30.359	 -14.946
91	 -67.174	7	  -4.068	   4.515	  36.391
92	 -65.827	7	   8.058	 -27.608	   0.809
93	 -60.174	6	   2.226	  29.586	  13.855
94	 -59.206	6	 -16.927	   2.181	 -18.560
95	 -58.084	6	  14.947	  17.117	  -2.803
96	 -55.540	6	  11.105	  28.341	  22.822
97	 -53.832	5	  27.579	  15.400	  35.221
98	 -52.396	5	  12.822	 -19.634	  24.992
99	 -49.346	5	  -3.366	 -29.799	  16.029
100	 -40.828	3	  -7.095	  -3.484	   3.636
101	 -39.444	4	 -28.871	   5.552	   6.317
102	 -37.135	4	  22.141	  -8.951	  15.072
103	 -36.761	4	 -24.616	   1.291	  13.309
104	 -31.007	3	 -20.292	  -5.131	  15.198
105	 -30.773	3	   0.314	 -27.833	  -3.498
106	 -27.904	2	   7.634	   8.358	  17.822
107	 -27.334	3	  23.596	  22.150	  30.167
108	 -19.731	2	  18.348	  -9.196	  35.194
109	 -18.513	2	 -24.856	   5.804	 -11.688
110	 -18.470	2	 -21.860	  -4.702	 -10.684
111	 -12.591	1	   9.634	   6.804	  -0.178
112	  -9.911	1	 -18.366	 -15.196	 -11.178
113	  -9.227	1	  19.634	  14.804	  13.822
114	  -8.947	1	   7.634	  -3.196	 -27.178
