1	-844.613	69	  35.122	  16.663	  15.463
2	-842.323	73	  67.864	  17.652	  16.084
3	-556.502	50	  45.718	  25.918	  18.413
4	-550.933	49	  48.585	   2.069	   3.972
5	-521.847	48	  39.057	   7.927	   3.607
6	-515.428	47	  61.628	  37.669	   4.321
7	-504.132	46	  48.812	  28.542	  -2.151
8	-484.732	42	  41.921	  40.369	   7.771
9	-461.904	42	  38.465	  37.721	  19.610
10	-425.673	36	  44.471	  57.800	  17.473
11	-407.174	39	  58.022	   3.737	  13.562
12	-385.602	37	  58.526	  37.363	  22.454
13	-381.982	30	  39.889	  19.780	   2.033
14	-362.156	34	  40.601	   6.735	  19.517
15	-348.624	32	  64.714	  30.827	  21.465
16	-338.446	32	  59.728	  47.134	  -2.156
17	-336.746	32	  70.532	  23.385	   7.153
18	-316.813	29	  64.928	  15.676	   2.326
19	-291.617	26	  62.573	  41.655	  11.737
20	-283.257	25	  52.387	  11.342	  24.642
21	-280.715	25	  63.745	  31.143	   7.130
22	-274.390	26	  55.549	  33.371	  -2.087
23	-255.905	22	  28.350	  50.324	   9.109
24	-250.745	23	  48.280	  31.770	  24.768
25	-249.670	23	  56.066	  59.576	  19.362
26	-225.670	21	  63.080	  49.858	  20.552
27	-212.934	21	  60.103	   8.167	   2.130
28	-208.292	21	  40.334	  29.285	  13.710
29	-189.660	18	  53.947	  52.781	  -3.700
30	-188.716	18	  37.147	  18.354	  22.582
31	-185.815	18	  39.169	  40.646	  -2.905
32	-182.379	17	  43.873	  49.190	  -7.045
33	-182.088	15	  61.724	  19.480	  24.192
34	-164.021	17	  61.754	   7.185	  20.744
35	-157.123	15	  30.945	  58.368	   6.223
36	-156.036	15	  37.136	  43.891	  28.243
37	-152.475	15	  50.351	  41.312	  29.393
38	-149.609	14	  63.468	  57.302	   2.963
39	-136.608	13	  55.540	  16.173	  -0.763
40	-136.352	14	  34.447	  21.328	   7.651
41	-134.773	12	  39.721	  28.125	  -1.753
42	-133.404	13	  49.574	  58.964	   2.791
43	-120.935	12	  34.533	   6.348	  13.864
44	-114.208	11	  33.500	  54.283	  15.632
45	-110.772	11	  31.146	  45.030	  17.202
46	-109.647	11	  54.030	  47.817	  33.266
47	-101.682	9	  64.804	  56.546	  15.222
48	 -96.608	10	  36.913	  60.835	   0.705
49	 -92.060	9	  67.463	  45.649	   6.774
50	 -89.862	9	  25.368	  44.871	   3.084
51	 -89.452	9	  38.431	  59.870	  10.063
52	 -88.157	9	  35.697	  49.776	  -5.073
53	 -69.121	7	  62.635	  23.704	  32.067
54	 -66.928	7	  53.994	  60.325	  28.322
55	 -66.879	7	  55.248	  23.227	  -4.215
56	 -63.133	6	  25.538	  60.047	  -1.370
57	 -61.372	6	  54.105	  19.852	  29.770
58	 -60.785	6	  44.526	  59.127	  27.005
59	 -59.843	6	  55.460	  28.529	  31.571
60	 -58.455	6	  73.467	  23.542	  18.608
61	 -53.273	5	  50.848	  41.139	  -6.238
62	 -50.697	5	  39.548	  32.096	   5.313
63	 -50.057	5	  44.503	  52.343	  33.546
64	 -49.056	5	  44.533	  18.431	  28.521
65	 -48.350	5	  28.273	  51.312	  -4.829
66	 -39.109	4	  43.694	  42.761	  32.905
67	 -38.115	4	  47.629	  13.645	  -1.073
68	 -30.108	3	  70.658	  55.205	   9.602
69	 -28.615	3	  37.284	  56.182	  24.268
70	 -20.728	2	  46.658	  -3.444	  10.473
71	 -19.865	2	  48.658	  -0.444	  19.478
72	 -19.561	2	  65.164	   6.560	  11.425
73	 -19.069	2	  59.133	  62.556	   7.927
74	 -17.848	2	  49.159	  62.556	  10.929
75	 -17.507	1	  49.658	  33.556	   9.927
76	 -10.838	1	  43.658	  50.556	  17.927
77	 -10.582	1	  53.658	  51.556	   8.927
78	  -8.918	1	  30.658	  12.556	   0.927
