1	-1262.063	106	 -23.985	  48.992	  -0.278
2	-1126.858	101	 -25.297	  64.574	  -6.739
3	-897.246	73	 -20.837	  66.603	   2.691
4	-813.321	72	 -24.705	  58.475	   0.333
5	-740.416	70	 -15.978	  53.537	  -1.056
6	-646.221	55	 -40.172	  30.430	  -3.666
7	-620.912	40	 -15.900	  54.135	  11.212
8	-430.461	32	 -18.941	  48.329	   5.528
9	-425.837	38	  -8.775	  66.631	  15.988
10	-404.884	37	 -43.082	  61.960	   8.132
11	-384.972	36	 -49.062	  49.301	  -1.842
12	-342.332	33	 -32.585	  73.763	   9.081
13	-331.472	30	 -13.309	  44.924	  16.458
14	-328.856	26	 -19.968	  43.393	  -5.290
15	-327.496	28	  -9.693	  49.899	   9.167
16	-319.525	29	 -41.899	  50.314	  13.230
17	-303.071	26	 -43.407	  33.989	 -11.647
18	-253.160	23	 -41.535	  56.753	 -10.914
19	-248.919	23	 -36.919	  67.462	 -11.971
20	-240.851	23	 -23.810	  72.493	  -7.180
21	-238.589	19	 -33.723	  72.953	  -3.715
22	-232.788	21	 -17.384	  78.771	  -0.119
23	-216.156	21	 -13.877	  74.492	  15.130
24	-208.354	19	 -12.662	  43.429	   2.071
25	-208.211	18	 -37.904	  44.376	  14.283
26	-207.789	18	 -34.162	  35.273	  17.876
27	-201.561	20	 -47.906	  39.276	   3.915
28	-199.786	18	 -35.638	  62.346	  14.287
29	-194.111	20	 -26.254	  81.736	   4.836
30	-183.384	17	 -32.532	  53.688	  20.004
31	-181.699	17	 -30.366	  43.283	  19.434
32	-178.650	15	 -30.451	  29.707	   7.821
33	-177.430	16	 -23.987	  56.043	  23.209
34	-170.849	16	 -36.508	  42.068	 -17.269
35	-168.801	15	 -20.297	  33.731	  10.477
36	-152.991	15	 -50.759	  53.724	   9.111
37	-150.193	15	  -8.677	  57.181	  17.253
38	-125.118	6	 -41.527	  42.256	  -0.876
39	-124.677	12	 -47.843	  46.811	 -12.738
40	-122.202	12	 -29.090	  68.758	  17.922
41	-116.500	12	 -24.109	  33.494	  17.772
42	-113.688	11	 -19.575	  70.400	  23.195
43	-111.971	11	 -40.804	  34.180	  10.622
44	-111.704	11	 -11.607	  38.315	   7.839
45	-108.035	11	 -31.158	  27.133	 -11.625
46	-105.614	10	 -33.986	  59.928	 -16.510
47	-102.623	10	 -36.394	  32.336	 -16.240
48	 -98.116	10	 -23.716	  48.364	 -18.126
49	 -97.656	10	 -21.516	  62.562	  25.314
50	 -97.152	9	 -14.877	  70.801	  -2.732
51	 -91.491	9	 -46.739	  57.800	  -4.289
52	 -89.587	9	 -33.896	  24.369	  -0.821
53	 -85.316	9	 -20.871	  36.656	 -13.640
54	 -67.978	6	 -43.969	  69.528	  -1.594
55	 -60.511	6	  -8.835	  68.296	   6.461
56	 -57.760	5	 -49.250	  37.011	  -6.091
57	 -51.440	5	 -23.585	  28.081	  -2.070
58	 -48.810	5	 -15.528	  48.970	 -15.163
59	 -41.028	4	 -26.752	  75.802	  13.536
60	 -39.563	4	 -13.862	  52.136	  23.289
61	 -38.230	4	 -16.276	  36.828	  -5.226
62	 -33.936	3	 -38.658	  51.725	 -17.699
63	 -29.443	3	 -13.870	  60.304	 -16.092
64	 -27.931	3	 -23.204	  63.360	 -15.749
65	 -27.876	3	 -22.204	  28.661	 -10.406
66	 -20.779	2	 -28.015	  47.338	  -6.286
67	 -18.511	2	 -13.527	  63.375	  24.769
68	 -10.025	1	 -46.527	  65.338	  -8.749
69	  -8.982	1	  -5.527	  60.338	   8.251
