1	-863.023	79	  41.772	  54.309	  24.943
2	-787.714	65	  38.145	  53.689	  15.145
3	-778.571	66	  54.645	  46.931	  18.229
4	-710.500	67	  46.788	  40.849	  18.925
5	-686.742	62	  48.149	  51.335	  16.495
6	-678.712	51	  57.351	  40.482	  21.182
7	-576.311	49	  79.095	  50.219	  21.612
8	-534.417	34	  46.180	  40.478	   6.373
9	-524.653	48	  63.770	  59.534	   4.220
10	-445.973	32	  52.934	  40.115	  11.828
11	-423.192	38	  31.959	  41.362	   1.479
12	-387.234	34	  38.470	  46.800	  16.523
13	-352.582	32	  53.136	  68.492	   9.558
14	-341.851	32	  57.912	  64.981	  28.305
15	-336.678	32	  53.827	  34.177	   1.389
16	-330.517	29	  67.043	  67.450	  20.228
17	-324.533	27	  39.320	  65.676	  21.495
18	-324.451	29	  47.097	  33.334	   8.465
19	-318.708	29	  36.400	  64.560	   7.981
20	-314.536	28	  54.851	  31.873	  13.125
21	-298.705	26	  77.686	  55.237	  29.760
22	-295.354	25	  74.956	  41.694	   9.558
23	-250.380	23	  34.397	  57.272	  24.842
24	-234.570	22	  45.213	  65.648	  29.903
25	-223.434	21	  28.088	  50.084	   2.331
26	-220.026	22	  39.802	  36.196	   1.151
27	-214.158	20	  25.413	  54.582	  17.843
28	-206.162	19	  67.101	  34.380	   7.881
29	-185.708	17	  48.461	  48.792	  -5.420
30	-179.852	10	  69.535	  57.201	  18.683
31	-172.230	16	  54.482	  55.193	  -2.439
32	-169.986	17	  75.674	  61.328	  14.530
33	-164.137	14	  71.951	  47.870	  -0.197
34	-162.783	16	  27.670	  64.169	  13.776
35	-148.474	15	  76.017	  52.389	   6.683
36	-147.536	13	  49.551	  62.459	   3.140
37	-133.214	13	  34.144	  52.505	  -5.399
38	-129.507	13	  68.926	  38.910	  -0.627
39	-122.854	12	  67.537	  52.636	  35.016
40	-117.585	11	  39.359	  59.614	   0.213
41	-114.443	11	  50.170	  59.911	  34.421
42	-111.120	11	  75.674	  47.779	  33.981
43	-101.885	10	  69.094	  67.914	  12.114
44	 -98.199	9	  62.695	  71.845	   8.004
45	 -97.165	10	  59.006	  32.540	  21.890
46	 -93.267	9	  68.593	  65.220	  31.035
47	 -80.458	8	  63.850	  47.871	  -1.978
48	 -79.962	8	  73.750	  35.077	  21.482
49	 -79.448	8	  80.833	  41.274	  16.766
50	 -77.360	7	  31.116	  48.621	  20.381
51	 -74.772	7	  46.810	  73.035	  19.025
52	 -67.382	7	  43.076	  54.421	  -6.752
53	 -65.869	7	  68.625	  37.875	  32.821
54	 -61.902	6	  52.134	  39.316	  -5.784
55	 -61.621	6	  57.858	  71.002	  20.318
56	 -61.450	6	  30.445	  41.834	  11.049
57	 -60.516	6	  78.292	  38.817	  27.329
58	 -59.306	6	  42.910	  67.634	   9.155
59	 -53.569	5	  77.808	  61.859	  24.570
60	 -51.785	5	  55.505	  45.190	  35.896
61	 -46.162	5	  39.469	  46.351	  -7.660
62	 -45.818	5	  48.812	  38.569	  33.940
63	 -39.763	3	  57.519	  47.872	  25.060
64	 -36.497	4	  60.963	  35.909	  30.529
65	 -30.062	3	  58.990	  55.559	  36.534
66	 -29.805	2	  47.592	  48.163	   7.534
67	 -28.424	3	  39.912	  42.481	  33.876
68	 -28.298	3	  51.907	  73.163	  26.860
69	 -11.985	1	  61.228	  61.163	  12.534
70	 -10.166	1	  61.228	  52.163	  18.534
71	  -9.364	1	  66.228	  60.163	  38.534
