1	-960.711	83	  86.420	  35.877	  14.854
2	-741.713	63	  93.735	  36.402	  29.062
3	-533.024	49	  93.256	  70.521	  26.354
4	-490.406	47	  72.998	  54.235	  25.370
5	-400.750	39	  80.699	  30.633	  10.745
6	-369.557	33	  81.870	  65.065	  21.525
7	-348.802	34	  83.495	  62.064	   9.406
8	-342.908	32	  96.513	  53.569	  34.818
9	-318.490	30	 102.412	  39.894	  24.635
10	-311.912	29	  96.368	  35.016	   4.739
11	-286.369	26	  91.231	  47.319	  39.067
12	-263.658	24	  66.483	  48.126	  17.318
13	-262.718	24	  97.697	  49.349	  -0.820
14	-245.216	23	  89.904	  56.900	  44.484
15	-229.552	21	  96.074	  59.845	   1.522
16	-228.947	21	  97.906	  67.090	  13.563
17	-228.356	21	  91.030	  66.908	  35.882
18	-226.819	21	 105.269	  58.748	  14.543
19	-221.490	21	 101.635	  38.839	  10.701
20	-217.350	20	  78.027	  53.496	  40.987
21	-207.211	12	  91.084	  62.781	  21.072
22	-192.649	18	  76.221	  52.317	   7.828
23	-183.364	16	 101.917	  58.501	  25.012
24	-181.946	18	  86.929	  56.712	  -1.174
25	-175.960	17	  67.883	  40.839	  17.832
26	-175.875	17	  74.426	  49.794	  34.286
27	-171.184	16	  86.126	  44.277	  -3.742
28	-158.529	16	  71.209	  35.044	  13.298
29	-158.426	13	  68.099	  46.311	  26.118
30	-152.418	15	  82.852	  45.189	  40.061
31	-135.653	12	  94.903	  35.225	  16.128
32	-127.832	12	  71.504	  46.007	   7.634
33	-126.000	12	 102.765	  66.180	  24.597
34	-109.512	7	  79.502	  47.523	  14.880
35	-100.035	10	  79.176	  25.384	  22.705
36	 -99.380	10	 104.833	  54.206	   5.713
37	 -89.669	9	  99.659	  61.099	  34.888
38	 -84.360	7	  76.963	  60.703	  31.862
39	 -84.281	8	 110.659	  48.538	  19.207
40	 -81.261	8	  77.849	  37.760	  33.889
41	 -79.371	8	  93.545	  67.857	   3.950
42	 -68.832	7	  82.084	  63.703	  43.154
43	 -66.948	7	 106.549	  52.442	  26.220
44	 -58.734	6	  82.425	  35.131	   1.016
45	 -57.188	5	 106.473	  42.239	  15.497
46	 -56.304	6	  96.375	  39.850	  -3.181
47	 -45.894	5	 104.318	  46.323	   6.689
48	 -38.183	4	  72.698	  28.856	  20.974
49	 -31.135	3	  88.730	  73.659	  14.472
50	 -20.372	2	  98.730	  46.868	  33.962
51	 -10.540	1	  85.730	  24.329	  15.501
52	  -9.535	1	  70.730	  34.329	  26.501
53	  -9.168	1	  83.730	  52.329	  48.501
54	  -8.957	1	  82.730	  36.329	  39.501
