1	-924.211	79	  86.416	  36.108	  14.568
2	-744.419	64	  94.164	  37.071	  29.187
3	-500.484	46	  72.662	  54.226	  24.889
4	-490.035	46	  81.928	  65.473	  21.664
5	-457.827	42	  93.109	  70.669	  26.130
6	-419.693	40	  81.784	  30.426	  11.774
7	-389.257	38	  84.477	  62.416	   8.462
8	-350.434	33	  96.379	  53.985	  35.601
9	-302.263	28	  90.845	  47.719	  39.454
10	-276.279	25	  66.577	  44.959	  17.646
11	-273.094	15	  91.170	  62.804	  21.022
12	-262.096	24	  97.783	  49.297	  -0.808
13	-250.716	24	 102.950	  40.168	  24.564
14	-236.834	22	  98.012	  66.806	  13.755
15	-236.629	22	  89.509	  56.348	  44.660
16	-236.321	22	  93.505	  34.073	  17.041
17	-227.529	20	  97.396	  35.146	   5.738
18	-223.720	20	  90.906	  66.795	  35.915
19	-218.942	20	  76.031	  52.209	   8.846
20	-216.960	20	  78.089	  52.016	  41.028
21	-214.066	19	  67.806	  47.338	  26.042
22	-208.723	20	 105.411	  58.556	  14.014
23	-192.586	18	 101.717	  38.905	  10.863
24	-191.484	18	  86.088	  44.095	  -3.602
25	-188.295	18	  74.323	  49.412	  34.153
26	-185.676	16	 101.624	  59.085	  24.228
27	-176.528	18	  71.889	  34.034	  12.663
28	-172.964	17	  92.637	  58.351	  -1.066
29	-162.745	16	 102.468	  66.315	  25.321
30	-141.634	13	  97.755	  61.527	   3.940
31	-132.829	13	  82.914	  45.186	  40.108
32	-109.504	11	  78.965	  24.716	  20.757
33	-108.022	11	 104.784	  54.370	   5.806
34	-100.100	9	  85.779	  54.059	  -2.378
35	-100.037	6	  79.544	  47.411	  14.945
36	 -96.729	9	 110.738	  48.364	  19.934
37	 -95.082	9	  71.485	  46.223	   8.291
38	 -94.987	8	  76.865	  60.565	  31.845
39	 -81.807	8	  99.464	  61.437	  35.181
40	 -80.663	8	  93.138	  67.664	   4.033
41	 -74.189	7	 106.721	  42.337	  15.514
42	 -71.619	7	  81.052	  65.297	  41.227
43	 -60.583	6	  68.407	  52.284	  16.006
44	 -56.724	6	 104.245	  46.302	   6.834
45	 -52.751	5	  76.613	  57.946	  14.272
46	 -50.223	5	  76.777	  40.906	  35.896
47	 -46.758	5	  96.335	  40.128	  -3.301
48	 -41.755	4	  97.726	  44.271	  32.221
49	 -40.409	4	  82.779	  34.798	   1.025
50	 -40.323	4	  88.989	  73.564	  14.496
51	 -38.218	4	  87.254	  28.280	  27.252
52	 -37.950	4	 106.526	  52.583	  26.005
53	 -30.918	3	  92.170	  33.543	   1.087
54	 -28.922	3	  72.727	  28.668	  21.155
55	 -28.592	3	  70.454	  34.995	  25.828
56	 -21.345	2	  78.828	  59.311	  43.098
57	 -18.050	2	  82.274	  33.305	  32.512
58	  -9.862	1	  85.759	  24.311	  16.512
59	  -9.350	1	  82.759	  36.311	  39.512
60	  -9.257	1	  76.759	  51.311	   0.512
61	  -9.057	1	  83.759	  52.311	  48.512
