1	-1331.684	110	   7.969	  15.102	  62.207
2	-1197.707	111	   9.010	   5.279	  83.123
3	-1193.550	92	  22.234	  -0.221	  71.550
4	-1000.906	75	  19.360	  20.239	  70.434
5	-986.656	94	 -13.841	 -15.062	  77.955
6	-970.732	77	  -2.213	  -8.163	  76.899
7	-915.754	80	   5.931	  33.694	  55.402
8	-831.234	78	  17.175	   2.480	  85.558
9	-827.770	71	   5.127	  10.349	  76.675
10	-672.524	60	  -6.308	 -15.306	  74.409
11	-663.288	62	  10.957	   2.696	  50.730
12	-616.947	57	  -5.172	  -0.526	  55.294
13	-597.885	57	  13.742	  16.648	  86.188
14	-597.824	53	  15.218	 -13.568	  74.722
15	-590.512	55	  17.161	  29.624	  47.026
16	-582.711	49	  -2.569	 -20.047	  70.338
17	-580.715	47	  21.095	   0.888	  57.851
18	-566.417	51	  12.775	  45.235	  53.331
19	-563.594	52	  12.620	  -6.954	  96.427
20	-544.131	47	  13.867	  11.510	  43.830
21	-537.610	49	  34.790	  17.711	  60.866
22	-530.172	47	   1.426	  24.421	  61.139
23	-523.978	50	  23.740	  33.570	  61.601
24	-464.339	42	 -11.785	 -26.830	  51.959
25	-451.959	40	  61.523	   6.855	  76.340
26	-449.395	41	   4.668	  17.483	  43.476
27	-440.308	36	  23.619	  23.367	  54.392
28	-436.433	42	  47.433	   8.972	  56.399
29	-432.086	38	   2.660	  21.973	  52.660
30	-414.856	37	 -15.083	 -12.444	  95.095
31	-407.140	36	  27.006	  -7.220	  63.699
32	-399.543	36	  29.094	  10.162	  55.094
33	-397.997	39	  26.230	  42.231	  58.294
34	-390.037	34	  39.984	  -0.678	  76.573
35	-388.509	38	   0.084	  11.349	  96.449
36	-385.219	35	  12.350	   6.994	  92.900
37	-375.796	33	  37.704	   7.032	  54.177
38	-375.075	36	  24.615	 -17.856	  76.022
39	-369.437	33	  11.815	  41.895	  63.093
40	-347.502	32	  26.131	  26.706	  80.068
41	-346.639	32	  40.436	  13.188	  66.768
42	-344.315	33	  13.637	 -14.837	  63.492
43	-339.283	33	 -11.140	 -31.413	  71.661
44	-336.558	21	  20.566	  11.822	  61.286
45	-335.524	29	  28.693	  -1.503	  83.178
46	-331.436	29	  32.210	   0.711	  57.902
47	-321.483	29	  49.890	   7.946	  67.682
48	-304.545	28	   6.805	  35.391	  72.151
49	-298.098	27	  12.791	 -15.489	  85.203
50	-290.679	22	  56.677	   1.154	  60.238
51	-287.372	26	  -7.913	 -19.420	  90.940
52	-267.437	26	 -15.352	  -7.548	  64.326
53	-263.157	26	   2.179	 -22.904	  57.182
54	-263.096	25	  44.691	  -6.086	  65.060
55	-263.019	24	 -22.263	 -27.264	  67.526
56	-261.828	25	  -0.122	   8.984	  65.718
57	-239.010	23	  16.538	   5.336	  54.236
58	-233.037	23	  52.585	  -5.451	  68.047
59	-232.672	22	   5.505	  -2.650	 104.142
60	-231.304	22	  -1.093	 -11.223	  51.285
61	-228.079	21	  57.617	  15.063	  67.085
62	-226.584	20	  42.467	  -7.197	  72.207
63	-226.503	20	  17.579	  -8.124	  54.859
64	-223.092	21	 -21.009	 -14.524	  66.184
65	-220.173	21	  -3.005	   2.403	  63.419
66	-214.554	21	 -14.354	 -12.468	  54.506
67	-209.567	19	  45.718	   4.632	  49.304
68	-206.643	13	  -4.189	  -0.584	  82.750
69	-194.771	18	 -13.313	  -3.655	  97.045
70	-188.902	17	  33.097	 -13.072	  65.838
71	-182.601	15	  -7.025	  -3.919	 102.453
72	-176.656	17	  41.892	   9.005	  76.432
73	-176.351	16	 -23.917	 -13.129	  80.696
74	-173.067	17	  13.144	  30.203	  82.801
75	-172.963	17	   0.765	  23.668	  69.820
76	-172.276	17	   2.239	   2.879	  48.336
77	-171.353	16	 -17.591	  -3.513	  80.754
78	-170.666	16	   3.361	 -20.332	  87.969
79	-161.454	15	  36.038	   6.844	  80.521
80	-158.208	15	  57.183	   0.328	  78.134
81	-150.642	15	   5.814	 -19.622	  66.985
82	-150.174	13	 -12.724	  -5.328	  71.591
83	-149.575	14	  45.154	  -4.940	  54.324
84	-148.485	15	  36.409	  -8.702	  78.106
85	-148.369	15	  -9.231	   8.260	  85.905
86	-146.958	14	 -28.260	 -15.472	  90.543
87	-146.761	14	  21.742	  52.084	  57.409
88	-143.589	14	  27.759	  53.377	  53.355
89	-142.814	14	   0.077	 -18.763	  97.093
90	-141.848	14	  -5.308	  11.215	  49.053
91	-141.090	13	   1.723	  18.801	  81.557
92	-137.113	13	  -7.876	   3.799	  75.221
93	-134.180	13	   2.841	 -13.958	 102.464
94	-133.739	13	 -14.834	 -25.053	  75.735
95	-132.868	13	  23.512	  45.879	  45.774
96	-132.453	13	  -6.974	 -34.254	  58.484
97	-131.320	12	  -2.851	   7.833	  33.983
98	-126.498	8	   5.859	   9.426	  58.748
99	-118.141	9	  21.069	   8.138	  67.812
100	-114.400	10	 -16.386	 -21.109	  54.296
101	-113.911	11	  29.936	  25.727	  58.619
102	-113.735	11	  -0.651	   5.801	  41.497
103	-111.659	11	  49.983	   9.691	  79.912
104	-110.519	9	  -1.472	 -25.655	  64.650
105	-109.515	11	   8.030	 -16.261	  96.403
106	-108.080	10	  -4.945	 -14.569	 102.633
107	-107.504	10	 -21.227	 -21.955	  83.275
108	-105.302	11	  27.499	  16.495	  85.849
109	-104.522	9	  20.471	  47.045	  66.765
110	-103.804	10	  54.500	  15.392	  77.109
111	-103.760	10	  20.549	 -10.673	  89.188
112	-102.368	10	 -18.546	 -31.429	  58.920
113	-101.864	10	 -18.842	   0.005	  89.253
114	-101.595	10	   2.518	   9.592	  88.555
115	-101.172	10	  65.295	   3.057	  66.316
116	 -89.875	9	  37.177	  22.647	  72.891
117	 -89.004	9	  47.927	  -1.346	  82.541
118	 -87.407	8	  38.926	  15.191	  52.808
119	 -85.905	8	  21.196	  36.495	  73.553
120	 -82.381	8	 -11.384	   4.444	  95.931
121	 -80.428	8	  -3.481	   4.826	 103.681
122	 -79.923	7	   4.532	  30.432	  77.554
123	 -79.535	8	  28.381	 -13.027	  85.930
124	 -78.291	8	  26.079	 -16.288	  66.172
125	 -76.542	8	   8.710	  33.584	  44.539
126	 -75.995	7	  12.568	  -4.705	  49.309
127	 -73.576	7	  -9.376	 -19.831	  82.992
128	 -71.373	7	   5.728	  26.639	  44.465
129	 -70.972	6	  35.373	  16.428	  79.196
130	 -70.656	7	  50.727	  -1.631	  47.759
131	 -66.159	7	  26.720	  17.109	  51.160
132	 -65.401	7	  -5.255	 -19.187	  45.600
133	 -58.502	6	  12.692	  43.276	  43.451
134	 -57.623	6	  19.815	   0.268	  94.657
135	 -51.724	5	 -25.295	 -21.403	  59.739
136	 -49.816	5	   3.557	 -20.246	  77.105
137	 -48.901	5	  -6.841	  12.344	  40.506
138	 -47.289	3	  31.671	   8.625	  62.553
139	 -44.635	4	  10.159	 -14.657	  54.665
140	 -42.037	4	   8.425	   3.405	  36.386
141	 -41.018	4	   3.448	  -5.345	  52.088
142	 -40.886	4	  57.398	   3.214	  52.289
143	 -40.216	4	  51.159	  25.449	  72.797
144	 -39.819	4	  27.391	  31.680	  71.311
145	 -39.760	4	  41.711	 -14.153	  67.981
146	 -38.131	4	  24.205	  35.465	  48.569
147	 -30.916	3	 -12.881	  -1.702	  54.663
148	 -30.472	3	  34.462	 -18.002	  76.006
149	 -29.776	3	  56.491	  10.944	  55.008
150	 -29.399	3	  -6.871	 -23.384	  75.324
151	 -29.368	3	  -1.809	 -26.296	  45.619
152	 -28.844	3	 -22.818	 -35.761	  68.991
153	 -28.336	3	 -26.841	  -7.056	  89.637
154	 -25.032	2	  -1.554	  -7.914	  92.309
155	 -21.468	2	  22.588	  16.660	  44.880
156	 -20.051	2	   4.635	   7.846	 105.309
157	 -19.528	1	  16.159	   6.944	  77.309
158	 -19.062	2	  -3.323	  33.944	  61.274
159	 -18.873	2	  22.159	  10.459	  85.309
160	 -18.794	2	   4.127	  40.460	  60.213
161	 -10.734	1	  11.159	  -5.056	  62.309
162	  -9.695	1	 -16.841	 -36.056	  75.309
163	  -9.146	1	  -2.841	  18.944	  36.309
164	  -9.110	1	  30.159	 -22.056	  68.309
165	  -8.970	1	  -8.841	 -34.056	  49.309
