1	-1327.091	115	  18.342	   9.114	  21.671
2	-881.507	75	   8.392	  17.026	  16.801
3	-614.074	56	   8.718	  13.342	  38.803
4	-418.273	37	  21.829	   1.977	  29.987
5	-409.878	35	  -6.370	   5.841	  23.124
6	-391.518	35	   2.055	  -9.017	  36.866
7	-350.078	33	   0.908	  17.499	  21.124
8	-320.630	27	   3.772	   5.280	  41.327
9	-258.933	24	   4.069	 -13.465	  27.225
10	-204.766	20	  18.956	  -7.996	  22.174
11	-202.738	18	   8.102	  -3.771	  14.167
12	-201.750	19	   5.608	  11.029	  10.411
13	-185.574	17	  15.664	 -17.122	  34.008
14	-161.429	15	  -1.758	  -3.896	  25.848
15	-143.287	14	  15.949	  10.200	  36.163
16	-136.970	13	  -5.722	  -6.076	  33.004
17	-136.633	14	  -4.429	  13.502	  36.523
18	-124.510	12	  16.258	  -1.847	  37.011
19	-120.882	11	   7.419	  23.804	  30.016
20	-113.619	11	  -8.539	  12.792	  27.949
21	-111.873	11	  13.945	  20.422	  31.962
22	-102.779	10	  16.213	 -13.760	  26.058
23	 -99.505	10	  11.141	 -11.843	  41.789
24	 -90.639	9	  26.155	   0.364	  22.318
25	 -82.293	8	  15.903	  20.160	  23.855
26	 -76.865	8	  -3.027	  -4.543	  43.532
27	 -56.928	5	   0.979	  22.764	  33.994
28	 -56.362	6	  21.320	   1.253	  17.061
29	 -55.723	6	   0.339	   2.751	  16.724
30	 -49.981	5	  11.139	   4.259	  43.394
31	 -42.240	3	  15.159	  -8.907	  33.387
32	 -39.707	4	  15.175	   4.103	  11.710
33	 -39.261	4	  -3.481	   8.711	  42.106
34	 -30.176	3	   6.159	  24.752	  40.746
35	 -19.910	2	  23.159	  -7.037	  34.854
36	  -9.415	1	  12.159	 -10.572	  16.389
37	  -9.284	1	 -11.841	  -2.572	  37.389
