1	-2484.036	207	  77.253	  35.996	  22.017
2	-1201.016	105	  65.931	  17.438	  19.856
3	-1171.590	102	  75.460	  23.753	  40.210
4	-1066.157	97	  65.653	  36.143	  27.452
5	-986.922	82	  77.455	  48.107	  40.316
6	-813.780	69	  67.596	  55.020	  19.394
7	-760.716	65	  62.173	  35.673	   6.806
8	-727.452	63	  84.689	  17.837	  11.693
9	-635.940	63	  83.802	  35.939	  19.203
10	-582.708	54	  80.408	  35.765	  -1.929
11	-566.444	53	  85.981	  55.170	  10.399
12	-554.232	48	  93.706	  47.132	  31.756
13	-538.723	49	  56.174	  36.393	  10.981
14	-520.264	48	  70.573	  45.614	  42.494
15	-493.826	45	  61.654	  54.081	  23.447
16	-490.251	41	  73.796	  42.594	  -2.638
17	-447.749	32	  88.707	  19.740	  31.717
18	-442.173	37	  93.558	  44.931	  40.287
19	-429.213	41	  95.732	  24.640	  32.198
20	-389.519	36	  77.992	  64.433	  44.410
21	-384.639	32	  77.752	  15.179	   6.457
22	-375.913	35	  87.843	  46.486	  19.100
23	-369.024	33	  83.088	  40.509	   9.133
24	-359.765	34	  68.725	   9.774	  13.410
25	-355.549	33	  69.560	   0.882	  25.589
26	-351.581	32	  91.134	  37.813	  27.021
27	-344.823	32	  63.382	  66.045	   8.818
28	-344.380	32	  56.706	  28.603	  -5.676
29	-342.036	33	  60.445	  38.219	   0.245
30	-334.519	27	  83.382	  60.161	  18.780
31	-331.972	30	  97.573	  33.121	  32.005
32	-330.505	31	  84.379	  27.679	   1.849
33	-328.639	29	  83.710	  28.517	  11.370
34	-308.947	28	  85.424	  48.701	   4.711
35	-301.176	30	  68.369	  61.959	  19.481
36	-300.265	27	  83.598	  22.423	  54.283
37	-293.578	28	  79.267	  18.299	  43.294
38	-278.002	26	  89.538	  27.194	  22.433
39	-274.522	25	  92.197	  18.326	  18.617
40	-272.777	24	  91.010	   8.459	  22.941
41	-269.370	23	  78.404	  21.951	  -5.567
42	-263.265	23	  85.485	  15.463	  45.805
43	-256.056	22	  79.827	  55.337	  -1.997
44	-253.288	24	  84.210	  62.506	   4.138
45	-245.217	24	  80.674	  -3.983	  18.584
46	-237.404	22	  94.312	  51.884	  23.551
47	-227.288	22	  72.000	  69.493	   0.413
48	-219.629	18	  93.371	  61.753	  27.856
49	-217.877	19	 100.094	  32.818	  42.882
50	-217.708	22	  56.793	  62.100	   8.345
51	-213.506	20	  96.796	  21.991	  54.573
52	-200.188	19	  65.329	  25.167	 -14.786
53	-195.975	19	  88.725	  45.818	  49.245
54	-187.344	18	  77.463	  66.877	  32.840
55	-181.179	17	  91.855	  67.101	  43.052
56	-180.157	18	  79.093	  27.509	  57.025
57	-177.892	18	  61.687	  16.503	  25.801
58	-175.509	17	  69.420	  27.307	  44.212
59	-169.984	16	  89.260	   5.171	  13.893
60	-166.052	16	  88.206	  66.693	  28.312
61	-165.595	16	 102.137	  24.302	  42.491
62	-159.024	10	  77.009	  37.624	   4.161
63	-158.322	15	  64.802	  15.294	   2.172
64	-156.027	15	  98.707	  59.966	  34.325
65	-153.961	15	  62.708	  55.084	  -0.281
66	-153.395	10	  82.180	  51.886	  15.815
67	-150.731	15	  97.190	  36.180	  48.166
68	-149.543	15	  71.475	  36.810	 -13.504
69	-146.610	14	  77.959	   6.037	  33.929
70	-139.499	14	  86.893	  36.186	  53.229
71	-133.823	13	  54.637	  22.330	  -1.720
72	-132.524	13	  72.901	  55.240	  -4.654
73	-129.681	13	  73.087	  66.292	  16.644
74	-122.032	12	  94.319	  14.998	  35.390
75	-118.383	12	  85.687	  10.285	  35.098
76	-114.959	11	  87.398	   3.622	  27.921
77	-114.035	11	  72.128	  17.117	  -6.274
78	-106.878	10	  59.726	  35.467	 -12.037
79	-106.176	11	  48.969	  27.495	   0.318
80	-105.728	10	  75.670	  45.219	  52.439
81	 -96.090	9	  78.353	  27.595	 -11.199
82	 -95.439	9	  86.141	  56.299	  51.418
83	 -89.568	9	  64.938	  31.747	  52.133
84	 -88.821	9	  47.009	  26.300	  12.439
85	 -82.922	8	  55.083	  14.739	   4.016
86	 -82.719	8	  78.600	  39.175	  57.552
87	 -80.716	8	  80.421	   3.344	   7.960
88	 -80.615	8	  60.591	  56.750	  42.535
89	 -80.202	8	  68.600	  68.468	  33.871
90	 -80.188	8	  69.988	  52.598	  44.938
91	 -78.619	8	  53.830	  52.717	   1.319
92	 -76.749	8	  78.318	  17.033	  -0.441
93	 -75.657	8	  61.518	   3.471	  27.334
94	 -75.334	7	  79.177	  56.379	  47.321
95	 -73.734	7	  62.537	  35.798	  39.039
96	 -73.100	7	  60.202	  44.613	  33.911
97	 -72.114	7	  55.046	  30.904	  23.472
98	 -71.109	7	  96.637	  14.856	  43.714
99	 -70.390	6	  64.655	  40.102	  -5.444
100	 -68.024	7	  81.364	  69.407	   9.228
101	 -59.686	6	  62.342	  42.799	  44.864
102	 -58.852	6	  62.198	  18.634	  -4.530
103	 -58.410	6	  53.016	  21.506	  24.395
104	 -58.020	6	  49.696	  39.509	  16.913
105	 -56.261	6	  70.042	  61.472	  48.210
106	 -55.265	4	  73.822	  31.991	  38.059
107	 -54.376	5	  49.521	  53.393	  17.514
108	 -53.079	5	  79.929	  65.991	  25.207
109	 -51.638	5	  57.342	  12.438	  34.335
110	 -51.603	3	  64.492	  32.194	  15.994
111	 -50.969	5	  70.496	   4.067	  37.630
112	 -50.199	5	  60.552	  23.747	  41.139
113	 -48.465	5	  67.934	   5.211	  18.953
114	 -46.478	3	  65.541	  45.786	  19.158
115	 -45.373	3	  68.652	  22.337	  26.556
116	 -44.770	4	  55.591	  42.575	  24.059
117	 -43.119	4	  59.343	  26.689	  32.532
118	 -40.937	4	  66.847	  48.756	  -3.177
119	 -40.468	4	  55.609	  52.496	  29.603
120	 -37.633	4	  69.851	  72.726	  10.314
121	 -33.223	3	  71.696	  -0.325	  12.556
122	 -29.923	3	  97.731	  55.734	  44.167
123	 -29.579	3	  77.342	  -2.664	  26.208
124	 -28.904	2	  71.342	  46.991	  33.074
125	 -28.177	3	  71.364	   9.304	  42.556
126	 -19.822	2	  91.342	  27.448	  57.556
127	 -19.677	2	  65.342	  65.466	  -0.444
128	 -18.083	2	 102.840	  37.502	  37.058
129	 -11.541	1	  89.342	  14.991	  53.556
130	  -9.287	1	  61.342	  10.991	  42.556
131	  -9.244	1	  46.342	  48.991	   9.556
132	  -8.977	1	  81.342	  46.991	  -5.444
133	  -8.915	1	  48.342	  16.991	  13.556
