1	-787.349	69	  21.944	 110.489	  27.200
2	-779.708	68	  43.440	 107.929	  11.350
3	-764.274	66	  34.777	 128.849	  18.944
4	-643.296	58	  17.466	  91.307	  19.359
5	-623.370	56	  29.547	  94.090	 -10.676
6	-617.440	56	  20.207	  99.598	  12.307
7	-585.097	52	  44.154	  89.247	  20.127
8	-564.895	50	  42.379	  98.430	  27.456
9	-535.533	47	  30.438	  88.202	  19.139
10	-529.009	45	  33.410	  93.627	  48.642
11	-521.932	49	  46.198	  92.348	 -16.085
12	-509.163	48	  28.828	 103.304	  51.640
13	-487.926	46	  15.600	  95.218	  54.718
14	-471.425	43	  46.135	 103.903	  34.551
15	-464.292	42	  22.215	 127.158	   6.014
16	-464.023	42	  46.491	 124.156	  32.182
17	-459.460	42	  18.011	 107.194	   3.891
18	-433.777	40	  32.525	 104.602	 -11.572
19	-412.059	34	  43.654	 107.528	  22.251
20	-408.604	37	  45.999	 117.390	  19.923
21	-404.197	36	  33.261	 123.732	  -4.903
22	-399.210	36	  13.450	 107.207	  30.167
23	-394.899	24	  33.316	 118.555	  18.972
24	-394.840	36	  20.888	 121.674	  19.835
25	-382.887	34	  50.999	 103.233	   8.595
26	-380.286	36	  46.168	 127.356	   8.589
27	-374.494	30	  22.683	  98.258	  -5.625
28	-372.532	34	  23.802	 122.757	  38.782
29	-341.993	31	  48.010	 105.921	 -13.471
30	-340.689	32	  21.728	 128.961	  30.417
31	-337.546	31	  37.965	 106.251	  47.071
32	-335.205	27	  40.058	  96.529	  44.164
33	-331.466	30	  41.264	 126.143	   1.782
34	-327.182	30	  24.585	 134.049	  14.551
35	-324.166	30	  17.138	 109.092	  52.440
36	-308.560	29	  24.601	 109.502	  -7.345
37	-306.586	28	  18.617	  86.221	  49.663
38	-270.516	25	  44.920	 132.293	  24.729
39	-263.222	25	  16.264	 102.342	  19.103
40	-259.645	25	  36.122	  83.350	  -8.875
41	-255.223	25	  21.277	  84.168	  40.082
42	-237.873	23	  46.930	  99.318	  19.757
43	-228.551	20	  45.937	  91.224	  34.940
44	-228.547	21	  30.918	 129.161	  40.031
45	-228.267	20	  30.401	  84.891	   3.471
46	-227.740	20	  55.260	 106.628	  -2.620
47	-226.879	22	  49.298	 116.341	  29.267
48	-225.877	22	  44.575	 118.576	  -3.405
49	-220.436	22	  18.544	 109.060	  14.371
50	-218.856	21	  38.240	  82.573	  -1.172
51	-218.447	20	  29.319	  85.155	 -13.278
52	-206.896	19	  30.982	  84.745	  52.289
53	-186.745	17	  50.597	 126.325	  20.130
54	-180.839	16	  29.363	  84.856	  35.062
55	-179.489	18	  14.261	 117.663	  36.770
56	-172.825	17	  42.117	  80.521	  36.436
57	-167.729	16	   9.493	 110.846	  41.299
58	-165.727	15	  38.800	 101.246	 -14.935
59	-165.592	16	   6.842	 102.463	  40.028
60	-165.060	16	  27.773	  85.184	  26.083
61	-155.461	14	  15.135	  94.022	   4.480
62	-152.211	15	  16.263	  82.845	   2.667
63	-151.747	14	  35.282	 119.629	  43.667
64	-148.155	14	  44.815	  84.010	 -12.249
65	-142.767	14	  27.558	 132.639	  25.921
66	-142.127	14	  52.252	 112.675	   1.434
67	-136.373	13	  32.500	  85.066	  12.348
68	-131.463	13	  41.484	 130.823	  38.285
69	-130.424	13	  56.198	  97.248	  -1.825
70	-124.511	12	  18.692	 122.467	  12.426
71	-115.291	11	  40.478	 112.197	  44.274
72	-112.356	11	  10.257	  99.645	  29.382
73	-108.863	10	  41.665	 131.093	  12.946
74	-101.760	10	  41.983	  89.366	  43.127
75	-101.055	10	  19.500	  91.327	  -4.733
76	 -96.804	9	   5.664	  95.037	  44.922
77	 -92.016	7	  24.864	 110.350	  18.015
78	 -91.240	9	  49.344	  88.031	   6.395
79	 -90.437	9	  40.488	  85.643	  15.181
80	 -88.369	8	  27.360	  83.286	  44.859
81	 -87.993	9	  35.166	 136.401	  -2.429
82	 -87.746	9	  52.804	  96.565	   9.269
83	 -83.544	8	  28.180	 132.361	   0.236
84	 -83.424	8	  27.348	  91.533	  52.467
85	 -79.945	8	  16.730	 117.581	   7.195
86	 -75.571	5	  25.331	 120.051	  26.631
87	 -75.034	7	  55.450	  89.613	  -5.744
88	 -64.353	6	  47.832	  80.513	  26.592
89	 -63.021	6	  11.418	  92.009	  32.937
90	 -59.793	6	  21.050	  85.970	 -10.287
91	 -58.401	6	  21.574	 118.743	  47.307
92	 -51.274	5	  15.943	 129.106	  16.127
93	 -50.394	5	  50.815	 114.932	   9.298
94	 -48.344	3	  40.569	 118.644	  12.028
95	 -47.893	5	  39.078	 112.349	 -13.294
96	 -43.593	4	   6.563	 101.235	  50.532
97	 -43.450	3	  29.759	  93.457	  38.286
98	 -39.429	4	  11.820	  83.211	  12.518
99	 -39.421	4	  56.804	  96.253	 -11.715
100	 -39.005	4	  34.558	 134.743	  29.807
101	 -38.829	4	  39.299	  85.466	  50.734
102	 -38.821	4	  49.466	  83.038	  -0.891
103	 -38.251	4	  12.850	  93.268	  11.792
104	 -37.023	4	  27.300	 113.238	  52.035
105	 -36.344	3	  38.433	 112.624	  27.286
106	 -34.098	2	  32.054	  93.235	   0.286
107	 -30.618	3	  47.459	  90.338	  26.377
108	 -28.189	3	  35.066	 134.416	  10.268
109	 -27.603	3	  35.049	 137.743	  37.946
110	 -18.936	2	  28.494	  92.255	 -18.714
111	 -13.312	1	  21.054	 107.743	  44.286
112	 -10.679	1	  27.054	 113.743	  11.286
113	 -10.447	1	  37.054	  81.743	  44.286
114	  -9.423	1	  45.054	 118.743	  41.286
115	  -9.095	1	  39.054	  78.743	  27.286
116	  -8.995	1	   7.054	  86.743	  43.286
