1	-1544.323	114	 119.337	  31.277	  19.295
2	-1023.903	93	 103.005	  15.278	  27.943
3	-837.412	56	 117.311	  40.966	  22.600
4	-809.888	68	 114.766	  23.963	   1.275
5	-801.950	71	 123.272	  35.444	  10.968
6	-788.999	70	 103.544	  16.309	   9.396
7	-775.700	62	 105.864	  25.043	  33.596
8	-719.809	62	  81.069	  26.452	  18.392
9	-710.169	51	 106.960	  25.536	  45.210
10	-645.780	55	 114.489	  50.543	  28.191
11	-635.933	54	 115.001	  36.097	   5.613
12	-606.828	56	 110.401	  45.223	  36.896
13	-602.701	50	 101.686	  -1.433	  52.828
14	-598.320	53	 108.885	  33.885	  47.169
15	-594.625	48	  91.419	  37.462	  17.854
16	-591.556	51	  93.717	   7.640	  22.719
17	-582.914	51	 102.501	   7.273	  36.740
18	-573.075	52	  84.946	  41.162	  33.120
19	-563.914	53	 130.014	  50.927	  33.125
20	-547.696	51	 105.958	  52.931	  22.531
21	-531.573	45	  86.846	  10.068	  46.139
22	-519.684	44	  82.749	  16.388	  46.145
23	-506.101	46	 113.120	  40.122	  41.435
24	-491.953	45	  73.240	  30.523	  41.015
25	-476.988	45	  90.322	  45.169	  41.315
26	-444.800	39	 107.818	   6.167	  54.992
27	-420.191	40	 104.088	  65.528	  13.483
28	-406.513	33	 111.347	  50.829	   9.365
29	-405.171	38	 126.493	  23.795	  16.369
30	-390.782	33	  92.155	  44.479	  20.696
31	-386.698	37	 133.092	  34.994	  17.726
32	-381.066	36	  92.558	  38.764	  51.914
33	-376.701	27	  97.848	  27.296	  33.664
34	-375.678	34	 124.626	  59.536	  25.507
35	-374.285	33	 132.408	  30.410	  32.187
36	-370.102	36	  81.883	   4.370	  38.529
37	-366.441	32	 110.481	  23.110	  27.697
38	-360.243	29	 105.711	  13.999	  36.703
39	-349.418	33	  85.311	  21.541	   9.248
40	-348.689	33	 117.206	  15.613	  17.992
41	-333.315	29	 118.838	  21.610	  29.255
42	-324.895	31	 102.213	  -7.348	  40.857
43	-309.834	28	 109.397	  64.430	  19.969
44	-306.159	28	 119.225	  47.696	  38.659
45	-304.041	29	 104.204	  51.045	  31.328
46	-292.093	28	  88.619	  36.286	  10.346
47	-290.357	27	  88.814	  -8.410	  50.686
48	-289.636	28	 110.448	  31.522	  56.808
49	-289.622	28	  71.613	  31.682	  27.288
50	-284.025	28	 108.358	  27.283	  -5.368
51	-281.751	27	 117.040	  57.642	  31.618
52	-278.946	26	 124.378	  20.636	  34.439
53	-260.356	26	 128.602	  35.943	  48.008
54	-256.571	24	 120.184	  14.888	  50.694
55	-254.546	24	 102.072	  53.545	  11.819
56	-254.120	25	  94.687	  52.861	  16.721
57	-254.097	24	  87.979	  13.812	  54.876
58	-248.168	23	 101.928	  28.837	  51.852
59	-247.064	23	 135.649	  45.161	  26.428
60	-237.003	22	  76.327	  21.159	  42.797
61	-225.590	20	  89.556	  21.494	  50.708
62	-221.644	19	 103.520	  37.263	   7.563
63	-221.282	21	  97.816	  20.142	  56.898
64	-197.017	15	  76.370	  12.041	  35.330
65	-195.971	18	 124.724	  54.296	  38.997
66	-183.949	18	  79.807	  37.200	  49.229
67	-182.717	17	  92.998	  49.022	  30.037
68	-181.989	16	 112.206	  33.361	  -2.260
69	-181.854	17	 125.348	  52.212	  12.911
70	-177.526	15	 106.073	  15.037	  64.387
71	-175.775	17	 112.086	  19.230	  -5.102
72	-170.854	17	 106.276	  22.114	  63.249
73	-170.211	16	 102.728	  45.837	   9.221
74	-166.156	16	  83.032	   9.054	  20.761
75	-164.439	16	 102.260	  25.365	  -0.434
76	-158.302	16	 118.309	  41.382	  51.044
77	-157.996	15	 102.982	  16.252	  -2.142
78	-155.147	16	 110.494	   4.450	  44.903
79	-151.326	14	  84.744	  28.613	  51.982
80	-148.274	10	  97.049	  18.075	  38.416
81	-148.161	13	  87.942	  -2.946	  43.650
82	-143.401	14	 126.410	  25.538	  47.357
83	-140.040	14	 104.944	  10.841	  17.600
84	-138.555	12	  81.013	  15.704	  17.965
85	-133.970	13	 120.605	  56.915	   8.884
86	-131.371	13	  91.849	  -3.772	  60.076
87	-131.205	12	  83.069	   2.116	  52.077
88	-129.087	12	  91.903	  17.831	   5.529
89	-125.954	12	 101.362	  43.824	  47.165
90	-125.826	11	  81.125	   5.932	  27.813
91	-125.720	13	 117.771	  12.230	  38.885
92	-123.157	12	  72.174	  20.776	  36.330
93	-119.168	11	 125.580	  19.335	  42.449
94	-117.050	12	 130.860	  22.717	  29.193
95	-115.889	11	  73.451	  42.539	  38.324
96	-115.842	12	 102.283	   7.128	  64.861
97	-112.647	11	  92.324	  45.836	   7.636
98	-108.944	11	  97.162	  31.282	   2.082
99	-106.219	11	 133.784	  38.662	  37.877
100	-100.380	10	  99.078	  -9.418	  51.941
101	 -96.790	10	 124.460	  31.571	  54.676
102	 -95.153	9	 122.613	  23.414	  54.157
103	 -94.914	9	 113.874	  61.886	   9.666
104	 -94.262	10	 133.991	  49.872	  15.291
105	 -91.580	9	  91.433	  -1.059	  32.766
106	 -87.810	8	 104.924	  70.327	   8.100
107	 -86.182	9	 114.202	  68.825	  15.186
108	 -84.472	8	  90.185	   8.726	  12.251
109	 -78.900	8	 113.998	  13.788	   6.516
110	 -78.011	8	 116.865	  14.053	  58.630
111	 -70.500	7	 118.934	  67.924	  22.368
112	 -68.283	7	 127.470	  45.124	  11.424
113	 -59.692	6	 133.448	  28.415	  39.739
114	 -58.803	6	  88.766	   7.329	  61.943
115	 -58.067	6	  73.500	  10.179	  27.592
116	 -49.721	5	 118.984	  46.141	   4.970
117	 -49.607	5	  97.578	  50.370	  36.961
118	 -47.953	5	  97.385	  15.722	  65.809
119	 -39.219	4	  80.284	  44.641	  43.429
120	 -38.972	4	 133.659	  45.557	  42.537
121	 -38.555	3	  90.593	   5.467	  39.970
122	 -30.916	3	  76.683	  41.373	  28.789
123	 -29.067	3	  83.304	  -4.738	  54.939
124	 -28.456	3	  70.293	  18.706	  26.970
125	 -28.359	3	  75.583	  26.803	  48.901
126	 -27.902	2	 116.352	  29.601	  35.267
127	 -21.293	2	 117.305	  31.588	  58.970
128	 -20.085	2	  68.966	  36.373	  37.475
129	 -19.070	2	 116.452	  23.868	  62.980
130	 -18.595	2	  76.524	  36.854	  22.412
131	 -18.548	2	  88.961	  28.866	   3.468
132	 -12.626	1	  99.966	  20.373	  46.970
133	 -10.012	1	  87.966	  47.373	  47.970
134	  -9.550	1	 121.966	  66.373	  13.970
135	  -9.208	1	 108.966	  37.373	  16.970
136	  -9.160	1	  96.966	  11.373	   6.970
137	  -8.979	1	 121.966	  30.373	   0.970
