1	-1461.252	122	  24.700	  18.079	  50.586
2	-1368.367	122	  30.861	  31.571	  37.753
3	-1255.469	96	  31.807	  17.643	  41.675
4	-1198.363	99	  22.849	  10.089	  26.515
5	-1065.056	92	  48.544	  23.311	  44.884
6	-1061.558	97	  36.058	   2.050	  41.854
7	-774.620	68	  32.948	  25.989	  65.841
8	-612.535	55	  35.170	   3.845	  53.953
9	-596.906	53	  20.348	  31.252	  40.780
10	-541.831	42	  28.079	  16.216	  56.254
11	-536.755	49	  40.030	  14.226	  37.497
12	-525.437	46	   9.837	   7.303	  27.128
13	-494.583	41	  51.896	  18.199	  57.892
14	-480.166	42	  45.083	   5.955	  57.346
15	-458.648	41	  24.708	   7.082	  54.838
16	-457.341	42	  35.504	  -2.633	  48.312
17	-455.086	40	  22.107	  28.693	  51.432
18	-432.658	38	  33.953	  19.629	  33.249
19	-431.889	39	  32.683	   9.981	  38.508
20	-416.521	36	  34.801	  37.209	  64.393
21	-416.071	36	  28.498	 -11.198	  31.634
22	-400.422	33	  19.026	  11.964	  14.429
23	-394.088	35	  59.392	  28.300	  45.025
24	-370.376	35	   4.951	   3.982	  40.651
25	-364.682	29	  46.706	  34.368	  39.987
26	-355.679	33	  51.264	  28.164	  60.184
27	-354.386	30	  15.993	  18.614	  50.073
28	-351.666	32	  48.454	  39.680	  57.789
29	-348.896	33	  25.477	  37.980	  38.676
30	-348.850	33	  48.171	  -0.732	  45.078
31	-343.379	32	  40.804	  32.568	  66.172
32	-342.075	28	  14.683	  28.852	  33.574
33	-335.470	29	  12.331	  -6.930	  35.999
34	-332.096	30	   9.870	  22.454	  38.302
35	-326.614	29	  24.398	  -8.126	  50.874
36	-309.114	27	  57.473	  22.595	  53.758
37	-301.200	27	  41.114	  13.029	  62.231
38	-298.517	28	   8.628	  12.026	  50.183
39	-297.659	28	   8.351	  -0.659	  47.607
40	-291.427	26	  24.399	  35.646	  27.474
41	-290.865	28	  36.774	  25.652	  40.038
42	-285.837	26	  26.321	  43.266	  48.991
43	-260.971	24	  62.456	  19.958	  45.227
44	-251.268	22	  55.961	   9.631	  44.265
45	-247.108	24	  34.393	  43.009	  55.106
46	-240.489	21	  43.207	  43.191	  38.198
47	-227.783	17	  30.883	   7.003	  45.525
48	-212.535	20	  29.949	   0.434	  27.152
49	-210.523	19	   4.698	  17.225	  41.631
50	-209.179	20	  22.491	   2.683	  17.532
51	-200.820	19	   8.646	  15.371	  30.239
52	-200.098	19	  22.976	  23.904	  18.343
53	-194.868	19	  36.966	  -7.678	  35.620
54	-194.261	18	  39.414	  18.712	  67.886
55	-176.784	17	  10.030	  18.215	  21.855
56	-168.430	16	  12.539	  13.744	  15.846
57	-152.340	15	  56.499	  35.759	  48.242
58	-151.731	16	  25.548	  36.675	  65.246
59	-150.632	14	  16.899	  -6.027	  46.936
60	-139.308	14	  30.166	  13.536	  27.690
61	-137.987	14	  37.051	  40.648	  32.119
62	-127.432	12	  16.730	  -2.014	  22.056
63	-123.604	12	  11.744	  27.176	  27.324
64	-117.227	11	   8.743	  -2.004	  30.952
65	-101.845	10	  47.738	  16.498	  63.898
66	 -97.699	7	  25.314	  -4.105	  31.178
67	 -95.317	9	  24.451	 -15.457	  37.567
68	 -88.602	9	  32.715	  33.305	  26.290
69	 -79.351	8	  53.578	  42.542	  38.857
70	 -78.637	8	  31.997	 -13.900	  42.618
71	 -71.709	7	  13.663	   3.462	  16.832
72	 -70.810	7	  40.435	  49.706	  45.408
73	 -69.678	7	  33.079	  47.837	  39.075
74	 -64.648	6	  20.931	 -10.717	  25.312
75	 -61.788	6	  64.250	  16.376	  54.832
76	 -51.044	5	  52.999	  44.498	  47.236
77	 -50.987	5	  42.669	  -2.069	  37.977
78	 -50.766	5	  12.087	  26.767	  18.178
79	 -42.918	4	  29.407	  -8.027	  23.985
80	 -38.760	4	  15.189	   7.800	  57.196
81	 -38.730	4	  53.418	   6.544	  38.194
82	 -37.176	4	  13.161	  -2.449	  55.191
83	 -32.607	3	  57.830	   5.301	  54.666
84	 -29.881	3	   8.110	   3.573	  56.263
85	 -29.788	3	  30.482	  25.380	  19.332
86	 -28.185	3	  59.539	  12.282	  58.275
87	 -27.153	3	   1.183	  10.288	  34.628
88	 -19.976	2	  33.099	  11.217	  63.412
89	 -18.903	2	  47.729	 -11.638	  39.893
90	 -18.794	2	  45.183	   4.797	  34.455
91	 -18.237	2	  23.679	  -6.714	  17.969
92	 -10.934	1	  42.183	  20.301	  53.954
93	 -10.257	1	  21.183	  30.301	  58.954
94	  -9.639	1	  17.183	 -12.699	  41.954
95	  -9.624	1	  47.183	  27.301	  68.954
96	  -9.248	1	  12.183	  26.301	  46.954
97	  -8.998	1	  28.183	  46.301	  28.954
98	  -8.996	1	  56.183	  35.301	  34.954
