1	-1831.648	149	  63.126	 -60.256	  58.243
2	-1822.076	151	  70.489	 -80.887	  89.883
3	-1472.194	117	  65.389	 -48.159	  89.564
4	-1349.434	114	  49.278	 -72.575	  76.977
5	-1129.513	94	  73.923	 -69.884	  73.057
6	-1040.398	97	  64.231	 -74.025	  76.824
7	-964.370	81	  65.330	 -91.908	  59.853
8	-958.485	81	  27.646	 -76.661	  40.493
9	-887.833	65	  45.581	 -65.343	 101.531
10	-885.018	83	  55.661	 -72.049	  75.721
11	-865.720	71	  65.194	 -33.731	 101.626
12	-856.594	73	  49.238	-118.611	  45.504
13	-847.942	62	  39.669	 -81.240	  54.459
14	-824.341	73	  62.683	 -67.729	  72.107
15	-805.848	66	  64.043	-108.474	  46.865
16	-788.068	72	  48.045	-105.670	  66.701
17	-779.403	64	  49.744	 -26.182	 107.751
18	-770.096	66	  49.119	 -83.404	 119.847
19	-761.312	69	  76.942	 -51.713	  94.131
20	-731.180	63	  53.819	 -54.901	 100.050
21	-719.132	62	  49.605	 -89.590	  52.855
22	-710.183	60	  33.645	 -63.215	  36.716
23	-706.595	57	  67.054	 -98.418	  56.175
24	-704.799	47	  60.120	 -62.572	  82.758
25	-684.791	63	  73.916	 -87.626	  51.197
26	-683.150	65	  42.025	 -85.917	  77.834
27	-669.087	60	  49.710	 -45.937	  84.595
28	-668.856	61	  64.133	 -78.583	 116.152
29	-642.971	58	  54.833	 -38.908	 119.051
30	-623.244	54	  79.219	 -74.108	  97.190
31	-608.257	54	  44.597	 -38.372	  88.802
32	-594.730	49	  38.227	 -58.455	 101.637
33	-592.497	48	  51.712	 -59.660	 106.145
34	-588.460	55	  39.567	 -58.944	  82.388
35	-580.700	50	  70.315	 -66.470	  47.989
36	-577.130	47	  55.915	 -88.416	  67.642
37	-569.150	46	  54.869	 -55.338	  84.070
38	-567.326	50	  30.274	 -49.821	 115.734
39	-564.222	54	  32.498	 -91.375	  41.041
40	-552.810	44	  45.283	 -85.451	  47.689
41	-552.649	47	  24.382	 -99.769	  44.700
42	-548.037	52	  33.644	 -38.277	  89.620
43	-546.603	52	  40.580	 -56.052	 116.618
44	-524.698	45	  48.997	-105.703	  33.720
45	-524.456	49	  42.485	 -64.653	  33.729
46	-513.017	45	  50.168	 -63.398	  36.478
47	-506.295	48	  37.758	-109.953	  68.084
48	-497.921	47	  80.587	 -67.887	  82.853
49	-487.532	31	  60.257	 -81.314	  69.196
50	-473.827	43	  73.433	 -78.389	 107.845
51	-463.408	42	  36.804	 -51.612	  61.083
52	-460.288	40	  41.349	 -70.206	 121.498
53	-453.698	40	  53.367	 -97.688	  67.849
54	-446.049	37	  34.458	 -89.727	  55.377
55	-419.509	39	  24.277	-110.722	  53.343
56	-415.937	38	  47.939	 -95.554	  96.538
57	-412.039	38	  46.220	 -53.872	  58.372
58	-406.138	36	  50.694	 -57.935	  78.983
59	-402.958	36	  53.356	 -86.389	  73.846
60	-397.657	37	  55.693	 -90.919	  94.873
61	-387.814	28	  61.207	 -79.271	  55.819
62	-386.993	36	  62.340	 -42.968	  85.233
63	-381.918	34	  51.826	-115.620	  65.688
64	-379.152	35	  75.290	-100.258	  48.536
65	-378.807	29	  65.500	 -62.973	  93.457
66	-363.900	33	  57.217	 -81.194	 119.966
67	-359.980	30	  36.550	 -73.887	 117.105
68	-350.359	29	  36.959	 -61.971	  92.458
69	-349.127	32	  80.806	 -78.200	  78.119
70	-346.970	33	  25.847	 -38.045	 109.004
71	-346.958	32	  76.734	 -39.364	  96.772
72	-342.020	29	  72.706	 -73.664	 113.951
73	-341.976	28	  43.798	 -68.398	 111.614
74	-335.386	30	  57.459	 -66.595	 122.039
75	-326.428	30	  24.931	 -61.847	  63.747
76	-324.943	29	  58.800	 -65.600	  34.832
77	-324.486	27	  76.925	 -88.804	  99.283
78	-320.592	29	  52.876	 -21.983	 100.404
79	-319.998	29	  28.871	 -81.646	  52.612
80	-318.369	28	  39.050	-115.078	  41.019
81	-318.048	29	  76.578	 -60.130	  65.923
82	-306.885	29	  64.343	 -99.125	  63.441
83	-298.494	27	  33.161	 -87.610	  96.706
84	-298.464	27	  81.134	 -63.506	  92.661
85	-297.137	26	  42.252	 -31.891	 115.173
86	-296.445	25	  72.348	 -60.186	 111.481
87	-292.745	26	  47.005	 -28.347	  87.892
88	-292.735	27	  59.991	-117.009	  46.386
89	-291.917	27	  39.355	 -79.059	  87.083
90	-290.065	27	  60.080	 -26.300	 103.393
91	-289.523	26	  35.736	 -67.186	 105.817
92	-289.481	28	  61.170	 -97.281	 101.793
93	-287.676	26	  57.796	-109.420	  69.738
94	-287.519	29	  30.139	 -30.136	  96.283
95	-285.885	24	  64.402	 -51.573	  47.481
96	-283.012	23	  35.047	 -85.470	  64.450
97	-279.245	24	  62.277	 -63.777	  41.499
98	-269.982	25	  49.243	-100.040	 106.495
99	-267.158	26	  37.788	 -63.434	  75.049
100	-266.691	26	  41.275	 -42.702	 121.587
101	-263.926	22	  63.084	 -81.791	  37.079
102	-262.570	25	  27.751	 -55.209	  48.874
103	-260.608	25	  76.763	 -69.680	  59.031
104	-258.189	26	  34.170	-118.640	  62.792
105	-255.063	23	  55.482	-122.425	  51.182
106	-254.699	24	  60.124	 -89.519	  32.004
107	-251.067	25	  36.194	 -96.277	  68.846
108	-247.717	23	  34.856	 -46.776	  49.551
109	-247.440	24	  73.995	 -81.214	  42.814
110	-245.847	24	  59.131	 -56.918	  40.506
111	-245.061	22	  35.733	 -69.143	  70.317
112	-244.438	24	  31.545	 -52.625	 105.285
113	-243.913	22	  52.165	 -34.198	  82.246
114	-242.469	23	  74.716	 -45.220	  76.945
115	-241.692	23	  59.547	 -87.578	  82.050
116	-241.584	23	  28.056	 -96.413	  54.392
117	-239.115	22	  69.274	 -51.902	 117.351
118	-237.975	22	  52.207	 -80.268	  33.349
119	-236.419	21	  69.661	 -40.691	  91.431
120	-234.941	20	  43.429	 -79.214	  31.937
121	-234.617	22	  81.055	 -57.763	 101.984
122	-233.364	22	  42.526	 -93.234	 108.946
123	-230.884	22	  19.877	 -69.053	  41.681
124	-230.092	21	  36.997	 -74.063	  78.808
125	-227.687	22	  32.409	-108.312	  37.462
126	-218.631	21	  36.828	 -87.575	 114.324
127	-218.071	21	  72.438	 -90.978	  58.719
128	-216.384	21	  33.259	 -80.667	 119.316
129	-212.718	20	  40.412	-121.313	  47.350
130	-209.930	18	  72.233	 -30.005	 106.827
131	-206.828	19	  63.582	 -63.642	 117.791
132	-205.182	20	  55.888	-113.206	  35.778
133	-203.506	16	  58.711	 -77.572	  63.420
134	-203.291	20	  43.132	-119.740	  64.152
135	-203.159	18	  50.850	 -70.044	 127.744
136	-201.201	17	  69.163	-110.646	  39.855
137	-200.427	20	  71.842	 -89.230	  82.229
138	-195.766	19	  68.555	 -74.348	  41.504
139	-193.342	17	  35.392	 -76.118	  27.993
140	-191.837	18	  71.969	 -49.104	  87.241
141	-190.409	17	  75.470	 -74.807	  51.607
142	-187.890	18	  52.339	 -56.015	  68.846
143	-187.292	18	  59.636	 -29.506	 114.738
144	-187.061	13	  68.576	 -70.883	  83.014
145	-186.025	11	  48.787	 -58.614	 114.895
146	-185.386	17	  64.348	-109.776	  62.314
147	-185.165	18	  77.859	 -65.755	 104.473
148	-184.491	17	  26.797	 -46.308	  95.686
149	-183.767	17	  22.681	 -62.755	  45.542
150	-183.269	18	  38.168	 -26.957	  92.058
151	-180.097	17	  71.785	 -31.308	  98.681
152	-179.375	17	  41.230	 -24.826	 108.667
153	-177.559	17	  36.347	 -25.231	 102.090
154	-170.974	16	  33.110	 -77.706	  67.993
155	-167.859	16	  24.498	 -57.753	  57.539
156	-167.561	11	  37.249	 -78.674	  47.415
157	-167.534	16	  78.892	 -71.746	  66.375
158	-166.416	16	  60.024	 -72.965	  34.410
159	-164.442	15	  27.528	-103.777	  64.770
160	-161.213	11	  65.582	 -70.358	  64.978
161	-154.265	10	  51.939	 -51.327	 109.180
162	-154.235	15	  64.028	 -52.161	  65.142
163	-153.986	15	  37.301	 -89.839	  70.470
164	-152.989	14	  77.220	 -93.201	  66.392
165	-152.457	14	  36.054	 -70.497	  89.833
166	-149.709	14	  60.132	 -96.702	  29.913
167	-148.291	13	  60.495	 -32.220	  87.624
168	-147.514	14	  35.590	 -91.690	 102.240
169	-145.727	14	  73.815	 -85.159	 106.963
170	-142.442	14	  46.063	 -72.834	  29.962
171	-141.902	9	  46.105	 -93.607	  44.410
172	-139.402	13	  71.502	-109.231	  47.134
173	-138.735	14	  52.819	 -55.710	 122.354
174	-137.484	14	  24.369	 -44.041	 104.275
175	-136.133	13	  68.910	 -44.773	 118.836
176	-132.135	14	  32.895	 -66.099	  28.014
177	-132.109	13	  40.875	-103.044	  33.206
178	-131.295	13	  33.220	 -52.801	  92.250
179	-129.481	13	  36.371	 -53.552	  37.895
180	-129.146	8	  39.903	 -87.621	  40.609
181	-128.605	13	  77.631	 -92.690	  35.805
182	-128.026	13	  79.974	 -47.883	  83.600
183	-125.527	13	  83.691	 -91.071	  71.899
184	-125.333	12	  38.828	-122.262	  54.782
185	-122.138	12	  83.445	 -57.108	  71.167
186	-119.727	12	  80.582	 -90.144	  59.948
187	-119.013	12	  81.369	 -37.894	 113.470
188	-117.764	11	  78.220	 -48.663	 116.275
189	-116.163	11	  69.093	 -90.493	  30.047
190	-115.520	12	  41.965	 -77.006	 132.061
191	-114.871	11	  71.879	 -59.152	  50.015
192	-114.504	11	  44.270	 -45.353	  50.849
193	-112.953	11	  44.365	 -94.164	  89.967
194	-112.645	11	  31.073	-102.379	  34.162
195	-111.746	11	  50.116	 -95.051	  29.396
196	-108.871	10	  72.660	 -92.076	  74.435
197	-108.577	11	  83.861	 -45.384	 108.788
198	-107.663	11	  49.876	 -80.271	 128.775
199	-107.404	10	  29.011	 -47.069	 122.068
200	-107.039	10	  53.246	 -47.796	  47.645
201	-105.864	10	  25.415	-114.340	  61.480
202	-104.066	10	  35.796	 -38.323	 121.122
203	-101.566	10	  67.391	 -48.375	  72.824
204	 -99.634	10	  68.145	 -34.056	 116.116
205	 -98.878	10	  31.519	 -28.528	 111.873
206	 -98.572	10	  46.144	-129.729	  50.320
207	 -96.555	10	  43.634	 -16.339	 105.162
208	 -95.855	9	  85.865	 -80.052	  71.487
209	 -93.913	9	  21.024	-101.981	  38.594
210	 -92.970	9	  61.696	-106.595	  32.294
211	 -92.582	9	  30.640	-120.034	  47.929
212	 -91.331	9	  26.493	 -73.237	  28.241
213	 -88.208	9	  73.054	 -58.291	  58.015
214	 -88.036	8	  60.062	 -48.477	 122.300
215	 -86.522	9	  74.478	-100.898	  30.907
216	 -86.189	9	  80.028	 -80.491	  87.094
217	 -85.909	8	  60.501	 -57.286	  70.169
218	 -81.425	8	  42.149	 -88.844	  31.629
219	 -80.442	8	  30.875	 -58.044	  70.415
220	 -79.400	8	  82.997	 -46.965	  98.782
221	 -78.550	7	  28.981	 -81.097	 106.122
222	 -73.855	7	  44.783	 -47.058	  42.948
223	 -73.355	7	  64.348	 -90.642	 114.325
224	 -73.132	7	  53.729	 -92.574	 117.443
225	 -72.599	5	  67.192	 -85.064	 100.885
226	 -68.532	7	  78.152	-104.465	  36.370
227	 -66.758	6	  21.237	 -77.860	  52.249
228	 -65.111	6	  19.696	 -63.380	  35.184
229	 -63.400	6	  78.856	 -91.491	  45.210
230	 -62.988	6	  29.915	 -72.277	 109.277
231	 -61.891	6	  23.296	 -36.405	 100.364
232	 -61.264	6	  36.883	 -90.177	  88.816
233	 -61.180	6	  48.630	 -52.917	  37.443
234	 -60.101	6	  65.570	 -93.064	  71.260
235	 -59.590	6	  83.404	 -57.450	  86.756
236	 -59.552	6	  64.085	 -89.905	  89.460
237	 -58.448	5	  19.572	 -69.927	  55.659
238	 -58.438	4	  55.503	 -57.640	  49.324
239	 -57.714	6	  71.102	 -93.531	  94.891
240	 -57.385	6	  28.702	 -93.556	  31.488
241	 -57.229	6	  58.374	 -48.205	  53.532
242	 -56.872	6	  27.094	 -45.916	  53.725
243	 -50.521	5	  62.271	 -48.141	  78.316
244	 -48.428	5	  82.100	 -34.291	 107.195
245	 -48.158	5	  59.300	 -98.658	 108.996
246	 -47.038	5	  23.093	 -65.663	  24.851
247	 -46.288	5	  39.088	 -54.848	 126.232
248	 -39.801	4	  39.422	 -89.502	 123.959
249	 -39.556	4	  47.165	 -19.496	  94.930
250	 -39.458	4	  25.414	 -51.708	  63.916
251	 -39.368	4	  52.393	-126.262	  57.158
252	 -37.895	4	  30.663	 -82.471	  31.451
253	 -37.807	4	  58.849	-115.929	  58.910
254	 -37.255	4	  54.906	 -27.473	  91.930
255	 -31.694	2	  34.338	 -99.237	  50.443
256	 -31.455	3	  36.530	 -99.473	  97.690
257	 -31.038	2	  77.906	 -82.237	  67.085
258	 -30.506	3	  27.526	 -37.628	 120.052
259	 -30.149	2	  59.371	 -89.772	  42.443
260	 -30.062	3	  34.602	 -47.593	  85.103
261	 -29.832	3	  33.906	 -76.938	 130.752
262	 -29.734	3	  22.236	-111.897	  41.443
263	 -29.194	3	  73.954	 -83.285	  35.473
264	 -29.179	3	  35.970	 -84.792	 128.443
265	 -28.721	3	  34.906	 -60.558	 109.118
266	 -28.577	3	  46.227	-114.560	  36.766
267	 -28.341	3	  49.899	 -30.237	 116.443
268	 -27.103	3	  77.241	 -50.234	  68.110
269	 -22.725	2	  76.336	 -57.237	  77.873
270	 -22.550	2	  67.906	 -94.237	 107.900
271	 -21.880	2	  56.393	 -54.237	  62.930
272	 -21.247	1	  53.906	 -69.237	  93.443
273	 -20.242	2	  17.390	 -72.721	  30.443
274	 -20.121	2	  35.510	 -97.716	  29.443
275	 -19.569	2	  81.375	 -76.768	  60.912
276	 -19.277	2	  21.929	 -58.214	  31.489
277	 -19.159	2	  59.879	 -68.806	  51.929
278	 -19.037	2	  32.906	 -73.748	  96.443
279	 -19.032	2	  28.419	 -88.237	  49.956
280	 -18.477	2	  32.906	 -64.237	  82.950
281	 -17.866	1	  66.906	 -70.237	  98.443
282	 -15.798	1	  53.906	 -84.237	  48.443
283	 -15.258	1	  43.906	-107.237	  56.443
284	 -13.266	1	  66.906	 -84.237	  53.443
285	 -12.051	1	  43.906	 -39.237	  99.443
286	 -11.881	1	  44.906	 -76.237	  53.443
287	 -11.698	1	  38.906	 -48.237	 106.443
288	 -10.590	1	  44.906	 -75.237	 103.443
289	 -10.497	1	  36.906	 -71.237	  53.443
290	 -10.134	1	  43.906	 -78.237	  75.443
291	  -9.654	1	  57.906	 -49.237	  86.443
292	  -9.355	1	  15.906	 -74.237	  45.443
293	  -9.325	1	  84.906	 -52.237	 106.443
294	  -9.182	1	  33.906	 -85.237	  75.443
295	  -9.156	1	  23.906	 -34.237	  89.443
296	  -9.107	1	  44.906	 -95.237	  75.443
297	  -9.029	1	  87.906	 -84.237	  65.443
298	  -8.987	1	  25.906	-111.237	  69.443
