1	-2359.975	202	  16.938	  13.398	  62.849
2	-1359.572	114	  27.054	  20.239	  75.933
3	-1325.626	113	  32.846	  14.014	  41.974
4	-1141.632	98	  13.336	  29.798	  51.085
5	-1133.976	100	   8.657	  16.084	  61.425
6	-1118.787	96	  18.040	   5.227	  30.159
7	-1083.353	93	   1.227	  22.736	  83.198
8	-950.241	84	  29.907	 -13.923	  97.169
9	-945.613	86	   8.990	  25.791	  47.618
10	-915.313	83	   4.751	  -2.662	  88.924
11	-894.077	81	  11.415	   0.576	  32.710
12	-842.164	76	  22.469	  30.022	  64.249
13	-823.739	72	   8.859	  -0.614	  61.636
14	-802.851	69	  12.478	 -16.607	  97.721
15	-752.010	66	  28.778	  -3.273	 102.208
16	-747.555	65	  26.812	   2.858	  45.723
17	-745.936	67	  -2.937	  20.806	  21.099
18	-729.188	60	  -2.421	  -0.450	  22.621
19	-713.145	64	   0.577	  31.183	  30.750
20	-710.101	61	   1.427	   6.985	  90.380
21	-698.699	62	   0.810	  -6.124	  33.314
22	-684.371	60	   7.160	 -14.685	  86.334
23	-677.194	59	  33.477	   5.385	  10.531
24	-661.652	57	  33.283	 -10.342	  38.982
25	-647.884	57	  -7.689	  13.254	 113.313
26	-636.806	55	 -16.944	   7.572	  82.379
27	-633.368	60	  18.943	  -0.743	 108.067
28	-631.318	55	  35.070	   8.204	  94.337
29	-621.217	55	  -4.152	  12.569	  77.604
30	-616.648	54	  26.378	  13.904	  78.304
31	-609.779	54	  -9.753	  10.763	  48.854
32	-605.792	57	   5.222	  15.856	  15.248
33	-600.633	53	 -15.062	  12.806	  25.273
34	-596.489	58	  18.962	   2.560	  59.645
35	-561.005	51	  27.638	  -8.245	  73.311
36	-539.202	46	  22.274	 -23.903	  21.003
37	-490.075	47	 -19.910	  11.401	  45.299
38	-481.539	43	 -10.224	  25.529	  30.776
39	-478.767	43	  20.005	  27.073	  27.486
40	-470.946	38	   6.041	   2.311	  94.462
41	-468.113	42	   5.991	  28.720	  86.715
42	-464.346	39	 -20.909	 -12.392	  96.449
43	-461.551	42	   3.310	  30.396	  39.079
44	-459.983	40	  36.458	 -12.325	  13.592
45	-453.196	41	  30.720	  31.328	  45.683
46	-451.361	32	  18.895	  17.019	  41.237
47	-446.471	42	   3.897	  -9.854	 102.739
48	-444.281	39	  -8.461	  15.957	  23.043
49	-440.985	41	  18.916	  19.933	  98.954
50	-439.667	42	  10.616	  -8.633	  32.347
51	-437.507	42	   3.553	   7.220	  63.674
52	-435.851	31	  12.913	  15.076	  83.988
53	-429.671	41	   4.026	 -14.971	  66.698
54	-426.199	40	  -1.115	  -9.896	  87.412
55	-422.454	41	  30.791	   9.103	  75.214
56	-419.196	37	  34.662	  31.164	  30.916
57	-415.868	37	  12.293	  34.396	  98.152
58	-404.863	39	  29.136	  12.440	  99.455
59	-404.052	39	  16.552	 -11.183	  54.549
60	-398.960	37	  37.580	  -2.890	  93.474
61	-396.273	36	  16.987	  33.367	  83.326
62	-394.587	37	   8.502	  -2.829	  18.167
63	-388.974	33	 -24.937	  17.279	 103.147
64	-388.460	35	  15.047	 -12.830	  44.028
65	-388.398	33	  14.588	 -14.129	  69.019
66	-386.163	28	   1.040	   7.594	  80.213
67	-375.880	32	  -5.201	  -2.987	  51.028
68	-371.097	34	  16.055	 -21.875	  73.991
69	-359.525	34	 -11.468	  -5.818	  45.119
70	-356.746	33	   1.530	  24.860	  50.649
71	-354.799	32	  32.963	  12.197	  87.119
72	-353.384	34	  36.418	 -18.079	  78.721
73	-353.314	35	  -7.594	  18.943	  48.786
74	-352.754	32	  -6.772	  -6.216	  75.630
75	-351.942	33	  46.542	  -1.470	  36.854
76	-351.590	34	  32.814	  -2.308	  75.041
77	-345.030	34	 -25.139	  14.649	  85.919
78	-342.844	19	  -7.321	  24.592	 100.740
79	-342.035	33	  31.746	 -14.724	  73.300
80	-339.096	21	  40.770	  11.106	  25.079
81	-337.110	32	  47.211	   4.612	  23.288
82	-332.265	31	  43.758	 -11.586	  36.221
83	-326.805	28	 -24.236	   5.772	 106.190
84	-324.937	31	  20.498	 -19.604	  35.424
85	-323.383	27	  12.068	  20.488	 107.457
86	-319.559	24	  20.160	   2.433	  40.643
87	-314.336	30	 -16.427	  25.002	 101.957
88	-312.654	31	  15.209	  33.667	  37.465
89	-305.326	30	   0.599	 -11.506	  51.632
90	-297.141	26	  36.054	  11.232	  54.950
91	-296.046	26	  -1.428	  26.562	  70.616
92	-293.057	27	 -15.994	  -8.353	  83.727
93	-289.761	24	  25.206	  23.568	  18.807
94	-286.574	28	  26.043	 -25.707	  76.970
95	-285.439	26	  23.015	 -14.664	   7.210
96	-284.441	27	   0.827	  35.535	  75.346
97	-281.517	26	  -5.820	  -1.130	  67.531
98	-280.551	23	  46.210	  -5.543	  20.865
99	-265.198	25	  -8.321	   2.306	 113.309
100	-264.588	25	  -9.976	  27.051	  45.745
101	-263.020	25	  11.712	  38.956	  73.800
102	-262.198	25	  -9.421	 -16.684	 104.374
103	-256.298	19	  25.128	 -26.673	 100.784
104	-254.033	24	  40.613	   0.889	  78.861
105	-253.654	25	   9.113	  35.758	  63.388
106	-252.386	24	  28.117	  22.113	  89.803
107	-251.915	24	  41.662	  19.912	  52.317
108	-250.397	24	  26.295	  -1.774	   8.758
109	-241.382	23	   8.194	  29.225	  25.899
110	-236.077	23	  37.701	  12.776	  62.758
111	-231.408	22	  11.711	 -16.586	  14.126
112	-231.233	21	 -20.822	  13.536	 110.710
113	-230.500	22	 -20.155	   7.281	  34.626
114	-229.562	22	  30.807	 -21.514	  84.711
115	-226.630	18	 -18.727	   1.829	  18.111
116	-222.432	21	  30.066	   5.105	  52.762
117	-216.373	21	  27.517	  19.266	  12.003
118	-216.215	18	  -2.120	   5.411	  67.407
119	-215.196	21	 -19.503	  -1.139	  41.963
120	-214.705	20	  17.916	 -10.721	 111.312
121	-214.340	20	  -7.241	  23.003	  81.152
122	-212.475	20	  38.279	   6.961	  43.750
123	-210.206	19	 -16.783	  -6.261	 112.339
124	-207.311	20	  -7.536	  -9.138	  27.098
125	-206.798	19	   8.078	   4.643	  57.080
126	-206.307	17	  -5.430	  21.636	 113.287
127	-201.701	17	  38.413	  12.800	  12.009
128	-199.149	19	  -1.069	  29.476	  63.440
129	-196.729	17	  -1.509	 -12.730	  76.416
130	-193.755	18	  36.671	  29.856	  54.310
131	-193.539	17	  20.847	  -3.565	  54.010
132	-192.857	18	  13.548	   5.296	  10.514
133	-191.868	18	 -29.045	  -1.198	  87.132
134	-191.292	19	 -12.148	  10.688	  11.149
135	-190.653	18	 -22.584	  21.645	  88.849
136	-189.953	17	  14.841	  17.898	  17.556
137	-188.411	18	  43.297	  21.156	  32.380
138	-187.947	19	  41.966	 -19.980	  31.141
139	-185.713	18	  42.666	  -5.038	  12.674
140	-184.165	18	   6.698	  18.213	 113.656
141	-183.701	17	  34.294	  22.905	  38.692
142	-183.629	16	   4.944	  -1.820	 111.678
143	-179.730	17	  -1.906	  16.910	  71.196
144	-177.406	17	 -19.970	   1.750	 110.641
145	-174.547	17	  -9.121	   3.088	  57.170
146	-170.060	17	  13.791	 -17.163	  26.383
147	-168.947	17	  -2.129	  17.137	  58.643
148	-168.772	16	  13.219	  32.224	 106.426
149	-168.571	15	  33.230	  27.589	  15.745
150	-166.949	15	  43.603	  27.074	  24.555
151	-165.708	15	  34.843	 -23.696	  32.848
152	-165.556	15	  -1.644	   8.951	  10.252
153	-162.208	16	   9.658	 -24.656	  89.014
154	-159.742	16	  22.642	 -12.701	  63.713
155	-159.498	15	  -1.634	  34.363	  95.435
156	-158.714	13	   2.381	  37.051	 103.981
157	-158.397	16	  24.925	  32.117	  33.518
158	-158.294	14	   9.827	  28.278	 111.847
159	-151.247	14	  14.813	   8.616	 107.020
160	-151.142	15	  26.848	 -16.486	 109.274
161	-150.982	15	 -10.046	 -13.253	  92.555
162	-144.776	13	 -16.467	  23.842	  85.333
163	-144.068	14	  20.332	  27.270	  94.983
164	-143.863	14	  33.614	  32.038	  22.175
165	-141.037	14	  29.805	  -4.323	  46.373
166	-139.510	14	  28.410	   2.242	  65.397
167	-136.676	13	  37.236	  21.366	  12.482
168	-134.573	11	   7.100	 -12.277	  42.991
169	-132.038	13	   2.845	  10.672	 114.423
170	-128.725	12	 -27.487	  -5.454	 107.933
171	-127.314	12	  -4.653	  -5.316	  61.237
172	-125.578	13	 -17.978	  24.078	  38.805
173	-124.998	12	 -30.131	  17.704	  95.873
174	-124.138	12	  50.135	 -12.249	  25.717
175	-121.819	12	  32.793	 -25.357	  20.776
176	-120.048	12	 -30.440	   7.002	  88.882
177	-119.067	12	  38.629	  19.976	  64.663
178	-117.772	11	  -9.002	  33.835	 107.093
179	-117.125	11	   2.244	  26.777	 114.344
180	-115.653	12	  -6.847	  -3.680	  15.221
181	-111.750	10	  28.348	  27.089	  82.236
182	-109.505	11	  34.004	  26.305	  64.320
183	-109.011	11	 -29.856	  -2.675	  99.087
184	-108.938	11	  41.784	  -7.510	  82.612
185	-107.919	11	  22.096	  34.639	  53.627
186	-105.265	10	 -12.882	 -13.762	 112.585
187	-104.585	11	  20.569	 -26.439	  91.282
188	-104.476	10	 -26.225	 -11.239	  99.779
189	-101.926	10	 -23.451	  -5.586	  82.078
190	-100.885	10	 -23.696	   4.483	  41.242
191	 -99.863	10	  52.804	 -10.177	  16.370
192	 -99.414	6	  21.226	   3.290	  22.327
193	 -97.168	9	  49.748	  16.951	  20.122
194	 -89.983	9	  27.319	 -22.795	  37.471
195	 -89.559	9	  16.293	  36.263	  45.596
196	 -89.549	9	 -16.373	  -2.416	  26.726
197	 -88.780	9	 -16.370	  -0.227	  53.184
198	 -85.666	9	  38.253	  -5.055	  46.323
199	 -84.354	8	   2.901	  35.233	 111.397
200	 -83.283	8	  23.930	  11.038	   9.905
201	 -81.993	8	  24.899	  31.014	  75.069
202	 -78.580	8	  47.900	  11.027	  30.929
203	 -76.902	7	  42.780	  26.887	  16.905
204	 -73.954	7	  24.096	 -20.162	  66.155
205	 -71.472	7	  42.526	   6.133	  86.002
206	 -71.224	5	   4.953	  14.188	  71.586
207	 -70.913	7	 -20.433	 -15.261	 109.390
208	 -70.785	7	  20.528	 -23.100	   8.561
209	 -70.003	7	  -7.900	  33.151	  38.356
210	 -68.636	7	  26.872	   3.838	 105.062
211	 -68.594	7	  22.190	 -16.462	  42.720
212	 -68.331	7	 -22.588	  16.132	  37.899
213	 -65.742	7	  -4.989	 -11.731	  67.965
214	 -65.590	7	  47.119	   9.594	  12.678
215	 -61.512	4	  12.934	   3.972	  18.740
216	 -60.735	6	 -10.705	  27.658	 113.900
217	 -60.735	6	  13.268	 -21.645	 105.870
218	 -59.267	6	 -13.228	  29.703	  94.493
219	 -59.074	5	  32.792	 -23.149	  12.956
220	 -58.235	6	 -16.587	  16.502	  76.698
221	 -57.396	4	  -0.557	   4.340	 100.446
222	 -55.293	6	   8.547	  -5.494	   8.261
223	 -54.251	5	 -15.807	  -3.374	  76.755
224	 -53.564	4	  -4.908	  22.016	  88.297
225	 -50.660	5	 -15.201	   0.394	   8.887
226	 -42.199	3	   5.402	  -1.738	 103.199
227	 -40.361	4	  22.402	  11.265	 104.528
228	 -40.020	4	  20.957	 -26.664	 110.316
229	 -39.625	4	  -6.105	  -6.986	 115.532
230	 -38.286	4	  28.885	 -21.993	   6.282
231	 -38.102	4	  44.161	  22.246	  60.036
232	 -37.987	4	  27.616	 -30.257	  33.719
233	 -37.780	4	  31.149	 -25.000	 105.029
234	 -36.391	2	  11.805	  21.016	  40.532
235	 -34.321	3	  20.833	  23.849	  82.518
236	 -32.784	3	  19.890	  16.128	  74.735
237	 -32.162	3	  16.043	  22.137	  54.213
238	 -31.649	3	  -7.598	 -10.592	  38.232
239	 -30.521	3	   1.402	  40.016	  67.582
240	 -29.881	3	 -18.286	  18.231	  47.907
241	 -29.324	3	  48.774	 -17.298	  13.218
242	 -29.314	3	 -28.246	 -11.984	  85.874
243	 -29.064	3	  13.026	  25.361	  21.197
244	 -29.062	3	   1.431	   0.016	  12.195
245	 -28.351	3	   9.402	 -13.003	 109.163
246	 -28.162	3	 -35.279	  10.712	 105.539
247	 -27.945	3	  47.384	  -5.326	  27.541
248	 -27.904	3	 -16.291	  21.363	 112.859
249	 -27.853	3	 -21.925	   6.678	  13.857
250	 -27.818	3	   7.746	 -16.309	  51.182
251	 -27.476	3	   1.731	 -10.315	 114.532
252	 -21.041	1	  17.402	 -11.984	  21.532
253	 -19.420	1	  22.402	   8.016	  52.532
254	 -19.151	2	  16.883	  -5.984	   4.532
255	 -19.080	2	  -4.097	  30.016	  79.033
256	 -19.066	2	  14.409	 -28.487	 100.525
257	 -18.960	1	  31.402	  -2.984	  27.532
258	 -18.643	1	  20.402	  12.016	  84.532
259	 -18.493	2	  49.889	  21.016	  27.019
260	 -15.666	1	  11.402	   8.016	  43.532
261	 -15.332	1	  11.402	   4.016	  79.532
262	 -14.093	1	   8.402	  10.016	  92.532
263	 -13.337	1	  -4.598	  18.016	  39.532
264	 -11.856	1	  -2.598	  12.016	  29.532
265	 -10.881	1	  32.402	 -23.984	  91.532
266	 -10.622	1	   6.402	  36.016	  94.532
267	 -10.069	1	  33.402	 -26.984	  70.532
268	  -9.856	1	  47.402	  20.016	  13.532
269	  -9.691	1	  -7.598	   3.016	  10.532
270	  -9.572	1	 -18.598	  12.016	  18.532
271	  -9.456	1	 -27.598	   4.016	  48.532
272	  -9.389	1	  -4.598	 -18.984	 109.532
273	  -9.327	1	   6.402	  -5.984	  66.532
274	  -9.287	1	  38.402	 -18.984	  90.532
275	  -9.218	1	  44.402	  11.016	  38.532
276	  -9.036	1	  41.402	  13.016	  47.532
277	  -8.944	1	 -13.598	  -6.984	  18.532
278	  -8.923	1	 -14.598	  -7.984	  35.532
