1	-1654.015	140	  24.884	  16.761	  62.689
2	-734.825	63	  19.790	   3.988	  70.857
3	-560.185	49	  10.919	   8.354	  78.416
4	-542.935	50	  10.020	  18.316	  32.975
5	-519.208	46	   5.983	  24.210	  72.902
6	-502.167	42	  19.944	  24.128	  69.984
7	-489.281	44	  38.760	  25.220	  51.241
8	-400.590	37	   9.955	   6.574	  42.477
9	-377.208	32	  29.265	   5.368	  64.626
10	-348.400	31	  27.403	  29.114	  36.489
11	-345.707	31	  -0.998	  14.132	  71.517
12	-345.494	32	  20.723	  34.732	  40.285
13	-334.257	25	  16.922	   2.332	  48.587
14	-320.779	27	   2.814	  39.360	  54.768
15	-289.160	26	  -0.572	  25.001	  65.385
16	-283.489	27	  11.655	  35.464	  37.919
17	-280.131	23	   3.605	  15.855	  42.781
18	-271.165	23	  -1.022	  31.147	  56.393
19	-244.426	23	  14.900	   1.159	  60.072
20	-240.103	22	  17.130	  40.193	  64.559
21	-230.882	23	  38.580	   7.599	  48.736
22	-229.742	20	   4.139	  24.733	  42.238
23	-226.132	16	  29.281	  30.179	  65.086
24	-222.507	13	  15.096	  17.398	  42.119
25	-204.542	20	   1.822	   4.955	  73.417
26	-198.665	19	  26.699	  12.847	  69.372
27	-193.027	18	  31.495	  36.797	  44.592
28	-172.681	15	   1.605	  30.927	  43.822
29	-166.096	17	  30.199	   1.115	  41.731
30	-162.642	16	  33.327	  43.296	  54.607
31	-152.914	15	  18.656	  47.565	  50.292
32	-145.238	14	  41.663	  17.378	  58.282
33	-139.350	14	  10.362	  21.679	  79.756
34	-138.364	13	   8.909	  40.392	  59.667
35	-136.406	14	  15.049	   4.882	  34.917
36	-127.977	11	   2.062	  35.236	  63.551
37	-127.576	12	   6.280	   2.228	  53.453
38	-118.225	11	  11.972	  29.921	  73.651
39	-114.478	11	  38.083	  35.821	  58.893
40	-109.474	11	  -0.792	  21.612	  53.413
41	-106.713	11	  -1.301	  14.219	  57.971
42	-104.462	10	  40.695	  17.622	  48.581
43	-102.901	9	  25.458	  35.166	  70.774
44	 -92.817	9	  26.481	  17.685	  31.148
45	 -92.313	9	  37.381	  24.538	  40.521
46	 -88.428	5	  28.204	  19.414	  53.182
47	 -87.935	9	  28.600	  42.784	  65.698
48	 -87.674	9	  38.531	  14.979	  39.629
49	 -86.109	9	  19.495	  20.526	  78.904
50	 -85.153	8	  37.210	  14.427	  63.651
51	 -84.196	8	  29.765	  21.641	  65.990
52	 -83.991	8	  22.457	   2.339	  37.009
53	 -79.098	8	  -0.517	  39.390	  43.903
54	 -77.786	7	  24.769	   1.637	  53.224
55	 -76.056	7	  17.241	  14.014	  28.326
56	 -75.658	7	  26.541	   7.708	  32.931
57	 -74.042	8	  36.741	  32.154	  66.226
58	 -71.800	7	  14.396	  -1.144	  41.878
59	 -69.580	7	   0.849	  12.564	  80.330
60	 -69.094	7	  27.062	  46.811	  47.473
61	 -61.833	6	  21.403	  10.981	  76.950
62	 -59.001	6	  17.834	  26.435	  30.281
63	 -53.146	5	  33.831	   1.992	  56.032
64	 -52.258	5	  22.001	  49.206	  57.397
65	 -51.285	5	  15.970	  14.354	  83.586
66	 -49.178	5	  11.956	   0.437	  69.807
67	 -40.908	4	  10.389	  28.572	  31.122
68	 -39.784	2	  23.895	  36.498	  55.586
69	 -37.511	2	  18.389	  28.992	  60.021
70	 -34.264	2	   9.389	  13.131	  62.878
71	 -30.732	3	   4.389	  23.541	  31.993
72	 -29.282	3	  34.129	   9.362	  36.311
73	 -26.336	2	  22.019	  10.992	  39.216
74	 -20.604	2	   8.866	  42.606	  47.200
75	 -19.956	2	   0.880	   5.519	  61.041
76	  -9.358	1	  39.389	  36.992	  50.586
