1	-1284.116	111	  26.558	  17.574	  62.453
2	-690.682	59	  19.823	   3.899	  70.936
3	-627.841	59	   9.569	  18.379	  33.174
4	-592.388	53	  39.122	  23.916	  50.741
5	-540.536	47	  10.989	   8.287	  78.412
6	-491.656	42	  20.183	  24.101	  69.933
7	-442.356	40	   6.279	  24.035	  73.253
8	-397.912	38	   9.798	   6.674	  41.785
9	-371.802	34	  20.798	  34.806	  40.430
10	-359.435	30	  29.190	   5.006	  64.303
11	-357.923	32	  27.261	  29.129	  36.427
12	-353.168	32	  -0.994	  14.061	  71.484
13	-337.282	25	  16.767	   2.349	  48.516
14	-319.682	27	   2.844	  39.344	  54.776
15	-305.330	28	  -0.555	  24.894	  65.392
16	-285.804	25	  -1.012	  31.193	  56.289
17	-283.714	23	   3.560	  16.347	  42.667
18	-280.097	25	   3.977	  24.709	  42.176
19	-270.394	26	  14.882	   1.120	  60.209
20	-266.585	25	  11.748	  35.409	  37.916
21	-238.799	23	  26.879	  12.140	  69.360
22	-216.558	19	  21.528	  17.395	  68.200
23	-212.270	19	  17.204	  40.212	  64.576
24	-207.666	12	  15.153	  17.407	  42.112
25	-195.391	19	   1.810	   4.941	  73.389
26	-188.946	18	  40.137	   8.271	  50.112
27	-183.001	19	  30.489	   1.339	  41.829
28	-180.818	17	  31.650	  36.670	  44.603
29	-172.308	17	  33.405	  43.214	  54.488
30	-161.430	16	  37.786	  35.677	  59.845
31	-160.617	14	   1.555	  30.980	  43.925
32	-144.012	14	  18.682	  47.662	  50.439
33	-138.583	13	   6.370	   2.079	  53.390
34	-129.477	12	   8.888	  40.529	  59.638
35	-129.320	11	   2.079	  35.219	  63.570
36	-126.664	13	  -0.887	  21.642	  53.467
37	-124.879	12	  39.154	  14.386	  62.295
38	-117.642	12	  -0.622	  13.454	  55.867
39	-116.186	12	  38.007	  14.435	  39.134
40	-112.849	10	  25.463	  35.152	  70.864
41	-111.454	11	  21.401	  13.895	  77.487
42	-107.167	10	  11.792	  29.644	  73.762
43	-106.278	11	  14.311	  22.141	  79.718
44	-103.574	5	  29.167	  30.613	  63.483
45	-102.594	10	  26.661	  17.603	  31.297
46	 -98.730	9	  41.823	  19.165	  56.834
47	 -97.078	10	  28.870	  42.699	  65.611
48	 -95.934	9	  16.786	  13.690	  28.196
49	 -85.121	5	  28.215	  19.399	  53.193
50	 -84.964	8	  24.750	   1.635	  53.289
51	 -84.013	8	  37.398	  24.582	  40.751
52	 -80.251	8	  31.252	  30.913	  70.045
53	 -78.759	8	   0.941	  12.824	  80.615
54	 -73.998	7	  22.227	   2.234	  37.089
55	 -70.262	7	  -0.354	  39.281	  43.819
56	 -65.621	6	  27.288	   7.675	  33.400
57	 -64.711	7	  15.446	   4.563	  35.575
58	 -62.457	6	  14.709	  -1.619	  42.542
59	 -61.086	6	  21.943	  49.349	  57.183
60	 -60.767	6	  33.665	   1.975	  56.283
61	 -59.396	6	  17.392	  27.485	  30.601
62	 -58.398	6	  13.132	   0.036	  69.478
63	 -50.751	5	  27.308	  46.323	  47.223
64	 -49.803	5	   9.324	  28.071	  31.035
65	 -42.421	4	  15.881	  14.184	  83.601
66	 -40.470	2	  23.913	  36.480	  55.601
67	 -39.978	2	  18.408	  28.975	  60.021
68	 -34.688	2	   9.408	  13.091	  62.926
69	 -32.290	3	  41.408	   4.681	  60.204
70	 -29.940	2	  22.015	  10.975	  39.208
71	 -28.215	3	  35.065	   2.975	  48.609
72	 -27.733	3	  38.408	  28.970	  66.265
73	 -20.335	2	   9.352	  43.087	  46.769
74	 -20.250	2	   0.902	   5.493	  61.071
75	 -13.462	1	   9.408	  11.975	  46.601
76	  -9.219	1	  39.408	  36.975	  50.601
