1	-1297.752	110	  60.120	  10.450	-276.364
2	-1134.259	95	  58.676	  20.429	-278.312
3	-1003.097	85	  46.449	  21.937	-279.191
4	-912.301	78	  67.880	   8.504	-271.023
5	-681.138	61	  72.174	  25.234	-275.860
6	-580.959	50	  53.771	  12.248	-273.025
7	-507.269	43	  59.486	   9.466	-266.136
8	-420.793	38	  50.442	  -0.637	-283.256
9	-390.266	32	  78.184	   1.327	-277.967
10	-358.636	31	  60.214	  -0.088	-260.668
11	-358.213	34	  47.479	   9.359	-270.917
12	-344.759	33	  77.756	   1.372	-288.616
13	-305.925	27	  71.197	  24.927	-298.890
14	-285.863	27	  76.022	  10.171	-269.217
15	-270.994	25	  51.135	  17.055	-298.496
16	-254.293	24	  80.254	   3.948	-270.453
17	-248.376	22	  81.423	  16.266	-287.233
18	-248.040	23	  51.213	   8.713	-299.335
19	-244.255	24	  75.314	  -8.212	-262.611
20	-243.502	24	  70.261	   3.053	-297.564
21	-218.799	21	  82.961	   7.840	-281.935
22	-212.529	20	  73.957	  13.845	-296.725
23	-210.759	20	  40.816	  10.093	-276.968
24	-209.654	19	  79.799	  20.923	-270.725
25	-191.137	18	  74.987	  30.621	-290.874
26	-189.166	19	  42.099	  21.133	-289.388
27	-178.345	17	  65.546	  19.288	-276.389
28	-174.177	15	  52.267	  23.731	-288.694
29	-173.093	17	  60.080	  -8.561	-257.119
30	-169.860	16	  77.898	   0.818	-255.726
31	-169.353	17	  60.051	  -5.763	-290.661
32	-168.466	17	  51.552	  -1.743	-264.870
33	-164.303	16	  46.668	  -1.918	-274.210
34	-151.660	14	  72.975	  -7.800	-285.158
35	-147.639	14	  63.835	  -8.470	-283.930
36	-144.374	14	  69.151	  11.172	-263.681
37	-133.153	13	  81.694	  27.380	-281.202
38	-126.223	12	  69.269	  -2.539	-255.469
39	-125.962	13	  61.871	  21.050	-300.978
40	-123.638	13	  61.140	  29.614	-283.352
41	-113.020	10	  55.933	  -6.218	-279.865
42	-107.870	10	  63.450	  28.471	-290.519
43	-107.446	11	  79.064	  10.248	-291.361
44	-107.333	11	  51.156	  22.780	-272.454
45	 -99.790	9	  74.786	  -7.121	-277.055
46	 -95.662	10	  70.308	 -11.510	-271.066
47	 -92.112	9	  83.427	  18.271	-276.362
48	 -88.574	8	  81.956	   4.025	-263.213
49	 -81.416	8	  46.479	   4.739	-292.963
50	 -79.941	8	  61.458	 -12.964	-269.144
51	 -78.267	8	  71.231	  18.256	-269.055
52	 -77.368	8	  43.995	   1.650	-286.029
53	 -66.958	7	  74.169	  33.068	-281.900
54	 -63.870	5	  54.772	  -6.178	-271.647
55	 -56.345	3	  59.080	   7.094	-288.468
56	 -54.098	5	  65.978	   9.980	-291.118
57	 -40.318	4	  72.605	  -5.213	-292.921
58	 -38.337	4	  40.840	  11.308	-292.897
59	 -30.003	3	  79.989	  24.487	-289.221
60	 -29.386	3	  38.359	   7.790	-284.907
61	 -28.273	3	  63.025	  16.785	-268.925
62	 -27.779	3	  39.699	   2.457	-273.912
63	 -19.967	2	  37.359	  16.785	-285.407
64	 -18.494	2	  63.870	   5.296	-300.923
65	 -10.581	1	  65.359	   4.785	-256.923
66	  -9.615	1	  64.359	  -2.215	-297.923
67	  -9.245	1	  52.359	  -6.215	-255.923
