1	-2141.632	191	  20.560	  26.591	  30.164
2	-1605.737	141	  31.711	  25.214	  13.832
3	-1426.296	136	  25.067	  36.169	  31.285
4	-1052.688	98	  28.090	  30.887	   9.805
5	-1011.560	76	   9.054	  33.533	  26.563
6	-1002.731	79	   6.716	  35.912	  35.096
7	-905.898	66	  42.675	  32.369	  16.460
8	-882.045	70	  44.161	  32.888	   8.447
9	-813.366	78	  24.690	  37.464	  11.665
10	-813.356	57	  26.796	  26.526	  21.057
11	-794.814	74	  26.283	  40.536	  22.188
12	-773.582	56	  47.438	  37.919	   0.070
13	-739.530	52	   4.067	  42.399	  42.291
14	-587.219	51	  -1.073	  25.819	  11.664
15	-542.070	51	  32.154	  18.519	  16.247
16	-510.918	41	  17.744	  37.946	  47.509
17	-478.505	40	  53.262	  27.754	  31.796
18	-440.489	40	  27.496	  23.968	  40.068
19	-432.336	41	  10.315	  37.864	  59.009
20	-418.057	39	  31.944	  38.043	  -0.344
21	-417.275	39	  40.988	  30.362	 -16.120
22	-416.385	33	  34.004	  32.719	  -5.507
23	-415.730	40	  19.660	  18.913	  29.252
24	-409.915	40	   6.915	  17.923	  47.222
25	-384.801	35	  -0.415	  16.574	  23.700
26	-379.775	35	  20.932	  30.460	   3.803
27	-361.399	35	  44.788	  13.542	  -1.156
28	-360.852	33	  23.695	  20.449	   4.725
29	-346.596	29	  48.674	  28.807	  37.246
30	-345.029	32	  59.565	  42.349	   6.438
31	-339.451	30	  20.097	  24.923	  51.202
32	-333.189	30	  -9.440	  43.740	  34.825
33	-329.898	29	 -16.033	  31.162	  46.591
34	-328.605	30	  19.576	  42.899	  41.577
35	-325.674	31	  50.681	  43.537	 -13.520
36	-325.208	28	  42.609	  16.889	  -8.865
37	-318.721	27	  24.781	  18.885	  21.520
38	-316.199	30	   8.606	  10.406	  18.633
39	-312.992	28	  31.492	  19.707	  -6.440
40	-311.381	30	  -5.147	  18.939	  44.887
41	-304.650	26	   3.804	  27.562	   4.587
42	-303.963	25	   7.806	  16.447	  36.236
43	-300.275	29	  56.720	  14.506	   1.168
44	-299.638	18	  33.599	  41.486	  16.835
45	-292.458	28	  12.007	  43.964	   5.303
46	-288.693	27	  66.345	  30.959	  19.048
47	-287.150	27	  24.754	  45.181	  16.896
48	-281.322	23	  43.568	  13.540	   9.920
49	-280.246	26	   6.424	  48.939	  26.886
50	-278.527	16	  18.058	  42.406	  24.399
51	-275.532	26	  43.405	  11.346	  28.464
52	-275.458	27	  52.098	  42.667	  23.555
53	-268.711	24	  51.289	  16.654	  23.535
54	-263.650	24	  45.351	  47.081	  13.220
55	-263.621	24	 -14.524	  31.618	  23.783
56	-261.288	22	  67.440	  26.937	  -3.149
57	-258.378	24	  30.957	  31.809	  40.114
58	-241.370	24	  52.586	  13.250	  11.197
59	-233.350	20	   9.330	  22.518	  53.552
60	-231.032	21	   5.731	  26.586	  60.507
61	-228.062	23	  -2.991	  41.537	  22.204
62	-218.710	19	  46.279	  20.133	 -16.586
63	-210.854	21	  39.267	  33.578	  42.331
64	-210.838	20	  -7.819	  43.518	  58.346
65	-207.016	20	  56.108	  46.191	  -7.124
66	-204.348	20	  -9.051	  26.468	  53.441
67	-204.138	20	  66.134	  37.763	  -0.620
68	-196.922	19	   9.529	  51.506	  37.329
69	-194.106	18	  42.512	  45.970	  36.345
70	-192.042	17	  35.871	  16.741	  35.283
71	-184.532	18	 -10.695	  44.343	  46.993
72	-181.862	17	  58.562	  39.710	  17.324
73	-180.159	17	  68.074	  32.950	  10.022
74	-178.679	17	  60.746	  20.764	  -8.695
75	-178.157	17	  54.731	  20.618	 -15.736
76	-168.929	16	  61.456	  39.029	 -10.091
77	-164.365	15	  16.073	  14.557	  10.632
78	-162.799	15	  29.525	  39.306	  36.472
79	-159.616	15	  12.621	  30.173	   0.859
80	-158.280	15	   1.697	  51.254	  44.130
81	-156.088	16	  42.270	  20.330	  39.718
82	-153.572	15	   2.842	  49.105	  56.472
83	-151.233	15	  -2.519	  47.515	  32.418
84	-151.087	13	  21.441	  34.579	  39.215
85	-148.901	14	  -2.828	  27.774	  60.261
86	-147.022	14	  22.801	  33.482	  50.725
87	-145.876	14	  41.455	  48.345	   2.084
88	-141.705	11	  62.232	  22.646	  10.969
89	-141.578	13	  33.327	  15.334	  27.448
90	-139.853	14	  34.353	  16.368	   5.990
91	-138.497	14	  -0.774	  15.643	  35.754
92	-138.075	14	   9.631	  17.519	   5.601
93	-134.129	13	  16.913	  19.476	  39.575
94	-130.297	12	 -16.339	  35.070	  31.616
95	-129.394	13	  53.814	  38.960	  36.848
96	-125.983	10	 -10.631	  24.529	  34.153
97	-120.791	12	  33.942	  52.266	  20.207
98	-112.952	11	  49.102	  46.533	  -3.900
99	-112.178	11	  17.477	  51.967	  18.892
100	-112.149	11	  -0.265	  21.712	  55.361
101	-111.389	11	   3.075	  48.379	  14.581
102	-104.268	10	  59.959	  27.229	  23.851
103	-103.831	10	  10.352	  46.263	  50.062
104	 -99.225	10	  51.828	  16.008	 -10.104
105	 -98.218	9	  16.321	  12.197	  19.126
106	 -98.154	10	  40.980	   7.079	  21.208
107	 -95.502	9	   1.105	  36.831	  63.013
108	 -93.591	9	  -7.636	  26.751	  19.652
109	 -92.825	9	  -2.034	  35.954	   4.897
110	 -92.338	9	  41.059	  40.646	  -9.315
111	 -88.405	9	  42.675	  51.532	  21.223
112	 -87.552	8	  28.343	  27.971	  -7.074
113	 -87.492	9	  35.681	  48.173	  32.964
114	 -83.399	7	  46.310	  35.422	 -17.711
115	 -81.277	8	  18.950	  49.766	  35.569
116	 -79.135	8	  12.416	   7.439	  25.218
117	 -76.260	8	  -5.175	  35.388	  15.316
118	 -76.095	7	 -16.351	  40.139	  43.705
119	 -68.800	7	  53.223	  44.219	  13.045
120	 -66.680	6	  51.775	  29.650	 -19.882
121	 -64.086	6	  -5.992	  50.983	  45.597
122	 -60.049	6	  46.798	  52.144	  28.255
123	 -57.729	4	  42.824	  22.161	  24.565
124	 -55.014	5	  32.082	  46.289	   4.944
125	 -50.884	5	  63.801	  26.452	 -14.013
126	 -49.735	5	   8.600	  51.455	  19.038
127	 -49.486	5	  60.848	  18.660	  16.952
128	 -48.854	5	  56.593	  36.264	  27.455
129	 -48.485	5	 -10.286	  40.138	  24.230
130	 -47.886	5	  51.645	  47.039	   4.168
131	 -41.548	4	 -13.094	  34.750	  57.242
132	 -37.088	2	   8.824	  22.092	  20.558
133	 -31.376	3	  31.790	  51.650	  10.592
134	 -30.531	3	  47.466	  34.680	  42.231
135	 -29.841	3	  19.785	  53.650	  28.597
136	 -28.356	3	   1.807	  43.347	   4.933
137	 -18.498	2	  51.824	  47.141	  32.067
138	 -18.065	2	  60.319	  31.650	 -19.442
139	  -9.770	1	  17.824	  31.650	  60.558
140	  -9.007	1	 -10.176	  19.650	  25.558
141	  -9.001	1	  49.824	  19.650	  34.558
142	  -8.991	1	 -14.176	  39.650	  51.558
143	  -8.937	1	  53.824	  30.650	   9.558
144	  -8.922	1	   4.824	  12.650	  12.558
