1	-2661.600	238	  30.651	  24.725	  14.884
2	-1606.913	122	   8.861	  34.182	  29.150
3	-1389.374	126	  25.837	  37.402	  12.630
4	-1255.503	96	   4.630	  40.471	  40.823
5	-1182.167	107	  25.845	  37.544	  30.263
6	-1131.141	110	  23.359	  28.506	  34.555
7	-1061.919	77	  42.945	  32.311	  16.616
8	-1044.609	93	  18.374	  26.450	  29.175
9	-1008.666	75	  47.528	  37.401	   1.003
10	-772.638	58	  24.938	  26.681	  24.699
11	-751.291	61	  43.759	  32.745	   9.421
12	-601.926	52	  52.957	  27.264	  32.440
13	-578.804	51	  -1.059	  25.854	  11.938
14	-544.050	50	  28.430	  30.090	   8.142
15	-534.618	50	  21.543	  30.643	   4.163
16	-507.628	44	  33.460	  33.053	  -4.348
17	-489.321	45	  25.753	  26.140	  40.906
18	-449.523	43	  41.759	  31.764	 -16.241
19	-446.938	40	  24.539	  18.351	  24.414
20	-433.061	40	  31.291	  32.691	  39.699
21	-426.909	35	  18.221	  37.881	  48.523
22	-409.717	39	  10.157	  38.227	  59.552
23	-407.574	39	   6.970	  18.110	  47.515
24	-404.092	37	  26.075	  40.556	  21.591
25	-394.419	37	   6.069	  48.381	  26.762
26	-383.476	38	  45.265	  13.517	  -1.203
27	-366.977	34	  19.941	  42.306	  42.111
28	-354.172	31	  -0.024	  16.502	  24.507
29	-352.929	31	   4.128	  27.663	   4.826
30	-350.076	22	  33.623	  41.100	  17.194
31	-338.206	30	  48.360	  30.367	  39.520
32	-337.447	31	  43.787	  48.885	  15.439
33	-332.249	27	  14.759	  13.032	  29.343
34	-331.418	29	  26.710	  21.984	   3.735
35	-328.190	30	  32.233	  39.095	   0.159
36	-325.875	29	  -2.313	  40.363	  22.126
37	-324.700	19	  18.464	  42.281	  24.933
38	-301.177	27	  20.263	  24.926	  51.998
39	-299.245	28	  59.877	  42.556	   6.926
40	-298.478	28	  -5.044	  18.723	  45.125
41	-288.845	26	  43.853	  12.824	  10.252
42	-281.537	24	  42.995	  16.940	  -9.271
43	-278.942	24	  31.820	  19.294	  -6.340
44	-274.009	25	 -16.079	  31.670	  46.795
45	-268.644	24	  68.004	  27.594	  -3.199
46	-267.429	25	  51.826	  16.208	  23.203
47	-255.212	24	  -3.739	  46.769	  32.829
48	-251.540	24	  66.017	  38.364	  -0.445
49	-245.679	25	  18.171	  19.381	  32.852
50	-242.143	22	  54.179	  39.647	  21.515
51	-241.216	24	  32.875	  16.121	  15.749
52	-240.704	21	   9.115	  22.764	  54.982
53	-231.517	23	  59.963	  17.600	   3.461
54	-229.211	21	  44.410	  10.796	  28.300
55	-223.238	21	   8.140	  10.080	  19.113
56	-215.304	19	 -13.505	  31.704	  23.193
57	-209.414	20	 -10.614	  43.108	  35.495
58	-209.021	18	  65.967	  31.316	  20.015
59	-207.413	21	  62.278	  21.751	  -8.848
60	-202.689	19	 -16.779	  33.909	  30.864
61	-201.976	19	  39.259	  33.579	  42.529
62	-196.980	15	 -10.317	  24.850	  34.151
63	-195.869	19	   1.797	  51.512	  44.541
64	-193.039	18	  46.836	  20.464	 -16.712
65	-191.601	18	  13.025	  30.345	   1.018
66	-188.643	18	  68.882	  32.838	  12.381
67	-185.639	18	  -9.021	  26.804	  53.993
68	-181.753	17	  41.569	  45.572	  36.808
69	-179.405	16	  31.809	  16.578	  27.844
70	-178.163	18	  42.871	  19.913	  39.868
71	-177.941	18	   9.481	  17.478	   5.959
72	-176.638	17	  55.235	  21.508	 -16.205
73	-176.143	14	  62.918	  23.357	  11.433
74	-173.268	16	   2.108	  49.897	  57.004
75	-171.826	17	  49.294	  46.691	  -4.284
76	-171.528	16	 -14.060	  42.138	  44.068
77	-168.911	16	  33.068	  51.745	  20.617
78	-166.162	16	  10.014	  51.470	  38.365
79	-164.713	16	  51.099	  44.590	  14.745
80	-163.233	15	  10.434	  42.956	   4.679
81	-160.591	16	  53.676	  13.126	  10.715
82	-157.896	15	 -10.089	  44.424	  50.100
83	-157.452	14	   5.495	  27.386	  61.613
84	-157.397	15	  56.800	  46.396	  -6.234
85	-149.094	14	  -6.665	  44.441	  59.617
86	-148.962	14	  41.732	  47.982	   2.118
87	-146.274	14	  55.057	  11.984	  -0.553
88	-145.735	14	  27.628	  44.441	  28.108
89	-145.719	14	  50.022	  43.741	 -15.909
90	-138.097	11	  51.294	  29.972	 -20.119
91	-137.531	14	  31.872	  20.275	  40.812
92	-137.382	12	  36.462	  15.881	  35.452
93	-137.203	14	  -1.415	  15.594	  37.224
94	-136.950	12	  15.894	  14.514	  10.729
95	-136.812	13	  -2.973	  28.209	  60.815
96	-135.416	13	  47.795	  49.848	  26.714
97	-133.889	13	  60.086	  26.520	  24.342
98	-131.982	13	  34.869	  47.238	  33.611
99	-131.450	13	  17.092	  19.441	  41.413
100	-127.131	12	  18.746	  52.102	  19.700
101	-124.982	12	  28.266	  26.598	  -6.972
102	-122.015	11	   1.028	  37.634	  63.560
103	-120.808	11	  20.044	  15.435	  19.108
104	-119.996	11	  59.481	  40.341	 -15.830
105	-115.443	12	  17.212	  45.096	   7.180
106	-108.182	10	  23.713	  31.924	  51.153
107	-107.158	11	  53.598	  39.571	  37.115
108	-105.689	10	  -0.262	  22.651	  55.573
109	-104.482	10	  -6.429	  50.839	  45.668
110	-103.707	10	  61.809	  39.529	  -7.662
111	 -97.135	9	  -7.916	  26.447	  20.320
112	 -96.554	9	  34.814	  16.430	   5.291
113	 -95.066	9	  38.065	   7.754	  21.909
114	 -91.860	9	  20.700	  17.857	   5.082
115	 -91.609	9	  31.628	  46.390	   6.000
116	 -88.172	9	  19.239	  50.307	  35.612
117	 -87.789	9	   9.468	  51.847	  19.922
118	 -86.593	9	  62.237	  39.326	  17.808
119	 -84.409	8	  52.818	  16.611	 -10.401
120	 -82.077	8	  -1.805	  36.650	   6.011
121	 -81.801	7	   6.242	  15.525	  37.360
122	 -73.586	7	 -12.110	  33.799	  57.771
123	 -69.045	7	   5.886	  51.069	  11.568
124	 -68.531	7	  51.851	  47.075	   5.159
125	 -67.676	7	  -4.783	  36.038	  15.839
126	 -65.978	6	  42.230	  41.602	  -8.804
127	 -62.417	4	  43.030	  21.477	  24.714
128	 -62.253	6	   9.511	  47.266	  51.245
129	 -47.926	5	  -9.926	  40.097	  24.492
130	 -46.163	4	   2.333	  46.062	  16.635
131	 -44.625	4	  64.249	  27.638	 -13.836
132	 -41.134	4	  37.547	  25.402	 -16.864
133	 -41.131	4	  61.030	  17.921	  16.369
134	 -40.109	4	  31.785	  52.108	  10.818
135	 -37.819	4	   6.315	   9.394	  29.883
136	 -32.748	3	  29.030	  40.933	  36.468
137	 -27.304	3	  -8.971	  19.311	  25.170
138	 -24.557	2	   9.478	  21.190	  20.394
139	 -23.091	2	  42.586	  42.638	   8.842
140	 -20.160	2	  56.499	  36.638	  29.842
141	 -19.565	1	  -1.970	  33.638	  33.842
142	 -19.514	2	  20.488	  54.096	  28.926
143	 -19.196	2	  51.030	  47.137	  32.343
144	 -18.037	2	  14.030	  50.638	  12.341
145	 -10.422	1	  60.030	  32.638	 -19.158
146	  -9.514	1	  54.030	  31.638	   9.842
147	  -9.236	1	  50.030	  17.638	  33.842
148	  -9.071	1	  38.030	  51.638	  27.842
149	  -9.025	1	   3.030	  40.638	   1.842
150	  -8.998	1	  10.030	  45.638	  32.842
