1	-1366.205	118	  20.333	 114.669	  23.100
2	-1223.531	107	  23.386	 120.925	  30.340
3	-968.303	74	  -3.222	  89.906	  54.575
4	-894.049	71	  42.029	 106.848	  12.933
5	-888.643	71	  26.475	  92.731	  -9.436
6	-885.090	69	  13.334	 101.131	  32.596
7	-668.626	58	  -1.056	  69.819	  65.424
8	-661.725	56	  10.628	 117.999	  21.595
9	-625.334	55	  18.972	  71.200	  -9.404
10	-590.542	51	  36.545	 126.333	  22.522
11	-561.596	52	  22.024	 130.265	  27.661
12	-546.918	42	  35.671	  80.237	   2.558
13	-530.863	41	   7.469	  75.817	  45.408
14	-510.554	48	  14.774	  78.563	  66.219
15	-507.941	46	  25.047	  77.534	 -17.045
16	-497.787	44	  14.683	  79.653	   6.201
17	-489.999	36	  30.570	 118.824	   2.327
18	-483.418	36	   6.487	 115.311	  44.952
19	-464.217	37	  12.769	  92.567	  36.811
20	-461.783	41	  27.980	 113.300	  46.761
21	-461.473	38	  38.973	  97.524	  12.091
22	-445.160	42	  19.348	 107.107	   3.231
23	-438.694	39	  29.917	 112.933	  21.088
24	-438.601	40	  37.625	  77.958	  10.073
25	-422.276	36	  36.138	 132.826	  -1.931
26	-417.024	37	  15.442	  81.090	  -0.961
27	-416.733	35	   0.518	  62.629	  41.633
28	-410.347	38	   7.630	 101.243	  23.588
29	-397.231	37	  54.226	 116.798	   6.850
30	-395.287	38	  36.348	  85.430	 -21.127
31	-393.776	36	  -5.141	 118.587	  42.659
32	-392.458	36	  24.026	 120.554	  -1.630
33	-388.327	35	  47.915	  78.958	  -1.274
34	-383.885	34	  -9.939	  77.877	  58.889
35	-366.448	34	   5.136	 117.825	  52.020
36	-365.635	33	  36.841	 122.628	  -8.538
37	-355.273	33	  14.366	  73.666	  42.689
38	-346.083	30	   1.267	  72.358	  34.786
39	-343.516	30	  46.696	 123.219	  16.973
40	-339.367	29	  19.024	  88.950	   0.951
41	-338.998	31	  51.620	 107.471	   9.994
42	-338.766	30	  31.186	  93.314	 -18.335
43	-335.133	29	   7.655	  88.775	  60.798
44	-316.764	25	   0.850	  98.163	  53.209
45	-310.245	25	  -0.086	 128.358	  40.463
46	-301.778	28	  30.534	  73.409	  14.323
47	-301.157	30	 -16.306	  79.616	  48.718
48	-294.370	26	 -13.317	  89.475	  51.329
49	-293.076	28	   2.945	 110.120	  21.506
50	-292.785	23	  26.262	 101.474	  -5.067
51	-292.409	27	  22.581	 104.576	  39.076
52	-282.263	27	  -0.181	  85.206	  29.450
53	-281.261	28	  18.536	  83.310	  45.114
54	-278.235	21	  42.723	  67.884	  -3.660
55	-266.156	23	   7.041	 128.582	  53.351
56	-247.752	21	  20.245	 130.004	  -0.392
57	-245.116	23	 -10.838	  70.681	  60.208
58	-244.482	23	  20.382	  91.048	  46.677
59	-237.505	22	 -10.599	 104.943	  42.145
60	-229.359	22	  11.390	 101.402	  57.248
61	-228.474	21	   7.688	  81.718	  64.717
62	-227.718	20	  28.981	  93.653	  15.379
63	-221.056	21	  50.916	  92.842	  -1.951
64	-217.064	21	   9.347	 108.024	  55.852
65	-216.345	21	  40.529	 110.022	 -12.802
66	-211.091	21	  32.122	  87.050	  14.081
67	-204.727	19	  21.954	  69.077	  51.055
68	-202.216	20	  44.607	  74.687	   6.995
69	-200.787	19	  46.585	  77.697	 -12.696
70	-196.152	19	  17.019	 111.722	  15.397
71	-192.335	19	  10.833	  68.807	  37.001
72	-191.303	19	  27.545	 125.519	  -6.979
73	-185.132	17	  25.689	 110.697	  40.123
74	-185.021	18	  45.901	  91.104	 -15.621
75	-184.893	15	  16.480	  63.431	  44.579
76	-183.858	18	 -12.754	  76.389	  39.207
77	-178.919	17	  14.747	 123.612	  57.099
78	-165.893	16	   0.832	  87.610	  63.735
79	-163.259	16	  50.775	 120.498	  -3.070
80	-161.952	16	  30.597	 123.681	  47.978
81	-159.561	15	  14.469	 124.548	   7.342
82	-154.844	15	  25.654	 137.670	  19.732
83	-153.004	14	  37.603	  68.882	  12.045
84	-149.969	14	  20.661	  84.424	  13.123
85	-149.222	15	  10.077	  81.621	  31.297
86	-149.040	13	  50.002	 103.180	   0.123
87	-148.894	14	  17.223	  64.636	  65.817
88	-143.246	14	  22.871	 109.558	  53.598
89	-142.587	14	  21.067	  58.722	   0.532
90	-142.263	13	  -5.551	 119.194	  30.821
91	-140.331	13	  37.742	  61.918	 -11.906
92	-139.626	14	  17.027	  88.889	  -6.628
93	-136.196	13	  -3.092	 113.166	  24.252
94	-134.124	13	  15.031	  66.929	   8.907
95	-131.371	12	  52.935	 111.544	  -3.611
96	-129.853	12	  -7.207	 106.583	  27.482
97	-127.058	12	  20.399	  82.593	  57.590
98	-119.823	12	  50.960	 126.816	  12.791
99	-119.496	12	   7.196	  68.057	  69.732
100	-119.413	12	  47.953	  87.000	   7.919
101	-118.583	12	  43.454	  84.060	 -18.733
102	-117.542	11	  18.490	  94.254	   9.186
103	-117.188	12	  14.037	  67.338	  -0.743
104	-113.771	11	  23.263	 135.218	  41.640
105	-111.430	11	  -5.226	  95.477	  36.091
106	-111.233	11	   0.111	 123.740	  51.341
107	-108.666	11	  41.465	 139.911	   4.488
108	-108.324	8	   2.397	  88.023	  46.881
109	-108.156	11	  20.607	  91.984	  37.297
110	-108.008	11	  28.832	 108.445	 -11.616
111	-107.899	10	  44.116	 101.510	  -6.382
112	-106.820	9	 -13.783	  84.856	  38.200
113	-106.547	11	  29.460	 124.300	  38.626
114	-105.822	10	  29.357	  58.566	  -7.859
115	-103.320	10	  10.022	 129.495	  20.214
116	-102.051	10	  -6.201	 106.469	  51.786
117	 -98.237	9	  17.054	 131.356	  22.062
118	 -98.117	10	   5.043	 133.883	  30.305
119	 -97.072	7	  32.865	  91.959	  -2.460
120	 -95.533	9	  38.009	 135.378	  21.586
121	 -92.853	9	  37.039	 108.284	  21.336
122	 -92.110	8	  -8.633	  67.857	  39.118
123	 -89.932	9	  29.043	  71.457	 -20.752
124	 -89.536	9	  -1.816	  55.253	  56.037
125	 -89.368	8	  46.095	 128.546	  -3.283
126	 -88.981	9	  21.707	  61.985	 -12.076
127	 -85.929	9	  31.145	 123.118	  27.193
128	 -84.307	8	  16.463	  91.569	  59.102
129	 -83.862	6	   8.086	 104.080	  40.704
130	 -80.602	8	  24.455	 123.558	  57.112
131	 -79.519	8	  34.656	 140.402	  14.368
132	 -76.637	8	   4.277	  57.863	  63.788
133	 -76.127	8	  18.562	 100.865	  -4.747
134	 -74.247	7	  22.457	 102.726	  16.260
135	 -71.764	7	  23.761	  73.703	  64.847
136	 -69.669	7	  15.481	 135.566	  32.832
137	 -69.631	7	  17.537	  73.853	  16.293
138	 -66.707	7	  -7.288	  57.295	  48.891
139	 -65.637	6	  22.296	  98.721	  50.329
140	 -62.040	6	  38.702	  99.967	 -14.456
141	 -60.900	5	  36.931	 107.472	   4.730
142	 -58.919	6	  29.056	 115.640	 -10.907
143	 -53.182	5	  45.011	 117.759	  21.391
144	 -50.910	3	  29.482	  80.566	   8.665
145	 -50.907	5	   3.643	 100.164	  61.166
146	 -49.986	4	   0.164	  96.019	  28.621
147	 -49.499	5	  16.641	  71.361	  69.789
148	 -49.026	5	  16.250	 134.942	  53.354
149	 -48.813	5	  47.446	 136.772	  13.313
150	 -48.775	5	  29.832	 115.393	  34.607
151	 -48.432	5	  31.483	  64.363	 -18.811
152	 -47.446	5	  31.514	  59.175	  11.369
153	 -47.287	4	 -10.158	  93.566	  42.509
154	 -45.780	3	  13.784	 114.566	  50.353
155	 -44.361	3	  14.522	  77.566	  50.940
156	 -41.379	4	  29.831	 118.566	  55.000
157	 -39.213	4	  51.336	 133.555	   5.313
158	 -38.815	4	   8.345	 136.811	  49.982
159	 -38.228	4	  31.603	 101.542	  19.986
160	 -37.018	4	   1.568	 126.292	  22.493
161	 -31.082	3	 -12.158	  60.890	  56.275
162	 -30.224	3	  24.842	  64.901	  60.626
163	 -29.734	3	   4.407	  52.256	  50.910
164	 -29.650	3	  22.842	 109.878	  -3.637
165	 -29.280	2	  19.842	  73.244	   1.986
166	 -28.631	3	  19.215	 138.831	  47.673
167	 -28.503	3	  22.174	  59.231	  55.659
168	 -28.011	3	  31.120	 141.930	   4.485
169	 -27.817	3	  39.869	  68.602	 -20.014
170	 -27.767	3	  -6.496	  59.234	  63.986
171	 -27.767	3	   6.849	  55.230	  42.996
172	 -27.647	3	 -15.158	  64.227	  47.334
173	 -27.532	3	  35.495	  56.566	  -1.991
174	 -22.265	2	  22.842	 117.108	   7.444
175	 -20.794	2	  -9.608	 113.116	  38.536
176	 -19.996	2	   9.842	  90.080	  29.500
177	 -19.829	2	  24.842	  56.081	   6.986
178	 -19.603	2	   4.384	  77.108	  69.986
179	 -19.307	2	  46.842	 137.051	   1.461
180	 -18.878	2	   1.318	 135.550	  44.002
181	 -17.169	1	   9.842	  71.566	  62.986
182	 -14.442	1	  26.842	  80.566	  -5.014
183	 -14.278	1	   1.842	  77.566	  54.986
184	 -13.502	1	  26.842	 123.566	  18.986
185	 -12.236	1	  35.842	 118.566	  11.986
186	 -10.538	1	  44.842	 130.566	  22.986
187	 -10.161	1	  44.842	  66.566	 -14.014
188	 -10.063	1	  26.842	  64.566	  17.986
189	  -9.966	1	  13.842	 135.566	  10.986
190	  -9.921	1	   4.842	  59.566	  55.986
191	  -9.736	1	  48.842	  95.566	   8.986
192	  -9.492	1	  13.842	  53.566	  58.986
193	  -9.293	1	  21.842	 140.566	   3.986
194	  -9.276	1	 -15.158	  84.566	  56.986
195	  -9.102	1	  52.842	 113.566	  15.986
196	  -9.008	1	  -4.158	  77.566	  30.986
197	  -8.994	1	  19.842	  61.566	  12.986
198	  -8.947	1	  14.842	  53.566	  48.986
