1	-1376.780	119	  -1.255	  12.553	  -5.213
2	-1371.746	125	   7.686	  24.554	  17.043
3	-1187.137	107	  -3.467	  38.301	   4.466
4	-957.663	86	   6.291	  25.640	 -15.566
5	-881.161	76	 -13.701	  19.291	  -4.940
6	-771.002	71	  14.201	  27.182	   4.530
7	-652.810	58	  -3.176	  44.789	 -18.110
8	-605.363	55	  13.915	  24.400	  -5.731
9	-588.762	45	   1.871	  41.143	   8.674
10	-456.820	44	   4.241	  29.332	 -21.008
11	-454.391	37	  -2.074	   4.412	  15.601
12	-434.937	42	  18.872	  36.626	  -6.445
13	-421.049	39	 -13.641	  32.803	   6.319
14	-403.002	34	  12.970	  -7.169	  -0.883
15	-402.431	38	  -3.710	  29.234	  17.913
16	-379.311	34	   7.161	  50.255	  12.171
17	-375.888	35	 -11.481	   1.665	   9.586
18	-355.221	34	 -18.064	  14.092	   6.033
19	-354.172	32	  18.509	  15.409	   6.612
20	-295.948	28	 -11.499	  51.064	  -8.884
21	-295.461	25	 -18.462	  34.865	  -4.518
22	-284.736	26	   4.459	  39.220	 -22.788
23	-270.482	25	 -10.781	   0.678	   0.826
24	-246.213	24	   4.425	  13.634	  22.765
25	-244.373	24	   4.963	  50.941	 -18.224
26	-241.310	24	   4.780	   0.258	  18.112
27	-235.403	22	  -2.436	  32.860	 -23.746
28	-234.138	20	 -19.118	  39.825	 -13.259
29	-221.126	20	  15.441	  53.588	   6.936
30	-217.299	22	 -20.301	  23.335	  15.509
31	-210.210	21	 -12.134	  12.253	  21.013
32	-210.026	20	  16.765	  -5.255	   7.515
33	-206.834	19	  13.190	  -0.849	  -8.500
34	-206.431	20	  -2.997	  10.933	  21.101
35	-205.121	19	  -5.100	  51.774	   6.782
36	-202.070	20	  15.728	  12.429	 -15.354
37	-201.900	17	  20.478	  52.123	  -1.912
38	-188.739	18	  13.074	  60.765	   1.608
39	-188.471	18	  15.451	  46.301	 -19.015
40	-181.560	18	  16.437	  57.455	  -8.871
41	-179.086	18	   2.598	  -1.418	 -12.807
42	-178.071	17	 -19.172	  13.144	  15.845
43	-175.487	17	  -2.154	  19.287	  23.566
44	-172.509	17	   4.561	 -10.912	   5.901
45	-170.283	17	  19.308	   6.136	  -7.541
46	-165.079	16	 -23.084	  31.042	 -11.257
47	-162.965	16	  17.709	   6.205	  15.758
48	-152.246	15	  -6.229	   0.711	  -7.543
49	-148.652	15	  22.276	   7.672	   4.558
50	-146.841	14	  -6.785	  22.477	 -19.388
51	-143.870	14	 -10.115	  44.760	   4.849
52	-140.720	14	   5.417	  63.646	  -4.417
53	-131.313	13	  22.087	  43.960	  -2.798
54	-116.359	11	 -20.283	  23.901	  -9.297
55	-108.997	11	   0.688	  60.469	  -9.966
56	-107.623	10	  16.334	  21.466	 -11.606
57	-105.065	10	  16.154	  29.715	  11.180
58	-104.195	11	  21.599	  37.450	   7.657
59	-101.246	10	 -10.844	  52.299	  -1.125
60	 -98.583	10	   0.174	  16.095	 -11.525
61	 -96.325	10	  15.782	  39.969	  15.059
62	 -94.876	9	 -12.907	  34.290	 -24.010
63	 -91.407	9	   9.818	  60.790	 -10.683
64	 -88.499	9	  20.904	  48.263	 -13.356
65	 -84.928	9	   2.285	  57.025	   7.530
66	 -82.151	8	 -19.100	  30.384	 -18.111
67	 -81.737	8	  -1.941	  51.788	  13.835
68	 -80.893	7	  -1.854	  -6.633	   2.333
69	 -75.223	8	  16.620	  32.335	 -18.244
70	 -74.318	7	  -1.717	  58.292	  -2.499
71	 -69.031	7	   4.138	  16.065	 -20.714
72	 -65.721	5	   7.746	  22.555	   6.009
73	 -58.686	6	 -16.164	  44.745	  -6.706
74	 -58.292	6	   3.260	  39.761	  20.283
75	 -57.897	6	 -22.138	  25.129	   0.177
76	 -48.168	5	  17.350	  46.040	   9.773
77	 -39.126	4	  21.907	  14.824	  -2.928
78	 -31.086	3	  16.445	  14.964	  18.712
79	 -30.708	3	 -15.845	  20.951	 -15.080
80	 -30.428	3	   0.768	   7.598	 -19.641
81	 -30.096	3	 -12.156	  23.853	  24.972
82	 -29.858	3	  -8.876	  52.230	 -15.666
83	 -19.504	2	   3.584	  -8.006	  -5.123
84	 -19.096	2	 -13.363	  25.417	 -24.028
85	 -18.865	2	  11.615	  32.899	  20.988
86	 -16.268	1	 -10.845	  39.899	  -2.028
87	 -10.102	1	   8.155	   3.899	 -17.028
88	  -9.826	1	  12.155	  56.899	 -17.028
89	  -9.229	1	  17.155	  -5.101	  14.972
