1	-1491.444	119	  11.089	  24.029	   7.233
2	-1089.229	96	  16.315	   6.800	   2.644
3	-661.013	60	  -6.453	   9.674	  23.638
4	-577.400	50	   6.371	   3.410	  21.994
5	-405.856	39	  31.077	   2.731	   4.300
6	-381.581	33	  -1.145	   1.372	  12.678
7	-338.447	33	  35.339	   6.364	  15.562
8	-317.916	29	   3.184	  27.232	  11.815
9	-314.337	30	  -1.328	  20.759	   2.409
10	-311.925	27	  30.658	  22.208	   2.966
11	-293.561	28	  -7.880	  14.084	   1.965
12	-284.089	27	  21.520	  33.321	  18.015
13	-274.389	27	   8.135	  17.411	  31.859
14	-271.730	26	  15.365	   0.396	  22.588
15	-261.345	22	  24.615	  28.344	  27.210
16	-240.631	21	  16.543	   7.859	 -11.043
17	-239.893	22	  -6.125	   4.117	   2.066
18	-231.996	22	  36.200	  17.921	   1.788
19	-226.319	19	   1.569	  26.203	  20.810
20	-215.157	21	  16.401	  17.604	  -5.001
21	-215.069	20	 -11.870	   4.803	   8.084
22	-204.993	19	 -12.530	  13.302	  14.461
23	-204.928	19	  10.022	  33.211	  -2.410
24	-188.545	18	  22.964	  17.324	 -11.711
25	-188.354	17	  36.769	  19.771	  15.887
26	-186.794	18	  30.842	   4.542	 -10.977
27	-174.769	13	  22.188	  24.228	   6.558
28	-163.221	16	  21.434	  30.484	  -1.320
29	-148.355	14	  -8.920	   3.451	  17.935
30	-147.618	14	  21.393	   5.188	  22.159
31	-146.294	14	  18.707	  14.750	  30.272
32	-144.943	14	  33.568	  21.282	  -7.827
33	-144.804	14	  -9.757	  23.388	   4.329
34	-133.951	11	   2.617	   7.561	  26.246
35	-133.683	13	 -10.460	   1.504	  25.654
36	-127.888	12	   2.601	  11.700	   0.281
37	-124.669	12	  40.427	   7.565	  -2.691
38	-121.641	12	  33.256	  25.919	  22.062
39	-112.762	10	  27.433	  10.008	  24.535
40	-106.922	11	   0.789	   1.003	   5.163
41	-106.004	10	  -9.888	  25.439	  17.397
42	-105.570	10	  35.618	  13.514	  24.188
43	-105.380	11	 -21.044	  -1.448	  26.034
44	 -96.369	9	  10.971	  35.118	   7.704
45	 -93.456	9	  30.005	  19.898	  27.454
46	 -85.229	8	   9.841	  20.411	  -3.012
47	 -82.158	8	  -0.965	  13.680	  31.181
48	 -80.629	8	   6.144	  31.486	  20.192
49	 -79.986	8	   9.580	  26.676	  29.633
50	 -68.319	7	  40.469	   7.524	   9.005
51	 -62.595	6	  22.733	  24.381	  -8.340
52	 -62.275	6	 -30.567	  -0.462	  19.744
53	 -60.182	6	  40.743	   4.682	  -9.941
54	 -57.758	6	  27.545	   1.765	  18.184
55	 -57.362	6	  20.620	  -1.943	  -4.423
56	 -53.131	5	  -2.570	  24.054	  27.028
57	 -51.482	5	 -15.957	  11.870	   4.862
58	 -50.247	5	  15.657	  33.269	  25.557
59	 -45.025	4	  17.035	  23.898	  30.541
60	 -44.958	5	  12.442	  -5.298	  12.801
61	 -40.962	4	  34.637	  -2.231	  -6.011
62	 -40.109	4	  29.477	  11.004	 -14.416
63	 -29.474	3	  18.047	  36.222	   4.823
64	 -28.612	3	  29.361	  29.898	  13.495
65	 -28.147	3	 -12.957	  26.906	  10.146
66	 -27.283	3	  22.372	   7.913	 -17.192
67	 -27.064	3	  -4.957	  32.231	  13.807
68	 -20.503	2	  42.536	  13.869	   4.779
69	  -9.649	1	  40.043	  12.898	  15.808
70	  -9.039	1	 -27.957	   5.898	  12.808
71	  -9.022	1	  39.043	  13.898	 -13.192
72	  -9.011	1	 -14.957	  -6.102	  27.808
