1	-906.858	74	  -2.011	  29.396	  24.746
2	-868.490	69	  10.645	  40.280	   3.277
3	-692.795	60	  24.166	  45.707	  26.457
4	-489.831	46	   8.214	  34.400	  19.647
5	-407.909	39	   3.069	  31.245	   8.334
6	-351.979	33	 -11.301	  29.440	  10.324
7	-345.578	31	  12.520	  49.742	  17.607
8	-332.669	30	 -11.993	  17.394	   2.077
9	-319.998	30	 -17.553	  21.203	  12.717
10	-269.879	25	  15.966	  30.382	  26.604
11	-246.603	24	 -13.806	  41.194	  26.538
12	-235.978	24	   6.783	  20.272	   0.984
13	-230.426	23	  -2.710	  43.153	  20.970
14	-228.636	22	  -2.015	  43.041	   4.287
15	-197.444	19	  -9.162	  38.084	  32.023
16	-186.219	18	 -14.357	  29.871	  29.854
17	-173.076	16	  12.183	  52.593	  -0.869
18	-172.561	17	   3.506	  48.300	  -3.516
19	-171.014	15	  18.226	  54.321	  14.984
20	-165.346	15	  25.749	  53.085	  16.240
21	-160.680	15	   7.383	  18.682	  17.210
22	-147.792	15	   1.455	  11.596	   5.724
23	-145.549	14	  18.474	  29.058	  10.538
24	-142.226	13	  -7.500	  27.135	  -1.816
25	-137.036	12	  -4.419	  14.409	  22.197
26	-134.402	12	   5.295	  49.840	   6.799
27	-123.432	12	  27.337	  32.565	  22.808
28	-122.624	11	  25.564	  40.187	   5.791
29	-122.408	11	   5.058	  41.910	  16.059
30	-120.110	10	  -3.446	  34.812	  12.779
31	-116.635	12	  15.371	  38.171	  -7.812
32	-113.677	11	  -3.397	  39.852	  28.271
33	-112.601	11	  29.772	  38.008	  17.719
34	-109.759	11	  16.071	  52.812	  25.571
35	-107.360	11	  -1.479	  54.683	   1.904
36	-105.972	10	  -4.172	  10.221	  12.514
37	-104.482	11	  -5.506	  20.656	  -5.601
38	-103.693	10	  22.851	  48.928	   0.691
39	-101.614	10	 -16.066	  25.691	   3.493
40	-100.663	10	 -14.159	  16.568	  19.455
41	 -98.376	10	  -3.279	  19.036	  31.286
42	 -94.118	9	  22.153	  28.708	  17.925
43	 -91.378	9	 -12.950	  18.881	  27.261
44	 -88.944	9	  -0.602	  25.342	  36.435
45	 -81.212	7	  21.181	  37.364	  -0.156
46	 -79.639	8	  25.535	  49.808	   8.881
47	 -76.771	7	  -9.213	  36.233	  18.511
48	 -67.570	7	  19.492	  41.116	  33.974
49	 -61.019	6	  12.949	  44.535	  29.676
50	 -51.313	5	  15.356	  46.383	  -8.051
51	 -47.526	5	  -8.276	  50.804	  24.095
52	 -42.544	4	   1.841	  17.553	  26.155
53	 -40.840	4	  -9.498	  26.941	  36.137
54	 -36.652	4	  11.471	  18.498	   6.871
55	 -22.866	2	  -9.047	  50.502	   5.137
56	 -22.865	2	  29.953	  43.517	  13.137
57	 -18.824	2	  19.456	  52.002	  32.634
58	 -18.402	2	   7.939	  35.509	  -2.399
59	  -9.667	1	  17.953	  24.002	  23.137
60	  -9.388	1	 -15.047	  23.002	  -4.863
61	  -9.353	1	 -15.047	  27.002	  19.137
