1	-1318.614	113	  37.420	  12.587	  10.644
2	-1288.346	113	  31.410	  30.306	  12.214
3	-460.352	41	  59.063	  23.547	   9.909
4	-425.912	39	  28.415	  37.581	  33.689
5	-415.657	39	   7.647	  26.044	   9.462
6	-409.177	31	  37.695	  12.001	  20.543
7	-404.356	36	  28.896	  39.053	  15.612
8	-384.389	34	  49.792	  31.388	  29.347
9	-376.766	34	  26.393	  10.334	  13.703
10	-332.405	31	  17.110	  17.999	  24.053
11	-318.469	28	  44.799	  16.952	  28.935
12	-314.971	30	  55.711	  23.369	  -0.038
13	-306.957	27	  16.909	  22.425	   5.172
14	-298.501	28	  27.873	  17.012	  37.791
15	-297.053	27	  17.297	  40.207	  27.849
16	-292.330	27	  49.479	  10.667	   9.964
17	-272.361	25	  39.083	  36.252	  33.729
18	-263.506	25	  41.477	  39.677	  20.549
19	-263.283	25	  31.301	  27.028	  39.506
20	-261.994	24	  19.249	  26.011	  40.702
21	-238.984	22	  48.493	  37.875	  22.471
22	-237.296	23	  36.610	  11.478	  34.733
23	-215.604	20	   0.225	  37.015	  20.299
24	-215.371	20	  26.138	  23.496	   4.099
25	-193.753	19	  28.676	  44.447	  21.200
26	-181.172	16	   6.032	  38.129	  26.932
27	-179.319	16	  49.169	  38.635	  11.914
28	-169.299	17	  10.717	  22.022	  26.941
29	-163.085	14	  27.352	  34.900	   1.021
30	-161.872	14	  17.503	  20.701	  34.695
31	-158.799	15	  55.874	  17.370	  14.757
32	-157.050	14	  37.228	  22.613	   4.968
33	-148.982	14	  55.652	  33.644	  14.749
34	-146.626	14	  38.574	   7.987	  -1.446
35	-137.111	13	  10.729	  46.497	  22.085
36	-127.349	12	  50.963	  31.022	   3.356
37	-124.379	12	  43.529	  31.879	   2.979
38	-122.416	13	  23.798	  46.196	  13.650
39	-115.427	12	  30.705	  40.223	   6.352
40	-115.157	11	  12.807	  20.585	  15.200
41	-113.568	11	  52.545	  22.530	  30.859
42	-109.367	11	   1.012	  28.544	  23.918
43	-108.642	10	  46.929	   6.400	   0.928
44	-101.484	6	  23.278	  34.414	  23.168
45	 -98.473	9	  21.594	  14.182	  32.789
46	 -92.070	9	  55.359	  10.800	   2.368
47	 -91.645	9	  17.847	  46.172	   8.966
48	 -91.028	8	  50.292	  15.596	  -2.656
49	 -85.032	8	  11.658	  40.529	   2.838
50	 -77.557	5	  31.063	  17.392	  14.330
51	 -74.705	7	   8.069	  31.126	   2.822
52	 -71.710	6	  20.943	  41.568	   3.540
53	 -69.878	7	  35.092	  42.942	  27.678
54	 -68.234	7	  20.444	  35.187	  -3.583
55	 -66.774	7	  44.076	  23.274	  36.539
56	 -53.004	5	  15.374	  26.997	  -1.943
57	 -51.754	5	  39.757	  38.571	  11.197
58	 -51.668	5	  20.598	  17.788	  11.403
59	 -49.855	5	  26.551	   6.611	  21.619
60	 -49.039	5	  30.491	   5.851	  28.066
61	 -47.886	5	   9.542	  45.807	  12.022
62	 -47.256	5	  56.143	  24.813	  23.223
63	 -41.786	4	  20.705	  33.835	  41.271
64	 -30.529	3	   5.249	  22.871	  17.761
65	 -29.786	3	   2.943	  37.514	  12.169
66	 -22.204	2	   9.943	  30.345	  31.819
67	 -21.118	2	  46.402	  10.813	  19.819
68	 -19.070	2	  32.995	   3.339	  15.293
69	 -18.461	2	  18.427	  46.813	  20.819
70	 -10.696	1	  37.943	  31.813	  -3.181
71	  -9.094	1	  50.943	  25.813	  -5.181
72	  -8.916	1	  47.943	  23.813	   5.819
