1	-1322.325	122	  25.554	  24.425	  35.499
2	-1052.727	90	  26.918	  33.416	  36.722
3	-332.472	31	  14.132	  19.959	  29.297
4	-267.043	24	  17.039	  24.228	  44.140
5	-257.742	24	  15.028	  17.244	  41.287
6	-223.522	22	  27.865	   7.749	  39.526
7	-200.374	17	  23.954	  21.963	  47.690
8	-191.602	17	  22.470	  43.500	  29.869
9	-190.000	17	  36.190	  12.235	  39.658
10	-167.718	16	  19.565	  31.838	  44.555
11	-166.267	17	  35.098	  36.800	  28.814
12	-149.163	13	  28.969	  38.985	  42.086
13	-115.796	12	  28.811	  33.945	  18.882
14	-101.044	9	  21.327	  26.098	  19.724
15	 -97.593	9	  35.822	  33.128	  43.481
16	 -96.411	10	  20.777	  10.186	  29.560
17	 -79.797	8	  33.885	  44.335	  38.032
18	 -76.806	7	  42.767	  30.582	  36.752
19	 -76.766	7	  16.247	  34.604	  26.779
20	 -67.365	7	  43.980	  18.232	  37.232
21	 -66.049	6	  29.054	  20.189	  23.933
22	 -65.448	7	  16.249	  37.740	  34.339
23	 -64.786	6	  36.446	   9.889	  30.310
24	 -58.445	5	  32.471	  26.201	  46.866
25	 -55.054	5	  33.672	  17.963	  46.975
26	 -40.840	4	  22.541	  38.298	  22.247
27	 -37.640	4	   9.371	  27.690	  35.305
28	 -30.957	3	  16.416	   9.201	  39.410
29	 -28.260	2	  37.553	  28.201	  26.362
30	  -9.125	1	  30.127	  34.201	  49.788
