1	-1498.578	132	  35.130	  18.265	   9.692
2	-686.118	60	  30.912	  13.602	  15.226
3	-540.267	47	  27.152	  16.234	  -2.553
4	-465.747	44	  43.370	  16.699	   8.206
5	-309.348	27	  37.070	  12.712	  29.838
6	-277.311	25	  31.354	  20.053	  21.502
7	-273.216	26	  38.623	   8.581	  -7.640
8	-225.823	17	  26.597	   6.230	   3.864
9	-187.752	18	  42.997	   4.522	  18.672
10	-173.514	17	  31.733	  -1.633	  -9.945
11	-153.736	15	  46.742	   7.908	  -0.061
12	-134.305	13	  39.006	  28.282	  30.423
13	-129.723	13	  27.235	   9.071	  20.703
14	-123.738	12	  34.698	  -2.688	   9.716
15	-122.668	12	  34.062	  22.749	  32.978
16	-120.080	12	  34.024	  18.952	  -8.376
17	-118.301	11	  36.590	  30.455	  12.489
18	-114.532	11	  17.358	   2.941	  -1.444
19	-114.438	11	  17.827	   3.096	  13.338
20	-103.009	10	  38.244	  24.812	   4.138
21	 -95.820	10	  43.592	  25.460	   8.788
22	 -86.683	8	  45.115	  27.717	  17.964
23	 -80.332	8	  46.903	  20.020	  31.292
24	 -75.711	8	  42.611	   6.144	  26.991
25	 -71.861	7	  32.284	   2.215	  19.394
26	 -67.567	7	  18.191	  10.505	  11.797
27	 -67.525	7	  34.736	  -6.194	  -0.510
28	 -62.243	6	  27.465	  -6.629	   4.060
29	 -56.140	6	  48.890	   2.377	   8.963
30	 -53.081	5	  28.070	   9.153	 -12.525
31	 -41.867	4	  47.302	  -2.667	   0.801
32	 -40.426	4	  21.359	   6.935	  -9.244
33	 -38.604	4	  50.651	  16.284	  19.470
34	 -38.441	4	  40.893	  22.613	  -2.770
35	 -37.566	4	  48.883	   9.643	  10.472
36	 -29.743	3	  46.548	  27.674	  26.438
37	 -28.811	3	  18.243	  -1.989	   6.106
38	 -20.624	2	  18.373	  11.390	   0.980
39	 -19.601	2	  24.883	  -3.135	  10.964
40	 -10.077	1	  30.883	  27.371	  25.470
41	  -9.529	1	  39.883	  34.371	  19.470
42	  -9.188	1	  22.883	  -4.629	  -5.530
