1	-1303.835	106	  13.915	 -12.646	  20.284
2	-661.379	62	  -1.027	  15.976	  25.364
3	-646.779	58	  10.982	 -12.231	  10.535
4	-586.150	50	  -3.081	  -4.975	  26.291
5	-564.423	35	   3.987	 -12.761	  31.004
6	-464.796	45	  16.621	  14.319	  20.992
7	-454.391	28	   3.233	   4.130	  11.797
8	-409.771	38	  15.297	  -1.252	  37.290
9	-404.035	37	  32.367	  -6.764	  22.139
10	-365.868	35	  18.604	 -16.898	  38.045
11	-363.480	34	   8.652	   8.371	   0.600
12	-331.637	31	  22.276	 -15.627	  26.139
13	-316.998	29	   2.329	  -4.269	  38.217
14	-302.770	29	  26.638	   3.737	  30.706
15	-293.259	28	  23.586	 -13.329	   7.791
16	-266.028	25	   1.219	 -18.205	  24.989
17	-265.984	26	   1.513	 -10.854	   2.564
18	-263.452	24	  16.830	   4.076	  -1.294
19	-262.763	26	  15.779	  -6.300	  -4.496
20	-252.579	23	  -6.084	   8.903	  15.308
21	-242.638	23	  30.330	  -2.302	  11.304
22	-206.828	20	  17.222	   5.670	  37.312
23	-199.867	20	  -3.854	 -10.548	  20.351
24	-194.673	19	   3.874	  17.642	  11.711
25	-188.375	17	  15.011	 -19.604	  31.457
26	-186.834	17	   9.314	 -16.054	  38.654
27	-183.388	17	  11.215	  15.845	  32.555
28	-167.012	17	  15.245	  15.811	   5.663
29	-163.032	15	  32.156	   2.808	  17.524
30	-161.817	16	   2.642	  10.034	  37.892
31	-158.253	14	  23.114	  -9.071	   1.287
32	-157.188	15	  10.812	 -11.773	  -1.484
33	-146.893	13	  -8.100	   4.473	  27.240
34	-126.987	11	  25.839	   1.270	   0.874
35	-125.928	13	   2.732	   2.398	  40.968
36	-112.799	11	  27.547	  15.343	  13.886
37	-109.424	11	  -3.390	  -9.451	  12.795
38	-108.172	11	  30.833	  11.552	  23.999
39	-103.590	10	  -5.805	  -0.025	  13.426
40	-100.494	10	   6.878	  -1.568	  -6.664
41	 -89.282	9	   0.696	  -0.332	  -1.568
42	 -87.174	9	  29.814	   9.379	   6.856
43	 -79.686	8	  30.220	 -14.658	  11.677
44	 -76.975	8	  -1.369	   1.374	   5.573
45	 -76.799	7	  -4.319	   1.339	  34.931
46	 -58.841	4	   4.589	   3.725	  20.823
47	 -56.792	6	  30.149	 -17.983	  20.706
48	 -54.639	5	  23.038	  -6.827	  38.180
49	 -37.550	2	  20.948	  -5.202	  26.823
50	 -31.595	3	  27.731	  -5.211	  32.581
51	 -29.049	3	  12.157	  10.699	  40.823
52	 -27.469	3	  13.449	 -12.337	  43.823
53	 -19.970	2	  -4.456	 -13.771	  31.933
54	 -19.208	2	  27.094	 -21.126	  13.893
55	  -9.286	1	  21.489	  13.339	  30.823
56	  -9.003	1	  24.489	  15.339	  20.823
