1	-1333.433	101	  22.424	  11.093	  32.565
2	-602.244	53	  12.017	  13.338	  45.210
3	-593.716	55	  10.753	   8.766	  31.457
4	-468.532	44	  31.033	  23.848	  29.557
5	-419.834	37	  19.411	  23.850	  45.908
6	-333.466	28	  41.417	  22.072	  46.673
7	-313.345	29	  22.674	  24.995	  21.183
8	-298.210	27	  37.097	  26.587	  33.218
9	-288.166	29	  18.268	  -1.955	  38.558
10	-230.708	21	  32.315	  19.599	  53.088
11	-226.097	22	   9.147	   4.766	  37.890
12	-214.608	20	  34.725	  28.830	  47.474
13	-209.795	18	  28.865	   5.569	  49.913
14	-198.650	19	  21.938	   5.191	  24.049
15	-175.975	15	  15.494	  -0.779	  30.470
16	-160.526	15	  44.546	  11.948	  36.226
17	-158.052	13	  27.043	  31.555	  44.214
18	-150.641	14	  40.843	  12.527	  52.922
19	-149.291	14	  30.996	   8.381	  25.402
20	-136.189	14	  23.035	  15.039	  54.933
21	-130.426	12	  25.100	  -2.955	  28.401
22	-129.852	12	  39.182	  15.331	  29.475
23	-125.845	12	  10.818	  11.860	  22.594
24	-106.721	11	  30.729	  16.108	  20.270
25	 -97.251	10	  36.779	   2.682	  29.565
26	 -93.690	9	  32.067	  -2.897	  37.243
27	 -89.360	9	  19.152	  12.084	  17.183
28	 -86.290	9	  18.054	   4.251	  48.944
29	 -86.118	8	  42.512	   6.342	  44.400
30	 -78.558	6	  12.780	  19.780	  33.259
31	 -54.188	5	  25.067	  24.442	  51.976
32	 -52.221	5	  13.485	  20.273	  22.232
33	 -50.103	5	  30.672	  11.906	  55.228
34	 -40.017	4	  44.368	  24.198	  35.247
35	 -30.104	3	  33.841	   0.862	  45.834
36	 -29.884	3	  28.161	  35.513	  35.438
37	 -28.984	3	  23.174	  18.534	  16.422
38	 -28.827	3	  47.859	  16.513	  43.797
39	 -27.343	3	  21.185	  29.799	  38.788
40	 -19.595	2	  19.392	  27.497	  31.422
