1	-954.790	88	 -45.510	  70.789	  -8.046
2	-760.680	69	 -50.968	  69.426	 -12.773
3	-487.083	47	 -40.700	  75.697	 -16.645
4	-396.573	37	 -48.010	  61.413	 -17.830
5	-321.315	30	 -44.442	  81.315	   3.748
6	-310.210	29	 -44.657	  85.985	  -9.905
7	-279.327	26	 -53.501	  80.393	  -8.671
8	-200.541	20	 -56.651	  64.723	  -3.265
9	-191.886	18	 -52.954	  59.356	  -6.617
10	-176.149	17	 -56.534	  80.213	  -1.671
11	-152.563	15	 -39.887	  50.409	  -5.560
12	-137.624	13	 -32.961	  64.338	   5.155
13	-134.921	13	 -24.243	  71.985	  -8.024
14	 -95.593	9	 -34.793	  55.822	 -12.859
15	 -83.045	8	 -30.511	  78.629	 -12.781
16	 -73.784	7	 -57.617	  75.473	   3.337
17	 -64.644	6	 -33.985	  85.603	 -10.893
18	 -63.741	5	 -34.383	  79.049	  -0.562
19	 -61.655	6	 -53.423	  69.634	   7.273
20	 -59.319	6	 -28.035	  57.705	  -8.334
21	 -48.304	5	 -26.431	  73.893	  -0.667
22	 -41.931	4	 -48.834	  59.410	   3.259
23	 -41.240	4	 -40.872	  55.384	   3.787
24	 -39.171	4	 -44.025	  64.856	   6.724
25	 -31.385	3	 -32.579	  66.135	 -17.090
26	 -22.062	2	 -40.623	  71.623	   5.269
27	 -21.686	2	 -27.623	  64.128	  -1.213
28	 -19.755	2	 -32.108	  57.108	   2.758
29	 -18.952	2	 -48.623	  81.623	 -16.723
30	 -18.784	2	 -48.119	  52.119	  -6.213
31	  -9.591	1	 -23.623	  72.623	 -16.213
