1	-1156.710	106	  52.732	  47.357	  13.944
2	-852.043	77	  35.964	  43.147	  14.987
3	-817.817	65	  46.347	  52.312	  18.108
4	-811.315	69	  52.085	  45.303	   4.497
5	-554.463	51	  53.562	  51.106	  18.792
6	-461.940	41	  48.654	  45.558	  23.356
7	-398.522	35	  55.423	  62.773	  22.504
8	-373.743	35	  48.906	  59.151	   1.654
9	-355.880	31	  39.934	  59.746	   5.343
10	-307.559	27	  54.411	  41.286	  32.607
11	-304.620	28	  56.523	  56.660	  30.976
12	-301.945	25	  43.985	  34.105	  25.980
13	-288.892	26	  53.051	  33.810	   8.544
14	-287.184	28	  40.151	  60.348	  28.315
15	-268.182	26	  47.294	  27.827	  13.308
16	-251.261	23	  32.207	  57.986	  21.646
17	-241.577	22	  59.388	  36.520	  19.955
18	-238.969	22	  32.454	  34.315	  23.062
19	-236.941	21	  32.144	  61.427	  11.006
20	-236.675	22	  60.893	  57.593	  14.350
21	-230.301	22	  48.563	  49.099	  40.035
22	-227.309	21	  39.109	  34.879	  32.376
23	-157.819	15	  58.534	  61.944	   8.365
24	-156.603	15	  44.273	  68.812	  10.818
25	-153.176	14	  46.196	  33.789	   3.547
26	-144.522	14	  51.888	  33.808	  26.284
27	-129.905	13	  48.179	  61.402	  34.468
28	-126.439	12	  37.868	  50.049	   7.619
29	-115.985	11	  41.073	  65.167	  23.568
30	-113.599	11	  62.706	  51.070	  23.644
31	-108.052	11	  58.316	  53.228	   2.742
32	 -98.743	10	  32.147	  53.781	  28.970
33	 -98.700	10	  55.817	  47.400	  36.208
34	 -94.035	9	  36.582	  42.521	  36.208
35	 -91.280	9	  42.302	  41.470	   4.766
36	 -80.694	8	  38.550	  53.264	  35.826
37	 -78.743	7	  43.075	  43.429	  40.045
38	 -74.624	7	  59.703	  38.947	  10.941
39	 -73.714	7	  47.627	  34.395	  34.755
40	 -71.614	7	  65.712	  43.945	  14.867
41	 -70.599	6	  30.689	  47.084	  33.682
42	 -67.778	7	  31.540	  33.925	  33.551
43	 -60.364	6	  28.943	  54.625	  16.141
44	 -58.512	6	  50.532	  65.801	  27.999
45	 -55.772	5	  39.933	  32.191	  12.448
46	 -47.453	5	  53.300	  67.600	  14.801
47	 -46.508	3	  44.634	  56.879	  23.659
48	 -38.766	4	  33.510	  69.033	  14.949
49	 -20.691	2	  50.712	  40.317	  -2.988
50	 -19.865	2	  59.174	  45.263	   2.012
51	 -18.712	2	  65.204	  51.785	  12.044
52	 -18.382	2	  26.208	  38.305	  26.516
53	 -10.046	1	  37.712	  28.801	  27.012
54	  -9.628	1	  28.712	  65.801	  21.012
55	  -9.541	1	  63.712	  42.801	  24.012
