1	-1743.217	138	  36.180	  59.916	  43.151
2	-1287.033	109	  54.177	  52.138	  39.842
3	-1255.133	120	  47.987	  60.088	  41.302
4	-981.134	80	  33.022	  50.784	  42.701
5	-820.304	74	  35.781	  32.315	   6.376
6	-770.832	63	  38.348	  44.381	  48.820
7	-761.524	67	  48.685	  63.722	  59.711
8	-736.860	62	  51.486	  45.632	  30.783
9	-721.333	65	  43.738	  40.416	  56.030
10	-677.607	58	  41.103	  46.039	  67.766
11	-666.017	60	  49.677	  47.164	  17.894
12	-662.101	60	  62.667	  42.268	  62.171
13	-657.287	58	  57.718	  55.127	  81.088
14	-656.475	56	  43.601	  26.758	  27.543
15	-649.575	52	  18.421	  50.954	  43.704
16	-637.896	55	  34.179	  39.679	  45.617
17	-621.467	53	  46.823	  17.932	  27.581
18	-620.604	54	  30.345	  47.284	  24.270
19	-605.833	53	  40.412	  12.704	  11.797
20	-588.863	56	  46.329	  29.072	   9.205
21	-566.324	46	  74.208	  44.120	  81.593
22	-550.412	49	  51.303	  72.734	  41.208
23	-497.295	45	  59.269	  44.672	  80.094
24	-496.863	43	  22.983	  53.889	  24.729
25	-480.928	44	  21.396	  26.059	  27.788
26	-451.498	39	  72.714	  33.212	  75.316
27	-435.493	36	  69.498	  36.600	  64.457
28	-434.639	38	  49.893	  38.897	  44.715
29	-425.375	39	  62.888	  23.994	  31.469
30	-389.014	36	  35.309	  64.652	  17.981
31	-376.657	24	  55.029	  51.290	  61.221
32	-368.845	32	  26.828	  58.453	  54.615
33	-362.860	30	  69.840	  56.634	  81.576
34	-362.499	34	  53.139	  37.789	  80.626
35	-361.827	30	  45.582	  72.133	  57.434
36	-347.421	30	  29.090	  47.171	  50.166
37	-334.039	30	  56.086	  32.800	   9.772
38	-333.179	30	  50.043	  21.507	  12.537
39	-332.831	28	  30.346	  21.686	   7.047
40	-308.002	30	  18.445	  36.595	  45.027
41	-300.227	25	  51.848	  11.788	  18.444
42	-291.782	27	  60.711	  43.381	  46.458
43	-287.258	16	  37.983	  37.402	  25.747
44	-284.999	27	  31.656	  42.689	   9.526
45	-282.591	26	  71.411	  62.941	  59.546
46	-278.227	26	  56.856	  75.888	  60.837
47	-267.580	24	  43.729	  65.524	  43.336
48	-265.697	26	  53.399	  39.497	  36.038
49	-255.030	23	  57.299	  26.098	  58.725
50	-253.033	23	  27.087	  60.859	  41.859
51	-250.405	24	  51.491	  54.018	  28.455
52	-249.424	25	  39.991	  65.879	  35.809
53	-247.148	24	  46.033	  48.676	  80.387
54	-245.146	24	  32.892	  67.529	  62.934
55	-229.093	23	  82.333	  49.132	  70.109
56	-223.077	22	  65.396	  31.506	  22.543
57	-219.537	21	  63.903	  49.437	  83.702
58	-216.606	16	  75.239	  55.768	  66.418
59	-215.522	21	  23.411	  27.385	  39.298
60	-215.185	19	  60.912	  62.733	  38.651
61	-212.710	20	  70.340	  59.828	  45.999
62	-212.577	21	  21.816	  26.875	  14.778
63	-205.235	20	  44.385	  64.540	  24.856
64	-202.921	20	  15.486	  32.478	  28.513
65	-199.895	19	  19.673	  63.492	  35.295
66	-194.764	18	  27.063	  64.749	  49.707
67	-194.418	18	  38.880	  19.995	  33.372
68	-193.988	19	  13.254	  45.394	  41.122
69	-187.671	18	  43.650	  33.549	  45.975
70	-184.224	18	  68.796	  69.663	  55.610
71	-184.069	18	  48.235	  26.029	  68.002
72	-177.473	17	  28.592	  10.471	  19.258
73	-173.745	16	  40.488	  20.525	   6.945
74	-173.360	17	  33.233	  10.521	  13.388
75	-172.018	16	  64.932	  34.165	  82.272
76	-166.076	16	  51.291	  69.607	  64.030
77	-166.013	15	  23.420	  18.478	  23.840
78	-165.921	17	  49.669	  27.785	  76.150
79	-165.398	16	  79.289	  48.933	  77.972
80	-164.040	16	  16.405	  42.765	  21.675
81	-157.979	16	  38.104	  52.216	  69.777
82	-154.729	16	  65.805	  68.455	  40.906
83	-154.509	15	  59.609	  41.523	  20.211
84	-153.322	15	  10.236	  43.571	  34.092
85	-151.176	15	  46.005	   7.291	  18.235
86	-148.592	14	  40.186	  27.821	  40.954
87	-147.714	15	  75.754	  59.701	  77.487
88	-144.861	14	  23.982	  45.188	  18.696
89	-142.348	14	  68.125	  42.809	  56.477
90	-142.056	14	  24.947	  17.540	  11.620
91	-141.849	12	  34.307	  46.964	  59.379
92	-141.823	14	  55.826	  35.434	  55.062
93	-128.390	11	  41.764	  36.754	  66.717
94	-123.311	12	  60.413	  79.219	  50.571
95	-118.042	12	  63.251	  27.815	  13.860
96	-117.062	12	  44.950	  39.163	  78.134
97	-115.872	11	  40.741	  73.427	  48.227
98	-113.082	11	  59.636	  74.711	  41.596
99	-110.629	11	  66.085	  22.625	  20.550
100	-108.107	10	  39.980	  11.477	  28.390
101	-107.877	11	  49.917	  41.737	   9.463
102	-107.624	11	  31.505	  12.948	  29.686
103	-105.663	10	  50.932	  64.946	  72.855
104	-104.694	10	  75.358	  46.286	  58.039
105	-102.666	10	  56.569	  22.679	  73.181
106	-102.083	10	  60.254	  15.255	  15.803
107	-101.397	10	  71.932	  51.166	  51.288
108	 -97.614	6	  60.904	  61.430	  56.620
109	 -96.034	9	  14.831	  49.863	  25.086
110	 -91.834	9	  20.225	  36.185	  15.908
111	 -91.012	9	  42.053	  60.826	  70.232
112	 -90.742	9	  68.804	  66.488	  71.586
113	 -90.637	9	  33.927	  70.088	  27.135
114	 -90.321	9	  36.812	  51.405	  15.004
115	 -88.773	9	  65.462	  24.949	  77.218
116	 -88.427	9	  70.977	  25.216	  66.537
117	 -87.262	8	  57.876	  20.672	  64.315
118	 -86.294	8	  15.357	  57.268	  36.614
119	 -85.480	8	  49.469	  61.647	  79.989
120	 -82.262	8	  49.343	  30.171	  36.932
121	 -79.949	8	  61.329	  70.245	  68.775
122	 -78.537	8	  54.328	  11.749	  28.168
123	 -76.332	8	  24.459	  64.265	  21.149
124	 -73.543	4	  18.845	  38.161	  33.373
125	 -73.530	7	  64.751	  40.139	  89.010
126	 -72.598	7	  25.232	  67.667	  33.187
127	 -71.692	7	  56.971	  17.932	  33.596
128	 -70.777	7	  61.890	  37.489	  32.057
129	 -70.469	7	  31.808	  23.450	  39.072
130	 -70.433	7	  65.613	  26.438	  59.709
131	 -66.080	4	  61.816	  69.242	  51.417
132	 -61.682	6	  13.690	  60.140	  29.232
133	 -53.407	5	  49.277	  56.669	  18.985
134	 -52.654	5	  27.737	  59.099	  16.304
135	 -50.752	5	  35.122	   7.468	  23.092
136	 -49.664	5	  57.739	  26.849	  79.470
137	 -49.605	5	  30.591	  54.182	  67.079
138	 -46.987	5	  65.530	  55.870	  39.066
139	 -46.866	3	  30.434	  19.252	  20.965
140	 -45.393	3	  31.705	  27.889	  23.882
141	 -43.769	4	  43.424	  31.865	  59.351
142	 -43.254	4	  77.086	  40.443	  62.936
143	 -41.994	3	  65.351	  55.285	  64.211
144	 -40.101	4	  46.885	  78.884	  45.115
145	 -39.639	4	  31.533	  69.883	  53.089
146	 -39.151	4	  29.788	  31.703	  48.145
147	 -38.910	4	  33.885	  70.301	  45.578
148	 -35.567	3	  26.824	  35.917	  29.617
149	 -28.547	2	  56.860	  31.652	  72.373
150	 -27.841	3	  65.660	  62.656	  82.216
151	 -27.583	3	  18.018	  65.652	  25.555
152	 -21.994	2	  63.894	  20.195	  69.425
153	 -20.952	2	  60.351	  52.652	  54.409
154	 -19.055	2	  42.850	  41.146	   3.378
155	 -18.949	2	  61.351	  11.123	  26.353
156	  -9.813	1	  79.351	  31.652	  69.882
157	  -8.986	1	  34.351	  32.652	  32.882
158	  -8.917	1	  44.351	  46.652	   9.882
