1	-577.872	54	  11.099	   2.683	   8.241
2	-472.413	44	   2.433	  -0.071	  -6.434
3	-421.760	38	   1.804	   9.407	  13.503
4	-260.842	20	  -6.570	  -7.771	   7.003
5	-231.489	21	  -3.932	 -13.982	   3.206
6	-222.350	22	  -5.533	  14.628	   9.578
7	-214.688	20	   9.285	  11.600	   1.957
8	-192.515	17	   9.271	  -9.573	  -2.596
9	-186.542	17	  -8.695	   2.376	   0.359
10	-175.631	17	  -7.022	   1.133	  16.299
11	-174.473	17	   5.914	  10.104	  -6.750
12	-161.962	14	   2.474	 -10.780	  10.246
13	-147.316	13	  -1.574	  14.501	  -0.996
14	-130.273	13	  16.891	  -0.441	   0.397
15	-109.146	11	  12.985	  -7.751	   9.010
16	 -94.550	9	  -2.276	  -8.822	  16.147
17	 -88.049	9	  -1.855	 -10.623	  -7.977
18	 -85.304	8	   5.599	  -3.721	  18.994
19	 -80.543	8	 -11.251	   3.391	   7.446
20	 -72.740	7	   0.994	   3.731	  22.002
21	 -50.181	5	  12.893	   1.618	  -6.217
22	 -38.900	4	  -9.376	   9.517	  -0.903
23	 -28.821	3	   2.858	 -16.975	  -1.860
24	 -10.994	1	   6.863	 -13.975	   5.140
