1	-1041.779	91	   0.742	  42.321	  46.785
2	-887.138	74	 -20.405	  73.801	  33.277
3	-793.293	72	 -11.464	  55.061	  29.225
4	-781.467	67	  -4.392	  48.747	  68.512
5	-760.639	66	  -2.596	  39.163	  64.668
6	-672.985	58	 -15.593	  62.372	  49.872
7	-609.057	55	   7.525	  37.748	  65.653
8	-594.967	50	 -21.548	  39.706	  54.342
9	-579.706	52	 -21.352	  38.120	  42.887
10	-565.172	49	  13.869	  41.727	  62.992
11	-563.250	49	 -20.720	  56.502	  53.067
12	-503.052	43	  11.356	  54.373	  52.005
13	-456.493	43	   3.547	  64.442	  48.960
14	-449.700	27	 -10.405	  49.959	  48.744
15	-431.611	41	 -22.110	  58.270	  34.426
16	-419.343	35	   9.426	  51.577	  44.079
17	-415.303	39	 -19.025	  67.095	  29.403
18	-413.591	37	 -31.111	  72.480	  33.377
19	-409.025	34	  11.302	  29.165	  57.393
20	-341.887	33	  -6.519	  69.442	  30.665
21	-337.932	25	 -19.881	  72.933	  48.962
22	-313.599	29	 -25.855	  51.857	  31.871
23	-307.774	29	  -3.337	  22.450	  41.435
24	-307.419	29	 -37.630	  57.862	  56.111
25	-265.272	25	 -38.382	  48.030	  48.686
26	-240.834	24	 -23.692	  63.639	  51.308
27	-240.800	22	 -25.489	  78.628	  37.434
28	-238.069	24	 -17.937	  35.532	  61.304
29	-234.804	22	 -25.813	  66.931	  32.608
30	-225.977	21	   7.065	  51.668	  68.274
31	-222.145	19	  -3.668	  70.814	  44.467
32	-216.725	18	  -8.624	  69.009	  54.716
33	-195.404	19	 -10.728	  21.448	  48.638
34	-190.146	17	  -9.623	  30.650	  63.585
35	-181.119	17	 -15.098	  35.834	  39.130
36	-176.188	17	  -7.821	  45.497	  28.808
37	-167.316	16	 -12.205	  76.786	  34.603
38	-152.526	15	  11.053	  56.886	  64.089
39	-150.117	15	 -26.673	  43.061	  35.623
40	-146.592	15	 -36.710	  49.365	  36.616
41	-142.354	14	 -14.295	  52.749	  68.266
42	-141.261	14	   2.770	  61.701	  62.645
43	-140.974	14	  11.110	  39.086	  47.994
44	-140.507	13	  -2.441	  47.215	  33.496
45	-130.659	13	   7.426	  21.349	  56.853
46	-129.423	13	  -9.749	  22.818	  60.401
47	-124.041	12	 -28.345	  69.867	  48.665
48	-118.726	12	  16.968	  34.066	  56.934
49	-117.912	11	   1.277	  63.403	  35.291
50	-116.021	11	  -0.652	  29.363	  64.934
51	-114.998	12	 -37.633	  59.868	  35.455
52	-113.124	11	 -31.590	  77.355	  44.850
53	-111.399	11	  -5.364	  65.284	  61.649
54	-109.261	11	 -32.855	  41.441	  41.675
55	-109.153	6	  -6.607	  60.979	  46.311
56	-107.637	10	 -40.104	  69.013	  41.095
57	-106.261	10	  -2.648	  19.757	  56.042
58	-102.787	10	 -41.541	  57.232	  42.522
59	-100.752	9	 -20.035	  31.625	  49.918
60	 -99.988	6	   0.590	  53.975	  51.241
61	 -99.346	9	 -28.539	  40.397	  49.298
62	 -95.859	10	 -34.833	  67.032	  53.467
63	 -93.604	9	 -12.239	  59.230	  63.631
64	 -93.226	9	 -10.422	  78.640	  42.088
65	 -89.608	9	   5.519	  45.042	  42.150
66	 -78.992	8	 -28.695	  44.270	  56.871
67	 -78.822	8	  -5.907	  36.633	  37.603
68	 -70.243	7	  18.581	  51.641	  54.118
69	 -69.532	7	  13.007	  29.585	  49.895
70	 -67.480	7	   8.293	  24.415	  44.821
71	 -64.833	6	 -17.234	  28.484	  42.535
72	 -51.630	5	   3.476	  28.696	  39.688
73	 -50.659	5	   5.049	  55.335	  35.306
74	 -48.566	5	 -18.754	  28.178	  57.072
75	 -47.316	5	   8.280	  61.094	  43.637
76	 -45.753	5	 -16.950	  43.095	  28.102
77	 -40.774	4	 -20.675	  52.675	  61.953
78	 -32.007	3	 -29.759	  51.505	  58.484
79	 -28.401	3	 -18.754	  45.191	  68.458
80	 -18.619	2	  20.751	  43.419	  52.398
81	 -12.598	1	  -3.728	  27.505	  54.484
82	  -9.585	1	 -43.728	  63.505	  47.484
83	  -9.539	1	 -36.728	  76.505	  35.484
84	  -9.524	1	   4.272	  17.505	  49.484
85	  -8.967	1	 -11.728	  44.505	  73.484
