1	-1026.094	75	   8.255	   8.247	  25.296
2	-777.081	71	  25.591	  -1.330	  30.261
3	-663.923	56	  35.029	  22.357	  22.727
4	-589.031	54	  30.588	   7.685	  37.845
5	-548.137	48	  29.136	  22.653	  38.644
6	-519.452	47	  41.031	   1.976	  25.086
7	-479.793	41	   8.083	   2.206	  17.839
8	-448.303	41	   4.934	  18.371	  22.870
9	-392.579	37	  11.855	  18.652	   8.514
10	-384.782	35	  36.702	  10.623	  18.560
11	-379.865	34	  13.256	  33.712	  25.235
12	-369.233	34	  28.541	   2.633	  14.000
13	-362.472	32	  37.311	   1.010	  33.790
14	-349.760	31	  15.164	  25.481	   9.235
15	-347.200	29	  39.713	  17.132	  34.677
16	-322.620	27	  34.400	  27.570	  32.644
17	-294.421	28	   6.771	  26.048	  25.887
18	-277.711	26	  27.661	  12.899	   6.243
19	-263.759	24	  12.184	  -8.410	  22.019
20	-261.245	25	  48.109	   2.136	  36.390
21	-261.230	25	  34.932	  18.068	  13.396
22	-253.488	24	  30.045	  23.919	   7.794
23	-253.225	23	   3.101	   6.196	  35.201
24	-248.779	21	  10.146	  29.528	  13.323
25	-240.679	22	  51.222	   8.089	  30.042
26	-230.875	19	  22.423	  17.339	  37.491
27	-217.615	20	  14.851	   6.268	   6.635
28	-205.632	12	  10.761	   1.148	  30.222
29	-194.102	18	  32.208	  31.200	  21.498
30	-193.094	19	   9.604	  -7.506	  30.972
31	-188.193	18	  44.994	  11.844	  37.937
32	-186.182	18	   9.507	  16.124	  39.972
33	-175.329	15	  15.009	  28.885	  36.210
34	-173.600	10	  19.625	  25.049	  28.920
35	-164.483	16	  17.859	  -1.473	  37.212
36	-163.319	16	   5.755	  21.200	  34.895
37	-162.694	15	  17.237	  11.094	  41.370
38	-145.495	15	  20.363	  13.100	   5.572
39	-142.516	13	  43.476	  16.651	  22.220
40	-129.220	13	  21.215	  33.787	  15.593
41	-112.968	11	  51.571	  18.722	  28.070
42	-105.323	9	  23.148	  34.587	  24.742
43	 -99.111	9	  23.434	  33.751	  33.628
44	 -98.173	10	   4.233	  22.163	  13.760
45	 -96.275	10	  46.938	  -4.194	  25.911
46	 -64.972	6	  35.139	  -1.732	  22.772
47	 -59.311	6	  54.181	   1.755	  25.108
48	 -59.114	6	  43.361	  26.919	  29.412
49	 -48.777	5	  21.101	 -10.176	  30.873
50	 -46.624	5	   8.628	   3.350	  42.884
51	 -39.147	4	   3.539	  -1.987	  31.425
52	 -28.760	3	  19.369	  -7.052	  18.738
53	 -22.025	1	  18.006	   4.268	  18.098
54	 -18.860	2	  -1.488	  17.268	  27.592
55	 -18.120	2	  18.525	  -2.732	  12.098
56	  -9.296	1	   5.006	  -4.732	  19.098
