1	-901.454	68	  59.895	  59.673	 -17.377
2	-686.816	59	  91.522	  57.160	 -30.692
3	-672.574	58	  60.097	  60.117	  -2.081
4	-561.318	51	  70.558	  54.777	 -42.890
5	-478.746	42	  75.959	  67.633	  -0.641
6	-461.264	40	  82.977	  62.461	  -5.492
7	-412.435	38	  45.970	  44.134	 -16.410
8	-398.877	35	  58.514	  45.763	 -40.782
9	-380.804	34	  81.211	  63.471	 -31.779
10	-378.355	31	  43.939	  50.752	 -17.032
11	-369.039	35	  60.779	  70.515	 -29.876
12	-355.969	32	  94.552	  52.254	 -15.624
13	-349.903	33	  88.774	  31.804	 -29.250
14	-341.166	32	  49.307	  72.880	 -17.843
15	-309.377	29	  81.382	  70.788	 -30.163
16	-299.797	28	  70.509	  50.569	 -12.431
17	-293.968	26	  84.905	  51.365	 -10.404
18	-293.832	28	  47.287	  49.145	 -32.409
19	-291.887	27	  49.519	  59.180	 -33.209
20	-275.390	27	  73.546	  75.449	  -2.931
21	-267.603	26	  76.337	  54.336	  -8.036
22	-264.317	25	  96.533	  35.008	 -22.874
23	-260.999	24	  87.743	  72.269	 -12.327
24	-251.070	24	  62.873	  74.653	 -11.229
25	-225.620	22	  82.387	  33.820	 -35.360
26	-218.317	21	  70.569	  83.367	 -19.133
27	-209.624	17	  52.285	  39.262	 -12.706
28	-207.930	20	  72.793	  26.808	 -28.111
29	-200.638	19	  79.086	  80.392	 -24.049
30	-200.190	20	  81.979	  83.329	 -12.527
31	-199.492	19	  79.591	  60.051	 -38.178
32	-199.200	19	  78.160	  34.205	 -14.668
33	-195.232	18	  97.769	  40.324	 -29.796
34	-193.358	17	  91.649	  59.302	 -17.735
35	-183.599	17	  88.901	  51.538	 -38.934
36	-177.533	17	  95.895	  47.139	 -35.173
37	-173.330	17	  63.806	  52.203	 -44.469
38	-171.913	15	  63.969	  27.473	 -32.652
39	-169.684	9	  71.972	  68.667	 -21.604
40	-167.536	16	  49.646	  70.086	 -27.434
41	-164.851	16	  60.100	  34.717	  -9.205
42	-161.681	16	  85.605	  41.258	 -15.868
43	-159.323	14	  60.017	  67.914	  -5.060
44	-158.826	15	 102.857	  55.278	 -30.279
45	-153.272	15	  48.243	  40.030	 -23.481
46	-147.079	14	  71.340	  46.116	 -41.769
47	-145.894	14	  58.870	  27.416	 -20.977
48	-145.881	14	  50.443	  67.295	  -4.745
49	-142.908	14	  39.008	  60.810	 -13.300
50	-134.906	13	  72.430	  73.778	 -32.320
51	-127.531	12	  57.077	  54.928	 -41.765
52	-125.420	11	  46.337	  41.623	 -32.253
53	-123.882	12	  91.376	  69.346	 -20.752
54	-108.976	7	  76.233	  43.485	 -19.600
55	-107.670	11	  66.642	  28.578	 -16.316
56	-105.803	9	  51.909	  41.387	  -3.627
57	-104.626	8	  82.274	  66.196	 -16.758
58	-103.909	10	  40.637	  55.508	  -5.675
59	-100.139	10	  65.820	  36.883	 -39.320
60	 -97.696	9	  78.812	  45.540	 -40.098
61	 -96.752	10	  52.911	  35.175	 -35.977
62	 -94.181	10	  46.131	  49.790	   0.545
63	 -93.619	9	  72.984	  66.346	 -39.270
64	 -81.962	8	  78.470	  62.880	   4.694
65	 -81.868	8	  86.498	  78.216	 -18.666
66	 -80.224	8	  86.853	  42.585	 -40.788
67	 -79.310	8	  63.131	  79.542	 -21.894
68	 -79.041	7	  45.082	  62.665	 -26.353
69	 -71.443	7	  56.809	  69.867	 -13.490
70	 -71.326	7	  43.424	  69.552	  -8.311
71	 -70.760	7	  41.020	  55.857	 -24.928
72	 -66.464	7	  76.417	  36.126	 -39.535
73	 -63.261	6	  86.350	  29.898	 -19.662
74	 -57.844	6	  67.169	  42.986	  -9.470
75	 -57.774	6	  54.361	  29.853	 -29.052
76	 -57.237	3	  64.514	  64.250	 -11.956
77	 -50.001	5	  66.911	  56.646	   0.263
78	 -49.546	5	  80.918	  44.037	 -10.181
79	 -48.061	5	  72.322	  83.604	  -8.915
80	 -47.919	5	  79.505	  51.476	  -0.647
81	 -46.452	5	  62.122	  67.427	 -38.167
82	 -42.621	4	  98.554	  40.391	 -15.956
83	 -41.285	4	  97.307	  63.550	 -22.958
84	 -40.909	4	  68.804	  79.834	 -28.176
85	 -40.482	3	  54.307	  49.488	 -16.350
86	 -40.411	4	  59.568	  43.824	  -2.217
87	 -36.594	4	  90.843	  45.082	 -11.201
88	 -29.055	3	  67.643	  67.494	   5.708
89	 -27.788	3	 103.632	  45.509	 -23.956
90	 -27.738	3	  52.307	  54.842	   2.044
91	 -27.280	3	  89.307	  56.499	  -1.949
92	 -20.062	1	  52.307	  56.834	  -5.956
93	 -19.445	2	  81.307	  24.834	 -27.438
94	 -18.053	2	  38.307	  68.335	 -14.457
95	 -15.619	1	  55.307	  60.834	 -25.956
96	 -11.236	1	  82.307	  49.834	 -34.956
97	 -10.845	1	  44.307	  39.834	  -4.956
98	 -10.495	1	  38.307	  63.834	 -21.956
99	 -10.238	1	 104.307	  55.834	 -22.956
100	  -9.165	1	  72.307	  56.834	   6.044
