1	-931.176	85	  22.841	   2.439	  20.322
2	-719.594	65	  27.201	  -3.400	  13.622
3	-551.231	51	  22.377	 -15.849	  -7.196
4	-532.522	44	   7.862	 -19.498	   2.744
5	-502.293	46	  39.908	   9.187	  10.386
6	-492.929	43	  17.866	   8.933	  25.686
7	-489.901	44	  35.048	  17.988	  20.147
8	-455.751	40	   9.907	  -7.706	  25.725
9	-444.808	41	  21.118	 -27.292	  -3.190
10	-422.605	40	   4.579	  11.766	  14.346
11	-408.573	37	  12.011	 -21.191	  17.895
12	-398.951	36	  26.764	 -21.067	  -0.066
13	-349.847	33	  26.899	  20.075	   7.114
14	-338.195	23	  11.150	  -5.549	  -2.492
15	-319.838	28	  30.715	   3.694	  -5.365
16	-301.178	27	  39.045	  21.987	  12.387
17	-296.578	24	  27.185	 -16.820	   6.738
18	-292.640	30	  20.414	  15.678	  -1.705
19	-284.634	25	  19.684	  -8.008	  21.131
20	-276.634	26	  24.029	   5.523	 -12.890
21	-270.378	21	  23.151	   8.604	  16.165
22	-266.966	26	  30.349	  -3.505	   1.952
23	-259.184	23	  19.378	  20.857	  18.423
24	-247.166	21	  13.106	  15.022	  10.680
25	-236.953	21	  -5.349	 -11.363	  19.668
26	-221.996	21	   4.659	 -10.840	  -2.628
27	-210.231	19	  30.304	  15.266	  -3.939
28	-193.511	19	   1.531	   5.977	  26.165
29	-178.512	15	   7.319	   8.143	   2.693
30	-177.252	16	  14.011	  14.822	  20.470
31	-159.252	16	  37.961	  14.450	   0.929
32	-157.911	11	  31.407	   4.743	  10.941
33	-153.401	14	  -1.391	  -4.711	   1.395
34	-142.978	14	  12.968	   8.537	  -7.264
35	-141.365	14	  26.665	  24.726	  13.616
36	-141.017	14	   6.401	 -17.635	  24.319
37	-133.608	13	  -1.716	 -20.233	  22.887
38	-132.438	13	  10.702	 -30.769	   3.955
39	-130.185	13	  -1.508	 -16.781	   9.178
40	-129.684	12	  14.760	 -14.987	  23.769
41	-120.890	11	  25.223	 -12.820	  19.458
42	-117.843	11	  22.017	  17.899	  28.677
43	-114.472	11	  36.548	  -0.737	  14.437
44	 -96.599	9	  -0.476	  -3.219	  27.257
45	 -93.146	7	  12.999	  -8.012	  18.307
46	 -91.693	9	  -6.605	  -2.190	  15.868
47	 -83.155	8	  36.957	   6.771	  19.453
48	 -82.365	8	  -0.534	   6.585	   4.567
49	 -77.849	8	  25.915	 -23.576	  16.128
50	 -77.728	8	  11.362	   0.858	 -10.158
51	 -75.776	6	  20.150	 -31.134	   4.785
52	 -72.712	7	  23.268	  -7.425	  -9.325
53	 -71.902	7	  -6.037	  -9.420	   6.532
54	 -69.667	7	  -7.895	   4.563	   7.493
55	 -66.503	7	  -1.330	 -10.012	  29.426
56	 -65.654	7	  19.220	 -29.747	  13.833
57	 -57.536	6	  48.523	  17.551	  13.665
58	 -49.610	5	  37.046	   6.653	  -4.537
59	 -49.220	3	  11.924	   1.566	  19.418
60	 -47.309	5	  -9.244	  10.540	  12.192
61	 -45.629	5	  -2.408	   7.369	  18.833
62	 -44.595	4	  12.630	  -8.650	 -10.156
63	 -42.908	4	  30.364	 -12.679	   0.622
64	 -32.832	3	  27.040	   4.217	  27.510
65	 -30.692	3	  10.271	  -1.413	  31.067
66	 -29.900	3	  31.356	  -2.111	  21.844
67	 -29.379	3	  12.292	  15.474	   2.535
68	 -29.087	3	  11.711	 -30.075	  14.218
69	 -27.809	3	  20.364	  -1.450	  26.172
70	 -27.727	3	  33.037	  28.878	  19.171
71	 -27.130	3	  31.027	  17.222	  30.513
72	 -21.477	2	  28.364	  26.056	  26.844
73	 -19.833	2	  37.364	  21.551	   3.353
74	 -17.955	2	  43.359	  20.053	  18.844
75	 -17.946	2	  11.867	 -23.449	  -7.156
76	 -11.493	1	  18.364	   2.551	  -7.156
