1	-1039.592	77	   7.997	   8.060	  24.814
2	-728.352	67	  25.168	  -1.574	  30.924
3	-604.062	50	  34.707	  21.005	  22.180
4	-589.280	52	  40.769	   1.818	  25.846
5	-587.043	54	  14.256	  25.729	   9.356
6	-525.678	46	   8.209	   2.103	  17.935
7	-465.922	39	  28.800	   9.217	  37.627
8	-447.231	39	  28.967	  22.476	  38.082
9	-418.903	40	   4.053	  17.469	  22.174
10	-396.720	36	  36.468	   1.085	  34.695
11	-381.367	32	  12.916	  33.029	  25.172
12	-368.849	35	  10.797	  17.374	   7.793
13	-365.120	29	  33.580	  28.096	  32.461
14	-325.123	28	  39.184	  17.028	  34.847
15	-306.087	29	   6.690	  25.565	  25.223
16	-305.807	29	  34.683	  18.178	  13.668
17	-304.024	28	  35.840	   7.839	  18.001
18	-294.032	27	  28.178	   2.044	  13.377
19	-286.406	26	  41.134	  14.217	  21.594
20	-286.385	27	  26.627	  11.348	   6.008
21	-277.518	25	  18.154	  31.200	  34.205
22	-276.732	25	  50.757	   7.782	  30.738
23	-276.443	26	  47.572	   2.302	  36.868
24	-268.825	24	  12.012	  -8.761	  22.177
25	-244.640	23	  23.984	  34.105	  21.407
26	-235.997	21	   2.856	   6.435	  34.732
27	-227.532	20	  21.975	  17.769	  36.652
28	-210.112	19	  32.790	  30.397	  21.939
29	-195.439	19	   9.042	  -7.759	  29.403
30	-191.385	12	  10.074	   1.173	  29.189
31	-190.625	19	  14.883	  11.187	  40.986
32	-177.340	9	  20.014	  25.092	  28.781
33	-161.569	16	   4.261	  21.051	  33.635
34	-154.690	15	   9.882	  18.406	  39.315
35	-148.362	13	  44.634	  11.973	  37.921
36	-144.090	14	  17.064	  -1.684	  36.976
37	-138.493	13	   4.565	  22.935	  11.980
38	-128.682	13	  51.502	  17.790	  28.038
39	-113.631	11	  13.420	   7.185	   6.406
40	-111.692	11	  30.903	  22.092	   7.249
41	-110.742	11	  41.378	  27.170	  30.070
42	-109.288	11	  16.637	   0.855	   7.548
43	 -86.221	9	  19.814	  13.998	   5.082
44	 -71.029	7	  27.653	  29.351	   8.324
45	 -67.946	7	   3.813	  -2.443	  32.036
46	 -67.783	7	  36.060	  11.451	  10.850
47	 -64.156	7	  45.200	  -4.143	  27.482
48	 -62.532	6	  34.349	  -2.134	  23.822
49	 -60.272	6	   7.314	  31.241	  35.341
50	 -58.810	6	  28.135	  -1.938	  19.321
51	 -52.552	5	  19.373	  33.012	  12.950
52	 -41.014	4	  19.919	 -10.532	  31.950
53	 -30.521	3	  54.427	   0.722	  25.567
54	 -29.438	3	  27.787	  35.012	  31.169
55	 -20.675	2	  20.248	  -6.988	  18.327
56	 -19.448	2	   3.856	  30.623	  15.008
57	 -18.278	2	  14.805	  37.518	  34.355
58	 -12.303	1	  17.782	   4.012	  17.861
59	  -8.994	1	   6.782	   3.012	  41.861
60	  -8.950	1	   2.782	  -0.988	  23.861
