1	-771.744	61	  16.577	   4.003	  30.335
2	-627.188	55	  23.919	   4.089	  27.488
3	-471.623	42	  20.424	   2.360	  46.080
4	-406.948	39	  13.745	  21.380	  23.248
5	-401.144	37	  29.963	   4.552	  40.857
6	-395.437	37	  10.969	   7.822	  46.207
7	-304.276	26	   3.966	  -2.976	  45.760
8	-249.673	23	  -1.564	  12.190	  42.820
9	-232.013	23	   5.425	   4.681	  18.798
10	-210.259	20	  -2.172	   8.543	  29.724
11	-206.626	19	  17.159	  -6.610	  49.885
12	-196.325	18	  22.676	  18.346	  23.186
13	-173.064	17	  -6.437	  20.140	  32.777
14	-170.073	17	  21.284	  15.395	  44.397
15	-167.310	17	  19.969	   7.230	  15.816
16	-160.857	16	   9.890	  -8.754	  38.985
17	-157.353	14	  27.836	  15.847	  28.847
18	-149.543	15	  13.320	  -8.163	  30.734
19	-148.725	14	   6.385	  15.838	  44.317
20	-146.751	13	   8.756	  -1.445	  24.501
21	-134.637	12	  27.497	  -2.948	  32.015
22	-127.604	13	  -0.436	  -1.948	  37.439
23	-124.095	12	  -1.338	  20.345	  24.555
24	-111.241	11	   3.679	  24.180	  40.719
25	-108.937	11	  -1.159	   0.428	  30.441
26	 -97.128	9	  12.650	  22.928	  43.305
27	 -92.343	9	   5.794	  16.242	  20.451
28	 -88.281	9	  19.061	 -13.120	  36.686
29	 -85.467	8	  18.862	  15.567	  15.220
30	 -80.615	8	  18.853	 -13.523	  44.650
31	 -69.468	7	  14.989	   4.889	   8.642
32	 -67.891	6	  26.107	  16.478	  36.870
33	 -58.080	6	  31.475	  -8.992	  43.186
34	 -49.713	5	  14.718	   0.524	  20.387
35	 -48.548	5	  -3.663	  26.083	  36.002
36	 -45.959	4	  14.971	  22.913	  35.404
37	 -40.246	4	 -10.453	  12.104	  34.237
38	 -39.728	3	  25.547	  -3.210	  43.303
39	 -30.332	2	  18.547	   8.471	  36.750
40	 -28.252	3	   7.524	  13.383	  13.411
41	 -18.793	2	   0.547	  -9.917	  27.263
42	 -10.829	1	  22.547	  22.083	  40.750
