1	-900.901	82	  24.032	   4.452	  18.777
2	-673.435	58	   7.790	 -19.853	   2.654
3	-598.361	50	  27.050	 -18.812	   4.266
4	-512.614	47	  21.356	 -27.454	  -3.467
5	-501.379	48	  39.575	  22.053	  13.936
6	-485.040	41	  28.159	   0.908	  13.996
7	-474.837	45	  24.700	 -16.463	  -5.784
8	-461.949	43	   4.446	  11.416	  14.919
9	-432.585	41	  27.589	  -7.450	  13.251
10	-406.684	37	  11.687	 -21.563	  18.003
11	-376.184	33	  35.270	  18.180	  20.690
12	-375.813	34	  11.378	  -7.491	  25.971
13	-359.950	34	  37.997	  12.902	   3.466
14	-350.378	25	  11.020	  -4.973	  -2.349
15	-348.821	35	  21.278	  15.391	  -2.287
16	-340.356	32	  16.019	  17.487	  20.038
17	-330.990	30	  26.692	  19.908	   7.458
18	-308.059	26	  19.900	   8.910	  25.578
19	-307.837	26	  30.770	   3.421	  -5.631
20	-299.096	27	  -5.114	 -11.080	  19.731
21	-286.470	22	  18.202	   1.648	  22.349
22	-285.421	23	  13.616	  15.090	  10.301
23	-269.726	24	  24.147	  22.993	  15.732
24	-267.727	27	  30.645	  -3.662	   1.284
25	-225.996	21	  30.826	  15.252	  -4.063
26	-214.555	21	  18.377	 -15.692	  -9.591
27	-203.073	19	  41.169	   8.556	  11.902
28	-201.943	19	   4.477	 -10.660	  -2.113
29	-185.328	16	   7.514	   8.179	   2.452
30	-164.420	16	   3.316	   8.259	  26.426
31	-160.734	15	  12.362	   8.020	  28.387
32	-158.265	14	  19.586	 -31.138	   4.498
33	-151.359	15	  24.999	   0.987	 -12.043
34	-151.314	14	  15.149	 -15.558	  23.592
35	-145.031	11	  17.395	  -8.135	  19.754
36	-140.614	13	  -1.069	  -4.231	   1.361
37	-137.985	13	   6.307	 -16.954	  24.940
38	-130.418	13	  -1.264	 -20.726	  22.465
39	-116.933	11	  24.101	   8.292	 -14.394
40	-116.217	12	  -2.120	 -16.106	   9.824
41	-114.610	11	  13.703	   8.976	  -7.566
42	-110.158	11	  25.039	 -25.225	  14.815
43	 -99.633	9	  10.570	 -30.857	   4.538
44	 -93.389	9	  36.572	  -1.003	  14.291
45	 -88.253	7	  36.880	   6.590	  19.518
46	 -85.019	9	  11.450	   0.157	 -10.367
47	 -81.567	8	  -6.052	  -9.606	   6.848
48	 -79.545	8	  19.395	 -30.866	  13.205
49	 -74.729	7	   0.772	  -2.925	  28.148
50	 -70.743	7	  -0.436	   6.776	   4.709
51	 -69.709	7	  -9.010	  10.633	  11.865
52	 -69.700	6	  25.289	 -15.382	  21.166
53	 -62.772	6	  22.812	  18.866	  28.939
54	 -62.377	6	  -0.537	  -9.978	  29.844
55	 -60.954	6	  -7.602	   4.876	   7.156
56	 -55.021	5	  12.779	  -8.332	 -10.327
57	 -53.316	5	  23.234	  -9.663	  -9.496
58	 -50.491	5	  48.385	  16.440	  13.467
59	 -50.465	5	  -6.489	  -1.596	  16.456
60	 -47.148	5	  12.737	  15.071	   1.473
61	 -45.857	5	  31.956	  15.511	  30.050
62	 -38.826	4	  27.323	   3.979	  28.082
63	 -30.960	3	  28.562	  26.455	  26.846
64	 -29.556	3	  36.518	   7.834	  -5.895
65	 -29.296	3	  37.209	  21.796	   4.108
66	 -28.526	3	  10.246	 -30.844	  13.198
67	 -21.020	2	  10.000	   0.488	  16.284
68	 -19.982	2	  31.043	  -2.512	  22.365
69	 -19.314	2	  -5.438	   5.974	  19.360
70	 -19.077	2	  13.582	 -22.502	  -9.174
71	 -11.139	1	  30.562	 -13.512	  -0.154
72	 -10.261	1	  18.562	   2.488	  -7.154
73	  -9.803	1	  33.562	  28.488	  19.846
74	  -9.107	1	   5.562	 -19.512	  10.846
