1	-1200.217	98	  30.896	   2.639	  35.259
2	-1111.466	97	  32.498	  15.496	  47.827
3	-1014.661	87	  15.621	  15.002	  39.192
4	-778.452	70	  21.328	   5.102	  35.669
5	-754.186	69	  13.231	   7.593	  30.637
6	-666.925	61	  29.450	  11.822	  36.009
7	-653.862	58	  37.977	 -20.346	  31.531
8	-512.323	39	  33.627	   7.349	  42.242
9	-496.578	45	  21.621	  24.472	  52.671
10	-487.836	36	  26.702	  10.610	  47.638
11	-399.438	37	  17.657	 -18.874	  33.958
12	-323.112	29	   8.997	  -7.338	  43.841
13	-322.983	31	  22.051	   7.822	  60.326
14	-312.594	28	  19.906	 -12.410	  48.380
15	-308.635	28	  41.889	   9.748	  40.910
16	-296.586	28	  15.317	  -8.321	  24.452
17	-284.087	21	  36.841	   3.580	  30.746
18	-278.201	25	  27.642	 -11.200	  50.717
19	-273.633	22	  33.327	 -21.141	  23.203
20	-236.835	23	  11.567	 -17.976	  44.275
21	-236.580	22	  38.978	  11.831	  54.079
22	-233.454	22	  36.334	 -11.774	  54.157
23	-228.469	22	   4.340	   6.992	  46.269
24	-213.057	19	  45.366	  -2.145	  46.595
25	-203.679	17	  43.898	 -12.901	  43.849
26	-178.935	17	  21.748	  -1.806	  56.112
27	-177.868	17	  12.507	  -0.454	  49.448
28	-175.132	16	   5.602	  23.895	  37.905
29	-173.008	18	  -0.812	  16.630	  42.706
30	-164.232	15	  31.036	 -10.717	  18.631
31	-163.276	16	  13.745	  16.101	  59.835
32	-160.355	15	   6.121	  14.564	  29.845
33	-155.034	15	  17.350	   0.734	  19.671
34	-153.952	14	   7.785	   1.063	  23.963
35	-148.749	14	  12.324	  24.023	  51.837
36	-146.553	15	  28.398	  19.604	  55.805
37	-145.152	13	   2.345	   6.682	  34.252
38	-142.980	14	  27.088	 -22.384	  39.189
39	-127.798	12	  10.522	   7.900	  54.293
40	-126.986	12	  40.128	   4.540	  53.395
41	-125.938	13	  38.344	 -16.090	  19.317
42	-113.015	11	  31.482	   4.036	  18.206
43	-111.082	11	  34.902	 -19.386	  45.491
44	-109.903	11	  20.238	 -18.612	  22.721
45	 -97.370	10	  47.174	 -16.568	  37.484
46	 -91.417	8	  13.339	  22.180	  34.096
47	 -81.715	8	   2.007	  -3.579	  34.299
48	 -75.807	7	  48.541	  -8.049	  33.648
49	 -68.673	7	   8.767	 -12.650	  35.536
50	 -67.945	7	  32.770	   1.865	  60.510
51	 -67.868	7	  34.845	  10.996	  21.510
52	 -67.419	7	  48.139	 -12.022	  25.348
53	 -67.387	7	  43.752	   6.364	  32.513
54	 -63.422	6	   5.374	  12.854	  51.024
55	 -59.155	6	  20.038	  25.362	  42.544
56	 -53.229	5	  42.862	  -8.096	  54.200
57	 -47.316	5	  44.066	  -5.320	  20.966
58	 -39.957	4	  26.103	  18.444	  21.122
59	 -37.958	4	  21.647	  12.102	  20.089
60	 -37.359	4	  27.898	 -25.310	  28.437
61	 -28.657	3	  41.592	   2.984	  23.426
62	 -27.926	3	  48.534	  -3.309	  39.358
63	 -25.730	2	  27.471	 -15.914	  33.972
64	 -20.611	2	  23.431	 -13.874	  15.368
65	 -18.077	2	   4.867	  -8.310	  26.875
66	  -9.182	1	  23.867	  -3.310	  17.368
67	  -9.010	1	  21.867	  17.690	  62.368
