1	-1426.101	111	  31.797	   2.663	  34.661
2	-1094.303	96	  31.765	  15.795	  48.283
3	-1019.551	88	  15.734	  14.865	  39.109
4	-820.134	74	  21.515	   5.580	  35.908
5	-739.059	69	  13.903	   8.263	  30.375
6	-698.205	66	  30.126	  11.629	  35.748
7	-644.970	57	  37.795	 -20.148	  31.553
8	-497.183	44	  21.842	  24.144	  52.923
9	-495.890	37	  33.063	   7.210	  42.146
10	-401.953	30	  26.677	  10.726	  47.639
11	-360.941	33	  40.893	  10.037	  40.379
12	-335.032	30	   8.840	  -7.234	  43.670
13	-333.587	32	  22.042	   7.794	  60.363
14	-325.696	29	  19.492	 -11.949	  48.661
15	-323.899	31	   4.244	   7.394	  45.963
16	-272.664	25	  39.038	   9.783	  53.362
17	-228.407	21	  16.836	 -17.825	  31.793
18	-226.859	20	  45.299	  -2.889	  46.004
19	-225.141	22	  12.765	  23.945	  52.263
20	-217.599	19	  43.587	 -12.968	  44.033
21	-211.666	20	  17.549	 -19.973	  39.189
22	-207.940	21	  -0.404	  17.038	  42.116
23	-204.166	18	  27.256	 -11.622	  50.228
24	-202.190	17	  33.011	 -20.835	  22.878
25	-198.415	19	  17.838	  -7.792	  22.214
26	-197.990	19	  21.501	  -1.903	  56.298
27	-191.573	18	   6.775	  14.337	  29.685
28	-190.677	18	  30.502	 -10.826	  18.423
29	-179.828	17	  17.212	   0.925	  19.748
30	-169.531	16	   7.436	   0.472	  23.882
31	-169.356	16	   5.799	  24.060	  37.538
32	-164.609	16	  13.574	  16.092	  59.836
33	-162.688	16	  12.398	  -1.048	  50.127
34	-158.215	15	  10.885	 -17.034	  45.539
35	-154.750	14	  36.573	 -13.478	  53.286
36	-136.229	13	   2.455	   6.587	  34.203
37	-134.719	12	  39.314	  15.230	  47.221
38	-134.617	13	  26.525	 -22.632	  38.856
39	-128.957	13	  19.941	 -18.460	  22.882
40	-126.086	12	  12.198	  -9.968	  26.666
41	-115.097	11	  10.318	   7.823	  54.274
42	-111.740	11	  31.096	   3.899	  18.199
43	-111.242	11	  34.706	 -19.303	  45.544
44	-108.101	11	  37.881	 -15.017	  19.022
45	-105.200	11	  47.340	 -12.214	  25.373
46	 -97.689	9	  48.282	  -7.519	  33.823
47	 -97.637	10	  47.057	 -16.540	  36.588
48	 -89.719	8	  13.656	  22.319	  33.753
49	 -81.090	8	  33.769	  -6.432	  56.451
50	 -79.983	8	  28.824	  17.146	  57.204
51	 -69.515	7	  33.131	   2.429	  60.639
52	 -63.127	6	   1.902	  -3.940	  33.865
53	 -60.482	6	  42.851	  -8.118	  54.052
54	 -51.172	5	   8.726	 -11.639	  34.593
55	 -50.502	5	  23.671	 -15.359	  15.548
56	 -50.259	5	   5.474	  12.910	  51.139
57	 -49.046	5	  34.482	  10.733	  21.174
58	 -47.334	5	  25.876	  18.324	  20.986
59	 -47.006	5	  42.528	   0.656	  22.956
60	 -40.176	4	  20.444	  25.951	  43.123
61	 -39.197	4	  42.479	   0.157	  54.096
62	 -38.834	4	  36.002	  10.337	  59.601
63	 -37.460	4	  43.692	   5.967	  32.621
64	 -29.318	3	  21.362	  11.332	  20.020
65	 -28.393	3	   4.700	  -7.974	  26.719
66	 -19.165	2	  24.172	 -18.241	  45.893
67	 -18.720	2	   4.700	   7.192	  26.854
68	 -12.826	1	  26.700	 -15.297	  33.365
69	  -9.431	1	  21.700	  18.703	  62.365
70	  -9.109	1	  28.700	 -25.297	  30.365
71	  -9.042	1	  23.700	  -3.297	  17.365
