1	-1511.908	131	  57.567	  27.355	  30.999
2	-1218.768	92	  78.281	  22.047	  29.155
3	-1059.306	105	  69.837	  23.007	  44.288
4	-1021.427	87	  71.219	  18.159	  34.812
5	-961.004	78	  63.823	  31.843	  47.221
6	-939.779	73	  61.858	  16.108	  35.961
7	-838.383	73	  49.112	  -5.113	  72.902
8	-824.895	63	  51.514	  19.244	  60.794
9	-698.495	57	  79.582	   8.093	   5.895
10	-697.436	56	  63.384	  -4.617	  70.498
11	-676.764	59	  47.304	  60.184	  26.236
12	-667.100	59	  70.437	   4.929	   4.877
13	-654.143	56	  66.574	  44.277	  64.813
14	-636.744	54	  48.365	  50.858	  33.854
15	-589.020	55	  90.170	  42.133	  13.814
16	-582.713	49	  79.767	   3.128	  75.297
17	-580.468	51	  60.451	  21.912	   6.406
18	-577.894	49	  58.982	  25.348	  21.951
19	-577.265	51	 100.294	  29.590	  11.037
20	-551.289	49	  68.187	  28.369	  35.239
21	-551.226	44	  45.849	  31.658	  22.242
22	-509.514	31	  52.308	  26.158	  41.846
23	-508.400	44	  68.737	  52.757	  56.871
24	-504.816	43	  48.754	  65.959	   4.997
25	-463.269	43	  73.466	  14.041	  78.162
26	-456.105	41	  77.871	  16.668	  -0.466
27	-436.916	40	  99.119	  34.572	  24.965
28	-423.212	39	  35.090	  39.234	  24.229
29	-404.381	38	  35.710	  52.871	  -0.517
30	-403.769	31	  49.553	  67.631	  28.856
31	-398.643	38	  37.674	  26.415	  15.619
32	-394.030	35	  55.551	  77.989	  25.360
33	-392.747	33	  40.212	  59.968	  18.374
34	-390.302	37	  64.142	  13.375	  42.290
35	-386.586	33	  57.127	  10.120	  13.979
36	-385.417	36	  91.806	  33.611	  33.278
37	-384.137	32	  43.601	  30.155	  50.283
38	-369.893	32	  76.438	  65.977	  18.786
39	-368.390	32	  56.669	   5.803	  24.285
40	-364.769	22	  70.909	  21.507	  17.495
41	-361.122	35	  73.277	  49.073	  61.119
42	-357.582	32	  61.120	  81.620	  16.452
43	-357.146	31	  85.670	  74.161	  23.510
44	-353.659	34	  47.142	  35.344	  46.210
45	-352.775	34	  93.215	  46.384	  33.399
46	-350.423	32	  72.359	  70.347	   3.334
47	-341.550	29	  47.922	  15.848	  47.489
48	-335.393	28	  87.691	  39.817	  29.735
49	-331.524	29	  65.175	  32.206	   9.955
50	-327.684	30	  75.777	  77.476	  16.120
51	-322.064	30	  39.543	  46.346	  34.449
52	-313.569	28	  76.338	  22.180	  56.499
53	-305.370	27	  86.889	  58.032	  33.317
54	-302.212	22	  71.480	  25.464	   9.478
55	-291.985	29	  74.213	  13.506	  47.490
56	-291.553	25	  40.814	  52.169	  24.592
57	-289.742	25	  63.705	  21.376	  71.113
58	-288.098	25	  52.074	  14.737	  37.007
59	-279.002	26	  74.359	   5.870	  26.664
60	-275.434	24	  77.331	   4.239	  82.820
61	-270.871	23	  97.205	  19.204	  10.202
62	-269.878	24	  86.511	  22.742	  34.082
63	-269.354	25	  56.672	  25.419	  71.644
64	-267.491	27	 100.687	  56.037	  26.860
65	-267.062	25	  79.534	  78.147	  32.054
66	-261.024	17	  82.425	  28.361	  24.294
67	-258.149	24	  72.961	  -1.407	  65.845
68	-256.540	17	  71.055	  12.951	  30.105
69	-251.060	23	  43.246	  21.812	  67.398
70	-244.206	23	  62.831	  -6.148	  60.882
71	-243.263	23	  99.773	  44.309	  15.270
72	-240.246	24	  50.617	   5.694	  49.693
73	-239.256	22	  45.613	  15.999	  54.287
74	-236.504	20	  88.641	  33.547	   1.933
75	-232.138	21	  85.649	  59.444	   4.573
76	-231.205	21	  74.563	  61.391	   6.331
77	-230.839	21	  54.048	  50.193	  28.680
78	-230.325	23	  42.414	  15.746	  40.200
79	-229.080	22	  67.862	  25.213	  -4.547
80	-228.882	20	  94.514	  59.780	  13.916
81	-225.416	21	  66.730	  54.473	  67.269
82	-224.760	22	  68.109	  31.802	  64.737
83	-223.774	22	  81.646	  23.041	  46.924
84	-222.271	20	  53.737	  46.881	  48.673
85	-219.166	22	  64.605	  79.328	  25.673
86	-216.943	18	  55.668	  59.585	   5.334
87	-216.591	22	  61.793	  57.513	  57.693
88	-214.152	19	  63.755	  69.448	   0.185
89	-213.891	20	  82.421	  35.452	  48.602
90	-213.313	20	  85.556	   8.503	  15.326
91	-211.550	19	  75.111	  33.992	  57.697
92	-209.612	20	  55.676	  48.504	  56.881
93	-209.484	21	  78.996	   4.525	  13.116
94	-207.273	20	  33.697	  18.666	  24.720
95	-207.176	20	  40.345	   8.009	  58.267
96	-206.042	19	  51.461	  17.833	  74.806
97	-205.698	21	  77.827	  10.840	  31.635
98	-201.096	19	  45.511	  -4.758	  62.354
99	-198.431	18	  34.259	  55.666	   8.579
100	-198.222	19	  59.299	   9.069	   6.462
101	-195.800	20	  50.887	  31.470	  72.442
102	-194.761	19	  80.458	  66.234	  29.780
103	-194.669	19	  59.047	   9.515	  46.285
104	-191.574	19	  47.318	  69.279	  36.762
105	-191.462	18	  88.409	  71.128	  35.465
106	-189.162	18	  90.219	  12.285	  21.887
107	-188.977	19	  94.122	  64.593	  40.372
108	-188.108	15	  56.361	  57.479	  46.509
109	-183.867	17	  40.662	  62.547	   5.429
110	-182.191	18	  73.072	  36.396	  35.994
111	-176.788	16	  39.612	  45.975	  -5.715
112	-176.637	15	  48.423	  49.973	  21.912
113	-174.061	16	  31.725	  30.453	  35.762
114	-172.364	15	  50.858	   8.915	  78.261
115	-170.588	17	  45.408	  60.290	  -4.653
116	-170.033	16	  41.836	  73.287	  24.587
117	-169.819	17	  96.427	  51.777	  40.454
118	-166.350	15	  76.169	  37.576	  21.722
119	-163.928	13	  74.086	  35.021	   7.097
120	-163.463	16	  49.348	  37.100	  64.018
121	-157.729	16	  86.020	  12.788	   4.058
122	-157.439	14	  63.789	  13.159	  -1.750
123	-156.380	14	  48.254	  76.983	  18.184
124	-154.951	15	  65.200	  47.388	  45.995
125	-152.861	14	  68.645	   3.268	  85.382
126	-151.826	15	  60.976	  -1.873	  80.904
127	-151.464	15	  90.372	  11.604	  10.816
128	-150.062	15	  77.359	  82.165	  24.104
129	-149.677	13	  57.782	  64.333	  29.444
130	-149.381	14	  72.105	   2.095	  57.157
131	-148.534	12	  59.190	  43.029	  39.746
132	-143.739	13	  81.469	  40.135	   6.217
133	-143.563	14	  54.303	  15.128	   6.746
134	-140.972	14	  42.529	   6.579	  67.625
135	-140.955	9	  92.831	  67.124	  27.634
136	-140.321	13	  79.153	  41.633	  53.477
137	-137.921	12	  70.627	  34.149	  42.366
138	-134.264	10	  76.310	  28.831	  14.754
139	-131.840	12	  46.238	   9.655	  17.702
140	-129.077	12	  65.119	  55.006	  47.067
141	-128.437	13	  78.770	  70.888	  41.074
142	-127.118	13	  35.433	  44.901	  13.872
143	-126.111	11	  53.635	  70.432	  10.454
144	-123.259	12	  85.113	  36.880	  38.811
145	-123.019	12	  51.268	  41.311	  52.578
146	-121.866	12	  86.768	  16.209	  29.734
147	-119.122	9	  83.318	  26.522	   3.590
148	-118.547	11	  72.407	  -4.009	  77.093
149	-118.411	12	  37.815	  21.996	  52.643
150	-117.343	12	  42.487	  15.980	  11.300
151	-116.865	11	  89.048	  21.283	   2.720
152	-116.593	12	  54.569	  -8.166	  80.049
153	-116.347	10	  62.095	  60.297	  35.377
154	-115.564	11	  28.951	  26.571	  24.305
155	-115.137	10	  51.125	  25.707	  10.918
156	-112.751	10	  73.132	  35.635	  14.865
157	-112.207	11	  60.139	   7.865	  82.935
158	-112.065	11	  55.149	  43.420	  65.295
159	-111.983	11	  53.598	  57.407	  -3.624
160	-108.705	10	  38.508	  33.503	  43.008
161	-107.020	9	  78.241	  15.280	  61.166
162	-106.639	11	  84.685	   6.916	  64.356
163	-106.260	9	  56.011	  72.098	  32.577
164	-103.155	10	  92.504	  52.087	  13.260
165	-101.062	10	  43.306	  14.137	  71.584
166	-100.858	10	  62.924	  64.253	  45.505
167	-100.380	10	 105.643	  26.641	  21.064
168	 -96.282	9	  42.587	  32.654	  60.691
169	 -96.132	9	  85.350	  57.821	  16.000
170	 -91.171	9	  46.106	  -3.987	  55.052
171	 -89.469	8	  81.471	  70.460	  13.010
172	 -87.753	8	  64.231	   1.235	  54.900
173	 -87.301	9	  99.462	  17.356	  21.374
174	 -85.202	8	  53.691	 -10.602	  64.187
175	 -82.610	8	  61.753	  66.971	  17.226
176	 -82.286	7	  78.944	  39.973	  28.786
177	 -82.270	8	  73.136	  39.965	  63.038
178	 -79.512	8	  38.302	  13.765	  64.289
179	 -77.488	8	 101.253	  65.288	  32.243
180	 -77.283	8	  49.825	  83.771	  21.139
181	 -74.906	8	  37.301	  41.752	   5.331
182	 -73.461	7	  69.931	   2.526	  20.752
183	 -72.406	7	  42.902	  52.487	 -10.311
184	 -71.905	7	  77.920	  67.218	  -2.483
185	 -68.067	7	  46.265	  52.415	   6.683
186	 -67.165	7	  65.274	  62.348	  62.498
187	 -61.391	4	  68.025	  12.461	  58.083
188	 -61.238	6	  33.976	  37.500	  38.535
189	 -61.060	6	  45.803	  77.806	  30.173
190	 -60.233	6	  72.459	  67.832	  36.905
191	 -58.996	6	  87.802	  47.983	  20.087
192	 -57.876	6	  74.807	  35.559	  -7.275
193	 -51.658	4	  40.605	  26.689	  32.225
194	 -50.865	5	  91.338	  66.037	  18.225
195	 -50.018	5	  86.917	  58.970	  44.617
196	 -49.667	5	  41.083	  11.282	  32.219
197	 -48.769	5	  88.168	  67.605	   5.444
198	 -48.318	4	  62.183	  38.652	  69.931
199	 -48.097	5	  68.297	  11.629	  84.019
200	 -47.436	5	 101.924	  56.843	  37.418
201	 -47.054	5	  74.122	   3.662	  -6.375
202	 -46.763	5	  49.710	   8.885	  10.795
203	 -42.694	4	  80.693	   7.861	  -2.550
204	 -39.623	4	  67.151	   2.852	  31.658
205	 -39.282	4	  81.585	   6.883	  55.763
206	 -38.702	4	  73.088	  59.630	  59.201
207	 -38.416	4	 101.651	  47.177	  27.679
208	 -37.706	4	  48.870	   5.898	  27.470
209	 -35.558	3	  39.769	  18.381	  46.225
210	 -33.055	2	  92.125	  35.174	  14.747
211	 -32.303	2	  77.125	  29.184	  44.225
212	 -31.248	3	  63.866	   2.652	  12.305
213	 -29.240	3	  81.071	  32.543	  -5.099
214	 -29.100	3	  70.472	  41.652	  44.541
215	 -28.747	3	  35.125	  46.307	  26.890
216	 -28.698	3	  36.138	  58.652	  -6.788
217	 -28.504	3	  80.446	  42.323	  43.237
218	 -28.502	3	  87.769	  26.658	  41.937
219	 -27.028	2	  89.125	  22.201	  18.225
220	 -26.693	2	  70.456	  23.648	  28.556
221	 -25.744	2	  53.715	  16.062	  54.406
222	 -22.028	2	  85.716	  60.834	  25.225
223	 -21.594	2	  49.631	   7.146	  63.742
224	 -21.204	2	  59.637	  51.652	  38.225
225	 -19.963	2	  59.125	  51.194	  68.683
226	 -19.797	2	  57.597	  -1.839	  50.716
227	 -19.754	2	  72.578	  22.652	  64.225
228	 -19.156	2	  48.125	  -0.348	  78.732
229	 -18.717	2	  46.089	  58.134	  37.671
230	 -18.526	2	  39.613	  13.164	  20.225
231	 -18.423	2	  53.125	  -7.348	  55.730
232	 -17.993	2	  52.623	  40.652	  25.222
233	 -17.619	1	  64.125	   2.652	  72.225
234	 -10.799	1	  55.125	  65.652	  41.225
235	 -10.625	1	  42.125	  39.652	  37.225
236	 -10.051	1	  71.125	  69.652	  25.225
237	  -9.398	1	  57.125	  61.652	  13.225
238	  -9.394	1	  95.125	  74.652	  27.225
239	  -9.376	1	  72.125	  10.652	  38.225
240	  -9.331	1	  65.125	  33.652	  26.225
241	  -9.263	1	  64.125	  31.652	  -5.775
242	  -9.234	1	  77.125	   0.652	   0.225
243	  -9.010	1	 102.125	  57.652	  13.225
244	  -9.005	1	  60.125	  74.652	   8.225
245	  -8.964	1	  59.125	   1.652	  18.225
