1	-1368.261	115	  37.605	   9.322	  36.509
2	-1231.555	106	  13.186	  11.932	  53.101
3	-933.864	85	  45.257	  -2.802	  49.446
4	-742.524	60	  27.731	   0.577	  28.004
5	-728.441	64	   8.477	  28.672	  43.236
6	-713.539	66	  43.749	  20.977	  40.421
7	-698.783	65	  -2.534	  40.125	  61.226
8	-698.511	64	  19.418	  17.705	  63.880
9	-696.145	64	  14.214	  32.521	  51.733
10	-666.403	63	   2.603	  13.373	  34.671
11	-664.366	60	  48.922	   6.769	  52.536
12	-639.808	53	  44.043	  18.967	  56.010
13	-595.548	58	  31.857	 -11.578	  37.163
14	-592.676	43	   8.073	   3.416	  43.294
15	-559.454	52	  11.728	 -16.581	  39.066
16	-547.902	45	  27.216	  30.514	  57.764
17	-530.147	48	  68.185	   2.072	  45.698
18	-471.743	44	  29.394	  19.476	  63.890
19	-452.516	42	  40.480	  26.274	  48.869
20	-435.728	38	  57.378	  26.647	  47.375
21	-415.820	37	  12.321	   2.245	  17.649
22	-415.644	36	  19.857	  30.641	  73.949
23	-412.646	38	  -7.773	  26.790	  41.316
24	-396.132	37	  24.996	  -6.350	  27.339
25	-382.441	35	  31.834	   6.635	  63.306
26	-371.534	36	  29.456	  18.887	  28.411
27	-366.758	34	  14.552	  -6.948	  50.957
28	-365.989	34	  30.020	  29.727	  39.462
29	-357.790	35	  66.165	  -7.438	  45.153
30	-357.682	31	  23.887	  11.238	  23.051
31	-356.988	35	  11.804	   4.833	  59.085
32	-352.517	33	   0.199	   5.550	  64.083
33	-349.462	34	  37.276	  12.307	  29.447
34	-339.649	33	  51.891	  26.656	  32.752
35	-337.832	33	  38.600	   1.464	  66.343
36	-336.514	32	   8.408	  41.302	  57.122
37	-330.476	29	   5.008	  -0.271	  36.269
38	-317.759	32	  34.328	  -3.917	  23.093
39	-313.977	30	  14.533	  16.329	  75.525
40	-307.688	29	  26.715	  32.660	  28.237
41	-307.537	29	   6.411	  24.262	  32.468
42	-296.411	28	  44.551	   6.335	  15.497
43	-282.356	26	  45.774	  11.993	  20.379
44	-281.176	28	  -0.964	   2.050	  45.476
45	-277.494	26	  41.614	 -13.440	  38.644
46	-276.776	26	  61.526	   5.821	  54.122
47	-273.250	24	  52.753	 -14.690	  39.076
48	-272.023	26	  17.897	   1.595	  57.366
49	-267.917	24	  11.749	  39.909	  65.616
50	-263.475	26	   8.371	  -3.887	  43.971
51	-261.148	24	  29.871	  -3.915	  67.665
52	-259.108	23	   5.688	  18.121	  74.737
53	-256.648	24	 -12.280	  29.605	  55.413
54	-250.313	23	  -3.866	  -1.341	  60.384
55	-250.125	22	  62.981	  14.005	  52.215
56	-239.341	24	  -7.852	  39.126	  50.889
57	-238.642	23	  22.562	  -3.589	  60.001
58	-238.209	17	  22.338	   4.553	  43.341
59	-226.428	21	  25.344	  36.052	  38.476
60	-221.472	22	  34.631	   8.811	  12.636
61	-216.138	20	  37.597	 -12.227	  48.250
62	-208.837	20	  -9.002	  40.266	  58.223
63	-201.135	18	  -2.858	  15.951	  64.464
64	-196.288	19	  46.083	 -13.206	  28.865
65	-194.275	19	  -8.192	  32.507	  66.012
66	-193.247	16	  21.192	   7.109	  37.274
67	-187.841	17	  57.278	  20.093	  29.035
68	-184.682	18	  35.439	  27.665	  45.104
69	-176.373	17	  34.903	  20.179	  37.119
70	-174.769	15	  63.664	  -9.213	  35.602
71	-168.485	16	  16.551	  32.995	  22.193
72	-166.952	17	  38.470	 -12.837	  56.852
73	-166.874	11	  29.260	  15.744	  48.826
74	-161.052	16	  61.226	  -2.579	  30.575
75	-159.291	16	  -9.827	  12.924	  53.206
76	-159.023	16	   0.459	  30.040	  71.365
77	-158.730	16	  -9.915	  14.424	  43.931
78	-156.610	15	   2.467	  -7.777	  57.761
79	-152.271	15	  32.246	 -14.498	  64.704
80	-144.149	13	  55.009	   6.386	  25.808
81	-144.097	14	  50.940	  -5.320	  23.721
82	-138.424	13	  15.444	 -20.629	  28.926
83	-137.617	14	  67.723	   3.338	  33.901
84	-132.821	13	   3.141	  -3.947	  17.821
85	-126.585	12	  11.489	  33.923	  34.006
86	-125.182	12	  22.229	  10.021	  59.466
87	-123.019	12	  33.142	  23.978	  60.296
88	-119.960	12	  70.930	  11.869	  47.080
89	-118.027	12	  57.223	  18.145	  55.754
90	-117.682	12	  21.948	 -13.778	  56.990
91	-116.430	12	  19.505	  21.241	  20.245
92	-116.110	11	  26.042	 -15.350	  51.022
93	-115.297	12	  10.244	  30.951	  26.040
94	-108.257	10	  23.720	  18.168	  77.131
95	-106.708	10	  30.265	   1.707	  20.535
96	-105.889	10	  49.029	  33.538	  38.712
97	-102.660	10	  12.368	  19.052	  22.914
98	-102.118	10	   3.624	  38.909	  71.387
99	 -99.171	10	  71.279	  -3.646	  37.314
100	 -97.568	10	  18.869	  36.499	  43.015
101	 -96.722	10	  36.876	  17.304	  23.902
102	 -95.568	9	  19.322	  36.184	  56.714
103	 -95.171	8	   3.632	  41.443	  49.903
104	 -93.724	8	  59.609	  -3.442	  53.868
105	 -87.500	9	  68.513	  12.905	  40.712
106	 -85.694	8	  51.541	  12.861	  56.577
107	 -82.330	8	  20.279	  38.076	  64.068
108	 -81.986	8	   0.276	   4.199	  26.733
109	 -80.215	8	  64.617	  20.619	  40.803
110	 -77.605	8	   8.889	  31.573	  75.307
111	 -69.852	5	  31.844	  -1.743	  35.406
112	 -60.551	6	  44.803	   1.278	  60.945
113	 -60.474	6	   1.643	  10.942	  73.690
114	 -59.441	6	   3.169	  -7.100	  29.646
115	 -57.260	6	  21.979	  41.544	  34.193
116	 -56.145	6	  51.256	 -11.227	  49.297
117	 -55.042	5	   4.337	  11.441	  27.068
118	 -52.159	5	  11.631	  -8.307	  18.639
119	 -51.675	4	   9.032	  23.473	  52.404
120	 -51.651	5	  47.270	  22.679	  20.211
121	 -51.024	3	  46.643	   4.832	  42.816
122	 -49.870	5	  20.388	 -18.210	  43.518
123	 -49.726	5	   3.429	  47.126	  65.973
124	 -49.268	5	  59.969	  12.679	  28.996
125	 -48.755	5	  49.479	  33.714	  49.578
126	 -47.879	5	   4.349	   7.780	  18.210
127	 -46.865	5	   6.029	 -14.938	  30.047
128	 -44.052	4	   7.641	   4.404	  73.816
129	 -40.556	4	  54.876	  18.088	  22.049
130	 -40.374	4	  14.879	   7.830	  72.570
131	 -39.791	4	  12.638	  11.088	  20.115
132	 -38.724	4	  71.619	   3.064	  52.781
133	 -38.055	4	  58.886	  33.845	  40.330
134	 -37.362	4	  29.620	  26.543	  74.645
135	 -36.982	4	  43.673	  25.118	  26.827
136	 -36.416	4	  22.150	  39.843	  25.326
137	 -31.996	2	  19.643	  22.088	  49.425
138	 -31.102	3	  -7.709	  19.800	  59.464
139	 -28.900	3	  17.636	 -12.268	  23.497
140	 -28.103	3	  -6.001	  -3.607	  50.813
141	 -20.077	2	   7.784	  -4.377	  65.745
142	 -19.918	2	  34.643	  -2.388	  14.292
143	 -19.846	2	  21.993	 -21.502	  34.466
144	 -19.289	2	  37.593	  17.600	  15.866
145	 -18.941	2	  66.163	  10.568	  34.336
146	  -9.654	1	  -0.357	  38.088	  42.816
147	  -9.260	1	  20.643	  25.088	  82.816
148	  -9.243	1	 -14.357	  24.088	  47.816
149	  -9.235	1	  56.643	 -13.912	  31.816
150	  -9.095	1	  12.643	 -26.912	  35.816
151	  -8.949	1	  57.643	  27.088	  23.816
