1	-867.227	77	  33.956	  18.164	  10.249
2	-845.092	78	  41.860	  17.295	   8.167
3	-680.995	58	  30.468	  13.266	  14.866
4	-594.882	43	  20.651	   8.157	   2.101
5	-555.553	52	  30.925	  19.187	   4.084
6	-373.089	31	  26.072	  15.713	  -4.369
7	-293.082	27	  26.387	  -4.577	  -1.637
8	-288.629	26	  31.238	  20.016	  20.411
9	-283.905	27	  37.631	   9.165	  -8.701
10	-193.088	18	  34.526	  -2.304	   8.693
11	-191.535	18	  36.819	  13.054	  29.222
12	-166.681	16	  43.545	   4.749	  17.378
13	-156.511	15	  39.366	  28.125	  29.391
14	-149.453	15	  48.265	   5.928	   1.027
15	-135.164	13	  35.296	  30.406	  11.242
16	-130.906	13	  47.592	  20.612	  29.018
17	-127.221	12	  16.302	   2.157	  10.860
18	-120.060	12	  34.506	  22.957	  31.628
19	-118.065	12	  43.287	  24.551	   7.890
20	-116.593	11	  44.600	  10.542	  -3.567
21	-116.049	12	  31.018	  11.527	  22.133
22	-115.505	12	  26.461	   0.920	 -13.294
23	-110.042	11	  33.296	  20.775	  -6.958
24	-108.440	11	  18.327	  11.316	  11.092
25	-107.472	10	  35.056	  -1.284	  -9.162
26	 -96.017	10	  37.087	  -5.428	  -2.000
27	 -90.987	9	  41.923	   6.648	  26.569
28	 -87.287	9	  33.010	   2.255	  18.939
29	 -70.952	7	  20.523	   8.230	  -9.788
30	 -66.696	6	  44.488	  27.618	  15.693
31	 -54.097	5	  46.890	  26.659	  23.820
32	 -50.309	5	  50.697	  17.050	  18.219
33	 -47.699	5	  48.107	   6.123	  10.411
34	 -41.723	4	  21.253	   3.017	  16.629
35	 -32.291	3	  27.697	  11.791	 -12.659
36	 -30.631	3	  40.023	  24.476	  -0.716
37	 -21.366	2	  24.697	  -4.028	  10.125
38	 -14.014	1	  38.697	  12.476	  17.629
39	  -9.189	1	  18.697	   1.476	  -5.371
40	  -9.097	1	  30.697	  27.476	  21.629
41	  -9.015	1	  19.697	  -3.524	   2.629
