1	-1464.013	129	  13.757	   4.638	  14.019
2	-670.767	55	  18.023	   5.421	  19.703
3	-647.372	61	  13.635	  12.053	  27.536
4	-596.230	57	  14.504	   9.145	   6.862
5	-443.675	40	   8.367	  21.989	   9.106
6	-435.131	39	   0.047	  18.778	   4.172
7	-430.152	41	  11.995	  26.667	  19.786
8	-347.209	33	  -6.655	  20.373	  18.120
9	-334.083	29	   0.360	   0.823	  29.871
10	-308.765	27	  18.149	  19.960	  21.028
11	-295.643	28	  18.445	  20.381	   9.603
12	-259.336	25	  22.892	   1.931	  10.441
13	-253.052	24	   0.641	  10.101	   1.392
14	-252.464	22	   7.848	   2.149	   1.118
15	-237.967	21	  21.666	  -8.687	  21.945
16	-237.777	22	  -7.814	   1.720	   9.792
17	-225.063	21	  -8.256	  -0.679	  20.356
18	-212.550	17	  -4.879	   8.800	  15.518
19	-200.424	19	  -0.659	  -7.289	   0.735
20	-197.628	19	  24.211	  10.353	  13.874
21	-195.870	20	  -0.454	  29.952	  16.088
22	-195.608	15	  -0.032	  -9.353	  10.392
23	-186.449	17	   2.685	  10.252	  31.157
24	-172.853	16	   7.325	  24.131	  25.761
25	-158.495	14	  -7.548	  -4.773	  26.224
26	-152.395	15	  -5.769	  -9.710	  15.052
27	-146.370	14	  13.909	  -6.061	  27.470
28	-144.369	13	  -0.375	 -11.999	  22.058
29	-141.046	13	  -8.381	  16.621	  10.640
30	-139.642	13	 -10.331	  18.811	   3.850
31	-131.579	13	   7.452	 -12.379	  20.560
32	-120.948	12	  14.965	   1.621	  28.592
33	-120.368	12	   0.395	  -9.687	  32.186
34	-113.945	11	  -6.264	  -1.144	   1.976
35	-113.107	11	  15.597	  24.474	  30.744
36	-107.245	11	  -8.553	  26.358	   9.205
37	 -99.929	10	   7.143	 -11.448	   1.300
38	 -81.219	8	   7.937	  -3.876	  31.477
39	 -79.820	8	  -4.477	  17.846	  -1.551
40	 -69.408	7	  -9.185	  12.576	  24.136
41	 -59.762	6	  17.806	  -1.309	   0.194
42	 -55.950	6	  23.655	  -7.323	  11.024
43	 -52.486	5	  18.214	 -14.156	   9.087
44	 -39.777	4	  -6.966	   5.465	  28.995
45	 -33.004	3	   0.655	  20.172	  29.964
46	 -18.216	2	   8.153	 -12.658	  31.683
47	 -10.195	1	  16.655	 -14.156	  16.683
