1	-793.895	72	  15.558	  40.439	  22.330
2	-743.830	63	  18.493	  49.012	  41.857
3	-538.111	51	  19.894	  66.880	  12.732
4	-494.382	44	  31.686	  47.208	  41.927
5	-487.694	42	  11.220	  62.935	  43.136
6	-447.579	42	  31.087	  66.778	  34.230
7	-421.424	39	  18.263	  48.604	  13.794
8	-420.935	39	  18.276	  57.418	  45.491
9	-418.763	38	  10.065	  51.915	  45.943
10	-385.851	35	  20.503	  60.661	  18.945
11	-343.876	33	  -4.231	  43.704	  36.515
12	-304.482	28	  -4.338	  52.826	  27.571
13	-301.052	26	   1.675	  47.471	  19.822
14	-300.971	29	  18.124	  42.174	  38.730
15	-281.371	26	  29.460	  63.270	  50.458
16	-278.419	26	  24.541	  68.630	  31.516
17	-265.559	21	   5.151	  57.422	  21.693
18	-254.588	23	  10.307	  37.265	  36.812
19	-250.172	22	  -0.264	  42.180	  25.486
20	-237.679	22	  12.874	  75.605	  27.171
21	-236.879	23	  28.342	  54.651	  22.200
22	-233.820	23	  15.631	  58.335	   3.534
23	-232.358	21	  10.425	  63.704	  17.767
24	-218.052	20	  37.629	  51.455	  46.784
25	-216.318	20	  -5.078	  49.683	  43.869
26	-199.181	20	  36.915	  57.107	  33.775
27	-198.549	18	   5.040	  68.380	  27.868
28	-194.289	18	  20.307	  72.112	  39.395
29	-183.102	18	  29.354	  47.552	  28.777
30	-168.817	16	   6.797	  53.554	  13.246
31	-147.643	14	  30.020	  42.447	  35.940
32	-143.704	14	  27.133	  71.741	  22.574
33	-125.703	12	  22.624	  46.476	  51.032
34	-123.608	12	   8.134	  45.451	  11.703
35	-120.856	12	   0.627	  64.537	  34.231
36	-113.885	11	  -0.366	  57.570	  44.729
37	-101.301	10	   6.674	  37.064	  26.483
38	 -97.560	10	  19.041	  74.741	  18.541
39	 -92.822	9	  22.608	  36.563	  32.905
40	 -83.040	8	  23.682	  56.956	  54.622
41	 -77.771	7	  26.160	  47.233	  57.137
42	 -70.008	7	  -9.276	  50.550	  35.632
43	 -69.870	7	   6.527	  39.991	  50.580
44	 -69.788	7	  12.202	  31.090	  32.022
45	 -62.988	6	  32.138	  64.951	  22.908
46	 -60.082	6	   8.618	  59.512	   6.916
47	 -55.244	5	  37.964	  61.471	  49.570
48	 -50.856	5	  11.464	  47.621	   4.376
49	 -48.912	5	  11.012	  75.826	  40.566
50	 -39.514	4	  33.406	  51.060	  58.340
51	 -38.433	4	   0.896	  47.857	  53.077
52	 -37.549	4	  -4.606	  58.554	  34.419
53	 -31.209	2	  29.975	  58.374	  37.295
54	 -30.182	3	   0.509	  38.116	  33.043
55	 -28.645	3	  24.098	  75.781	  11.098
56	 -20.456	2	  26.925	  39.818	  53.851
57	 -18.567	2	  39.419	  67.818	  42.352
58	 -11.108	1	   1.419	  36.818	  41.851
59	 -10.277	1	  34.419	  41.818	  52.851
60	  -9.510	1	  17.419	  70.818	   5.851
