1	-2054.637	173	  10.836	  14.730	  51.787
2	-1909.587	162	   8.458	  14.296	  28.869
3	-1394.129	114	   8.331	   0.652	  59.249
4	-1317.696	106	  16.757	   2.891	  22.192
5	-938.847	83	  21.892	  24.089	  23.934
6	-849.703	72	  -5.070	  14.708	  12.835
7	-830.279	73	  11.912	   1.516	  30.683
8	-828.476	67	  23.160	  21.104	  68.925
9	-786.468	61	  11.111	  27.086	  70.211
10	-769.911	69	   3.844	  25.206	  13.445
11	-748.800	52	  18.278	   5.858	  46.442
12	-741.358	46	   9.750	  11.738	  39.117
13	-737.961	66	  12.767	   0.868	  50.966
14	-672.316	60	  32.844	  -7.259	  52.713
15	-655.114	57	  -2.790	 -14.427	  28.039
16	-629.565	42	   5.175	   3.476	  35.754
17	-610.333	56	  12.342	   7.331	  56.564
18	-568.762	51	  -5.666	  15.268	  58.300
19	-524.946	49	  10.447	   6.598	  24.740
20	-454.365	41	  25.456	   2.555	  14.376
21	-445.808	38	  23.203	 -18.818	  32.129
22	-441.280	40	  -8.119	  14.393	   4.982
23	-424.943	38	  21.917	  17.221	  46.873
24	-422.520	37	  17.855	  -8.375	   6.875
25	-417.251	39	   0.692	   8.657	  25.033
26	-411.222	35	  12.249	  -9.797	  74.712
27	-401.282	36	  -2.597	  11.576	  34.691
28	-395.433	38	  30.689	 -21.438	  37.832
29	-394.251	37	  20.536	  12.603	  56.965
30	-391.454	34	  -3.520	  22.483	  56.957
31	-361.594	33	   1.358	  -4.670	  66.835
32	-360.302	34	  15.444	  26.799	  35.817
33	-359.889	36	  30.556	   4.684	  52.645
34	-359.413	33	  23.561	   2.519	  50.702
35	-358.563	31	  25.389	  -9.969	  19.438
36	-358.245	34	  28.624	  -5.617	  72.657
37	-351.680	33	  14.879	  19.509	   2.307
38	-349.764	30	  27.433	  -4.147	  40.196
39	-344.381	31	  -6.229	   1.601	  57.324
40	-327.772	31	  30.228	  20.291	  34.751
41	-327.753	30	   6.202	 -14.499	  61.960
42	-327.167	32	  -4.732	  -3.320	  29.044
43	-325.970	26	  17.592	 -20.220	  40.921
44	-324.915	28	  11.659	 -22.017	  48.455
45	-324.142	30	  38.599	   3.514	  63.218
46	-311.437	29	 -11.580	   9.964	  45.415
47	-304.017	28	   6.293	  18.345	   3.430
48	-301.954	27	  17.652	  -0.365	  56.462
49	-301.950	27	   8.861	  -2.225	  25.220
50	-291.667	27	   3.867	  15.114	  79.702
51	-287.425	27	   2.803	  -1.624	  30.271
52	-286.546	27	   3.766	 -12.563	  10.497
53	-284.569	27	  31.653	   8.921	  77.519
54	-279.228	27	   0.028	  21.208	  39.711
55	-272.992	26	  23.551	 -11.567	  11.922
56	-270.770	26	  20.884	 -12.497	  71.179
57	-266.764	24	  10.199	 -22.493	  20.231
58	-265.216	23	  -1.767	   0.395	  21.030
59	-264.944	22	  25.889	   5.799	  61.130
60	-263.429	25	  12.753	 -14.920	  11.202
61	-259.150	25	  -6.004	   9.526	  68.106
62	-256.855	23	  26.284	 -17.624	  61.581
63	-255.286	22	   8.458	  36.569	  14.136
64	-253.138	24	   1.824	  34.815	  69.306
65	-250.769	24	   4.277	 -26.841	  42.381
66	-248.821	22	   2.086	  -9.180	  42.236
67	-247.799	24	  -8.301	  24.174	  77.569
68	-239.501	22	  29.223	  10.788	  24.145
69	-229.955	22	  10.660	  18.478	  78.783
70	-227.972	21	  18.624	  38.508	  10.493
71	-227.531	20	  19.592	 -26.215	  55.713
72	-220.711	22	 -10.464	 -11.132	   9.064
73	-219.766	20	   2.589	  -5.937	  55.920
74	-219.247	22	  28.876	   0.191	  78.066
75	-217.037	22	  25.991	  17.312	  14.142
76	-216.047	21	  -9.899	  15.419	  52.102
77	-206.613	19	  -1.033	  23.832	  47.913
78	-202.352	20	  12.939	  23.560	  61.052
79	-193.865	19	  13.745	 -27.431	  36.753
80	-192.323	19	   2.674	 -21.603	  24.571
81	-192.293	19	  12.940	 -17.448	  68.312
82	-191.042	18	  -1.252	   2.747	  71.356
83	-190.288	18	  20.089	 -26.219	  26.231
84	-187.946	18	  22.023	  10.387	   7.613
85	-187.562	19	  34.196	  14.063	  67.694
86	-179.760	18	  -3.234	  -8.313	   5.347
87	-176.766	17	  15.458	  29.911	  25.141
88	-176.272	17	  22.556	  29.240	   5.651
89	-173.533	17	   8.677	  -0.877	  78.135
90	-164.622	16	  -8.754	  31.284	  70.889
91	-162.029	16	   3.718	  18.482	  21.450
92	-158.776	15	  13.833	   9.738	  83.849
93	-158.505	16	  32.480	 -16.505	  54.855
94	-156.123	15	   8.107	   9.241	  -2.255
95	-153.984	15	 -11.697	   3.043	  17.093
96	-153.789	15	  39.122	   1.314	  72.420
97	-148.884	12	  23.345	  22.636	  78.177
98	-148.727	14	   5.837	 -14.539	  70.115
99	-144.055	14	 -12.451	  -8.442	  17.988
100	-143.518	14	  18.001	   1.061	   3.370
101	-142.248	14	  29.223	 -10.693	  67.278
102	-135.048	12	  24.058	  -0.429	  24.971
103	-133.743	13	 -17.412	  19.019	  65.578
104	-131.244	13	   9.787	  -1.695	  -0.230
105	-128.845	12	 -12.134	  10.686	  16.104
106	-124.564	9	  13.313	  -0.646	  40.985
107	-123.803	11	  -0.118	 -15.506	  36.381
108	-119.684	11	  25.522	 -17.741	  23.842
109	-115.337	11	 -13.211	   1.216	   9.143
110	-114.766	11	  -4.688	   6.414	   1.908
111	-113.567	11	  30.748	   1.249	  31.861
112	-112.294	11	  31.298	  20.785	  65.722
113	-109.458	10	  -3.791	  -3.177	  42.560
114	-109.371	11	  -0.689	  30.704	  79.477
115	-107.968	10	   7.907	 -22.268	  55.637
116	-105.608	10	  24.770	  13.211	  80.465
117	-105.178	10	  23.676	 -24.428	  43.528
118	-104.194	10	   4.515	 -13.912	  53.975
119	-103.769	10	  -5.988	  -1.258	   3.229
120	 -99.471	10	  32.151	  30.200	  18.088
121	 -98.463	10	  11.717	  30.931	   2.756
122	 -96.993	9	  -9.486	  -0.952	  49.312
123	 -89.707	9	   3.637	  -7.582	   1.731
124	 -89.203	8	   1.217	  23.094	  78.559
125	 -88.350	8	  26.301	  -8.233	  27.344
126	 -87.305	9	  17.684	  -0.010	  82.248
127	 -84.797	6	   1.682	  21.833	  61.668
128	 -83.419	8	  28.639	   7.541	  39.262
129	 -79.293	8	  13.395	  24.430	  44.602
130	 -77.152	8	 -14.953	 -11.333	  25.526
131	 -73.557	7	  31.891	 -10.586	  36.442
132	 -72.511	7	   2.617	   7.196	  76.708
133	 -71.703	7	   2.218	 -17.725	  15.932
134	 -70.325	7	  31.944	   0.683	  45.940
135	 -61.902	6	  33.622	  10.754	  33.864
136	 -58.829	6	  31.349	 -23.721	  45.490
137	 -57.467	6	   0.805	  25.344	   5.343
138	 -57.407	5	  11.091	  25.212	  21.081
139	 -50.368	5	  22.714	  35.258	  18.531
140	 -47.485	5	  36.931	  -5.728	  73.340
141	 -47.459	5	  19.910	 -21.512	  63.174
142	 -46.284	5	  33.326	  24.496	  11.927
143	 -45.316	5	  21.328	 -19.722	  15.746
144	 -42.303	4	  -4.056	  -7.541	  35.681
145	 -41.392	4	   1.691	 -17.307	  44.994
146	 -39.932	4	   8.681	  34.694	  76.941
147	 -39.901	2	  15.449	 -10.317	  40.941
148	 -37.747	4	  17.855	  18.206	  82.136
149	 -37.543	4	   7.681	  25.702	  53.170
150	 -37.052	4	   6.700	  26.190	  29.196
151	 -31.557	3	   3.944	  26.367	  42.595
152	 -30.664	3	  11.944	 -30.916	  25.840
153	 -29.636	3	   5.156	 -27.728	  33.561
154	 -27.611	3	  26.214	 -27.992	  51.556
155	 -20.545	2	  -3.056	  29.137	  60.941
156	 -19.171	2	 -11.560	 -15.317	  31.941
157	 -18.802	2	   6.391	  28.718	  59.941
158	 -18.295	2	  22.947	  28.682	  31.942
159	 -17.659	1	  13.944	   8.683	  64.941
160	 -14.444	1	   2.944	  -3.317	  14.941
161	 -12.928	1	  21.944	  14.683	  27.941
162	 -10.999	1	 -14.056	  12.683	  70.941
163	 -10.809	1	 -11.056	  27.683	  63.941
164	 -10.775	1	   2.944	  15.683	   9.941
165	 -10.706	1	 -11.056	  -3.317	  22.941
166	 -10.378	1	  29.944	  12.683	  48.941
167	  -9.642	1	 -17.056	  27.683	  71.941
168	  -9.557	1	 -11.056	   0.683	  35.941
169	  -9.239	1	  -9.056	  19.683	  37.941
170	  -9.021	1	   0.944	  35.683	  13.941
171	  -9.006	1	  28.944	  38.683	  11.941
172	  -8.916	1	  42.944	   2.683	  54.941
