1	-1011.961	83	  41.262	  87.128	  64.946
2	-927.090	79	  31.638	  94.652	  58.292
3	-733.306	67	  31.237	  84.139	  53.324
4	-726.905	61	  43.945	 105.534	  33.317
5	-679.239	63	  26.756	  95.563	  66.135
6	-670.827	53	  11.593	  67.751	  59.878
7	-652.612	58	  42.638	  71.797	  53.278
8	-644.083	57	  36.437	  78.334	  52.024
9	-617.031	56	  47.406	  77.547	  49.576
10	-615.811	48	  54.845	 104.295	  53.750
11	-522.272	47	  46.087	 120.686	  73.638
12	-498.926	45	  51.533	 111.842	  30.836
13	-489.851	44	   7.788	  61.158	  66.719
14	-474.338	44	  45.678	  94.636	  33.643
15	-470.019	44	  42.811	  86.730	  37.743
16	-459.004	41	  34.709	  90.441	  49.544
17	-438.387	34	  29.113	  68.537	  74.296
18	-435.043	41	  10.930	  78.455	  61.310
19	-434.423	41	  70.140	 102.200	  48.451
20	-425.129	38	  17.961	  86.375	  57.527
21	-423.200	38	  50.658	  52.245	  71.123
22	-416.558	34	  43.220	 112.810	  34.850
23	-412.631	34	  27.560	  77.936	  84.926
24	-411.685	36	  65.685	 109.689	  41.955
25	-400.210	35	  20.529	  70.410	  87.451
26	-394.078	37	  25.315	  60.227	  55.576
27	-344.425	31	  15.268	  63.869	  83.056
28	-343.330	32	  37.656	 113.091	  45.965
29	-337.490	33	  12.774	  95.752	  74.723
30	-297.430	28	  35.453	 117.253	  74.743
31	-296.698	27	  48.600	 118.211	  49.928
32	-291.339	27	  27.265	  55.332	  67.447
33	-290.280	27	  62.118	  77.315	  41.564
34	-286.761	28	  53.303	  55.984	  60.160
35	-277.807	25	  27.948	  67.287	  51.013
36	-272.796	24	  60.436	  87.551	  48.474
37	-271.444	27	  10.870	  85.119	  66.918
38	-267.302	26	  51.590	  64.109	  49.197
39	-252.591	24	  34.631	 100.159	  65.706
40	-250.328	22	  65.607	  95.235	  55.158
41	-250.061	24	  45.475	  79.060	  42.060
42	-243.929	24	  58.705	 103.949	  63.450
43	-240.378	17	  35.026	  76.985	  74.764
44	-229.935	22	  25.719	 110.072	  70.993
45	-221.375	21	  42.821	  62.437	  64.952
46	-219.159	20	  34.534	  85.549	  76.643
47	-218.686	15	  53.954	  96.225	  59.553
48	-215.398	20	  13.118	  58.456	  58.726
49	-210.705	20	  40.528	  71.336	  80.781
50	-210.505	20	  42.567	 110.140	  64.705
51	-206.956	19	  21.735	  52.288	  76.110
52	-206.745	17	  22.869	  85.519	  78.471
53	-180.679	17	  19.970	  95.046	  63.516
54	-179.072	18	  55.299	  88.333	  33.946
55	-173.762	17	  44.203	  76.883	  66.344
56	-172.571	17	  56.003	  87.210	  58.937
57	-167.556	16	  30.505	 108.068	  52.729
58	-166.203	15	  64.711	 112.761	  50.874
59	-165.091	16	  57.474	 121.270	  43.233
60	-157.472	16	  44.257	  66.336	  72.990
61	-155.770	14	  59.629	 118.917	  50.331
62	-153.330	14	  43.700	  96.380	  66.544
63	-151.267	15	  51.074	 115.981	  86.102
64	-149.132	14	  34.490	 104.967	  40.478
65	-142.757	14	  29.398	  99.087	  50.805
66	-140.960	12	  33.581	  72.672	  83.449
67	-140.043	13	   3.783	  72.066	  74.615
68	-131.216	13	  67.977	  94.440	  41.367
69	-128.412	13	  34.146	 113.223	  62.864
70	-128.067	12	  52.876	  72.801	  37.831
71	-127.508	13	  53.917	 115.887	  74.979
72	-125.342	12	  49.720	 106.815	  67.776
73	-117.182	12	  60.999	  58.895	  73.466
74	-115.034	11	  55.807	 114.181	  56.200
75	-114.641	11	  13.752	  78.001	  84.329
76	-113.668	11	  54.429	  72.050	  52.128
77	-112.913	11	  60.973	  97.748	  30.370
78	-108.206	11	  50.246	  56.593	  78.625
79	-105.428	10	  28.652	 101.500	  73.281
80	-101.449	10	  41.650	 113.676	  58.061
81	-100.954	10	  42.461	  59.661	  56.102
82	-100.175	10	  12.863	  92.225	  66.248
83	 -99.354	10	  38.209	  57.178	  73.134
84	 -98.578	10	  58.416	  48.135	  63.935
85	 -98.472	9	  23.444	  59.826	  83.576
86	 -98.195	10	  51.531	 115.740	  63.383
87	 -95.708	10	  53.681	  92.866	  67.795
88	 -94.093	9	  59.962	  98.175	  68.984
89	 -93.419	9	  36.113	  59.843	  61.687
90	 -91.335	9	  40.728	 126.299	  79.208
91	 -89.764	9	  63.087	  53.564	  79.470
92	 -88.587	9	  32.233	  64.444	  81.074
93	 -88.305	9	  29.774	  57.004	  76.113
94	 -83.334	9	  55.949	  80.361	  34.910
95	 -83.118	8	  65.098	  83.472	  36.106
96	 -82.486	6	  45.164	  82.901	  60.143
97	 -78.415	8	  18.503	  68.422	  51.545
98	 -78.330	8	  18.302	  78.395	  51.304
99	 -73.896	7	  35.550	  96.244	  37.737
100	 -67.881	7	  43.353	  79.965	  75.907
101	 -67.049	7	   7.705	  59.211	  75.966
102	 -60.599	6	  35.757	  81.236	  82.953
103	 -51.631	5	  45.351	 120.568	  35.612
104	 -50.858	5	  32.581	  90.618	  41.986
105	 -49.517	5	  14.939	  51.606	  71.480
106	 -49.352	5	  61.744	  91.702	  62.143
107	 -49.020	5	  44.949	 112.572	  74.933
108	 -47.135	5	  53.842	 102.368	  26.787
109	 -38.936	4	  65.741	 108.617	  58.010
110	 -37.971	4	   6.257	  78.793	  73.787
111	 -37.563	4	   3.770	  69.820	  62.050
112	 -29.426	3	  51.440	 123.228	  79.474
113	 -28.505	3	  26.463	 107.177	  61.046
114	 -26.464	2	  30.380	  88.897	  71.181
115	 -20.684	2	  13.770	 100.036	  67.791
116	 -20.633	2	  13.130	  88.030	  81.263
117	 -19.951	2	  58.931	 109.638	  27.952
118	 -18.990	2	  61.258	 115.558	  34.279
119	 -18.602	2	  36.268	 121.063	  82.788
120	  -9.589	1	  69.770	 102.558	  36.791
121	  -9.588	1	  62.770	  48.558	  70.791
122	  -9.479	1	  37.770	  97.558	  52.791
123	  -9.214	1	  42.770	 115.558	  86.791
124	  -9.068	1	  43.770	 121.558	  42.791
