1	-1033.092	73	  23.046	  -0.040	  56.190
2	-1011.383	88	  24.120	  -7.811	 -13.207
3	-981.297	77	  28.396	  10.576	  -6.060
4	-960.652	85	  18.437	   7.776	 -13.077
5	-934.053	81	  16.768	  -0.340	  82.082
6	-890.754	64	  20.947	  -0.312	  12.641
7	-881.752	67	  13.973	 -10.781	  -5.588
8	-876.234	67	  31.080	  11.544	  73.806
9	-774.290	61	  17.643	 -12.813	  73.508
10	-743.680	65	  32.706	   0.748	  81.053
11	-732.125	68	  31.212	 -21.497	  55.756
12	-673.228	57	  26.665	 -18.996	  18.881
13	-647.443	46	  17.997	  16.112	  13.749
14	-638.943	49	  29.492	   1.275	  21.583
15	-618.368	58	  32.732	   0.731	  30.438
16	-589.300	53	   7.933	  -9.171	  16.880
17	-587.768	45	  19.915	   8.273	  46.476
18	-586.970	51	   3.102	  -2.432	  50.152
19	-581.733	52	  43.821	   2.266	  12.241
20	-581.567	48	  42.221	   3.567	  48.281
21	-574.642	51	  46.055	  -4.481	  -6.995
22	-562.983	43	  12.817	  -0.889	  21.711
23	-555.038	51	  18.298	 -34.775	  17.333
24	-530.334	49	  25.451	  15.835	  50.809
25	-518.397	46	  -3.864	   5.035	  -6.308
26	-517.534	46	  48.443	 -18.512	  57.334
27	-509.072	47	   0.248	   1.051	  22.716
28	-495.991	46	  52.779	  18.022	  50.277
29	-493.229	41	  -1.218	  19.539	  61.169
30	-488.017	36	  25.408	  -7.401	  46.679
31	-484.171	44	  33.878	   8.863	  17.204
32	-475.338	45	  23.498	  35.108	  16.960
33	-469.088	41	  -7.002	  14.164	   8.951
34	-457.611	40	  39.424	 -20.300	  73.457
35	-440.310	39	   8.991	  19.981	  75.816
36	-439.865	42	  26.226	 -10.644	  37.056
37	-439.403	42	  -5.603	   3.146	  81.935
38	-438.915	40	  12.557	  18.660	  46.692
39	-435.640	39	  20.217	 -18.044	  54.495
40	-433.661	37	  -6.153	   1.756	  49.975
41	-433.056	40	  15.196	  19.354	  20.603
42	-430.551	38	  45.088	 -13.757	  77.925
43	-430.272	37	   7.319	  25.538	  20.651
44	-429.199	37	  48.916	 -14.854	   9.192
45	-398.066	38	  10.111	  -0.559	  30.082
46	-384.107	35	  22.590	  22.283	 -11.679
47	-380.784	35	  17.223	  10.295	  38.756
48	-379.931	34	   4.628	  -9.904	  82.571
49	-378.132	36	  36.901	 -25.860	 -11.845
50	-365.439	34	  -8.995	  -3.711	  65.750
51	-360.716	30	  -0.907	  14.162	 -10.567
52	-360.158	32	   6.352	  28.894	   2.532
53	-352.994	33	  20.778	 -22.997	 -13.013
54	-349.267	31	  -1.217	  -2.802	  13.145
55	-347.066	32	  -0.939	  19.687	  18.986
56	-345.501	31	  30.618	 -18.217	  45.987
57	-336.365	31	  48.499	  -7.565	   1.932
58	-334.252	32	  41.804	 -27.224	   0.201
59	-332.481	31	  23.201	  -9.829	  82.054
60	-331.498	32	   8.863	  26.777	 -12.702
61	-330.191	29	   2.423	  12.558	  82.896
62	-324.011	30	  -7.790	 -17.192	  54.357
63	-323.837	30	  19.841	 -12.814	  48.683
64	-321.365	22	  22.715	 -15.064	  12.104
65	-318.039	22	  37.686	   5.376	  55.186
66	-309.033	28	  -0.064	   5.255	 -16.648
67	-308.683	27	  28.843	  17.956	  73.711
68	-308.093	29	  42.785	 -19.739	  19.151
69	-304.906	30	  56.666	   4.758	  61.098
70	-304.644	30	  54.627	  -3.909	  78.406
71	-301.582	22	   8.709	  -4.718	  57.180
72	-297.781	27	  30.624	 -31.497	   4.436
73	-295.994	27	  -4.042	  11.125	  50.634
74	-294.147	29	  14.130	  32.998	   2.295
75	-293.638	29	  57.277	  -8.096	  66.174
76	-293.300	27	  45.295	  10.305	  80.263
77	-292.204	26	  42.574	  -5.181	 -16.614
78	-287.789	27	  42.794	 -21.429	  64.819
79	-277.702	27	  23.987	  10.548	  83.082
80	-277.612	26	  38.520	  13.301	   8.273
81	-275.735	26	  -6.461	   8.334	   1.029
82	-271.468	25	   4.763	  21.510	  68.221
83	-271.326	26	  30.036	   3.010	 -15.161
84	-270.504	24	  42.910	 -14.431	 -11.038
85	-270.482	23	  41.316	   0.736	  21.303
86	-269.383	25	  45.652	   5.471	   0.243
87	-263.987	25	  44.639	  -4.324	  25.315
88	-257.902	23	  16.037	  22.087	  56.650
89	-257.288	23	   7.156	 -11.794	  -5.721
90	-256.203	22	  34.143	 -24.750	  20.360
91	-252.223	24	  15.465	  24.567	  77.983
92	-252.162	24	  -2.804	  18.562	  72.111
93	-249.862	24	  27.324	 -15.518	 -17.262
94	-247.573	22	  18.628	  24.795	  68.493
95	-237.771	23	  44.779	  -8.776	  83.983
96	-237.576	21	  38.507	 -16.363	  83.657
97	-236.294	22	  29.439	 -24.291	  67.492
98	-235.309	23	  -4.827	  -9.052	  42.431
99	-222.553	20	  -3.724	  -5.344	  -0.040
100	-220.900	22	  11.080	  17.908	  85.675
101	-220.180	22	  10.980	  23.541	  63.094
102	-218.058	21	  33.772	  11.217	  43.580
103	-217.853	20	  35.224	  11.713	  -5.877
104	-214.980	19	   7.825	   8.743	  39.020
105	-211.935	21	  -4.723	  -2.677	  -9.329
106	-207.597	19	  49.696	  -9.080	  46.237
107	-203.622	20	   3.943	 -15.053	   6.561
108	-201.131	19	  -1.936	  25.532	  -0.023
109	-200.768	19	  12.050	  -4.340	 -14.190
110	-199.595	19	  49.791	 -16.846	  -0.257
111	-198.790	20	  -2.960	  30.179	  11.055
112	-196.827	19	  50.888	 -18.570	  67.742
113	-196.680	18	  56.598	   8.877	  67.308
114	-191.239	19	  37.146	 -15.006	 -17.565
115	-190.021	19	  29.222	  23.693	   1.330
116	-189.770	19	   7.265	 -17.252	  68.634
117	-189.145	18	  38.985	  18.035	  67.029
118	-187.348	19	 -12.251	 -10.761	  47.283
119	-186.687	18	  16.824	  27.501	  27.137
120	-183.800	17	 -14.359	   9.800	  59.409
121	-183.620	17	  54.749	   5.303	  75.316
122	-183.601	17	  24.876	   0.198	  83.529
123	-182.811	17	  -8.898	  -8.484	  71.687
124	-182.108	18	   2.149	  24.759	 -10.861
125	-180.851	18	  14.188	  36.014	  23.925
126	-180.597	18	  -5.243	   1.114	   6.407
127	-177.060	16	  20.823	   0.841	 -15.308
128	-170.957	16	  -7.608	  17.247	  -0.371
129	-168.805	17	  58.486	   9.180	  41.950
130	-168.707	17	  12.919	 -23.428	   1.251
131	-168.474	17	  42.748	  -3.258	  43.496
132	-165.490	16	  25.874	 -27.775	  26.852
133	-164.710	16	  15.045	  13.550	 -16.959
134	-164.635	16	  36.451	 -18.034	  42.192
135	-163.952	16	  44.495	 -31.110	  12.736
136	-162.777	16	   2.118	 -20.798	  57.196
137	-161.009	15	  33.876	 -24.227	  77.137
138	-159.825	15	  39.904	   0.421	  83.992
139	-157.776	15	  40.338	  14.058	  75.567
140	-157.503	16	  26.499	  33.755	   4.272
141	-154.965	15	  26.032	  12.823	  24.388
142	-154.725	15	  50.479	  19.959	  62.344
143	-154.724	15	  18.433	 -22.412	  63.916
144	-153.264	12	  49.231	  -0.961	  47.080
145	-152.190	15	  61.250	  -7.119	  53.109
146	-151.982	15	  27.828	 -36.078	  23.578
147	-151.538	15	   5.009	  15.007	 -17.564
148	-149.682	15	  33.364	 -16.313	  23.559
149	-145.143	9	  -1.740	   7.593	  70.334
150	-144.050	13	  45.934	   4.366	  -9.437
151	-142.171	14	  15.240	 -33.378	   4.144
152	-141.522	13	  27.235	 -33.557	  -1.966
153	-141.281	14	  10.318	  -0.161	  86.387
154	-140.996	14	  -3.328	 -19.169	  65.946
155	-138.133	13	  14.537	  -9.246	  43.630
156	-135.410	13	  28.009	  22.702	  62.096
157	-134.987	13	  46.871	 -17.219	  49.634
158	-132.906	12	  -5.516	  -6.081	  79.148
159	-125.461	13	 -10.505	   5.703	  69.340
160	-124.282	11	  48.540	   6.143	  40.327
161	-124.239	12	  15.276	 -20.103	  -7.860
162	-123.756	12	  28.526	 -30.122	  -8.701
163	-122.224	12	 -10.470	 -15.601	  63.340
164	-115.341	11	  16.256	 -13.131	  24.567
165	-114.943	12	  -5.856	  11.637	  17.040
166	-113.007	11	  24.746	 -19.162	  80.058
167	-111.751	11	   8.718	 -13.576	  77.384
168	-111.432	11	   7.685	  16.417	  22.910
169	-106.561	11	  18.821	 -31.276	  -4.174
170	-102.661	10	   5.264	 -10.123	  45.501
171	-100.879	10	   2.557	   4.462	  45.655
172	-100.121	10	 -12.262	   6.474	  50.343
173	 -97.485	10	  15.394	  13.641	  32.639
174	 -92.479	8	   6.706	   8.038	  28.792
175	 -90.016	9	  30.883	  28.411	  12.890
176	 -89.969	9	  47.361	 -12.077	  17.339
177	 -88.705	9	  14.877	  30.458	  -8.852
178	 -86.000	8	  62.164	   6.928	  49.659
179	 -84.257	9	  51.648	  15.281	  71.154
180	 -77.462	8	  -3.821	 -14.079	  75.309
181	 -77.328	8	  15.214	  21.159	 -18.705
182	 -77.082	8	  60.896	  -1.374	  56.818
183	 -76.138	8	 -12.073	  -0.374	  44.906
184	 -74.773	7	  -7.887	  11.961	  73.115
185	 -73.659	7	  49.335	   3.859	  23.267
186	 -72.472	7	  20.390	  37.687	   7.033
187	 -71.526	7	  27.340	  10.618	  33.572
188	 -71.469	7	   0.554	  18.710	  52.148
189	 -70.510	7	  15.123	 -10.704	  34.429
190	 -69.733	5	  29.990	  11.797	  56.063
191	 -68.135	7	  21.834	 -37.869	   7.027
192	 -67.434	6	  57.285	  -4.969	  44.896
193	 -67.380	7	  38.402	 -33.668	   9.685
194	 -66.455	7	  31.678	  21.701	  54.514
195	 -63.837	6	  13.454	 -26.684	  19.294
196	 -63.344	6	  35.411	  -9.043	  36.909
197	 -62.338	6	   1.755	  -7.152	 -14.166
198	 -61.737	6	  10.296	 -27.246	  10.724
199	 -60.055	6	  57.404	  16.488	  59.697
200	 -59.936	6	  12.261	  -8.889	  85.105
201	 -58.078	6	   1.127	 -16.497	  46.325
202	 -57.517	6	   5.596	  34.979	  11.151
203	 -53.136	5	  50.753	  13.292	  38.889
204	 -52.018	5	   0.475	  28.371	  21.148
205	 -51.701	5	  23.869	  15.147	 -15.414
206	 -51.086	5	 -15.517	   0.092	  59.371
207	 -50.918	5	  31.629	 -11.092	  86.684
208	 -49.323	5	  12.814	  28.961	  45.158
209	 -49.040	5	  44.046	  21.544	  54.563
210	 -48.976	5	  -8.066	   3.709	  25.797
211	 -48.913	5	  42.632	  18.368	  45.869
212	 -48.781	5	  -8.551	  -4.234	  22.997
213	 -48.706	5	   7.284	  -3.064	  37.538
214	 -48.502	5	  17.820	 -21.852	  24.103
215	 -47.923	5	  28.633	  28.656	  20.111
216	 -47.841	5	  22.624	  31.731	  -3.903
217	 -46.693	4	  41.258	 -28.343	  21.148
218	 -43.364	3	  31.114	 -21.753	   4.988
219	 -42.168	4	  47.739	   3.496	  85.148
220	 -42.023	4	  23.228	  21.635	  82.401
221	 -40.598	4	  40.282	   7.147	 -14.302
222	 -39.718	4	   2.754	  -2.901	  88.148
223	 -38.832	3	   4.700	  20.856	  -0.852
224	 -38.392	3	  49.920	  -5.845	  66.819
225	 -37.960	4	  35.120	 -31.094	  26.002
226	 -35.692	2	  13.747	 -10.853	  11.655
227	 -34.944	3	  16.517	 -10.472	  57.529
228	 -34.418	3	  44.560	  -1.987	  59.878
229	 -33.689	3	  14.023	  24.033	   4.148
230	 -32.222	3	  35.536	  -7.042	  27.712
231	 -31.968	2	  22.827	  -0.853	  34.148
232	 -31.531	2	  28.254	  10.689	  11.690
233	 -31.306	2	  48.173	   4.688	  62.148
234	 -29.522	3	   7.829	   0.847	 -19.066
235	 -29.062	2	  19.882	 -14.597	  64.776
236	 -28.664	3	  31.211	 -27.491	  45.159
237	 -27.941	3	  -1.051	  -9.219	   7.843
238	 -26.896	3	  35.588	  15.481	  18.812
239	 -23.097	2	   8.707	 -10.400	   4.148
240	 -21.519	2	  32.758	   9.651	   3.652
241	 -20.561	2	  10.790	   8.147	  88.148
242	 -19.916	1	  38.254	 -20.853	   0.148
243	 -19.166	2	  24.324	  21.612	  24.078
244	 -19.096	2	   8.192	  31.147	  27.086
245	 -18.882	2	  55.254	   1.651	  39.644
246	 -18.568	2	  41.189	   1.147	 -20.852
247	 -18.487	2	  -4.245	  -1.853	 -18.353
248	 -18.385	2	  53.254	 -15.353	  76.148
249	 -18.300	2	   5.744	  27.147	  51.148
250	 -18.225	2	  59.254	 -18.853	  58.650
251	 -15.800	1	   8.254	  10.147	  60.148
252	 -14.461	1	  39.254	  -9.853	  57.148
253	 -13.278	1	  43.254	  11.147	  56.148
254	 -12.776	1	   1.254	   2.147	  65.148
255	 -12.409	1	   7.254	   8.147	   0.148
256	 -10.724	1	  39.254	 -26.853	  49.148
257	 -10.249	1	  36.254	  -9.853	   9.148
258	  -9.937	1	  13.254	  -0.853	  71.148
259	  -9.745	1	  49.254	 -27.853	   6.148
260	  -9.656	1	  18.254	  17.147	  89.148
261	  -9.535	1	  65.254	   0.147	  47.148
262	  -9.415	1	  35.254	 -23.853	  85.148
263	  -9.358	1	  13.254	   4.147	  34.148
264	  -9.353	1	  10.254	 -16.853	  46.148
265	  -9.071	1	  18.254	 -14.853	 -15.852
266	  -9.059	1	  53.254	  -3.853	  18.148
