1	-1070.039	93	  15.131	  -9.914	  19.220
2	-1024.591	88	  22.095	  16.165	  70.252
3	-808.394	69	   7.958	  -7.575	  58.384
4	-761.360	65	  29.488	  13.454	   7.230
5	-664.373	62	 -13.866	   1.479	  77.376
6	-649.114	56	  -4.909	  15.943	  61.842
7	-635.172	55	  42.542	  -9.705	  11.169
8	-634.295	50	  39.063	  14.502	  24.590
9	-585.476	54	  32.884	  10.796	   1.778
10	-583.012	56	  52.752	   4.418	  24.729
11	-567.633	44	  -1.690	  -8.240	  75.893
12	-555.870	51	   4.396	  -4.723	  52.768
13	-501.183	47	   6.675	  16.680	  24.181
14	-492.036	40	  25.357	   7.482	  36.116
15	-480.994	45	  -3.900	  11.104	  85.084
16	-470.544	39	  11.969	  -1.159	  87.343
17	-466.511	44	  41.138	  -5.174	  33.898
18	-424.497	39	  36.227	   8.386	  74.460
19	-419.760	39	  28.036	  -0.278	  36.832
20	-415.140	36	  24.076	  19.777	  24.222
21	-415.096	40	  15.931	   6.946	  47.484
22	-412.104	38	   8.826	   6.495	  87.926
23	-407.893	38	   1.184	  -2.319	  23.330
24	-401.310	38	   6.432	 -14.184	  75.239
25	-390.959	37	  15.590	  11.813	  31.828
26	-382.200	36	   9.454	  26.457	  89.822
27	-377.945	34	   8.190	  -6.226	   9.955
28	-371.315	36	  21.308	  -0.680	  -3.619
29	-371.016	35	  -9.106	   8.371	  53.224
30	-350.065	33	  46.513	  -2.635	   2.605
31	-345.119	32	  17.260	  11.132	   0.619
32	-341.309	32	  20.265	  -4.763	  51.351
33	-337.854	32	  31.622	  20.500	  23.825
34	-329.009	31	  20.745	  -6.483	  83.008
35	-326.887	29	  14.139	 -13.790	  75.455
36	-323.944	30	  28.676	 -12.034	  74.677
37	-323.007	29	  46.338	   7.175	  29.563
38	-317.375	29	  17.614	  19.356	  55.806
39	-297.011	27	  19.395	 -13.658	   5.208
40	-293.851	24	  30.146	   3.743	  -4.366
41	-283.642	27	  41.189	   7.238	  -4.994
42	-281.183	27	   1.195	  10.267	  48.137
43	-273.549	21	   7.183	   2.009	  46.903
44	-272.292	26	  36.382	  -3.855	  -2.925
45	-271.909	26	   5.070	  28.780	  71.356
46	-267.392	25	  28.833	 -22.499	  35.350
47	-264.512	24	  26.510	 -15.157	   2.613
48	-260.670	25	  14.420	  23.670	  62.472
49	-258.641	25	  54.462	   2.068	  12.579
50	-258.598	22	  30.083	  11.235	  61.591
51	-255.386	23	  10.561	  21.152	  53.890
52	-255.265	25	   9.030	 -22.432	  58.976
53	-248.429	24	  28.182	  28.445	   7.761
54	-242.739	23	 -17.151	   4.031	  63.646
55	-236.245	22	  32.332	  -7.346	  43.487
56	-234.265	22	  24.981	 -13.469	  56.204
57	-229.708	22	  39.004	  25.663	   6.322
58	-224.748	22	 -11.458	  13.302	  70.425
59	-223.269	21	  12.300	  19.454	   5.078
60	-218.903	22	 -10.678	 -14.768	  70.776
61	-218.299	21	  17.944	 -17.403	  21.734
62	-217.016	21	  -2.023	 -19.604	  57.458
63	-204.784	19	  34.035	   2.689	  81.065
64	-204.095	20	  36.064	 -22.379	  23.161
65	-203.094	19	  23.292	 -17.294	  11.872
66	-200.653	19	  -2.495	  -1.509	  46.103
67	-199.449	20	  47.614	  21.227	  19.304
68	-198.708	19	  19.314	  23.593	  72.859
69	-198.533	19	  48.628	  -7.342	  19.541
70	-192.830	18	   3.436	   3.350	  30.028
71	-190.505	15	  22.535	  13.764	  60.363
72	-186.818	18	   1.898	  -2.327	  88.610
73	-185.944	18	  30.872	 -21.915	  16.981
74	-180.280	17	   5.117	  19.696	   9.217
75	-177.139	16	   3.715	  13.844	  94.578
76	-172.316	16	  28.911	  -7.767	  51.716
77	-171.722	17	  33.369	  -0.183	  54.973
78	-170.381	17	  26.555	 -18.543	  41.526
79	-168.862	16	  40.931	  -0.105	  69.437
80	-164.752	14	  25.758	  17.776	  36.305
81	-163.147	16	  11.019	  -5.619	   0.138
82	-162.838	15	  34.070	  -6.974	  77.057
83	-161.695	15	  -3.592	   6.306	  17.959
84	-160.686	16	   4.030	   6.407	   3.668
85	-160.291	15	   8.713	  13.557	   0.698
86	-158.278	16	  50.003	  21.988	   8.278
87	-156.035	13	  11.529	 -11.733	  87.287
88	-153.762	15	  26.239	  11.838	  51.186
89	-149.405	14	  32.073	 -13.644	  60.163
90	-142.471	14	  26.813	   8.269	  84.223
91	-140.191	14	  36.539	 -12.386	   1.262
92	-139.771	14	  35.110	  11.421	  37.755
93	-136.846	13	  10.597	  -2.362	  33.108
94	-128.856	12	  -6.186	  -0.821	  82.007
95	-127.725	12	  25.658	  25.938	  19.515
96	-124.845	10	   1.853	  -3.378	  68.232
97	-124.679	8	  16.910	  -6.317	   9.886
98	-122.198	12	  -9.887	   0.280	  46.774
99	-122.173	11	  11.312	 -19.457	  70.567
100	-121.121	12	  34.693	  13.412	  66.713
101	-121.116	11	  43.033	 -15.073	  24.398
102	-117.980	11	  34.769	   3.763	  37.108
103	-117.270	12	  14.521	  16.168	  89.280
104	-112.006	11	  35.406	   8.232	  55.581
105	-111.327	11	   2.368	  -7.122	  15.379
106	-110.629	11	 -19.219	   2.776	  52.194
107	-108.122	11	  56.732	  11.089	  11.934
108	-105.706	9	  -5.627	  20.906	  74.990
109	-105.636	8	  35.363	   9.295	  16.801
110	-103.717	9	  34.549	  18.133	  34.305
111	-103.176	10	 -19.351	  -4.462	  70.767
112	-103.145	10	   1.737	  -1.957	   4.533
113	-102.132	10	  22.764	 -10.260	  38.023
114	-100.467	10	  37.086	 -17.903	  43.865
115	 -92.990	9	  31.090	  22.850	   3.634
116	 -92.588	9	   1.791	  20.405	  52.342
117	 -92.075	9	  23.969	 -23.267	  27.635
118	 -90.275	9	  -1.657	  26.716	  71.383
119	 -83.027	8	   5.972	 -17.119	  54.857
120	 -82.559	8	  11.681	  29.737	  80.017
121	 -82.296	8	  56.365	   3.045	   0.938
122	 -82.220	8	 -13.659	 -13.598	  57.167
123	 -81.862	8	  -5.092	 -11.953	  51.460
124	 -81.752	7	   2.869	 -11.865	  85.521
125	 -77.610	8	  50.132	   4.300	  -4.071
126	 -74.656	7	  41.919	  18.531	   0.560
127	 -74.146	7	   0.169	  23.490	  95.061
128	 -70.662	7	 -12.170	 -17.697	  62.545
129	 -66.497	7	   0.233	  20.614	  19.409
130	 -62.594	6	  50.813	  14.526	  28.682
131	 -61.975	6	 -13.831	  -8.435	  79.691
132	 -60.798	5	  19.919	  -7.176	  30.900
133	 -60.542	5	  18.140	  12.502	  81.150
134	 -59.913	6	 -19.351	  -4.488	  61.677
135	 -59.101	6	  28.291	   2.536	  46.527
136	 -58.329	6	  37.106	 -14.338	  70.846
137	 -50.779	5	  27.951	  -2.951	  81.504
138	 -48.405	5	  25.507	  33.046	  15.474
139	 -47.955	5	   1.234	  28.434	  84.499
140	 -47.289	5	  20.812	  21.541	  81.096
141	 -41.989	4	  17.032	   5.403	  38.757
142	 -39.125	4	  12.062	 -26.954	  66.683
143	 -38.602	4	  36.385	 -21.211	  35.173
144	 -38.443	4	  11.649	  25.525	  19.679
145	 -38.440	3	  -1.084	  -0.123	  56.683
146	 -37.676	4	  -4.355	 -27.192	  65.177
147	 -36.778	2	  38.649	   6.538	   5.683
148	 -31.825	3	  21.079	   1.190	  88.873
149	 -29.464	3	   9.649	   3.362	  -4.940
150	 -29.163	3	  25.649	 -19.288	  71.017
151	 -28.734	3	  17.324	 -17.629	  30.342
152	 -28.604	3	  22.649	  10.365	  43.002
153	 -20.345	2	   0.649	 -22.473	  72.683
154	 -19.085	2	  43.164	  32.531	  15.198
155	 -19.060	2	  36.649	  28.554	  21.683
156	 -18.348	2	   3.641	  27.550	  59.683
157	 -18.145	2	  33.640	 -21.450	   8.179
158	 -10.139	1	  39.649	  -9.954	  41.683
159	  -9.860	1	   2.649	   6.046	  41.683
160	  -9.568	1	  18.649	  23.046	  88.683
161	  -9.283	1	   4.649	  19.046	 100.683
162	  -8.927	1	  34.649	   0.046	  -9.317
