1	-1112.621	90	   0.196	  -7.516	   8.678
2	-635.692	56	  -7.276	  -1.781	  13.493
3	-615.680	52	   3.251	 -13.117	  11.354
4	-557.437	50	   0.046	  -3.824	 -12.123
5	-520.280	48	   6.967	  10.070	  32.473
6	-510.675	47	  12.059	 -11.253	   5.690
7	-483.494	39	  -0.529	  -3.041	   3.271
8	-460.123	41	  14.239	  14.794	  25.663
9	-408.278	36	  14.010	   2.899	  30.480
10	-373.144	36	  13.557	   0.252	   5.378
11	-372.724	34	 -11.716	 -13.186	   4.946
12	-345.466	33	  -7.901	 -11.704	  -4.866
13	-328.151	32	  10.917	   4.547	  -3.443
14	-322.634	26	   3.786	  18.744	  11.669
15	-310.302	29	  10.052	  -9.411	 -12.949
16	-293.185	24	  12.053	  15.472	   9.360
17	-265.005	24	  -1.924	  -7.275	  24.081
18	-255.442	24	  16.975	  12.121	  15.199
19	-247.802	24	  -6.400	   3.439	  30.325
20	-243.898	21	  16.471	 -15.652	   0.748
21	-231.051	23	  14.151	  23.982	  21.880
22	-223.201	20	  -4.142	   4.395	  -3.986
23	-222.382	21	   4.369	  21.704	  28.546
24	-216.071	22	  -7.012	  15.944	  17.612
25	-205.742	20	  18.027	   2.853	  14.543
26	-199.457	18	 -12.760	  -4.130	   1.477
27	-195.623	20	   8.094	 -20.593	  -1.362
28	-171.418	17	   5.491	  14.428	   2.587
29	-156.874	16	  10.398	  -2.591	 -11.863
30	-154.134	14	  11.534	 -14.246	  15.914
31	-147.509	14	  19.099	  -1.432	  24.200
32	-147.463	15	  -2.624	 -18.032	 -11.313
33	-146.930	14	  -3.190	  11.874	   2.064
34	-146.385	14	  -9.981	   2.104	   5.860
35	-133.514	12	  -6.869	   5.480	  12.019
36	-124.598	12	   4.836	   2.081	  34.750
37	-122.553	12	  14.775	   8.477	   5.064
38	-111.948	11	  -5.874	  11.131	  27.753
39	-110.041	10	  -4.061	 -21.669	  -0.333
40	-106.653	10	  -3.255	 -17.712	   7.621
41	 -95.105	9	   3.678	  25.180	  17.903
42	 -82.878	8	 -10.871	  -3.899	  24.481
43	 -82.308	8	  19.506	  -8.181	  19.363
44	 -69.968	7	  11.100	  -7.628	  30.030
45	 -69.778	7	  12.553	  30.498	  25.609
46	 -48.979	5	  22.099	 -11.364	  -2.643
47	 -48.125	5	  19.296	 -16.611	 -14.675
48	 -31.123	3	  17.444	  -5.232	  -0.535
49	 -30.657	3	   1.491	  -5.525	  31.137
50	 -20.156	2	 -15.871	  -6.232	   8.613
51	 -18.947	2	 -13.846	   5.330	  18.112
52	 -18.935	2	   3.605	 -17.232	 -15.863
53	 -18.041	2	   6.623	 -21.232	   7.137
54	 -12.938	1	  11.129	   7.768	  13.137
55	  -9.970	1	  19.129	  -7.232	  -8.863
56	  -9.103	1	  16.129	  23.768	  29.137
