1	-714.378	61	  42.397	   1.132	   7.728
2	-658.824	62	  21.318	  16.946	  28.966
3	-628.685	56	  -8.083	  -6.592	  19.132
4	-570.455	50	  26.230	  -8.142	   2.681
5	-569.783	51	   7.008	 -12.860	  23.543
6	-545.242	49	  13.664	  16.516	  17.706
7	-503.306	46	  11.747	   2.258	  22.299
8	-492.419	39	  18.711	   3.696	   2.449
9	-490.206	42	  37.694	  -8.726	  35.061
10	-459.594	41	  12.117	  -4.715	   1.918
11	-445.269	37	  -8.152	   7.376	  13.434
12	-439.921	39	  38.850	  15.925	  23.103
13	-431.534	38	  22.677	   0.772	  20.961
14	-399.921	37	  14.051	 -18.493	  17.580
15	-399.422	32	  33.114	   6.995	  30.880
16	-392.313	26	  20.512	   7.747	  10.305
17	-358.706	30	  25.869	   6.080	  29.793
18	-355.907	35	  29.898	 -25.058	  14.855
19	-339.827	30	  47.033	   2.094	  21.521
20	-336.195	32	  39.113	 -12.969	   8.482
21	-333.629	31	  39.076	 -23.260	  23.713
22	-316.484	29	  -3.872	  11.170	   6.487
23	-312.188	29	  31.198	 -13.467	   4.950
24	-298.957	28	  30.018	 -13.314	  30.865
25	-284.624	27	  29.732	  27.794	  18.687
26	-273.247	26	  -7.005	  -1.913	   4.370
27	-268.314	23	  -0.302	 -12.881	   7.911
28	-266.581	24	  21.785	 -13.999	  24.171
29	-252.897	22	  15.931	  16.570	   3.124
30	-247.590	23	  35.715	  22.767	  13.342
31	-242.230	24	  45.201	 -13.920	  31.373
32	-237.890	20	  29.414	  20.315	   1.438
33	-213.195	21	   1.448	 -11.632	  31.694
34	-211.706	20	  19.964	 -15.404	   2.821
35	-204.329	19	  43.927	  -0.916	  34.294
36	-193.170	17	  17.977	  23.196	   9.576
37	-189.424	19	  30.054	  12.643	  -3.315
38	-185.007	17	   0.717	   3.318	   1.648
39	-184.116	18	  46.375	  10.675	  13.960
40	-178.885	18	  13.457	   9.664	  24.011
41	-176.252	17	  46.761	  -6.951	  22.018
42	-156.615	15	  39.476	  -2.975	   0.361
43	-151.381	15	  37.880	 -23.330	  17.102
44	-145.116	14	  45.861	   4.329	  -0.952
45	-144.898	14	  -0.337	 -18.107	  18.326
46	-136.097	14	 -12.738	  -6.313	  10.300
47	-132.898	13	  -3.727	  -3.084	  29.345
48	-131.798	13	   7.106	 -12.571	   2.354
49	-119.205	11	  41.717	 -15.687	  15.799
50	-117.327	12	  28.746	  17.350	  32.990
51	-111.406	11	  -4.548	 -15.980	  30.074
52	-109.978	11	  -4.812	  13.984	  18.122
53	-109.270	11	   8.450	   0.555	  31.294
54	-109.207	11	   8.365	   4.585	   0.710
55	-102.291	10	  40.961	 -23.383	  36.968
56	-102.029	10	  48.063	  11.352	   6.542
57	 -99.385	10	   7.080	  14.872	   4.152
58	 -83.103	8	  -7.878	 -11.482	  13.081
59	 -80.084	8	  27.282	 -22.408	   7.025
60	 -79.707	8	  39.738	  21.012	   6.092
61	 -79.223	8	  20.495	  25.969	  21.819
62	 -76.841	7	  -7.176	   5.437	  22.463
63	 -72.650	5	  28.594	 -14.522	  14.691
64	 -70.131	7	  41.493	  14.927	   0.584
65	 -69.147	7	 -15.197	   1.340	  11.184
66	 -67.601	7	  24.166	  29.809	   9.779
67	 -59.678	6	  25.094	   0.755	  -1.699
68	 -52.981	5	  21.503	 -25.863	  18.261
69	 -51.187	5	  13.477	 -19.263	   9.532
70	 -50.398	5	  41.084	   9.115	  30.682
71	 -50.236	5	  20.844	  11.129	  36.102
72	 -40.082	4	  35.342	  -0.310	  35.795
73	 -38.347	4	   3.306	  18.169	  12.086
74	 -38.285	4	  46.070	  -6.615	  12.827
75	 -30.616	3	  20.396	  20.220	  40.613
76	 -29.561	3	  38.784	  -3.717	  27.929
77	 -29.063	3	  26.859	 -25.715	  27.016
78	 -28.644	3	  47.093	 -23.079	  30.267
79	 -28.579	3	  46.697	  10.628	  23.350
80	 -21.723	2	  19.383	  10.207	  -2.560
81	 -21.068	2	   3.602	   7.917	  29.295
82	 -19.470	2	   2.560	  -3.550	  13.828
83	 -19.112	2	  35.045	   3.869	  -5.181
84	 -18.945	2	  21.599	  25.423	   3.307
85	 -18.025	2	   4.093	  -4.580	  36.295
86	 -12.135	1	  32.093	  13.917	  17.295
87	 -10.335	1	  35.093	 -29.083	  30.295
88	 -10.078	1	   3.093	  14.917	  20.295
89	  -9.663	1	  22.093	  -5.083	  28.295
90	  -9.109	1	   4.093	 -20.083	  11.295
