1	-588.156	51	  41.970	   2.256	  30.603
2	-548.397	47	  37.022	  -0.149	  13.614
3	-542.550	52	  52.640	  11.918	  18.187
4	-519.651	36	  42.060	  16.316	  14.480
5	-462.476	36	  25.659	  10.765	   6.192
6	-453.946	37	  37.480	  23.179	  17.006
7	-346.210	34	  52.125	  29.962	  -1.261
8	-344.875	31	  31.635	  20.095	  11.989
9	-335.805	29	  39.023	  23.572	  30.280
10	-302.663	27	  52.855	  29.620	  13.548
11	-300.725	30	  31.375	  11.264	  37.192
12	-291.865	29	  50.385	  20.432	  23.561
13	-265.420	24	  59.495	  25.347	   3.150
14	-264.120	25	  42.697	  12.736	  37.207
15	-257.343	23	  61.005	  21.054	  14.448
16	-257.121	25	  55.385	  17.429	  -6.776
17	-250.683	25	  42.535	  30.006	   0.888
18	-249.951	23	  28.216	  -4.878	  29.328
19	-245.310	22	  44.446	  22.634	  -9.334
20	-214.878	20	  20.429	   3.304	  27.878
21	-209.751	20	  43.749	  30.961	   9.671
22	-205.863	19	  16.804	  24.010	  22.219
23	-199.945	19	  53.305	   7.927	   4.607
24	-196.926	19	  20.196	   9.967	  18.697
25	-185.259	18	  21.200	  18.552	  11.025
26	-182.337	17	  30.833	  21.081	  30.120
27	-180.380	17	  28.274	   5.354	  -0.997
28	-155.838	15	  30.356	  20.777	   3.281
29	-153.026	15	  41.041	   7.186	  -0.974
30	-147.116	15	  47.099	   3.240	  19.042
31	-145.056	14	  42.121	   3.716	   9.018
32	-144.369	14	  33.430	  -8.753	  24.878
33	-142.221	14	  46.995	  12.958	  -8.045
34	-116.620	12	  32.192	  17.648	  -8.150
35	-110.409	11	  18.978	  11.939	  28.797
36	-108.750	11	  47.859	  20.074	  35.821
37	-104.953	11	  35.582	  26.560	  -4.987
38	 -92.842	9	  21.932	   2.649	  18.949
39	 -90.573	9	  34.528	  10.411	  -5.020
40	 -90.362	9	  24.721	  -5.059	  16.822
41	 -79.264	8	  25.235	  -1.147	   8.427
42	 -78.014	8	  53.011	  14.763	  30.231
43	 -76.237	8	  22.952	  11.127	  -0.457
44	 -70.775	7	  63.604	  16.773	   4.875
45	 -68.979	7	  31.449	  25.122	  22.084
46	 -68.075	7	  13.739	  16.124	  24.992
47	 -67.415	7	  24.925	  22.281	  23.698
48	 -67.066	7	  28.803	   1.804	  36.018
49	 -40.746	4	  22.340	   6.130	  36.185
50	 -37.820	4	  34.813	  27.880	  10.236
51	 -29.542	3	  34.384	  -7.207	  13.842
52	 -19.944	2	  15.580	  25.123	  13.185
53	 -18.495	2	  24.553	  15.123	  36.682
54	 -10.149	1	  45.056	  27.123	  19.185
