1	-645.787	57	  41.520	   2.002	  30.532
2	-548.244	47	  38.165	  24.088	  17.449
3	-492.427	48	  52.543	  12.166	  18.226
4	-484.028	42	  37.206	  -0.545	  14.633
5	-447.795	40	  31.360	  20.153	  11.929
6	-440.326	42	  49.819	  19.094	  23.615
7	-436.371	35	  24.688	  11.474	   7.032
8	-402.692	29	  41.709	  15.878	  15.334
9	-384.080	36	  51.893	  30.027	  -0.738
10	-354.007	31	  38.853	  24.012	  30.009
11	-295.533	26	  59.221	  25.517	   3.277
12	-283.474	29	  29.395	   6.416	  36.837
13	-282.186	28	  42.291	  30.073	   0.685
14	-267.356	26	  54.684	  17.355	  -6.932
15	-259.456	25	  20.037	   3.537	  28.318
16	-249.268	23	  52.908	  30.780	  12.266
17	-248.073	23	  42.186	  12.894	  37.204
18	-239.983	21	  44.031	  22.719	  -9.291
19	-232.990	21	  27.623	  -4.612	  29.548
20	-222.024	21	  43.487	  31.127	   9.449
21	-216.655	19	  60.848	  20.303	  15.491
22	-215.588	21	  40.383	   7.541	  -1.310
23	-203.297	20	  19.942	  10.078	  18.704
24	-197.312	19	  53.356	   8.409	   4.351
25	-195.235	19	  27.726	   6.151	  -1.719
26	-181.457	17	  31.297	  14.551	  37.061
27	-177.139	17	  16.349	  24.153	  21.879
28	-169.034	16	  40.972	   3.702	   8.922
29	-167.753	15	  30.472	  20.634	  29.711
30	-163.926	16	  29.370	  20.124	   3.085
31	-135.335	13	  46.007	  14.055	  -8.633
32	-119.489	12	  64.083	  16.782	   7.024
33	-116.524	11	  21.674	   2.775	  18.708
34	-115.921	12	  30.848	  17.139	  -7.950
35	-115.553	12	  46.890	   3.633	  19.349
36	-115.311	11	  33.174	  -8.708	  24.964
37	-108.823	11	  28.020	  23.573	  22.008
38	-105.977	11	  34.779	  26.093	  -5.066
39	 -97.505	10	  12.331	  16.702	  22.891
40	 -93.867	9	  24.942	  -5.127	  15.784
41	 -90.966	9	  47.288	  21.079	  35.970
42	 -90.866	9	  24.428	   1.097	   6.828
43	 -73.740	7	  33.958	  10.350	  -4.808
44	 -71.651	7	  19.294	  24.033	  12.364
45	 -68.576	7	  19.224	  13.088	  28.858
46	 -42.442	4	  33.463	  -0.399	   7.531
47	 -39.966	4	  18.015	  15.896	  10.716
48	 -39.334	4	  34.271	  -7.103	  13.729
49	 -37.019	4	  22.012	  10.899	   0.193
50	 -18.952	2	  53.781	  27.156	  34.679
51	 -18.839	2	  23.764	  14.630	  36.245
52	 -12.481	1	  27.764	  12.156	  21.192
53	  -8.936	1	  51.764	  14.156	  32.192
