1	-1286.994	97	  14.263	   0.145	  22.755
2	-807.843	69	   8.960	   9.679	  42.964
3	-604.640	50	   5.249	  17.609	  21.628
4	-591.735	52	  37.504	  -2.911	  25.098
5	-586.793	48	  10.453	   0.542	  10.487
6	-504.459	42	  21.149	 -18.565	  21.060
7	-492.274	47	  28.541	   6.457	  31.988
8	-475.700	43	  -1.782	  21.038	  43.044
9	-459.265	41	  43.761	 -16.084	  21.382
10	-419.577	38	  -2.046	  10.322	  42.289
11	-402.071	38	  -1.645	   4.218	  14.593
12	-400.743	36	 -10.155	  19.916	  37.123
13	-393.790	35	   3.810	  -6.728	  16.646
14	-355.680	35	  19.900	   2.522	  40.050
15	-336.481	28	  33.401	   4.294	  20.600
16	-331.159	30	  38.867	 -19.261	   4.225
17	-330.889	32	  33.154	 -17.827	  39.074
18	-329.257	29	  -0.213	  23.813	  18.539
19	-322.517	29	  41.403	 -20.541	  12.471
20	-317.794	30	  13.075	 -11.515	   8.567
21	-312.920	29	  19.507	  12.993	  43.326
22	-310.694	28	   2.517	 -10.121	  28.904
23	-309.009	24	  -0.516	  -0.510	  40.371
24	-301.174	27	  40.453	  -6.835	  15.428
25	-286.407	27	   2.475	  13.157	  12.388
26	-282.954	26	  -5.285	  -5.855	  35.525
27	-282.394	25	 -17.689	  14.638	  32.180
28	-280.291	27	  20.889	   7.799	   9.411
29	-276.658	25	  22.741	 -15.087	  36.374
30	-254.063	24	 -13.236	  -1.286	  34.754
31	-242.114	22	  19.530	  19.664	  27.141
32	-240.190	23	  34.094	  -2.160	   0.221
33	-239.000	22	  30.731	   3.971	   5.104
34	-238.872	24	  21.114	 -26.778	   2.589
35	-234.572	23	  20.253	  -3.680	  -0.312
36	-231.746	21	  33.651	  -6.373	  40.229
37	-219.341	20	  12.431	 -19.439	  14.035
38	-217.351	21	   7.584	  -8.327	  39.140
39	-214.589	19	  20.140	 -26.745	  17.874
40	-212.130	20	  35.263	  -0.517	  34.847
41	-212.100	18	   7.502	   1.969	  41.763
42	-210.138	21	  42.406	 -10.460	  34.999
43	-208.758	21	  -2.078	  27.924	  37.523
44	-192.593	18	 -15.774	  16.973	  21.188
45	-186.984	19	 -14.609	  17.040	  13.453
46	-181.580	17	  34.494	   3.642	  12.116
47	-175.078	17	   3.530	  30.980	  32.254
48	-174.315	16	  28.428	 -14.360	  -4.256
49	-174.181	17	  35.130	 -26.306	  27.069
50	-160.376	16	 -10.794	  -3.666	  22.908
51	-150.434	15	  18.816	  23.102	  43.628
52	-145.947	14	   8.539	  22.289	  48.224
53	-144.277	14	  40.843	  -2.840	   5.702
54	-138.954	14	  32.169	  11.124	  24.864
55	-130.150	13	  14.875	  28.157	  36.417
56	-129.481	13	 -19.393	   7.453	  24.904
57	-124.024	12	  27.430	  12.792	  19.462
58	-120.179	12	 -10.906	  27.523	  30.399
59	-119.258	12	  -9.356	   4.600	  13.087
60	-118.849	11	  -9.028	   3.633	  42.599
61	-117.129	12	  19.568	 -22.906	  -3.322
62	 -99.564	10	  36.643	  -8.654	  -5.230
63	 -94.593	9	  27.889	  19.255	  32.499
64	 -92.730	9	 -21.201	   3.447	  33.857
65	 -78.063	8	 -12.692	  12.886	  41.963
66	 -73.576	4	  20.997	   3.026	  32.428
67	 -72.524	7	  23.847	  -7.172	  43.897
68	 -70.964	7	  41.574	 -23.403	  23.596
69	 -68.906	7	  -9.282	  22.133	  12.951
70	 -65.629	6	  27.218	  -4.825	  -2.657
71	 -64.731	7	  14.584	  -3.127	  43.377
72	 -60.787	6	  15.813	 -14.632	  31.790
73	 -60.230	6	  43.942	 -13.326	   6.869
74	 -58.296	6	  15.631	 -12.462	   2.105
75	 -48.196	5	 -17.933	  10.008	  13.606
76	 -47.650	5	  36.325	 -29.101	  10.738
77	 -41.165	4	  22.433	  25.252	  34.459
78	 -40.556	4	 -15.804	   2.592	  18.635
79	 -38.209	4	  -4.560	  -7.981	  23.236
80	 -29.949	3	  33.070	 -27.417	   4.696
81	 -29.625	3	  14.750	  22.026	  21.644
82	 -29.566	3	   8.826	 -25.974	   3.263
83	 -29.401	3	  12.645	 -16.921	  21.359
84	 -28.520	3	  11.127	  15.049	  47.956
85	 -20.924	2	   7.965	  28.026	  42.481
86	 -20.016	2	  24.987	 -23.974	  28.956
87	 -19.753	2	   8.510	  28.421	  24.491
88	 -19.628	2	  42.440	 -18.974	  32.446
89	 -19.262	2	  19.440	 -31.445	  10.427
90	 -18.959	2	  20.921	 -11.532	  -4.044
91	 -17.106	1	  19.440	  -5.974	  16.956
92	 -12.608	1	   5.440	   4.026	  23.956
93	  -9.803	1	  -5.560	  15.026	   4.956
94	  -9.426	1	  29.440	 -31.974	  20.956
95	  -9.229	1	  -2.560	  24.026	   7.956
