1	-657.275	58	  20.929	  19.904	  46.971
2	-538.545	49	  31.354	  25.260	  38.548
3	-346.048	33	  17.671	  12.278	  27.434
4	-343.610	31	  21.468	  25.654	  23.929
5	-340.824	32	   5.395	  18.568	  32.919
6	-305.883	26	  27.637	  36.248	  33.142
7	-285.163	28	  16.296	  33.647	  29.891
8	-258.195	25	   7.956	  11.937	  39.229
9	-227.161	22	  12.637	   3.391	  34.151
10	-215.427	20	   9.957	  23.753	  44.371
11	-215.199	20	  16.812	  37.380	  38.799
12	-190.058	18	  30.785	  30.135	  26.069
13	-188.176	17	  36.259	  14.427	  52.906
14	-173.797	17	  41.614	   1.425	  42.637
15	-169.539	15	  34.154	  -1.708	  46.994
16	-165.932	15	  11.024	  24.585	  26.615
17	-165.407	16	  27.525	  17.321	  57.144
18	-155.696	15	  21.352	  33.221	  45.428
19	-152.911	15	  31.561	   0.695	  54.628
20	-144.847	14	  29.786	  18.022	  45.389
21	-129.319	13	  40.586	   5.831	  55.753
22	-126.167	12	   9.448	  14.927	  46.101
23	-117.927	11	  14.588	   9.238	  49.224
24	-109.352	11	  31.140	   9.073	  59.541
25	-101.071	10	  15.410	   3.492	  44.505
26	 -99.922	10	  16.382	  18.535	  56.481
27	 -88.663	9	  45.136	   2.966	  49.979
28	 -82.710	8	  28.838	   1.682	  34.498
29	 -78.116	8	  41.677	  14.965	  38.485
30	 -77.830	8	  38.019	  24.781	  31.135
31	 -73.138	7	  37.003	  12.487	  32.923
32	 -70.000	7	  31.560	  18.261	  27.594
33	 -54.279	5	   9.642	  29.682	  36.521
34	 -53.253	5	  44.029	  12.412	  45.839
35	 -48.251	5	  36.036	  -0.764	  37.852
36	 -41.244	4	  25.106	  -3.972	  44.424
37	 -39.886	4	  19.142	  -2.002	  40.502
38	 -38.876	4	  20.717	   1.425	  52.335
39	 -29.286	3	  16.430	  26.240	  50.851
