1	-735.295	66	  23.210	  20.125	  46.401
2	-592.793	53	  32.988	  26.328	  37.996
3	-345.305	32	   7.010	  19.093	  33.067
4	-337.104	32	  19.189	  12.947	  26.863
5	-323.478	29	  22.630	  27.187	  23.741
6	-311.721	28	  28.980	  37.230	  31.980
7	-290.127	28	  17.073	  34.497	  30.412
8	-275.734	23	  35.360	  15.707	  49.058
9	-235.161	23	   9.910	  12.631	  38.977
10	-222.336	21	  16.579	   7.810	  46.114
11	-216.619	21	  43.305	   2.807	  41.323
12	-180.321	17	  18.961	  38.291	  38.351
13	-176.067	17	  33.135	  30.882	  25.822
14	-173.733	16	  11.621	  23.797	  43.237
15	-156.773	14	  12.371	  24.770	  26.338
16	-156.249	14	  32.885	   0.818	  53.643
17	-144.748	14	  33.608	  19.207	  27.197
18	-141.825	13	  13.429	   5.202	  32.693
19	-136.494	14	  29.453	  16.071	  57.285
20	-134.579	13	  41.379	  14.552	  34.762
21	-128.412	13	  42.229	   7.421	  54.933
22	-126.084	11	  35.583	  -1.057	  45.916
23	-124.257	12	  21.848	  34.286	  44.293
24	-118.718	12	  20.401	   0.315	  36.458
25	 -92.499	9	  21.953	   3.052	  52.421
26	 -83.844	8	  27.614	  -2.624	  38.210
27	 -78.982	8	  18.498	  19.550	  56.361
28	 -76.182	8	  46.857	  11.604	  45.779
29	 -63.204	6	  12.844	  17.978	  48.687
30	 -57.658	6	  31.026	   7.143	  59.622
31	 -50.583	5	  19.156	  26.811	  49.877
32	 -49.782	5	  37.912	  -0.218	  37.303
33	 -48.994	5	  45.904	   2.562	  49.242
34	 -47.208	5	  39.333	  23.821	  30.057
35	 -40.896	4	  30.893	   3.452	  33.120
36	 -18.623	2	  25.644	  -2.685	  45.783
