1	-1636.143	141	  13.785	   2.447	  30.528
2	-1426.064	105	  23.744	  -3.542	   2.781
3	-1385.255	103	  28.447	  -5.355	  31.651
4	-1354.938	118	  39.894	  10.111	  12.025
5	-1347.288	116	  39.633	  -2.709	   3.299
6	-1320.894	95	  46.004	  -6.363	  17.954
7	-1222.313	90	   7.070	   2.556	  15.257
8	-726.259	66	  32.700	   0.407	  12.612
9	-678.631	58	  52.177	  -1.767	   5.157
10	-600.722	49	   3.641	   7.952	  28.625
11	-599.951	53	   3.332	   2.840	  38.140
12	-578.420	51	  16.071	  22.769	  16.945
13	-540.002	45	  25.953	   0.883	  23.556
14	-511.367	46	  15.917	  -3.296	  -3.898
15	-487.964	35	  20.448	   5.163	  11.238
16	-456.561	42	  19.519	   5.588	  23.535
17	-452.372	41	  -0.316	  -1.971	  16.674
18	-450.080	41	  40.472	 -14.297	 -11.947
19	-446.631	39	  49.418	  -7.017	  -3.354
20	-441.515	37	  39.707	 -18.743	  14.487
21	-438.766	37	  20.905	 -13.559	  43.376
22	-435.856	39	  59.343	  -1.953	  31.781
23	-414.630	39	  24.828	 -12.394	  12.122
24	-409.552	27	  35.505	   1.201	  23.452
25	-407.558	36	  50.818	 -13.032	  17.652
26	-405.962	36	   7.128	 -12.032	  19.242
27	-401.654	35	  -2.051	  12.161	   2.094
28	-401.130	33	  45.233	  -5.567	  31.954
29	-388.755	37	  23.557	   9.375	   5.107
30	-361.503	34	  50.769	 -13.640	  29.736
31	-353.220	30	   8.127	   3.756	   1.275
32	-349.055	31	  16.078	   7.591	  -0.279
33	-341.180	32	   7.015	  -5.891	  44.902
34	-338.458	31	  60.673	   1.369	  17.463
35	-332.357	30	  40.263	   0.802	  34.817
36	-329.745	30	  21.555	  12.246	  19.823
37	-324.897	29	  11.741	   6.922	  51.109
38	-321.042	24	  27.366	   1.807	   8.139
39	-300.244	28	   0.375	  -1.225	   4.535
40	-300.114	27	  -2.292	  15.378	  15.983
41	-288.164	23	  36.942	  -8.527	  35.847
42	-279.481	27	  10.930	  20.025	  30.285
43	-275.389	26	  34.351	  -6.654	  43.138
44	-274.177	27	  49.582	  11.359	   3.580
45	-269.007	26	  33.664	   5.945	  30.991
46	-268.932	26	  29.250	  17.927	  14.299
47	-266.015	25	  35.720	   9.247	   4.970
48	-265.023	25	  20.906	 -16.076	  -0.657
49	-263.376	25	  39.159	  -9.899	 -18.797
50	-255.958	21	  20.850	 -10.308	  -7.043
51	-254.701	25	  41.299	 -17.440	  27.742
52	-242.830	23	  24.942	 -16.559	  35.648
53	-227.280	20	  23.860	 -12.642	  23.405
54	-223.234	22	   4.535	  14.394	  47.120
55	-217.551	21	  34.032	   9.079	  43.923
56	-210.124	21	  35.023	  11.025	  24.361
57	-204.225	20	  11.956	  -6.503	  52.656
58	-198.213	18	  43.547	   2.663	 -16.508
59	-197.879	19	  39.583	 -17.406	   3.756
60	-181.249	18	   8.131	  -8.660	   2.479
61	-175.850	17	  52.491	 -13.193	   5.531
62	-169.768	15	  10.016	  16.945	  40.868
63	-168.192	16	  19.980	  19.474	  35.897
64	-164.754	16	   0.400	  11.423	  42.278
65	-158.049	15	  11.680	  16.978	   5.041
66	-157.699	15	  52.381	   5.003	 -13.396
67	-154.850	14	  49.884	  -4.977	 -18.630
68	-151.890	14	  41.924	  15.386	  -1.287
69	-150.770	13	  49.546	   8.503	  -6.677
70	-149.472	14	  48.586	   8.013	  29.993
71	-149.024	14	  16.655	 -14.586	  24.258
72	-147.847	15	  36.838	  15.280	  -6.891
73	-146.595	15	   6.598	  21.786	  20.429
74	-139.007	14	  56.343	  10.255	  15.455
75	-129.472	12	  30.893	 -17.798	   9.490
76	-128.700	13	  57.958	   8.226	  30.162
77	-128.035	12	  30.169	  -1.722	  54.723
78	-125.793	12	   7.694	 -10.942	  29.189
79	-125.560	12	  34.312	   3.635	 -19.419
80	-124.526	12	  21.283	   5.445	  53.508
81	-121.627	12	   3.187	  20.886	   3.454
82	-121.194	12	   2.216	   3.344	  51.618
83	-117.317	11	  20.047	  14.689	  28.391
84	-116.153	11	   6.845	 -10.904	   9.424
85	-114.121	11	  -2.848	  -8.318	  22.048
86	-112.318	11	   2.580	  14.310	  32.062
87	-110.386	11	  23.343	  11.305	 -12.350
88	-110.366	11	  48.657	 -20.130	   8.804
89	-109.290	10	  23.123	   1.455	 -19.969
90	-108.671	11	  15.860	 -18.453	  37.398
91	-103.975	10	  59.245	  -5.593	  12.712
92	-102.298	9	  24.429	  13.737	  48.815
93	 -99.857	10	  50.602	  13.465	  20.457
94	 -99.293	10	  27.547	  14.262	  -5.178
95	 -94.074	9	  28.211	 -16.436	 -12.906
96	 -92.231	8	  39.746	  -1.239	  44.031
97	 -91.462	8	  54.852	   0.949	  -6.839
98	 -87.141	8	  34.553	  12.283	 -14.302
99	 -85.031	8	  -1.548	  -1.479	  28.123
100	 -85.016	8	   0.700	  22.757	  10.374
101	 -81.937	8	  10.936	 -12.590	  46.309
102	 -81.082	8	  -4.653	   8.846	  20.780
103	 -73.503	7	  14.922	   5.020	  -8.856
104	 -73.244	7	  24.354	  17.866	  42.195
105	 -72.147	7	  43.030	  19.873	  15.586
106	 -63.380	6	  17.887	  -4.485	 -13.489
107	 -62.342	6	  31.192	 -16.762	  31.655
108	 -59.842	6	  17.655	 -15.441	  14.993
109	 -59.020	6	  34.735	 -19.839	  -4.918
110	 -58.807	6	  25.743	   9.799	  29.102
111	 -57.796	6	  27.528	  -8.515	 -19.115
112	 -49.308	5	  44.574	  16.256	  26.848
113	 -48.199	5	  28.621	 -12.297	  41.651
114	 -47.147	5	  43.749	  12.276	 -11.593
115	 -46.435	5	  18.570	  19.134	   5.268
116	 -42.639	4	   8.430	  21.848	  13.002
117	 -40.711	4	  28.697	 -17.637	  19.855
118	 -39.380	4	  25.116	  23.856	  16.072
119	 -37.495	4	  34.946	 -20.629	  22.019
120	 -30.352	3	  21.184	  -7.128	  53.346
121	 -28.764	3	  16.802	  16.525	  47.725
122	 -21.089	1	   4.184	  12.876	  21.023
123	 -18.038	2	  46.717	  17.356	   9.530
124	 -10.189	1	  58.184	 -11.124	  20.023
125	  -9.200	1	  53.184	  -8.124	 -10.977
126	  -8.921	1	  57.184	   6.876	  -0.977
