1	-771.800	68	  28.896	  14.143	  63.130
2	-763.852	62	  44.422	  12.375	  61.397
3	-710.608	65	  60.630	  -0.311	  38.816
4	-707.025	58	  45.516	  14.313	  44.514
5	-682.780	63	  68.662	  16.961	  54.002
6	-630.843	59	  25.036	  26.961	  48.716
7	-616.362	52	  29.742	  29.161	  56.700
8	-602.396	55	  20.249	  13.413	  46.388
9	-559.877	49	  29.114	   8.207	  29.308
10	-516.854	47	  28.018	   1.642	  54.680
11	-475.396	37	  52.682	   5.594	  58.083
12	-435.340	40	  43.722	  -0.201	  37.644
13	-420.336	38	  60.469	  16.629	  35.277
14	-377.413	34	  62.326	  20.958	  50.288
15	-367.176	33	  60.237	  16.314	  61.825
16	-356.663	32	  52.109	  15.643	  62.392
17	-349.944	33	  56.826	  27.679	  54.926
18	-328.124	29	  29.072	  35.949	  42.244
19	-302.088	28	  68.268	   9.158	  31.106
20	-301.485	27	  49.927	  27.631	  46.064
21	-256.196	23	  32.209	  27.895	  34.105
22	-250.050	23	  47.600	  20.332	  36.833
23	-245.903	24	  20.823	  21.920	  59.219
24	-241.803	24	  40.923	  34.962	  38.591
25	-239.393	21	  47.631	  35.640	  54.633
26	-237.118	20	  54.289	  20.071	  43.514
27	-227.344	20	  25.751	  -2.231	  42.220
28	-226.446	21	  76.275	  16.441	  46.629
29	-219.340	19	  30.533	  -5.844	  31.406
30	-218.617	21	  72.220	   9.062	  60.824
31	-168.693	14	  53.950	   5.324	  38.189
32	-155.476	15	  33.510	  39.452	  51.762
33	-155.271	14	  48.202	  -6.061	  50.011
34	-148.349	14	  35.933	  18.426	  34.094
35	-145.099	15	  31.725	  34.684	  62.941
36	-141.391	13	  19.574	   9.020	  53.680
37	-141.384	14	  35.538	 -11.222	  50.466
38	-139.105	14	  66.963	  -3.992	  52.046
39	-136.219	13	  47.043	  -8.097	  40.846
40	-134.931	14	  38.445	 -10.827	  37.836
41	-132.670	13	  75.035	   5.375	  39.108
42	-132.552	13	  21.866	   1.825	  33.475
43	-132.023	13	  62.770	   1.078	  28.510
44	-128.222	8	  45.534	  20.435	  56.443
45	-125.471	12	  38.032	  -0.336	  59.500
46	-124.167	11	  77.722	  11.465	  54.187
47	-123.645	12	  21.193	  11.415	  30.396
48	-121.873	12	  56.456	  27.127	  63.700
49	-119.518	12	  27.729	  18.556	  26.196
50	-112.457	11	  38.283	  23.060	  70.190
51	-108.131	11	  53.060	  27.420	  18.473
52	 -98.926	10	  40.998	  39.483	  46.871
53	 -81.946	8	  19.793	  20.713	  33.734
54	 -81.300	8	  46.923	  24.710	  69.317
55	 -79.699	8	  55.707	  -4.415	  55.139
56	 -78.047	8	  57.797	  14.285	  28.459
57	 -76.706	8	  44.521	  33.213	  12.445
58	 -76.219	8	  72.362	  -1.191	  46.149
59	 -74.259	7	  46.179	   0.676	  60.569
60	 -73.870	7	  37.236	   4.790	  32.030
61	 -72.086	7	  36.437	   7.613	  63.689
62	 -68.596	5	  37.140	   8.758	  49.352
63	 -67.549	7	  77.596	   1.222	  51.549
64	 -63.630	6	  73.750	  17.068	  37.538
65	 -63.430	6	  59.841	  -9.115	  46.184
66	 -59.560	6	  50.117	  30.916	  23.478
67	 -59.491	6	  52.654	  21.693	  30.842
68	 -58.273	6	  66.193	   2.210	  60.858
69	 -47.269	5	  45.007	   9.104	  37.639
70	 -40.374	4	  23.967	   4.440	  25.030
71	 -39.551	4	  16.271	  26.701	  52.800
72	 -37.295	4	  21.007	  -6.056	  32.040
73	 -37.245	4	  14.756	  20.455	  42.779
74	 -36.857	4	  30.760	 -13.044	  40.538
75	 -36.645	4	  41.254	  40.212	  60.516
76	 -31.119	3	  68.433	  22.994	  38.743
77	 -29.204	3	  22.698	   4.069	  60.442
78	 -28.851	3	  46.285	  34.609	  65.403
79	 -28.647	3	  58.007	  24.125	  26.719
80	 -26.293	2	  50.007	  12.266	  51.030
81	 -19.615	2	  51.007	  10.704	  32.511
82	 -19.240	2	  70.527	  -0.296	  31.069
83	 -18.597	2	  31.007	  -6.798	  57.030
84	 -18.270	2	  36.937	  29.704	  68.518
85	 -11.406	1	  31.007	  16.704	  53.030
86	  -9.903	1	  29.007	  22.704	  68.030
87	  -9.582	1	  65.007	   9.704	  45.030
88	  -9.160	1	  50.007	  26.704	  12.030
