1	-1717.476	150	  17.205	  18.589	   5.448
2	-959.915	79	  17.658	   9.593	  -1.325
3	-344.266	31	   6.680	  10.958	  -8.005
4	-291.925	27	  25.609	  12.381	  -5.487
5	-191.036	19	   9.985	  30.544	  16.863
6	-154.982	15	   6.708	  12.209	  12.914
7	-148.197	14	   9.728	   2.925	  -1.765
8	-144.175	14	  27.368	  27.259	  -3.321
9	-133.178	11	  19.508	  18.195	  -9.557
10	-122.146	12	  11.978	   1.780	  11.600
11	-120.786	11	   1.629	  24.692	  10.554
12	-111.982	11	  14.329	   0.001	   3.781
13	-104.411	10	  16.699	  14.925	  17.243
14	 -95.726	9	  27.798	  21.136	   2.567
15	 -88.162	9	  16.377	  38.620	   8.434
16	 -82.140	8	   4.120	  33.300	   2.466
17	 -80.258	8	  20.947	  35.606	  -5.265
18	 -79.462	8	   9.766	  21.280	  18.238
19	 -73.228	7	  -0.725	  15.059	   3.121
20	 -60.770	6	  13.263	  36.711	  -0.684
21	 -58.985	6	  18.728	   5.564	  15.322
22	 -58.816	6	   8.285	  30.661	  -6.485
23	 -40.550	4	  26.294	  16.420	  10.250
24	 -38.203	3	  18.699	  27.399	  13.829
25	 -33.047	3	   5.764	  19.399	  -4.774
26	 -27.397	3	  14.729	   5.728	  -9.815
27	 -24.213	2	  14.064	  28.945	   7.514
28	 -20.888	2	  22.950	  31.842	   8.957
29	 -20.231	2	  28.064	  36.399	  -0.007
30	 -19.395	2	   1.064	  33.399	  10.010
31	 -19.109	2	  29.064	  20.399	  -8.016
32	  -9.658	1	  27.064	  25.399	  12.514
33	  -9.049	1	   3.064	   6.399	   5.514
