1	-824.762	71	  32.331	   3.757	  17.357
2	-626.299	58	  13.425	   9.876	  29.319
3	-460.542	41	  27.824	  -5.621	  21.876
4	-435.635	38	  39.800	  19.463	  21.347
5	-432.473	39	  20.332	  23.602	  18.728
6	-431.181	40	  22.561	  24.449	   3.982
7	-406.045	37	   9.064	   8.062	  10.139
8	-307.193	30	  34.728	  -4.288	  29.670
9	-293.235	28	  25.218	  17.046	  37.167
10	-264.038	24	  18.463	  16.906	  28.507
11	-262.689	26	  26.030	  10.630	  -6.752
12	-251.123	24	  34.302	  21.928	  29.103
13	-250.302	17	  35.800	   8.253	  23.461
14	-239.082	22	   4.764	   3.485	  19.318
15	-236.737	23	  51.835	   4.928	   3.560
16	-223.149	20	  45.089	  13.525	  22.732
17	-211.799	19	  20.687	  28.228	  10.560
18	-211.721	21	  16.047	   6.544	  38.608
19	-210.729	20	  53.646	   5.395	  16.520
20	-206.268	20	  51.676	  11.461	  -0.853
21	-190.837	19	  27.000	  34.359	   5.702
22	-189.303	19	  42.043	  34.572	   1.979
23	-168.262	17	  25.207	  -1.097	   4.596
24	-164.650	15	  30.859	  31.367	  16.930
25	-164.624	16	  38.123	   7.908	  31.683
26	-161.685	15	  21.781	  -9.786	  15.718
27	-159.008	14	  44.756	  27.487	   8.482
28	-153.959	15	  25.604	  25.223	  26.547
29	-153.717	15	  35.600	  27.514	  -7.179
30	-147.400	14	  50.444	  22.213	   7.393
31	-140.644	12	  26.276	   3.867	  -3.554
32	-136.731	13	  34.839	  18.315	 -12.596
33	-135.817	13	  43.931	  15.497	 -14.108
34	-122.979	12	  11.314	  12.677	  16.638
35	-122.326	12	  35.709	   4.779	 -13.861
36	-120.655	12	  44.364	   6.393	  -8.820
37	-119.231	8	  32.093	  13.965	  -2.607
38	-117.638	11	  37.882	  35.507	  10.281
39	-110.540	11	  50.920	  20.819	   0.008
40	-108.696	10	  35.070	   0.834	   6.759
41	-107.205	11	  15.544	  -1.805	   2.826
42	-103.810	10	  14.750	  19.945	  15.780
43	-103.350	10	  42.060	  -1.242	  18.015
44	-103.185	10	  56.314	  15.455	  12.511
45	-102.089	10	  39.983	  28.752	  20.052
46	-100.517	10	  19.414	  12.443	  -2.270
47	 -99.409	9	  34.107	  -0.363	  -2.745
48	 -93.101	9	  47.661	  -1.913	   8.234
49	 -92.548	9	  27.970	   4.439	  41.463
50	 -87.624	9	   9.190	  16.402	   4.336
51	 -83.929	8	  21.455	  -1.609	  38.904
52	 -83.498	6	  37.290	  16.980	   9.344
53	 -83.427	8	  43.241	   0.517	  -2.504
54	 -78.074	8	   7.317	  -0.797	   6.582
55	 -70.727	7	  33.971	  10.302	  39.360
56	 -67.638	7	  45.818	   5.889	  25.782
57	 -65.589	7	  16.306	 -11.250	  25.953
58	 -62.557	6	  51.155	  22.836	  17.832
59	 -59.575	6	   9.755	  -6.591	  27.427
60	 -54.330	5	  27.983	  -5.158	  33.601
61	 -33.265	3	  12.127	  -1.454	  33.776
62	 -33.152	3	  45.024	  32.026	  -8.057
63	 -30.831	3	  25.401	  20.360	  -2.426
64	 -24.610	2	  22.401	   3.026	   9.639
65	 -19.415	2	   6.898	  -5.471	  14.725
66	 -18.344	2	  12.900	  -7.974	   7.228
67	 -17.752	1	  37.401	  23.026	  15.228
68	 -14.774	1	  28.401	   7.026	  30.228
