1	-721.115	61	   5.038	 -14.310	   2.378
2	-578.308	56	  12.313	  12.468	  16.185
3	-548.998	46	   0.194	   7.982	   5.993
4	-388.217	23	  10.705	   1.429	  10.642
5	-364.927	34	   4.634	  12.737	  12.948
6	-349.914	32	   1.057	   6.186	  28.661
7	-340.286	33	  15.573	  -6.320	  17.070
8	-272.439	26	  19.311	   5.538	  12.368
9	-253.808	21	  -7.341	  -0.491	   3.664
10	-252.860	24	  10.382	   8.682	  26.132
11	-249.198	23	  10.963	  15.910	  -2.477
12	-228.052	22	  12.982	   6.710	 -10.436
13	-215.097	21	  13.776	 -17.747	   6.757
14	-206.728	19	   9.093	  -8.436	  -9.162
15	-203.439	20	  24.133	   7.979	  -2.936
16	-196.466	18	  15.806	   2.533	  26.384
17	-164.740	16	   2.078	  13.170	  -2.317
18	-155.943	15	   6.991	  -9.646	  23.481
19	-150.812	15	 -12.062	  -4.876	  16.163
20	-149.929	15	  -1.417	  -5.160	  -5.985
21	-146.415	14	  -7.600	 -11.883	  19.096
22	-144.707	14	  -5.825	 -11.728	   5.186
23	-126.641	12	  18.710	  -9.793	  -3.457
24	-118.050	11	  19.788	   0.027	 -10.639
25	-116.103	12	  -9.652	   7.004	  21.877
26	 -97.999	10	  -8.516	  -2.615	  25.472
27	 -90.881	8	  -3.823	  14.717	  15.940
28	 -87.760	8	  -0.841	   3.953	  -5.457
29	 -74.775	7	   8.435	  -0.935	 -14.775
30	 -68.171	7	  20.947	  13.857	   9.505
31	 -61.902	6	  22.990	  -5.362	   3.260
32	 -60.552	6	  10.482	  18.664	   7.417
33	 -57.212	6	   5.354	 -16.633	  18.820
34	 -56.954	6	  20.026	  -7.982	   9.583
35	 -50.152	5	  -1.189	  -4.112	  30.161
36	 -50.128	5	  -6.934	 -11.811	  28.950
37	 -47.981	5	   2.326	 -18.807	  11.157
38	 -46.675	5	  -8.918	   8.038	   8.817
39	 -29.503	3	  17.990	  19.001	  -1.523
40	 -29.072	3	 -12.994	  -0.324	   9.122
41	 -27.293	3	  25.688	   3.001	   4.768
42	 -19.796	2	  23.670	   9.001	 -10.665
43	 -19.702	2	  26.670	   0.001	  -6.690
44	  -9.527	1	  -4.330	  -2.999	  13.786
45	  -9.367	1	  13.670	 -18.999	  -1.214
