1	-1534.771	135	  61.417	  56.569	  17.965
2	-758.063	67	  59.920	  32.500	  26.563
3	-533.790	51	  55.811	  47.605	   4.686
4	-529.924	51	  75.198	  47.273	  37.787
5	-529.770	48	  63.360	  36.730	  37.853
6	-489.909	44	  82.168	  39.226	  17.296
7	-479.516	45	  53.661	  51.671	  16.170
8	-470.943	42	  78.408	  56.477	  35.274
9	-413.071	39	  69.956	  31.560	  26.979
10	-412.934	37	  79.331	  52.330	  11.618
11	-385.037	34	  77.934	  32.589	  13.558
12	-381.461	34	  76.199	  39.222	  33.026
13	-378.722	34	  65.263	  41.865	   1.732
14	-360.188	34	  69.101	  64.083	  17.117
15	-350.493	31	  72.586	  35.930	   7.477
16	-345.582	33	  65.371	  66.913	  22.140
17	-325.479	30	  57.420	  65.234	   8.626
18	-309.172	29	  87.710	  55.986	  22.246
19	-277.971	27	  95.724	  47.330	  25.304
20	-276.621	25	  82.800	  37.101	  24.001
21	-273.860	27	  54.127	  43.919	  38.725
22	-268.734	26	  61.377	  29.124	   7.917
23	-237.238	23	  76.754	  71.529	  25.540
24	-228.366	17	  69.168	  55.424	  15.301
25	-226.268	22	  72.609	  66.426	  33.228
26	-223.857	21	  64.319	  67.472	  30.679
27	-211.337	21	  58.155	  62.601	  29.921
28	-210.966	20	  50.487	  61.471	   9.291
29	-195.948	19	  63.225	  61.803	  38.782
30	-194.833	19	  45.752	  45.626	  34.854
31	-193.923	18	  68.943	  44.441	  47.790
32	-187.586	17	  83.012	  65.575	  19.413
33	-174.496	16	  65.493	  24.065	  15.347
34	-171.008	16	  77.825	  51.607	  -0.004
35	-159.922	14	  90.278	  44.098	  33.557
36	-146.916	15	  44.131	  35.588	  20.856
37	-146.372	14	  55.144	  70.998	  16.374
38	-144.879	12	  62.009	  56.819	  -0.325
39	-138.263	14	  51.695	  31.041	  14.072
40	-137.707	14	  83.611	  43.802	   7.570
41	-134.758	12	  56.573	  27.566	  19.088
42	-127.667	13	  49.970	  32.152	  33.914
43	-120.946	11	  44.303	  51.282	  24.058
44	-110.584	11	  81.588	  63.134	  33.390
45	-108.332	11	  46.426	  47.504	  14.963
46	-106.410	10	  54.711	  55.084	  39.386
47	-103.663	10	  69.083	  58.612	  41.166
48	 -97.499	10	  51.088	  54.795	  23.662
49	 -94.439	9	  67.975	  74.026	  32.070
50	 -85.933	9	  76.339	  27.415	  19.050
51	 -74.418	7	  68.985	  59.293	   7.717
52	 -69.838	7	  87.408	  55.118	  37.347
53	 -56.275	6	  69.115	  25.901	   8.311
54	 -54.295	5	  50.890	  58.073	  33.968
55	 -47.850	5	  59.091	  50.139	  44.754
56	 -47.057	5	  96.273	  53.914	  29.330
57	 -41.155	4	  43.396	  37.283	  31.505
58	 -38.081	4	  89.057	  63.758	  25.969
59	 -37.385	4	  80.827	  73.720	  17.699
60	 -32.486	3	  55.411	  37.075	   6.950
61	 -31.915	3	  72.786	  59.346	  -3.050
62	 -30.918	3	  47.470	  31.022	  25.335
63	 -28.209	3	  68.820	  47.722	  -6.395
64	 -22.524	2	  41.653	  43.722	  21.950
65	 -19.718	2	  66.574	  70.233	  39.461
66	 -19.672	2	  43.610	  54.722	  30.950
67	 -19.055	2	  89.123	  47.722	  15.507
68	  -9.690	1	  82.085	  45.722	  37.950
