1	-1316.666	124	  -7.604	  17.433	  24.902
2	-1053.045	100	 -11.655	  15.346	  31.254
3	-353.585	31	   2.125	  11.142	  40.757
4	-343.236	31	 -15.839	  21.368	  41.319
5	-312.941	29	 -12.432	   5.383	  26.267
6	-310.852	29	  -5.969	  34.154	  25.698
7	-302.462	28	 -15.266	  12.874	   3.778
8	-268.906	26	 -26.821	  23.012	  30.458
9	-251.319	21	 -26.304	  15.505	   9.290
10	-243.820	23	   1.641	  13.503	  28.968
11	-230.351	22	 -22.489	  11.280	  26.091
12	-218.457	19	 -10.443	  26.113	  15.131
13	-215.826	21	 -23.626	  28.673	  12.104
14	-206.923	18	  -9.900	   3.471	  15.016
15	-187.445	16	  -1.628	  37.035	  38.428
16	-186.515	18	 -18.179	   3.434	  12.082
17	-179.248	16	  -0.642	  31.238	  46.303
18	-173.339	15	 -31.008	  19.921	  17.516
19	-169.634	14	 -16.923	  32.765	  17.128
20	-169.394	16	 -15.033	  36.721	  40.032
21	-160.942	15	  -8.474	  17.926	  13.459
22	-149.470	14	   1.194	  24.664	  29.609
23	-143.696	14	 -19.271	  37.862	  32.066
24	-135.138	11	 -19.966	  31.244	  38.532
25	-131.399	12	  -1.976	  22.538	  51.206
26	-122.444	12	  -2.814	   4.634	  23.505
27	-108.586	11	  -0.920	  13.086	  51.749
28	-100.577	10	 -11.331	  33.008	  47.067
29	 -97.805	10	 -11.921	  24.327	  48.797
30	 -82.720	8	   6.179	  17.867	  46.537
31	 -72.388	7	 -10.165	   5.609	   4.655
32	 -71.400	7	  -3.276	   8.839	  10.843
33	 -65.326	7	  -2.339	   5.081	  33.338
34	 -63.395	6	 -23.037	  34.540	  20.917
35	 -58.398	6	 -25.890	   7.186	   9.210
36	 -51.003	5	 -24.505	  17.719	  34.245
37	 -42.558	4	   5.732	  22.740	  35.820
38	 -39.747	4	 -14.385	  21.231	   6.890
39	 -39.274	4	   4.099	  32.501	  32.418
40	 -32.828	3	  -0.901	  12.147	  18.580
41	 -31.335	3	   6.771	  26.186	  46.549
42	 -31.097	3	 -29.596	  11.902	  23.195
43	 -19.407	2	 -30.421	  27.517	  19.812
44	 -18.692	2	 -11.901	  10.517	  38.388
45	 -10.868	1	  -9.901	  15.517	  49.890
46	  -9.796	1	  -5.901	   6.517	  44.890
47	  -9.274	1	  -3.901	  24.517	  18.890
48	  -9.234	1	 -27.901	  31.517	  32.890
