1	-1008.984	88	  61.862	  54.509	  17.241
2	-665.370	57	  58.823	  32.140	  26.474
3	-602.700	54	  74.834	  40.706	  34.685
4	-553.362	47	  80.708	  37.318	  16.688
5	-540.874	47	  78.217	  52.397	  11.542
6	-477.267	45	  53.485	  51.397	  16.564
7	-474.594	44	  68.513	  31.071	  26.287
8	-468.359	43	  78.628	  57.842	  34.578
9	-447.264	42	  54.582	  48.112	   4.490
10	-442.423	35	  70.156	  58.256	  16.274
11	-390.813	37	  75.118	  49.716	  37.763
12	-382.606	34	  71.814	  35.902	   6.902
13	-381.762	34	  61.422	  37.402	  38.083
14	-380.082	36	  64.467	  68.552	  30.624
15	-358.305	33	  81.812	  36.579	  24.220
16	-335.750	34	  60.371	  62.836	  16.973
17	-316.973	31	  71.721	  66.018	  33.431
18	-298.382	27	  65.449	  42.108	   0.576
19	-263.644	25	  94.833	  46.970	  25.014
20	-259.550	25	  54.998	  44.620	  39.768
21	-254.139	24	  87.482	  57.331	  23.439
22	-248.601	24	  64.497	  68.066	  22.952
23	-244.328	24	  64.097	  60.272	  39.270
24	-222.351	22	  60.623	  27.389	   8.109
25	-206.709	20	  50.728	  30.494	  14.468
26	-203.689	18	  65.260	  22.937	  15.658
27	-202.145	19	  68.063	  43.698	  47.556
28	-193.889	20	  59.816	  37.067	   6.027
29	-169.129	16	  57.692	  61.653	  29.983
30	-168.179	16	  44.639	  44.367	  34.055
31	-167.430	15	  43.692	  50.548	  24.265
32	-164.836	16	  76.305	  31.228	  13.184
33	-157.207	15	  55.464	  27.044	  20.271
34	-156.927	14	  76.966	  51.751	  -0.187
35	-155.067	14	  76.682	  71.315	  24.553
36	-151.315	14	  82.888	  65.227	  19.519
37	-132.600	14	  43.798	  34.841	  20.208
38	-126.072	13	  55.375	  61.427	   8.270
39	-125.582	12	  50.852	  58.378	  32.547
40	-119.078	12	  82.096	  43.398	   7.109
41	 -97.971	10	  68.490	  32.380	  35.040
42	 -93.451	9	  45.611	  47.905	  13.842
43	 -89.256	9	  50.322	  53.756	  22.960
44	 -86.165	9	  49.384	  32.222	  35.346
45	 -85.327	8	  54.348	  55.214	  39.543
46	 -75.990	7	  61.365	  57.111	  -0.317
47	 -75.910	8	  69.367	  58.601	   6.588
48	 -69.931	7	  87.280	  54.327	  36.931
49	 -65.774	7	  94.800	  55.664	  31.062
50	 -58.971	6	  47.448	  56.189	   7.983
51	 -55.844	6	  67.007	  47.687	  -7.254
52	 -52.496	5	  89.750	  43.810	  34.804
53	 -52.240	5	  75.818	  28.298	  21.077
54	 -47.433	5	  87.819	  47.468	  15.060
55	 -39.346	4	  43.630	  55.082	  30.335
56	 -38.636	4	  83.110	  70.130	  28.824
57	 -38.542	4	  71.409	  55.101	  43.066
58	 -38.394	4	  81.196	  73.362	  16.823
59	 -38.388	4	  68.884	  34.372	  44.321
60	 -29.418	3	  47.634	  30.186	  25.747
61	 -29.239	3	  65.951	  69.233	  39.079
62	 -29.008	3	  72.643	  59.166	  -3.550
63	 -28.798	3	  68.935	  25.499	   8.704
64	 -21.943	2	  40.643	  43.854	  21.612
65	 -20.830	2	  88.093	  39.854	  18.629
66	 -20.411	2	  42.643	  36.854	  31.528
67	 -20.051	2	  92.888	  38.405	  29.732
68	 -19.324	2	  57.182	  71.315	  16.695
