1	-1451.156	113	  13.707	  26.756	   4.878
2	-1190.832	98	  16.278	  37.701	  20.365
3	-1041.164	91	  20.260	   4.979	  21.605
4	-1037.759	77	  27.658	  28.749	  46.862
5	-1013.448	88	  43.043	   3.629	  47.605
6	-991.075	91	  27.913	  45.579	  35.630
7	-990.507	73	  23.649	  13.950	  49.299
8	-932.966	91	  20.002	  47.501	  39.871
9	-921.886	66	  10.061	  13.591	   9.124
10	-878.719	76	  27.879	  34.676	  15.179
11	-849.608	74	  27.304	  -8.101	  25.826
12	-848.539	79	  25.985	  36.975	  68.706
13	-847.597	73	  32.502	   5.479	  62.546
14	-829.014	67	  29.939	  37.830	  59.500
15	-814.057	76	  30.666	   3.585	   5.342
16	-798.956	64	  21.834	   3.171	   8.924
17	-782.280	73	  32.558	   5.331	  29.287
18	-729.503	59	  22.873	  -1.847	  62.131
19	-721.597	69	  19.159	  -3.949	  28.014
20	-669.758	64	  15.650	  36.090	  29.806
21	-656.806	54	  10.688	  -1.682	  21.124
22	-635.916	53	  27.416	  42.583	   6.223
23	-635.876	60	  22.030	  54.351	  35.783
24	-631.044	49	  41.708	  42.927	  47.927
25	-628.749	51	  33.588	   2.833	  51.501
26	-626.205	58	  18.193	   5.241	 -11.800
27	-585.110	55	  -0.954	  15.715	  17.998
28	-582.556	51	  41.382	  35.568	  58.947
29	-576.999	53	  12.246	  16.118	  57.104
30	-559.991	50	  19.238	  19.832	  50.589
31	-557.941	53	  34.526	  26.592	  35.287
32	-521.615	48	   9.140	  38.168	  58.275
33	-503.754	46	   6.200	  20.171	  10.705
34	-489.034	46	  19.358	  27.336	  -6.325
35	-484.470	45	  25.601	  18.821	  27.323
36	-473.048	42	  -4.079	  37.675	  19.169
37	-466.888	45	   1.163	  -4.817	   0.323
38	-464.790	41	  41.863	  30.115	  49.360
39	-445.279	43	   6.065	  48.735	   1.010
40	-435.572	40	  28.756	  57.332	  31.449
41	-422.270	38	  28.317	  22.517	  42.557
42	-406.495	38	  15.754	  -5.306	  40.577
43	-402.008	37	  50.152	  -0.834	  38.634
44	-388.099	36	  31.470	   2.170	  21.924
45	-385.172	35	  39.810	  51.294	  40.336
46	-380.846	34	  35.056	  -0.329	  -4.947
47	-372.899	36	  30.424	  36.901	  27.137
48	-368.935	35	  12.358	  -4.416	  51.267
49	-367.432	35	  37.457	  63.683	  40.569
50	-367.209	34	   6.588	  29.812	  62.532
51	-366.181	33	   4.922	  41.942	  34.247
52	-360.574	32	   2.609	 -10.697	  19.386
53	-342.628	34	  11.722	  28.282	  49.526
54	-341.511	32	  48.958	  -8.240	  56.320
55	-340.579	32	  -1.072	  -4.399	  11.207
56	-330.987	30	  17.297	  41.721	  73.809
57	-327.276	31	  15.879	  47.201	  -2.961
58	-325.497	29	  15.112	 -10.255	  59.552
59	-324.280	28	  25.540	  52.604	  -0.483
60	-321.938	31	  -0.377	 -21.226	  13.716
61	-319.193	30	  45.777	   6.412	  55.662
62	-316.123	33	  30.672	  12.351	  25.978
63	-305.112	30	  20.904	   5.731	  39.468
64	-298.029	28	  36.398	  46.649	  74.436
65	-288.367	25	  23.656	  12.420	  65.091
66	-286.140	27	  13.966	 -21.579	  55.167
67	-284.556	27	  36.068	  -7.273	  12.685
68	-284.538	27	  14.616	  21.329	  39.703
69	-281.963	25	  25.074	 -21.014	  63.924
70	-277.345	26	  27.928	  37.496	  36.261
71	-276.294	26	  13.053	 -20.955	  22.992
72	-269.057	24	  43.553	  65.949	  62.777
73	-268.760	24	  10.741	  11.637	  23.971
74	-267.320	26	  10.705	  16.010	  -6.535
75	-264.672	26	  41.428	  -7.550	  32.890
76	-262.920	25	  24.625	  14.811	  37.233
77	-260.854	24	   8.880	  48.695	  54.929
78	-255.933	25	  -6.453	  27.871	  20.404
79	-255.620	23	  -5.087	  48.007	  16.527
80	-253.694	23	  28.862	  29.107	   4.616
81	-251.524	25	  20.162	  38.345	  43.049
82	-251.271	24	   5.521	   5.726	   0.111
83	-243.104	23	  22.941	  63.963	   0.216
84	-242.600	23	  34.006	  33.083	  69.841
85	-242.340	21	  22.372	 -26.199	  19.235
86	-241.856	24	  -1.290	  27.482	   9.973
87	-239.928	22	  36.300	  15.839	  28.299
88	-235.702	23	  10.471	  42.396	  40.422
89	-235.365	22	  11.856	  63.413	  21.298
90	-232.630	23	   0.375	  48.855	  27.491
91	-232.292	22	  25.178	  22.554	  79.953
92	-231.102	22	  19.801	  15.801	 -13.144
93	-224.249	19	  45.460	  61.150	  52.295
94	-222.257	18	  32.217	  43.601	  22.625
95	-221.147	19	  44.720	  43.129	  64.974
96	-220.471	21	   1.324	  38.436	   7.326
97	-219.703	19	  35.140	 -26.249	  61.630
98	-218.337	21	  56.759	  18.013	  48.090
99	-214.629	21	  44.061	   2.104	  63.698
100	-212.109	21	  25.901	  -6.211	 -10.108
101	-204.672	19	  42.589	  18.280	   4.175
102	-204.471	20	  18.654	 -14.131	  26.669
103	-204.181	20	  32.562	  19.345	  15.829
104	-203.612	20	  31.197	  61.319	   8.772
105	-202.890	20	   6.606	  33.801	   3.425
106	-201.396	20	  21.852	  36.847	  79.944
107	-201.218	18	  29.929	  66.552	  20.761
108	-195.944	19	  42.455	  35.965	  69.062
109	-194.335	19	  12.542	  48.911	  66.454
110	-193.941	18	  12.805	  37.278	  -3.010
111	-193.836	19	  12.350	  66.511	   7.777
112	-193.005	19	  45.504	  19.808	  58.277
113	-189.580	18	  42.622	  55.158	  71.797
114	-187.084	19	  10.612	  33.154	  40.952
115	-185.741	18	  32.864	 -17.757	  16.901
116	-184.940	18	  27.253	  11.716	 -14.401
117	-182.827	18	  36.207	  19.653	  68.017
118	-180.167	17	   7.004	 -23.559	   3.714
119	-178.473	18	  -5.982	  30.912	  27.317
120	-177.396	17	  20.673	 -23.873	  44.854
121	-177.328	18	  34.298	  -6.462	  25.361
122	-174.390	17	  15.631	 -17.426	  -4.145
123	-173.925	16	   9.958	 -13.427	  44.558
124	-167.084	13	  38.621	  -4.684	  65.243
125	-166.506	15	  34.281	  10.067	   4.986
126	-165.840	16	  12.129	   6.303	  48.733
127	-164.977	16	  14.812	  37.126	  48.357
128	-163.412	17	  28.373	 -15.241	  33.826
129	-163.362	15	  45.778	 -16.712	  61.022
130	-153.095	15	  26.824	  66.386	  47.847
131	-151.900	15	  32.862	  68.037	  59.722
132	-151.007	15	  20.126	  68.675	  18.435
133	-148.877	14	  48.737	  11.659	  48.203
134	-147.507	14	  22.984	  62.433	  62.589
135	-147.221	14	  34.602	 -21.155	  41.817
136	-147.118	15	  48.250	  25.999	  34.081
137	-145.938	15	  17.325	 -17.240	  38.080
138	-145.906	14	  -1.751	   6.740	   9.079
139	-142.066	14	  19.269	 -26.917	   8.071
140	-139.153	14	   2.824	 -17.081	  -2.645
141	-137.611	13	  53.658	  14.735	  36.535
142	-137.200	13	  37.929	  15.614	  -7.442
143	-135.595	13	  42.593	  10.429	  27.926
144	-135.068	13	  42.008	   6.215	  -0.884
145	-131.187	13	  13.207	 -29.762	  12.285
146	-129.386	13	  26.755	  49.804	  77.498
147	-129.297	13	  47.816	  41.865	  55.350
148	-127.717	13	   4.195	  60.142	   4.387
149	-125.635	12	  14.930	  29.187	  31.954
150	-124.366	12	  14.210	  -5.931	 -12.498
151	-123.101	11	  -3.975	 -13.559	   4.713
152	-117.858	12	  16.748	  17.176	  77.063
153	-117.607	11	  48.407	  29.773	  41.431
154	-114.352	11	  30.488	  -1.189	  68.049
155	-114.147	11	  35.161	  53.731	  13.775
156	-112.025	10	   3.511	  25.813	  37.492
157	-111.994	11	  19.955	  29.963	  44.696
158	-111.277	11	  33.752	  41.084	  13.687
159	-111.201	11	  49.021	  53.295	  55.797
160	-110.676	11	  33.877	  10.515	  15.384
161	-109.036	11	  32.750	 -27.568	  51.256
162	-108.132	10	   9.505	  56.712	  -3.784
163	-107.965	11	  17.734	  21.816	  31.070
164	-106.160	11	  19.619	  61.504	  43.848
165	-105.036	11	  23.097	  71.326	  11.772
166	-101.118	10	  14.727	  25.697	  77.010
167	-100.633	10	   6.418	  13.118	   1.191
168	 -98.705	10	  31.901	  25.272	  24.225
169	 -98.699	10	  15.747	  58.791	  54.711
170	 -98.573	10	  37.034	 -13.749	  68.891
171	 -95.688	9	  38.993	  24.389	  -3.746
172	 -91.238	9	  25.958	 -29.880	  54.055
173	 -89.795	9	   2.641	  58.685	  16.335
174	 -85.678	9	  53.764	   5.667	  34.481
175	 -85.235	9	  37.512	  71.470	  52.914
176	 -83.510	8	  24.381	  28.651	  29.333
177	 -80.097	8	  43.470	 -16.030	  38.228
178	 -80.035	8	  56.802	   6.053	  42.674
179	 -79.882	8	   2.050	  34.720	  38.591
180	 -79.784	8	  17.041	  62.227	  -3.841
181	 -77.586	8	   6.615	  10.725	  30.530
182	 -77.562	7	  24.141	 -20.979	  -0.992
183	 -77.147	7	  27.846	 -12.907	  67.252
184	 -76.448	8	  12.933	  35.107	  77.596
185	 -71.791	7	   4.516	  -2.203	 -10.012
186	 -70.968	7	  37.633	 -10.723	   1.177
187	 -70.494	7	  -1.163	  15.612	  30.909
188	 -67.900	7	  54.734	  22.576	  38.873
189	 -67.131	7	  35.786	  51.833	  24.013
190	 -66.697	7	  39.772	  35.787	  37.000
191	 -63.111	6	  14.271	   8.501	  61.327
192	 -60.780	6	  32.829	  58.662	  73.119
193	 -60.776	6	  47.442	  -8.521	  66.423
194	 -58.744	6	  40.622	   1.219	  29.084
195	 -58.552	6	   9.912	  18.756	  69.869
196	 -58.397	6	  48.786	  51.815	  66.064
197	 -58.395	6	  45.129	  19.827	  29.916
198	 -57.874	6	   7.136	  17.962	  40.377
199	 -57.622	6	   0.800	   8.105	  21.440
200	 -57.017	6	  47.115	 -18.135	  49.760
201	 -55.110	5	  25.990	  29.256	  71.933
202	 -53.191	5	  33.607	 -17.692	   6.135
203	 -50.610	5	  52.576	  -8.382	  48.301
204	 -50.545	5	  46.000	  46.514	  74.157
205	 -47.933	5	   4.671	 -21.694	  19.814
206	 -46.865	5	  35.797	  46.346	  30.403
207	 -46.535	5	  -4.817	  22.505	  29.182
208	 -43.007	3	  12.331	  -1.599	   7.296
209	 -41.682	4	  44.938	  25.063	  65.429
210	 -41.386	4	  -3.962	  40.702	  26.120
211	 -41.020	4	  43.766	  15.694	  65.087
212	 -40.822	4	  -4.247	  44.938	   5.622
213	 -40.129	4	  34.354	  30.226	  -0.252
214	 -39.944	4	  38.009	   5.932	  -9.411
215	 -39.636	4	  16.282	  10.694	  68.589
216	 -39.416	4	  30.774	  22.610	 -10.689
217	 -38.553	4	  12.786	  -1.360	  58.814
218	 -38.449	4	  30.134	  21.841	  71.263
219	 -37.311	4	  24.810	  36.379	  -4.647
220	 -33.371	2	  25.786	  -1.705	  48.190
221	 -32.796	3	  10.381	   6.289	  -7.955
222	 -31.524	3	  13.777	  43.703	  10.589
223	 -30.514	3	   6.786	  59.002	  27.920
224	 -29.936	3	   7.098	  53.381	  33.528
225	 -28.595	2	  24.786	  46.694	  68.150
226	 -19.916	2	  18.293	  72.201	   2.589
227	 -19.588	2	  37.175	   0.694	   4.589
228	 -19.460	2	  31.321	 -12.306	  -5.876
229	 -19.410	2	   4.786	  44.945	  49.125
230	 -18.727	2	  -4.214	  35.209	  33.589
231	 -18.445	2	  34.802	  73.202	  44.097
232	 -16.027	1	  18.786	   3.694	  51.589
233	 -15.825	1	  26.786	   0.694	  55.589
234	 -13.788	1	  12.786	  46.694	  28.589
235	 -12.487	1	  28.786	  42.694	  50.589
236	 -12.348	1	  21.786	  -0.306	  -0.411
237	 -11.829	1	  28.786	  -5.306	   2.589
238	 -11.634	1	  15.786	  24.694	  20.589
239	 -11.374	1	  29.786	 -19.306	  23.589
240	  -9.941	1	  35.786	  25.694	   8.589
241	  -9.901	1	   7.786	 -14.306	  57.589
242	  -9.789	1	  16.786	 -30.306	  50.589
243	  -9.682	1	  -9.214	  40.694	  11.589
244	  -9.423	1	  49.786	  25.694	  51.589
245	  -9.249	1	  43.786	 -23.306	  57.589
246	  -9.092	1	  23.786	  57.694	  -7.411
247	  -8.946	1	  18.786	  54.694	  72.589
248	  -8.914	1	   2.786	 -30.306	  10.589
