1	-900.392	76	 -10.511	   4.390	  29.807
2	-763.893	63	   3.669	  15.492	  28.142
3	-641.514	57	   7.850	  12.969	  49.323
4	-580.068	52	  -4.218	   2.979	  10.502
5	-556.571	50	 -14.230	   6.370	   8.802
6	-451.064	43	  -4.351	  18.158	  24.455
7	-390.791	35	  -8.576	  13.680	  33.712
8	-379.948	34	  12.851	   6.467	  37.429
9	-294.490	26	  -1.039	  -6.367	  10.744
10	-247.227	16	   8.115	  12.915	  40.493
11	-237.042	22	 -14.750	  -8.214	  21.856
12	-232.901	21	  18.501	  13.162	  31.114
13	-226.422	22	  -7.755	  -5.909	  18.771
14	-205.268	20	  -8.700	  -4.559	  37.942
15	-182.946	17	  -9.423	   6.835	  39.920
16	-166.806	15	  16.382	  22.301	  32.020
17	-164.999	16	   8.445	  16.019	  18.971
18	-154.037	15	   7.350	  -3.558	  10.491
19	-151.336	15	  -7.769	  22.809	  15.522
20	-149.054	14	  -2.772	  13.752	  13.766
21	-143.184	14	  -8.598	  14.528	   5.921
22	-135.766	13	 -18.402	  18.089	  10.104
23	-135.256	14	 -20.516	  -7.134	  28.616
24	-132.703	13	  -1.576	  11.087	  53.681
25	-130.062	12	  -0.557	   5.212	  47.171
26	-129.418	12	  -4.392	  21.565	  52.278
27	-127.680	8	   1.964	  11.612	  36.442
28	-125.237	13	   1.347	  21.010	  35.259
29	-123.163	8	  -7.939	   6.868	  21.622
30	-110.888	10	  15.195	   0.496	  42.971
31	-109.536	10	   1.450	  -5.759	  41.041
32	 -99.482	10	 -21.519	   3.031	  20.698
33	 -99.054	10	  14.026	   2.685	  26.999
34	 -86.752	9	   8.745	   7.108	  13.748
35	 -77.871	7	 -10.353	  17.716	  41.339
36	 -77.415	8	   1.425	  -7.624	  24.375
37	 -69.548	7	  11.585	  24.089	  39.639
38	 -60.327	4	  -1.044	  -1.642	  19.304
39	 -58.612	6	 -11.164	  11.925	  46.576
40	 -50.849	5	  -1.246	  24.521	  41.608
41	 -49.281	5	  -6.862	 -11.113	  29.933
42	 -49.061	5	   7.783	   0.847	  47.110
43	 -41.311	4	  18.194	  17.998	  43.739
44	 -38.634	4	  11.716	  -4.275	  20.551
45	 -32.895	3	  -2.673	  -3.452	   3.501
46	 -29.845	3	 -21.044	  12.252	  19.450
47	 -20.676	2	   7.144	  22.705	  45.860
48	 -19.613	2	 -14.044	  20.784	  22.501
49	 -18.096	2	 -20.038	   1.755	  11.490
50	 -10.018	1	   9.956	  -8.748	  27.501
51	  -9.668	1	 -15.044	 -12.748	  28.501
52	  -9.343	1	  10.956	  -8.748	  35.501
53	  -9.012	1	 -12.044	  -3.748	  10.501
