1	-1700.647	142	   9.862	 111.493	  32.534
2	-1479.811	121	  25.366	  77.305	  33.254
3	-944.928	85	  11.363	 103.247	  31.580
4	-864.661	76	 -11.173	 111.548	  20.217
5	-822.024	72	  48.741	  78.286	  23.159
6	-794.185	62	  19.377	 115.313	  46.932
7	-740.499	63	   7.046	  86.872	  25.245
8	-733.714	63	  25.196	  93.726	  35.653
9	-729.225	67	  23.859	  85.784	  32.207
10	-720.069	61	  25.753	  82.905	  41.163
11	-664.325	61	   2.915	 103.468	  31.347
12	-647.236	56	  28.441	 102.065	  24.573
13	-637.096	59	  18.412	  97.612	   7.803
14	-597.770	57	  32.303	  85.248	  33.108
15	-552.506	48	  -5.593	  93.355	  22.184
16	-550.858	53	  11.916	  66.862	  47.097
17	-547.779	52	  -5.322	 105.291	  39.132
18	-542.909	49	  40.884	  95.000	  21.897
19	-472.600	42	  10.241	  95.232	  35.943
20	-459.701	43	  16.385	  87.092	   7.586
21	-447.222	31	  15.542	  76.101	  46.378
22	-421.443	39	  22.562	  72.233	  20.992
23	-415.091	37	  45.681	  75.776	  49.154
24	-413.462	37	 -10.628	 115.926	  46.148
25	-396.070	37	  13.376	 116.088	  18.895
26	-393.210	37	  27.173	 108.772	  41.829
27	-376.815	35	  40.487	  84.815	  41.259
28	-373.854	34	  24.085	  78.139	  10.187
29	-364.302	34	  37.603	  65.283	  23.630
30	-352.754	32	  31.209	 101.253	   8.432
31	-344.171	31	  51.631	  90.183	  26.887
32	-342.146	33	   9.161	 127.626	  33.722
33	-341.600	32	  -1.976	 121.640	  19.538
34	-327.511	31	   8.408	  81.919	  41.652
35	-321.614	31	  38.510	  66.898	  54.357
36	-315.925	31	  55.357	  75.079	  34.344
37	-315.610	30	  40.929	  86.275	  14.347
38	-312.158	31	  39.788	  72.709	  17.562
39	-295.618	26	 -15.947	  98.635	  26.679
40	-293.092	28	   4.869	  85.297	   9.081
41	-291.291	27	  36.787	  74.821	  55.177
42	-282.601	27	  15.180	  68.274	  36.106
43	-275.547	26	  -3.675	 114.913	  14.980
44	-272.543	26	  -3.142	 125.101	  51.190
45	-267.859	25	  10.529	  61.420	  55.393
46	-267.607	25	  21.320	 121.024	  34.212
47	-264.053	17	  17.689	  94.319	  31.305
48	-260.713	23	  -1.850	 117.550	  52.437
49	-252.585	19	  11.151	 106.353	  43.158
50	-252.131	24	   6.141	 112.712	  53.589
51	-246.007	24	  21.279	  62.849	  67.091
52	-239.757	23	  20.214	 125.316	  40.525
53	-236.162	23	  -6.418	 129.131	  36.288
54	-230.609	23	  29.391	 109.460	  33.746
55	-227.177	23	   1.092	 106.523	  47.567
56	-223.583	22	 -21.478	 112.417	  33.751
57	-223.339	22	  -0.749	  89.147	  17.807
58	-217.153	21	  23.541	 128.207	  54.397
59	-213.975	21	  28.759	  61.412	  38.614
60	-212.815	21	  24.798	 122.495	  46.654
61	-211.081	21	  12.507	 133.807	  52.151
62	-210.989	20	  17.280	  94.851	  41.530
63	-210.520	21	  35.214	  83.768	  49.725
64	-210.122	19	  17.987	  74.106	  54.517
65	-206.299	19	   6.279	 104.208	   3.811
66	-203.525	19	  12.924	 129.164	  63.886
67	-201.428	20	  40.295	  61.614	  38.746
68	-199.147	16	  10.589	 108.306	   8.671
69	-196.580	19	   3.378	 131.972	  54.161
70	-196.112	18	  30.461	  82.983	   5.008
71	-195.060	19	  23.070	  57.601	  56.163
72	-194.506	19	  27.284	  79.278	  55.114
73	-194.244	19	   6.235	  79.151	  34.304
74	-192.684	19	  30.997	 101.664	  31.445
75	-189.681	18	   3.270	 126.365	  20.464
76	-186.773	18	 -16.314	 123.378	  44.328
77	-179.740	17	  32.380	  60.045	  59.205
78	-179.664	18	  20.053	  74.930	  61.900
79	-175.758	17	   5.545	 123.651	  65.546
80	-175.744	17	   4.414	  88.710	  32.759
81	-170.913	17	  51.482	  67.914	  47.835
82	-159.025	15	  23.671	  63.278	  34.039
83	-156.459	15	  -3.975	  96.505	  13.750
84	-155.134	15	  39.865	  92.409	  34.262
85	-146.854	8	  37.306	  77.031	  41.802
86	-146.513	15	 -17.789	 117.431	  28.328
87	-145.823	14	  -5.423	 104.208	  12.629
88	-144.673	14	  -4.808	  97.053	  33.366
89	-137.974	14	   4.670	 117.643	  11.011
90	-131.456	13	  31.687	  69.735	  14.182
91	-128.215	12	  23.685	  67.712	  26.534
92	-126.670	12	  35.322	  99.693	  18.496
93	-120.883	12	  45.677	  64.120	  31.398
94	-120.138	12	  12.497	 121.247	  24.102
95	-117.928	11	   0.165	  92.441	   7.584
96	-114.169	8	  -3.611	 113.141	  40.659
97	-111.530	11	  28.253	 120.386	  34.563
98	-106.866	10	  35.805	  94.348	   7.654
99	-104.617	10	  -1.377	 130.258	  44.317
100	 -95.751	9	  57.505	  85.653	  29.447
101	 -86.897	9	  -2.781	 122.666	  64.042
102	 -86.457	9	 -15.652	 101.238	  36.714
103	 -86.361	9	  51.550	  89.578	  37.781
104	 -79.949	8	  10.881	  96.870	   1.209
105	 -77.405	8	 -12.493	 125.130	  29.078
106	 -76.610	7	  28.757	  62.809	  20.925
107	 -71.286	7	  14.626	 117.123	  59.243
108	 -71.080	7	  35.961	  71.194	  67.880
109	 -70.629	7	  15.612	  76.531	  19.034
110	 -70.085	7	  24.017	 109.370	  17.308
111	 -69.912	6	  34.124	  77.381	  10.100
112	 -69.772	7	  37.036	  60.941	  49.167
113	 -69.693	7	  28.355	  64.910	  70.038
114	 -69.692	7	 -19.838	 109.314	  22.033
115	 -68.086	7	  51.026	  71.671	  25.439
116	 -67.397	7	  21.470	  61.656	  44.887
117	 -61.198	6	  13.663	 129.536	  42.235
118	 -55.112	5	  -3.568	 101.682	   5.598
119	 -54.761	5	  39.504	  84.581	   6.598
120	 -53.327	5	  45.754	  60.624	  44.936
121	 -51.299	5	   5.771	  76.183	  46.157
122	 -50.848	5	  -6.572	 125.942	  25.360
123	 -47.814	5	  18.440	  88.794	  49.030
124	 -47.791	5	  26.746	  89.995	   1.406
125	 -42.440	3	  18.059	  94.096	  20.574
126	 -40.825	4	 -23.174	 105.037	  28.027
127	 -38.267	4	  21.767	 132.293	  45.097
128	 -37.805	4	  30.303	 121.493	  42.129
129	 -37.240	4	  14.477	  59.029	  47.622
130	 -36.793	4	  15.251	  54.563	  54.839
131	 -36.723	4	  18.972	 108.588	  10.610
132	 -24.135	2	  36.757	  73.424	  24.598
133	 -22.137	2	   2.732	 109.306	   8.573
134	 -21.966	2	 -18.476	 119.849	  38.187
135	 -20.762	2	  16.511	 101.794	  48.149
136	 -20.420	2	  15.757	  65.282	  62.598
137	 -19.769	2	  10.292	  74.794	  26.598
138	 -18.445	2	   8.267	  80.794	  18.108
139	  -9.895	1	  -7.243	 109.794	  28.598
140	  -9.514	1	  49.757	  83.794	  42.598
141	  -9.471	1	  21.757	 107.794	  50.598
142	  -9.293	1	  23.757	 112.794	  23.598
143	  -8.937	1	  12.757	  82.794	  51.598
