1	-1284.098	84	   2.457	   9.895	  16.166
2	-880.551	75	 -30.064	   4.369	  13.315
3	-805.018	68	  12.314	   5.258	  24.394
4	-707.593	46	 -16.310	   3.917	   7.313
5	-616.133	39	 -19.066	   9.481	  12.051
6	-583.398	54	   1.700	  22.631	  22.419
7	-543.004	45	 -12.730	  11.165	  -1.013
8	-517.499	44	 -13.681	  11.368	  27.256
9	-514.352	44	  -6.057	  -6.448	  19.554
10	-483.602	40	   2.820	  16.271	   5.825
11	-449.969	42	 -17.475	  -7.724	   4.499
12	-410.010	35	  16.009	  13.911	  15.114
13	-394.829	35	 -28.612	   6.230	   0.740
14	-308.061	29	 -25.090	  26.160	   3.099
15	-301.826	29	  15.468	   2.904	   0.322
16	-282.826	27	   7.957	  13.915	  26.367
17	-276.461	25	 -33.604	  17.076	  18.955
18	-275.330	26	  -5.485	   0.887	  27.986
19	-274.169	26	  -1.220	   7.435	  31.879
20	-270.638	27	 -33.251	  14.382	   3.676
21	-257.151	24	  16.181	  -6.634	  18.867
22	-249.630	22	 -20.117	  -4.677	  20.648
23	-246.530	23	  -6.912	  20.412	  32.408
24	-224.308	22	 -17.373	   0.833	  25.050
25	-223.028	21	  20.498	   5.102	  11.007
26	-220.855	21	 -28.786	  28.006	  14.331
27	-213.555	19	  -6.427	  23.560	   6.497
28	-202.446	20	 -25.117	  -3.261	   9.245
29	-194.110	16	  18.421	   1.255	  18.439
30	-184.394	16	  -3.154	   4.970	  -2.994
31	-183.718	18	   5.074	  -5.211	  -4.440
32	-181.566	17	  15.317	  -9.081	   5.871
33	-176.180	15	 -34.965	  13.061	  11.772
34	-141.199	14	  -7.604	 -15.107	  11.602
35	-113.935	12	 -16.248	  31.561	  13.376
36	-113.076	10	   5.585	 -14.011	  13.015
37	-111.333	10	 -22.574	  10.395	  -0.996
38	-109.832	10	 -23.884	  23.855	  25.425
39	-103.370	10	 -32.590	  21.252	   7.781
40	 -88.535	9	  -8.832	  29.485	  12.954
41	 -72.150	7	 -16.617	   0.060	  -2.440
42	 -69.698	7	 -16.202	  34.014	   6.381
43	 -68.828	7	   6.244	 -13.689	   4.546
44	 -64.762	7	 -27.210	  20.286	  -2.025
45	 -58.601	5	   2.176	  -4.209	  26.556
46	 -58.217	6	  -9.082	  27.430	  24.953
47	 -57.525	6	 -16.646	  25.055	  -1.972
48	 -47.769	5	  -4.192	  15.117	  -1.764
49	 -42.928	4	  20.237	  -2.964	  11.369
50	 -40.292	3	 -27.199	  11.205	  16.236
51	 -39.705	4	 -23.485	   6.162	  25.345
52	 -39.265	4	   8.482	 -11.084	  23.627
53	 -38.009	4	 -20.719	  29.904	  21.567
54	 -37.663	4	 -28.408	  13.073	  28.114
55	 -30.636	3	 -16.821	 -13.514	  13.456
56	 -28.391	2	   8.685	   0.374	  18.392
57	 -20.934	2	   8.515	   7.598	  -5.168
58	 -20.250	2	  -2.485	 -10.866	   2.363
59	 -18.869	2	   9.353	  22.681	  22.832
60	 -18.308	2	 -35.485	   9.132	  20.321
61	  -9.970	1	  -6.485	  16.154	  18.832
62	  -9.096	1	  17.515	 -11.846	  13.832
63	  -8.978	1	 -12.485	 -10.846	  -1.168
