1	-2012.004	163	  14.514	  24.545	  42.418
2	-831.196	72	  25.074	   8.571	  45.790
3	-698.865	65	   6.224	  28.436	  45.945
4	-646.013	52	  22.807	  40.075	  54.682
5	-623.214	57	  32.290	  34.437	  39.352
6	-581.652	52	   0.882	  12.685	  37.537
7	-569.236	51	  32.184	  10.767	  39.653
8	-565.595	43	  13.354	  18.589	  46.543
9	-516.459	47	  35.689	  30.984	  60.019
10	-403.598	38	  19.872	  29.536	  60.086
11	-394.533	39	  14.091	   7.266	  41.286
12	-382.057	35	  11.772	  39.186	  41.368
13	-341.389	33	  28.303	  43.903	  44.072
14	-302.223	30	   5.994	  17.702	  23.321
15	-291.129	26	  27.851	  30.590	  31.378
16	-291.080	24	  21.332	  38.563	  32.366
17	-290.778	28	  30.987	  11.803	  59.054
18	-282.371	28	   8.027	  21.444	  57.583
19	-254.639	23	   2.333	  22.558	  52.077
20	-246.380	21	  25.602	  23.860	  61.194
21	-237.644	22	  44.333	  34.264	  42.619
22	-233.744	23	  34.041	  21.976	  33.445
23	-212.255	21	  43.293	  22.106	  42.134
24	-211.969	21	  -2.070	  27.417	  41.538
25	-206.397	20	  43.494	  35.588	  52.683
26	-198.721	19	   2.346	  28.513	  32.912
27	-193.445	18	  13.545	  40.565	  48.367
28	-188.540	18	  28.015	  12.752	  31.635
29	-187.803	18	  20.922	   5.344	  56.375
30	-177.175	17	  14.450	   9.888	  28.559
31	-153.367	15	   9.251	  13.822	  51.269
32	-149.181	15	  33.840	  41.450	  54.987
33	-139.947	13	   6.455	   9.254	  26.006
34	-128.021	12	  27.491	   3.305	  53.227
35	-127.885	13	   6.018	  33.154	  27.116
36	-123.808	12	  21.211	  13.856	  59.989
37	-119.493	12	  21.635	  14.286	  23.051
38	-116.405	11	  37.694	  13.104	  56.579
39	-100.892	8	  41.169	  30.437	  48.274
40	 -97.588	10	  43.282	  14.087	  49.486
41	 -95.767	9	  23.852	  47.595	  53.418
42	 -90.525	9	  28.783	  41.137	  60.374
43	 -81.652	8	   6.166	  25.914	  22.696
44	 -80.242	8	  -6.324	  16.416	  41.723
45	 -77.159	8	  21.549	  22.751	  19.161
46	 -74.015	7	  39.954	  19.047	  61.076
47	 -69.052	7	   9.093	  39.187	  32.291
48	 -69.045	7	  46.130	  22.674	  57.997
49	 -66.765	7	  13.148	   5.688	  53.348
50	 -66.671	7	  20.422	  30.723	  21.940
51	 -61.650	6	  17.777	  22.620	  60.958
52	 -61.147	6	   9.980	  34.586	  59.537
53	 -38.104	4	  31.054	  20.835	  22.950
54	 -30.363	3	  -5.384	  20.352	  33.365
55	 -20.727	2	  12.789	  27.812	  18.663
56	 -19.856	2	   5.289	  27.816	  61.663
57	 -17.922	2	  39.785	   6.813	  39.661
58	 -11.385	1	  31.289	  27.312	  43.663
59	  -9.478	1	  25.289	  28.312	  48.663
60	  -9.206	1	   6.289	  10.312	  42.663
