1	-1360.149	115	   7.783	   9.713	  13.519
2	-1132.703	90	  10.267	   5.433	  19.292
3	-1095.893	89	  20.453	  -8.962	  39.008
4	-1007.374	79	  17.861	  -5.515	  33.945
5	-909.145	58	  14.242	  -0.086	  26.870
6	-718.372	63	 -28.286	  13.190	  11.891
7	-696.872	56	   0.023	  12.467	  12.649
8	-663.117	58	   5.692	 -32.386	   5.200
9	-654.509	59	  11.893	 -25.990	  38.839
10	-652.470	58	  27.443	  11.629	  14.870
11	-652.225	56	   8.078	   4.678	  47.226
12	-647.882	54	  26.374	 -16.723	  23.051
13	-634.138	57	  -7.199	   0.163	  23.600
14	-615.956	51	   5.148	  19.939	  35.807
15	-614.474	52	  44.581	 -36.187	  31.381
16	-612.091	55	  28.384	  35.792	  16.113
17	-609.963	50	  36.250	   6.865	  31.463
18	-606.105	55	 -16.658	 -11.272	   4.043
19	-596.295	57	 -14.425	  -0.060	   3.101
20	-589.995	50	  -2.301	 -15.501	  33.800
21	-568.158	51	  21.135	 -37.594	  29.896
22	-566.212	51	  -2.624	   1.273	  49.536
23	-560.356	50	  24.026	  15.261	  62.421
24	-553.285	45	  17.367	 -11.783	   6.717
25	-551.069	51	  18.779	  -0.080	  67.407
26	-548.695	50	  39.081	  29.744	  38.469
27	-536.376	48	  14.163	  17.385	  -5.214
28	-532.194	47	  20.414	  34.119	  47.131
29	-496.285	46	  30.112	   4.204	   8.900
30	-489.358	43	  -0.566	   2.984	  34.431
31	-469.870	41	  38.213	 -34.559	  36.802
32	-463.011	43	  38.547	  18.062	  33.628
33	-458.439	42	  33.388	  23.543	  -8.603
34	-448.640	42	  30.243	  32.658	  42.812
35	-442.239	41	  24.723	  13.459	 -11.019
36	-438.912	40	  -2.657	  -7.918	  31.338
37	-438.040	36	  28.275	  -3.018	  18.655
38	-431.117	40	  -9.780	 -30.930	  17.975
39	-425.214	39	 -21.396	   9.219	   4.337
40	-424.394	38	  32.335	   0.253	  45.142
41	-423.965	38	  22.953	  -0.595	  57.753
42	-416.996	38	   5.406	  -2.035	   2.226
43	-412.599	38	 -13.481	   6.962	  30.693
44	-409.171	37	  32.735	   4.581	  23.747
45	-397.861	37	   7.303	  25.318	  20.883
46	-396.609	35	  13.893	 -18.078	  46.783
47	-392.964	35	  -7.054	 -22.024	  26.325
48	-389.653	34	  17.226	  25.109	   7.457
49	-385.643	35	  24.919	  28.390	  -3.778
50	-378.529	36	  49.080	 -22.036	  35.748
51	-373.993	34	  24.821	 -28.963	  35.636
52	-372.167	32	   4.636	  15.536	  66.609
53	-366.114	33	   2.047	 -13.224	  64.360
54	-365.713	33	  53.154	 -24.025	  17.884
55	-365.708	36	  40.906	  -2.522	  39.061
56	-355.956	35	  -3.910	 -32.917	  11.808
57	-338.065	33	  10.459	  20.548	  12.226
58	-335.002	30	  23.247	  -9.351	  12.813
59	-334.363	30	 -28.461	  -6.963	  18.593
60	-333.526	31	  37.053	 -12.105	  20.384
61	-333.402	31	  14.708	  -5.639	  -0.544
62	-333.055	32	  -9.842	   0.726	  65.288
63	-324.280	30	  42.838	  10.333	  -6.350
64	-324.263	31	   1.703	  -2.741	  71.400
65	-309.576	28	 -20.669	  21.670	  18.512
66	-306.884	28	   7.824	   6.170	  74.570
67	-304.693	28	   8.392	   6.095	   0.900
68	-304.383	29	 -32.297	   4.304	  16.503
69	-298.492	26	   4.107	  11.796	  37.962
70	-295.769	27	  49.242	 -31.130	  26.063
71	-290.862	26	  32.508	  -9.650	  44.198
72	-285.454	27	   0.240	  22.541	  16.707
73	-284.712	25	  -8.942	   4.259	   4.882
74	-282.941	27	  20.218	  31.535	  11.124
75	-282.135	27	   1.755	 -19.799	  43.227
76	-271.959	23	  14.189	 -21.617	   5.644
77	-258.559	23	  -1.152	  -3.049	  -0.874
78	-256.602	25	  11.481	  12.586	  42.854
79	-255.617	24	   6.225	 -42.049	  28.297
80	-251.122	24	 -11.898	 -24.738	   5.032
81	-249.933	24	  29.771	 -34.713	  33.217
82	-249.624	23	  10.713	  -4.909	  73.018
83	-249.492	22	  12.850	  31.902	  40.985
84	-247.814	24	  48.347	  -5.020	  27.277
85	-246.192	23	  19.495	 -39.896	  20.921
86	-242.280	23	   9.816	 -16.099	  63.933
87	-241.905	23	  47.218	 -32.985	  18.481
88	-239.976	20	  33.103	   2.655	  52.494
89	-239.940	22	  42.218	 -14.374	  14.919
90	-237.507	23	  36.754	   1.727	   3.616
91	-237.422	23	  29.397	  13.699	  23.582
92	-237.336	23	  20.167	 -17.507	  17.132
93	-236.949	22	  42.710	  26.733	  10.895
94	-236.262	21	  11.315	  24.019	  43.096
95	-235.396	22	  27.109	   6.000	  61.043
96	-234.938	22	  -8.089	 -12.661	  54.249
97	-234.628	20	  19.486	  -9.820	  46.640
98	-229.975	22	  -9.820	  -0.631	  51.155
99	-229.079	22	  23.431	  30.387	   4.163
100	-228.922	22	  -4.201	  -9.029	  24.006
101	-228.586	21	  20.625	 -19.717	  39.503
102	-227.958	14	  31.912	  -5.331	  31.130
103	-226.838	20	  11.207	  30.579	  16.957
104	-226.482	20	  39.574	 -22.847	  43.420
105	-222.848	21	  29.156	  26.194	  56.648
106	-222.065	21	  -6.908	 -18.487	  -5.223
107	-218.569	21	 -31.852	  11.946	  27.193
108	-217.690	20	  39.776	  29.294	  -2.440
109	-216.174	21	  13.482	 -20.533	  55.384
110	-209.903	21	  26.432	  -3.905	  48.461
111	-205.808	20	  -1.350	   5.754	  71.112
112	-205.548	19	  37.521	 -36.123	  13.517
113	-201.614	14	  19.502	   0.651	   8.513
114	-196.901	18	  30.969	  38.565	  30.473
115	-194.440	17	  38.550	  25.175	  25.446
116	-193.641	18	   0.194	  24.161	  27.720
117	-193.164	17	  42.260	 -40.796	  23.288
118	-191.657	15	  27.234	 -13.410	  39.487
119	-189.146	18	  36.404	  36.450	   6.670
120	-188.009	19	  13.465	   0.837	  -5.687
121	-187.648	17	  10.910	  19.074	  61.379
122	-187.462	17	 -12.255	  20.028	   8.357
123	-186.705	17	 -13.745	 -18.927	  20.464
124	-184.271	18	  20.009	  42.537	  25.686
125	-183.689	18	   1.018	   4.548	   6.067
126	-182.859	18	  -7.021	  27.923	  25.172
127	-179.448	17	  39.599	  19.780	  54.825
128	-178.683	18	  45.372	  23.547	   3.566
129	-176.521	17	  38.615	  19.517	  18.386
130	-174.175	17	 -20.007	  20.267	  29.928
131	-171.564	16	 -26.756	  -7.858	   6.480
132	-171.146	16	  42.426	  21.042	  -4.497
133	-168.982	16	 -20.694	  10.173	  36.656
134	-166.280	13	  11.236	  13.333	   6.505
135	-163.790	15	  42.283	  24.099	  45.300
136	-162.551	16	  31.054	 -43.061	  21.765
137	-162.057	16	  16.499	  13.828	  71.618
138	-159.031	15	 -21.642	 -12.863	  16.371
139	-158.267	8	  23.870	  20.471	  36.999
140	-156.470	13	   8.375	 -24.517	   0.304
141	-156.142	15	   8.663	 -40.858	  16.675
142	-153.866	15	  34.769	  16.589	  60.254
143	-151.885	14	  27.961	 -35.161	  13.309
144	-150.597	14	 -22.620	   1.459	  33.078
145	-147.705	10	  -0.113	  12.669	  26.586
146	-147.583	15	  43.770	 -21.364	  10.007
147	-144.878	12	  14.409	  25.136	  50.431
148	-142.959	12	  40.954	 -14.032	  45.295
149	-142.152	9	   5.212	  -8.616	  41.324
150	-140.494	14	  37.318	 -45.704	  25.977
151	-137.981	7	   3.982	 -20.343	  16.727
152	-137.222	14	  -2.174	 -23.193	  51.984
153	-134.406	13	  33.093	   3.372	  -7.355
154	-134.104	12	  -4.254	  13.055	  64.671
155	-133.246	10	  11.136	  -9.232	  47.314
156	-132.213	13	  49.295	 -12.683	  17.462
157	-132.048	10	  -6.415	  -4.262	  59.962
158	-130.289	13	  19.289	 -29.432	   9.363
159	-123.238	12	  49.831	  -3.880	  38.975
160	-120.894	12	   9.249	  18.289	  52.232
161	-118.601	12	  22.320	 -10.053	  54.734
162	-116.886	12	   2.365	 -13.501	  -5.935
163	-113.097	11	  24.162	  -6.415	   0.561
164	-112.418	11	  10.102	  37.150	  29.299
165	-112.155	11	  51.360	 -12.069	  27.271
166	-111.809	11	  18.467	  42.351	  38.453
167	-111.681	10	  14.122	 -38.540	   9.264
168	-111.663	10	  28.225	  -3.663	  -5.327
169	-105.180	9	  -7.686	  26.248	  13.724
170	-101.634	10	  41.700	  11.224	  49.306
171	-100.473	9	  19.878	  -3.696	  -9.495
172	 -99.993	10	  -4.883	 -39.605	  24.319
173	 -99.332	7	  -8.476	  12.708	  29.294
174	 -95.523	9	 -17.721	 -23.990	  13.823
175	 -95.233	9	  20.210	  30.280	  55.402
176	 -93.011	9	  45.062	   9.955	   6.042
177	 -90.973	9	  45.128	 -29.367	  11.878
178	 -90.964	9	   2.085	 -34.224	  35.683
179	 -90.700	9	 -17.119	  31.771	  23.056
180	 -89.972	9	   0.215	 -28.087	  -4.279
181	 -89.903	9	  27.148	 -22.414	  42.191
182	 -85.810	5	  20.718	 -22.304	  26.971
183	 -81.459	8	  -5.780	  10.399	  54.879
184	 -81.202	8	  -5.001	  10.054	   5.001
185	 -80.760	8	  40.764	   6.658	  11.192
186	 -80.582	8	 -30.324	  -1.403	   2.150
187	 -75.881	7	 -17.292	 -10.955	  22.541
188	 -75.738	4	  18.852	   6.189	  48.948
189	 -71.399	7	  31.652	 -19.767	  11.144
190	 -71.218	5	  -4.678	  -3.482	  13.599
191	 -70.261	5	  11.266	  -3.229	  39.296
192	 -70.249	7	  55.502	 -11.943	  39.600
193	 -70.087	7	  -3.888	  21.172	   8.629
194	 -69.706	7	  22.569	   2.714	 -17.138
195	 -68.576	7	  28.125	  35.708	   0.944
196	 -65.360	6	  11.692	   8.726	  -8.212
197	 -63.898	6	  25.736	 -27.173	  12.990
198	 -62.050	6	  38.057	  31.220	  18.007
199	 -58.349	3	  21.989	  20.001	  17.727
200	 -58.294	6	  16.451	   2.135	  80.281
201	 -58.186	6	   2.635	  -0.188	  42.098
202	 -58.086	5	  35.655	 -25.066	  30.727
203	 -56.850	6	 -18.864	  21.820	  11.359
204	 -56.706	4	   2.976	   4.989	  23.436
205	 -56.319	6	  -5.228	  -5.176	  39.246
206	 -55.631	5	  39.286	  34.371	  28.562
207	 -53.376	5	 -12.074	 -22.395	  54.740
208	 -52.636	5	  27.320	  -6.999	 -15.635
209	 -52.437	5	  -5.298	 -15.504	  43.110
210	 -51.394	5	  14.670	  24.978	  58.278
211	 -50.284	4	   7.608	   1.414	  31.226
212	 -49.724	5	 -33.865	  -5.381	   9.811
213	 -48.809	5	 -11.928	  16.022	  36.114
214	 -47.437	5	  45.540	 -27.560	  39.486
215	 -44.872	3	   5.702	 -10.357	  54.727
216	 -44.253	4	  17.070	 -13.999	  61.215
217	 -43.079	4	  -7.043	 -30.884	  26.879
218	 -42.866	4	 -16.596	  33.001	  32.678
219	 -40.866	4	  33.349	  34.532	  -8.991
220	 -38.639	4	  32.769	  14.372	 -12.808
221	 -38.083	4	  57.602	  -2.999	  35.717
222	 -37.129	3	  19.918	   9.724	   1.742
223	 -34.920	3	  23.841	  -7.536	  28.727
224	 -34.778	3	  43.432	   2.726	   0.727
225	 -34.716	2	   0.263	  -6.999	  47.304
226	 -34.536	3	  25.370	  19.603	   2.466
227	 -32.031	2	  11.109	  -1.999	  60.173
228	 -30.346	3	  -5.487	  22.933	  33.756
229	 -29.892	3	  21.449	  -7.980	  63.391
230	 -29.100	3	  32.681	 -29.318	  41.660
231	 -28.647	3	  -3.879	 -21.667	  62.727
232	 -27.933	3	  20.438	   5.667	  74.393
233	 -27.850	3	 -28.886	  19.332	  17.727
234	 -27.659	3	  37.122	 -30.671	   7.399
235	 -27.234	3	 -12.230	  11.656	   1.727
236	 -25.769	2	 -15.891	   7.651	  13.727
237	 -21.974	2	  43.109	   0.451	  29.727
238	 -21.244	2	 -32.891	   8.001	   6.169
239	 -20.981	2	  21.109	  -1.498	  23.226
240	 -20.971	2	  40.109	   9.051	  40.152
241	 -19.216	2	  48.109	  20.001	   9.198
242	 -18.986	2	  38.530	  38.106	  -4.694
243	 -18.706	2	  10.547	 -13.437	  -1.314
244	 -18.567	2	   4.616	  15.508	  74.234
245	 -18.512	2	  16.617	  27.001	  -2.781
246	 -17.892	1	  25.109	   3.001	   3.727
247	 -13.422	1	  28.109	 -17.999	  33.727
248	 -11.489	1	  47.109	 -18.999	  23.727
249	 -11.150	1	 -28.891	  -7.999	  25.727
250	 -10.177	1	 -31.891	   0.001	  24.727
251	  -9.655	1	  14.109	  38.001	  12.727
252	  -9.621	1	   7.109	 -22.999	  49.727
253	  -9.609	1	   0.109	 -26.999	  36.727
254	  -9.575	1	 -15.891	  -3.999	  30.727
255	  -9.480	1	  32.109	 -16.999	  46.727
256	  -9.085	1	  29.109	  -3.999	   8.727
257	  -8.989	1	  -5.891	  -9.999	  66.727
258	  -8.980	1	  -3.891	  10.001	  36.727
259	  -8.958	1	  17.109	 -38.999	  38.727
