1	-2298.464	197	  10.614	  14.513	  52.421
2	-2161.570	183	   8.949	  14.486	  29.931
3	-1480.219	123	   8.097	   0.387	  59.534
4	-1352.331	110	  16.869	   2.642	  22.461
5	-1076.112	97	  14.093	   0.758	  52.416
6	-1013.791	89	  21.584	  23.645	  24.777
7	-908.292	73	  23.140	  21.223	  69.789
8	-825.248	68	  -5.080	  15.188	  12.761
9	-808.105	72	  12.301	   1.381	  30.429
10	-783.151	69	   4.296	  25.324	  13.919
11	-759.527	63	   1.305	  -9.679	  39.868
12	-758.233	52	   5.680	   3.770	  35.650
13	-724.148	55	  11.012	  26.652	  70.738
14	-688.087	61	  32.341	  -7.022	  52.723
15	-652.042	44	  18.028	   6.266	  46.499
16	-621.987	59	  12.245	   6.266	  57.724
17	-533.174	48	  -3.536	 -13.126	  29.260
18	-526.733	33	  10.612	  11.344	  40.893
19	-525.388	46	  15.403	 -21.598	  42.055
20	-519.750	48	  26.406	   3.686	  51.876
21	-516.988	49	   7.586	  -0.288	  25.401
22	-489.715	45	  12.072	   7.283	  24.831
23	-482.554	44	  22.197	  17.200	  47.168
24	-482.393	42	  -2.843	  22.695	  56.862
25	-473.691	41	  -5.284	  15.936	  58.839
26	-473.197	44	  28.257	  -7.386	  71.260
27	-465.248	43	  -1.803	  -1.805	  30.087
28	-458.948	43	   0.263	  -2.798	  67.877
29	-446.931	41	  17.545	  -8.260	   7.203
30	-433.291	40	  25.106	   1.876	  14.862
31	-426.445	39	  15.742	  27.079	  34.669
32	-422.118	38	   8.673	  37.311	  13.195
33	-409.892	34	  26.652	  -4.380	  41.239
34	-407.793	38	  20.244	  12.292	  57.571
35	-380.373	34	  -8.192	  15.201	   5.031
36	-373.686	35	   0.458	 -10.710	   9.211
37	-372.542	33	  -6.803	   1.433	  56.302
38	-369.700	35	   4.439	  15.380	  80.162
39	-366.997	34	  24.073	 -21.462	  36.194
40	-363.230	35	  31.817	 -20.758	  39.147
41	-357.845	32	   5.794	 -14.601	  62.686
42	-353.166	31	  24.862	 -10.066	  19.219
43	-347.263	33	   3.824	 -26.377	  43.586
44	-342.522	30	  23.657	 -17.715	  27.942
45	-326.247	30	  -2.852	  12.364	  35.222
46	-323.739	30	  11.012	 -14.459	  11.382
47	-319.585	27	  13.633	 -10.518	  74.468
48	-314.568	30	   0.746	   8.844	  24.573
49	-313.065	29	  29.371	  10.616	  24.541
50	-299.430	26	  -0.732	  23.293	  46.522
51	-298.135	27	  -1.889	   0.591	  21.107
52	-293.249	28	  12.340	  18.867	  79.020
53	-283.716	26	   5.860	  18.145	   3.411
54	-281.941	27	  20.841	 -12.600	  71.463
55	-275.195	27	  13.600	  17.380	   2.085
56	-271.942	24	   9.758	 -22.312	  20.571
57	-267.333	25	  30.691	  19.903	  35.589
58	-266.056	23	  10.572	 -21.398	  49.586
59	-255.572	23	 -11.522	  10.265	  46.187
60	-252.528	23	  25.843	 -17.631	  61.993
61	-244.611	22	  26.184	   6.572	  60.416
62	-242.946	24	  26.087	  16.997	  14.319
63	-242.668	23	  22.587	 -13.355	  12.592
64	-242.213	23	  38.228	   3.924	  63.873
65	-239.749	23	   0.883	   5.894	  75.201
66	-239.333	22	   2.139	  34.887	  69.649
67	-230.739	22	  -6.055	   9.613	  68.249
68	-229.768	21	  32.246	   9.726	  77.320
69	-223.361	21	  -8.237	  24.380	  78.087
70	-218.105	21	  38.531	  -0.559	  72.683
71	-211.723	20	   2.825	  -5.642	  56.766
72	-211.668	19	  23.214	  -0.255	  25.282
73	-204.161	18	  19.235	 -26.124	  56.072
74	-200.503	20	  12.791	  21.891	  60.676
75	-200.364	19	   1.404	 -21.107	  25.815
76	-197.081	19	 -12.134	   8.867	  16.906
77	-195.785	19	   8.101	  -5.407	  77.839
78	-194.019	19	  30.314	   2.177	  78.272
79	-193.859	19	  23.242	  28.832	   5.829
80	-192.493	18	   1.738	  21.673	  38.365
81	-191.931	19	  13.428	 -18.000	  68.108
82	-189.359	19	   2.509	 -16.381	  15.089
83	-188.762	19	  -6.181	   0.574	   3.134
84	-185.548	18	   3.863	  18.520	  21.989
85	-180.574	16	  23.018	  21.721	  79.672
86	-179.144	13	  12.781	  -0.435	  41.334
87	-172.128	16	  25.744	  13.710	  81.337
88	-170.208	16	  20.659	  38.287	  11.596
89	-164.444	15	  23.092	  10.319	   8.945
90	-163.785	15	  16.088	  24.084	   3.256
91	-162.407	16	   8.501	   9.172	  -1.958
92	-158.414	15	   5.791	 -14.608	  70.299
93	-156.266	15	  13.796	  10.064	  84.523
94	-149.425	14	  -9.124	  31.363	  72.050
95	-143.350	14	  30.198	   0.672	  32.947
96	-135.767	13	 -12.214	  -9.638	  18.825
97	-134.860	13	  31.232	  20.197	  65.813
98	-134.455	12	  -9.959	  16.204	  52.079
99	-134.207	13	  34.132	  13.716	  68.919
100	-133.014	13	   9.421	  -1.656	  -0.152
101	-130.341	12	  18.588	 -26.547	  26.358
102	-123.750	12	  17.585	   3.127	   3.598
103	-123.337	13	  15.839	  34.384	   3.304
104	-122.971	12	 -12.668	  -1.632	  18.382
105	-120.173	11	  -0.679	  24.772	  79.779
106	-119.713	12	  31.874	 -17.034	  55.404
107	-118.826	12	   7.750	  26.443	  24.900
108	-117.438	11	  12.879	 -26.983	  36.888
109	-116.628	11	 -16.988	  18.802	  65.195
110	-113.762	11	  13.284	  24.457	  45.414
111	-113.303	11	 -11.165	 -10.464	   9.605
112	-109.721	11	  -4.624	  -2.422	  43.158
113	-109.621	11	   3.518	  -6.799	   1.403
114	-106.263	10	  24.081	 -24.950	  45.027
115	-103.995	10	  32.411	  30.638	  17.538
116	-100.807	10	   3.867	 -13.808	  54.244
117	 -99.797	10	 -13.586	   1.459	   8.920
118	 -99.167	10	  -3.547	  -5.789	   4.524
119	 -94.612	9	  -3.855	   7.984	   0.970
120	 -93.573	9	  25.969	  -8.618	  27.814
121	 -92.235	9	   6.690	  25.186	  55.891
122	 -90.278	9	  14.950	  31.628	  22.652
123	 -81.947	8	  31.936	   1.630	  46.971
124	 -78.480	8	  -2.344	  15.114	   0.468
125	 -77.198	5	   1.305	  21.489	  62.125
126	 -76.961	5	  14.751	 -10.163	  40.982
127	 -76.413	8	   1.851	  26.566	   6.471
128	 -75.210	8	  33.948	  24.485	  12.673
129	 -74.581	8	   0.040	 -17.668	  44.425
130	 -72.912	7	   8.674	 -21.549	  57.920
131	 -71.004	5	  13.972	  24.287	  20.287
132	 -70.785	7	  33.670	  10.272	  33.929
133	 -68.035	7	  17.588	  -0.001	  82.809
134	 -67.484	7	 -15.463	 -10.594	  25.297
135	 -62.118	6	  24.616	  -2.858	  80.431
136	 -54.976	5	  -1.597	  -9.142	  51.476
137	 -48.779	5	   6.412	  27.243	  43.267
138	 -48.584	5	  -1.367	 -18.929	  34.466
139	 -48.050	5	 -11.634	  12.237	  60.338
140	 -39.361	4	   6.368	  34.522	  61.983
141	 -38.891	4	  39.066	  -7.400	  57.026
142	 -38.704	4	  42.801	   2.826	  56.733
143	 -38.250	4	   6.159	 -28.941	  34.455
144	 -37.267	4	 -14.192	  11.565	  69.737
145	 -37.201	4	   8.785	  34.583	  78.028
146	 -30.593	3	  31.097	 -10.174	  35.640
147	 -30.376	3	   9.137	   2.826	  78.261
148	 -30.197	3	  10.801	 -30.790	  26.214
149	 -29.207	3	   0.110	  35.505	  78.608
150	 -27.746	3	  -9.842	  -0.533	  35.608
151	 -24.107	2	  22.801	  34.826	  18.801
152	 -22.062	2	   8.801	  26.826	   3.776
153	 -20.800	2	  -3.199	  29.257	  61.287
154	 -20.068	2	  28.332	  10.295	  39.756
155	 -18.999	2	 -10.694	  27.826	  64.792
156	 -18.659	2	  31.314	  22.826	  20.774
157	 -18.513	2	  32.278	  12.334	  47.810
158	 -18.448	2	 -17.199	  27.826	  71.785
159	 -16.109	1	  -1.199	   8.826	  54.287
160	 -15.571	1	  13.801	   8.826	  65.287
161	 -11.542	1	   2.801	   8.826	  15.287
162	  -9.729	1	 -12.199	 -14.174	  32.287
163	  -9.706	1	  22.801	  20.826	   4.287
164	  -9.272	1	  24.801	  26.826	  32.287
165	  -9.096	1	  35.801	  17.826	  29.287
166	  -9.046	1	 -11.199	 -19.174	  24.287
167	  -9.046	1	  16.801	  25.826	  78.287
168	  -9.025	1	  35.801	   6.826	  58.287
169	  -8.992	1	  29.801	  37.826	  12.287
