1	-1042.007	93	  29.619	  17.588	  -2.508
2	-704.736	64	  19.926	  27.751	  20.335
3	-535.748	51	  47.713	  30.542	  -1.869
4	-485.809	44	  17.525	  10.933	  -3.317
5	-475.455	45	  28.185	  33.126	  20.038
6	-442.816	43	  13.615	   8.429	  21.584
7	-376.783	36	  43.303	  22.840	  20.252
8	-361.287	30	  40.764	  39.644	  -7.901
9	-337.749	33	  29.997	  33.922	 -16.637
10	-329.020	31	  22.206	  35.139	  -2.379
11	-327.396	30	  49.320	  26.629	  10.111
12	-306.898	27	  19.158	  21.493	   0.696
13	-274.487	26	   7.255	  23.018	  26.957
14	-265.666	24	   0.445	  13.488	   4.081
15	-263.248	24	  22.728	  14.607	  28.424
16	-261.484	24	  32.069	  46.476	   8.702
17	-256.927	24	  44.825	  17.364	   3.601
18	-251.249	24	  -2.862	  24.072	   8.107
19	-243.367	24	  14.591	  16.336	  29.799
20	-231.288	20	  48.223	  36.541	  15.937
21	-228.974	22	  28.452	  -0.646	   1.622
22	-228.419	22	   3.433	  29.549	  14.236
23	-216.903	21	  34.562	  47.084	  -6.823
24	-210.856	20	  37.975	   9.625	  17.341
25	-205.013	18	  42.044	  11.845	   9.196
26	-200.320	19	  36.292	  22.230	 -14.666
27	-200.004	17	   6.384	  20.552	   1.265
28	-197.357	19	  38.262	  49.257	   5.465
29	-194.939	18	  24.462	  42.548	   5.301
30	-185.773	18	  30.352	   1.817	  15.914
31	-178.478	17	  26.895	   4.866	  -6.768
32	-174.998	17	   5.570	   8.538	  15.483
33	-162.630	16	  34.171	  16.384	  26.527
34	-161.140	15	  11.574	   1.242	   5.337
35	-141.809	12	  29.257	  47.312	   1.137
36	-141.784	14	  41.089	  44.958	  17.139
37	-138.931	14	  34.377	   5.950	  -2.447
38	-137.816	12	  10.875	   7.379	   0.072
39	-129.156	13	  31.729	   6.867	  21.956
40	-127.504	13	  47.827	  40.069	  -0.626
41	-120.025	12	  27.097	  21.335	 -12.171
42	-117.340	11	  12.325	  27.221	   2.811
43	-109.212	10	   4.193	   4.945	   7.927
44	-104.047	10	  21.304	  -1.514	  11.486
45	-102.253	9	  22.179	  37.268	   9.865
46	 -93.423	9	   9.036	   2.212	  13.617
47	 -88.934	9	  51.150	  38.695	   7.926
48	 -83.635	8	  -0.746	  11.861	  18.369
49	 -78.523	8	  37.358	  26.837	  26.861
50	 -77.165	7	  41.157	   4.230	  10.640
51	 -71.623	7	  29.201	  43.145	  15.981
52	 -71.509	7	  38.600	  13.144	  -2.664
53	 -68.849	7	  24.859	   7.283	  25.974
54	 -60.718	6	  -6.104	  19.025	  17.403
55	 -60.322	6	  39.703	  34.162	 -15.534
56	 -60.037	6	  36.250	  -3.109	   8.018
57	 -58.963	6	  13.858	  31.997	   9.456
58	 -57.549	6	  44.573	  18.027	  -7.544
59	 -56.276	6	  29.964	  13.358	 -10.748
60	 -53.475	5	  20.549	  30.438	 -13.223
61	 -53.370	5	   0.759	  26.432	  21.967
62	 -41.329	4	  44.731	  14.387	  16.120
63	 -37.042	4	   5.723	  10.588	  25.102
64	 -36.973	4	  19.735	   1.094	  20.607
65	 -27.092	3	  25.720	  44.517	 -12.543
66	 -24.490	2	  21.899	  15.479	   9.121
67	 -18.921	2	  44.788	  36.439	  25.064
68	 -18.812	2	  45.721	  46.863	   6.606
69	 -18.004	2	  34.227	  44.853	 -13.879
70	  -9.934	1	  18.731	  -1.147	   0.121
