1	-1029.675	91	  29.175	  17.321	  -2.479
2	-854.191	74	  19.701	  27.406	  20.550
3	-647.446	61	  47.381	  30.173	  -2.114
4	-471.884	42	  17.512	  11.169	  -3.417
5	-414.652	37	  35.589	  47.701	   6.066
6	-404.832	38	  43.873	  22.397	  19.584
7	-383.982	35	  49.043	  25.805	  10.261
8	-382.125	36	  13.854	   8.347	  21.301
9	-362.499	34	  28.314	  -0.389	   1.688
10	-341.457	32	  21.875	  34.817	  -2.153
11	-330.652	27	  39.997	  38.761	  -8.497
12	-327.825	29	  42.932	  13.610	  11.480
13	-327.585	31	  30.067	  33.509	 -16.542
14	-287.998	27	  14.009	  15.995	  29.456
15	-287.122	25	  19.581	  21.460	   0.475
16	-278.726	26	   7.795	  23.184	  27.090
17	-277.174	26	  36.529	   9.534	  19.228
18	-273.792	24	  11.250	   6.711	  -0.067
19	-264.993	22	   6.513	  19.414	   1.644
20	-243.553	22	  41.487	  43.061	  17.111
21	-240.524	23	  34.599	  46.456	  -6.858
22	-234.233	21	   0.289	  13.998	   3.703
23	-220.640	20	  21.936	  14.317	  28.095
24	-220.213	19	   5.851	   8.932	  15.305
25	-210.824	21	  31.028	  33.986	  22.751
26	-190.269	17	  44.454	  17.207	   3.516
27	-187.731	18	   6.667	   3.399	  10.433
28	-185.669	19	  -2.536	  24.513	   8.573
29	-180.644	18	  36.024	  -2.922	   7.710
30	-176.816	16	  48.369	  36.351	  16.250
31	-175.544	16	  -0.751	  11.404	  18.666
32	-174.650	16	  25.745	  33.026	  17.070
33	-171.815	17	  36.909	  10.700	  -2.662
34	-170.455	16	  26.496	   4.669	  -7.060
35	-168.837	15	  23.617	  40.211	   9.409
36	-162.662	15	  12.686	  26.255	   2.607
37	-158.650	15	  50.263	  38.408	   8.373
38	-157.494	15	  47.949	  39.684	  -0.472
39	-156.264	14	  41.081	   6.664	   6.267
40	-155.904	14	  35.046	  22.049	 -14.554
41	-151.391	15	  30.013	   1.281	  15.112
42	-128.037	12	  23.312	  41.265	   2.593
43	-126.189	11	  29.046	  46.996	   1.146
44	-116.962	11	  11.902	   0.536	   6.046
45	 -97.655	10	   3.433	  29.067	  22.706
46	 -84.533	8	  37.809	  26.117	  26.147
47	 -81.542	8	  -5.686	  20.077	  17.853
48	 -80.985	8	  32.938	  18.047	  27.036
49	 -78.426	7	  26.285	  42.564	  -5.712
50	 -77.992	8	  28.027	   4.994	  21.936
51	 -74.650	7	  20.881	  -1.287	  12.150
52	 -74.130	7	  29.004	  42.857	  16.002
53	 -72.298	7	  19.912	  32.002	 -12.559
54	 -71.121	7	  40.141	  15.291	  21.551
55	 -68.679	7	  24.862	  21.910	 -10.865
56	 -67.922	7	  28.788	  13.185	 -10.456
57	 -58.344	6	  44.930	  34.714	  24.850
58	 -55.782	5	  19.560	   0.999	  20.013
59	 -51.868	4	   4.794	  29.275	  15.018
60	 -48.677	5	  43.985	  17.787	  -8.311
61	 -47.145	5	   6.383	  10.403	  25.249
62	 -46.274	5	  29.985	  43.592	 -13.164
63	 -39.402	4	  12.518	  32.131	   9.980
64	 -32.124	3	  39.181	  33.900	 -15.964
65	 -27.367	3	  -2.073	   9.258	   8.685
66	 -21.339	2	  21.644	  15.148	   9.036
67	 -19.516	2	  44.576	  47.597	   4.563
68	 -18.929	2	  22.095	  43.116	 -11.964
69	 -18.649	2	  17.597	  -0.914	   0.525
70	  -8.908	1	  29.576	  26.597	  28.036
