1	-626.875	58	  24.166	 -16.899	  38.920
2	-542.440	53	  -4.600	   2.210	  33.212
3	-475.929	44	   9.730	  10.956	  30.258
4	-468.290	39	  18.519	 -12.677	  38.495
5	-420.935	39	  24.591	   2.227	  46.148
6	-419.392	37	   3.944	 -17.934	  27.020
7	-416.729	37	  29.669	  11.087	  41.851
8	-349.090	32	  36.362	  -6.079	  26.378
9	-338.935	31	  33.658	 -13.989	  38.611
10	-305.043	30	  19.763	 -27.824	  38.524
11	-304.600	29	  -3.395	 -19.731	  32.931
12	-280.954	27	  16.160	  18.636	  35.100
13	-272.894	23	   5.102	  -2.700	  20.262
14	-269.891	25	   4.331	 -28.136	  47.670
15	-257.888	24	  17.037	 -16.818	  46.686
16	-238.595	20	   5.217	  -3.975	  53.139
17	-228.587	21	   3.166	  -9.650	  22.272
18	-221.337	20	  16.001	   0.102	  17.867
19	-214.804	21	  13.232	  13.886	  43.103
20	-213.144	21	   4.835	   6.109	  48.819
21	-211.908	18	   8.977	   5.346	  22.331
22	-199.287	20	  -6.992	  -2.347	  47.255
23	-197.534	18	  -2.996	 -25.254	  40.951
24	-186.407	17	  34.557	   6.743	  27.330
25	-180.765	18	  26.659	  17.527	  41.939
26	-175.831	16	 -11.025	  -8.110	  44.645
27	-171.211	16	  28.483	   4.647	  21.258
28	-167.375	16	  14.857	   1.017	  54.762
29	-164.228	16	   4.473	  11.032	  42.023
30	-160.545	15	  -6.197	 -15.676	  54.420
31	-153.887	15	  23.986	  13.849	  25.335
32	-153.060	14	  -8.264	  -7.981	  30.192
33	-150.214	15	  13.792	  -8.028	  55.972
34	-147.574	13	  23.775	 -16.302	  19.522
35	-141.531	14	  21.887	  -9.082	  15.172
36	-129.796	13	  21.675	 -29.192	  28.730
37	-127.820	12	  16.420	 -22.211	  21.714
38	-118.538	12	  32.997	 -23.592	  33.566
39	-108.497	11	  14.827	 -26.034	  51.774
40	-104.507	10	   8.986	 -28.907	  33.164
41	 -90.010	9	 -11.267	 -14.769	  34.939
42	 -90.009	9	  37.372	 -13.566	  30.595
43	 -74.190	7	  31.378	 -15.371	  21.182
44	 -69.658	7	  -2.795	 -24.770	  53.531
45	 -69.296	7	 -10.474	 -18.612	  41.731
46	 -66.298	7	  23.562	  18.370	  31.905
47	 -61.199	6	  19.338	  -6.584	  44.835
48	 -59.276	6	  14.104	 -15.905	  54.529
49	 -53.428	3	  12.132	 -14.532	  26.053
50	 -51.698	5	  33.724	  -2.125	  41.664
51	 -50.671	5	  17.475	   7.599	  51.790
52	 -46.104	5	   1.741	   6.111	  23.859
53	 -41.123	4	  -0.305	 -10.334	  55.006
54	 -39.522	4	  -8.776	 -20.879	  49.360
55	 -39.443	4	  21.400	 -25.377	  45.815
56	 -30.297	3	  38.568	   3.510	  34.053
57	 -30.236	3	  26.871	 -23.519	  27.053
58	 -28.244	3	  36.614	  -9.302	  19.410
59	 -22.164	2	  10.935	 -12.897	  17.547
60	 -21.359	2	  24.935	  -1.897	  16.568
61	 -20.897	2	  10.437	 -21.897	  58.053
62	 -19.315	2	  20.517	  15.630	  46.998
63	 -15.184	1	  13.935	   4.103	  34.053
64	 -10.947	1	  23.935	  -1.897	  52.053
