1	-916.721	66	   8.095	   8.117	  24.924
2	-806.781	75	  24.901	  -1.483	  30.504
3	-782.621	65	  34.867	  21.428	  22.268
4	-587.350	51	   8.403	   1.778	  17.873
5	-571.470	53	  40.148	   1.367	  25.857
6	-501.794	45	  15.423	  24.683	   8.316
7	-482.611	44	  35.651	   1.403	  35.132
8	-480.434	43	  32.082	  24.789	  34.936
9	-450.499	43	   6.960	  26.104	  24.935
10	-408.718	36	  12.213	  33.031	  25.545
11	-370.352	35	  29.637	   2.771	  14.038
12	-369.609	34	  41.278	  14.699	  21.780
13	-357.947	33	  10.959	  -8.508	  22.815
14	-349.424	34	  11.355	  17.615	   7.464
15	-340.016	30	  35.272	  10.112	  18.132
16	-318.680	30	   5.169	  18.068	  20.898
17	-296.785	26	  39.360	  17.166	  34.840
18	-246.640	23	  32.734	  30.871	  22.261
19	-246.562	24	  27.542	  11.490	   6.441
20	-238.738	23	   2.620	   4.871	  35.109
21	-223.213	18	  26.784	   9.459	  37.287
22	-216.148	18	  10.244	  29.422	  14.368
23	-208.846	21	  16.741	  -1.404	  37.224
24	-206.372	18	  50.649	   7.911	  31.279
25	-206.016	20	  47.507	   2.972	  37.133
26	-204.193	12	  19.476	  25.118	  28.323
27	-197.282	16	  22.853	  17.547	  36.940
28	-181.015	11	   9.737	   0.912	  27.856
29	-174.159	17	   4.156	  20.999	  12.731
30	-170.079	17	  16.808	   2.953	   5.787
31	-164.257	15	  44.439	  11.985	  38.344
32	-161.013	16	  21.874	  33.549	  15.723
33	-158.912	15	  16.868	  10.334	  41.324
34	-147.258	15	   7.696	  13.975	  39.293
35	-143.025	14	  23.338	  34.462	  23.538
36	-138.180	12	   8.474	   9.558	  13.043
37	-129.155	12	  28.706	  19.679	   6.840
38	-121.115	12	   9.468	  -6.584	  33.006
39	-103.294	8	  14.664	  27.863	  35.836
40	-101.779	10	  33.371	  21.220	  14.580
41	-100.200	10	  18.704	  -6.632	  17.305
42	 -98.854	10	   4.359	  21.149	  33.679
43	 -88.393	9	  34.500	   8.092	  38.435
44	 -87.406	9	  20.639	  13.187	   4.997
45	 -86.322	8	  24.733	  27.748	  39.944
46	 -83.902	8	  21.026	  33.118	  33.498
47	 -68.623	7	  27.954	  29.806	   8.480
48	 -67.768	7	  28.208	  -1.611	  19.198
49	 -64.088	6	  34.360	  -2.167	  24.624
50	 -53.479	5	  52.721	  14.851	  28.946
51	 -48.751	5	  46.910	  -4.635	  27.397
52	 -47.237	5	   3.065	  -2.070	  30.158
53	 -28.311	3	  40.676	  27.450	  30.892
54	 -19.807	2	  18.187	 -10.872	  32.892
55	 -18.770	2	  54.164	   1.628	  25.392
56	 -18.674	2	  15.674	  38.633	  32.882
57	 -14.756	1	  21.664	  15.128	  29.892
58	 -12.433	1	  18.664	   4.128	  17.892
59	  -9.327	1	  46.664	   6.128	  21.892
60	  -9.020	1	   7.664	  33.128	  34.892
61	  -9.019	1	  50.664	  18.128	  35.892
