1	-1377.592	123	   6.058	  34.601	  18.152
2	-1107.338	95	  21.776	  25.793	  16.636
3	-922.750	77	  18.493	  54.535	  28.326
4	-775.227	61	  -2.757	  38.623	  23.062
5	-676.598	55	   9.429	  35.798	  25.560
6	-644.104	56	  -2.759	  44.666	  16.543
7	-577.616	50	  13.510	  35.530	  -0.198
8	-551.547	48	  29.323	  40.878	  23.209
9	-513.111	46	   7.620	  31.296	  30.990
10	-491.400	45	  27.289	  40.927	  32.549
11	-379.002	34	   1.204	  47.271	   6.981
12	-370.962	32	   2.959	  59.291	  16.660
13	-311.102	26	   5.668	  23.716	  15.447
14	-290.159	28	  14.183	  35.231	  46.529
15	-279.978	27	  19.710	  58.982	  15.259
16	-273.352	25	  10.437	  17.494	  30.557
17	-266.969	26	  -1.220	  27.695	  24.243
18	-257.962	24	   9.265	  53.250	  40.722
19	-248.476	23	  18.343	  44.815	  43.189
20	-245.581	22	  18.060	  27.851	   3.675
21	-244.889	23	  21.094	  17.869	  30.796
22	-234.267	21	  27.919	  51.468	  12.548
23	-224.711	21	   3.457	  26.064	   5.360
24	-220.167	22	   4.686	  60.612	  24.752
25	-215.336	20	  12.240	  53.448	   2.452
26	-213.322	20	  27.416	  29.236	   8.424
27	-203.779	19	  22.628	  53.604	   2.530
28	-198.717	19	  14.262	  56.856	  36.943
29	-198.613	20	  25.223	  32.303	  47.049
30	-185.294	18	  12.455	  20.115	  19.837
31	-181.468	17	  26.032	  39.445	   1.070
32	-175.439	17	  30.977	  45.141	   5.899
33	-169.438	17	  31.772	  30.748	  32.829
34	-168.525	16	  33.037	  32.390	  17.005
35	-168.494	15	  25.716	  41.091	  43.604
36	-165.092	16	  21.872	  47.419	  -2.178
37	-163.473	15	  14.477	  26.666	  45.711
38	-161.864	16	   9.404	  43.848	  -3.748
39	-155.891	15	  -2.859	  41.278	  34.955
40	-152.365	14	  30.589	  49.961	  21.121
41	-149.770	15	   9.650	  45.852	  43.458
42	-140.756	13	  -4.330	  53.778	  19.381
43	-108.417	11	  -3.689	  33.451	   9.479
44	 -96.146	6	  15.893	  46.157	  34.344
45	 -92.950	9	  -1.846	  57.022	  31.375
46	 -92.653	9	  -0.139	  48.757	  39.355
47	 -91.496	9	   8.578	  62.517	  33.511
48	 -89.950	9	   0.599	  55.380	  10.390
49	 -87.718	9	  25.252	  50.870	  34.115
50	 -86.143	8	  11.463	  61.405	  17.005
51	 -81.112	8	   4.945	  32.232	  -2.774
52	 -78.932	8	  29.091	  25.241	  26.229
53	 -62.501	6	  -2.286	  39.669	   1.248
54	 -62.471	6	   9.930	  30.778	  38.537
55	 -47.097	5	  13.253	  19.526	  39.592
56	 -38.289	4	  24.626	  19.771	  23.051
57	 -36.699	4	  22.361	  21.535	  45.751
58	 -28.225	3	  -7.720	  32.499	   1.516
59	 -20.114	2	  15.084	  59.535	   5.759
60	 -19.975	2	  -5.890	  32.535	  29.759
61	 -19.926	2	  34.094	  44.037	  16.253
62	 -19.141	2	  28.596	  22.535	  40.226
63	 -11.380	1	  15.596	  43.535	  22.759
64	  -9.158	1	  -4.404	  27.535	  -4.241
