1	-1186.505	104	  -4.542	  25.937	  -9.960
2	-933.437	69	  -3.949	  31.537	   5.170
3	-875.341	63	  -5.234	  21.131	   4.680
4	-863.651	80	  56.643	  21.408	  12.135
5	-823.600	66	   6.237	  36.919	   1.569
6	-663.152	59	 -23.672	  17.568	  -2.920
7	-613.844	56	  15.325	  35.102	  -2.755
8	-608.853	43	  50.198	  14.618	   3.609
9	-591.345	52	  54.540	   1.706	  18.644
10	-574.654	47	 -14.447	  15.356	   1.577
11	-569.459	50	  50.372	  -2.551	   2.640
12	-554.206	47	  16.985	  14.682	   9.847
13	-532.788	47	  22.747	  18.409	   1.544
14	-495.108	35	 -20.531	  26.413	   5.967
15	-476.354	45	  22.872	   5.346	   0.079
16	-443.725	44	  23.003	  17.650	  12.429
17	-431.636	40	  -0.416	  37.398	  11.546
18	-427.983	41	 -17.835	  37.352	 -16.359
19	-414.478	41	  61.506	  13.318	   7.294
20	-411.880	29	  11.594	  26.162	   5.792
21	-409.222	39	 -33.855	  16.891	  19.737
22	-398.546	37	  19.148	   6.474	  10.990
23	-360.367	34	 -18.613	  45.178	  12.805
24	-359.497	33	  -7.618	  10.308	  -8.523
25	-356.932	33	  -7.438	  15.790	  12.166
26	-356.376	33	  25.076	  36.091	  19.587
27	-354.999	34	  -1.009	  41.928	  -8.481
28	-344.015	32	   8.861	  14.301	 -16.190
29	-339.531	32	 -21.576	   7.151	   4.440
30	-336.703	30	  20.084	  23.834	  -8.798
31	-328.337	28	  44.278	  21.157	   6.368
32	-325.600	29	  44.622	  21.420	  18.458
33	-316.129	29	 -29.202	  28.574	  -9.222
34	-314.382	30	   7.588	   3.638	   2.354
35	-313.493	27	  64.071	  28.196	  -8.168
36	-311.118	29	  55.255	  31.170	  -9.773
37	-310.301	29	 -10.582	  49.272	  -8.562
38	-300.918	26	  38.864	  14.948	   0.602
39	-300.803	30	 -20.810	  13.363	  27.467
40	-299.337	27	 -25.848	  36.894	   9.171
41	-294.391	28	  18.619	  13.692	  -7.320
42	-291.132	25	 -28.998	  31.983	   3.065
43	-288.253	26	  24.599	  38.389	   7.005
44	-281.074	27	  50.563	  12.116	  26.079
45	-279.362	24	  12.732	  45.609	   5.161
46	-273.969	26	  46.473	  28.695	  -0.971
47	-266.994	25	  43.228	  -9.278	  18.282
48	-265.245	26	   3.193	  10.568	  22.295
49	-263.938	26	  26.345	  28.559	  11.042
50	-261.361	22	   8.287	   8.669	  13.955
51	-258.567	23	  19.142	  44.244	  16.750
52	-247.508	23	   9.184	  25.834	 -15.877
53	-244.468	23	  33.433	  -3.661	  17.771
54	-238.735	23	  11.599	  39.101	  27.480
55	-238.658	22	  -0.592	  24.707	  12.023
56	-238.389	23	  48.129	  28.834	 -10.990
57	-237.572	23	  30.847	   1.723	   6.384
58	-233.573	23	  62.626	  19.398	 -17.564
59	-232.344	22	  -8.165	  27.154	  11.786
60	-231.599	22	   4.014	  37.231	  17.477
61	-227.054	20	  55.752	  30.982	   2.603
62	-226.766	20	 -32.822	  13.038	   7.030
63	-223.605	20	  33.742	   4.045	  -3.221
64	-223.397	20	 -16.627	  49.172	   1.520
65	-222.836	21	  42.085	   4.668	  26.192
66	-221.807	22	  63.417	  10.628	  -6.604
67	-221.204	19	  18.759	  29.159	  29.648
68	-219.385	21	 -35.106	  23.343	   9.712
69	-214.947	19	 -27.481	  23.300	  29.620
70	-214.458	21	  50.679	   5.865	 -11.720
71	-213.486	21	  -8.548	   6.588	   3.869
72	-208.788	20	 -12.280	  41.849	  22.070
73	-206.029	20	 -18.368	  49.514	  -8.284
74	-204.538	19	 -12.610	  15.577	  17.451
75	-204.374	20	  37.970	   1.422	 -12.378
76	-202.732	18	  50.042	  22.466	 -19.734
77	-199.827	21	   2.111	   7.965	 -15.433
78	-195.081	18	 -17.635	  27.620	 -16.410
79	-190.135	17	  37.637	  15.839	  18.499
80	-187.558	16	 -26.130	   7.539	  18.041
81	-183.629	16	   1.770	   3.429	  -8.042
82	-180.569	17	  40.001	  11.200	  25.903
83	-177.940	16	  67.458	  24.217	   4.316
84	-171.529	17	  54.851	  14.853	 -19.684
85	-168.981	17	 -10.318	  44.107	 -15.550
86	-168.972	16	  40.630	 -10.640	   5.743
87	-167.820	15	 -27.000	  38.378	  -7.731
88	-164.738	16	 -29.884	  53.007	  -2.283
89	-164.112	16	 -12.330	  28.761	  21.728
90	-158.633	15	  53.623	   3.225	  -2.543
91	-155.904	15	   3.362	  23.560	  21.484
92	-155.628	15	 -18.470	  22.131	  29.185
93	-147.614	10	  17.541	  22.283	   4.788
94	-145.322	14	   9.204	  30.798	  28.789
95	-140.213	14	  44.588	   7.086	 -16.247
96	-139.575	14	  37.027	  14.529	  -7.388
97	-127.756	13	   8.621	   6.003	  20.999
98	-125.120	12	 -25.680	  19.827	 -14.593
99	-122.135	12	  15.893	  12.937	  17.867
100	-122.045	12	  59.495	  17.759	  18.652
101	-121.153	12	  30.316	  12.024	  -0.587
102	-114.899	11	   0.538	   4.700	   2.048
103	-110.711	11	  -6.823	  30.705	 -15.538
104	-108.857	11	  10.690	   2.594	  -7.761
105	-108.056	11	  30.107	   3.143	  17.835
106	-107.850	11	 -24.740	  40.884	  18.277
107	-107.573	11	 -32.455	   8.650	  14.457
108	-106.138	10	  -6.491	  45.787	  11.471
109	-102.331	10	   2.201	  32.642	 -13.338
110	-101.390	9	 -19.421	  16.466	  -9.160
111	-101.170	10	  -1.951	  21.508	 -15.662
112	 -98.507	10	  38.962	  -1.865	  25.158
113	 -98.224	9	  22.201	  -1.303	   8.410
114	 -98.103	10	  54.174	  21.549	  24.292
115	 -97.853	10	 -22.192	  51.591	   9.388
116	 -97.097	9	  15.701	  31.733	 -14.544
117	 -96.620	9	  49.667	 -11.145	  14.605
118	 -92.938	9	 -18.514	   4.896	  15.336
119	 -91.976	9	  35.132	  -4.706	   8.667
120	 -91.722	9	  -1.675	  45.641	   3.356
121	 -90.119	9	  23.228	  20.634	  24.141
122	 -89.814	9	  40.255	  22.768	 -15.148
123	 -87.191	9	  14.688	  16.022	  28.520
124	 -82.791	8	  38.993	  -5.645	  -4.461
125	 -82.748	8	 -17.676	  46.527	  19.999
126	 -82.005	8	  -8.933	  47.858	   1.050
127	 -81.920	8	  71.096	  22.661	  -4.218
128	 -77.560	8	  50.519	 -10.324	   3.458
129	 -77.288	7	 -10.980	  19.670	 -12.960
130	 -72.545	7	  11.007	  47.930	  14.807
131	 -70.637	7	  -1.575	   6.212	  12.544
132	 -69.412	7	  57.955	   2.759	   6.731
133	 -67.263	7	  60.542	   7.395	  12.767
134	 -66.049	7	  40.031	  13.141	 -19.021
135	 -64.115	6	  13.347	   1.181	  10.069
136	 -63.985	6	   8.301	  18.199	  24.932
137	 -62.808	6	 -29.802	  48.290	   8.722
138	 -60.910	6	  36.015	  19.365	  10.467
139	 -60.457	6	 -15.397	  35.145	  25.403
140	 -60.144	6	  20.078	  -2.625	  -1.451
141	 -59.464	6	 -32.366	  31.139	  24.772
142	 -47.694	5	  26.804	  29.100	  23.048
143	 -40.536	4	  22.455	  31.057	   1.302
144	 -40.497	4	  40.244	  24.527	   2.054
145	 -40.059	4	 -24.738	  32.307	  29.076
146	 -38.423	4	 -22.507	  41.014	  27.076
147	 -37.902	4	 -35.998	  23.529	  23.588
148	 -33.293	3	 -28.658	  34.527	  15.406
149	 -29.243	3	 -31.626	  22.799	   1.390
150	 -27.526	3	  30.378	  13.538	  15.065
151	 -22.422	2	   8.792	  37.141	  -8.117
152	 -18.907	2	  21.002	  39.602	 -12.849
153	 -12.788	1	   9.002	  12.527	  -0.924
154	 -11.232	1	  39.002	   6.527	  11.076
155	  -9.256	1	  60.002	  30.527	  20.076
