1	-809.639	59	  -2.828	   6.719	  20.664
2	-554.097	51	   1.579	  -1.837	  17.218
3	-517.897	45	   3.298	  -4.363	   5.274
4	-441.110	40	  -2.096	   7.889	  30.795
5	-430.599	35	   5.293	  22.679	  24.816
6	-334.435	32	  22.049	  15.397	  15.143
7	-270.898	24	  17.038	  -5.888	  19.023
8	-260.964	25	  12.559	  -9.208	  12.269
9	-235.587	20	  11.803	  25.503	  16.747
10	-229.722	22	  17.472	  21.172	  25.209
11	-218.114	20	  -9.017	   9.389	   6.976
12	-208.841	19	   5.548	  22.409	   9.150
13	-200.933	18	 -10.128	   3.345	  17.640
14	-195.769	19	  10.340	   1.842	  33.653
15	-194.794	18	 -10.602	  19.591	  28.104
16	-178.634	17	 -14.840	  14.540	  15.954
17	-168.639	17	  27.575	   6.558	  14.909
18	-157.445	15	  11.415	  13.850	  -1.982
19	-141.868	14	  -5.709	  24.939	  18.733
20	-138.581	14	  17.769	  16.380	   5.549
21	-129.908	7	   9.705	   7.941	   3.246
22	-129.155	12	   4.778	  16.627	   2.485
23	-123.444	12	  15.488	  14.334	  30.425
24	-120.450	11	   7.694	  -2.226	  25.728
25	-119.329	12	  22.346	   0.002	   2.926
26	-116.384	12	  16.946	  -1.386	  27.173
27	-113.840	11	  15.008	  -2.377	  -1.430
28	-100.862	10	  -5.650	  -0.095	   4.446
29	 -96.794	7	   8.441	   3.866	  -2.798
30	 -96.362	10	  23.793	   7.744	  28.342
31	 -79.580	8	  20.319	  -6.011	   6.978
32	 -74.106	7	  -5.772	  17.908	   6.009
33	 -60.201	4	  -7.579	  15.401	  18.234
34	 -50.671	5	   1.291	  16.700	  35.456
35	 -39.137	4	  -5.857	  21.340	  34.791
36	 -38.064	4	 -13.884	  11.034	  23.816
37	 -27.247	3	  29.539	   1.009	  21.835
38	 -25.115	2	   6.272	  11.017	  26.839
39	 -20.482	2	   4.362	  30.017	  16.839
40	 -20.008	2	  26.879	  -2.451	  13.839
41	 -19.192	2	   1.312	   1.584	  28.361
42	 -18.276	2	 -13.119	  23.019	  20.336
