1	-1803.235	159	  30.425	  13.899	  -0.832
2	-754.401	65	  29.741	   8.523	   4.432
3	-692.015	55	  20.400	   8.175	 -17.516
4	-480.711	45	   7.774	  14.732	   1.581
5	-405.482	38	  20.367	   8.488	  12.602
6	-380.887	38	  14.810	  19.656	  16.791
7	-345.860	30	  15.603	  -1.203	  -0.010
8	-341.567	31	  17.148	  20.021	 -10.116
9	-327.776	30	  30.719	  25.964	   0.399
10	-317.241	30	  37.065	  13.890	   7.328
11	-313.451	29	  30.836	  16.626	 -15.896
12	-308.465	29	   6.857	   4.544	  -9.535
13	-304.911	27	  40.715	   8.144	  -0.632
14	-246.242	23	  33.992	  25.001	  10.248
15	-225.717	22	  18.292	  29.771	  -5.014
16	-213.027	20	  25.930	  25.800	  16.101
17	-198.882	20	  17.701	  -4.058	  -7.807
18	-168.284	17	  17.521	  30.064	   6.157
19	-163.224	16	  20.022	  16.174	 -20.515
20	-149.928	15	  24.282	  -2.331	   1.808
21	-143.028	12	   7.383	   2.092	   1.362
22	-137.679	14	   8.748	  23.369	  -4.633
23	-117.150	11	   5.820	  24.351	   4.520
24	-114.241	10	  10.169	   6.523	   7.867
25	-113.503	11	  11.589	  -1.523	 -13.049
26	-104.617	10	  28.387	  19.796	  19.556
27	-104.368	10	  25.819	  -0.483	 -11.747
28	 -98.161	10	  11.561	  13.137	 -16.421
29	 -90.963	9	  24.551	  28.691	   4.820
30	 -90.262	9	  27.005	  25.137	  -8.036
31	 -85.860	9	  33.927	  -2.217	 -13.575
32	 -62.310	6	   3.856	  20.597	  12.183
33	 -60.889	6	  34.339	  21.497	  -6.834
34	 -59.946	6	  39.563	  -0.989	  -5.003
35	 -59.655	6	  21.833	  11.379	  23.536
36	 -57.735	6	  36.338	  -2.925	   1.609
37	 -57.537	6	  40.479	  15.051	 -14.249
38	 -52.283	5	   9.804	  33.204	   0.362
39	 -40.585	4	  17.271	   2.284	   8.672
40	 -36.829	4	  41.525	   4.277	 -13.152
41	 -21.513	2	  31.798	  11.026	  13.644
42	 -19.715	2	  10.798	   5.500	 -16.817
43	 -18.547	2	   9.318	  11.026	  15.183
44	 -18.387	2	   9.313	  31.026	  11.183
45	  -9.016	1	  31.798	   2.026	   8.183
