1	-1424.676	119	  -3.651	  31.024	   2.910
2	-621.910	56	  -9.125	  41.238	  13.532
3	-608.865	55	  -1.446	  24.033	   4.161
4	-487.491	40	   8.506	  38.812	 -10.132
5	-468.108	37	 -10.255	  32.762	   4.999
6	-436.953	39	  13.825	  34.675	   3.992
7	-420.332	40	   9.993	  45.247	  12.675
8	-349.012	32	 -13.610	  25.495	  -3.185
9	-348.772	31	  -1.233	  51.855	  10.647
10	-347.767	33	   9.036	  29.801	  21.277
11	-344.628	32	  -3.933	  50.373	   1.108
12	-335.523	31	   7.897	  53.076	  -1.122
13	-329.199	29	  15.337	  27.462	  12.329
14	-288.479	25	   5.497	  24.674	  -9.170
15	-273.060	26	 -11.268	  24.513	   7.945
16	-249.062	24	   0.090	  39.906	  24.947
17	-243.762	22	  -3.721	  40.885	 -10.281
18	-216.693	21	  -8.803	  39.739	  24.245
19	-213.722	18	  -6.135	  22.886	  18.153
20	-190.267	18	   5.983	  47.638	  17.984
21	-175.672	17	  -2.913	  27.452	  24.605
22	-167.261	16	  18.147	  33.414	  20.906
23	-161.325	15	 -11.583	  30.456	  22.253
24	-154.307	14	  -0.147	  19.609	  14.292
25	-149.689	15	   7.826	  23.388	   6.779
26	-127.388	13	  14.775	  32.845	  -7.575
27	-119.386	12	 -11.753	  43.499	  -1.772
28	-112.122	10	   5.657	  25.472	  17.228
29	-106.899	11	  15.421	  43.709	  -3.835
30	-103.348	10	  -3.668	  52.738	  -7.076
31	-102.553	10	  -7.987	  22.750	   0.994
32	-100.862	10	  13.925	  39.983	  26.506
33	 -82.741	8	  17.517	  38.530	  11.810
34	 -80.281	8	  -4.986	  29.521	 -16.887
35	 -56.296	6	 -11.269	  27.670	 -13.420
36	 -52.797	5	   1.580	  18.780	  -6.100
37	 -50.915	5	   3.880	  27.722	 -17.448
38	 -47.598	5	 -16.502	  34.358	  -9.061
39	 -39.160	4	   6.200	  50.112	  -9.333
40	 -28.205	3	   7.820	  46.888	  25.080
41	 -27.968	3	 -11.162	  39.868	 -12.867
42	 -19.980	2	  -0.484	  21.530	 -15.340
