1	-1289.094	101	   0.315	   9.616	  12.893
2	-1045.502	96	   8.435	   5.235	  13.240
3	-971.434	75	   6.980	  24.751	  36.021
4	-939.185	73	  -0.466	  -1.821	 -12.023
5	-911.134	77	  -1.161	  17.297	  10.646
6	-618.447	51	   1.280	   5.738	 -14.207
7	-608.506	57	  13.526	  12.427	  30.257
8	-554.818	47	  11.632	   9.934	  -2.426
9	-503.503	44	   9.809	  22.254	  22.272
10	-501.898	50	  -1.726	  12.936	  -9.280
11	-428.821	41	  -6.353	  15.020	  39.973
12	-418.112	41	   7.082	  13.994	  10.262
13	-397.886	34	   5.454	   6.267	  -7.058
14	-384.859	36	   7.901	  -5.744	  -5.833
15	-358.302	32	  13.711	  20.937	  34.181
16	-342.652	31	   2.529	  22.834	  -3.414
17	-340.934	32	 -12.219	  16.682	   9.176
18	-337.446	32	 -12.972	 -10.691	  -1.553
19	-325.671	31	   6.195	  -3.564	  18.844
20	-321.133	29	  -8.993	  28.844	  23.921
21	-310.917	28	 -14.514	  -3.007	  -6.698
22	-290.042	23	  -0.444	   3.353	  20.662
23	-289.985	28	 -11.079	  -2.503	 -16.004
24	-287.627	26	  -4.857	  23.348	   8.383
25	-272.674	27	  -1.076	 -12.319	  -4.041
26	-268.665	24	   1.873	 -11.424	   4.411
27	-265.549	26	   4.362	  31.154	  29.691
28	-260.261	24	   4.063	  13.055	  -4.043
29	-257.462	24	  13.663	  15.745	  23.077
30	-251.411	22	 -15.931	  16.852	  26.245
31	-250.957	23	  19.522	   7.076	  20.985
32	-244.587	24	 -10.455	   4.969	  11.379
33	-241.672	23	  -7.657	   7.385	  21.314
34	-216.323	20	   0.103	   4.573	  29.547
35	-207.737	18	 -11.255	  -8.446	  10.332
36	-188.584	18	 -14.483	  14.775	  18.831
37	-181.005	18	  -5.688	  29.380	  33.480
38	-178.210	17	 -13.692	   9.038	   1.180
39	-170.202	16	  -7.216	  -3.593	  15.983
40	-157.875	16	  14.864	   3.445	  29.275
41	-156.187	15	   1.289	   6.925	  36.281
42	-152.565	15	 -11.070	  23.811	  34.592
43	-145.157	14	   4.213	  18.620	  44.719
44	-141.912	15	  -6.588	  20.895	  -6.884
45	-132.446	12	   4.215	  23.219	  10.852
46	-125.252	13	  12.051	  35.517	  18.885
47	-124.603	13	   8.356	 -10.539	  11.003
48	-122.936	12	 -14.838	   7.496	  -5.853
49	-113.603	11	 -13.154	  10.454	  31.867
50	-101.490	10	   8.934	  30.751	  12.341
51	-101.079	10	 -17.158	  -3.554	   5.937
52	 -87.135	9	  19.459	   1.740	  -7.175
53	 -78.278	7	 -16.080	  23.126	  14.819
54	 -75.372	7	   2.996	  33.380	  22.528
55	 -65.025	7	  19.881	  18.263	  29.547
56	 -60.812	6	  -6.864	  31.876	  15.209
57	 -59.109	6	  -6.491	 -10.026	 -11.785
58	 -58.664	6	  -5.047	 -14.177	   7.776
59	 -58.501	6	  14.549	   0.289	  20.659
60	 -57.776	6	  17.120	  -0.883	   0.766
61	 -56.816	6	   0.179	  25.982	  41.785
62	 -56.299	6	  16.612	  19.316	  15.895
63	 -54.410	5	   0.487	 -10.177	  17.746
64	 -51.776	5	  14.496	  12.400	  37.714
65	 -47.846	5	  19.041	  24.999	  27.684
66	 -47.021	5	  11.672	  15.053	   3.145
67	 -36.770	4	  -2.449	  27.826	  -0.611
68	 -29.255	3	  -7.150	  10.048	 -15.995
69	 -28.873	3	  22.291	  25.501	  19.071
70	 -28.793	3	  12.607	  -2.519	 -10.924
71	 -28.218	3	   1.638	  30.476	   6.718
72	 -19.816	2	  11.291	   8.823	 -13.079
73	 -19.532	2	  17.295	  29.829	  16.392
74	 -19.312	2	 -17.228	  24.304	  23.873
75	 -18.118	2	  22.285	  10.811	  31.895
