1	-1963.518	161	 -19.530	  65.235	  29.404
2	-1462.494	127	 -17.571	  42.898	  27.489
3	-1073.275	92	 -32.883	  34.344	  16.269
4	-998.856	84	 -19.412	  35.664	  21.862
5	-821.787	69	  -0.774	  34.426	   2.799
6	-781.674	66	  -9.315	  25.302	  26.422
7	-742.877	68	 -41.629	  69.712	  35.003
8	-722.180	63	 -32.214	  33.296	  44.141
9	-717.303	63	 -17.061	  14.285	  15.587
10	-696.441	62	 -15.902	  28.188	  38.489
11	-692.816	58	  -2.358	  73.275	  18.824
12	-684.629	46	  -9.858	  75.818	  23.513
13	-644.997	56	  -8.504	  66.696	  12.222
14	-632.693	47	 -20.421	  41.966	  42.356
15	-586.549	55	 -26.519	  40.916	  13.941
16	-583.537	50	 -12.151	  89.872	  25.809
17	-557.944	50	  -5.950	  29.209	  -3.390
18	-512.762	49	   2.681	  31.158	  24.353
19	-503.652	45	   0.638	  49.073	  33.553
20	-444.968	40	 -39.300	  61.482	  23.503
21	-444.765	40	  -4.280	  38.142	  -9.614
22	-444.318	41	 -28.554	  48.380	  22.177
23	-440.332	38	 -37.606	  85.366	  30.647
24	-437.695	37	 -41.089	  78.639	  24.574
25	-436.183	40	  -4.533	  76.342	  37.670
26	-436.123	42	   2.603	  64.778	  35.829
27	-424.507	39	   4.335	  37.630	  39.344
28	-421.411	36	 -29.799	  50.846	  42.645
29	-418.938	36	   4.863	  23.554	  11.327
30	-417.582	38	 -24.730	  75.106	   6.406
31	-409.477	38	 -24.896	  58.959	  26.523
32	-404.549	36	 -19.274	  95.957	  21.728
33	-394.697	36	 -13.695	  97.543	  10.534
34	-385.628	35	 -27.046	  90.625	   9.788
35	-384.863	36	  -2.915	  50.227	   7.793
36	-380.198	28	 -15.135	  55.093	  47.130
37	-378.281	33	 -32.304	  90.451	  21.513
38	-365.734	36	 -11.987	  54.451	   4.367
39	-361.534	34	   0.217	  72.437	  28.348
40	-360.001	35	 -24.410	  46.844	  47.940
41	-359.331	35	 -20.450	  27.597	  12.125
42	-353.907	30	   1.434	  47.464	  22.698
43	-336.034	28	 -39.724	  57.052	  29.413
44	-333.574	31	 -17.255	  11.992	  35.000
45	-332.770	32	 -21.255	  49.628	  24.968
46	-318.069	30	 -18.629	  39.113	   3.400
47	-316.636	29	 -30.922	  71.289	  43.487
48	-313.198	27	 -34.431	  81.656	  12.949
49	-309.371	27	 -10.295	  85.621	  31.745
50	-302.849	29	 -42.900	  44.856	  49.383
51	-301.350	28	 -16.483	  92.066	  33.987
52	-300.024	26	 -10.287	  82.382	  39.098
53	-293.128	28	 -20.142	  44.100	  19.828
54	-290.607	24	 -38.285	  69.024	  16.640
55	-290.157	26	  -3.631	  83.590	  23.671
56	-287.016	28	 -16.512	   5.117	  29.019
57	-285.003	28	 -45.891	  69.078	  24.265
58	-274.607	26	 -25.451	  16.198	  35.208
59	-273.038	27	 -12.528	  14.460	  22.775
60	-264.245	26	 -46.730	  53.107	  37.838
61	-251.024	24	 -21.464	  33.627	  43.702
62	-241.083	22	   2.240	  30.315	  41.737
63	-234.502	22	  -5.290	  25.176	  17.474
64	-229.531	21	 -10.466	  33.715	  50.060
65	-229.512	21	  -8.020	  27.058	  41.771
66	-224.754	22	  -6.642	  59.885	  47.351
67	-223.450	21	 -46.262	  40.899	  38.341
68	-221.325	21	  -0.838	  81.624	   7.934
69	-219.806	20	 -30.117	  61.846	  21.996
70	-218.713	22	   8.761	  37.078	  17.668
71	-211.805	19	 -27.490	  68.715	  10.608
72	-211.742	19	 -16.065	  62.804	  13.435
73	-199.197	18	 -39.440	  15.207	  21.011
74	-196.112	19	 -25.544	  62.583	  44.662
75	-188.532	17	   3.892	  24.819	  -1.528
76	-185.993	18	 -44.872	  44.452	  18.665
77	-185.735	18	 -28.430	   1.391	  32.563
78	-184.211	18	 -27.223	  84.322	  42.161
79	-180.514	17	  18.313	  32.968	   7.201
80	-179.568	17	 -18.588	  54.118	  15.889
81	-179.209	17	 -24.169	  97.041	  15.553
82	-177.974	17	 -38.168	  50.024	   8.607
83	-175.108	15	  14.504	  25.654	  11.341
84	-166.562	10	 -22.055	  58.916	  34.205
85	-165.493	16	 -14.820	  91.573	  -0.381
86	-165.253	17	 -15.655	  32.682	   5.089
87	-165.053	16	  -7.601	  68.804	   4.114
88	-164.921	16	  -8.627	  83.057	  -4.369
89	-164.151	16	 -15.383	  66.756	  44.694
90	-160.554	16	   4.040	  40.437	  11.333
91	-158.798	16	 -22.092	   3.450	  12.338
92	-150.356	15	 -38.021	  25.257	  17.661
93	-147.247	14	   2.402	  59.735	  41.850
94	-145.862	14	  -2.236	  48.455	  -3.488
95	-145.624	14	 -22.641	  65.614	  16.673
96	-145.265	13	   0.795	  72.792	  11.007
97	-144.985	14	  -1.477	  90.908	  16.604
98	-137.267	14	 -44.040	  35.504	  -0.187
99	-135.925	13	 -36.089	   9.674	  16.316
100	-133.535	13	 -10.778	  24.914	  10.007
101	-133.063	12	 -40.276	  59.344	  37.263
102	-129.990	13	 -28.251	  19.334	   9.118
103	-129.059	10	  -5.973	  39.613	   1.282
104	-128.327	13	  -2.254	  46.409	  50.216
105	-127.809	13	  -0.107	  49.870	  14.563
106	-127.038	13	 -34.016	  10.301	  33.194
107	-124.041	13	 -43.967	  50.559	  -1.989
108	-122.903	12	 -37.766	  54.188	  45.155
109	-120.255	12	   0.487	  51.577	  42.525
110	-119.832	12	 -17.837	  88.513	  42.887
111	-115.356	11	 -35.106	  41.740	   1.484
112	-115.036	11	 -36.741	  27.848	  35.391
113	-114.475	10	 -29.350	   1.021	  20.676
114	-112.522	11	 -35.856	  43.558	  58.253
115	-107.767	11	   4.528	  44.728	  38.322
116	-107.550	11	 -19.118	  77.241	  44.856
117	-106.014	10	 -47.930	  44.309	   0.990
118	-101.413	10	 -23.315	  95.093	  35.379
119	-100.909	10	   5.888	  52.682	  29.920
120	 -96.344	10	  10.251	  37.596	   6.087
121	 -95.258	8	  -0.003	  70.085	  44.532
122	 -94.551	9	 -10.732	  49.552	  -7.663
123	 -91.484	9	 -18.397	  79.574	  -4.371
124	 -90.935	8	 -37.295	  49.905	  17.893
125	 -89.519	9	 -37.566	   2.862	  23.760
126	 -87.245	9	  -3.200	  23.258	  33.110
127	 -81.890	8	 -45.978	  52.656	  25.465
128	 -79.013	8	 -31.025	  27.589	  10.957
129	 -77.751	8	  -5.094	  90.172	   3.275
130	 -76.094	5	 -33.346	  64.897	  32.341
131	 -76.029	8	 -17.017	  47.945	  -2.912
132	 -71.814	7	 -28.322	  23.217	  40.891
133	 -70.796	7	 -35.074	  75.083	  10.528
134	 -69.637	7	 -42.553	  33.877	  32.226
135	 -68.095	7	 -36.666	  81.802	  41.671
136	 -65.876	5	  -3.377	  37.892	  24.877
137	 -61.218	6	 -23.694	  12.536	   8.134
138	 -61.007	6	 -38.461	  18.134	  14.132
139	 -59.146	6	  -2.157	  58.466	  12.628
140	 -58.877	6	 -33.059	  92.038	  38.308
141	 -58.739	6	  -3.545	  71.961	  -1.469
142	 -58.670	5	 -12.027	  35.391	  -1.886
143	 -58.635	6	 -14.418	  69.674	  -0.442
144	 -58.383	6	 -24.886	  83.841	   2.027
145	 -57.339	6	  12.844	  25.321	   1.463
146	 -57.228	6	 -33.941	  61.289	  43.801
147	 -51.406	5	   7.162	  62.356	  27.949
148	 -50.461	5	  -7.313	  41.493	  54.348
149	 -50.440	5	 -17.164	  44.451	  51.393
150	 -49.307	5	 -43.278	  39.824	  56.308
151	 -48.786	5	 -42.421	  36.003	  44.183
152	 -48.747	5	 -12.070	  20.459	  36.979
153	 -48.263	5	 -42.844	  34.824	   8.709
154	 -47.465	4	 -38.584	  85.128	  21.155
155	 -41.854	4	 -39.647	  33.585	  51.417
156	 -38.985	4	 -15.158	   3.324	  16.461
157	 -37.931	4	 -38.970	  18.164	  31.665
158	 -37.361	4	 -23.886	  35.556	  50.456
159	 -31.842	3	 -45.658	  38.522	  23.286
160	 -31.227	3	   1.766	  65.400	  19.784
161	 -30.285	3	 -22.602	  -0.176	  23.901
162	 -30.280	3	  -9.375	  98.435	  21.346
163	 -28.550	3	 -13.972	  37.820	  -8.729
164	 -28.276	3	  -1.942	  18.462	   0.960
165	 -28.075	2	 -28.810	  18.933	  22.327
166	 -28.026	3	   6.007	  57.152	  20.622
167	 -27.708	3	 -46.342	  44.466	  10.952
168	 -26.981	2	  -8.658	  56.328	  19.957
169	 -22.538	2	 -15.187	  75.824	  16.486
170	 -20.714	2	  -7.658	  73.257	  43.957
171	 -20.574	2	   9.891	  26.340	  18.957
172	 -20.124	2	 -34.658	  50.296	  -3.043
173	 -19.957	2	   1.342	  41.340	  -2.559
174	 -19.810	2	   6.342	  39.305	  24.957
175	 -19.583	2	 -22.180	   1.824	  39.957
176	 -19.368	2	 -32.265	   4.360	  11.493
177	 -18.132	2	 -40.167	  32.824	  21.957
178	 -18.105	2	 -20.635	  56.824	  51.463
179	 -11.296	1	 -16.658	  35.824	  32.957
180	  -9.357	1	 -20.658	  19.824	   9.957
181	  -9.320	1	 -47.658	  40.824	  30.957
