1	-1501.569	132	  98.466	  49.726	  10.313
2	-1055.371	93	  93.330	  48.611	   1.599
3	-707.874	61	  72.239	  52.429	   7.417
4	-594.652	52	  95.661	  73.474	  13.426
5	-579.887	55	  95.066	  37.147	   2.695
6	-440.015	42	  83.383	  52.752	  -6.323
7	-413.964	38	  98.482	  49.427	 -10.733
8	-387.867	36	  77.360	  53.336	  22.675
9	-341.577	27	  83.044	  70.591	  10.751
10	-340.763	31	  82.278	  30.377	  -0.471
11	-326.892	29	  86.424	  67.414	   2.349
12	-321.028	30	  90.775	  34.639	  18.796
13	-311.575	30	  76.373	  27.551	   7.395
14	-297.774	29	  93.297	  72.040	  27.112
15	-281.530	26	 105.813	  58.708	   7.814
16	-264.555	24	  79.808	  64.362	  26.096
17	-260.706	19	  70.515	  61.927	  15.018
18	-244.968	22	  81.552	  71.748	  20.125
19	-242.944	24	  71.769	  45.328	   0.629
20	-235.878	22	 104.517	  52.122	   1.008
21	-233.556	23	  69.137	  49.432	  17.611
22	-231.498	20	  85.475	  55.257	  29.831
23	-213.837	19	  70.688	  37.820	  13.881
24	-201.157	19	 105.411	  67.357	  18.572
25	-201.108	16	  88.218	  59.914	  -3.572
26	-172.103	17	  93.147	  24.814	  10.869
27	-167.113	12	  89.824	  50.262	  12.000
28	-163.289	17	 100.521	  51.840	  26.167
29	-151.936	15	  68.331	  37.420	   7.468
30	-138.774	14	 100.680	  30.512	   4.449
31	-136.752	12	  90.766	  43.216	  22.655
32	-129.476	13	  94.584	  66.418	  -0.328
33	-129.240	13	  96.657	  61.586	  30.719
34	-125.898	13	  82.343	  45.472	  -9.849
35	-111.963	11	  99.145	  44.340	  -1.189
36	-110.400	10	  85.579	  42.836	  -4.371
37	-109.081	11	  76.146	  53.600	  -5.604
38	 -91.627	9	 101.550	  62.806	  24.791
39	 -90.184	9	  90.365	  47.849	 -16.568
40	 -85.889	9	  73.033	  67.426	   5.048
41	 -85.561	8	 106.031	  73.846	  12.871
42	 -81.013	8	  84.657	  47.135	  25.827
43	 -80.237	8	  72.859	  70.194	  18.697
44	 -77.206	8	  77.330	  33.507	  17.747
45	 -71.431	7	  71.005	  36.236	   0.808
46	 -68.486	6	  87.234	  22.952	   5.679
47	 -68.308	7	  69.011	  61.759	  23.051
48	 -68.255	7	  82.002	  25.578	  15.092
49	 -67.989	7	  92.660	  29.549	   3.401
50	 -62.317	6	  89.443	  63.447	  33.240
51	 -61.844	6	  93.296	  52.068	  32.483
52	 -48.909	5	 110.928	  63.397	  10.489
53	 -37.284	4	  98.358	  42.572	  17.669
54	 -34.014	3	  87.763	  75.885	  17.961
55	 -30.705	3	  89.116	  34.936	  -1.003
56	 -29.124	3	 104.446	  67.923	   2.999
57	 -28.893	3	  78.688	  63.175	  -1.884
58	 -27.525	3	 105.117	  38.602	   3.005
59	 -27.247	3	  83.445	  74.260	  28.008
60	 -22.783	1	  81.116	  60.603	   9.679
61	 -10.340	1	  98.116	  59.603	  -7.321
62	 -10.252	1	  77.116	  45.603	  23.679
63	  -9.114	1	 101.116	  75.603	   6.679
