1	-666.730	60	  30.714	  27.255	  -4.492
2	-595.947	55	  46.805	  37.947	  13.820
3	-517.416	47	  47.618	  40.213	  -6.064
4	-470.062	40	  46.136	  19.101	   2.698
5	-358.647	31	  42.102	  26.215	 -16.988
6	-358.478	32	  57.175	  41.436	   2.979
7	-356.699	32	  37.748	  17.277	  11.025
8	-355.425	30	  40.773	  16.916	  -7.213
9	-351.540	30	  26.891	  17.010	 -10.322
10	-339.590	30	  38.584	  47.653	  -2.713
11	-329.617	30	  38.694	  50.723	  16.490
12	-310.981	29	  19.569	  22.043	   4.837
13	-304.527	28	  31.982	  25.433	 -19.011
14	-294.012	26	  60.802	  30.183	   7.298
15	-254.914	25	  59.848	  34.778	  18.506
16	-190.178	18	  56.713	  31.045	  -0.262
17	-189.925	18	  25.061	  30.947	 -11.749
18	-185.921	17	  45.298	  28.620	  19.302
19	-176.352	17	  41.782	  36.075	 -16.021
20	-171.767	16	  37.735	  13.118	  -0.202
21	-170.970	17	  30.469	  11.349	  -0.649
22	-169.636	17	  35.940	  15.914	 -15.335
23	-165.930	15	  30.607	  40.097	   0.727
24	-164.166	16	  51.445	  51.213	   5.024
25	-163.956	15	  35.892	  28.339	  14.908
26	-144.862	14	  25.971	  13.876	  10.253
27	-130.531	13	  57.567	  24.534	  14.972
28	-128.470	11	  57.153	  44.919	  14.691
29	-123.972	11	  47.176	  47.487	  -1.285
30	-122.384	12	  53.103	  19.745	   8.140
31	-111.126	11	  28.031	  23.284	  14.832
32	-110.202	11	  37.430	  56.269	   6.636
33	-101.753	10	  31.005	  47.625	   6.713
34	 -89.192	9	  35.255	  33.258	   7.312
35	 -85.522	8	  29.649	  37.600	  -7.487
36	 -84.366	8	  51.534	  37.129	  23.895
37	 -82.320	8	  46.363	  21.257	  13.977
38	 -81.611	8	  38.142	  41.225	  -9.991
39	 -72.647	7	  22.951	  14.613	  -1.094
40	 -57.581	6	  49.366	  26.569	  -9.705
41	 -56.465	6	  40.906	  40.302	  17.917
42	 -49.713	5	  52.292	  47.138	  20.419
43	 -49.513	5	  21.884	  25.523	  -4.370
44	 -38.881	4	  54.055	  22.760	  -2.202
45	 -31.645	3	  54.191	  34.086	  -7.070
46	 -30.245	3	  33.584	  41.402	  15.975
47	 -28.640	3	  47.843	  53.440	  12.953
48	 -28.391	3	  20.575	  21.738	 -12.066
49	 -19.437	2	  27.900	  30.738	   8.150
