1	-2011.658	167	   8.843	   6.591	  16.653
2	-1267.912	104	  33.049	   9.692	  34.546
3	-1083.336	102	  19.758	   6.495	  27.513
4	-1044.918	93	  41.230	 -11.467	  28.520
5	-1035.183	82	  33.653	  -1.913	  20.240
6	-977.707	84	  21.463	  -7.515	  17.082
7	-961.641	81	  34.196	   4.079	  14.099
8	-952.132	84	  23.007	  13.258	  10.824
9	-851.236	83	  29.469	  11.618	  19.943
10	-849.950	66	  50.920	   3.960	  21.085
11	-804.995	71	  30.485	   5.444	  30.868
12	-786.576	53	  -2.060	   0.396	  39.779
13	-769.412	65	  27.151	   2.332	  -4.455
14	-703.850	61	  20.735	   4.864	  12.325
15	-694.112	59	  34.769	  11.333	   8.794
16	-665.917	58	  -0.527	   8.654	  35.830
17	-513.805	46	  31.602	  -4.292	  31.814
18	-513.044	50	  33.551	  -6.514	  10.143
19	-459.860	40	  20.454	  -0.307	  -1.112
20	-455.691	41	  61.067	   2.383	  25.622
21	-451.541	41	  36.633	  23.380	  43.280
22	-447.026	40	  21.215	  13.978	 -12.665
23	-443.586	40	  20.618	  22.342	   6.304
24	-434.431	39	  48.719	  12.036	  33.911
25	-432.909	34	  23.673	  -0.528	   6.366
26	-430.348	40	  31.733	  24.157	  12.303
27	-412.151	34	  -8.281	   6.507	  46.747
28	-406.066	39	  42.103	  24.099	   2.720
29	-405.275	38	  54.931	  -3.226	  34.814
30	-403.033	36	   5.435	   0.772	 -11.485
31	-402.004	29	  44.718	  10.559	  16.272
32	-393.931	34	 -10.698	  -6.265	  31.554
33	-392.107	36	  49.754	  11.247	  10.290
34	-391.381	34	  32.807	  24.620	  -1.793
35	-388.853	29	   8.701	  -1.770	  21.244
36	-374.819	31	  -2.352	  -4.057	  49.118
37	-371.748	36	  12.798	   4.946	 -23.021
38	-370.364	32	  42.878	   8.751	   2.536
39	-367.821	32	   4.773	  12.792	  43.064
40	-360.845	33	  38.995	  -8.140	  17.054
41	-349.497	33	  59.768	  -9.414	  19.242
42	-349.037	22	  39.983	   1.833	  18.472
43	-346.698	32	   6.442	  -2.933	  44.132
44	-343.314	29	  11.426	  17.912	   4.586
45	-341.573	31	  56.634	 -11.993	  30.448
46	-335.399	32	  48.401	  -4.233	  11.381
47	-319.594	29	   7.070	  -6.933	  11.269
48	-317.231	30	   5.381	 -14.821	  22.680
49	-292.903	27	   7.761	  21.455	  20.925
50	-286.058	28	   5.279	 -12.446	  32.085
51	-282.806	26	   4.345	  11.030	  55.726
52	-281.321	25	  -5.895	  -5.865	  24.462
53	-276.702	27	  25.880	  -1.061	  25.222
54	-275.501	25	  -2.151	   4.774	  25.594
55	-265.458	22	  62.145	  14.569	  14.104
56	-264.793	20	  14.937	  -8.708	  27.803
57	-264.557	26	  13.521	  18.751	  -5.748
58	-263.107	25	   7.017	  12.580	  -2.920
59	-254.141	23	  28.980	  19.801	  29.467
60	-248.420	23	  -0.631	  -9.855	  17.574
61	-240.587	23	  50.291	   3.511	  10.768
62	-239.849	22	  -0.894	  11.793	  16.929
63	-233.684	23	   2.684	   1.891	  11.275
64	-230.748	23	  19.927	  14.325	  27.138
65	-229.103	23	  47.922	  20.853	  15.717
66	-227.655	21	  43.750	  16.719	  28.981
67	-225.322	21	  10.455	  -0.652	  -0.615
68	-221.552	20	  16.661	  -5.052	 -18.465
69	-196.371	19	  35.741	   4.543	  41.269
70	-189.814	17	  60.753	   4.655	  11.243
71	-178.782	17	  35.525	  19.899	  19.711
72	-168.305	14	  26.356	   5.284	 -15.850
73	-163.006	15	  47.543	 -15.296	  18.994
74	-160.079	15	  41.246	  11.406	  43.205
75	-156.434	15	  42.641	  -1.368	  40.030
76	-144.703	13	  22.936	  -9.444	  26.330
77	-143.767	14	  -6.943	 -11.716	  37.177
78	-134.491	13	  36.586	  13.547	  -7.372
79	-128.091	12	  14.906	  -0.150	  34.254
80	-127.024	12	   6.443	  10.847	 -12.939
81	-126.133	12	   5.119	   1.767	  55.408
82	-124.984	11	  68.714	   4.521	  16.028
83	-124.858	12	  23.652	  11.475	  42.495
84	-122.558	12	  23.101	  -4.808	  -8.864
85	-120.929	11	  -5.070	  12.860	  51.957
86	-118.840	12	  25.140	  19.511	  47.057
87	-117.765	12	  44.433	  20.949	  41.811
88	-114.670	11	  57.604	  11.066	  33.154
89	-113.258	11	  17.085	 -10.531	   7.974
90	-109.404	11	  23.120	  23.266	  34.910
91	-106.323	11	 -11.210	   7.130	  34.285
92	-102.692	10	  26.963	  18.716	  -9.084
93	-101.631	10	  13.754	  11.585	  47.144
94	 -98.970	10	   1.445	  18.289	  29.720
95	 -91.874	9	   5.127	  20.305	  14.262
96	 -89.021	9	  31.279	  28.999	  38.088
97	 -88.407	8	  -5.544	 -14.406	  25.896
98	 -87.132	9	  51.742	   4.344	  40.730
99	 -85.820	8	  11.985	   2.119	  42.040
100	 -80.201	8	  38.434	  -1.184	   2.391
101	 -79.611	8	  17.104	  20.231	  20.051
102	 -77.695	7	   7.900	   2.457	   5.397
103	 -76.638	7	  11.161	  13.189	  33.952
104	 -73.791	7	  -0.469	  19.815	  19.707
105	 -69.749	7	 -10.518	  -0.099	  51.823
106	 -66.838	5	   1.664	 -10.808	  39.235
107	 -60.806	6	  40.557	  26.719	  15.614
108	 -60.441	6	  18.438	  26.006	  -1.709
109	 -59.419	6	  45.997	 -14.777	  35.391
110	 -58.915	6	  62.646	  16.481	  25.505
111	 -58.181	6	  -5.729	  13.528	  42.197
112	 -51.134	5	  38.342	  -8.718	  36.652
113	 -50.641	5	  37.286	  22.744	  30.314
114	 -48.202	5	  55.351	  19.279	  21.261
115	 -48.004	5	   1.353	   6.504	  -4.748
116	 -47.900	5	  14.152	  -6.718	  -7.747
117	 -42.445	4	  47.577	  -6.759	  38.092
118	 -41.250	4	  11.077	 -14.094	  13.427
119	 -40.610	4	   1.504	   6.885	   4.427
120	 -40.325	4	   5.246	  -2.316	 -20.347
121	 -39.626	4	  19.085	  24.684	 -11.043
122	 -39.296	4	  -9.554	  -6.825	  46.110
123	 -30.431	3	   0.064	   6.916	  61.649
124	 -30.394	3	  19.956	  17.684	  40.592
125	 -29.357	3	   9.580	  -7.940	 -16.033
126	 -28.749	3	  17.973	  13.003	 -20.680
127	 -20.500	2	  23.474	  -1.316	 -21.351
128	 -19.005	2	  49.956	 -19.316	  29.122
129	 -18.823	2	  29.001	  27.251	  46.604
130	  -9.567	1	  54.956	  17.684	  13.649
131	  -9.493	1	   1.956	  14.684	   5.649
132	  -9.139	1	  54.956	 -15.316	  14.649
