1	-769.017	69	  30.579	  27.182	  -4.319
2	-618.745	57	  46.949	  38.223	  14.144
3	-599.259	51	  46.334	  19.282	   3.072
4	-545.540	50	  47.972	  40.259	  -5.913
5	-416.634	35	  40.603	  16.781	  -7.399
6	-404.835	34	  56.947	  41.985	   3.164
7	-384.149	36	  39.061	  51.269	  16.557
8	-348.569	32	  31.600	  25.576	 -18.928
9	-346.365	31	  37.960	  17.441	  11.456
10	-343.240	30	  42.584	  26.516	 -16.854
11	-298.023	26	  38.408	  48.248	  -2.679
12	-284.804	25	  60.622	  30.121	   7.311
13	-280.028	25	  19.860	  21.703	   4.982
14	-271.271	24	  28.325	  16.471	 -10.713
15	-223.294	20	  55.828	  46.156	  16.070
16	-190.109	18	  25.440	  31.306	 -11.653
17	-186.548	19	  50.002	  53.160	   8.519
18	-178.341	17	  38.948	  13.597	  -0.118
19	-173.313	16	  36.198	  28.521	  14.960
20	-154.881	14	  30.952	  40.510	   1.128
21	-152.649	13	  44.232	  28.099	  18.264
22	-139.276	12	  62.918	  38.306	  11.378
23	-137.031	13	  56.904	  30.781	   0.181
24	-133.940	13	  37.348	  56.223	   6.060
25	-131.228	12	  25.995	  13.692	   9.176
26	-127.332	12	  31.231	  48.753	   6.206
27	-126.443	12	  49.270	  48.417	  -0.431
28	-124.563	12	  53.333	  19.968	   8.194
29	-118.879	12	  59.356	  34.065	  20.501
30	-109.793	10	  51.526	  36.262	  23.555
31	-108.943	11	  57.773	  24.976	  15.014
32	-104.541	11	  35.070	  33.604	   6.761
33	-101.801	10	  44.623	  37.868	 -14.095
34	 -96.978	9	  29.804	  37.778	  -7.237
35	 -93.337	9	  38.240	  41.385	  -9.840
36	 -92.900	9	  31.151	  11.710	  -1.141
37	 -88.459	8	  27.907	  23.443	  14.770
38	 -72.908	7	  51.685	  30.212	  -9.255
39	 -70.245	7	  38.274	  34.235	 -18.025
40	 -68.281	7	  20.686	  22.295	 -10.367
41	 -63.518	6	  23.306	  14.940	  -1.268
42	 -50.144	5	  47.209	  21.738	  14.530
43	 -38.200	4	  54.629	  21.816	  -1.117
44	 -31.646	3	  39.857	  16.257	 -15.952
45	 -28.949	3	  33.812	  41.920	  16.013
46	 -19.140	2	  25.707	  30.455	   8.683
