1	-547.218	49	   3.914	  14.067	  19.033
2	-546.719	46	   3.566	  -0.856	  43.145
3	-420.860	36	  -5.178	   0.265	  19.402
4	-373.021	33	  12.175	  -3.357	  42.122
5	-354.390	34	   3.477	  -0.809	  17.941
6	-290.348	27	 -14.206	   2.750	  23.503
7	-286.142	26	   4.393	   6.523	  44.488
8	-265.572	25	  14.765	  11.725	  32.422
9	-261.702	23	  -8.524	  11.277	  33.439
10	-228.810	22	   7.159	  17.180	  37.055
11	-224.441	21	 -10.359	  -8.312	  31.357
12	-210.481	20	 -14.809	   0.127	  32.272
13	-184.833	16	  -3.587	  -7.729	  41.411
14	-166.608	16	   7.766	 -17.854	  29.410
15	-159.023	15	  -5.994	   9.638	  21.617
16	-158.297	15	  18.797	   4.458	  30.053
17	-127.928	13	  17.628	  -7.145	  29.201
18	-117.805	12	   5.356	 -14.421	  40.120
19	-116.986	7	  -6.545	   0.331	  38.917
20	-116.876	12	  13.443	 -17.600	  36.947
21	-111.432	10	  -6.142	  -9.526	  22.664
22	-110.537	11	  11.099	  -3.049	  21.085
23	-110.308	11	  14.575	   9.524	  22.634
24	-108.404	11	   8.927	   3.285	  50.178
25	 -72.782	7	  -4.037	   8.581	  44.718
26	 -71.672	7	   2.933	 -15.280	  22.111
27	 -70.178	6	  11.937	  21.359	  24.501
28	 -66.583	7	  -3.408	  -6.233	  16.273
29	 -58.714	6	  -3.377	 -13.506	  36.836
30	 -57.829	6	 -13.045	  -3.813	  42.548
31	 -51.472	5	  -4.721	  16.694	  26.103
32	 -48.676	5	   7.752	 -11.672	  16.340
33	 -47.904	5	   5.772	  25.484	  17.575
34	 -39.810	4	  -4.802	 -13.910	  28.925
35	 -39.240	4	  18.937	   4.866	  41.687
36	 -29.140	3	   1.490	  21.984	  26.656
37	 -18.168	2	  20.454	  -6.180	  39.687
38	  -9.525	1	  14.454	 -14.672	  24.687
39	  -9.009	1	 -11.546	   7.328	  41.687
