1	-1136.197	95	   7.323	  -2.103	  42.838
2	-598.370	53	  -3.011	   0.884	  19.173
3	-325.453	29	   5.382	  14.462	  17.274
4	-317.007	29	  14.680	  11.603	  32.558
5	-298.740	28	 -13.756	   2.917	  24.085
6	-224.098	22	   7.184	  17.304	  37.075
7	-215.400	19	  -4.378	  -8.191	  40.358
8	-213.687	20	  -9.784	  -8.674	  31.731
9	-193.057	18	  -3.909	   9.292	  19.671
10	-185.111	18	  -5.787	  -8.001	  20.444
11	-182.601	17	   3.307	   6.322	  44.861
12	-168.652	16	   4.845	  -2.604	  17.281
13	-159.447	15	  19.028	   4.093	  29.969
14	-138.928	13	   5.494	 -10.085	  41.266
15	-138.308	14	  17.710	  -7.045	  29.114
16	-137.020	14	  13.648	 -17.750	  36.600
17	-134.348	13	  -5.145	  15.315	  29.135
18	-133.983	13	   6.979	 -18.079	  29.131
19	-128.357	12	 -11.061	  10.384	  35.216
20	-127.825	8	  -6.379	  -0.180	  38.618
21	-116.021	12	  18.158	   3.861	  43.500
22	-110.806	10	 -14.061	  -2.312	  34.822
23	-109.771	11	 -12.564	  -3.924	  42.742
24	 -98.281	10	  12.625	   6.974	  21.101
25	 -95.179	10	   8.461	   1.992	  50.633
26	 -89.796	9	  12.304	  -3.107	  21.750
27	 -81.132	7	  11.897	  20.994	  25.194
28	 -76.612	8	   3.501	 -14.133	  19.114
29	 -69.164	7	  -4.496	   9.056	  44.186
30	 -56.991	5	  -2.508	  -0.629	  49.495
31	 -39.724	4	   5.514	  24.323	  16.863
32	 -36.913	4	  20.502	  -8.127	  38.634
33	 -30.691	3	  -4.826	 -13.933	  28.580
34	 -29.470	3	  -1.177	  19.285	  22.570
35	 -27.282	3	   5.503	 -16.965	  38.276
36	 -18.750	2	  -0.498	  -7.116	  13.608
37	 -18.424	2	  11.920	 -16.182	  22.575
38	  -9.649	1	   4.502	  22.367	  28.608
39	  -8.904	1	  15.502	  16.367	  20.608
