1	-746.700	53	  28.002	 -14.290	  17.060
2	-460.397	39	  36.612	 -11.320	  36.767
3	-423.258	38	  16.908	  -2.170	   9.686
4	-406.480	37	  35.472	 -15.280	  28.284
5	-313.504	28	  20.809	 -19.492	  11.817
6	-309.814	29	  31.224	   4.656	  40.866
7	-299.280	27	  26.537	 -18.084	  26.464
8	-294.729	26	  17.351	   6.885	  15.630
9	-284.895	27	  13.880	   4.866	  27.728
10	-263.689	24	  36.211	 -18.041	  15.283
11	-250.896	23	  18.556	 -15.389	  38.475
12	-223.845	21	  27.743	 -13.907	   1.318
13	-221.938	21	   8.680	   0.756	  18.372
14	-220.709	21	  25.832	 -16.139	  40.261
15	-191.447	12	  33.415	   0.670	  33.075
16	-184.834	17	  10.188	  -0.823	  38.180
17	-184.266	17	  41.650	  -5.450	  18.690
18	-182.401	18	   7.653	  -8.163	  19.052
19	-182.267	18	  37.314	   1.466	  13.197
20	-177.670	18	  22.857	   8.426	  30.671
21	-170.954	17	  11.032	 -20.274	  23.199
22	-155.819	15	  33.691	   8.601	  31.718
23	-155.455	14	  27.416	   6.588	  17.320
24	-153.083	15	  25.458	  -3.881	  45.022
25	-144.903	14	  19.212	 -20.199	  26.511
26	-137.854	14	  38.809	  -8.571	   6.691
27	-114.343	12	  10.511	 -16.613	  29.774
28	-114.134	11	  28.265	  -1.110	   4.050
29	-111.607	10	  34.359	  -2.945	  43.565
30	-105.307	10	  13.907	 -15.576	   7.257
31	-101.537	10	   5.062	  -8.442	  30.504
32	-100.322	9	  33.175	   5.436	  23.151
33	 -72.364	4	  31.987	  -9.303	   9.057
34	 -61.361	6	  13.677	  -6.877	  43.086
35	 -47.370	5	  21.379	   5.580	  42.797
36	 -37.533	4	  18.521	 -12.872	  -0.918
37	 -36.635	4	  44.271	  -9.600	  24.823
38	 -28.649	3	   5.047	   1.047	  27.842
39	 -28.155	3	  42.768	 -11.209	  13.595
40	 -27.650	3	  21.438	 -21.253	  18.912
41	 -23.952	2	  16.894	 -11.592	  16.565
42	 -19.947	2	  22.282	   7.408	   7.565
43	 -19.425	2	  33.248	  -8.592	  -0.435
44	 -10.098	1	  44.768	  -8.592	  33.565
45	  -9.019	1	  45.768	 -16.592	  18.565
46	  -8.975	1	  40.768	   5.408	  23.565
