1	-814.457	73	  47.244	   5.919	  46.200
2	-766.925	70	  48.499	  -2.747	  72.448
3	-762.312	70	  35.053	  24.564	  43.444
4	-707.429	62	  59.031	 -15.736	  57.491
5	-663.098	56	  23.798	  10.539	   3.091
6	-660.701	59	  39.996	   8.101	  45.807
7	-636.988	51	  62.816	  -9.814	  68.234
8	-591.486	54	  38.085	   9.305	  21.818
9	-563.250	46	  63.422	  13.215	  52.347
10	-491.738	43	  17.965	  12.106	  17.560
11	-491.417	45	  48.286	  25.566	  53.892
12	-456.120	43	   6.978	  29.023	  -3.588
13	-447.876	40	  32.433	   1.958	  38.304
14	-447.105	41	   8.803	   7.200	   7.289
15	-392.844	34	  49.593	 -17.204	  62.280
16	-373.481	32	  57.295	  16.460	  59.025
17	-353.479	33	  50.213	 -16.644	  70.994
18	-333.500	31	  24.988	  26.794	  14.508
19	-310.949	27	  25.600	   5.449	  18.215
20	-300.626	26	  61.219	   0.333	  71.011
21	-291.577	26	  28.019	  11.410	  41.099
22	-270.098	23	  45.505	   5.805	  63.783
23	-270.081	25	  67.378	   1.433	  43.380
24	-268.731	26	  21.336	  20.146	  23.628
25	-268.667	24	  54.988	  10.024	  29.107
26	-264.505	25	  23.988	  23.948	   2.026
27	-255.629	24	  53.672	  28.774	  44.978
28	-254.270	25	  56.932	  25.439	  35.361
29	-242.232	20	  42.183	   1.778	  41.418
30	-236.827	21	  26.414	  10.764	  28.185
31	-229.574	21	  69.093	  -5.742	  56.506
32	-225.462	22	  66.688	  10.062	  45.652
33	-224.288	22	  42.420	  25.439	  25.456
34	-215.165	19	  61.987	  -0.967	  35.743
35	-214.646	20	   0.278	  31.751	   8.657
36	-212.179	19	  45.943	  17.320	  27.087
37	-207.212	20	  30.368	   4.633	   7.958
38	-201.366	18	  -0.658	  20.105	  12.525
39	-186.352	18	  15.048	   3.954	   8.827
40	-180.698	18	  39.659	  14.439	  56.584
41	-174.966	17	  25.436	  21.995	  32.608
42	-170.567	15	  38.038	  19.456	   8.798
43	-170.080	15	  50.885	  -9.088	  40.904
44	-169.411	15	  63.098	  10.869	  61.889
45	-168.124	16	  41.640	  29.104	  49.170
46	-167.548	16	  13.933	  23.245	  16.569
47	-166.302	16	  62.269	  18.073	  35.276
48	-163.624	16	   1.188	  13.621	  17.687
49	-158.217	15	  46.888	  33.140	  35.880
50	-144.778	14	  47.291	 -11.293	  50.220
51	-143.981	14	   4.784	   9.850	  -2.393
52	-139.595	14	  48.213	  -3.148	  50.280
53	-135.315	13	  41.800	 -10.010	  40.392
54	-127.065	13	  57.704	 -24.597	  64.887
55	-118.673	11	  43.331	   4.927	  27.265
56	-117.424	11	  36.532	  28.963	  18.918
57	-110.104	11	  25.236	  17.768	  -1.725
58	-107.516	11	  36.561	  31.214	  30.051
59	-100.932	10	  41.477	  13.047	  15.547
60	-100.530	9	  69.049	   2.562	  57.913
61	 -98.396	10	  60.321	  -9.384	  75.618
62	 -97.861	10	  11.700	  14.831	  20.017
63	 -96.626	9	  51.681	   1.674	  28.982
64	 -95.840	9	  66.587	   4.228	  65.524
65	 -91.250	9	  63.179	  -7.968	  43.673
66	 -83.742	8	  31.342	   9.326	  52.107
67	 -81.065	8	  63.657	   8.688	  32.458
68	 -80.181	7	  12.040	   6.619	  -2.345
69	 -79.907	8	  12.061	  13.840	  -8.827
70	 -76.844	8	  -1.993	  10.801	   4.925
71	 -76.084	7	  36.105	  10.598	   4.057
72	 -72.555	7	  17.015	  29.757	   8.424
73	 -70.369	7	  65.402	 -11.829	  52.187
74	 -70.309	7	  10.274	   5.014	  16.931
75	 -68.330	7	  18.410	  25.420	  -7.816
76	 -67.727	7	  51.859	  -5.949	  33.224
77	 -63.999	6	  45.925	  12.882	  70.244
78	 -62.002	6	  -2.303	  18.208	  -1.339
79	 -60.968	6	  36.457	  -5.281	  71.367
80	 -60.263	6	  66.431	 -20.468	  70.463
81	 -56.240	6	  62.619	  24.826	  42.063
82	 -55.780	4	  17.271	  16.453	   5.281
83	 -51.984	5	  47.512	  -3.889	  61.614
84	 -50.164	5	  59.521	  22.253	  49.501
85	 -49.408	5	  57.856	  10.858	  69.183
86	 -49.024	5	  33.366	   2.544	  28.746
87	 -46.577	5	  46.665	  19.269	  62.918
88	 -39.204	4	  58.193	 -13.592	  48.326
89	 -36.657	4	  39.029	 -18.122	  68.575
90	 -31.004	3	  52.256	  21.211	  29.993
91	 -30.498	3	  31.271	  19.214	  50.994
92	 -29.402	3	  40.271	 -12.772	  62.016
93	 -28.743	3	  48.737	   8.241	  76.017
94	 -27.882	3	  47.937	 -10.795	  77.322
95	 -22.069	2	   9.479	  21.021	 -10.213
96	 -20.885	2	   2.853	   6.355	  15.904
97	 -18.750	2	  36.271	 -12.638	  73.802
98	 -18.680	2	  39.739	  -4.607	  33.365
99	 -10.101	1	  65.271	 -25.118	  62.322
100	  -9.667	1	  48.271	  32.882	  47.322
101	  -9.557	1	  31.271	  -0.118	  14.322
102	  -9.444	1	  71.271	  -3.118	  63.322
103	  -8.929	1	  13.271	  34.882	   3.322
