1	-1715.490	154	  15.535	  24.768	  19.946
2	-1322.232	118	  22.520	  25.959	  17.884
3	-879.528	77	  25.208	  17.676	   2.407
4	-540.625	46	  15.048	  38.962	  15.992
5	-469.932	43	  17.056	  25.955	  -7.223
6	-450.545	41	  38.766	  24.868	  27.123
7	-393.612	36	   1.056	  16.971	   4.114
8	-369.918	29	  10.011	  41.173	  -4.073
9	-354.113	33	   1.128	  31.644	   9.159
10	-290.940	27	   4.307	  24.280	  19.620
11	-279.234	25	  28.700	   9.971	  10.063
12	-279.109	20	  29.422	  21.484	  16.537
13	-257.578	24	  24.182	   8.013	  22.769
14	-238.489	22	  15.527	   9.457	   7.286
15	-232.416	23	  22.806	  25.442	  32.400
16	-228.567	21	   1.369	  23.385	  -4.822
17	-215.075	21	   8.803	  38.984	  12.404
18	-213.968	19	  13.261	  43.326	   4.888
19	-203.668	19	  10.564	  16.275	  18.193
20	-197.648	18	  29.850	  13.831	  27.446
21	-177.207	16	  10.866	  30.373	  27.128
22	-173.640	16	  19.504	  36.655	  33.110
23	-172.996	17	  31.521	  34.202	   7.811
24	-172.336	17	  -7.094	  27.131	  -3.292
25	-171.475	15	  34.465	  33.371	  19.968
26	-143.631	13	   0.928	  40.119	  -3.298
27	-136.846	13	   4.019	  46.021	   0.533
28	-130.174	13	  16.082	  41.453	  25.061
29	-128.648	13	  34.335	   6.655	  14.235
30	-126.567	12	  26.020	  37.249	  29.613
31	-121.885	12	   8.215	   6.400	  -2.346
32	-119.381	12	  17.861	  19.855	 -11.472
33	-119.160	11	  29.879	  37.652	  14.535
34	-117.524	12	  -4.009	  24.722	   4.481
35	-101.162	10	  21.780	  33.141	  -5.508
36	 -97.924	10	  19.916	   6.224	  -0.176
37	 -93.474	9	  31.679	  24.562	   1.861
38	 -78.026	8	  21.364	  44.012	  14.201
39	 -66.145	6	   4.610	  34.827	  -7.840
40	 -63.616	6	  18.737	  13.310	  21.029
41	 -60.997	6	  -7.236	  33.354	 -12.170
42	 -58.679	6	  39.389	  26.737	  14.987
43	 -57.338	6	  39.550	   9.213	  22.038
44	 -52.913	5	   5.812	  23.727	 -11.824
45	 -50.673	5	  27.827	  32.951	   0.155
46	 -50.141	5	  24.805	  40.763	   7.994
47	 -49.926	5	  30.409	  28.375	  37.176
48	 -49.839	5	  18.339	  42.566	  -2.262
49	 -49.816	5	  32.567	  21.638	  34.176
50	 -47.732	5	  23.522	  12.094	  -8.224
51	 -47.350	5	  -6.041	  34.165	  -3.234
52	 -39.880	4	 -11.902	  25.150	 -11.312
53	 -39.869	4	   4.611	  17.101	  -7.830
54	 -39.283	4	  22.640	   5.855	  14.183
55	 -37.001	4	  38.336	  15.650	   8.178
56	 -31.120	3	   3.580	  13.744	   9.575
57	 -30.461	3	   6.085	  37.892	  21.770
58	 -28.409	3	 -14.059	  31.697	  -5.824
59	 -27.968	3	  27.589	  40.688	  21.527
60	 -27.582	3	  37.590	  23.653	   8.844
61	 -19.830	2	  13.557	  12.376	 -12.318
62	 -18.911	2	  40.580	  16.900	  26.176
