1	-1338.253	104	  53.368	  29.367	 -11.873
2	-1314.264	114	  73.483	  24.841	  -6.803
3	-998.695	73	  63.187	  26.113	  -9.859
4	-854.228	78	  69.905	  29.750	   4.418
5	-838.701	70	  50.670	  68.023	  13.291
6	-836.830	58	  54.915	  43.101	  13.141
7	-707.427	59	  55.833	  23.617	 -20.473
8	-665.675	60	  61.052	  38.028	  15.315
9	-641.821	53	  71.767	  50.839	 -14.774
10	-629.879	57	  48.771	  50.583	 -25.953
11	-624.360	55	  58.373	  49.400	   0.794
12	-567.667	53	  79.531	  48.242	   8.974
13	-554.372	51	  64.797	   9.845	   1.192
14	-533.644	52	  49.969	  16.110	 -14.799
15	-523.968	47	  66.915	  64.429	 -15.265
16	-514.087	48	  46.517	  73.864	   4.649
17	-510.416	45	  73.235	  70.664	   7.342
18	-509.726	45	  64.110	  30.124	   9.515
19	-505.084	43	  58.166	  64.515	  16.285
20	-493.412	42	  59.359	  29.067	 -25.919
21	-440.786	41	  44.280	  49.767	 -17.947
22	-434.752	40	  50.493	  41.556	  -4.750
23	-410.817	39	  61.773	  62.652	 -23.576
24	-405.641	37	  75.831	  10.701	  -5.565
25	-405.590	32	  34.177	  62.031	  21.761
26	-395.638	38	  44.269	  52.366	   5.508
27	-395.597	34	  68.272	  20.262	   7.018
28	-380.336	34	  44.712	  63.487	  -8.730
29	-374.727	35	  77.909	  52.928	  -0.962
30	-360.812	30	  37.882	  52.188	  23.418
31	-360.601	35	  38.011	  58.089	   4.318
32	-348.987	29	  53.734	  54.802	   6.615
33	-347.123	31	  45.700	  34.635	  -2.661
34	-339.537	32	  75.479	  24.376	 -23.007
35	-329.007	31	  60.751	  45.165	  19.185
36	-319.937	28	  54.450	  70.853	 -11.992
37	-315.467	30	  72.708	  49.977	  19.599
38	-305.941	26	  78.624	  45.677	 -12.748
39	-303.837	28	  66.768	  71.947	  -9.310
40	-303.115	29	  43.166	  20.806	  -2.225
41	-295.227	28	  41.957	  28.874	 -15.379
42	-294.465	29	  45.657	  53.844	  -4.961
43	-283.851	27	  34.860	  76.776	  19.480
44	-282.398	27	  38.919	  37.264	  18.488
45	-272.456	26	  56.595	  37.487	  26.551
46	-270.506	25	  62.755	  71.096	  11.848
47	-270.248	26	  45.030	  24.301	  14.803
48	-269.010	27	  48.902	  40.864	 -35.640
49	-262.541	25	  81.391	  56.152	   6.456
50	-259.860	26	  35.168	  51.514	  14.729
51	-254.372	23	  47.231	  49.242	  31.806
52	-237.597	19	  66.351	  39.705	 -23.971
53	-234.442	22	  77.597	  32.770	  -0.459
54	-233.813	22	  64.298	  75.960	   3.646
55	-230.367	21	  40.835	  40.987	 -25.953
56	-228.425	22	  53.618	  64.918	  22.897
57	-227.141	22	  27.310	  64.176	   9.645
58	-225.445	21	  80.941	  33.243	 -20.203
59	-220.868	20	  81.801	  32.053	  -8.606
60	-214.917	21	  41.527	  30.605	   2.685
61	-208.544	19	  77.497	  69.391	  -5.694
62	-201.524	18	  53.465	  75.596	  -6.378
63	-199.394	18	  83.259	  20.480	 -12.764
64	-198.522	19	  68.487	  60.776	  19.424
65	-197.135	20	  76.448	  20.360	   0.035
66	-192.706	14	  48.958	  34.445	 -27.008
67	-191.711	18	  80.496	  45.348	  -3.000
68	-185.445	16	  47.177	  17.657	   4.124
69	-183.767	17	  73.524	  40.882	  16.092
70	-183.344	18	  53.139	  42.998	   2.564
71	-176.121	16	  45.887	  64.358	 -16.074
72	-172.312	17	  73.216	  11.976	 -19.312
73	-170.954	16	  83.364	  38.327	 -16.097
74	-169.944	17	  80.142	  56.703	  17.881
75	-168.769	15	  39.679	  74.691	  12.541
76	-164.797	15	  74.037	  35.776	 -22.621
77	-156.727	15	  52.704	  24.992	  22.887
78	-155.777	16	  46.857	  69.607	  29.119
79	-151.573	14	  39.416	  30.354	  10.502
80	-150.087	14	  54.662	  20.023	  17.317
81	-149.760	15	  71.023	  12.157	   6.889
82	-143.520	14	  55.449	  49.894	  23.896
83	-142.958	14	  85.077	  63.667	   6.049
84	-135.834	14	  42.061	  57.085	  33.088
85	-134.896	14	  37.870	  42.101	   7.230
86	-133.010	13	  79.303	  66.582	  13.953
87	-128.648	12	  53.991	  59.467	 -26.054
88	-121.138	12	  50.085	  11.397	  -3.167
89	-115.012	10	  45.628	  30.689	  22.570
90	-113.412	11	  52.555	  13.739	   7.313
91	-113.189	12	  70.988	  50.613	 -27.019
92	-113.161	12	  61.317	  15.338	 -20.499
93	-105.522	9	  45.818	  75.241	  21.415
94	 -98.948	10	  27.895	  67.402	  21.133
95	 -97.070	10	  81.491	  41.206	   4.117
96	 -93.637	9	  66.327	  21.577	 -26.690
97	 -91.829	9	  77.794	  44.969	 -24.893
98	 -91.244	9	  56.314	  47.356	 -32.298
99	 -87.870	9	  64.532	  47.591	 -29.610
100	 -81.297	8	  34.801	  71.268	  28.038
101	 -79.526	8	  41.797	  40.270	  -9.934
102	 -72.756	7	  61.781	  28.358	  20.466
103	 -72.070	7	  40.966	  43.272	 -18.757
104	 -67.005	6	  65.572	  22.228	  16.700
105	 -64.668	7	  84.941	  10.695	 -13.002
106	 -59.793	6	  62.969	   6.702	 -15.375
107	 -56.956	6	  47.962	  24.743	 -20.926
108	 -55.876	6	  45.083	  37.431	  29.907
109	 -51.111	5	  53.378	  57.580	  29.198
110	 -49.929	5	  81.779	  20.203	 -21.366
111	 -49.543	5	  84.210	  65.403	  -2.554
112	 -43.084	4	  70.556	  55.852	 -21.286
113	 -39.635	4	  85.277	  40.878	  -6.520
114	 -39.615	4	  28.056	  57.143	  19.901
115	 -39.442	4	  37.557	  45.412	 -34.888
116	 -37.587	4	  76.994	  54.848	  -9.147
117	 -29.843	3	  36.778	  67.735	  -0.875
118	 -28.260	3	  58.111	   6.418	  -8.595
119	 -23.885	2	  57.201	  76.759	   0.001
120	 -21.199	1	  72.788	  38.405	 -11.586
121	 -20.887	2	  58.788	  10.044	  11.053
122	 -20.835	2	  52.857	  34.009	   2.621
123	 -20.008	2	  53.252	  27.405	 -32.050
124	 -19.344	2	  84.788	  16.883	  -3.586
125	 -18.894	1	  63.788	  35.405	 -14.586
126	 -18.753	2	  76.788	  63.881	 -11.586
127	 -18.568	2	  40.299	  21.405	   3.970
128	 -18.328	2	  63.788	  53.913	  21.414
129	 -16.629	1	  55.788	  37.405	 -21.586
130	 -12.709	1	  67.788	  64.405	   8.414
131	  -9.580	1	  45.788	  74.405	  -7.586
132	  -9.408	1	  51.788	  51.405	  15.414
133	  -9.226	1	  49.788	  76.405	  12.414
134	  -9.198	1	  40.788	  38.405	 -35.586
135	  -9.140	1	  83.788	  45.405	 -18.586
136	  -9.064	1	  36.788	  44.405	  29.414
