1	-1269.688	109	  13.593	  50.851	  20.521
2	-675.442	63	  19.976	  43.803	  29.206
3	-364.457	33	  19.694	  52.619	   2.665
4	-352.876	33	   3.959	  57.506	  19.777
5	-268.095	26	   6.208	  40.254	  20.769
6	-252.501	24	  17.675	  58.290	  25.664
7	-246.146	23	  21.178	  63.496	  20.518
8	-202.721	19	   9.477	  63.998	  15.141
9	-193.220	19	  12.199	  52.512	  -0.356
10	-168.033	16	  23.263	  65.012	   9.643
11	-137.727	14	  16.196	  64.161	   5.596
12	-126.427	12	   3.312	  45.863	  11.425
13	-112.759	11	  29.245	  56.297	  12.902
14	-100.464	10	  16.744	  37.058	  27.709
15	 -97.279	10	  22.405	  34.389	  21.060
16	 -63.084	6	   3.771	  54.438	   2.311
17	 -61.219	6	  27.283	  56.046	  22.842
18	 -57.670	6	   7.427	  42.857	  28.552
19	 -43.802	4	  16.246	  44.226	   5.684
20	 -24.793	2	  11.790	  42.672	  14.994
21	 -20.063	2	   0.929	  50.715	  24.222
22	  -9.464	1	  18.427	  43.213	  12.720
