1	-1092.629	90	  32.368	  40.821	  -9.093
2	-1085.867	89	  14.095	   5.014	 -13.063
3	-1027.287	90	   6.713	  61.107	  24.987
4	-894.542	77	  22.940	  22.691	  -5.854
5	-812.746	59	  22.079	  21.597	   5.379
6	-737.426	66	  35.000	 -20.721	  24.466
7	-703.034	61	  40.857	   1.493	  39.059
8	-654.666	57	  18.495	  11.004	  16.256
9	-614.708	53	  -2.431	  38.753	  38.542
10	-592.473	54	  30.463	  14.254	  13.972
11	-547.712	51	  28.384	  40.369	  19.899
12	-514.990	46	  36.450	  -3.091	   6.766
13	-502.773	44	  23.456	  30.937	  18.346
14	-501.269	47	  12.833	  27.007	  14.647
15	-498.298	40	  28.979	 -14.501	  21.991
16	-448.983	40	   5.829	  33.275	   9.801
17	-428.777	40	  13.358	   0.050	  16.360
18	-425.291	41	  14.432	  19.258	  -0.441
19	-397.996	36	   7.726	  46.170	   8.187
20	-391.432	38	  21.175	  -0.346	  39.289
21	-385.870	37	  -1.084	  26.772	  29.862
22	-381.754	30	  28.136	   0.099	  10.764
23	-376.904	35	  29.814	  59.423	   5.563
24	-369.414	34	  19.262	  50.031	  18.596
25	-365.031	35	  23.092	  -7.448	  15.087
26	-362.190	33	  10.521	 -14.897	  -0.947
27	-360.419	33	  29.959	  24.380	  -0.032
28	-354.010	33	  31.800	   2.231	 -16.657
29	-346.428	33	   2.372	  54.851	  16.673
30	-345.982	34	  29.544	  28.009	  10.343
31	-335.879	32	  15.707	  43.510	 -14.705
32	-329.046	30	  47.680	 -12.172	  21.446
33	-322.164	30	  42.799	  -9.969	  40.167
34	-313.313	30	  38.566	   8.389	   8.688
35	-303.255	27	  47.488	  11.038	  24.338
36	-299.989	28	  13.888	  13.928	   7.545
37	-287.215	28	  29.794	  14.015	 -12.260
38	-279.486	27	  16.678	  44.238	  41.440
39	-275.023	26	  16.295	  55.070	   8.587
40	-274.426	27	  15.854	  60.749	   0.286
41	-274.254	24	 -10.039	  33.507	  31.389
42	-269.385	25	  20.812	  38.515	  35.976
43	-266.672	25	 -11.421	  50.003	  28.870
44	-255.253	23	 -11.457	  44.849	  35.267
45	-249.812	24	  36.352	 -11.459	  15.592
46	-248.259	24	  17.477	  31.799	 -11.949
47	-247.307	24	  35.798	  31.357	   0.878
48	-247.143	24	  41.537	  12.600	  34.041
49	-240.301	23	  -7.463	  52.852	  20.269
50	-240.159	21	  13.677	  42.608	  12.631
51	-239.386	21	  25.194	 -12.700	   2.153
52	-238.645	23	  26.689	  59.020	 -10.826
53	-238.402	23	  49.691	 -11.632	  31.500
54	-236.833	23	  54.508	  -0.705	  28.827
55	-234.494	22	 -14.536	  41.329	  24.423
56	-230.119	21	  26.032	  14.483	  32.614
57	-222.905	22	  -0.139	  44.400	   5.686
58	-219.433	21	  10.562	  48.866	  19.597
59	-217.939	21	  12.015	  59.046	  34.486
60	-213.340	20	   8.646	  12.747	  -3.271
61	-211.350	20	  23.062	  48.701	  30.197
62	-204.419	20	  -6.221	  49.576	  39.029
63	-201.358	18	   5.663	  49.656	  41.482
64	-195.792	18	  20.067	 -12.575	 -16.964
65	-195.632	19	  42.542	  42.615	  -2.154
66	-193.804	15	  30.598	  29.211	  -8.303
67	-191.595	17	  18.629	 -15.663	  -0.792
68	-190.886	18	  11.505	  24.957	  32.196
69	-183.384	18	   4.772	  -8.333	  -8.419
70	-182.144	18	  41.246	  37.856	   5.408
71	-182.137	18	  16.382	   1.122	  29.461
72	-181.260	18	   7.765	  43.496	  -4.619
73	-180.589	18	   3.782	   7.012	   0.105
74	-180.523	17	  10.321	  25.879	   5.081
75	-180.052	16	  27.490	 -16.403	  -4.323
76	-173.799	15	  -7.710	  31.335	  20.394
77	-173.403	18	  38.008	   1.371	  -5.742
78	-172.695	17	  49.593	  -4.637	  38.123
79	-170.063	17	  34.264	  51.479	 -12.044
80	-169.954	16	  16.981	  -7.818	  26.347
81	-169.283	17	  -5.759	  57.436	  30.614
82	-168.013	12	   8.228	  37.967	   2.586
83	-167.568	17	  33.907	   1.026	  42.203
84	-165.507	16	  36.378	 -15.023	  -1.795
85	-161.595	16	  12.537	  -5.487	 -17.638
86	-152.271	13	  31.241	 -10.375	  39.850
87	-149.555	14	  40.772	  53.431	  -1.296
88	-149.110	13	  15.975	  16.366	 -10.328
89	-148.102	15	  49.869	   7.988	  33.618
90	-147.524	15	  43.465	 -18.403	  31.922
91	-143.890	14	   2.998	   2.993	  -8.057
92	-142.445	14	  21.813	  -2.625	 -21.150
93	-142.324	13	  45.361	  -4.424	   8.548
94	-138.597	13	  34.143	  16.945	   6.045
95	-125.352	12	  38.324	  55.906	   8.783
96	-124.040	11	  17.012	  30.271	  35.928
97	-121.866	9	  36.504	   5.565	   2.081
98	-116.422	12	   9.777	  -7.638	  13.918
99	-115.255	12	   4.712	  30.466	  40.288
100	-113.152	12	  28.536	  -7.664	   6.613
101	-112.612	11	  51.988	  -2.564	  12.057
102	-111.707	11	  36.143	  15.816	  29.780
103	-107.343	11	  -8.443	  44.719	   9.209
104	-104.153	10	   5.139	  38.732	  43.143
105	-103.082	11	  43.938	  48.317	  14.874
106	-102.880	10	  -7.794	  36.329	  11.390
107	-101.845	10	  25.004	  50.223	 -17.045
108	-100.625	10	  39.585	  13.916	  20.510
109	 -99.061	6	  11.301	  53.297	  26.102
110	 -98.379	10	  32.700	  48.252	  19.324
111	 -98.200	10	  31.026	  16.346	  20.896
112	 -92.272	9	   9.977	  30.625	  -1.042
113	 -91.459	9	  35.488	  13.279	  -0.725
114	 -90.954	9	  44.980	   3.221	   5.912
115	 -84.830	8	  13.750	  50.687	  40.521
116	 -81.661	8	  25.904	 -20.079	  29.576
117	 -76.610	7	  22.704	   9.297	 -18.835
118	 -76.503	8	  11.266	 -11.898	 -12.800
119	 -73.089	7	   3.445	  26.759	  20.509
120	 -70.189	7	   6.079	  55.439	   3.331
121	 -69.675	7	  35.425	  57.026	  -5.622
122	 -68.228	7	  23.683	  29.094	  32.283
123	 -67.298	7	   2.817	   0.503	   7.584
124	 -66.363	6	  50.920	   5.663	  16.415
125	 -61.062	4	  21.396	   3.676	  11.942
126	 -60.203	6	  36.078	 -21.319	  14.392
127	 -59.123	6	  44.157	  10.448	  14.996
128	 -57.311	6	  32.988	   9.682	  40.536
129	 -48.905	5	  18.425	  56.063	  24.204
130	 -47.687	4	  26.455	 -13.522	  34.699
131	 -40.977	4	   6.304	  62.839	  15.363
132	 -39.955	4	  -2.416	  30.590	  14.264
133	 -39.905	4	   7.304	   9.787	   6.835
134	 -39.787	3	  21.843	  39.297	  14.616
135	 -39.646	3	   5.368	  42.615	  25.850
136	 -39.199	4	   1.848	  -9.754	   1.825
137	 -37.664	4	   9.775	  53.738	  -9.117
138	 -30.931	3	   4.602	  57.297	  39.472
139	 -30.474	3	  20.247	 -16.325	 -10.906
140	 -29.614	3	  35.209	 -16.068	  38.794
141	 -28.616	3	  14.004	   8.727	  27.550
142	 -28.269	3	  32.016	 -27.031	  23.170
143	 -20.200	2	  36.750	  33.297	  10.404
144	 -18.958	2	  55.304	  -7.703	  21.333
145	 -18.844	2	  29.292	  35.828	 -15.656
146	 -18.681	2	  18.822	 -10.703	  34.368
147	 -18.322	2	  39.815	  41.297	  14.339
148	 -18.315	2	   9.806	 -17.703	   7.340
149	 -18.181	2	  -3.696	  57.296	  37.851
150	 -15.466	1	  15.304	  33.297	   7.850
151	 -10.234	1	  34.304	  -0.703	  24.850
152	 -10.039	1	 -13.696	  48.297	  17.850
153	  -9.612	1	  10.304	  35.297	  -9.150
154	  -9.535	1	  45.304	 -14.703	  11.850
155	  -8.902	1	  30.304	 -12.703	 -19.150
