1	-1243.835	106	 -11.140	   6.843	  37.854
2	-967.625	87	  19.537	  26.966	  10.084
3	-928.781	81	   7.971	  -0.039	  15.309
4	-919.153	84	   3.946	  13.715	  19.085
5	-772.896	64	  21.871	  25.341	  -0.763
6	-766.970	71	  -0.328	   9.094	  11.895
7	-723.421	59	 -10.514	  -7.083	  34.509
8	-715.534	62	  -1.491	  -9.609	  41.531
9	-714.611	55	  24.615	  14.200	  -1.178
10	-628.537	59	  -9.989	  15.255	  32.558
11	-579.392	51	  13.411	  11.189	  26.735
12	-567.440	52	  27.846	  26.031	  -6.953
13	-557.476	54	  24.873	   8.111	   3.292
14	-545.663	49	 -19.397	  -7.999	  33.619
15	-504.944	41	  15.725	  23.201	 -11.974
16	-502.211	44	 -13.106	  -4.917	  21.099
17	-455.290	41	  -9.932	  14.912	  17.700
18	-444.875	35	   9.539	   5.388	  22.511
19	-375.375	37	  -2.881	  -5.047	  13.740
20	-360.806	33	  20.258	   2.245	  -4.442
21	-358.372	32	  -0.386	  11.346	   1.537
22	-348.139	31	  12.012	   1.926	 -12.399
23	-345.457	33	  19.394	  12.732	  19.556
24	-313.413	29	  14.501	  21.542	  21.386
25	-295.411	28	   3.962	   5.635	  48.199
26	-293.385	28	  33.547	  15.482	  -9.229
27	-285.712	27	   2.485	  23.799	 -11.877
28	-285.203	28	 -20.813	   0.575	  36.703
29	-283.523	26	  -9.879	 -26.273	  47.003
30	-282.427	27	 -19.010	 -13.010	  44.645
31	-281.909	26	   5.917	 -14.519	  32.191
32	-277.773	26	  34.029	  32.070	   1.568
33	-266.703	25	 -18.324	   5.131	  16.217
34	-265.906	23	  28.838	  43.990	   9.632
35	-254.682	24	   7.112	  32.267	   7.987
36	-243.032	22	  21.284	  32.705	 -10.221
37	-229.548	21	   8.195	  10.379	 -17.025
38	-227.880	22	  12.527	  -8.950	  37.715
39	-221.841	21	  16.579	  15.005	 -20.026
40	-221.309	22	  -2.190	  15.880	  -4.074
41	-216.503	19	   9.516	  -4.018	  46.020
42	-213.542	21	  12.859	  -2.086	  30.975
43	-205.581	20	  18.733	  45.164	  10.966
44	-202.351	13	  16.091	  16.254	  -6.217
45	-198.289	19	   3.331	   4.951	  -5.342
46	-193.980	20	  21.795	  17.964	   4.456
47	-188.146	13	  -9.652	   1.744	  27.235
48	-186.792	19	  -3.488	 -20.349	  28.587
49	-182.306	17	   6.082	  26.361	  17.104
50	-176.393	18	   3.494	 -19.245	  49.726
51	-173.873	17	 -27.461	   3.775	  30.235
52	-165.477	15	  14.672	   3.679	  37.836
53	-164.049	16	  -5.649	  -2.866	  40.175
54	-160.450	14	   3.843	   0.584	   6.083
55	-156.281	15	  -1.642	 -27.468	  41.817
56	-155.958	15	 -20.150	  11.010	  41.425
57	-152.799	14	  32.593	  25.490	  10.616
58	-152.427	14	   7.323	  19.032	  28.098
59	-145.683	14	  32.681	  41.699	  -1.529
60	-143.195	14	  22.559	   4.607	  11.327
61	-142.401	14	 -16.141	 -18.774	  28.043
62	-139.581	14	  -0.733	  13.160	  45.405
63	-136.845	14	  11.980	  38.480	  -0.804
64	-136.096	13	  21.767	  37.313	  20.245
65	-129.247	13	  -9.418	 -29.389	  35.627
66	-125.985	12	   0.588	  17.690	   9.563
67	-125.890	12	 -21.213	 -21.711	  40.042
68	-120.647	12	  13.534	   1.463	   4.494
69	-115.214	10	 -14.526	 -11.387	  24.946
70	-106.069	11	   5.871	 -10.867	  18.826
71	-106.012	11	  13.804	  36.313	  14.697
72	-105.306	10	  31.838	  37.685	   6.642
73	 -96.033	10	   5.165	 -17.352	  40.655
74	 -95.966	10	  -0.395	  19.417	  21.523
75	 -88.874	9	  10.103	  17.080	  37.802
76	 -88.422	9	   0.564	  16.553	  33.072
77	 -81.471	8	 -18.873	  18.993	  35.979
78	 -80.662	8	  -0.575	  29.059	  -2.896
79	 -79.660	8	 -22.666	  14.674	  22.387
80	 -78.419	8	   7.330	  33.728	  -6.044
81	 -78.238	8	  14.401	   4.940	 -18.868
82	 -72.499	7	 -11.423	  -7.628	  50.459
83	 -70.460	7	  -7.843	   5.532	  12.323
84	 -69.442	7	  26.643	   8.049	 -19.262
85	 -68.918	7	  20.085	  41.782	  -5.767
86	 -67.466	7	  -0.899	  24.499	   4.897
87	 -66.925	6	  30.815	  -0.120	  -5.181
88	 -66.874	7	  -3.459	 -24.987	  53.163
89	 -64.698	6	  30.249	  24.540	   2.113
90	 -63.137	6	  35.650	   7.994	  -3.117
91	 -60.965	6	  25.920	  22.663	 -17.759
92	 -60.263	6	 -13.563	 -18.508	  47.492
93	 -59.624	6	  -3.226	 -15.795	  21.401
94	 -51.730	5	  19.862	  47.407	   1.943
95	 -49.265	5	  25.830	  51.589	   6.797
96	 -42.615	4	  10.871	  -6.093	  24.267
97	 -38.451	4	  12.229	  29.292	 -11.225
98	 -37.814	4	   7.212	  -1.744	  -4.816
99	 -31.360	3	  23.638	   1.014	 -16.258
100	 -30.687	3	  16.733	   4.464	  18.052
101	 -29.339	3	 -24.654	 -15.601	  33.046
102	 -28.609	3	  25.039	  43.957	  19.410
103	 -28.105	3	  31.988	  33.689	 -10.920
104	 -20.440	2	 -15.350	  -5.986	  42.188
105	 -19.773	2	 -25.830	  -2.946	  23.663
106	  -9.965	1	 -17.350	   4.014	  42.742
107	  -9.593	1	   8.650	 -15.986	  24.742
108	  -9.303	1	  -0.350	  33.014	   3.742
109	  -9.233	1	  32.650	  15.014	   1.742
110	  -8.915	1	 -16.350	 -27.986	  34.742
