1	-853.044	74	  -3.027	  50.535	 127.850
2	-692.704	58	   7.552	  51.533	 136.024
3	-660.912	56	  11.517	  28.543	 153.556
4	-624.245	55	  34.231	  -2.891	 144.266
5	-595.238	51	  -0.220	  32.528	 150.388
6	-580.832	50	   5.697	  19.332	 149.953
7	-515.051	47	  25.023	  11.297	 125.397
8	-514.180	46	  15.942	  14.740	 157.076
9	-494.811	42	  22.846	  -2.751	 138.993
10	-448.925	38	  29.468	  10.428	 160.822
11	-422.769	39	  15.783	  47.319	 144.217
12	-422.309	38	  15.414	  38.158	 122.898
13	-417.857	37	  -5.148	  29.037	 133.607
14	-410.015	36	  15.843	  -6.045	 142.794
15	-396.116	37	  10.150	   0.958	 138.782
16	-387.647	23	  13.153	  23.980	 141.579
17	-357.910	32	  27.741	   3.296	 131.024
18	-356.073	33	   8.820	  46.174	 124.348
19	-344.511	32	   2.703	   8.465	 141.880
20	-335.205	33	  37.954	   4.100	 128.549
21	-304.202	25	  27.168	  15.975	 149.322
22	-286.438	27	  44.105	   7.800	 141.368
23	-282.970	25	 -12.738	  34.256	 143.195
24	-282.031	25	   8.775	  53.692	 148.699
25	-279.805	24	   6.939	  15.992	 128.827
26	-270.177	26	  34.902	  -0.981	 137.106
27	-264.099	24	  19.209	  39.467	 149.948
28	-262.149	24	  -9.690	  41.790	 120.814
29	-248.903	24	  -4.288	  56.163	 142.063
30	-246.005	21	  20.077	  24.693	 124.396
31	-241.986	24	  -4.819	  26.595	 143.136
32	-240.763	22	  26.105	  32.837	 137.601
33	-237.661	22	  14.195	  43.687	 132.320
34	-223.589	21	  36.341	  13.415	 155.900
35	-220.146	20	  25.348	  -8.396	 152.011
36	-212.889	20	  17.380	   6.431	 131.275
37	-211.729	21	  -4.959	  37.484	 116.681
38	-202.417	20	  23.824	  20.547	 156.793
39	-201.166	20	   5.757	  47.031	 156.203
40	-192.138	18	 -15.748	  46.018	 128.306
41	-170.427	16	  17.875	  17.058	 123.182
42	-165.514	16	   4.146	  -1.002	 147.382
43	-163.535	15	  42.621	   2.338	 151.653
44	-161.298	15	  34.923	  25.774	 135.965
45	-155.577	15	  -6.821	  50.850	 150.646
46	-153.687	14	  20.422	  -3.627	 159.980
47	-151.939	15	  13.253	   3.462	 162.408
48	-146.632	15	   7.944	  38.067	 112.571
49	-145.615	15	  -0.193	  58.693	 148.662
50	-137.657	13	   0.520	  23.931	 122.483
51	-134.174	13	  37.277	  10.811	 123.906
52	-132.028	13	  39.758	  19.458	 129.120
53	-126.553	12	  22.340	  32.559	 125.610
54	-121.596	12	   2.471	  29.823	 114.041
55	-120.450	11	   6.020	  22.257	 116.434
56	-117.281	11	 -15.734	  36.950	 134.033
57	-112.117	11	  -3.188	  43.303	 156.928
58	-109.210	10	   8.404	  -2.219	 154.176
59	-104.526	10	  -8.793	  49.904	 124.313
60	-102.728	10	  35.232	  18.473	 148.484
61	-102.259	9	  31.614	  19.832	 123.244
62	-100.368	10	  15.398	  46.917	 154.262
63	 -99.189	10	   7.150	   5.225	 156.192
64	 -98.755	10	  17.325	 -11.193	 154.220
65	 -98.280	10	   4.055	  44.699	 115.283
66	 -96.978	10	 -12.907	  43.462	 153.380
67	 -91.322	9	  42.859	  14.474	 135.418
68	 -88.971	9	  29.832	  -0.097	 160.993
69	 -87.938	9	  21.743	   2.963	 166.434
70	 -86.005	8	  26.574	  -8.803	 142.027
71	 -82.519	8	  32.918	  28.474	 127.362
72	 -81.318	8	 -12.547	  48.883	 145.343
73	 -80.173	8	  43.062	  17.245	 144.635
74	 -77.106	7	  20.715	  39.237	 131.023
75	 -62.811	6	   0.876	  58.004	 135.319
76	 -62.750	6	 -14.999	  50.204	 138.010
77	 -55.655	5	   8.702	  40.300	 156.307
78	 -51.791	5	  29.029	  23.298	 146.539
79	 -48.677	5	 -10.433	  31.732	 122.424
80	 -40.704	4	  36.455	  -2.920	 155.780
81	 -37.394	4	   6.695	   6.100	 130.847
82	 -30.166	3	  30.894	  15.225	 166.899
83	 -29.227	3	 -11.445	  32.804	 155.611
84	 -28.708	3	 -17.786	  38.769	 150.600
85	 -28.488	2	   1.214	  31.776	 121.913
86	 -25.789	2	  35.214	  17.103	 135.038
87	 -22.988	2	  10.586	  33.548	 143.068
88	 -19.543	2	  24.214	  42.103	 139.107
89	 -19.376	2	   0.720	  13.597	 135.092
90	 -18.623	2	  16.711	  24.103	 157.586
91	 -18.581	2	  25.733	  33.584	 147.586
92	 -18.300	2	  15.256	  28.613	 116.117
93	 -16.886	1	  16.214	  16.103	 145.586
94	  -9.612	1	  22.214	  15.103	 170.586
95	  -9.068	1	  -1.786	  23.103	 149.586
96	  -8.960	1	  -0.786	  17.103	 143.586
