1	-1054.463	82	   7.511	   8.495	  24.225
2	-791.997	72	  24.717	  -1.368	  30.709
3	-701.991	58	  34.797	  21.494	  22.389
4	-550.346	45	  11.795	  32.450	  24.720
5	-489.024	44	  36.513	  11.841	  20.105
6	-460.119	41	   6.265	  25.128	  25.624
7	-453.453	41	  28.353	   9.311	  38.341
8	-448.404	41	   2.826	  17.791	  22.939
9	-400.971	36	  33.717	  27.300	  32.592
10	-394.324	36	  35.505	   1.139	  35.314
11	-390.474	36	  29.292	  21.881	  38.088
12	-380.106	33	   7.770	   1.567	  18.815
13	-365.122	31	  39.847	  -0.190	  28.531
14	-340.024	31	  19.106	  14.904	  39.873
15	-333.451	32	  11.400	  17.424	   7.492
16	-316.999	30	  12.386	  -8.899	  22.059
17	-308.847	27	  33.444	   4.361	  16.793
18	-295.782	26	  38.854	  16.960	  35.207
19	-292.708	29	  34.807	  17.925	  12.381
20	-269.048	24	   2.552	   6.840	  34.648
21	-268.087	26	  24.950	  12.285	   5.901
22	-262.480	25	  32.478	  30.689	  21.894
23	-234.538	21	  50.235	   7.538	  31.714
24	-227.570	22	  15.872	   6.754	   5.598
25	-214.301	17	   9.452	  29.326	  13.704
26	-213.807	21	   5.418	  21.747	  33.813
27	-209.484	20	  27.724	   2.529	  12.552
28	-195.377	19	  16.577	  -1.642	  36.944
29	-193.411	18	   8.266	   8.239	  13.664
30	-175.040	17	  24.114	  34.166	  21.326
31	-174.264	17	   8.479	  -8.074	  28.921
32	-172.945	16	  43.640	  15.855	  23.234
33	-170.677	10	   9.499	   1.846	  29.024
34	-169.530	17	  31.920	  -2.232	  21.988
35	-167.669	15	  43.851	  11.735	  38.570
36	-150.478	14	  19.200	  32.752	  13.877
37	-148.666	14	  46.889	   2.947	  37.635
38	-135.211	14	   9.449	  14.843	  40.607
39	-133.341	13	  29.886	  23.665	   6.621
40	-122.229	12	  51.509	  17.279	  28.717
41	-121.335	12	  40.596	   4.699	  21.837
42	-117.980	10	  16.289	  23.672	   7.853
43	-110.703	7	  19.667	  24.969	  28.530
44	-109.702	10	  18.517	  33.112	  33.009
45	 -97.728	7	  14.421	  27.422	  35.552
46	 -71.589	7	   7.142	  31.323	  34.928
47	 -60.352	4	  22.296	  16.491	  32.009
48	 -58.810	6	   3.587	  -2.829	  32.834
49	 -52.624	5	  20.026	  -6.853	  17.634
50	 -37.368	4	   4.944	  21.792	  13.135
51	 -37.337	4	  45.421	  24.896	  27.782
52	 -29.993	3	  19.421	   5.425	  40.789
53	 -29.750	3	  27.393	  35.147	  30.817
54	 -28.656	3	  14.523	  -1.853	   9.472
55	 -28.373	3	  47.421	  -4.220	  26.540
56	 -27.908	3	  53.710	  -0.832	  31.171
57	 -22.254	2	  17.931	   3.637	  18.279
58	 -18.666	2	   5.445	   2.659	  40.813
59	 -10.400	1	  21.421	  -9.853	  25.789
