1	-1509.397	126	  -3.547	  20.291	  50.883
2	-1014.322	90	 -12.542	  19.193	  63.430
3	-648.654	58	   3.318	  14.220	  81.416
4	-622.282	52	   1.213	  26.014	  69.998
5	-553.461	48	   0.623	  23.015	  78.506
6	-529.156	50	 -12.923	  13.023	  71.027
7	-485.565	42	 -13.999	  34.412	  61.808
8	-460.210	37	  14.119	  20.535	  48.209
9	-427.833	35	  12.351	  30.210	  66.823
10	-382.611	36	  -7.725	  31.984	  53.154
11	-377.059	37	 -20.523	  14.898	  87.656
12	-369.874	35	 -12.274	  13.635	  94.300
13	-346.470	32	  -8.890	  34.740	  73.702
14	-337.060	27	  -2.898	  24.037	  56.657
15	-326.583	30	   4.704	  28.363	  43.592
16	-318.104	28	  -7.730	  29.945	  91.625
17	-299.117	29	  21.392	  24.457	  67.179
18	-297.211	26	 -14.773	  11.614	  78.199
19	-289.717	28	  15.727	  34.315	  51.796
20	-275.309	26	  -5.445	  32.215	  81.500
21	-269.161	25	   3.842	   5.346	  75.668
22	-260.972	24	 -10.427	   7.189	  86.912
23	-260.426	25	   3.529	   2.036	  43.320
24	-232.241	18	   0.791	   4.322	  56.207
25	-232.239	20	 -25.713	  25.824	  81.863
26	-221.959	22	  10.358	  45.741	  47.534
27	-220.340	21	  -7.353	  13.777	  47.684
28	-212.335	20	  -7.072	   5.406	  54.209
29	-211.756	20	 -16.847	  23.895	  53.908
30	-209.439	18	 -21.162	  20.503	  67.880
31	-203.839	21	 -10.840	  17.604	  54.097
32	-195.407	18	  -2.379	  20.139	  97.302
33	-191.081	19	  14.364	  10.150	  73.564
34	-191.037	19	  20.869	  19.574	  59.291
35	-186.409	19	  -2.595	   2.920	  81.687
36	-174.137	18	  10.128	   9.276	  49.855
37	-165.530	15	 -22.963	  22.855	  90.749
38	-164.611	16	 -18.219	  35.201	  83.508
39	-157.934	14	   9.707	   5.308	  63.415
40	-153.715	15	   2.089	  24.540	  86.607
41	-150.114	14	 -26.634	  19.314	  73.618
42	-133.867	12	   4.894	  31.270	  66.149
43	-129.247	13	 -17.724	  24.390	  96.938
44	-129.161	12	  18.941	  30.354	  71.398
45	-127.278	12	 -16.726	  38.038	  69.098
46	-126.222	12	   2.195	  18.184	  37.878
47	-118.944	11	 -24.204	  28.097	  72.071
48	-114.738	11	  -3.563	  10.555	  38.473
49	-110.821	11	  20.846	  11.013	  65.875
50	-107.308	11	 -25.502	  17.634	  81.626
51	-105.369	10	   2.950	  36.314	  55.184
52	-104.639	10	  -6.800	   2.483	  63.364
53	 -91.719	9	   8.056	  19.985	  76.957
54	 -91.514	9	  -4.203	  36.418	  62.944
55	 -88.113	8	  -5.520	   1.416	  41.486
56	 -87.582	9	   7.589	  37.720	  43.623
57	 -82.624	8	  -8.128	   0.066	  72.998
58	 -82.452	8	 -21.251	  33.873	  62.428
59	 -75.944	5	  -5.179	  18.769	  66.943
60	 -75.196	8	  -1.639	  12.675	  94.000
61	 -66.993	7	 -14.044	  31.383	  96.663
62	 -61.808	6	   2.163	   0.833	  67.322
63	 -57.834	6	 -10.691	  25.804	  47.425
64	 -48.125	5	 -23.087	  35.899	  77.990
65	 -39.674	4	   8.751	  36.895	  60.343
66	 -37.517	4	  -3.779	  30.137	  44.847
67	 -32.217	3	  12.140	  23.626	  39.452
68	 -27.842	3	  10.104	  54.646	  44.119
69	 -17.492	1	 -12.519	  23.646	  77.094
70	  -9.676	1	 -21.519	  34.646	  54.094
71	  -9.415	1	 -10.519	   8.646	  61.094
72	  -9.193	1	 -14.519	   4.646	  74.094
