1	-1181.744	99	  -2.701	  20.894	  54.149
2	-1055.048	92	 -12.234	  19.832	  63.696
3	-711.002	63	  -5.415	  20.143	  48.161
4	-668.922	53	 -15.501	  33.831	  63.216
5	-572.569	53	   3.559	  15.894	  82.867
6	-515.948	42	  12.401	  31.064	  67.013
7	-485.044	46	  -7.817	  31.879	  52.447
8	-475.306	42	 -14.898	  10.518	  78.963
9	-468.019	42	 -10.228	  36.076	  74.002
10	-441.306	42	 -12.745	  13.841	  71.741
11	-411.614	32	  14.046	  22.278	  48.481
12	-391.147	35	 -15.165	  23.342	  54.693
13	-364.113	32	  -4.267	   2.419	  73.820
14	-364.026	34	   2.140	  24.108	  82.317
15	-350.119	32	 -20.951	  21.247	  68.511
16	-346.895	32	   4.403	   3.491	  42.622
17	-342.698	31	   4.436	  25.173	  70.133
18	-329.953	30	  -7.206	  34.046	  86.101
19	-327.355	30	   4.654	  29.107	  43.882
20	-314.625	29	 -11.769	   6.628	  67.272
21	-313.420	28	  21.026	  24.456	  66.815
22	-308.644	27	  -1.448	  28.618	  71.967
23	-308.323	28	 -12.572	  14.945	  94.519
24	-299.771	27	   4.007	   7.981	  78.002
25	-294.584	25	  -1.412	  23.255	  95.340
26	-271.022	26	  15.732	  35.376	  52.096
27	-242.106	22	 -25.187	  25.839	  81.875
28	-228.999	22	  10.185	   6.667	  61.730
29	-212.429	20	  -8.075	   7.266	  54.396
30	-211.692	19	  20.460	  21.948	  60.253
31	-211.060	21	 -19.541	  14.846	  88.311
32	-208.136	20	  10.371	  17.057	  77.037
33	-205.770	19	 -23.200	  22.799	  90.632
34	-192.923	19	 -14.081	  29.625	  98.503
35	-190.723	17	  -2.728	  28.413	  79.307
36	-188.136	17	  -0.070	   4.407	  55.848
37	-187.125	18	 -18.683	  34.803	  85.164
38	-184.564	18	  16.541	  11.601	  72.709
39	-162.685	16	  -4.757	  37.330	  63.075
40	-158.751	16	  11.326	  45.850	  47.385
41	-152.039	14	 -24.987	  28.246	  73.265
42	-148.293	13	 -11.086	   8.987	  87.023
43	-140.906	13	   5.069	  32.358	  66.380
44	-139.719	14	   6.837	  38.683	  44.548
45	-137.971	14	   2.863	  18.387	  38.162
46	-120.685	12	  -9.756	  17.517	  53.859
47	-117.535	12	   9.381	   8.202	  50.101
48	-102.536	10	  19.960	  30.706	  71.273
49	-101.454	10	   2.777	  36.739	  55.434
50	-101.115	10	  21.606	  11.832	  64.795
51	 -99.358	10	  -1.339	  14.650	  95.434
52	 -98.340	10	  -3.652	  10.465	  38.876
53	 -93.413	10	   8.961	  53.495	  47.877
54	 -91.610	9	  18.060	  14.828	  55.152
55	 -88.857	9	   9.553	   4.354	  74.125
56	 -88.466	6	  -5.102	  19.325	  67.201
57	 -80.798	8	   1.570	   1.160	  69.412
58	 -79.943	8	  -2.093	   3.920	  82.027
59	 -72.597	7	  -4.040	   1.713	  43.044
60	 -59.885	6	 -11.892	  21.887	  99.430
61	 -57.139	6	 -21.086	  30.436	  55.815
62	 -40.954	4	   9.058	  37.743	  60.271
63	 -38.180	4	 -22.937	  36.770	  77.715
64	 -30.036	3	 -23.393	  15.603	  78.111
65	 -29.592	3	  -3.803	  30.592	  45.177
66	 -27.693	3	  23.570	  27.930	  56.819
67	 -10.138	1	 -12.430	  24.274	  77.490
68	 -10.006	1	  20.570	  22.274	  52.490
69	  -9.328	1	  13.570	  25.274	  40.490
70	  -9.262	1	  -8.430	  19.274	  40.490
71	  -8.942	1	   6.570	  22.274	  88.490
