1	-1192.314	110	  39.259	  44.177	 122.418
2	-763.734	62	  32.894	  32.667	 118.850
3	-757.242	60	  47.807	  51.222	 115.893
4	-640.320	60	  40.990	  71.591	 123.835
5	-534.863	49	  32.600	  36.817	 126.150
6	-517.755	47	  60.278	  57.037	 110.600
7	-451.496	40	  49.156	  42.661	 149.076
8	-435.884	38	  41.356	  52.900	 132.354
9	-434.115	39	  37.444	  55.917	 112.200
10	-413.475	33	  39.579	  45.295	 102.916
11	-397.053	35	  35.540	  38.033	  97.804
12	-396.733	35	  43.152	  81.152	 115.877
13	-391.601	38	  18.891	  30.362	 124.240
14	-371.211	31	  27.267	  39.279	  97.725
15	-368.108	35	  18.981	  30.332	 100.972
16	-367.141	33	  52.147	  43.594	 123.053
17	-359.940	33	  60.212	  41.728	 141.667
18	-350.188	33	  11.814	  41.206	 113.893
19	-340.623	32	  41.118	  50.123	 142.818
20	-338.911	31	  36.614	  27.433	  99.944
21	-333.578	27	  46.203	  28.436	 133.075
22	-304.986	26	  48.549	  59.478	 102.797
23	-283.380	26	  20.808	  48.175	 101.149
24	-283.343	25	  58.019	  36.670	 124.836
25	-279.104	26	  62.730	  52.233	 128.492
26	-266.427	25	  52.794	  70.438	 135.035
27	-259.502	24	  44.437	  30.407	 114.270
28	-237.379	22	  44.980	  29.490	 105.122
29	-235.340	24	  35.082	  22.787	 107.182
30	-225.850	20	  49.816	  32.682	 146.319
31	-220.301	19	  51.279	  51.433	 144.668
32	-187.053	18	  59.527	  24.321	 137.953
33	-180.830	13	  45.561	  39.226	 125.609
34	-180.554	17	  58.414	  60.192	 136.556
35	-178.627	17	  41.173	  58.666	 102.552
36	-175.886	17	  55.784	  72.847	 102.835
37	-173.911	17	  60.248	  73.256	 117.124
38	-172.983	16	  18.953	  50.440	 116.992
39	-171.668	17	  44.121	  76.595	 106.350
40	-164.362	16	  40.150	  56.626	 121.671
41	-164.032	15	  40.058	  69.781	 111.137
42	-162.801	11	  49.941	  74.152	 123.688
43	-160.145	16	  34.276	  41.440	 143.405
44	-159.817	14	  60.254	  49.877	 119.806
45	-156.313	15	  52.722	  79.535	 119.813
46	-154.793	14	  68.491	  32.063	 132.995
47	-154.789	15	  49.759	  29.260	 121.791
48	-152.671	15	  30.160	  49.625	 132.048
49	-149.599	15	  33.247	  55.407	 101.241
50	-146.479	14	  22.371	  46.467	 129.534
51	-139.984	13	  60.616	  50.598	 141.111
52	-139.691	9	  39.900	  45.007	 112.274
53	-138.897	14	  48.082	  37.447	 114.715
54	-136.257	13	  28.854	  52.785	 114.101
55	-135.664	14	  45.936	  61.952	 137.849
56	-133.605	13	  51.900	  58.694	 140.966
57	-131.354	13	  52.553	  51.543	 102.064
58	-127.676	13	  66.650	  44.291	 131.359
59	-126.094	13	  48.919	  42.054	 106.391
60	-121.916	11	  57.925	  32.431	 144.787
61	-111.617	11	  23.426	  36.080	 130.381
62	-110.131	10	  11.915	  36.786	 121.033
63	-108.914	11	  50.567	  21.982	 136.070
64	-106.630	10	  53.817	  79.204	 129.039
65	-101.566	10	  62.222	  60.487	 121.435
66	-100.230	9	  56.796	  60.150	 100.458
67	 -90.637	9	  28.365	  49.831	  93.792
68	 -88.787	8	  33.749	  24.341	 116.402
69	 -85.938	8	  41.662	  59.369	 128.434
70	 -84.989	8	  55.829	  22.795	 126.102
71	 -84.377	8	  43.971	  50.087	  99.867
72	 -82.253	8	  63.363	  73.643	 105.746
73	 -81.935	8	  45.243	  68.848	 100.680
74	 -74.955	8	  42.373	  81.846	 134.804
75	 -74.417	7	  41.178	  34.519	 145.653
76	 -73.648	7	  65.478	  40.164	 122.652
77	 -71.656	7	  16.142	  26.023	 112.750
78	 -68.441	7	  29.571	  27.271	 127.581
79	 -59.472	6	  26.412	  28.617	  96.373
80	 -58.358	6	  55.989	  80.513	 110.059
81	 -54.129	5	  61.564	  65.430	 114.745
82	 -49.541	5	  42.669	  73.305	 134.627
83	 -46.349	5	  36.067	  77.506	 116.853
84	 -41.568	4	  51.088	  81.700	 137.853
85	 -41.180	4	  36.653	  63.952	 106.617
86	 -39.346	4	  16.328	  40.720	 100.883
87	 -38.578	4	  62.650	  27.921	 126.140
88	 -38.339	4	  12.352	  34.463	 106.374
89	 -38.045	4	  18.625	  20.169	 118.600
90	 -37.463	4	  62.626	  62.202	 105.866
91	 -37.412	4	  58.372	  46.688	 112.861
92	 -29.838	3	  14.202	  49.247	 105.443
93	 -29.550	3	  27.206	  18.699	 126.209
94	 -28.599	3	  22.913	  53.688	 108.879
95	 -24.907	2	  50.873	  58.263	 115.853
96	 -18.713	2	  15.357	  43.688	 129.337
97	 -18.167	2	  32.366	  50.688	 122.360
98	 -10.189	1	  38.873	  84.688	 124.853
99	  -9.982	1	  24.873	  19.688	 105.853
100	  -9.039	1	  35.873	  44.688	  94.853
