1	-1219.639	106	   8.267	  43.175	  21.469
2	-1106.797	98	  16.303	  41.637	  41.394
3	-1013.733	90	  20.551	  53.819	  47.918
4	-1001.240	89	 -17.205	  41.139	   4.382
5	-991.577	90	  26.291	  45.426	  54.380
6	-969.941	88	 -25.919	  45.328	  -9.038
7	-933.190	81	 -21.156	  53.989	  -2.390
8	-900.610	80	   9.509	  60.970	  58.910
9	-837.065	79	   3.060	  43.666	 -19.119
10	-800.683	69	 -10.252	  41.022	  23.577
11	-781.494	72	  -3.061	  43.813	  64.048
12	-769.585	70	 -12.968	  44.260	 -10.764
13	-746.787	69	  -9.931	  60.393	 -14.597
14	-733.719	66	  -3.523	  44.795	  23.624
15	-712.936	60	  27.424	  49.846	  65.898
16	-668.808	61	   5.922	  38.116	  78.084
17	-624.134	52	 -26.811	  49.918	 -20.984
18	-610.296	57	  -0.974	  53.414	  57.203
19	-580.827	51	  -1.724	  41.900	 -35.426
20	-578.692	56	 -22.936	  61.548	  15.580
21	-555.132	52	  14.323	  44.963	  56.187
22	-550.863	48	   9.770	  34.799	  46.138
23	-543.318	47	 -10.076	  34.670	  -0.722
24	-529.209	46	  10.514	  31.231	  28.673
25	-526.857	48	  -8.586	  40.608	  40.833
26	-526.798	44	  -5.464	  28.440	 -16.024
27	-502.874	43	 -10.330	  31.181	  16.816
28	-493.601	47	  22.889	  61.838	  30.161
29	-488.825	47	  24.184	  56.710	  59.197
30	-481.280	41	   4.881	  28.556	  61.377
31	-454.550	43	   0.049	  53.531	 -13.478
32	-452.506	40	   5.639	  27.226	  49.247
33	-437.670	40	   8.762	  39.799	   4.814
34	-425.474	38	  -7.933	  36.591	 -32.504
35	-413.001	36	  -6.015	  27.429	  -3.645
36	-400.074	35	  33.257	  33.038	  57.450
37	-399.368	32	   9.568	  24.403	   5.929
38	-393.315	36	 -29.500	  55.661	   5.662
39	-391.707	38	   4.349	  58.048	  16.941
40	-390.817	37	  -0.967	  46.520	  79.073
41	-379.996	34	  15.552	  50.077	  22.918
42	-379.636	35	  29.181	  55.942	  39.129
43	-377.692	36	 -10.383	  43.176	  -1.690
44	-367.114	34	  22.879	  27.974	  71.858
45	-365.927	35	   8.870	  42.807	  52.296
46	-358.762	35	  12.163	  32.322	   7.787
47	-354.426	32	  20.215	  59.524	  77.403
48	-351.618	30	  29.003	  47.405	  46.097
49	-346.047	34	  -9.031	  52.077	  26.908
50	-339.065	31	 -15.795	  50.378	  22.554
51	-333.888	30	   2.857	  22.110	  40.371
52	-332.567	29	 -10.038	  70.504	   8.469
53	-330.137	32	  -4.587	  58.132	  28.402
54	-323.136	28	   9.803	  70.704	  36.834
55	-323.081	31	 -24.236	  56.588	 -13.971
56	-321.584	26	 -30.382	  34.745	  -2.541
57	-315.149	29	  29.365	  35.688	  32.019
58	-308.875	28	 -29.847	  47.807	  -1.556
59	-303.776	29	 -10.976	  65.463	  -5.417
60	-298.260	26	  34.665	  38.900	  39.419
61	-293.887	29	 -11.784	  33.478	  37.521
62	-291.859	27	 -24.254	  27.965	 -26.658
63	-291.637	27	   5.400	  30.201	 -15.190
64	-289.707	28	   3.839	  52.393	  24.380
65	-289.039	25	 -20.770	  30.530	  -8.053
66	-287.757	27	   9.605	  65.187	  49.781
67	-287.472	27	   2.582	  53.401	  -5.584
68	-277.802	28	   8.875	  51.831	  18.573
69	-277.620	26	  18.846	  31.863	  54.813
70	-273.092	22	  -9.318	  24.884	  40.354
71	-264.526	25	  -1.838	  56.755	  70.348
72	-262.862	25	 -28.655	  36.022	  14.235
73	-257.503	24	   2.009	  46.685	 -32.265
74	-257.339	23	  -3.036	  22.019	   4.365
75	-254.747	24	  -5.768	  30.196	  60.569
76	-253.864	22	  24.942	  43.269	  75.946
77	-253.379	24	  14.420	  44.336	  86.907
78	-252.580	25	   6.127	  57.172	  80.697
79	-239.107	23	 -19.570	  59.461	 -32.627
80	-239.005	23	   1.872	  56.889	 -26.261
81	-235.298	22	  13.945	  30.100	 -11.048
82	-230.235	19	 -34.174	  38.835	   6.212
83	-221.479	19	  30.686	  34.114	  47.167
84	-217.243	21	   3.241	  60.630	  24.968
85	-215.923	21	  -6.049	  57.005	 -34.582
86	-211.245	20	  -3.674	  52.133	  20.993
87	-210.339	19	 -14.338	  30.584	  56.115
88	-209.475	19	 -33.957	  33.853	 -12.936
89	-206.254	20	   9.117	  48.243	   2.154
90	-200.027	17	 -24.737	  42.941	 -30.666
91	-197.960	19	  -3.610	  59.708	  20.590
92	-194.179	19	   3.991	  62.019	   3.070
93	-190.663	19	   2.067	  67.153	  11.423
94	-189.558	18	   9.596	  22.854	  -7.707
95	-184.722	18	  -1.854	  67.400	  34.057
96	-182.190	17	 -27.296	  44.485	  21.194
97	-182.099	18	  -6.866	  31.949	  26.184
98	-180.274	17	  28.250	  61.035	  48.505
99	-178.304	18	   7.635	  31.927	  18.815
100	-177.586	17	   9.617	  61.493	  71.481
101	-172.758	16	 -37.157	  41.254	  -2.784
102	-165.546	15	   7.254	  46.123	  -9.260
103	-161.823	14	 -28.186	  60.274	  -3.122
104	-161.657	15	 -25.781	  53.914	 -35.347
105	-159.711	16	  16.051	  73.121	  31.655
106	-156.427	15	 -20.725	  30.223	  12.226
107	-155.270	15	  -9.795	  23.534	  53.763
108	-155.149	15	 -12.300	  39.398	  52.766
109	-154.381	16	  -6.461	  67.620	  19.719
110	-152.853	15	  33.128	  29.775	  65.487
111	-152.772	15	  -0.255	  20.323	  51.166
112	-149.094	15	  11.919	  39.263	  -7.887
113	-143.963	14	   3.446	  61.249	  47.220
114	-143.405	13	  -7.313	  46.027	  54.646
115	-142.637	14	  37.333	  50.564	  42.081
116	-139.258	14	 -16.963	  75.411	   3.879
117	-138.169	13	  -2.199	  56.046	  47.333
118	-133.693	12	  16.412	  26.513	  62.340
119	-133.589	13	  -0.639	  21.002	  -6.965
120	-132.017	13	  25.142	  61.200	  71.304
121	-129.738	12	 -12.760	  32.749	 -10.781
122	-129.474	12	  27.392	  45.053	  24.047
123	-128.894	12	  -7.214	  60.391	  39.688
124	-127.031	12	 -12.331	  44.382	 -42.294
125	-126.699	12	  18.725	  29.800	  33.881
126	-120.778	12	 -17.149	  32.994	 -37.002
127	-118.561	12	   0.500	  63.227	  62.511
128	-117.566	12	  -0.536	  62.520	 -17.263
129	-116.584	12	   8.978	  68.986	  25.118
130	-113.876	11	  37.073	  39.666	  60.427
131	-112.357	11	  25.764	  54.157	  80.194
132	-111.500	11	  27.758	  53.584	  27.007
133	-110.433	10	  15.695	  33.754	  -3.361
134	-108.349	10	 -17.067	  25.484	 -17.356
135	-105.582	10	 -36.818	  41.147	 -15.981
136	-105.393	10	  -0.346	  29.276	  71.975
137	-105.050	11	  17.804	  33.506	  83.299
138	-105.042	10	  15.529	  26.130	  -1.008
139	-103.205	10	  20.391	  67.322	  24.755
140	 -99.240	10	  -9.771	  51.414	  42.546
141	 -96.835	10	 -16.063	  72.799	  14.070
142	 -96.331	9	  -4.007	  61.523	  -1.964
143	 -96.018	10	 -16.641	  27.710	 -27.806
144	 -94.930	9	 -37.411	  50.810	   3.382
145	 -94.830	9	  -2.007	  64.770	  42.411
146	 -94.746	9	 -20.274	  68.628	  19.530
147	 -94.561	9	 -24.750	  60.960	 -26.547
148	 -92.513	9	  -0.279	  28.893	 -27.030
149	 -88.941	9	   3.798	  16.336	   3.610
150	 -88.108	9	 -26.849	  24.750	 -17.786
151	 -85.048	8	 -27.431	  70.148	   9.827
152	 -84.604	9	 -36.480	  44.533	  15.819
153	 -82.205	8	  10.978	  32.800	  56.042
154	 -80.818	8	  27.750	  70.405	  35.162
155	 -80.778	8	 -16.844	  32.711	  47.796
156	 -78.969	8	 -20.520	  69.028	  -7.964
157	 -78.824	8	 -14.395	  23.519	  46.722
158	 -77.825	8	 -31.525	  50.446	 -13.997
159	 -76.305	8	  26.925	  25.414	  61.451
160	 -72.612	7	  16.655	  75.382	  42.023
161	 -71.350	7	  23.283	  37.176	  24.680
162	 -69.554	7	  19.953	  70.232	  52.664
163	 -68.976	7	  32.704	  63.312	  40.246
164	 -67.894	7	  -4.793	  16.162	  40.230
165	 -67.174	7	  30.561	  56.748	  73.496
166	 -64.448	6	   8.456	  61.641	   9.031
167	 -62.783	6	  28.820	  35.125	  74.955
168	 -60.792	6	  -9.831	  63.082	 -23.772
169	 -60.646	6	 -29.838	  52.268	  17.331
170	 -59.204	6	 -29.489	  26.978	 -10.024
171	 -59.146	6	 -30.505	  56.632	 -28.866
172	 -56.786	6	  12.141	  25.494	  38.458
173	 -56.049	6	  16.839	  60.976	  18.827
174	 -51.136	4	   0.561	  34.319	  54.817
175	 -51.058	4	  -1.362	  34.672	  -9.840
176	 -50.365	5	 -12.186	  25.300	   7.054
177	 -49.827	5	 -33.796	  30.916	 -22.324
178	 -49.814	5	  30.155	  70.528	  43.661
179	 -49.158	5	 -32.429	  63.480	   3.535
180	 -48.290	5	  -6.981	  34.281	  75.626
181	 -46.598	5	   4.970	  33.119	 -31.554
182	 -45.187	3	  -0.538	  38.311	  48.948
183	 -41.015	4	 -16.757	  48.093	  -3.591
184	 -40.955	2	   0.323	  38.367	  -3.815
185	 -40.288	4	 -28.484	  34.303	 -30.075
186	 -40.284	4	  17.142	  53.103	  87.179
187	 -39.867	4	  37.538	  42.918	  45.756
188	 -39.069	3	   8.631	  51.319	  32.668
189	 -38.994	4	 -18.645	  49.620	 -41.616
190	 -36.931	4	  37.991	  39.320	  52.414
191	 -34.733	3	 -10.107	  50.256	  12.298
192	 -34.005	2	  -4.009	  62.807	   8.149
193	 -33.058	3	   1.596	  20.319	  11.951
194	 -31.415	2	  -7.630	  53.319	  -6.339
195	 -31.349	3	 -19.718	  41.516	 -40.630
196	 -30.626	3	 -13.101	  62.610	  25.661
197	 -30.272	3	  25.684	  29.319	  38.025
198	 -29.992	3	 -18.009	  39.363	  -4.383
199	 -29.958	2	  -2.517	  45.319	  12.169
200	 -29.710	3	 -34.409	  38.319	 -26.939
201	 -29.700	2	  15.511	  56.799	  41.141
202	 -28.817	3	  38.342	  43.983	  33.989
203	 -28.795	3	  11.991	  49.368	  10.592
204	 -28.745	3	 -19.030	  38.076	  23.661
205	 -27.881	3	 -17.321	  63.319	 -24.708
206	 -27.790	2	 -15.576	  56.752	   4.661
207	 -24.256	2	   2.362	  45.319	  33.290
208	 -20.669	2	   3.991	  25.887	  29.661
209	 -20.065	2	  17.991	  39.391	  49.197
210	 -20.052	2	 -22.493	  76.319	  -1.339
211	 -19.996	2	   4.521	  47.319	  88.661
212	 -19.780	2	  -5.009	  42.810	  70.661
213	 -19.709	2	  -7.084	  51.856	   2.198
214	 -19.249	2	 -28.874	  70.386	  -1.474
215	 -19.183	2	  34.991	  45.817	  26.661
216	 -18.899	2	  22.991	  28.319	  48.152
217	 -18.750	1	   7.991	  53.319	  51.661
218	 -18.272	2	  -1.508	  65.319	 -26.838
219	 -15.120	1	  -7.009	  45.319	 -25.339
220	 -13.812	1	   3.991	  63.319	  36.661
221	 -10.312	1	  -4.009	  26.319	  15.661
222	 -10.266	1	   7.991	  45.319	  72.661
223	 -10.197	1	  -8.009	  24.319	 -26.339
224	  -9.966	1	  -2.009	  58.319	  78.661
225	  -9.933	1	 -29.009	  37.319	 -20.339
226	  -9.612	1	  28.991	  37.319	  65.661
227	  -9.501	1	   0.991	  65.319	  72.661
228	  -9.402	1	  11.991	  36.319	  14.661
229	  -9.366	1	  10.991	  25.319	  72.661
230	  -9.246	1	  -4.009	  47.319	 -43.339
231	  -9.138	1	  -9.009	  36.319	  66.661
232	  -9.025	1	  35.991	  38.319	  70.661
233	  -8.903	1	   7.991	  52.319	  42.661
