1	-1487.480	130	  52.363	  85.158	  39.440
2	-1367.015	120	   7.763	 105.359	  32.838
3	-1286.616	115	  21.668	  91.433	  19.322
4	-1268.443	112	  13.515	  99.167	  28.406
5	-1258.016	111	  48.574	  93.535	  35.921
6	-1048.875	93	  45.151	 105.128	  29.469
7	-784.264	65	  32.103	  99.203	  28.433
8	-644.348	55	  27.349	  79.688	  43.852
9	-628.667	58	  31.820	  93.206	  23.608
10	-579.137	53	  30.110	  82.789	  18.438
11	-568.868	50	  57.158	  65.629	  39.260
12	-519.737	44	  27.327	 105.862	  50.383
13	-516.905	45	  56.044	  89.994	  33.673
14	-512.325	44	  49.936	  97.728	  21.968
15	-507.919	46	  36.102	 113.774	  28.350
16	-506.817	45	   0.890	 122.833	  39.641
17	-485.379	41	  36.192	  98.022	  50.091
18	-465.073	40	   7.225	 104.804	  24.424
19	-455.438	36	  13.438	  96.632	  54.796
20	-442.144	38	  18.691	  87.288	  42.453
21	-427.508	41	   7.526	  91.032	  37.441
22	-387.169	37	  48.088	  95.604	  49.441
23	-337.616	31	  48.267	  74.569	  53.784
24	-336.550	29	  22.495	  75.230	  30.512
25	-315.801	29	  37.538	 104.986	  25.767
26	-303.420	26	  36.290	  83.003	  57.977
27	-301.880	28	   3.927	 107.210	  50.954
28	-298.635	29	  57.315	  89.396	  16.599
29	-293.693	26	  10.852	  92.225	  14.793
30	-292.052	27	  43.513	  79.328	  58.007
31	-291.520	25	  47.700	 102.618	  43.941
32	-279.111	23	  16.380	 101.385	  13.977
33	-265.766	25	  14.422	 112.643	  11.355
34	-261.337	25	  36.547	  72.383	  27.820
35	-260.012	21	  29.731	  70.031	  35.324
36	-259.261	23	  28.972	 117.408	  47.379
37	-252.304	24	  17.822	 110.255	  56.099
38	-251.402	22	  37.476	 114.135	  44.633
39	-246.382	22	  23.261	 103.269	  16.505
40	-243.408	23	   6.197	 100.088	  53.593
41	-230.115	19	  12.157	  87.239	  29.949
42	-230.019	22	  24.803	 120.467	  38.125
43	-223.339	20	  52.344	  74.047	  27.962
44	-219.811	21	  45.398	  63.121	  40.448
45	-213.199	20	  23.278	  91.041	  48.775
46	-211.630	19	  57.718	 105.416	  31.135
47	-203.602	19	  33.173	  71.451	  49.752
48	-201.931	18	   2.728	 116.108	  45.929
49	-194.742	18	  12.874	 120.724	  29.554
50	-184.995	18	  45.444	 111.442	  43.787
51	-180.424	18	   8.942	  83.662	  24.170
52	-179.949	16	  44.763	 117.552	  36.979
53	-168.054	15	  51.934	  68.783	  46.008
54	-167.476	17	  46.999	  81.554	  22.582
55	-161.633	14	  39.665	  66.133	  35.784
56	-160.930	15	  19.961	  76.778	  20.135
57	-159.690	16	  18.700	 116.178	  24.295
58	-158.983	16	   1.900	 115.373	  29.224
59	-157.712	15	   6.216	 101.119	  11.921
60	-154.466	14	  51.149	  81.186	  60.874
61	-154.069	10	  33.294	 107.096	  45.094
62	-148.506	15	  -5.811	 106.747	  45.307
63	-145.357	14	   8.705	  89.736	  55.940
64	-144.805	13	  32.031	  91.872	  51.085
65	-143.549	13	  -1.185	  98.881	  51.313
66	-141.264	14	  14.938	  78.657	  27.171
67	-139.551	14	  54.540	  90.515	  57.693
68	-138.287	13	  53.786	 107.258	  41.885
69	-135.959	14	  60.145	  77.977	  55.776
70	-134.077	13	   9.957	 124.724	  44.147
71	-130.170	12	  22.434	  99.825	  53.310
72	-123.878	12	  63.665	  98.551	  26.430
73	-119.051	12	  58.833	  65.052	  29.553
74	-117.165	11	  39.056	  88.073	  63.814
75	-112.974	12	  66.137	  74.736	  35.802
76	-112.540	11	  59.275	  78.103	  33.184
77	-109.325	11	  36.299	  64.223	  47.671
78	-105.817	9	  -7.720	 114.650	  37.937
79	-105.634	7	  24.539	  80.892	  35.936
80	-105.509	10	  14.001	  83.244	  16.875
81	-102.352	10	  58.367	  86.140	  47.393
82	 -93.836	9	  -0.956	 100.742	  35.801
83	 -92.510	9	   6.496	  87.370	  44.747
84	 -92.283	8	  51.632	 112.652	  34.894
85	 -90.368	9	  18.532	 122.209	  45.793
86	 -90.119	8	  64.707	  72.927	  47.120
87	 -85.935	9	   1.116	  99.250	  24.061
88	 -74.736	7	  55.719	  96.118	  45.363
89	 -72.574	7	  15.984	 118.659	  55.991
90	 -71.201	7	   9.606	 118.140	  21.234
91	 -70.307	7	  44.625	  95.136	  57.696
92	 -66.913	4	  29.731	  95.056	  37.396
93	 -65.920	6	  27.421	  74.431	  22.668
94	 -62.967	6	   3.003	  93.674	  30.368
95	 -61.776	6	  29.529	  80.639	  52.387
96	 -61.077	6	  63.106	  91.434	  30.668
97	 -60.168	6	  36.131	 119.470	  35.883
98	 -59.078	6	  65.334	  64.625	  38.195
99	 -58.773	6	  40.461	  94.542	  20.962
100	 -57.883	6	  62.194	  95.150	  38.174
101	 -54.070	5	  24.421	  80.924	  11.396
102	 -51.718	5	   3.380	 109.406	  16.400
103	 -51.423	5	   0.003	  92.132	  40.802
104	 -48.202	5	  45.600	 119.126	  26.997
105	 -47.991	5	  57.763	  79.356	  24.737
106	 -43.204	4	  -5.791	 121.941	  29.190
107	 -40.772	4	  23.862	 111.781	  21.213
108	 -39.474	4	   5.997	 127.383	  29.890
109	 -30.507	3	  27.003	 115.799	  29.075
110	 -30.441	3	   3.610	  94.444	  14.480
111	 -28.833	3	  46.691	  88.778	  19.396
112	 -28.263	3	  -2.533	  90.748	  49.437
113	 -27.478	3	  41.673	  65.775	  52.375
114	 -22.487	2	  39.003	  80.136	  22.929
115	 -20.115	2	  14.558	  82.136	  35.396
116	 -19.820	2	   8.003	 119.136	  52.877
117	 -18.769	2	   2.003	  90.645	  21.905
118	 -11.415	1	  26.003	  90.136	  30.396
119	 -10.737	1	  64.003	  85.136	  25.396
120	 -10.319	1	  61.003	  85.136	  56.396
121	 -10.142	1	  45.003	  71.136	  27.396
122	 -10.009	1	  -7.997	  98.136	  41.396
123	  -9.827	1	  42.003	 105.136	  49.396
124	  -9.088	1	  45.003	 111.136	  23.396
