1	-933.291	83	  41.336	  29.955	  34.200
2	-814.190	60	  35.849	  42.435	  32.666
3	-786.139	73	  47.198	  10.565	  56.143
4	-782.472	72	  33.461	   5.345	  28.176
5	-655.305	60	  34.926	  52.300	  13.815
6	-617.382	48	  59.531	  14.519	  50.670
7	-617.368	55	  28.042	  15.362	  43.457
8	-585.530	46	  31.328	  32.060	   9.558
9	-562.653	49	  36.494	  15.446	  10.992
10	-532.441	46	  29.144	  43.902	  36.990
11	-527.619	49	  51.973	   1.002	  35.199
12	-502.913	46	  61.071	  18.037	  25.029
13	-494.435	41	  33.239	  38.335	  53.738
14	-492.598	42	  25.002	  29.054	  13.092
15	-482.389	44	  32.162	  -5.972	  39.775
16	-476.275	40	  49.019	  32.178	  28.763
17	-460.499	43	  41.879	  -1.092	  30.006
18	-458.702	39	  39.023	  36.498	  37.419
19	-451.804	42	  23.066	  48.576	  18.513
20	-423.965	29	  45.025	  38.165	  16.254
21	-411.995	38	  56.585	  28.304	  25.849
22	-391.277	36	  43.539	  32.339	  61.962
23	-387.687	25	  52.082	  19.875	  26.819
24	-375.592	35	  58.984	  32.505	  19.320
25	-372.475	34	  36.592	  55.075	  29.181
26	-367.852	32	  60.966	   6.676	  45.936
27	-367.255	32	  30.330	  19.075	  51.197
28	-341.286	32	  20.665	  40.967	  35.224
29	-340.327	32	  47.321	  26.881	  36.341
30	-319.594	30	  40.400	  23.809	  63.025
31	-319.546	29	  27.314	  13.924	  11.822
32	-312.950	30	  48.118	  -7.924	  45.636
33	-306.363	29	  54.861	  42.609	  17.104
34	-304.244	29	  22.245	  28.331	  44.684
35	-297.488	24	  47.107	  24.664	  57.776
36	-292.259	24	  56.327	  22.906	  41.784
37	-286.634	27	  24.428	  14.285	  20.080
38	-283.511	25	  47.990	  52.083	  23.811
39	-269.135	26	  42.651	  32.630	   1.741
40	-265.160	22	  31.966	  10.855	  22.116
41	-264.555	23	  49.957	  18.521	   8.190
42	-259.814	25	  37.391	  -5.502	  53.107
43	-251.341	22	  48.207	  10.672	  16.370
44	-249.782	22	  52.374	   5.322	  21.380
45	-233.561	22	  53.856	  42.612	   5.447
46	-231.640	21	  53.021	  40.836	  57.799
47	-230.325	22	  40.540	  46.570	   3.317
48	-221.419	21	  22.700	  50.228	  31.178
49	-220.812	21	  55.000	  23.823	   5.617
50	-210.629	20	  37.890	   5.172	  56.298
51	-205.988	20	  17.681	  44.282	  22.792
52	-199.724	20	  22.709	  12.389	  33.919
53	-198.730	19	  43.469	  44.824	  59.594
54	-184.359	17	  29.540	  21.892	   4.597
55	-179.994	17	  27.757	  57.298	  24.736
56	-168.501	16	  57.992	   3.732	  54.652
57	-167.239	15	  52.673	  31.458	   3.579
58	-164.655	16	  19.113	  27.623	  20.165
59	-159.867	15	  18.036	  28.910	  35.533
60	-157.930	11	  47.762	  16.410	  50.422
61	-155.255	14	  61.114	  16.441	  34.912
62	-154.156	15	  19.647	  20.126	  34.772
63	-151.887	15	  56.243	  -3.075	  43.054
64	-150.068	12	  22.251	  20.887	  26.489
65	-146.841	15	  61.682	  14.374	  58.575
66	-142.288	14	  29.500	  30.090	  60.789
67	-140.803	13	  41.047	  44.199	  49.896
68	-136.207	13	  32.236	   0.912	  47.261
69	-134.144	13	  45.016	  41.704	  -1.334
70	-133.963	13	  26.636	  31.550	  54.526
71	-133.417	12	  42.456	  20.195	   5.506
72	-131.443	12	  14.454	  37.953	  29.910
73	-119.333	11	  59.589	  33.061	  10.007
74	-112.950	11	  49.803	  -2.523	  56.058
75	-109.695	11	  54.079	  29.512	  56.258
76	-106.232	10	  49.378	  43.976	  48.719
77	-105.811	10	  64.863	  22.253	  15.801
78	-103.315	10	  31.253	  17.155	  58.182
79	-102.476	10	  26.676	   7.162	  46.320
80	 -99.163	10	  23.529	  50.158	  11.677
81	 -89.615	9	  17.315	  39.266	  15.636
82	 -88.616	8	  31.032	  45.174	  47.303
83	 -83.727	8	  53.982	  34.952	  48.009
84	 -81.936	8	  50.620	  18.893	  61.859
85	 -78.942	8	  44.477	   5.069	  20.048
86	 -78.867	5	  40.622	  18.687	  19.389
87	 -69.888	7	  65.020	   9.007	  33.585
88	 -62.094	6	  60.396	   5.477	  21.891
89	 -57.494	6	  48.899	  49.645	  -1.093
90	 -54.710	6	  54.929	  49.244	   9.553
91	 -53.250	5	  46.053	  38.631	  43.188
92	 -51.539	4	  58.362	  18.501	  11.627
93	 -50.100	5	  53.662	  44.674	  26.874
94	 -50.027	5	  59.135	  10.432	  15.690
95	 -48.936	4	  46.012	  11.311	  25.417
96	 -48.771	5	  34.173	  58.685	  19.863
97	 -45.892	4	  47.256	  43.318	  31.204
98	 -40.537	3	  49.400	  19.268	  34.357
99	 -39.768	4	  61.222	  21.764	  52.320
100	 -39.277	4	  35.995	  12.017	  61.288
101	 -38.847	4	  23.752	   4.986	  37.597
102	 -38.454	4	  29.354	  46.949	   5.583
103	 -37.317	4	  28.472	  -1.211	  31.330
104	 -34.714	3	  39.752	  38.548	  26.466
105	 -31.846	3	  36.337	  -4.375	  32.601
106	 -28.199	3	  36.092	  39.938	  65.720
107	 -27.934	3	  46.019	  52.564	  34.050
108	 -18.716	2	  43.234	  58.772	  20.539
109	 -18.482	2	  26.722	  37.238	   7.572
110	 -18.283	2	  11.752	  33.777	  20.541
111	 -18.097	2	  63.752	   1.775	  30.050
112	 -15.830	1	  38.752	  17.268	  38.050
113	  -9.943	1	  34.752	  12.268	  49.050
114	  -9.290	1	  29.752	   5.268	  54.050
