1	-615.942	53	   3.447	  30.147	   0.401
2	-527.496	46	  17.129	  19.421	  -2.233
3	-450.491	37	  22.487	  27.139	   7.061
4	-429.647	38	  -2.213	  54.709	   4.725
5	-418.319	37	  20.910	  36.285	  10.408
6	-417.908	37	  23.559	  45.430	  -4.649
7	-378.556	34	  15.294	  43.746	  13.090
8	-367.820	32	  24.735	  32.666	  -5.098
9	-342.903	30	   5.479	  38.480	 -15.736
10	-341.242	31	  -1.932	  26.597	  -9.960
11	-319.860	31	   1.435	  33.062	   7.253
12	-319.366	28	   9.533	  49.595	   9.819
13	-285.755	23	  11.825	  31.817	  19.155
14	-266.977	25	  10.645	  55.037	  -5.400
15	-264.963	26	   1.790	  24.689	  14.406
16	-260.717	24	   2.281	  39.331	  13.256
17	-258.994	24	   2.565	  54.732	 -10.455
18	-248.490	23	  21.244	  46.668	   3.760
19	-248.195	24	  10.388	   9.271	  11.304
20	-247.224	23	  22.171	  42.761	 -16.858
21	-224.702	21	   4.505	  17.934	   1.094
22	-167.333	16	  -6.182	  39.510	 -12.518
23	-159.437	15	   9.221	  22.790	 -15.300
24	-152.285	13	  22.648	  20.188	  10.111
25	-146.382	13	  22.075	  24.220	  -4.303
26	-129.265	13	  18.219	  17.874	  19.699
27	-114.788	12	   9.878	  13.178	  20.152
28	-105.058	10	  16.232	  11.012	   5.219
29	-103.956	10	  -8.925	  37.106	  -4.562
30	 -96.887	10	   7.688	  54.925	   4.712
31	 -94.264	9	   3.343	  47.526	 -17.260
32	 -92.040	9	  11.584	  30.278	 -19.918
33	 -88.652	9	  23.041	  32.781	 -17.387
34	 -87.804	9	  16.231	  23.151	 -12.532
35	 -87.171	8	  19.397	  11.995	  13.298
36	 -83.646	8	   1.797	  61.353	   1.690
37	 -70.808	7	  -9.273	  45.979	  -4.750
38	 -61.717	6	  12.929	  47.379	 -18.276
39	 -60.170	6	  12.897	  39.511	 -19.177
40	 -51.610	4	  -5.605	  47.116	   3.830
41	 -39.956	4	  -4.841	  43.425	  11.830
42	 -37.480	4	  -7.563	  52.830	  -2.371
43	 -31.629	3	   7.392	   9.807	  -2.170
44	 -30.066	3	  18.310	  50.804	  -6.310
45	 -29.279	3	   1.680	  53.116	  13.830
46	 -29.125	3	  22.036	  30.072	  17.493
47	 -28.626	3	   9.426	  21.494	  19.500
48	 -19.903	2	  -1.301	  27.645	 -17.170
49	  -9.677	1	   2.699	  34.116	  18.830
50	  -9.163	1	  -4.301	  62.116	  -3.170
