1	-1122.877	96	  32.451	   2.389	  33.211
2	-816.587	73	  32.886	   2.893	  43.869
3	-805.921	70	  26.938	   1.449	  51.871
4	-804.731	59	  28.915	  -8.927	  44.674
5	-659.357	54	  26.765	  -2.561	  59.074
6	-381.395	36	  40.596	  18.406	  38.227
7	-371.223	34	   6.988	   2.421	  44.569
8	-363.138	34	  14.236	  -1.037	  70.832
9	-357.967	33	  45.727	   6.295	  24.669
10	-336.040	31	  51.595	  -3.120	  49.743
11	-334.312	31	  21.414	  13.296	  63.755
12	-306.536	28	  22.486	  -3.324	  35.453
13	-288.485	29	  31.109	  13.514	  51.250
14	-257.503	23	  36.158	  -9.071	  55.042
15	-249.388	24	  53.095	 -13.158	  42.208
16	-242.668	22	  27.133	   9.361	  59.941
17	-229.158	21	   5.249	  -2.566	  67.555
18	-226.279	22	  47.782	   6.794	  53.706
19	-223.623	22	  25.159	 -16.409	  59.876
20	-217.833	20	  57.592	  -9.427	  34.070
21	-206.922	20	   7.266	 -14.542	  56.029
22	-195.901	18	  34.479	  13.569	  40.089
23	-184.856	17	  13.617	  12.833	  45.720
24	-179.530	18	  37.224	   1.485	  55.696
25	-164.920	15	   8.596	  18.627	  62.234
26	-164.897	16	  31.029	  -8.407	  28.057
27	-164.074	17	  23.465	   7.886	  41.856
28	-157.865	15	  59.616	   3.598	  42.098
29	-153.955	14	  49.055	 -13.425	  32.401
30	-143.840	14	   6.091	 -10.416	  44.473
31	-141.497	14	  54.663	  19.261	  40.862
32	-137.728	14	  26.420	  -7.269	  65.877
33	-127.271	11	  41.428	  13.277	  32.157
34	-126.596	12	  55.127	   3.153	  26.853
35	-123.123	12	  21.553	  19.101	  55.671
36	-116.904	11	   0.177	  -7.788	  50.567
37	-116.496	11	  38.986	  -4.717	  22.062
38	-107.013	11	  55.439	  -6.304	  26.696
39	-106.097	10	  13.250	  -6.150	  41.255
40	-105.509	10	  44.068	  17.457	  50.847
41	-104.014	11	  32.589	 -14.495	  37.208
42	-102.644	9	  36.157	 -11.528	  47.883
43	-100.344	10	  25.190	 -15.808	  49.073
44	 -97.463	9	   3.012	   9.766	  62.191
45	 -90.855	9	  58.276	  10.552	  36.155
46	 -88.525	9	   9.531	 -18.151	  49.410
47	 -82.183	7	  18.504	   6.246	  68.061
48	 -79.454	8	   0.714	   5.911	  53.547
49	 -66.055	6	  45.511	  -9.919	  48.103
50	 -62.748	6	  38.822	  20.130	  46.815
51	 -58.575	6	  17.714	 -12.985	  68.641
52	 -57.921	6	  43.197	 -18.338	  38.436
53	 -47.759	5	  53.707	  13.493	  49.520
54	 -41.286	4	  23.735	  15.893	  48.082
55	 -39.729	4	   6.238	  15.249	  51.054
56	 -39.016	4	  38.503	  10.821	  54.147
57	 -38.152	4	  21.992	 -11.168	  40.146
58	 -28.557	3	  51.940	  13.786	  30.105
59	 -27.750	3	  14.034	  13.828	  69.147
60	 -21.435	2	  12.518	  19.398	  54.600
61	 -19.738	2	  47.704	  18.971	  33.147
62	 -19.458	2	  11.705	 -16.009	  64.147
63	 -19.170	2	  10.199	   6.481	  69.652
64	  -9.799	1	  49.704	   0.491	  19.147
65	  -9.615	1	  -1.296	  -8.509	  61.147
