1	-1208.023	102	 -21.958	 -73.336	   4.296
2	-1128.660	88	 -19.603	 -58.051	   6.017
3	-1041.583	82	 -17.735	 -42.227	   4.573
4	-763.352	63	 -21.925	 -83.356	  -2.282
5	-726.188	59	 -18.900	 -32.193	  -2.261
6	-641.957	44	 -22.648	 -51.374	 -10.941
7	-636.098	58	 -18.738	 -28.001	   8.139
8	-635.202	55	 -19.446	 -31.507	 -18.159
9	-628.376	55	 -32.193	 -90.146	  -9.791
10	-605.168	40	 -20.927	 -57.454	  -2.942
11	-602.440	42	 -22.144	 -63.721	 -11.373
12	-601.857	54	  -9.163	 -26.709	 -12.832
13	-592.994	52	 -34.920	 -53.259	  -5.555
14	-543.690	45	  -9.373	 -60.321	 -10.350
15	-499.556	44	  -7.764	 -94.198	 -15.565
16	-495.296	44	 -17.681	 -40.433	  -4.271
17	-479.422	43	 -30.900	 -35.513	   2.683
18	-458.584	42	 -10.280	 -31.652	  -6.692
19	-408.323	37	 -31.618	 -85.398	  -2.849
20	-407.970	37	 -25.982	 -84.128	 -18.054
21	-381.458	34	 -13.424	-104.677	  -3.086
22	-367.126	34	  -3.662	 -16.818	  -6.336
23	-364.221	35	 -16.258	 -87.538	   6.554
24	-352.485	34	 -31.608	 -49.011	 -20.862
25	-338.376	22	 -17.786	 -94.635	  -7.736
26	-333.221	30	 -22.636	 -10.850	   1.596
27	-297.343	27	 -35.338	 -22.663	 -11.931
28	-280.847	26	 -31.290	 -27.616	 -21.315
29	-270.445	26	 -15.679	 -56.117	 -20.646
30	-265.455	25	 -31.508	 -58.012	 -17.378
31	-260.360	24	 -22.963	-109.913	  -0.615
32	-251.744	23	 -33.635	 -15.560	  -9.749
33	-250.004	24	 -16.711	 -66.512	 -23.931
34	-249.599	23	 -31.159	 -40.680	 -21.641
35	-247.107	22	 -10.044	 -51.390	 -15.940
36	-244.775	23	 -34.480	 -18.041	 -18.129
37	-243.685	24	  -5.384	 -89.164	   0.518
38	-242.222	23	 -34.904	-101.779	  -7.112
39	-241.540	21	 -10.384	 -48.074	   2.420
40	-230.567	22	 -24.958	 -35.848	 -21.419
41	-227.632	22	 -25.307	 -91.423	   9.400
42	-225.371	20	  -4.388	 -16.335	   1.960
43	-224.535	22	  -9.901	 -95.119	 -23.061
44	-219.100	21	 -29.047	 -11.385	  -2.918
45	-218.353	19	 -30.044	 -67.770	   4.711
46	-215.431	20	 -13.606	 -85.358	 -22.635
47	-210.886	20	 -10.634	 -10.051	   7.747
48	-208.092	20	  -8.776	 -77.907	   3.245
49	-202.115	19	 -23.464	 -74.979	  -5.309
50	-201.371	19	 -34.115	 -92.318	   7.784
51	-194.650	18	 -11.348	 -42.361	  -8.131
52	-193.685	17	 -34.994	 -63.436	 -13.009
53	-190.766	18	 -16.201	 -73.673	 -24.149
54	-184.452	19	 -22.001	 -18.249	 -22.579
55	-184.312	18	 -32.025	 -72.851	  -5.362
56	-183.470	13	 -22.632	 -20.857	  -6.070
57	-182.920	18	 -34.490	-101.234	   3.250
58	-181.361	18	 -32.298	 -24.502	   5.876
59	-176.826	17	 -23.143	 -78.819	 -22.550
60	-173.565	15	 -36.140	 -38.988	 -12.904
61	-172.143	17	  -6.788	 -70.911	  -9.570
62	-170.563	16	  -8.903	 -80.071	  -6.153
63	-169.081	17	 -36.477	 -44.334	  -4.581
64	-163.846	16	 -35.025	 -22.961	  -3.000
65	-162.720	15	 -18.232	  -9.945	 -13.198
66	-161.278	16	 -17.457	 -98.299	   9.784
67	-157.625	16	 -21.226	 -98.867	 -22.220
68	-153.287	14	 -22.214	-106.331	 -12.921
69	-152.849	14	 -24.193	 -18.566	   7.494
70	-149.455	14	 -16.122	 -18.783	  10.826
71	-148.743	15	  -9.168	 -76.942	 -19.000
72	-146.188	14	 -23.927	-107.921	   6.890
73	-146.142	14	 -14.217	 -64.041	  11.752
74	-144.890	14	  -7.547	 -56.475	  -4.051
75	-141.379	14	  -7.190	-101.564	  -6.585
76	-140.754	14	 -30.474	 -43.156	  11.092
77	-137.906	14	 -34.341	 -59.049	  -1.947
78	-136.936	13	 -22.605	 -50.942	  13.260
79	-129.295	13	  -6.966	 -70.324	   6.119
80	-127.889	12	 -22.709	 -61.746	 -22.897
81	-125.228	12	  -5.507	 -26.933	   5.264
82	-119.480	11	  -6.057	 -64.984	  -4.531
83	-118.101	12	  -9.182	 -36.258	   6.360
84	-115.307	12	 -32.980	 -32.981	  -8.245
85	-112.946	11	 -10.019	 -23.045	 -24.338
86	-111.965	11	 -18.447	 -88.913	 -27.170
87	-111.513	10	 -13.418	  -6.557	   0.608
88	-110.861	11	 -10.118	 -97.131	   3.593
89	-110.687	11	 -35.805	 -93.328	 -21.177
90	-102.592	9	 -12.211	 -81.473	 -12.617
91	-101.161	10	  -6.448	 -20.100	  10.000
92	-100.861	10	 -10.118	 -57.595	   5.596
93	 -94.545	9	  -5.342	 -90.686	  -6.867
94	 -92.779	9	 -30.147	 -75.885	 -17.678
95	 -91.834	9	 -18.335	 -78.063	  14.834
96	 -90.613	9	 -31.564	 -67.389	 -22.480
97	 -80.388	8	  -7.122	  -8.139	  -6.687
98	 -66.539	6	   2.176	 -25.935	  -4.625
99	 -61.516	6	 -16.503	-103.110	 -15.906
100	 -61.331	6	 -16.079	 -38.499	 -17.980
101	 -59.278	6	 -29.662	 -81.386	   8.696
102	 -53.868	3	 -30.468	 -94.074	  -0.292
103	 -51.042	5	 -29.786	 -58.524	   8.082
104	 -50.374	5	 -19.090	 -24.607	 -25.901
105	 -49.124	5	 -22.107	 -41.623	  16.910
106	 -48.749	5	 -36.918	 -42.547	   5.831
107	 -46.441	5	 -40.734	 -49.205	 -13.277
108	 -41.465	4	 -40.734	 -93.291	   0.967
109	 -41.372	3	  -8.221	 -22.808	  -3.288
110	 -40.018	4	 -25.297	 -12.894	 -16.710
111	 -38.787	4	 -16.598	 -36.404	  14.910
112	 -37.960	4	 -16.280	 -13.325	 -19.849
113	 -37.903	4	 -14.915	 -47.297	 -24.034
114	 -32.968	3	  -3.079	 -72.831	  -0.113
115	 -31.211	3	  -6.125	 -48.808	  -8.412
116	 -30.102	3	 -27.751	-111.410	 -12.641
117	 -30.101	3	 -10.180	  -7.075	 -16.407
118	 -27.770	3	 -28.410	-101.820	 -20.078
119	 -22.732	2	 -20.734	 -34.808	 -11.563
120	 -21.259	2	 -20.734	 -84.808	  11.419
121	 -19.294	2	 -23.734	 -80.808	 -11.620
122	 -19.150	2	 -37.731	 -98.313	 -14.090
123	 -18.613	2	 -27.249	 -33.838	  10.910
124	 -18.457	2	  -5.722	 -63.820	 -18.067
125	 -11.075	1	  -5.734	 -17.808	 -14.090
126	  -9.317	1	 -36.734	 -65.808	  -4.090
127	  -9.263	1	 -25.734	 -92.808	 -26.090
128	  -8.908	1	 -31.734	-108.808	  -3.090
