1	-1566.189	149	  10.620	  25.566	   5.588
2	-1058.830	93	  17.335	  19.702	   6.325
3	-393.404	35	   3.605	  39.964	  21.182
4	-366.170	31	  21.532	   7.445	 -10.956
5	-364.063	34	  11.175	  37.344	  -6.263
6	-325.567	30	  30.263	  30.056	   6.013
7	-312.993	30	  27.539	  25.936	 -13.722
8	-284.772	27	  15.942	  41.179	  22.894
9	-258.154	25	  12.893	  19.065	  17.183
10	-257.307	23	   8.207	  38.692	   4.796
11	-249.693	24	  19.689	  46.821	   9.806
12	-236.047	22	   4.729	  17.204	   3.922
13	-219.993	18	  30.067	  28.485	  -5.024
14	-213.857	19	   6.085	  24.887	  -6.948
15	-207.900	20	  18.052	  16.382	 -17.907
16	-188.871	16	  16.486	  44.990	   2.691
17	-165.914	14	  26.214	  39.385	  17.511
18	-160.603	14	  26.917	  20.730	  -0.237
19	-157.179	12	  15.283	  28.096	 -17.288
20	-152.330	14	   7.953	   9.763	  -1.982
21	-144.115	14	  21.430	  25.443	  17.588
22	-132.550	13	  27.722	  36.131	  -8.154
23	-126.804	11	   4.872	  24.114	  21.796
24	-118.999	12	   7.610	  30.225	  27.433
25	-116.477	11	  25.463	  43.601	   0.301
26	-114.677	11	   8.637	  42.971	  10.465
27	-113.786	11	  -1.990	  33.147	  24.582
28	-110.988	11	  15.447	  35.095	  28.392
29	-100.647	9	  15.854	   1.168	  -6.154
30	 -98.643	10	   3.873	  17.897	  -4.830
31	 -89.621	9	   6.444	  14.222	  12.035
32	 -85.914	8	  27.993	  31.424	  15.915
33	 -84.060	9	  11.189	   6.498	 -12.197
34	 -80.302	8	  26.899	  14.783	  -8.546
35	 -73.187	7	  10.780	  13.698	 -16.948
36	 -67.879	7	  11.687	  32.945	 -11.778
37	 -51.677	5	  16.469	  26.171	  23.797
38	 -50.796	5	   0.662	  34.086	  12.610
39	 -50.496	5	  20.621	   6.460	   2.420
40	 -29.419	3	  28.644	  42.869	  10.875
41	 -28.785	3	   6.680	  25.707	 -15.324
42	 -27.681	3	  -2.679	  26.257	  15.611
43	 -20.008	2	  23.644	  13.767	  -1.392
44	 -10.053	1	  21.644	  33.260	 -17.392
45	  -9.154	1	  19.644	  11.260	   8.608
