1	-1189.790	108	 -17.009	  43.050	  93.663
2	-1146.160	105	   1.700	  76.817	  62.858
3	-1095.710	93	  -8.162	  51.364	  77.221
4	-904.232	78	  -1.282	  61.816	  70.905
5	-866.849	72	  -3.249	  86.902	  70.653
6	-805.529	67	 -28.176	  55.276	  56.348
7	-805.015	67	  17.482	  61.144	  93.389
8	-804.824	67	 -24.433	  78.854	  53.002
9	-768.797	62	   1.483	  56.215	 110.424
10	-706.107	64	  -2.662	  45.005	 109.084
11	-698.425	66	 -19.458	  50.317	  88.520
12	-695.461	63	  -9.647	  76.049	  66.194
13	-689.034	68	 -14.850	  38.455	  88.761
14	-687.210	61	   1.235	  61.392	  84.172
15	-683.120	63	  15.350	  71.824	  88.699
16	-669.405	62	   8.257	  89.427	  66.920
17	-662.713	61	 -14.789	  59.584	  70.364
18	-646.912	58	 -29.476	  51.141	  67.033
19	-625.753	56	 -13.774	  80.983	  47.911
20	-612.746	50	 -23.138	  54.446	  96.756
21	-600.206	56	   8.233	  80.190	  45.129
22	-592.658	53	 -29.724	  38.881	 112.364
23	-590.042	53	 -24.141	  42.022	  60.994
24	-571.025	51	 -35.066	  54.478	  89.717
25	-570.854	53	  -7.193	  55.116	  94.511
26	-564.643	51	  -6.910	  84.333	  80.354
27	-562.974	48	 -20.486	  91.878	  56.711
28	-557.558	49	 -16.156	  66.714	  60.943
29	-548.386	50	   1.933	 102.277	  54.424
30	-541.326	48	 -19.728	  56.844	  81.317
31	-532.975	49	   6.224	  84.161	  60.378
32	-527.587	45	 -12.607	  55.332	 117.484
33	-516.671	49	  -3.588	  68.823	  93.351
34	-513.499	49	  -1.378	  46.941	  89.209
35	-506.057	47	  -6.617	  51.441	  56.844
36	-502.115	44	 -12.503	  71.052	 103.507
37	-492.335	46	  -1.280	  50.495	  80.573
38	-486.883	47	 -29.785	  41.338	  94.771
39	-485.443	47	  15.780	  58.421	 106.755
40	-473.718	43	   0.232	  78.152	  70.867
41	-454.579	39	   1.236	  60.688	  95.884
42	-452.013	41	  -0.955	  72.052	  77.724
43	-437.308	41	  -6.290	  65.881	  57.897
44	-436.483	41	 -32.037	  66.489	  49.174
45	-424.547	39	 -24.203	  35.433	  88.433
46	-422.385	36	  21.686	  61.282	  79.314
47	-421.578	40	  18.991	  87.562	  79.081
48	-416.927	40	 -14.969	  77.071	  75.386
49	-407.790	40	  19.305	  66.441	  84.604
50	-404.758	39	   0.308	  89.972	  39.149
51	-397.259	33	  -6.285	  73.469	  28.451
52	-395.935	38	 -22.724	  69.004	  74.468
53	-388.103	35	 -25.911	  61.104	  90.950
54	-366.034	31	 -19.506	  67.976	  67.430
55	-365.508	35	  10.806	  45.981	  80.404
56	-345.815	32	  -4.232	  59.695	  64.785
57	-345.360	31	  13.473	  81.614	  61.618
58	-336.774	31	  19.293	  76.107	  62.076
59	-335.986	30	 -52.763	  57.303	  76.693
60	-327.846	30	  -1.878	  17.504	  97.369
61	-324.554	32	 -25.741	  84.412	  74.056
62	-322.449	30	   7.812	  92.593	  81.541
63	-321.114	29	  -7.168	  95.022	  72.310
64	-318.535	27	 -16.609	  56.446	  56.304
65	-316.178	29	   4.960	  24.175	 111.373
66	-314.579	28	 -24.422	  78.131	  64.136
67	-314.375	30	 -12.513	  28.760	 111.707
68	-310.625	30	 -14.174	  64.121	  90.776
69	-310.300	27	  10.581	  33.429	 108.622
70	-307.414	30	   0.474	  55.857	  43.611
71	-306.000	27	  16.750	  84.203	 102.184
72	-304.434	27	  18.355	  93.339	  96.816
73	-303.653	28	  -8.280	  50.383	 111.795
74	-302.984	28	 -26.154	  70.004	  83.686
75	-302.699	30	   3.823	  96.433	  63.966
76	-301.281	27	  -7.557	  79.372	  90.531
77	-299.380	26	 -13.480	  30.059	  96.117
78	-295.618	28	  -3.213	  38.420	  85.677
79	-292.474	27	  10.507	  72.394	  33.394
80	-290.273	27	   3.624	 100.272	  91.429
81	-288.373	26	 -36.510	  53.998	  67.207
82	-286.655	27	 -16.152	  86.149	  52.178
83	-286.651	28	 -14.319	  56.731	  92.847
84	-285.800	25	   2.038	  88.028	  79.626
85	-284.383	26	  25.230	  68.031	 105.282
86	-283.904	27	 -47.146	  61.392	  91.716
87	-283.496	27	 -39.554	  42.843	  79.408
88	-279.621	25	 -12.733	  71.753	  32.653
89	-278.692	26	 -13.355	  33.621	  80.830
90	-278.022	25	  -6.836	  41.171	  73.462
91	-277.932	25	  10.116	  69.977	  44.481
92	-276.799	26	   2.289	  64.515	  54.296
93	-275.336	28	 -24.092	  62.585	 115.681
94	-272.959	24	  10.874	  53.028	  88.383
95	-271.627	23	  -3.855	  64.640	 104.450
96	-271.627	25	   7.543	  58.924	  64.347
97	-267.605	25	  -3.937	  92.176	  87.922
98	-267.019	24	 -35.367	  65.952	  91.926
99	-266.275	22	 -47.848	  62.950	  69.186
100	-263.448	26	  11.665	  41.208	  94.032
101	-262.507	25	 -36.408	  78.732	  82.372
102	-261.630	25	  -7.625	  85.938	 101.783
103	-258.510	25	   7.184	  37.820	 116.774
104	-245.973	23	 -23.587	  31.168	  80.718
105	-244.408	24	   3.904	  77.681	  55.603
106	-240.046	23	 -22.471	  27.686	 104.855
107	-238.417	20	   1.394	  54.408	  91.465
108	-237.352	21	 -32.066	  47.210	 106.876
109	-235.235	22	 -10.734	  58.701	  45.439
110	-231.937	22	 -29.101	  49.519	  94.275
111	-231.599	23	 -10.367	 108.021	  59.227
112	-226.452	19	  14.230	  91.703	 102.630
113	-223.946	21	 -10.573	  25.050	 101.157
114	-221.032	20	 -28.174	  58.697	 102.779
115	-211.187	21	   9.526	  73.446	  56.522
116	-211.142	20	  12.305	  18.617	 101.267
117	-210.200	20	   0.895	  65.215	  24.753
118	-204.033	20	 -18.898	  95.051	  45.739
119	-203.321	18	  -5.664	  26.182	  90.298
120	-200.559	19	 -46.512	  55.333	  61.027
121	-200.546	20	 -19.391	  27.125	  71.274
122	-200.519	20	  25.055	  66.397	  61.640
123	-199.294	19	 -34.359	  75.294	  70.009
124	-197.207	18	   1.171	  51.191	  65.151
125	-194.699	18	  13.889	  47.900	 117.249
126	-192.346	18	 -30.007	  51.862	 119.851
127	-192.075	18	 -28.911	  75.929	  37.164
128	-186.525	18	 -22.686	  96.094	  70.369
129	-185.880	18	  11.867	  33.148	  87.586
130	-184.697	18	 -34.137	  38.753	  63.732
131	-183.622	17	 -43.694	  58.840	  52.611
132	-183.392	18	  23.198	  85.191	  71.473
133	-182.223	19	 -22.415	  87.955	  47.249
134	-178.612	15	 -17.863	  67.312	  47.656
135	-178.604	16	 -23.524	  65.631	  60.082
136	-176.525	17	  -1.057	  98.561	  41.801
137	-170.498	16	   0.068	  75.910	 105.083
138	-169.262	16	  -0.505	  79.875	  79.630
139	-163.513	13	   8.613	  70.693	 100.555
140	-160.687	16	 -45.719	  49.491	  76.531
141	-160.379	16	  -9.273	  35.522	 116.888
142	-159.156	16	 -42.626	  69.062	  93.094
143	-158.264	14	  -2.094	 102.963	  63.986
144	-157.624	16	   9.701	  58.212	  99.086
145	-156.148	15	  10.324	  91.277	  47.193
146	-153.907	14	  19.953	  87.905	  88.297
147	-153.589	12	 -52.069	  64.752	  75.646
148	-151.677	12	  14.401	  28.946	  98.836
149	-150.134	13	 -32.856	  67.254	  63.963
150	-150.114	13	   7.811	  47.964	 100.457
151	-148.263	14	  18.638	  51.197	  70.990
152	-143.658	14	  -3.788	  29.708	 113.411
153	-143.137	14	  26.304	  73.809	  83.022
154	-142.174	14	  -9.976	  46.761	 122.568
155	-139.343	13	  -5.232	  84.497	  34.490
156	-137.474	13	 -15.831	  98.177	  75.998
157	-137.128	14	  12.790	  66.077	  57.965
158	-136.860	13	  24.394	  74.366	  92.642
159	-135.203	11	  10.731	  25.587	 106.242
160	-133.237	13	 -19.547	  32.112	 117.576
161	-131.561	13	  10.306	  53.401	 124.195
162	-128.540	10	 -48.297	  72.846	  74.825
163	-126.718	13	 -17.608	  61.420	 121.632
164	-126.177	13	  -1.079	  95.601	 108.175
165	-125.764	12	  31.742	  64.146	 100.762
166	-125.549	13	  26.764	  56.024	  73.689
167	-123.923	12	 -37.258	  35.790	  81.013
168	-121.676	12	   9.603	 100.858	 101.871
169	-119.875	12	   2.128	  55.543	  31.770
170	-119.119	11	 -55.552	  66.304	  85.360
171	-116.822	11	  -3.481	  19.368	 109.052
172	-116.714	12	   0.991	  45.604	  70.668
173	-116.157	9	  -6.707	  61.726	  32.305
174	-115.103	11	 -14.352	  80.685	  33.318
175	-112.961	11	   5.816	  30.209	  83.708
176	-109.195	11	  29.515	  66.136	  76.717
177	-108.436	11	 -13.125	  33.075	  64.360
178	-107.321	10	 -18.253	  84.202	  40.700
179	-106.377	11	  -0.178	  52.977	 121.670
180	-103.427	7	   6.818	  88.400	 106.932
181	-102.977	10	 -55.466	  72.520	  80.193
182	-102.806	10	 -41.050	  51.020	  47.162
183	-101.427	10	  23.082	  82.907	  95.287
184	-101.411	10	 -22.214	  80.961	  34.421
185	-100.717	10	  14.793	  22.704	  90.654
186	 -99.686	10	 -34.952	  46.341	  55.002
187	 -99.096	10	 -19.301	  34.836	  57.266
188	 -97.987	10	 -16.657	  51.832	 124.928
189	 -97.354	9	 -33.804	  83.307	  40.065
190	 -97.243	9	 -42.132	  46.887	  84.095
191	 -96.139	9	  26.401	  76.345	  99.934
192	 -94.453	9	 -17.950	  69.526	  95.797
193	 -93.870	9	   1.438	  43.979	 117.693
194	 -93.471	9	  14.931	  55.241	 116.339
195	 -92.614	9	 -38.542	  60.123	  47.352
196	 -92.235	9	   3.843	  82.288	  29.680
197	 -92.216	9	 -46.998	  53.787	  68.714
198	 -91.188	9	  -0.158	  76.950	  25.912
199	 -90.925	9	 -48.359	  79.210	  83.312
200	 -88.712	9	 -24.699	  99.744	  60.168
201	 -88.561	4	   7.199	  74.639	  88.106
202	 -87.289	8	 -33.467	  74.213	  44.428
203	 -86.810	9	  -7.456	  90.326	  39.046
204	 -86.614	9	  20.795	  56.501	  66.102
205	 -86.101	8	   8.979	  96.611	 108.081
206	 -86.082	9	 -31.436	  29.314	  70.381
207	 -84.097	8	 -40.060	  49.402	  61.687
208	 -83.317	8	  -9.473	  60.381	 112.581
209	 -81.521	8	  -7.099	  41.102	  56.514
210	 -80.184	8	  -0.299	  20.879	  89.101
211	 -79.638	8	 -20.315	 102.343	  52.105
212	 -78.630	8	 -26.198	  68.613	 100.480
213	 -76.625	8	 -29.386	  89.322	  43.744
214	 -75.158	8	  10.657	  93.244	  59.988
215	 -74.940	7	  13.237	  49.954	  64.792
216	 -74.820	4	  -7.774	  75.903	  51.071
217	 -70.482	7	 -47.583	  74.048	  91.929
218	 -69.534	7	 -50.575	  52.675	  85.915
219	 -69.481	7	  -3.431	  29.692	  82.807
220	 -68.453	7	  31.384	  72.984	  71.393
221	 -68.344	7	 -16.555	 102.971	  65.642
222	 -67.210	7	 -26.625	  67.477	  53.679
223	 -65.747	6	   9.036	  17.458	  88.222
224	 -65.326	6	  16.706	  98.109	  88.209
225	 -64.970	4	 -16.195	  80.109	  64.456
226	 -61.523	6	  10.571	  63.134	  39.839
227	 -60.907	6	  -5.100	  95.214	  94.901
228	 -59.798	4	 -29.431	  58.445	  73.769
229	 -59.411	6	  10.220	  62.716	  49.498
230	 -59.112	3	  -9.249	  58.164	 101.358
231	 -59.003	6	 -19.058	  70.314	 111.493
232	 -58.729	6	  -2.099	  85.719	 107.996
233	 -57.128	6	   5.542	  60.097	  24.679
234	 -56.234	5	  29.447	  79.298	  74.793
235	 -55.788	6	 -33.456	  52.957	  44.335
236	 -54.844	5	  -3.174	  37.747	  64.358
237	 -53.807	5	 -27.963	  33.331	  61.737
238	 -51.563	5	  -3.583	 100.657	 102.679
239	 -51.127	5	 -21.971	  44.101	 125.543
240	 -50.959	5	  10.172	  59.629	  31.987
241	 -50.414	5	 -11.967	  92.300	  79.927
242	 -50.042	5	  -8.971	  41.962	  81.346
243	 -49.499	5	  29.794	  64.505	  91.363
244	 -48.639	5	 -17.227	  38.532	 123.550
245	 -48.530	5	 -12.440	 106.346	  48.021
246	 -47.761	5	 -37.014	  81.889	  47.892
247	 -46.731	5	 -39.976	  70.105	  68.956
248	 -41.718	4	 -10.583	  88.029	  91.364
249	 -39.408	4	 -27.813	  67.856	 108.610
250	 -38.896	4	  -9.825	  48.381	  87.074
251	 -37.905	4	   8.643	  61.369	 120.610
252	 -35.682	2	  -4.583	  42.793	 100.674
253	 -33.585	3	  10.140	  59.729	 112.358
254	 -28.175	3	 -12.608	  64.134	  40.712
255	 -27.912	3	   4.743	  66.416	  61.051
256	 -27.889	3	  29.417	  56.790	 101.048
257	 -27.325	3	   5.417	  48.435	 127.358
258	 -24.457	2	  -4.583	  87.619	  60.358
259	 -19.934	2	 -41.121	  78.647	  74.435
260	 -19.901	2	  13.871	  44.109	 105.358
261	 -19.762	2	 -36.619	  45.591	  67.876
262	 -19.570	2	 -11.518	 100.174	  40.890
263	 -19.278	2	   7.417	  77.591	 103.358
264	 -11.926	1	 -19.583	  47.109	  76.358
265	 -11.606	1	 -13.583	  88.109	  68.358
266	 -11.602	1	   8.417	  70.109	  74.358
267	 -10.316	1	 -19.583	  55.109	  64.358
268	  -9.868	1	 -40.583	  67.109	  61.358
269	  -9.653	1	  31.417	  64.109	  67.358
270	  -9.314	1	 -44.583	  46.109	  53.358
271	  -9.156	1	  34.417	  70.109	  95.358
272	  -8.945	1	  17.417	  66.109	 109.358
