1	-1221.232	104	 -52.270	  36.234	 -24.123
2	-1148.703	92	 -38.643	  15.005	 -12.567
3	-1093.936	91	 -16.526	  -1.663	 -14.615
4	-947.735	85	 -18.471	  -6.414	  -7.143
5	-903.858	80	 -47.502	  39.023	 -16.533
6	-729.857	60	  -3.636	  -8.074	 -23.811
7	-693.106	60	 -55.632	  35.760	  -9.011
8	-677.055	57	 -32.086	  25.024	 -14.104
9	-668.274	60	 -61.745	  29.570	 -28.445
10	-666.467	58	 -60.435	  48.063	 -32.929
11	-642.894	58	 -12.124	   9.363	 -18.934
12	-620.432	52	 -13.387	   0.291	   0.684
13	-615.648	40	 -56.742	  28.691	 -18.908
14	-592.633	51	 -32.317	   7.469	   1.050
15	-588.524	52	 -41.852	  48.017	 -15.418
16	-558.493	45	 -43.814	  20.101	  -7.630
17	-486.358	31	 -16.786	   7.095	  -7.880
18	-482.734	46	 -26.461	  19.367	 -20.912
19	-463.542	39	  -9.065	   2.570	 -13.458
20	-456.109	42	 -12.085	  13.645	 -10.949
21	-452.489	43	 -64.019	  24.983	 -20.110
22	-445.558	39	 -19.072	 -17.677	  -5.660
23	-437.523	35	 -61.559	  36.529	 -22.885
24	-436.058	40	 -29.839	 -22.647	  -4.996
25	-399.141	35	 -42.637	   7.879	 -14.755
26	-391.306	37	 -27.271	 -29.404	  -8.651
27	-390.007	37	 -52.973	  55.181	 -37.853
28	-380.179	34	 -17.741	   6.089	   2.402
29	-373.174	35	 -52.726	  68.745	 -18.569
30	-356.307	33	   1.743	 -29.080	  -8.890
31	-351.336	34	  -5.791	 -18.036	 -28.107
32	-346.701	32	 -25.524	  -7.173	 -28.692
33	-345.021	32	 -29.864	  47.081	 -14.872
34	-340.727	31	 -42.251	  35.305	 -38.324
35	-335.172	32	 -42.348	  11.293	 -34.015
36	-323.826	29	 -29.875	  52.962	 -28.121
37	-312.847	29	 -34.348	  21.590	  -4.894
38	-306.133	29	 -67.521	  53.968	 -28.822
39	-300.716	27	 -60.171	  67.490	 -30.138
40	-299.174	24	 -35.708	  33.503	 -13.002
41	-293.937	27	 -55.360	  28.374	  -7.229
42	-293.720	26	 -49.080	  70.447	 -31.837
43	-290.803	26	   0.227	 -31.625	 -22.269
44	-289.373	28	   6.709	  -8.769	 -18.625
45	-288.358	27	 -30.716	  14.401	 -29.418
46	-280.704	25	  -8.883	 -32.063	 -17.013
47	-276.636	27	 -42.001	  -7.873	 -17.390
48	-274.224	24	   7.347	 -23.507	 -19.547
49	-273.849	26	 -16.728	 -10.072	 -31.948
50	-265.793	24	  10.507	 -21.243	 -11.625
51	-265.277	24	 -37.314	  57.323	 -20.787
52	-258.398	24	 -28.950	  54.813	 -18.585
53	-248.364	23	 -68.800	  50.668	 -16.655
54	-228.495	22	 -48.856	  40.826	 -41.367
55	-225.451	22	 -56.130	  15.061	 -31.500
56	-222.015	19	 -38.008	  -4.091	  -5.206
57	-220.236	20	 -42.035	  65.835	 -26.616
58	-219.277	21	 -24.126	 -28.832	 -16.911
59	-217.572	21	 -22.111	  41.880	 -23.783
60	-216.139	20	 -43.593	  31.502	  -0.784
61	-215.273	21	  -2.915	 -18.978	   0.816
62	-210.916	20	 -67.832	  44.929	 -25.459
63	-205.120	14	 -43.130	  11.739	 -21.687
64	-204.278	20	   1.484	  -0.951	 -16.142
65	-198.733	18	   5.391	  -4.937	  -6.669
66	-196.572	19	 -46.871	  28.116	 -39.454
67	-190.453	16	 -18.006	 -27.342	 -11.345
68	-187.332	19	 -59.210	  16.865	 -11.969
69	-181.172	18	 -20.716	  18.018	  -1.982
70	-180.346	16	 -38.790	  59.175	 -33.045
71	-176.437	16	 -25.370	  -1.940	   8.682
72	-175.072	18	 -60.730	  31.876	 -37.888
73	-175.054	18	 -60.210	  64.935	 -11.679
74	-174.959	17	 -54.787	  57.430	  -8.832
75	-167.898	16	 -28.386	  25.966	 -26.763
76	-155.676	15	 -39.061	 -22.042	 -12.665
77	-155.239	15	 -29.028	 -27.135	 -23.207
78	-150.954	14	 -61.823	  69.304	 -21.534
79	-150.279	15	 -25.111	  32.456	 -21.140
80	-146.090	14	 -25.332	   1.818	 -29.901
81	-143.693	14	   1.570	 -10.272	   3.008
82	-141.701	13	 -50.486	  21.080	 -39.056
83	-141.523	14	 -40.980	 -12.353	 -11.484
84	-135.741	13	 -54.527	  45.111	  -5.864
85	-131.920	12	 -15.585	 -28.338	 -23.340
86	-129.258	13	 -36.664	  19.376	 -35.731
87	-126.993	12	 -62.420	  53.153	  -6.768
88	-123.632	11	 -67.402	  64.049	 -21.056
89	-120.330	12	 -32.411	  -0.382	 -31.237
90	-119.581	12	 -39.764	  25.854	 -40.916
91	-114.816	11	  -6.998	 -32.738	  -5.763
92	-114.323	10	 -20.830	  21.370	 -13.986
93	-110.162	11	 -69.272	  62.141	 -10.874
94	-109.944	11	  10.991	 -13.379	  -0.728
95	-108.534	11	   7.849	 -21.641	  -1.939
96	-108.031	10	 -66.017	  43.976	 -12.724
97	-107.337	10	  -9.361	  -7.865	   3.648
98	-100.722	10	  -8.167	 -25.224	  -1.681
99	 -99.958	10	 -38.838	   3.782	 -26.155
100	 -99.842	10	 -31.683	  33.292	 -38.849
101	 -98.313	10	 -47.261	   6.769	 -27.403
102	 -97.170	10	 -36.265	 -11.035	 -28.463
103	 -88.355	9	 -24.524	  33.458	 -30.601
104	 -86.418	8	 -24.672	   9.680	 -29.380
105	 -86.125	8	  -0.569	  -0.749	  -3.911
106	 -85.960	7	 -60.630	  14.113	 -23.302
107	 -83.919	8	   8.513	 -34.817	 -16.710
108	 -81.047	8	 -37.226	 -30.322	 -11.133
109	 -80.439	8	 -34.464	  40.995	 -37.995
110	 -79.929	8	 -38.196	   5.886	  -8.573
111	 -79.457	8	 -20.076	  52.035	 -19.406
112	 -77.598	8	 -24.233	  -8.053	   3.030
113	 -74.803	7	 -35.169	 -30.939	  -4.231
114	 -72.580	7	 -43.438	  -0.678	 -21.008
115	 -72.221	7	 -28.395	 -19.413	 -28.031
116	 -70.927	7	  -8.714	   3.510	 -27.897
117	 -70.382	7	 -46.258	  73.596	 -22.049
118	 -69.880	7	 -45.875	  47.787	 -42.938
119	 -69.606	7	 -32.387	 -11.226	  -1.619
120	 -69.439	7	 -35.818	  -1.349	   7.672
121	 -68.785	7	 -15.753	   7.379	 -29.762
122	 -67.440	7	 -46.274	  60.755	 -11.787
123	 -65.909	7	 -42.011	  37.767	  -7.371
124	 -58.532	6	 -27.638	  48.675	 -34.352
125	 -51.976	5	 -43.853	  67.180	 -15.542
126	 -50.780	5	 -49.701	  62.391	 -37.092
127	 -49.287	5	  -5.849	 -26.437	 -26.728
128	 -49.112	5	 -55.836	  76.995	 -25.924
129	 -47.952	5	 -28.608	  25.443	 -34.110
130	 -45.687	5	 -59.642	  59.778	 -34.552
131	 -42.890	4	 -36.842	  51.703	 -37.323
132	 -39.821	4	 -25.600	  11.187	   5.644
133	 -39.741	4	  -1.878	 -36.813	 -12.111
134	 -39.655	4	   2.632	 -18.030	 -24.844
135	 -39.267	4	 -20.312	 -22.572	 -31.109
136	 -39.067	3	 -11.850	  -8.737	 -15.587
137	 -37.359	4	 -73.842	  53.943	 -22.869
138	 -36.785	4	 -11.364	  -3.874	 -32.355
139	 -30.844	3	 -12.236	  21.187	 -17.645
140	 -28.265	3	 -16.516	 -20.511	   2.299
141	 -27.788	3	 -51.508	  22.863	  -4.018
142	 -27.162	3	 -51.162	  10.179	 -12.704
143	 -23.257	2	 -28.979	 -20.244	 -16.829
144	 -23.113	2	 -27.842	 -13.384	 -18.352
145	 -20.174	2	 -13.842	  15.187	  -3.827
146	 -19.459	2	 -67.842	  18.650	 -27.352
147	 -18.887	2	 -39.332	 -17.323	 -22.352
148	 -18.626	2	  -8.842	 -12.311	 -34.352
149	 -13.659	1	 -29.842	  42.187	 -26.352
150	 -12.640	1	 -46.842	  36.187	 -29.352
151	 -11.922	1	 -53.842	  43.187	 -26.352
152	 -11.685	1	 -20.842	  -4.813	 -20.352
153	 -11.312	1	 -55.842	  22.187	 -22.352
154	 -10.246	1	 -28.842	  17.187	   1.648
155	 -10.178	1	 -57.842	   9.187	 -17.352
156	  -9.998	1	 -14.842	 -29.813	  -4.352
157	  -9.823	1	 -53.842	  50.187	 -43.352
158	  -9.352	1	 -51.842	   6.187	 -21.352
159	  -9.068	1	 -41.842	  53.187	  -7.352
160	  -8.946	1	 -23.842	  51.187	 -12.352
