1	-1440.239	122	 -10.455	  -9.951	 -30.709
2	-909.541	74	 -13.521	 -18.844	 -28.483
3	-896.379	76	   4.700	 -23.698	 -22.237
4	-835.875	70	 -19.753	 -11.803	 -53.918
5	-757.151	68	 -12.140	 -34.157	 -27.122
6	-654.385	59	  -2.241	 -30.376	 -12.345
7	-649.244	60	 -20.226	 -10.133	 -16.557
8	-618.990	53	  -0.140	 -10.862	 -37.688
9	-601.031	53	   0.308	 -27.997	 -54.961
10	-572.102	51	 -19.166	 -26.297	 -35.908
11	-544.467	50	   2.511	 -43.101	 -26.058
12	-536.139	43	   7.736	 -37.504	 -48.834
13	-498.776	39	   0.643	 -11.863	 -30.645
14	-489.294	44	   2.018	  -8.757	 -22.410
15	-444.634	39	 -13.112	   2.084	 -29.287
16	-426.988	38	 -28.741	 -19.530	 -43.027
17	-421.070	39	   6.763	 -32.457	 -55.772
18	-401.412	35	 -11.612	 -16.312	 -54.210
19	-391.701	31	  -7.350	 -22.282	 -31.179
20	-387.845	35	 -30.612	  -7.307	 -49.651
21	-379.242	30	 -12.361	 -19.214	 -35.683
22	-369.078	33	 -11.710	 -16.422	   0.496
23	-358.438	34	  -8.087	 -41.166	 -37.554
24	-341.016	29	 -17.408	  -9.540	  -9.649
25	-340.948	32	   7.967	 -13.836	 -48.379
26	-328.853	30	 -24.810	 -23.336	 -28.217
27	-315.112	28	  13.473	 -32.283	 -42.771
28	-280.232	27	   2.857	 -44.322	 -38.525
29	-275.300	27	 -26.162	 -24.676	 -48.195
30	-270.981	24	  19.189	 -28.328	 -39.511
31	-261.750	25	 -10.078	 -30.400	 -52.785
32	-250.007	23	  -3.472	   1.359	 -39.547
33	-249.705	23	   4.448	 -13.376	  -8.585
34	-239.819	23	  -6.255	 -40.507	 -21.319
35	-235.095	21	   8.925	 -38.429	 -30.404
36	-229.528	20	 -19.628	  -6.342	 -22.328
37	-226.488	22	 -35.258	  -6.357	 -39.918
38	-224.951	22	 -13.218	 -34.571	 -41.720
39	-218.136	20	   7.245	 -17.378	 -19.882
40	-217.977	21	  -3.398	  -1.779	 -18.505
41	-212.233	18	 -10.714	  -0.989	 -48.100
42	-201.797	19	 -13.407	   0.217	 -18.534
43	-192.667	18	   8.109	 -14.245	 -32.676
44	-192.444	18	 -18.729	   0.601	 -38.593
45	-192.072	17	 -31.087	 -17.999	 -34.297
46	-190.070	16	  -0.835	 -16.162	 -54.511
47	-187.515	17	  16.341	 -19.389	 -33.890
48	-166.587	17	 -24.955	 -26.289	  -7.213
49	-160.916	16	 -25.096	 -27.967	 -19.210
50	-157.065	15	   3.482	 -24.155	 -15.249
51	-155.639	14	 -12.795	  -1.320	  -9.993
52	-153.491	15	   1.646	  -3.894	 -36.427
53	-150.514	15	 -10.596	   4.437	 -39.846
54	-147.726	14	  10.853	 -21.021	 -56.644
55	-145.562	14	  15.912	 -33.549	 -31.069
56	-136.194	13	  -1.124	 -41.656	 -53.964
57	-131.103	13	  -8.214	 -27.420	  -1.597
58	-127.034	10	 -26.502	 -17.208	 -21.180
59	-119.495	12	   1.534	 -20.495	  -2.705
60	-114.710	11	 -19.395	 -24.038	 -54.772
61	-109.613	10	  16.447	 -24.567	 -26.029
62	-106.855	10	 -30.451	  -5.678	 -30.878
63	-106.538	11	 -33.835	 -18.518	 -49.343
64	-105.260	10	  -9.828	  -7.185	  -0.627
65	-103.857	10	  -7.887	   7.152	 -22.278
66	 -98.227	9	  -0.366	  -7.747	 -13.282
67	 -92.691	9	 -36.006	 -12.529	 -32.327
68	 -92.617	9	 -26.524	  -8.717	 -24.115
69	 -91.808	9	  -6.891	 -41.747	 -49.880
70	 -88.854	8	   1.126	  -2.277	 -47.325
71	 -86.321	8	 -34.961	 -16.124	 -41.107
72	 -81.116	8	 -18.035	   1.533	 -46.604
73	 -74.891	7	  10.437	 -30.744	 -25.300
74	 -68.750	7	  -0.683	 -10.429	   0.557
75	 -66.118	6	 -22.128	 -23.918	   1.191
76	 -64.950	6	  14.836	 -32.444	 -52.737
77	 -56.986	6	   0.133	   9.595	 -18.016
78	 -56.752	6	   3.697	 -38.606	 -15.260
79	 -46.582	5	  -8.809	 -44.607	 -31.387
80	 -40.649	3	  -4.811	 -15.745	 -19.952
81	 -39.330	4	 -20.292	 -15.122	  -1.206
82	 -37.887	4	  -1.321	  -1.857	  -2.185
83	 -37.255	2	 -19.808	 -23.042	 -20.433
84	 -29.991	3	 -26.122	  -1.283	 -50.747
85	 -28.991	3	  19.818	 -20.921	 -49.245
86	 -28.117	3	  -2.808	  -1.295	  -9.781
87	 -27.341	3	  -5.502	 -19.578	   2.905
88	 -26.853	2	  -6.455	 -31.965	 -37.433
89	 -26.108	2	   2.192	 -32.029	 -39.433
90	 -19.853	2	 -25.319	 -11.612	  -7.433
91	 -19.232	2	   8.192	 -11.612	 -40.932
92	 -10.600	1	 -16.808	 -33.612	  -8.433
93	  -9.845	1	 -20.808	  -4.612	 -56.433
94	  -9.624	1	  10.192	 -41.612	 -41.433
