1	-1258.266	99	  13.724	  25.032	 -24.525
2	-1123.768	94	  32.268	  36.010	 -30.581
3	-1123.326	86	  -6.867	  36.956	   0.650
4	-1096.181	93	  -2.725	  56.048	  -9.859
5	-866.962	73	   4.510	  25.748	 -13.504
6	-683.060	63	  25.875	  45.743	  -1.869
7	-609.912	51	  14.275	  37.854	 -53.294
8	-567.624	51	  -7.575	  36.370	 -23.807
9	-558.626	48	   3.480	  21.309	 -34.667
10	-534.881	48	  -6.311	  26.038	   2.650
11	-526.105	45	 -26.303	  60.692	   6.631
12	-504.255	45	 -11.583	  49.916	  20.210
13	-494.654	44	  22.855	  53.969	 -23.601
14	-482.124	42	   8.901	  33.345	  -9.695
15	-470.832	40	  39.796	  42.019	 -15.847
16	-468.646	42	   8.698	  61.975	   7.682
17	-467.991	39	  -0.438	  28.997	   7.670
18	-444.536	40	 -21.234	  36.464	   8.045
19	-440.942	38	   7.848	  18.078	 -18.490
20	-433.809	37	  14.708	  58.182	 -14.066
21	-415.826	40	 -17.136	  28.962	  -7.080
22	-409.437	35	  41.898	  32.276	 -22.593
23	-393.769	38	  14.458	  10.793	 -29.842
24	-390.028	37	   1.255	  43.071	 -34.768
25	-381.095	28	  18.040	  56.982	   8.649
26	-369.611	34	  28.124	  46.835	 -35.000
27	-363.248	33	  12.584	  36.481	  -1.870
28	-351.987	35	  32.903	  12.023	 -28.139
29	-330.577	30	  30.411	  56.028	 -14.331
30	-317.303	30	  21.062	  32.270	  -7.060
31	-317.052	30	   3.022	  64.857	   2.927
32	-311.223	30	  31.759	  26.075	 -10.556
33	-310.471	30	  -2.191	  25.595	 -27.517
34	-309.537	29	 -17.369	  66.998	  -8.081
35	-293.757	24	  32.671	  43.186	 -27.352
36	-291.044	27	  -9.699	  65.131	  11.201
37	-287.915	26	  -2.292	  54.469	  21.394
38	-279.511	24	   2.819	  60.608	  -7.022
39	-279.106	25	  16.598	  17.582	 -42.564
40	-272.683	24	  30.771	  19.829	 -42.623
41	-267.432	24	 -21.075	  48.747	 -16.629
42	-266.398	24	 -25.026	  41.282	  -5.711
43	-264.388	25	  -5.168	  26.851	 -18.698
44	-262.081	24	 -11.021	  43.214	 -24.210
45	-260.210	23	   3.492	  58.452	 -18.189
46	-247.146	23	  14.685	  21.294	 -11.759
47	-246.568	24	  -5.187	  33.771	  16.942
48	-245.268	23	  28.865	  55.480	  -0.204
49	-242.022	22	  30.842	  40.518	 -48.400
50	-237.646	22	  -3.885	  64.308	  -1.973
51	-236.932	21	   4.952	  50.683	 -30.081
52	-233.954	22	  21.236	  62.130	   0.813
53	-228.515	22	  38.802	  25.966	 -40.795
54	-227.665	22	 -14.837	  55.645	 -20.355
55	-224.570	20	   2.864	  28.497	  -1.732
56	-222.035	20	 -28.328	  53.472	  -1.994
57	-213.507	19	  24.828	  12.795	 -39.980
58	-211.364	20	  27.508	  29.001	 -51.262
59	-209.626	20	 -13.570	  32.809	  15.517
60	-205.471	20	  34.612	  40.964	  -8.625
61	-202.151	18	  17.748	  27.097	 -51.572
62	-198.127	17	 -16.151	  30.997	   6.190
63	-198.029	19	  11.992	  49.701	  11.676
64	-195.312	19	   3.050	  46.271	  19.157
65	-188.215	17	 -22.403	  40.446	 -15.394
66	-187.707	17	  38.337	  17.148	 -32.691
67	-186.703	17	  16.643	  65.325	  -8.772
68	-183.747	18	  15.639	  50.393	 -40.853
69	-181.890	18	 -25.048	  60.750	  -7.942
70	-166.358	16	   5.006	  35.618	   7.208
71	-155.798	15	   7.646	  43.019	 -44.848
72	-153.566	14	   5.974	  55.157	  19.045
73	-151.541	15	 -16.174	  37.064	 -20.762
74	-147.740	14	  -5.506	  47.224	 -28.219
75	-147.028	14	   2.397	  34.318	 -43.677
76	-145.800	14	 -22.317	  48.491	  15.064
77	-141.651	14	  40.941	  37.899	 -27.362
78	-138.617	14	   8.406	  22.846	 -41.010
79	-135.957	13	  -3.495	  32.301	 -32.426
80	-133.362	9	 -21.701	  50.958	   7.676
81	-132.443	13	 -17.330	  59.089	  14.678
82	-125.899	9	  10.189	  32.554	 -43.433
83	-118.066	12	  22.971	  14.861	 -11.857
84	-116.900	12	  22.868	  22.879	  -9.782
85	-116.099	11	 -23.096	  68.990	   1.502
86	-114.925	11	  22.981	  42.137	 -54.577
87	-113.783	11	  35.506	  16.989	 -17.948
88	-112.977	11	  38.661	  47.239	 -25.370
89	-110.617	10	  42.100	  22.957	 -24.087
90	-102.480	10	   0.657	  39.510	  12.657
91	 -99.465	10	  30.223	  34.643	  -5.725
92	 -98.190	10	   8.401	  64.459	 -10.661
93	 -94.528	6	   0.483	  33.069	 -23.576
94	 -92.454	5	   2.717	  46.278	 -23.084
95	 -91.492	9	 -20.699	  31.313	 -12.629
96	 -88.282	9	  20.876	  55.750	 -34.050
97	 -85.637	8	  43.224	  31.737	 -34.757
98	 -83.794	8	 -13.639	  70.493	   6.160
99	 -82.416	8	  -6.004	  60.245	 -20.767
100	 -78.948	8	  -8.140	  19.764	  -4.313
101	 -73.935	7	  -3.568	  43.016	  23.381
102	 -71.179	7	  24.408	   8.535	 -20.833
103	 -70.006	7	  39.807	  51.209	 -14.541
104	 -63.646	6	  23.361	  51.465	   7.364
105	 -61.802	3	   6.717	  49.662	 -17.270
106	 -61.473	6	 -14.949	  40.034	  19.135
107	 -60.430	6	  18.079	  44.173	   5.207
108	 -58.534	6	  20.293	   7.845	 -34.663
109	 -54.216	5	 -24.372	  42.557	   3.323
110	 -44.396	3	  -7.756	  55.247	   2.381
111	 -40.164	4	 -12.435	  52.231	 -26.435
112	 -39.935	2	  19.079	  40.662	 -34.389
113	 -39.676	4	   6.667	  31.370	 -51.260
114	 -38.687	4	   1.084	  67.895	  10.617
115	 -38.518	4	  10.252	   9.438	 -19.623
116	 -38.455	4	  22.317	  48.936	 -49.912
117	 -38.438	2	  17.079	  36.662	 -44.445
118	 -35.738	3	  34.079	  40.304	 -40.630
119	 -31.135	2	  20.079	  23.100	 -30.511
120	 -30.676	3	  22.414	  51.973	  -5.949
121	 -20.382	2	 -29.921	  53.151	   9.051
122	 -18.738	2	  -9.974	  68.688	  -4.436
123	 -18.556	2	 -20.921	  66.633	  11.573
124	 -18.046	2	  30.573	  54.662	 -27.949
125	 -17.074	1	 -17.921	  56.662	   3.051
126	 -11.363	1	  21.079	  15.662	 -20.949
127	 -11.083	1	  -5.921	  32.662	 -10.949
128	  -9.642	1	  47.079	  24.662	 -32.949
129	  -9.439	1	  -6.921	  22.662	 -11.949
130	  -9.182	1	   8.079	  49.662	   2.051
131	  -9.012	1	  39.079	  33.662	 -11.949
