1	-1150.390	88	   6.328	   0.847	   9.126
2	-1142.058	89	  16.971	  24.426	   7.572
3	-904.083	73	  28.535	  13.049	  19.761
4	-876.872	76	  -4.354	  13.604	  20.005
5	-804.396	68	  10.781	  27.951	  20.774
6	-736.998	56	   4.417	  14.327	   9.434
7	-704.272	57	  11.489	  -0.991	  21.891
8	-693.627	52	  18.360	  10.499	  10.480
9	-506.659	42	   1.084	  26.306	  23.642
10	-411.390	38	  26.155	  19.478	   6.057
11	-356.419	32	  22.093	   2.836	  26.545
12	-351.359	32	  -2.750	   5.033	   6.596
13	-297.782	30	  -0.118	  20.864	  10.705
14	-276.238	27	  22.872	   4.293	  12.942
15	-274.265	26	  24.389	  29.679	  25.998
16	-255.346	25	  20.269	   8.707	   3.127
17	-253.223	23	  12.108	  17.830	  -5.751
18	-236.751	21	  11.073	   4.857	  -5.067
19	-233.799	23	  23.887	  33.358	   6.696
20	-225.135	23	  14.571	  14.738	  33.225
21	-218.114	21	  -1.269	  -3.401	  27.319
22	-213.713	20	   0.269	  17.021	  29.112
23	-163.414	16	  21.035	  -2.706	   7.338
24	-159.669	15	  -1.596	  -8.491	   9.676
25	-157.751	15	  -9.017	   1.867	  26.377
26	-153.758	16	  20.161	  -5.201	  17.524
27	-148.848	14	  28.653	   4.824	  21.713
28	-139.900	14	   2.870	   9.586	  32.701
29	-128.967	13	 -13.168	   3.914	  17.718
30	-123.107	12	  24.462	  15.065	  30.509
31	-122.977	11	  32.540	  26.535	  23.424
32	-117.346	12	  21.563	  19.787	  -2.206
33	-116.328	11	   9.120	 -10.773	  12.471
34	-115.976	12	   8.512	  -2.441	  30.771
35	-104.708	10	  12.935	  26.328	  34.290
36	-104.682	10	  17.587	  34.863	  20.250
37	 -98.982	10	  36.677	  21.309	  16.435
38	 -90.388	9	   4.240	  27.097	   1.111
39	 -88.925	9	  13.363	  30.476	  27.530
40	 -88.613	9	   2.678	   1.893	  -2.755
41	 -86.457	9	  32.943	  29.863	  12.692
42	 -83.841	8	   4.604	  20.533	  -1.873
43	 -80.519	8	  18.297	  -1.334	  -1.547
44	 -70.049	7	  -9.747	  -4.329	  14.720
45	 -68.466	6	  -5.969	  22.555	  18.585
46	 -65.864	6	  13.526	  35.794	  10.304
47	 -53.489	5	   5.925	  -8.439	  22.668
48	 -45.720	5	   2.482	  -8.007	  -0.270
49	 -40.799	4	   9.902	 -11.206	  -1.294
50	 -40.761	4	  21.151	  30.826	  -2.669
51	 -38.331	4	  31.159	  18.762	  26.077
52	 -30.180	3	   2.682	  11.119	  -3.995
53	 -28.533	3	  11.731	  34.144	  -3.369
54	 -19.507	2	  20.180	  11.794	  -4.171
55	 -19.488	2	  -5.346	 -10.178	  19.359
56	 -10.117	1	  15.682	   2.794	  35.331
57	  -9.591	1	  27.682	  36.794	  15.331
58	  -9.198	1	  -7.318	  12.794	   9.331
59	  -8.941	1	  15.682	  -9.206	   7.331
60	  -8.916	1	  16.682	  25.794	  -6.669
61	  -8.903	1	  -7.318	  -2.206	   6.331
