1	-846.422	69	  10.045	   8.161	  26.234
2	-833.648	67	   4.667	  -1.555	  14.717
3	-787.807	72	  -4.911	  29.348	  10.427
4	-491.588	47	  10.638	  37.154	  11.475
5	-417.233	34	  -0.900	  15.615	   2.330
6	-413.035	38	  -4.600	  30.486	   3.056
7	-399.746	39	 -15.578	  13.417	  21.855
8	-369.208	35	  -5.691	   4.772	  19.772
9	-365.603	35	   8.438	  32.918	   3.114
10	-346.974	33	   2.344	   4.867	   4.111
11	-345.017	32	  -4.229	  28.703	  26.157
12	-342.218	31	  11.610	  34.741	  24.614
13	-341.308	29	   0.011	  32.938	  20.346
14	-331.950	28	 -12.212	  23.687	  15.458
15	-309.507	28	  21.734	  13.366	  18.188
16	-308.407	29	 -14.117	   0.317	  48.149
17	-272.214	24	 -13.570	   8.653	  43.534
18	-252.837	24	   9.040	  16.371	  44.343
19	-240.598	24	   7.970	  22.201	  38.604
20	-239.341	23	  20.654	  23.284	  26.740
21	-223.210	21	 -10.784	  24.931	  26.896
22	-216.907	20	  13.911	  12.144	  36.264
23	-210.140	20	   3.398	  18.127	  48.756
24	-204.168	19	   6.146	  21.617	   1.031
25	-202.485	19	   0.149	   0.629	  34.947
26	-197.001	20	  20.211	   4.499	  11.051
27	-196.627	19	  -8.692	   6.304	  50.576
28	-194.342	19	 -13.278	  10.855	   2.894
29	-185.946	18	 -16.066	   6.167	  36.228
30	-183.960	17	  17.413	  19.340	  31.781
31	-177.416	16	  -3.798	  24.255	  37.531
32	-155.940	15	  -1.802	   1.365	   9.281
33	-143.446	14	   7.612	   7.218	  49.295
34	-142.338	14	  17.484	  19.164	   5.315
35	-136.359	12	   0.871	   3.854	  45.571
36	-135.700	13	 -13.490	  16.579	  41.768
37	-133.568	13	  -7.395	  -1.389	  40.529
38	-125.475	12	  16.495	  -5.961	  12.807
39	-122.985	12	  24.584	  14.081	  25.713
40	-113.512	11	  -8.452	   5.674	   6.886
41	-106.105	10	 -13.981	  22.088	   7.472
42	-102.576	10	 -13.255	  29.509	   9.135
43	 -97.736	9	  -0.561	  23.525	  44.647
44	 -92.361	9	  20.314	  34.886	  14.968
45	 -88.716	9	   6.285	  -1.090	  28.153
46	 -84.859	9	  -9.865	  25.645	   0.383
47	 -80.476	8	  -1.407	  18.471	  54.107
48	 -80.437	8	  -8.561	  19.456	  49.146
49	 -79.553	8	  21.172	  27.506	   8.513
50	 -74.165	7	  16.898	  10.188	  30.636
51	 -70.119	7	  11.259	   2.251	  41.501
52	 -67.561	7	 -13.116	   3.307	  29.328
53	 -66.409	6	  21.438	  27.993	  17.995
54	 -66.211	6	 -15.962	  13.654	  11.055
55	 -65.854	6	  13.691	  -0.595	  22.151
56	 -60.491	6	   7.682	  29.631	  35.367
57	 -58.833	6	 -10.314	  17.636	  -1.935
58	 -48.136	5	  -9.918	   8.414	  -3.009
59	 -39.437	4	  -0.558	   9.568	  51.843
60	 -33.464	3	  11.027	   5.851	   4.746
61	 -32.988	2	  -6.332	   7.796	  31.016
62	 -30.611	3	  23.276	  20.498	  17.387
63	 -19.777	2	 -11.332	  37.257	   4.848
64	 -19.193	2	   1.245	  -3.307	  20.861
65	 -18.053	1	   0.668	  17.796	  10.387
66	 -10.058	1	  26.668	   5.796	  23.387
67	  -9.826	1	  16.668	  -4.204	   4.387
68	  -9.464	1	  16.668	  14.796	  43.387
69	  -9.275	1	  20.668	  26.796	  -0.613
70	  -9.190	1	  17.668	  41.796	  12.387
71	  -9.142	1	  13.668	  42.796	  19.387
