1	-901.943	74	   4.340	  -1.466	  15.200
2	-895.790	72	  10.232	   8.614	  26.239
3	-656.416	61	  -4.586	  30.835	   6.503
4	-530.056	51	  10.872	  37.402	  11.743
5	-461.952	39	  -7.866	  26.245	  12.671
6	-442.964	41	   6.426	  17.307	  46.136
7	-434.161	41	   0.598	   3.266	   6.090
8	-394.577	39	  17.357	  18.502	  33.274
9	-390.467	36	 -14.593	   8.333	  41.802
10	-381.324	34	  -0.604	  32.635	  20.642
11	-371.325	35	  -5.233	   4.455	  19.906
12	-358.775	29	  -0.920	  15.559	   2.254
13	-334.420	30	  11.477	  34.795	  24.706
14	-307.537	28	  21.464	  13.075	  17.354
15	-298.395	29	 -10.818	  25.075	  26.778
16	-288.766	28	 -14.122	   0.488	  48.380
17	-268.761	26	 -15.255	  13.153	  21.099
18	-258.893	24	   6.281	  21.779	   1.132
19	-258.623	23	   3.299	   5.583	  47.401
20	-252.713	24	   8.324	  33.054	   3.074
21	-229.514	22	   7.739	  22.280	  38.483
22	-226.977	21	 -14.293	  25.228	   7.764
23	-213.480	20	  -3.819	  28.545	  27.454
24	-203.898	18	 -13.569	  23.752	  15.548
25	-186.089	18	   0.303	   0.670	  35.035
26	-185.919	18	  14.801	  10.132	  33.986
27	-171.214	16	  -8.774	   6.673	  50.507
28	-149.044	14	  20.944	  24.094	  26.326
29	-146.263	13	  -3.804	  24.233	  36.448
30	-144.872	14	  -1.890	  23.808	  44.228
31	-136.371	13	 -13.739	  16.789	  41.576
32	-128.661	13	  19.216	   5.611	   9.891
33	-116.789	11	 -13.044	   9.998	   1.971
34	-114.856	11	  -7.299	  -1.178	  40.347
35	-113.377	11	  -8.522	   5.546	   6.877
36	 -98.497	10	  15.014	   2.452	  25.218
37	 -94.763	9	 -15.561	  13.549	   8.969
38	 -94.654	9	  15.841	  -5.755	  14.000
39	 -89.008	9	  21.043	  28.038	   5.680
40	 -89.004	9	   6.296	  -1.021	  28.233
41	 -84.922	8	  19.362	  35.974	  17.449
42	 -80.331	8	  24.805	  14.124	  26.056
43	 -80.328	8	 -17.441	  15.439	  27.458
44	 -79.112	8	   9.619	   6.465	   3.999
45	 -78.437	8	   6.643	  29.848	  35.679
46	 -78.269	8	  -0.424	  19.251	  54.180
47	 -77.063	5	   5.680	   8.039	  36.460
48	 -71.159	7	  19.871	  16.478	  10.129
49	 -69.105	7	 -12.276	   0.892	  33.361
50	 -67.321	7	  -9.915	  16.242	  -2.364
51	 -64.137	6	  21.671	  28.027	  18.196
52	 -62.528	6	  16.011	  21.014	   2.801
53	 -61.184	6	  -8.308	  20.033	  49.285
54	 -60.449	6	  11.027	   2.362	  41.453
55	 -58.240	6	  14.513	   7.857	  48.106
56	 -57.985	6	  24.526	   3.713	  14.985
57	 -49.153	5	  -0.868	   9.126	  51.854
58	 -48.441	5	  -0.524	  28.437	   0.870
59	 -46.128	5	 -11.481	   7.851	  17.280
60	 -30.885	3	  23.296	  20.564	  17.460
61	 -30.009	3	 -14.658	   5.557	  27.749
62	 -29.189	3	  26.329	   5.191	  22.790
63	 -20.279	1	  -6.310	   7.861	  31.460
64	 -19.543	2	  16.690	  -3.671	   4.460
65	 -18.788	1	   0.690	  17.861	  10.460
66	 -13.117	1	  14.690	   1.861	  16.460
67	 -10.253	1	 -11.310	  36.861	   3.460
68	  -9.673	1	 -19.310	   4.861	  51.460
69	  -9.361	1	  13.690	  42.861	  19.460
