1	-939.537	76	  10.146	   8.895	  26.872
2	-791.653	65	   4.365	  -1.746	  14.998
3	-635.002	57	  -4.137	  30.063	  10.454
4	-599.871	55	 -12.440	  24.156	  11.952
5	-516.151	45	  -1.720	  31.282	  21.707
6	-436.526	41	  11.304	  36.927	  11.060
7	-428.425	41	 -15.610	  13.769	  21.918
8	-420.181	38	  21.926	  13.685	  18.441
9	-391.875	36	   2.288	   4.887	   4.071
10	-384.204	35	  13.125	  35.624	  22.745
11	-380.047	31	  -5.311	  30.014	   3.104
12	-368.324	35	   9.458	  33.499	   3.383
13	-367.204	35	   6.633	  21.469	   1.191
14	-357.929	28	  -0.918	  15.793	   2.431
15	-331.507	29	 -13.690	   8.616	  43.552
16	-299.329	28	  -5.294	   4.486	  19.760
17	-289.538	28	 -10.674	  25.091	  26.572
18	-287.583	28	  22.117	  19.617	  26.801
19	-266.590	25	   9.929	  15.687	  44.887
20	-230.652	22	 -13.868	   0.423	  48.050
21	-214.552	20	  13.996	  11.879	  35.070
22	-209.480	20	   3.177	  18.209	  48.742
23	-198.004	17	   0.429	   0.906	  35.673
24	-190.907	18	  -8.553	   6.969	  50.493
25	-182.513	17	   8.298	  22.534	  38.218
26	-167.074	17	  20.332	   3.937	  10.825
27	-156.695	14	  -1.738	   1.773	   9.157
28	-151.790	14	  -3.804	  24.208	  36.357
29	-149.492	14	  19.284	  16.991	  10.929
30	-141.279	13	  16.757	  20.399	  32.530
31	-131.440	12	 -13.569	  16.651	  41.452
32	-131.202	13	  -7.457	  -1.394	  40.673
33	-122.065	12	 -15.563	  13.761	   8.912
34	-121.564	12	 -15.017	   3.722	  37.292
35	-115.441	11	   0.860	   3.832	  45.633
36	-113.304	10	  -0.288	  22.949	  44.447
37	-110.441	11	   3.599	   8.329	  50.506
38	-107.132	10	  16.290	  -5.986	  13.453
39	-104.645	10	  -8.892	   6.128	   6.906
40	-100.615	10	  21.343	  29.948	  10.679
41	 -98.227	10	   4.569	  -0.992	  28.445
42	 -89.788	9	 -17.764	  10.510	  33.378
43	 -89.779	9	  10.783	   4.497	   4.695
44	 -88.981	9	   8.872	  29.121	  35.211
45	 -88.551	9	  22.739	  24.296	  18.014
46	 -85.209	8	 -10.321	  35.290	   1.991
47	 -84.604	8	  16.387	  21.151	   3.099
48	 -80.679	8	  -8.680	  19.059	  49.106
49	 -77.952	8	 -13.559	   4.656	  28.098
50	 -69.146	7	  19.495	  28.151	  26.384
51	 -68.255	7	  10.817	   2.082	  41.552
52	 -67.932	7	   4.944	  38.197	  15.052
53	 -58.226	6	  -8.365	  18.445	  -0.816
54	 -50.511	5	  14.170	  -1.425	  23.275
55	 -41.731	4	   2.664	  32.788	  30.850
56	 -41.566	4	  14.645	   7.776	  47.363
57	 -41.112	4	  23.522	   6.035	  25.486
58	 -36.402	2	  -6.337	   7.788	  30.945
59	 -28.023	3	 -11.389	   7.460	  16.611
60	 -21.793	2	  -2.795	  22.788	  53.345
61	 -18.928	1	   0.663	  17.788	  10.345
62	 -10.990	1	  14.663	   1.788	  16.345
63	  -9.369	1	 -21.337	   4.788	  45.345
64	  -9.290	1	  21.663	  31.788	   2.345
65	  -9.158	1	 -11.337	   8.788	  -0.655
