1	-1081.578	98	  41.220	  17.388	  19.568
2	-1069.453	73	  25.455	   3.235	  16.700
3	-653.553	60	  20.805	  -4.011	  14.013
4	-566.368	54	  32.141	  13.738	   8.995
5	-490.861	37	  22.285	   7.889	  11.081
6	-466.562	42	   4.244	  -4.046	  18.542
7	-419.743	38	   6.956	   2.365	  35.256
8	-353.058	33	  25.845	  13.259	  37.740
9	-311.676	30	  50.249	  13.054	  15.554
10	-294.728	28	  42.716	   6.088	  13.361
11	-280.247	27	  17.198	  13.866	  37.199
12	-264.974	26	  55.773	  25.061	  19.176
13	-227.958	21	  21.299	  20.005	  16.564
14	-221.173	21	   8.474	  13.891	   6.438
15	-219.504	21	  50.100	  12.578	   1.672
16	-208.555	20	  55.252	  25.597	   5.348
17	-197.632	18	  30.819	  -1.577	  32.370
18	-189.592	18	  32.677	  22.363	   0.086
19	-188.662	19	  12.606	  20.328	  18.481
20	-187.927	18	  34.758	   0.653	   7.131
21	-182.813	18	   1.528	   7.310	  31.117
22	-178.466	18	   0.349	   9.951	  16.068
23	-172.948	16	  10.030	   4.279	   4.059
24	-167.111	17	  37.320	  12.546	  31.907
25	-156.120	15	  12.049	 -10.275	  24.997
26	-152.016	14	  51.351	  33.507	  15.363
27	-145.856	14	   7.082	  -4.799	  31.297
28	-139.476	14	  43.251	  27.802	  -0.154
29	-138.911	13	   1.745	   7.642	  23.704
30	-123.262	12	  17.277	   8.091	   4.996
31	-120.874	11	  40.984	  27.400	  16.656
32	-119.423	12	  37.935	   1.694	  29.400
33	-115.665	11	  27.848	   1.880	   3.308
34	-114.679	11	  11.776	  -8.265	  11.991
35	-112.769	11	  21.967	 -11.999	  28.701
36	-110.560	10	   5.666	  -1.475	   7.013
37	-102.449	10	  39.855	  17.544	  -3.333
38	 -92.745	9	  12.079	   4.220	  38.975
39	 -83.141	8	  40.953	   6.086	  20.324
40	 -80.845	8	  13.645	  19.557	  30.071
41	 -79.986	8	  32.643	  -4.697	  14.172
42	 -76.084	8	  24.667	  20.054	  26.614
43	 -68.759	7	  35.983	  -5.687	  23.387
44	 -67.749	7	  44.725	  28.437	  25.092
45	 -65.085	6	  51.567	   9.872	   8.036
46	 -63.158	6	  58.052	  17.784	   5.298
47	 -62.586	6	  23.099	  -3.274	  36.457
48	 -60.754	6	  28.464	  19.498	  18.902
49	 -58.574	5	  33.881	   5.789	  37.578
50	 -58.233	6	  23.628	   5.853	  41.045
51	 -55.141	5	   7.778	  14.424	  25.937
52	 -53.994	5	  35.454	  27.174	   6.212
53	 -51.609	5	  12.277	  -5.020	   4.210
54	 -45.957	4	  18.657	  16.955	   9.303
55	 -41.026	4	  49.454	  21.698	  24.686
56	 -40.952	4	  -0.088	   5.005	   7.521
57	 -38.414	4	   8.747	  13.452	  38.969
58	 -30.168	3	  46.314	  32.132	   6.609
59	 -29.652	3	  12.794	  -9.826	  33.198
60	 -28.867	3	  60.783	  17.518	  13.881
61	 -28.615	3	  35.142	  18.220	  26.476
62	 -20.916	2	   5.985	  17.705	  16.210
63	 -19.796	2	  40.996	   4.799	   4.126
64	 -18.121	2	  32.454	  10.186	   2.222
65	  -9.291	1	  18.454	 -12.826	  19.210
