1	-1489.850	130	  19.169	  38.756	  59.334
2	-1114.433	86	  31.684	  23.380	  45.034
3	-1007.476	94	  10.485	  46.822	  59.622
4	-943.920	76	  19.601	  20.268	  26.291
5	-914.180	79	  35.116	  29.656	  22.218
6	-852.288	71	  29.259	  10.950	  58.191
7	-788.213	64	  33.781	   2.546	  25.454
8	-780.809	67	  12.203	  56.377	  63.649
9	-740.939	63	  27.598	  35.505	  55.405
10	-728.719	63	  24.590	  51.070	  47.915
11	-721.937	60	   9.809	  34.729	  31.734
12	-718.546	62	  39.235	  57.664	  68.300
13	-680.394	58	  22.461	  53.351	  81.260
14	-648.402	60	  26.934	  39.455	  67.064
15	-627.981	60	  36.458	  16.845	  53.685
16	-593.678	52	  26.666	  13.241	  17.912
17	-578.620	50	  14.774	  41.085	  51.188
18	-569.332	46	  33.650	  23.479	  10.513
19	-557.888	47	  31.790	  19.821	  19.497
20	-552.974	49	   8.927	  35.151	  54.843
21	-534.684	42	  34.504	  22.359	  36.231
22	-511.188	42	  14.989	  36.429	  17.317
23	-504.898	46	  13.111	  14.763	  40.495
24	-486.865	45	  23.379	  10.703	  54.040
25	-474.559	45	   6.927	  38.418	  85.064
26	-462.818	40	  17.373	  17.858	  55.469
27	-447.890	41	  29.440	  29.279	  51.900
28	-438.261	40	  14.531	  49.035	  42.157
29	-436.005	38	  11.637	  48.028	  82.177
30	-425.987	37	  27.309	  -5.223	  29.940
31	-419.083	32	  25.346	  30.041	  66.853
32	-410.896	36	  10.561	  24.342	  55.034
33	-381.844	35	  -2.211	  35.475	  56.752
34	-378.326	34	  25.858	  50.235	  40.610
35	-374.823	35	   7.877	  41.262	  22.550
36	-366.298	31	  34.036	   3.343	  49.281
37	-350.065	32	  24.081	  40.578	  83.529
38	-343.524	24	  23.023	  18.889	  35.424
39	-341.933	30	   5.998	  25.949	  83.941
40	-340.610	31	  37.706	  11.089	  25.812
41	-336.321	31	  20.851	  60.190	  34.379
42	-322.147	29	  12.634	  28.598	  92.718
43	-320.417	25	  37.458	  58.204	  74.877
44	-309.993	28	  22.418	  61.129	  51.013
45	-309.363	28	  37.879	  45.962	  70.092
46	-300.635	29	  14.500	  20.953	  34.040
47	-298.169	29	  38.196	  42.513	  47.788
48	-297.106	27	   4.313	  50.511	  69.549
49	-288.459	27	  36.400	  21.431	  28.827
50	-288.374	26	  17.061	  32.157	  96.347
51	-282.249	27	  18.494	  16.042	  80.398
52	-282.095	27	  34.142	  43.796	  34.667
53	-280.730	24	  19.657	  11.402	  47.110
54	-275.819	26	  40.924	  46.034	  63.521
55	-274.076	25	  -1.058	  43.873	  78.980
56	-272.668	26	  10.173	  26.379	  28.489
57	-263.838	25	  29.552	  43.997	  13.809
58	-262.315	22	  21.568	  26.383	  82.603
59	-261.414	14	  19.919	  34.235	  72.336
60	-256.275	26	  22.510	  54.864	  18.048
61	-255.482	23	  30.631	  19.856	  76.421
62	-255.159	24	  37.165	  51.505	  82.995
63	-252.199	25	  28.866	  36.095	  78.067
64	-249.477	25	  28.043	  67.297	  60.920
65	-249.322	24	  14.950	   6.834	  27.523
66	-243.868	21	  29.179	  33.040	   4.327
67	-238.947	24	  12.968	  43.179	  13.337
68	-228.779	21	  20.504	  58.291	  25.327
69	-227.340	22	  11.778	  53.887	  78.157
70	-225.053	22	  18.870	  24.189	  89.915
71	-213.253	19	  26.399	  66.496	  77.851
72	-210.417	15	  14.496	  51.525	  69.066
73	-209.765	19	  17.231	  33.317	   7.748
74	-208.899	20	  38.344	  37.361	  36.447
75	-207.215	13	  16.814	  45.493	  75.691
76	-205.821	20	  -5.661	  37.789	  71.679
77	-204.386	19	  10.839	  26.782	  17.433
78	-203.532	20	  35.045	  43.914	  79.265
79	-202.702	20	  23.753	  21.005	   6.903
80	-201.176	18	  23.233	  -2.398	  45.770
81	-194.195	17	  36.848	  28.992	  46.757
82	-192.155	17	   3.414	  24.334	  59.096
83	-183.794	18	  32.412	  46.396	  20.084
84	-182.490	18	  18.314	  70.750	  60.520
85	-182.352	18	  31.508	  54.720	  50.982
86	-180.865	18	  23.768	  33.279	  86.622
87	-176.762	17	  44.564	  -0.284	  34.437
88	-175.337	17	  10.803	  57.578	  52.341
89	-169.731	16	   5.406	  29.136	  50.116
90	-164.072	16	  10.329	  40.612	  42.455
91	-162.846	16	  20.179	  44.804	   5.623
92	-161.780	16	  11.801	   7.610	  44.637
93	-158.383	16	  44.044	   7.776	  29.204
94	-157.912	14	  26.382	  51.275	  33.151
95	-154.255	15	  27.418	  55.851	  23.372
96	-153.949	14	  37.881	   8.082	  54.018
97	-146.338	14	  13.228	  60.122	  72.330
98	-143.592	13	   6.259	  28.636	  39.784
99	-142.636	14	  -2.097	  30.355	  75.550
100	-136.335	14	  17.360	  59.790	  44.762
101	-129.223	13	  31.985	  23.063	  62.304
102	-128.122	13	  42.288	  16.283	  48.192
103	-124.463	13	  27.090	  -4.250	  39.337
104	-124.353	13	  10.784	  18.273	  85.170
105	-123.736	13	  37.866	  59.027	  60.593
106	-123.293	11	   1.597	  35.172	  81.319
107	-122.641	12	  39.674	  38.756	  14.375
108	-119.403	11	   4.945	  43.193	 106.594
109	-117.907	12	  10.089	  54.778	  30.627
110	-115.379	11	  10.519	  16.748	  62.651
111	-111.043	11	   7.600	  35.536	  96.201
112	-108.435	10	  42.828	  23.523	  43.648
113	-108.031	11	  33.229	  27.996	  71.935
114	-100.939	9	  40.592	  28.945	  37.196
115	-100.793	10	  17.335	  -3.621	  27.296
116	-100.712	10	  15.441	  41.562	 106.141
117	-100.292	10	  42.099	  52.151	  54.530
118	 -99.738	10	   1.234	  21.956	  72.118
119	 -98.846	9	  17.325	  23.302	   9.905
120	 -97.366	8	  17.102	   1.583	  49.467
121	 -94.142	9	  37.463	  30.377	  10.304
122	 -88.775	9	   9.625	  17.805	  70.934
123	 -85.654	9	  19.637	  43.210	  94.215
124	 -82.492	8	  25.573	   9.617	  64.415
125	 -80.396	8	  24.181	   2.288	  21.309
126	 -78.474	7	  35.574	  38.534	  59.579
127	 -76.828	7	  11.331	  34.492	 111.762
128	 -73.377	7	   6.910	  33.848	 105.447
129	 -71.336	7	  43.024	  16.408	  33.026
130	 -66.408	7	  21.673	  30.575	   1.237
131	 -63.056	6	  16.108	  13.667	  71.385
132	 -62.662	6	  -1.312	  47.473	  62.416
133	 -60.084	6	  20.586	  71.978	  74.884
134	 -56.308	6	  42.446	  36.472	  25.572
135	 -54.017	5	  28.171	  23.254	   1.279
136	 -52.560	5	  11.775	  52.364	  15.058
137	 -51.513	3	  18.302	  53.126	  33.681
138	 -50.015	5	  13.612	  44.308	  89.785
139	 -49.750	5	  32.724	  61.967	  80.244
140	 -48.862	5	  36.395	  -2.071	  33.629
141	 -48.021	5	  13.627	  18.528	  16.009
142	 -47.990	5	  16.189	  75.126	  68.133
143	 -47.474	5	  11.173	  46.074	  99.773
144	 -45.952	5	  43.429	   6.121	  48.412
145	 -44.310	4	  37.779	  -1.116	  43.441
146	 -41.787	4	   7.456	  45.125	  34.009
147	 -41.015	4	   9.835	  -4.096	  38.780
148	 -39.473	4	  36.236	  69.445	  75.194
149	 -38.519	4	   3.607	  51.126	  78.008
150	 -37.678	4	   8.372	   6.388	  37.949
151	 -37.191	3	  18.852	  35.366	  39.398
152	 -32.020	3	   3.305	  51.193	  20.939
153	 -31.003	3	   3.613	  18.595	  42.420
154	 -28.835	3	  25.471	  10.297	  80.367
155	 -25.332	2	  21.683	  29.196	  33.133
156	 -20.960	2	  50.093	   8.126	  37.420
157	 -20.707	2	  20.113	  62.126	  82.420
158	 -20.022	1	  20.613	  43.126	  44.420
159	 -19.639	2	  24.076	  66.126	  31.420
160	 -19.637	2	  23.575	  74.607	  65.382
161	 -19.614	2	  31.613	  15.126	   7.914
162	 -19.446	2	  34.093	  73.606	  68.900
163	 -18.982	2	  17.088	  -6.874	  41.420
164	 -18.542	2	  31.103	  13.597	  72.968
165	 -18.532	2	  11.111	  66.126	  56.922
166	 -18.267	2	  40.601	  28.126	  29.408
167	 -18.112	2	  -2.387	  46.133	  71.413
168	 -11.787	1	  17.613	  32.126	  51.420
169	 -10.603	1	  47.613	  16.126	  39.420
170	  -9.896	1	  10.613	  68.126	  69.420
171	  -9.617	1	   5.613	  20.126	  20.420
172	  -9.398	1	  41.613	  44.126	  19.420
173	  -9.334	1	  24.613	   6.126	  29.420
174	  -9.161	1	  43.613	   1.126	  25.420
175	  -9.009	1	  -7.387	  41.126	  60.420
