1	-1520.287	124	  54.853	  28.898	  37.672
2	-1333.487	115	  32.736	  53.808	  65.587
3	-1234.933	110	  47.685	  36.339	  41.746
4	-1230.353	108	  50.727	  60.601	  64.154
5	-981.916	81	  32.958	  42.233	  37.885
6	-920.953	76	  54.457	  69.539	  65.672
7	-822.175	74	  56.316	  44.739	  19.329
8	-695.853	62	  52.616	  49.876	  86.400
9	-617.370	49	  51.542	  23.833	  23.745
10	-601.118	54	  38.488	  28.257	  40.632
11	-597.345	52	  60.557	  30.406	  51.582
12	-523.166	50	  47.675	  28.828	  51.051
13	-522.046	46	  50.918	  59.473	  34.004
14	-520.750	49	  58.841	  65.560	  52.978
15	-516.830	45	  58.567	  75.629	  80.970
16	-511.891	49	  50.364	  35.282	  68.966
17	-506.181	44	  43.102	  27.203	  26.812
18	-503.666	36	  64.444	  44.689	  77.955
19	-490.846	47	  45.239	  81.085	  59.500
20	-489.115	46	  77.153	  52.274	  76.100
21	-488.863	45	  41.080	  36.840	  68.112
22	-483.252	38	  51.811	  71.891	  78.752
23	-466.995	41	  46.117	  13.484	  44.028
24	-466.422	41	  64.722	  25.054	  32.025
25	-462.867	39	  43.078	  67.863	  76.391
26	-447.319	39	  58.344	  20.062	  22.702
27	-446.801	38	  20.881	  45.113	  41.780
28	-436.716	37	  38.549	  22.077	  31.742
29	-433.997	38	  45.279	  57.614	  59.939
30	-420.270	35	  37.188	  67.243	  64.072
31	-414.395	33	  37.985	  73.424	  71.340
32	-405.487	34	  57.561	  78.632	  66.726
33	-402.208	38	  43.799	  57.974	  34.511
34	-394.513	36	  48.302	  66.693	  52.621
35	-373.497	32	  57.226	  16.915	  37.236
36	-370.623	35	  35.544	  58.382	  41.718
37	-367.714	36	  44.104	  66.207	  59.442
38	-366.405	25	  56.986	  46.772	  51.754
39	-364.454	34	  69.256	  37.160	  66.813
40	-355.783	33	  20.067	  50.788	  61.372
41	-352.895	32	  36.484	  56.240	  28.886
42	-342.910	33	  32.693	  36.998	  61.416
43	-340.683	32	  36.495	  38.716	  74.677
44	-337.628	32	  51.679	  22.904	  55.880
45	-335.910	29	  64.472	  70.506	  71.475
46	-327.706	27	  77.491	  48.200	  51.307
47	-325.893	30	  11.759	  44.502	  60.606
48	-322.595	31	  68.566	  58.040	  36.501
49	-318.703	28	  21.123	  58.375	  48.563
50	-315.151	28	  70.933	  40.420	  73.623
51	-311.100	29	  33.575	  35.002	  39.000
52	-308.096	29	  76.787	  38.360	  51.548
53	-306.490	30	  68.221	  31.320	  26.477
54	-305.126	29	  68.273	  64.055	  76.897
55	-302.454	28	  33.278	  60.829	  64.038
56	-300.415	28	  24.227	  48.404	  32.870
57	-299.926	28	  53.812	  61.793	  27.233
58	-294.356	27	  77.722	  52.312	  63.499
59	-287.790	28	  42.580	  30.914	  57.405
60	-284.312	20	  40.140	  44.897	  54.901
61	-282.495	26	  12.168	  48.573	  41.550
62	-282.334	27	  42.854	  56.527	  20.213
63	-280.568	26	  69.226	  32.315	  45.051
64	-278.307	26	  74.652	  33.782	  29.875
65	-275.383	25	  24.319	  48.117	  70.293
66	-272.234	25	  59.866	  61.998	  34.256
67	-264.291	23	  61.045	  33.644	  68.455
68	-261.616	24	  30.503	  37.216	  44.494
69	-260.170	25	  78.689	  42.867	  28.592
70	-259.425	24	  61.761	  19.419	  49.298
71	-246.348	22	  59.229	  51.947	  82.892
72	-242.726	23	  55.765	  33.450	  76.218
73	-239.898	23	  38.337	  60.466	  52.830
74	-238.560	22	  74.935	  61.314	  78.075
75	-234.889	20	  54.222	  26.547	  45.268
76	-227.134	21	  43.893	  64.600	  44.824
77	-222.845	20	  72.295	  53.164	  29.788
78	-215.249	19	  22.349	  36.597	  55.594
79	-212.900	19	  34.487	  36.308	  51.877
80	-210.933	20	  57.323	  64.441	  60.764
81	-210.583	18	  38.132	  57.159	  78.418
82	-203.842	19	  70.360	  63.359	  58.614
83	-192.160	18	  38.912	  36.940	  24.891
84	-191.374	16	  77.963	  40.734	  41.218
85	-189.060	14	  40.320	  49.008	  48.393
86	-188.132	18	  76.891	  56.660	  51.323
87	-186.119	15	  74.643	  48.207	  37.804
88	-181.425	18	  57.149	  12.905	  29.544
89	-181.290	17	  20.060	  56.710	  39.807
90	-172.342	17	  64.814	  53.053	  21.199
91	-170.627	17	  30.764	  59.045	  53.616
92	-167.119	16	  49.603	  15.243	  25.883
93	-157.218	15	  56.089	  82.945	  73.074
94	-148.791	15	  42.665	  51.267	  88.690
95	-147.571	11	  64.512	  49.785	  28.382
96	-143.898	14	  44.705	  36.801	  18.641
97	-143.437	14	  19.137	  37.129	  63.068
98	-142.600	13	  77.603	  42.198	  58.894
99	-142.583	13	  67.570	  61.433	  43.998
100	-139.748	14	  42.967	  44.088	  14.969
101	-139.738	13	  52.259	  69.735	  46.101
102	-137.028	13	  58.051	  13.910	  51.809
103	-133.395	13	  66.717	  51.077	  83.913
104	-127.959	13	  48.722	  53.307	  11.508
105	-127.161	12	  40.570	  42.916	  85.335
106	-126.921	12	  49.074	  79.117	  77.869
107	-121.663	12	  75.538	  34.751	  22.465
108	-117.709	12	  33.960	  19.748	  39.212
109	-117.539	12	  41.730	  19.820	  47.300
110	-117.355	11	  61.152	  67.157	  88.161
111	-114.058	11	  45.089	  11.221	  32.691
112	-110.231	11	  68.058	  42.787	  19.661
113	-109.632	11	  60.960	  67.473	  44.737
114	-109.490	11	  61.320	  27.168	  15.649
115	-109.122	10	  67.686	  33.498	  60.039
116	-106.281	11	  44.956	  35.547	  80.663
117	-105.812	10	  27.836	  56.789	  37.763
118	-101.237	10	  30.973	  31.299	  28.335
119	-100.238	10	  50.658	  64.311	  86.129
120	 -98.914	10	  32.865	  49.773	  20.882
121	 -96.728	9	  61.050	  74.493	  53.058
122	 -96.594	7	  48.853	  77.060	  65.631
123	 -95.566	10	  68.254	  68.137	  83.130
124	 -91.604	9	  32.942	  73.628	  64.865
125	 -91.310	9	  58.719	  81.693	  51.208
126	 -90.732	9	  44.320	  83.598	  70.167
127	 -89.468	9	  61.405	  89.901	  65.706
128	 -88.559	9	  62.229	   6.833	  38.877
129	 -81.861	7	  50.521	  74.850	  51.922
130	 -80.067	8	  68.605	  35.345	  16.884
131	 -77.755	8	  30.543	  52.603	  75.158
132	 -72.347	5	  22.356	  48.040	  51.882
133	 -67.608	7	  68.609	  24.973	  21.053
134	 -63.423	5	  71.963	  45.169	  66.539
135	 -62.496	6	  26.921	  40.110	  70.851
136	 -58.864	6	  53.018	   6.008	  42.293
137	 -58.225	6	  30.947	  42.436	  28.359
138	 -56.282	5	  32.529	  43.615	  81.270
139	 -52.741	5	  50.905	  39.498	  90.459
140	 -50.181	5	  67.708	  77.399	  77.779
141	 -49.212	4	  66.774	  62.062	  51.353
142	 -47.209	5	  77.730	  32.787	  37.565
143	 -42.368	4	  15.248	  42.387	  68.492
144	 -41.615	4	  32.033	  63.618	  73.899
145	 -41.075	4	  53.495	  28.858	  68.489
146	 -41.054	4	  35.513	  81.487	  65.416
147	 -40.658	4	  53.499	  89.350	  60.249
148	 -39.407	4	  58.757	  37.904	  88.992
149	 -31.652	3	  44.381	  60.598	  84.040
150	 -31.348	3	  71.834	  63.112	  70.739
151	 -31.330	3	  42.420	  72.224	  55.739
152	 -30.611	3	  14.403	  51.897	  34.739
153	 -29.744	3	  14.099	  37.609	  49.902
154	 -29.213	3	  10.063	  44.254	  47.716
155	 -29.053	3	  59.627	  26.538	  61.143
156	 -28.511	3	  56.274	  31.557	  82.698
157	 -27.590	3	  57.735	  59.507	  15.673
158	 -26.662	2	  49.735	  19.993	  39.134
159	 -20.168	2	  37.735	  14.116	  42.257
160	 -19.928	2	  64.735	  84.102	  61.739
161	 -18.451	2	  14.207	  58.092	  52.245
162	 -18.292	2	  67.286	  59.557	  87.208
163	 -17.997	2	  67.730	  17.096	  25.237
164	 -17.960	1	  52.735	  54.598	  40.739
165	 -16.336	1	  46.735	  53.598	  71.739
166	 -14.409	1	  66.735	  47.598	  52.739
167	 -10.143	1	   8.735	  50.598	  55.739
168	  -9.447	1	  58.735	  50.598	  62.739
169	  -9.002	1	  78.735	  62.598	  64.739
