1	-1183.353	102	  25.692	   0.632	  37.601
2	-987.620	86	  23.139	   9.119	  35.565
3	-680.119	57	  10.572	  -5.000	  51.526
4	-661.059	61	   8.982	   3.302	  37.774
5	-472.460	38	   7.191	   6.659	  23.040
6	-432.535	34	   5.173	  51.051	  38.424
7	-422.975	39	  29.192	  10.388	  50.882
8	-404.470	39	  10.752	  40.704	  49.016
9	-370.458	33	  18.614	  -9.570	  37.585
10	-363.881	33	  21.274	  68.939	  37.149
11	-362.551	34	  31.233	   1.951	  23.519
12	-355.979	30	  23.146	  52.678	  26.534
13	-354.462	32	  14.094	  15.846	  35.902
14	-344.816	31	   7.361	  -2.123	  31.323
15	-339.976	31	  29.430	  49.400	  38.369
16	-330.837	29	  10.714	  20.851	  49.078
17	-320.980	31	  19.116	  -8.756	  61.133
18	-314.049	29	  14.018	  15.809	  12.959
19	-302.126	28	  16.121	  47.273	  27.084
20	-301.709	26	  17.986	 -14.692	  24.569
21	-248.602	24	   7.892	  57.284	  28.904
22	-242.290	22	   5.575	  44.210	  40.692
23	-223.690	22	  11.903	  -6.802	  41.595
24	-195.826	18	   9.107	  13.361	  20.976
25	-184.235	17	  20.672	  19.409	  17.035
26	-173.307	17	  16.658	  59.842	  23.544
27	-165.298	15	   3.981	   6.805	  43.307
28	-160.246	15	  20.779	  -6.817	   8.623
29	-153.730	16	  28.393	  12.283	  40.150
30	-142.628	13	  26.557	  -8.693	  56.757
31	-135.325	14	  20.663	  73.804	  45.692
32	-134.737	13	  16.623	  14.799	  65.533
33	-134.249	14	  16.481	 -19.479	  16.358
34	-124.327	12	   4.618	   1.291	  54.978
35	-122.533	12	  14.651	  20.439	  41.024
36	-114.224	11	   8.904	  12.203	  31.169
37	-112.037	11	  31.631	  -1.556	  54.793
38	-111.769	11	  18.101	  36.719	  36.584
39	-110.883	11	   7.147	  24.261	  57.670
40	-110.312	11	  21.583	  60.375	  53.291
41	-110.122	10	  23.512	  45.365	  29.672
42	-102.765	10	   5.049	   0.293	  18.143
43	 -99.448	10	  15.456	   2.657	   9.068
44	 -97.154	10	  12.914	  25.490	  21.167
45	 -96.585	10	  17.284	   5.322	  65.451
46	 -96.233	9	   5.533	  45.015	  31.086
47	 -95.687	9	  16.961	  52.807	  53.174
48	 -95.642	10	  22.106	 -17.280	  54.619
49	 -93.886	9	  11.567	  70.852	  35.632
50	 -90.535	9	   2.104	  16.000	  47.132
51	 -90.084	9	  19.904	 -14.283	  10.250
52	 -88.493	8	   8.408	 -14.039	  26.070
53	 -88.218	9	  31.218	  52.195	  28.211
54	 -88.096	9	  22.527	  68.018	  51.532
55	 -86.496	9	  10.461	  64.355	  51.013
56	 -86.349	9	   5.807	  10.600	  63.779
57	 -80.596	8	   5.903	  32.274	  40.389
58	 -79.965	8	  23.718	  22.739	  52.961
59	 -79.648	8	  27.882	  14.018	  17.870
60	 -79.221	8	  12.565	  21.000	  63.779
61	 -79.205	8	   4.432	  57.413	  43.223
62	 -76.879	8	   4.450	 -10.674	  18.866
63	 -69.372	7	  23.801	  66.344	  28.518
64	 -68.939	7	  23.883	 -12.754	  32.051
65	 -65.691	7	   8.930	  -7.589	  10.589
66	 -59.895	6	  28.434	 -13.647	  20.674
67	 -58.610	6	   7.669	  69.749	  43.474
68	 -57.814	6	  24.934	  20.004	  61.943
69	 -57.075	6	  31.265	  65.192	  40.559
70	 -55.555	5	  15.118	  34.668	  44.184
71	 -50.992	5	  24.889	  39.499	  44.027
72	 -46.355	5	   8.671	  51.354	  50.574
73	 -46.066	5	   0.450	  11.504	  57.555
74	 -39.401	4	  33.450	  -8.183	  21.952
75	 -38.964	4	  30.445	  -9.006	  12.038
76	 -37.882	4	  28.263	  47.591	  50.518
77	 -37.445	4	   0.123	  20.419	  54.103
78	 -37.265	4	  28.454	  -6.681	  44.738
79	 -32.662	3	  14.114	  23.799	  29.775
80	 -31.285	3	  34.043	  57.823	  40.775
81	 -29.647	3	  22.118	 -16.482	  44.142
82	 -28.523	3	  11.145	  -0.113	  62.438
83	 -28.165	3	   8.174	 -18.845	  19.810
84	 -27.774	3	  30.449	   3.544	  10.786
85	 -22.644	2	  14.947	  -0.985	  38.272
86	 -21.799	2	   7.984	  32.518	  31.775
87	 -19.659	2	  30.990	   3.518	  44.775
88	 -19.250	2	  31.450	  59.571	  50.288
89	 -18.149	2	  30.450	   6.015	  61.775
90	 -14.236	1	   9.450	  14.518	  58.775
91	 -14.172	1	  16.450	  64.518	  46.775
92	 -11.592	1	  14.450	  -9.482	  14.775
93	  -9.885	1	  35.450	  58.518	  32.775
94	  -9.608	1	  22.450	   6.518	   7.775
95	  -9.319	1	   8.450	  20.518	  24.775
