1	-1245.624	110	   2.826	  -2.566	  -4.069
2	-1107.149	97	  30.091	 106.102	  50.795
3	-915.387	79	   2.275	 103.088	  41.790
4	-757.314	68	   9.962	   3.381	  24.771
5	-726.700	65	  36.482	 115.410	  61.725
6	-696.257	63	  -7.106	 -12.282	 -11.634
7	-644.346	59	  13.845	  -5.473	  37.708
8	-634.873	60	  -9.513	 106.655	  36.275
9	-628.600	54	  26.966	 116.971	  69.137
10	-586.242	50	 -14.203	   9.733	 -11.490
11	-581.549	52	 -11.307	  10.981	  10.630
12	-577.505	48	   3.584	   0.712	  24.866
13	-522.525	48	  -9.753	 -14.846	   2.795
14	-502.437	45	  18.313	  90.005	  44.417
15	-487.889	47	  38.080	  89.797	  55.071
16	-469.397	42	   7.947	  14.899	   7.574
17	-469.004	39	   1.552	 -14.549	  13.323
18	-457.730	37	  28.379	   9.472	  27.458
19	-455.144	42	  30.176	   1.569	  20.284
20	-450.376	42	  22.010	 -14.347	  28.726
21	-449.008	44	  29.862	 119.771	  51.365
22	-446.579	37	   0.885	  97.958	  21.083
23	-424.344	32	  34.205	  94.027	  69.110
24	-421.558	38	  -7.496	 115.627	  37.648
25	-406.076	34	  13.392	 119.458	  50.202
26	-403.608	38	   8.822	 103.179	  21.016
27	-398.994	36	   0.517	 120.323	  29.745
28	-390.283	34	  20.771	 118.396	  60.932
29	-379.445	35	  40.726	 108.790	  57.023
30	-356.802	33	  25.417	  95.962	  71.695
31	-352.020	34	  17.929	  18.372	  28.116
32	-346.650	30	   6.176	 120.537	  39.370
33	-345.963	32	   0.606	 100.776	  47.737
34	-339.514	32	  -1.693	  -6.248	 -15.320
35	-330.789	31	   3.653	 -15.953	  -2.870
36	-322.362	29	  16.858	 -14.117	  21.062
37	-322.072	29	  23.401	   2.893	   6.156
38	-320.798	31	 -20.993	   1.477	  -7.374
39	-310.938	30	  44.108	  99.562	  61.368
40	-308.855	28	 -19.067	 -11.424	  -2.823
41	-305.937	28	   9.013	 -15.363	  24.275
42	-296.460	28	  15.578	 100.248	  70.499
43	-282.714	26	 -18.105	   7.519	  -2.798
44	-276.129	26	   1.786	  16.397	  20.025
45	-268.222	25	  -2.494	 116.274	  45.245
46	-263.585	25	 -10.068	  96.833	  30.381
47	-254.316	23	  21.242	 123.463	  46.491
48	-250.009	22	   6.523	 -19.052	   6.390
49	-243.710	24	   5.573	  87.534	  46.431
50	-239.508	23	   2.713	 108.182	  19.522
51	-239.343	21	  13.490	  92.258	  60.956
52	-238.911	23	  23.724	  -0.379	  -2.343
53	-237.453	22	  29.822	 101.706	  74.813
54	-237.235	23	  27.956	  11.874	  19.916
55	-237.233	22	 -10.557	 110.425	  24.360
56	-231.973	21	  28.013	  -4.390	  12.836
57	-230.820	22	  -5.535	   2.221	 -19.717
58	-230.414	21	   4.828	 118.869	  54.539
59	-229.701	22	  30.484	  92.883	  42.211
60	-229.431	21	  16.196	 109.506	  23.900
61	-226.714	22	   5.149	   8.323	 -14.255
62	-226.443	20	 -15.922	  -8.921	 -16.444
63	-225.509	20	  -3.853	 -13.916	  21.401
64	-224.815	21	  -2.423	  89.402	  30.193
65	-222.743	21	  -9.528	  17.961	  -8.976
66	-215.814	19	  21.113	  99.972	  29.672
67	-214.775	20	  -0.629	  12.784	 -14.526
68	-212.988	21	  -1.783	 112.747	  51.888
69	-212.881	20	  32.391	  87.058	  65.030
70	-209.988	20	  24.593	  90.393	  66.603
71	-209.020	19	  19.687	   9.783	  37.569
72	-208.281	20	 -12.813	  13.321	  -1.404
73	-208.184	20	  28.027	 -12.036	  19.471
74	-206.968	20	   4.029	  85.202	  35.726
75	-203.334	19	  30.786	  -1.730	  28.405
76	-200.066	19	  10.255	  95.108	  23.064
77	-199.813	17	  21.023	  17.161	  16.082
78	-199.407	19	  -1.034	  -9.673	  28.085
79	-187.583	18	   4.731	  15.355	  -7.587
80	-185.194	18	  24.584	  -3.742	  40.035
81	-176.791	16	  40.889	 110.552	  71.153
82	-174.210	17	  30.050	  -8.318	  32.634
83	-173.795	17	  12.363	  89.356	  53.572
84	-167.895	16	  11.294	  20.305	  17.562
85	-167.741	17	  32.130	 109.330	  77.490
86	-165.846	15	  16.083	 111.062	  69.635
87	-164.238	15	   4.163	   9.364	  24.371
88	-160.322	15	  -1.941	  14.806	  11.259
89	-158.585	14	  -4.104	   1.297	  22.396
90	-150.747	8	  13.860	  -6.835	  26.800
91	-150.475	15	  -4.897	 -17.688	  -2.974
92	-144.347	14	   9.456	 116.308	  65.309
93	-143.386	15	  28.106	 105.581	  29.082
94	-142.383	13	  15.612	 -19.530	  11.809
95	-140.832	12	  35.135	  99.944	  46.314
96	-139.152	14	  12.164	 119.394	  31.848
97	-138.732	13	   5.391	  88.702	  23.443
98	-138.353	13	  23.039	  95.035	  35.463
99	-137.459	14	  -2.208	 114.818	  19.570
100	-134.319	13	  17.228	   9.102	   3.802
101	-132.452	12	  15.082	  -6.904	  -2.374
102	-131.688	12	 -19.422	   3.246	   6.680
103	-130.700	13	  24.620	  85.215	  56.906
104	-126.554	12	  29.740	 112.187	  41.404
105	-125.849	13	   1.088	 109.335	  60.762
106	-123.644	12	  14.600	   6.376	  -5.557
107	-123.614	12	   7.939	 107.904	  68.356
108	-121.548	12	  13.094	  88.579	  30.213
109	-120.871	12	  -4.793	  90.184	  39.173
110	-120.748	11	 -12.894	 -12.760	  15.778
111	-109.869	11	 -14.401	  -9.278	   8.461
112	-108.071	10	   8.450	   1.102	  -6.361
113	-107.299	11	  -1.277	 122.902	  38.463
114	-104.421	10	  28.284	  85.462	  48.468
115	-103.183	10	  17.202	 123.878	  36.079
116	-102.279	10	 -10.630	  -4.222	  23.147
117	 -98.390	10	  -9.777	   6.807	  24.457
118	 -98.319	9	 -10.241	 117.729	  28.642
119	 -97.188	10	  13.225	 122.749	  58.075
120	 -94.682	9	  -3.588	  18.513	  -1.456
121	 -93.330	9	  10.160	 117.581	  22.713
122	 -92.123	9	   6.180	 -20.192	  14.709
123	 -83.393	8	  23.130	 -13.838	   8.651
124	 -82.599	8	 -21.480	  -4.378	   4.822
125	 -82.445	8	 -17.371	  -3.743	  15.368
126	 -82.298	8	  12.506	   5.175	  37.413
127	 -81.055	8	  33.087	 106.242	  36.269
128	 -80.981	4	  -6.615	  -6.545	  -1.455
129	 -80.848	8	  16.470	 -14.023	   1.207
130	 -80.657	8	 -22.385	  -6.713	 -10.155
131	 -80.350	8	  -0.359	  97.348	  57.273
132	 -79.492	8	 -11.724	 109.405	  45.895
133	 -77.593	7	   2.678	 104.120	  55.147
134	 -77.499	8	  27.508	 119.020	  37.809
135	 -75.629	4	  26.585	 110.173	  59.827
136	 -72.764	7	   7.887	  14.812	  29.197
137	 -72.653	3	   3.390	 111.026	  36.680
138	 -71.689	7	  40.943	 115.583	  51.352
139	 -71.016	7	   7.544	  95.982	  64.825
140	 -69.494	7	  20.262	 118.688	  29.239
141	 -66.794	6	 -14.759	   4.603	  16.661
142	 -62.758	6	  12.235	 125.478	  45.539
143	 -62.149	6	  11.684	  84.571	  38.878
144	 -54.104	4	   5.403	   0.306	  10.427
145	 -48.456	5	   6.732	  17.461	  -0.965
146	 -44.681	4	  21.590	 -11.209	  39.388
147	 -44.259	4	  37.128	 117.250	  71.928
148	 -42.483	4	 -15.615	   2.445	 -19.038
149	 -41.351	4	  -7.075	 -18.714	  12.701
150	 -40.839	3	  16.110	 104.924	  51.032
151	 -40.470	4	  41.155	 101.256	  71.628
152	 -39.483	4	   5.876	  -9.005	 -14.320
153	 -38.448	4	  28.400	   5.059	  37.421
154	 -32.473	3	  -1.276	  -1.685	  30.680
155	 -30.714	3	   9.111	 -13.700	  36.633
156	 -30.031	3	   3.685	  -0.974	 -17.641
157	 -28.856	3	 -18.615	 -18.974	  -8.301
158	 -28.518	3	 -10.357	 101.708	  22.740
159	 -27.686	3	  10.385	 -11.310	  -5.995
160	 -22.120	2	   1.896	 -15.974	 -13.320
161	 -20.609	2	   3.911	  89.026	  58.680
162	 -19.757	2	  22.385	 107.499	  76.680
163	  -9.223	1	  28.385	 125.026	  66.680
164	  -9.007	1	  43.385	 103.026	  51.680
165	  -8.999	1	   3.385	  -2.974	  38.680
