1	-1018.211	94	  16.734	   1.787	  15.733
2	-760.281	68	  17.487	  19.688	  14.983
3	-679.289	57	  22.589	  13.659	  15.792
4	-602.482	56	   7.502	  12.400	  32.094
5	-576.979	44	  39.026	  12.115	  28.227
6	-571.124	44	   8.955	  20.142	  29.432
7	-532.175	48	   3.684	  38.477	  14.247
8	-473.869	44	  16.428	  -3.880	  28.580
9	-438.105	38	  40.909	  25.712	  23.900
10	-412.574	34	   8.118	   8.205	  -2.754
11	-391.774	36	  28.469	  -4.094	  31.907
12	-331.613	30	  33.562	  24.587	  33.385
13	-325.818	30	  12.445	  23.682	  -8.837
14	-311.489	28	   4.120	  33.302	  -6.976
15	-301.086	27	  -5.945	  21.049	  -3.152
16	-285.477	26	  13.926	  34.974	  16.553
17	-278.345	26	   3.512	   0.876	  20.940
18	-259.385	23	  20.840	  29.196	  21.313
19	-251.615	24	  41.595	  14.604	  21.675
20	-242.787	20	  17.485	  31.622	  10.413
21	-237.557	22	  22.934	  36.506	   3.056
22	-236.333	23	  -6.719	  24.030	  15.177
23	-218.588	19	  21.446	  12.763	  42.321
24	-218.071	19	   1.379	  12.467	  23.657
25	-211.077	21	   1.224	   9.061	  -1.450
26	-208.713	20	  26.328	  24.746	  34.361
27	-202.841	18	  34.600	   0.800	  30.111
28	-202.790	19	  -1.794	  18.924	  21.272
29	-194.351	19	   1.840	  15.334	  -9.194
30	-193.068	18	   2.873	  38.182	   4.171
31	-190.648	18	  11.753	  38.328	   7.263
32	-176.550	17	   4.231	  23.623	 -10.420
33	-176.216	16	  -4.198	   6.145	  13.978
34	-175.182	16	  -6.390	  24.243	   4.801
35	-170.599	16	  23.151	  -3.804	  20.034
36	-164.989	15	  28.586	   3.372	  14.633
37	-164.210	16	  12.580	  14.585	  42.012
38	-159.737	14	  25.386	   9.142	   6.869
39	-152.865	14	  24.784	  26.379	  -1.227
40	-147.547	15	  21.409	  43.731	  -6.456
41	-141.239	13	  32.468	  30.160	  20.458
42	-136.408	12	  17.509	  11.912	  -4.061
43	-132.221	12	  -8.238	  14.057	  14.542
44	-129.685	13	  14.635	  33.171	 -12.824
45	-122.164	11	  -1.763	  32.901	  -0.845
46	-122.094	10	  21.341	  14.710	   1.929
47	-117.474	11	  -0.711	   4.968	   4.518
48	-114.597	10	  21.152	  26.078	   5.479
49	-114.201	8	  23.174	  10.939	  22.597
50	-112.452	11	  10.373	   4.226	  37.703
51	-101.403	10	  25.925	  23.450	  14.901
52	 -99.133	10	  13.858	  27.695	  30.865
53	 -94.923	9	  -6.120	  10.078	   2.490
54	 -93.831	9	  40.756	  23.372	  32.397
55	 -89.101	9	   2.885	  28.517	  26.779
56	 -87.933	9	   9.646	  -3.237	  19.490
57	 -80.644	8	  15.132	  41.363	  -9.580
58	 -73.546	6	   3.579	   9.220	  13.714
59	 -73.214	7	   6.789	   3.368	   6.388
60	 -71.998	7	  38.506	   6.998	  33.935
61	 -69.431	7	  27.734	  35.373	  -6.176
62	 -67.536	7	  18.028	  -5.298	  36.374
63	 -63.703	6	  33.156	  10.315	  42.464
64	 -61.040	3	  14.110	  20.227	  -0.376
65	 -59.852	6	  35.710	   4.272	  21.135
66	 -58.871	6	  33.250	  20.194	  11.372
67	 -46.183	5	  40.999	  15.657	  34.598
68	 -43.145	4	  37.899	  13.942	  13.985
69	 -39.313	4	  -2.587	  32.587	  17.179
70	 -39.225	4	   2.503	   2.832	  29.769
71	 -27.618	3	  24.313	  17.841	   9.668
72	 -23.763	2	  24.587	  15.841	  31.010
73	 -19.872	2	  -3.482	   4.376	  24.616
74	 -19.750	2	   6.496	  36.841	  24.010
75	 -18.462	2	   9.978	  42.338	   1.010
76	 -14.025	1	  18.983	  18.841	  25.010
77	 -10.896	1	  28.983	   1.841	  43.010
78	 -10.393	1	  20.983	  -0.159	  43.010
79	  -9.249	1	  36.983	  31.841	  32.010
80	  -8.954	1	  20.983	  29.841	  -9.990
