1	-935.298	68	  11.831	  19.278	  12.263
2	-745.041	65	   1.682	  23.802	   5.895
3	-569.504	52	   4.064	  40.845	  22.698
4	-517.398	47	  14.087	  49.234	  11.240
5	-413.594	38	   0.801	  25.355	  21.125
6	-374.531	35	   7.701	  29.808	  -4.630
7	-361.313	32	  19.396	  20.412	  19.374
8	-360.332	34	  -5.020	  21.628	  17.527
9	-357.997	36	  22.599	  31.875	  20.553
10	-329.653	32	  -2.092	  39.339	  19.075
11	-303.045	30	   6.975	  -0.477	  18.891
12	-300.570	24	  19.649	  45.479	   6.586
13	-283.082	24	   6.648	   4.201	  25.762
14	-269.152	25	   2.396	  49.370	  10.350
15	-266.103	23	  10.237	  20.374	  -3.146
16	-242.835	21	  -1.577	  18.554	   8.893
17	-238.994	22	  15.514	   5.327	  24.797
18	-228.288	22	  -6.603	  34.888	  15.283
19	-224.779	21	  24.443	  36.918	   6.172
20	-210.228	20	  -1.305	  48.487	  19.739
21	-208.579	17	  14.814	   5.668	   5.925
22	-202.078	19	  18.702	  43.025	  21.670
23	-193.936	19	  -1.574	  40.050	   2.319
24	-188.654	18	  20.271	  33.368	  -3.472
25	-140.430	14	  21.649	  10.817	  17.675
26	-136.546	13	  22.587	  26.717	  -4.905
27	-134.161	13	  13.047	  19.967	  24.470
28	-132.944	13	  21.396	  19.264	  -5.855
29	-128.896	13	   6.307	   8.294	   3.404
30	-120.045	11	  22.485	   4.285	  10.596
31	-117.545	11	  14.863	  13.930	  -3.808
32	-116.870	10	  23.571	  24.129	  12.234
33	-112.537	11	  -2.652	   9.702	  16.439
34	-109.514	11	  23.436	  18.892	   6.993
35	-106.494	11	  17.755	  42.774	  -1.246
36	-102.730	10	  24.453	  41.020	  13.704
37	 -92.748	9	  12.598	  13.098	  24.098
38	 -90.090	9	  -5.576	  35.756	   7.887
39	 -87.981	8	   3.735	  11.826	  22.692
40	 -68.682	7	   6.797	   0.413	   7.147
41	 -55.765	6	  12.372	  37.567	  26.986
42	 -55.057	5	  -4.634	  42.058	  12.218
43	 -49.056	5	   9.538	  48.793	  19.864
44	 -46.706	5	   8.275	  48.312	   1.308
45	 -41.208	4	   8.872	  26.155	  27.472
46	 -28.665	3	  20.704	  -2.040	  17.477
47	 -28.526	3	  23.681	  11.270	   5.695
48	 -18.454	2	  -1.118	   7.525	   8.020
