1	-765.785	55	  43.424	  -2.780	  27.578
2	-418.577	37	  51.481	  -0.540	  37.036
3	-358.615	31	  59.461	   4.765	  39.676
4	-356.274	34	  48.942	  21.886	  19.317
5	-343.216	27	  39.654	   5.678	  10.856
6	-341.528	31	  33.431	  -1.923	  27.589
7	-323.286	29	  45.625	  16.978	  40.905
8	-316.923	29	  44.144	   2.904	  36.014
9	-246.729	23	  38.852	  17.761	  13.634
10	-212.573	20	  45.700	  -9.658	  31.087
11	-211.241	19	  54.576	   5.566	  12.251
12	-204.371	19	  52.778	  12.497	  43.676
13	-202.201	17	  47.075	  11.835	   9.298
14	-194.469	19	  58.954	  21.589	  37.062
15	-192.791	19	  47.685	 -15.088	  20.556
16	-190.222	17	  58.646	  -7.020	  26.656
17	-181.080	17	  37.366	   6.926	  36.479
18	-180.528	17	  60.573	   5.584	  17.810
19	-179.272	18	  48.649	  27.663	  28.107
20	-171.386	17	  30.403	  11.238	  32.584
21	-166.867	16	  56.961	  -5.316	  16.181
22	-152.306	15	  66.320	  11.239	  21.234
23	-147.336	14	  35.715	 -10.538	  15.074
24	-138.524	13	  33.243	  15.574	  20.572
25	-136.650	12	  33.517	   5.594	  14.005
26	-134.190	10	  67.047	   8.416	  30.475
27	-121.788	7	  60.348	  10.056	  26.924
28	-117.460	12	  35.866	  17.074	  35.265
29	-111.277	11	  28.257	   0.775	  20.266
30	-103.451	10	  64.833	  14.589	  37.953
31	-102.907	10	  58.007	  -3.643	  36.900
32	 -99.909	10	  57.684	  17.646	  18.355
33	 -91.848	5	  45.102	  -7.278	  19.973
34	 -91.808	9	  45.326	  -5.742	   9.736
35	 -83.558	8	  66.448	  17.624	  30.469
36	 -67.964	7	  35.155	  23.496	  27.155
37	 -47.905	5	  54.016	 -13.151	  26.862
38	 -47.036	5	  47.142	  26.687	  36.637
39	 -38.797	4	  39.661	 -15.348	  20.418
40	 -29.941	3	  46.552	   4.548	   4.636
41	 -29.891	3	  45.219	   8.904	  44.636
42	 -28.684	3	  29.213	  -6.076	  12.966
43	 -27.190	3	  39.191	  28.242	  21.990
44	 -21.775	2	  42.440	 -14.096	  12.636
45	 -17.548	1	  36.878	   5.904	  23.636
