1	-759.994	55	  43.298	  -2.685	  27.809
2	-546.374	50	  52.211	  -0.531	  37.201
3	-371.634	34	  33.380	  -2.103	  27.206
4	-369.686	30	  39.899	   6.094	  10.999
5	-324.962	29	  44.105	   2.820	  36.012
6	-322.788	30	  49.337	  21.574	  19.165
7	-315.337	27	  59.907	   5.212	  39.861
8	-262.044	23	  45.089	  16.938	  40.678
9	-257.675	24	  38.773	  17.401	  13.579
10	-235.204	22	  45.763	  -9.458	  31.117
11	-229.330	19	  47.193	  11.832	   9.358
12	-223.995	21	  52.380	  12.925	  43.627
13	-212.561	19	  54.617	   5.562	  12.312
14	-185.633	18	  47.837	 -14.996	  20.497
15	-181.197	17	  35.546	 -10.526	  15.236
16	-178.754	16	  56.770	  -8.822	  25.389
17	-174.643	17	  59.180	  21.481	  37.145
18	-172.490	16	  37.698	   7.110	  36.514
19	-167.527	17	  48.459	  27.643	  28.396
20	-163.088	16	  30.579	  11.218	  32.974
21	-160.428	15	  60.523	   5.640	  17.822
22	-157.285	15	  56.989	  -5.390	  16.199
23	-156.920	15	  33.120	  15.376	  20.859
24	-140.294	14	  66.337	  11.305	  21.271
25	-137.080	12	  33.650	   5.584	  14.027
26	-120.668	10	  67.391	   7.903	  30.203
27	-115.376	7	  60.507	   9.725	  26.881
28	-109.874	11	  58.312	  17.397	  18.742
29	-103.287	10	  45.080	  -6.009	   9.811
30	-102.613	10	  64.866	  14.572	  38.010
31	-102.385	10	  28.238	   0.771	  20.708
32	 -97.835	10	  36.270	  16.913	  35.715
33	 -94.469	9	  60.035	  -5.108	  34.468
34	 -94.113	10	  35.493	  23.870	  27.282
35	 -69.943	4	  45.567	  -7.459	  19.239
36	 -60.793	6	  66.589	  17.705	  30.830
37	 -39.793	4	  46.881	   4.398	   4.687
38	 -38.023	4	  39.421	 -15.112	  20.432
39	 -29.209	3	  29.252	  -6.075	  13.006
40	 -29.031	3	  45.506	  26.516	  36.377
41	 -28.562	2	  36.912	   6.282	  23.687
42	 -19.079	2	  45.338	   8.896	  44.687
43	 -18.608	2	  39.430	  24.343	  17.134
44	 -12.254	1	  42.912	 -14.104	  12.687
