1	-789.958	60	  43.549	  -2.746	  27.877
2	-486.809	44	  52.142	  -1.027	  36.979
3	-414.874	33	  38.629	   6.016	  11.664
4	-379.856	34	  33.797	  -2.682	  27.022
5	-374.301	33	  59.801	   4.711	  39.717
6	-310.402	28	  43.991	   2.840	  36.165
7	-301.016	28	  45.948	  16.769	  41.302
8	-280.179	26	  38.998	  17.884	  13.673
9	-253.068	23	  55.272	   6.675	  13.255
10	-233.504	22	  54.216	  18.870	  18.253
11	-205.497	17	  47.130	  11.932	   9.504
12	-199.643	19	  35.585	 -10.643	  15.439
13	-190.886	17	  53.083	  11.568	  43.805
14	-184.367	16	  58.263	  -7.409	  26.136
15	-183.150	17	  37.612	   6.875	  36.386
16	-182.980	18	  47.380	  22.177	  19.262
17	-177.671	17	  33.173	  15.485	  20.654
18	-171.149	17	  48.026	 -14.979	  20.355
19	-163.595	15	  46.385	  -9.077	  31.476
20	-163.522	16	  30.730	  11.020	  33.056
21	-161.679	16	  49.611	  26.995	  28.313
22	-153.394	15	  66.187	  11.304	  21.256
23	-145.001	14	  60.514	  22.755	  34.315
24	-144.743	14	  56.760	  -5.564	  16.015
25	-129.305	13	  28.625	   0.537	  21.164
26	-118.265	11	  62.209	   3.522	  18.298
27	-114.373	7	  60.510	   9.737	  26.885
28	-113.938	10	  67.411	   7.709	  30.190
29	-100.072	9	  45.132	  -5.530	   9.707
30	 -96.750	9	  64.651	  14.410	  38.218
31	 -95.536	10	  39.898	 -13.861	  22.686
32	 -90.976	9	  36.197	  17.145	  35.474
33	 -80.002	8	  56.790	  19.468	  41.043
34	 -72.818	5	  45.455	  -7.594	  18.929
35	 -69.869	7	  66.511	  17.542	  30.767
36	 -39.486	4	  60.518	  20.853	  21.657
37	 -39.028	4	  52.892	 -13.949	  26.459
38	 -38.778	4	  35.422	  23.873	  27.613
39	 -38.002	4	  30.659	  -6.371	  11.922
40	 -28.129	3	  45.567	   7.558	  44.657
41	 -26.053	2	  36.934	   6.296	  23.657
42	 -21.763	2	  43.775	 -13.306	  11.816
43	 -21.625	2	  46.416	   4.853	   4.657
44	 -18.043	2	  41.440	  27.853	  35.657
45	 -10.126	1	  48.934	  25.853	  36.657
46	  -8.910	1	  38.934	  25.853	  18.657
