1	-824.353	61	  43.349	  -2.741	  27.927
2	-535.488	45	  38.255	   5.403	  11.642
3	-430.549	40	  32.996	  -2.142	  26.918
4	-362.293	32	  51.464	  -0.541	  37.078
5	-353.879	31	  59.530	   4.841	  39.761
6	-331.003	30	  44.205	   2.678	  35.912
7	-304.791	28	  49.260	  21.389	  19.136
8	-300.691	27	  45.560	  16.875	  40.847
9	-281.829	26	  55.319	   6.417	  13.363
10	-260.111	24	  38.758	  17.449	  13.564
11	-256.530	22	  46.995	  11.749	   9.229
12	-205.456	19	  45.698	  -9.495	  31.234
13	-192.007	18	  52.710	  12.583	  43.720
14	-187.077	18	  35.663	 -10.563	  15.160
15	-184.475	18	  33.127	  15.599	  20.417
16	-178.961	17	  37.385	   6.790	  36.575
17	-163.562	16	  47.932	 -15.003	  20.299
18	-162.534	16	  30.542	  11.175	  32.955
19	-160.849	16	  48.687	  27.505	  28.179
20	-156.859	14	  57.939	  -7.481	  25.030
21	-148.248	14	  56.848	  -5.362	  16.084
22	-142.404	14	  66.372	  11.096	  21.311
23	-136.242	13	  58.736	  -4.277	  35.652
24	-132.714	13	  44.823	  -7.248	  10.235
25	-125.962	8	  60.437	   9.837	  26.869
26	-123.583	12	  60.637	  22.651	  34.541
27	-123.127	10	  67.394	   7.914	  30.166
28	-109.136	10	  61.937	   3.602	  18.220
29	-102.498	10	  64.840	  14.561	  37.996
30	 -98.923	10	  36.268	  17.159	  35.619
31	 -95.393	10	  35.283	  23.301	  27.333
32	 -81.503	5	  45.273	  -7.483	  19.747
33	 -70.153	7	  56.864	  19.978	  40.697
34	 -61.217	6	  56.012	  16.612	  16.335
35	 -57.657	6	  66.541	  17.722	  30.859
36	 -57.006	6	  42.669	  27.015	  22.335
37	 -47.895	5	  53.056	 -13.574	  25.943
38	 -42.369	4	  28.163	   0.143	  17.974
39	 -38.845	4	  60.638	  20.866	  21.180
40	 -37.252	4	  48.189	  26.381	  36.670
41	 -30.049	3	  46.570	   4.520	   4.670
42	 -29.762	3	  39.885	 -15.463	  20.646
43	 -29.509	3	  29.232	  -6.097	  12.991
44	 -28.272	2	  36.892	   6.240	  23.670
45	 -19.215	2	  45.303	   7.467	  44.670
