1	-746.844	58	  43.413	  -2.909	  28.180
2	-432.202	40	  33.228	  -1.969	  27.397
3	-429.435	39	  44.624	   2.317	  36.055
4	-422.279	38	  51.429	  -0.706	  37.082
5	-417.960	35	  39.724	   5.712	  11.106
6	-348.742	33	  48.774	  21.765	  19.468
7	-339.060	30	  45.511	  16.969	  40.936
8	-330.005	29	  59.575	   4.973	  40.033
9	-235.358	22	  38.828	  17.322	  13.576
10	-234.849	20	  46.973	  11.658	   9.275
11	-221.606	20	  54.562	   5.414	  12.297
12	-200.746	19	  52.973	  12.318	  43.824
13	-189.237	17	  56.848	  -9.015	  25.300
14	-189.081	19	  30.395	  11.214	  32.542
15	-168.044	16	  56.953	  -5.395	  16.270
16	-166.391	17	  48.882	  27.412	  28.095
17	-165.617	16	  35.549	 -10.677	  15.166
18	-165.240	16	  33.118	  15.576	  20.674
19	-163.215	16	  59.039	  20.757	  38.017
20	-160.117	15	  37.183	   6.753	  36.549
21	-157.905	13	  67.104	   7.467	  30.325
22	-154.658	15	  58.579	  -4.911	  35.184
23	-152.698	15	  66.142	  11.251	  21.337
24	-150.828	14	  60.510	   5.498	  17.937
25	-145.571	14	  47.514	 -15.313	  21.116
26	-143.722	14	  45.012	  -7.316	  10.473
27	-141.685	13	  46.025	  -9.797	  31.301
28	-136.464	12	  33.594	   5.344	  14.235
29	-125.916	13	  36.004	  17.049	  35.520
30	-116.739	7	  60.478	   9.677	  26.941
31	-102.085	10	  64.814	  14.502	  38.053
32	 -87.402	9	  34.789	  22.866	  26.921
33	 -69.420	4	  45.041	  -7.821	  20.180
34	 -61.115	6	  55.991	  16.536	  16.387
35	 -59.628	6	  28.053	   0.016	  18.146
36	 -49.444	5	  60.056	  25.622	  31.138
37	 -48.691	5	  66.473	  17.805	  31.141
38	 -38.691	4	  39.627	 -15.459	  20.703
39	 -38.420	4	  60.874	  19.398	  20.776
40	 -37.116	4	  45.824	   9.294	  45.219
41	 -29.361	3	  46.543	   4.450	   4.730
42	 -28.959	3	  29.200	  -6.191	  13.080
43	 -27.604	3	  39.175	  28.147	  22.100
44	 -18.626	2	  46.863	  26.302	  36.730
45	 -17.499	1	  36.875	   5.805	  23.730
