1	-970.951	79	  14.578	  -4.480	  53.471
2	-898.287	71	  -6.264	  -2.428	   9.827
3	-868.794	77	   3.515	   6.344	  59.660
4	-733.974	55	  -6.467	  11.333	  -0.255
5	-717.724	55	   2.662	  20.366	  31.856
6	-655.374	56	 -15.148	   0.862	   7.219
7	-637.726	57	   3.284	   8.135	  38.496
8	-603.287	54	   5.457	  13.782	  19.319
9	-580.677	50	  -4.610	  27.426	   6.044
10	-566.228	45	 -12.692	  19.333	   0.072
11	-546.119	48	  14.523	  12.867	  57.194
12	-524.197	44	  32.248	   9.620	  45.523
13	-507.108	46	  -6.584	  16.100	  33.640
14	-498.983	42	 -23.446	  19.502	  13.229
15	-490.030	39	  19.858	   2.658	  57.440
16	-478.915	45	   3.987	  20.745	  20.391
17	-443.375	39	  14.521	  18.021	  26.294
18	-413.756	38	   5.272	   5.283	  48.687
19	-386.834	35	  12.919	 -10.209	  36.463
20	-372.787	34	   9.558	  18.957	  47.727
21	-368.040	33	  13.319	   2.570	  65.589
22	-360.128	30	   7.596	  21.734	  -3.518
23	-348.355	32	   3.108	  24.506	   1.820
24	-315.188	31	  24.739	  13.769	  21.097
25	-306.882	26	 -16.719	   1.722	  20.903
26	-300.110	28	   4.194	  19.071	   8.493
27	-299.464	28	  -5.610	  23.883	  -8.436
28	-294.089	27	  26.430	  19.209	  40.777
29	-288.695	26	 -17.347	  25.140	  22.849
30	-283.392	28	 -23.926	   8.525	   9.409
31	-272.105	25	  32.820	  -2.025	  42.236
32	-270.958	25	  22.606	  -7.969	  42.246
33	-262.599	25	  -1.773	  -6.219	  20.804
34	-251.331	23	 -14.284	   5.502	  -0.035
35	-236.194	21	   5.304	  15.734	  41.587
36	-233.434	23	  25.286	   0.282	  28.660
37	-226.770	23	 -17.170	  10.427	  36.316
38	-222.246	21	  10.936	  -7.500	  25.563
39	-218.450	21	   2.523	   5.938	   5.805
40	-216.571	21	   5.849	  -4.932	  16.077
41	-208.333	19	  -2.769	   0.338	  37.783
42	-208.223	13	   0.911	   9.340	  25.190
43	-198.880	18	  30.538	  12.877	  34.475
44	-195.751	19	 -12.198	  30.612	  14.504
45	-188.675	18	  13.993	  -1.636	  17.576
46	-184.410	17	 -20.601	  15.559	  24.336
47	-183.508	17	   6.722	  -6.456	  45.418
48	-161.542	15	 -11.388	  -3.561	  29.582
49	-158.887	16	  -5.588	   2.837	   3.430
50	-158.187	16	   0.683	   0.836	  69.629
51	-157.499	16	  -0.976	  31.338	  16.188
52	-157.282	10	   6.785	   6.785	  31.597
53	-156.302	15	  20.986	  20.834	  49.324
54	-153.964	15	 -12.788	  -4.855	  15.425
55	-145.864	15	   9.668	  12.825	  -1.790
56	-138.232	14	  23.251	  -9.650	  49.787
57	-137.971	13	   1.638	  -4.045	  57.439
58	-137.659	13	  10.933	   6.786	  15.007
59	-131.233	12	  -9.675	  13.839	  -6.974
60	-125.540	11	  10.796	  -3.701	  60.645
61	-125.041	7	  21.934	  14.424	  28.969
62	-122.104	12	 -11.907	   4.661	  36.896
63	-115.773	11	  28.401	  -4.414	  35.680
64	-111.461	10	  18.463	  23.328	  37.862
65	-110.394	10	  -0.677	  27.434	  25.698
66	-103.966	10	  30.553	  14.646	  51.310
67	-103.452	6	  16.026	  13.464	  34.817
68	-101.214	6	  -7.836	  16.405	  24.551
69	 -99.645	10	 -21.374	   7.714	  22.901
70	 -99.374	10	  30.259	   5.754	  31.330
71	 -94.622	8	  -2.235	  16.980	  -6.765
72	 -94.208	9	 -16.019	  26.210	   2.813
73	 -87.870	8	  22.705	 -10.088	  33.787
74	 -79.855	8	  31.736	   2.155	  54.917
75	 -78.493	8	 -19.133	   0.728	  13.142
76	 -73.705	7	  31.051	 -11.455	  46.183
77	 -72.750	7	   1.231	  -8.227	   8.677
78	 -68.708	7	  -9.550	  27.457	  25.759
79	 -67.001	7	   3.584	  -8.869	  27.866
80	 -66.736	7	  24.164	   9.230	  58.222
81	 -60.196	6	  10.553	  24.933	  31.973
82	 -58.373	6	 -22.838	   1.312	   2.822
83	 -55.458	4	 -14.150	  13.185	  29.813
84	 -52.978	5	   8.345	  22.565	  40.365
85	 -52.637	5	 -20.790	  27.363	  10.791
86	 -48.759	5	  19.408	  -8.422	  26.253
87	 -48.422	5	  26.956	  -3.852	  53.399
88	 -40.730	4	  14.164	 -10.346	  46.811
89	 -39.954	3	  23.930	   9.723	  34.813
90	 -39.378	4	   4.620	  19.592	  55.824
91	 -38.233	4	   3.174	  28.392	  -5.676
92	 -30.306	3	 -19.836	  11.093	  -1.187
93	 -30.235	3	 -13.836	  22.442	  31.196
94	 -29.132	3	  29.473	  18.473	  28.504
95	 -27.816	3	  16.486	  12.821	  17.486
96	 -22.537	2	  -3.836	  -5.852	  31.308
97	 -20.211	2	 -21.836	  16.603	  33.813
98	 -19.082	2	   2.647	  24.081	 -14.187
99	 -18.891	2	  -6.789	  -9.376	  14.813
100	 -18.562	2	 -24.330	  19.148	   1.307
101	 -18.533	2	   8.164	   7.651	  69.310
102	 -18.173	2	 -11.346	  -3.350	   0.805
103	 -18.005	2	  -1.844	   1.650	  54.319
104	 -15.120	1	  -8.836	  12.148	  10.813
105	  -9.909	1	  -5.836	  -9.852	   5.813
106	  -9.368	1	   8.164	  18.148	 -12.187
107	  -9.183	1	  17.164	   2.148	  43.813
108	  -9.110	1	  20.164	  -6.852	  59.813
