1	-1808.106	152	  31.389	   7.306	  11.631
2	-1651.421	133	  24.319	   1.921	  10.875
3	-1459.375	118	  30.804	  -7.412	  49.903
4	-1414.597	119	  22.818	  -2.247	  50.408
5	-1364.627	108	  14.698	   3.048	  26.942
6	-1167.992	93	  42.103	  -0.617	  27.836
7	-1141.569	100	  20.275	 -23.268	  13.652
8	-967.253	89	  23.093	  -4.590	  32.992
9	-959.441	76	  13.336	  -3.847	  33.256
10	-936.402	84	  28.595	  27.909	  12.797
11	-894.722	79	  43.839	  -0.281	  18.067
12	-869.248	75	  36.439	 -27.018	  35.861
13	-852.839	67	  41.472	   2.279	  36.141
14	-827.153	75	  37.577	  29.938	  31.416
15	-822.464	74	  17.505	  22.385	  47.592
16	-820.064	66	  25.323	  -6.482	  59.157
17	-812.838	71	  41.114	 -14.980	  11.906
18	-802.327	73	  42.460	   1.842	  44.526
19	-789.494	68	   4.240	  -6.827	  23.429
20	-774.484	67	  51.929	   9.745	  28.630
21	-749.606	67	  11.165	  -7.188	  42.263
22	-741.179	63	   3.848	   5.008	  35.837
23	-707.141	65	  32.285	  -2.803	  27.150
24	-691.262	66	  23.019	  -0.255	  21.163
25	-679.347	62	  32.299	  -4.247	  39.328
26	-678.181	61	  32.483	   2.290	  35.267
27	-665.038	54	  14.036	 -15.842	  41.119
28	-663.953	60	  15.778	 -24.952	  40.841
29	-649.515	56	  50.274	  -6.649	  36.499
30	-642.395	57	  15.264	  22.903	  18.195
31	-623.047	54	  22.702	  27.118	  35.463
32	-592.781	54	  13.255	 -28.635	  19.728
33	-588.393	54	  25.345	   5.726	  28.302
34	-574.496	54	  28.119	 -14.952	  -1.848
35	-571.770	55	  22.265	  -0.052	  40.004
36	-564.566	50	  11.821	   6.157	  19.223
37	-512.735	48	  24.718	  16.605	  58.947
38	-511.181	47	  -1.809	 -12.732	   8.035
39	-508.365	47	  13.500	  27.133	  41.109
40	-497.216	47	  41.614	  -2.551	  53.537
41	-490.275	40	  31.955	   1.555	  -3.355
42	-482.037	45	  33.301	   4.077	  24.083
43	-481.930	44	  39.945	 -16.746	  62.980
44	-480.378	44	  -4.232	  10.201	  50.687
45	-477.291	43	  12.996	   0.362	  66.306
46	-472.899	42	  39.989	  15.610	  48.584
47	-468.381	44	  38.482	  13.673	  55.415
48	-461.812	42	  29.560	  26.545	  39.031
49	-454.785	40	  50.254	  10.592	  14.732
50	-450.565	38	  33.489	  25.963	  24.128
51	-441.035	43	  22.775	   5.404	  -2.428
52	-438.283	38	  41.233	  17.321	  -0.111
53	-436.807	41	  50.714	 -37.859	  43.444
54	-431.662	40	  38.206	   3.842	  62.821
55	-428.091	39	  24.731	 -27.468	  25.564
56	-420.733	39	  11.612	  16.504	  17.972
57	-418.195	38	  27.137	   6.609	  18.830
58	-418.092	41	   2.528	  28.123	  57.464
59	-414.174	41	  32.515	  -9.498	  63.194
60	-413.533	38	  26.578	  -6.853	  44.031
61	-411.267	38	  29.588	 -28.554	  53.330
62	-410.551	40	  34.722	   9.656	  -0.718
63	-397.690	38	  12.662	   7.301	  10.230
64	-390.752	37	  49.849	  38.956	  19.884
65	-388.668	33	  48.706	 -24.283	  19.159
66	-388.555	34	  58.489	 -20.146	  45.292
67	-387.530	34	  49.517	  -9.246	  48.895
68	-385.472	35	  32.183	 -26.417	  22.918
69	-384.246	33	  28.443	  -1.588	  65.286
70	-382.535	35	  58.398	  22.600	  19.330
71	-372.155	34	  15.278	  -0.986	  -4.883
72	-371.908	35	  12.031	  -8.644	  52.996
73	-356.692	29	  25.562	  13.379	  -0.125
74	-356.487	32	  -4.193	  19.558	  44.846
75	-355.811	32	  56.713	  27.830	  27.900
76	-352.919	32	   5.248	  -0.138	  52.487
77	-347.895	28	   8.690	 -28.908	  29.216
78	-345.613	30	  52.752	  -8.219	  28.715
79	-344.184	26	  28.314	   6.469	   2.919
80	-340.997	30	  24.341	 -14.913	  62.208
81	-340.662	32	  30.687	 -27.742	  45.150
82	-329.879	30	  41.723	 -29.699	  28.122
83	-329.731	31	   5.987	  -0.596	  10.091
84	-329.331	30	  58.747	 -14.939	  37.232
85	-316.754	29	  46.393	 -25.445	  60.190
86	-310.198	25	  45.934	  26.681	  43.361
87	-298.726	27	   6.566	  27.947	  32.915
88	-298.441	27	  30.470	   0.546	  16.880
89	-297.897	27	  -3.412	 -14.395	  17.855
90	-295.955	24	  42.395	  -7.076	  13.531
91	-293.959	28	  42.874	   2.742	   8.516
92	-287.784	28	  -5.370	  14.411	  33.494
93	-283.987	28	  35.083	  31.348	  48.355
94	-280.825	26	  58.463	  18.636	  28.259
95	-279.226	24	  28.469	   0.303	  45.946
96	-279.214	27	   2.905	 -26.359	   4.128
97	-272.853	25	  47.035	  26.457	   2.907
98	-271.159	23	  -1.324	 -22.238	  14.139
99	-267.360	24	  58.744	 -24.113	  36.172
100	-266.720	24	  14.845	 -17.182	  56.413
101	-266.100	25	  16.081	  17.134	   3.831
102	-265.944	25	  26.791	 -17.427	   5.861
103	-265.758	25	   5.744	   9.532	  66.978
104	-259.077	24	  -4.606	  11.929	  41.393
105	-258.293	24	  54.888	 -28.633	  49.344
106	-257.597	25	  18.416	  35.166	  29.824
107	-254.143	24	  41.134	  -2.636	   0.437
108	-250.499	20	  41.813	   6.832	  50.124
109	-232.591	23	   1.667	   1.473	  44.357
110	-232.360	20	   8.187	  -9.450	  -6.887
111	-231.117	23	   8.278	   1.377	   3.082
112	-218.303	21	  59.268	  16.705	  35.473
113	-207.998	20	  37.119	 -30.786	  14.111
114	-205.613	19	  46.001	  29.640	  35.623
115	-201.141	19	  13.664	 -22.883	  49.753
116	-200.816	20	  60.449	 -14.923	  29.080
117	-194.491	19	  33.863	  17.174	  63.290
118	-194.109	19	  49.324	   8.075	  38.311
119	-187.111	18	  22.589	  13.563	  65.219
120	-184.968	18	  -3.559	 -16.146	  27.001
121	-180.776	18	  15.019	  26.631	  10.571
122	-179.754	17	  16.775	  -8.637	  60.564
123	-179.171	17	   4.310	   9.163	  27.831
124	-172.836	16	  54.108	  27.934	  11.495
125	-171.780	17	  39.831	 -14.019	  -3.187
126	-161.736	16	  48.275	 -10.972	  55.973
127	-160.785	16	  49.163	 -28.650	  27.641
128	-154.889	14	  -0.765	  15.916	  60.898
129	-154.300	15	  20.690	 -35.450	  31.235
130	-149.351	14	  43.029	  -9.509	   5.499
131	-144.989	14	   1.682	  18.941	  66.500
132	-144.483	15	  19.254	 -29.925	  50.876
133	-143.688	14	   4.443	 -10.610	  31.635
134	-142.533	14	  55.259	  31.969	  20.152
135	-139.090	14	  28.035	 -27.404	  12.079
136	-133.272	13	  40.251	  31.968	   2.486
137	-130.685	12	  17.138	  30.894	  18.843
138	-130.365	13	  37.568	  23.238	  54.098
139	-125.588	13	  21.696	  29.658	   7.293
140	-125.369	11	  12.048	  33.964	  50.757
141	-124.228	12	  -2.173	  25.117	  37.003
142	-121.033	12	  46.641	   9.209	   8.286
143	-120.654	8	  18.063	  13.638	  20.878
144	-120.610	8	  16.416	  11.530	  54.092
145	-120.385	12	  13.785	  15.626	  69.446
146	-117.280	11	  25.132	  27.476	  49.769
147	-115.219	11	  28.955	  10.268	  69.032
148	-113.276	11	   9.826	 -31.497	   1.159
149	-111.758	8	  37.139	 -21.516	  47.044
150	-111.369	11	   4.914	  -0.974	  61.999
151	-108.636	11	  43.943	 -27.757	  12.583
152	-104.364	10	  54.213	 -20.550	  55.480
153	-102.630	10	  11.591	  33.862	  27.651
154	-100.946	10	  54.700	  27.270	  38.235
155	-100.378	10	  56.212	 -31.545	  34.122
156	 -99.451	10	  12.140	  35.975	  58.140
157	 -97.010	10	   2.642	 -29.716	  13.332
158	 -95.105	6	  36.068	  22.004	  14.865
159	 -94.014	9	  35.658	  33.035	  16.919
160	 -89.016	5	  19.243	 -12.176	   6.513
161	 -87.421	9	  37.246	 -23.166	   5.224
162	 -85.561	8	  56.958	 -25.411	  25.917
163	 -85.121	9	  49.407	 -37.887	  35.467
164	 -82.493	8	   2.122	  -4.881	  16.020
165	 -81.883	8	  16.570	 -16.875	  -8.604
166	 -79.360	8	  39.627	 -32.660	  57.828
167	 -79.294	8	  28.725	  31.845	  27.328
168	 -79.188	8	  55.112	 -14.186	  48.922
169	 -78.959	8	   7.589	 -17.724	  -8.163
170	 -78.383	8	  50.999	  15.197	   4.553
171	 -75.654	7	  33.270	  29.248	   5.836
172	 -72.041	7	   2.504	 -19.264	  33.680
173	 -71.557	7	  -3.066	  19.996	  54.378
174	 -71.047	7	  18.932	  21.219	  55.660
175	 -71.005	7	  13.240	 -34.647	  33.143
176	 -70.448	7	  29.930	 -32.122	  34.883
177	 -69.982	7	  49.454	 -33.953	  56.456
178	 -68.998	7	  21.427	 -26.681	   1.984
179	 -68.733	7	  52.298	  15.793	  43.652
180	 -68.628	7	  18.781	  -3.869	 -10.886
181	 -64.059	6	   2.712	  18.700	  25.237
182	 -63.958	6	  -0.212	 -27.176	  22.047
183	 -59.654	6	   2.030	  -8.914	  -1.150
184	 -59.418	6	  53.953	 -13.318	  20.206
185	 -58.786	6	  51.023	  31.994	   6.016
186	 -57.078	6	  33.245	 -10.186	  -8.504
187	 -56.950	6	  10.861	 -34.345	   9.693
188	 -56.492	6	  46.720	  37.936	   8.971
189	 -51.755	5	   2.157	 -18.056	  -1.704
190	 -51.152	5	  24.786	  25.736	  -0.730
191	 -50.295	3	   6.045	  13.041	  54.516
192	 -49.938	5	  24.340	 -26.402	  60.616
193	 -49.595	5	  17.719	  28.352	  60.403
194	 -48.497	5	  10.293	  21.734	  66.465
195	 -48.217	5	  36.635	 -27.629	  63.212
196	 -43.089	3	  44.790	 -27.534	  48.764
197	 -41.949	4	  -0.660	   6.563	  60.802
198	 -41.042	4	  19.458	   8.953	  71.308
199	 -40.010	4	  24.824	 -33.305	   9.350
200	 -39.550	3	  48.646	 -20.070	  45.836
201	 -38.574	4	  16.609	 -17.526	  63.845
202	 -37.869	4	  46.820	  20.441	  47.595
203	 -32.975	3	  25.340	  -8.663	  -9.828
204	 -32.035	3	  20.620	  32.385	  54.537
205	 -30.682	2	  45.704	  27.983	  13.472
206	 -29.678	3	  17.340	 -34.664	   0.156
207	 -29.635	3	  37.947	 -37.666	  37.634
208	 -28.619	3	  -0.720	  27.923	  46.197
209	 -28.567	3	  33.681	  26.348	  -2.465
210	 -27.915	3	  55.992	  16.286	  15.513
211	 -27.698	2	  52.372	 -20.509	  38.376
212	 -26.561	2	  48.340	  21.562	  17.836
213	 -23.759	2	  41.340	  42.424	  23.836
214	 -21.588	2	  24.808	   9.515	  34.836
215	 -20.226	2	  16.340	 -29.017	  58.363
216	 -20.106	2	   8.264	 -24.017	  36.298
217	 -19.703	1	  30.340	 -11.017	  29.836
218	 -18.016	2	  42.832	 -43.022	  40.349
219	 -13.952	1	  10.340	 -16.017	   0.836
220	 -12.111	1	   8.340	 -13.017	   7.836
221	  -8.985	1	   9.340	 -36.017	  22.836
