1	-1154.829	81	   2.856	  61.009	  69.202
2	-781.285	67	  25.194	  64.746	  66.304
3	-753.714	68	  -4.086	  55.104	  64.425
4	-738.334	63	  18.209	  77.645	  61.801
5	-720.773	60	   9.895	  58.159	 107.549
6	-697.167	58	   4.330	  55.657	  87.317
7	-693.404	65	  17.371	  39.295	  78.228
8	-679.810	50	  13.590	  51.397	  80.263
9	-663.517	61	  -2.792	  67.260	  78.893
10	-657.480	59	  32.296	  63.786	  70.790
11	-571.344	53	   2.718	  74.365	  74.654
12	-559.197	52	  28.984	  79.174	  66.612
13	-531.090	41	  20.257	  72.378	  51.663
14	-515.779	47	  18.909	  76.894	  38.521
15	-488.811	46	  29.095	  86.521	  77.140
16	-462.075	41	  21.466	  57.066	  58.987
17	-450.894	40	  39.660	  76.237	  73.875
18	-448.048	41	   5.245	  47.106	  62.400
19	-447.984	43	  29.702	  52.801	  98.957
20	-437.319	39	  34.007	  85.000	  95.417
21	-432.798	37	   0.309	  54.483	  76.940
22	-429.157	41	  -2.626	  72.763	  52.958
23	-408.586	38	  37.675	  59.473	  81.275
24	-405.203	38	  40.236	  49.078	  81.064
25	-386.325	36	  35.198	  73.794	  94.461
26	-386.290	36	  41.329	  81.514	  85.738
27	-377.764	34	  21.682	  73.452	 103.419
28	-368.367	31	  19.732	  78.935	  79.172
29	-351.840	32	   6.338	  54.276	  46.136
30	-351.800	23	  26.687	  71.174	  75.806
31	-332.288	28	   6.477	  41.310	  81.218
32	-324.440	28	  19.001	  76.955	  95.420
33	-314.133	28	  -1.923	  71.074	  96.412
34	-303.613	25	  10.846	  71.258	 108.235
35	-301.281	29	  29.620	  65.192	 105.350
36	-300.728	28	   2.998	  48.718	  87.837
37	-299.027	27	  11.053	  37.425	  86.713
38	-277.884	16	  27.581	  53.260	  76.067
39	-267.568	24	  37.159	  68.514	  88.824
40	-265.306	24	  14.921	  63.977	 111.894
41	-259.207	25	   9.364	  76.268	 101.394
42	-250.079	24	  23.860	  91.090	  93.891
43	-250.068	23	  -7.511	  66.300	  59.954
44	-246.438	24	  28.812	  86.058	  61.250
45	-243.734	16	  10.647	  63.710	  75.881
46	-242.944	23	  17.640	  82.745	  53.719
47	-229.531	22	  -8.472	  62.615	  99.905
48	-229.415	20	  13.666	  57.519	  43.698
49	-218.018	19	  29.529	  43.138	  97.564
50	-216.777	19	  20.434	  37.443	  89.594
51	-211.590	18	   4.114	  64.407	  43.001
52	-209.013	20	  -9.121	  66.180	  69.972
53	-205.770	19	  39.218	  98.065	  97.062
54	-203.161	21	   5.662	  40.468	  99.551
55	-196.277	17	  29.197	 101.247	  86.418
56	-191.940	19	  36.056	  91.480	  81.213
57	-189.162	18	  20.402	  62.931	  48.716
58	-188.474	18	  15.548	  41.129	  68.126
59	-184.501	17	  15.050	  54.930	 111.126
60	-181.941	17	  16.890	  41.325	 106.315
61	-174.612	17	  29.820	  36.663	  78.568
62	-174.374	16	  13.213	  84.725	  42.874
63	-163.653	15	  13.923	  38.053	  95.730
64	-162.265	15	   7.834	  79.693	  59.705
65	-157.049	15	   7.671	  41.413	  68.173
66	-156.691	14	  40.217	  99.989	  90.158
67	-156.627	15	  35.731	  60.918	  92.277
68	-154.777	15	  38.705	  56.368	  70.208
69	-152.423	15	  -1.139	  72.047	  86.546
70	-150.956	14	  26.901	  84.513	  48.590
71	-145.694	15	   5.741	  81.745	  47.338
72	-142.758	14	  41.458	  69.074	  80.932
73	-140.656	10	   1.389	  57.129	 103.049
74	-139.887	13	  24.463	  93.077	  50.833
75	-139.528	14	  32.480	  47.869	  65.299
76	-132.005	13	  24.101	  77.180	  44.162
77	-131.535	12	  14.657	  47.825	  61.400
78	-128.883	11	  39.897	  90.670	  92.086
79	-127.940	8	  21.539	  69.180	  85.738
80	-125.068	13	  18.787	  82.182	  87.862
81	-121.545	12	  -3.524	  63.530	  48.147
82	-107.589	11	  23.549	  54.571	 109.861
83	-104.781	10	   4.296	  48.562	 104.771
84	 -95.646	9	  12.429	  78.480	  73.460
85	 -94.592	9	  21.219	  94.163	  84.245
86	 -88.348	9	  14.099	  61.991	  36.112
87	 -87.600	9	  -0.198	  41.764	  71.811
88	 -85.291	9	  39.461	  37.377	  86.684
89	 -84.054	5	  17.922	  61.011	  64.920
90	 -78.829	7	  37.080	  47.535	  71.274
91	 -68.710	7	  33.727	  40.294	  91.155
92	 -67.557	7	  22.443	  83.309	  71.504
93	 -66.917	7	   9.519	  77.911	  89.616
94	 -65.966	6	  27.066	  78.135	  98.394
95	 -61.816	6	  -3.231	  55.709	  93.151
96	 -59.841	6	  32.455	 106.313	  93.900
97	 -59.733	6	  41.333	  39.776	  76.693
98	 -57.236	6	   9.838	  76.480	  80.632
99	 -56.679	6	  24.302	  94.314	  58.304
100	 -51.155	5	  32.412	  70.367	  65.725
101	 -50.171	5	   7.247	  72.254	  35.617
102	 -48.230	5	  27.459	  97.508	  79.016
103	 -47.931	5	  20.654	  87.480	  41.386
104	 -47.222	5	   0.648	  65.043	 108.373
105	 -44.053	4	  27.240	  58.695	  88.015
106	 -40.722	4	  32.951	  38.981	  70.293
107	 -38.231	4	  -2.289	  54.230	  53.815
108	 -37.925	4	  17.458	  53.233	  52.797
109	 -31.643	2	   6.461	  68.480	  94.510
110	 -31.091	3	  22.758	  38.154	 101.765
111	 -29.695	3	  24.846	  71.208	  61.872
112	 -25.255	2	   4.461	  68.480	  55.278
113	 -20.200	2	  10.490	  40.422	 109.280
114	 -20.115	2	  38.461	 105.480	  85.274
115	 -19.704	2	   9.461	  83.962	  35.794
116	 -19.353	2	  -1.051	  74.456	  43.330
117	 -19.126	2	  11.461	  35.035	  77.276
118	 -19.085	2	  23.438	  45.968	  60.794
119	 -18.005	1	  13.461	  47.480	  87.794
120	 -13.109	1	  -1.539	  68.480	  70.794
121	 -13.083	1	  15.461	  70.480	  70.794
122	 -10.443	1	  -2.539	  77.480	  63.794
123	 -10.443	1	  33.461	  59.480	  60.794
124	  -9.747	1	  22.461	  64.480	  35.794
125	  -9.234	1	  26.461	  71.480	  34.794
126	  -9.111	1	  24.461	  70.480	 110.794
