1	-1461.088	130	   4.668	  75.953	  -3.815
2	-907.748	65	  16.010	  76.192	  17.111
3	-850.847	74	 -10.359	  94.067	  21.244
4	-652.806	51	 -12.377	  77.077	  14.770
5	-646.113	50	  12.496	  67.880	  19.445
6	-608.430	53	  -6.247	 103.156	  11.595
7	-593.893	49	 -12.536	  84.669	  24.124
8	-572.840	50	   6.573	  68.726	   9.664
9	-548.008	46	   2.155	  67.252	  -5.536
10	-539.166	49	  21.033	  50.400	 -10.266
11	-521.129	49	   1.206	 101.495	  20.284
12	-464.311	42	  22.009	  82.751	  19.932
13	-461.109	42	 -10.003	  71.529	  23.642
14	-455.555	43	  18.108	  89.246	   1.997
15	-448.497	41	  21.354	  60.950	 -19.298
16	-444.887	41	  -5.724	  86.097	  -6.684
17	-444.509	40	   7.545	  96.021	  -1.356
18	-444.049	41	  35.341	  69.639	 -12.568
19	-434.596	40	  36.976	  73.237	   0.801
20	-431.130	41	  -4.938	  68.807	  14.486
21	-391.070	37	  23.814	  87.633	   7.420
22	-389.298	37	  38.670	  62.901	 -11.077
23	-381.886	34	  -7.023	  74.493	   3.914
24	-378.313	33	  34.473	  64.094	  14.666
25	-358.564	29	   3.430	  82.073	  28.693
26	-355.917	30	  11.894	  89.328	  29.125
27	-350.012	23	  15.768	  77.559	   8.571
28	-332.004	31	  31.596	  52.359	  -8.267
29	-319.846	30	  27.748	  48.547	   6.836
30	-288.899	24	 -15.095	  97.559	  10.683
31	-259.182	24	 -14.069	  79.872	   8.330
32	-230.111	21	  20.340	  74.276	 -16.442
33	-226.209	22	   3.081	  68.174	  24.049
34	-224.944	21	  15.907	  67.088	 -20.670
35	-199.229	18	   8.890	  59.020	 -17.071
36	-197.398	19	  16.962	  60.344	  19.746
37	-189.987	19	  -4.081	  90.239	  30.293
38	-189.656	19	   8.973	  53.737	   7.212
39	-189.218	17	  14.488	  99.158	   8.114
40	-188.318	18	  37.248	  54.901	  -0.361
41	-187.375	19	  25.081	  90.844	  17.013
42	-179.936	18	   7.477	  73.000	 -14.626
43	-176.779	17	  13.399	  83.598	 -11.391
44	-175.365	16	   3.460	  53.980	   0.417
45	-173.221	17	   3.308	  56.484	  -8.900
46	-173.214	16	   7.424	  50.151	  -5.227
47	-154.136	16	  12.625	  72.294	  25.721
48	-153.665	14	   0.397	  68.571	   4.324
49	-151.109	14	  23.452	  54.155	  15.266
50	-150.656	15	  16.488	  79.596	  24.706
51	-145.267	12	   0.260	  97.424	  -4.857
52	-137.677	14	 -12.369	  84.945	  -1.726
53	-134.277	12	  28.857	  85.210	   2.331
54	-134.228	13	 -17.283	  87.009	   4.104
55	-125.708	13	   6.949	  95.422	  32.095
56	-122.953	12	  27.099	  44.026	  -3.823
57	-121.745	12	  28.433	  71.177	  23.627
58	-120.950	12	  33.122	  60.581	 -19.119
59	-119.282	12	  22.008	  83.596	  -9.305
60	-116.607	11	  35.306	  56.405	   8.564
61	-114.613	11	  41.333	  70.234	   7.083
62	-113.231	11	  13.374	  47.134	  -8.320
63	-112.918	11	  25.557	  56.025	 -16.341
64	-108.776	11	  -2.509	 105.861	   3.652
65	-106.477	10	  17.531	  47.324	   9.206
66	-106.425	7	  20.868	  48.823	  -0.151
67	-106.204	10	  33.894	  80.146	  -3.440
68	-102.530	8	  10.671	  80.876	  -0.291
69	-101.724	10	  39.260	  72.305	  15.043
70	 -98.013	10	  22.208	  91.960	  28.489
71	 -97.445	8	  28.204	  78.404	  -8.874
72	 -94.188	10	  19.401	  41.376	   2.036
73	 -90.192	9	  -6.066	  76.319	  29.618
74	 -89.317	9	  14.122	  98.127	  29.956
75	 -88.368	9	  31.390	  82.178	  19.371
76	 -86.244	8	  -7.833	  96.765	  -5.331
77	 -86.109	9	 -12.903	 100.671	   0.606
78	 -85.336	8	  15.494	  99.605	  22.289
79	 -73.494	7	  18.913	  97.557	  15.397
80	 -69.324	7	   6.991	 107.247	   7.863
81	 -66.228	4	  31.293	  66.523	   5.965
82	 -65.388	7	  38.397	  87.265	   6.447
83	 -60.497	6	  10.777	  90.384	  -8.423
84	 -59.203	6	 -19.530	  86.939	  13.146
85	 -53.949	5	   1.814	  86.663	  -9.828
86	 -51.709	5	   3.123	  60.125	   5.284
87	 -51.501	5	 -17.223	  95.066	   1.947
88	 -48.279	5	   9.147	 105.680	  15.109
89	 -47.138	5	  39.146	  82.682	  12.354
90	 -37.813	4	  -1.572	  95.680	 -12.749
91	 -32.498	2	  14.405	  90.680	  13.731
92	 -31.767	3	  -0.014	 101.306	  32.026
93	 -28.878	3	   2.675	  62.365	 -13.958
94	 -25.018	2	  24.986	  60.680	  20.152
95	 -21.722	1	  22.986	  79.680	  -1.269
96	 -20.232	2	  -6.528	 103.680	  26.731
97	 -18.485	2	  15.512	  50.680	 -15.269
98	 -14.498	1	  20.986	  63.680	  10.731
99	 -10.005	1	   3.986	  77.680	  16.731
100	  -9.533	1	  42.986	  61.680	  -1.269
