1	-3165.355	259	  11.215	  -5.002	  31.922
2	-2882.773	236	  18.963	   5.072	  -0.550
3	-1689.413	122	   6.269	 -14.218	  14.636
4	-1559.000	112	  21.487	  10.627	  26.173
5	-1492.944	116	  15.431	   7.262	  43.856
6	-1489.572	108	  24.844	 -11.266	   9.230
7	-1463.226	105	   7.490	  14.095	  13.334
8	-1295.148	101	   4.179	 -20.959	  32.004
9	-1273.880	98	  13.630	  21.473	  -3.571
10	-1185.237	107	  28.855	 -11.061	 -10.698
11	-1183.529	83	  34.500	   5.092	  21.356
12	-1112.757	99	  13.785	  -2.689	  21.874
13	-1026.604	92	  16.190	   0.780	   9.132
14	-999.215	88	  -4.309	   6.421	  45.271
15	-909.198	62	  -3.527	  -3.781	   9.816
16	-907.226	78	  33.538	  22.923	  -3.927
17	-835.797	55	  34.128	  -5.203	  19.221
18	-823.941	71	  35.751	 -29.944	  29.412
19	-800.684	65	  18.834	  -0.205	  16.675
20	-800.356	69	   9.077	  -5.373	 -17.963
21	-797.803	63	  11.363	   0.186	  15.023
22	-767.860	52	  -4.002	   5.063	  13.708
23	-748.431	69	   3.111	 -27.298	  18.294
24	-708.747	59	  -3.248	 -18.470	 -13.146
25	-706.108	65	  31.333	  15.871	   6.127
26	-702.171	63	   7.196	  -4.613	  -6.012
27	-694.374	46	  25.799	  -5.564	  -7.369
28	-688.964	61	   8.487	 -31.566	  35.633
29	-678.922	65	  30.956	 -20.902	  28.116
30	-667.954	60	  24.587	 -16.385	  31.710
31	-667.660	62	  -7.399	  11.813	  31.318
32	-666.379	57	  22.401	 -22.346	  40.909
33	-652.699	63	   1.191	 -10.470	  -8.142
34	-636.732	57	  34.812	  16.812	  18.351
35	-626.132	56	  -1.188	 -12.749	   0.243
36	-620.474	54	 -11.972	   6.084	   9.426
37	-610.986	52	   9.929	  15.958	  50.427
38	-608.326	58	   6.292	  29.192	   8.998
39	-605.192	52	 -13.303	  19.550	  34.435
40	-586.852	54	  41.044	  28.482	  13.270
41	-574.951	46	  48.933	  20.893	  -7.264
42	-564.357	51	  -4.749	  14.765	  23.182
43	-548.528	48	  -8.006	  -1.458	  43.253
44	-541.891	50	  -1.241	   5.562	  32.280
45	-540.643	44	  34.569	 -22.212	  50.850
46	-528.097	44	 -19.374	   1.818	  45.663
47	-525.667	50	   9.884	  27.391	   0.556
48	-513.285	33	   9.109	 -15.009	 -17.265
49	-501.869	45	  18.352	  32.738	  -3.950
50	-501.078	36	  10.348	  20.557	   5.021
51	-495.755	49	  35.666	  19.806	  11.742
52	-493.762	43	  37.391	  16.138	  -6.999
53	-492.128	44	  24.454	 -16.898	  46.486
54	-491.860	29	  -3.569	  15.123	  43.267
55	-490.284	40	  -3.239	  -0.098	 -25.895
56	-488.726	44	  13.119	   9.435	 -20.156
57	-483.412	43	   6.121	   2.498	 -18.677
58	-474.587	41	 -23.192	  18.789	  29.304
59	-470.271	43	   2.214	 -26.059	  26.513
60	-469.446	42	  32.615	 -17.912	  21.490
61	-463.291	45	  19.318	  15.052	  43.231
62	-457.507	42	  42.738	  -5.137	  18.566
63	-451.548	44	  59.188	  18.677	   1.569
64	-444.719	40	 -13.409	  -2.323	   8.125
65	-440.254	43	  10.185	 -35.237	 -21.715
66	-437.860	39	  43.911	   2.386	  22.854
67	-426.560	38	  34.584	  39.248	  19.990
68	-426.161	37	  -3.303	  -8.420	  47.244
69	-425.128	36	  51.548	  26.350	  15.945
70	-415.464	36	  50.675	  35.993	  -4.400
71	-412.595	35	 -16.790	  27.956	  44.899
72	-411.271	33	  -1.635	 -26.839	 -24.096
73	-407.749	39	   9.747	 -43.039	  28.609
74	-406.152	38	  32.283	  16.588	  30.670
75	-404.403	36	  17.255	 -12.570	  51.318
76	-401.712	35	  36.263	 -36.483	  49.803
77	-398.308	37	  -4.123	 -19.357	  10.007
78	-395.957	27	   5.469	 -19.699	  23.704
79	-392.756	29	  18.332	  11.252	  35.864
80	-391.247	35	  31.593	  12.357	  42.680
81	-389.053	36	   5.867	   9.423	  49.746
82	-382.025	27	  26.299	 -11.457	  -1.753
83	-373.048	30	  23.118	 -16.376	 -18.021
84	-372.351	22	  22.468	 -29.394	  35.371
85	-371.658	34	  22.445	  28.585	  25.124
86	-371.392	30	 -14.474	 -17.347	 -12.818
87	-370.111	33	  36.240	   2.486	 -17.909
88	-369.769	30	  46.061	 -28.252	  30.917
89	-365.384	37	 -30.575	   4.028	  36.934
90	-363.043	35	  21.221	  20.650	  38.163
91	-362.279	35	  29.886	 -20.492	  -3.516
92	-357.748	33	  17.879	  43.400	   3.397
93	-357.485	32	   4.745	  28.090	  24.696
94	-356.995	32	  31.739	 -39.839	  19.621
95	-348.379	31	  -2.848	  24.338	   0.647
96	-344.433	32	  23.115	 -28.348	 -18.968
97	-340.309	32	 -12.378	  11.773	  18.222
98	-337.445	28	  42.755	  41.726	   8.363
99	-337.323	31	  -9.573	 -22.703	  22.004
100	-334.253	25	  46.283	 -11.216	  42.962
101	-334.173	28	  -3.591	 -14.022	 -32.974
102	-332.018	32	  13.435	 -25.974	  41.531
103	-329.968	31	   8.951	  27.822	  51.322
104	-321.768	29	  40.893	 -13.845	  -1.113
105	-319.644	30	  20.835	  -8.624	 -18.984
106	-315.319	27	  34.399	  12.503	 -13.517
107	-314.670	29	  24.090	 -29.824	  10.669
108	-310.447	29	  35.625	 -17.689	  10.781
109	-309.872	17	  32.024	  29.297	   2.245
110	-308.749	29	  -3.695	  20.268	  13.708
111	-308.088	28	  -7.035	  33.011	  34.249
112	-299.923	23	 -22.093	  14.527	  52.148
113	-299.446	28	   1.540	 -32.715	 -10.814
114	-295.368	27	   9.019	 -28.305	   3.179
115	-294.348	28	  -1.837	  35.641	  48.273
116	-285.836	26	  10.084	  18.946	 -18.723
117	-284.072	23	  34.858	 -42.867	  34.174
118	-280.387	27	  16.081	  -1.586	  54.607
119	-270.584	24	 -27.408	  -9.513	  30.914
120	-269.674	26	  -0.686	 -19.164	  45.306
121	-268.165	21	 -16.022	   3.508	 -13.400
122	-264.728	20	  56.459	  10.265	   5.857
123	-260.836	24	  22.397	  26.732	  -7.144
124	-257.061	22	 -15.854	  11.665	 -15.787
125	-254.358	25	  52.805	  10.217	  17.498
126	-252.879	26	 -17.279	  -2.375	 -22.398
127	-249.622	25	 -20.596	 -11.485	 -15.970
128	-247.038	24	  58.898	  21.854	  13.546
129	-244.579	24	  47.170	 -22.636	  46.112
130	-229.634	23	  29.547	   7.277	 -19.062
131	-226.857	22	  48.956	 -12.299	  30.205
132	-224.709	20	  55.255	  32.817	   2.904
133	-224.581	22	 -18.518	  -4.428	  -3.819
134	-224.452	21	 -27.424	  16.380	  44.056
135	-219.938	22	 -17.205	   8.250	  -6.121
136	-211.288	21	 -23.485	   6.286	  19.330
137	-211.084	19	  13.659	  33.924	  26.466
138	-211.061	19	  57.339	   3.716	  -1.177
139	-207.543	20	  30.906	 -26.259	  19.982
140	-201.832	20	  -9.051	  21.906	 -19.336
141	-201.674	18	 -11.913	 -14.743	 -27.717
142	-201.216	18	  43.858	 -33.842	  44.551
143	-197.797	17	  45.456	  -5.535	  49.482
144	-196.213	19	  28.288	  49.088	   9.635
145	-190.521	14	   7.187	  23.156	  12.732
146	-190.015	19	 -23.060	 -20.749	  37.472
147	-188.905	17	  17.024	 -48.919	  19.165
148	-187.310	18	  21.238	 -49.623	  26.743
149	-183.687	11	   9.334	  13.868	  40.596
150	-182.828	18	  17.661	 -41.870	  47.952
151	-181.095	14	  25.813	 -17.996	   4.571
152	-180.694	18	  37.196	  -0.388	  59.369
153	-176.757	16	 -11.152	  -9.914	  11.006
154	-172.921	16	  16.851	 -38.912	 -14.789
155	-172.424	17	  47.199	  -3.419	  39.443
156	-169.169	16	  -7.418	 -25.534	 -15.707
157	-168.628	17	  47.202	  -9.451	   7.022
158	-168.524	16	   5.577	  39.258	  43.964
159	-168.293	12	 -24.583	  -1.584	  30.221
160	-168.141	17	  -4.636	  10.320	 -29.613
161	-166.391	16	 -30.017	  14.718	  32.626
162	-164.224	16	  29.783	  48.930	  -2.192
163	-160.530	14	  41.671	  10.744	  21.017
164	-160.486	15	   4.177	  -5.024	  52.322
165	-160.028	16	  13.957	 -28.279	 -31.715
166	-159.454	15	  45.033	  -8.112	  -9.188
167	-156.829	15	  13.396	  -9.153	 -26.029
168	-154.904	15	  17.526	  19.082	 -17.068
169	-153.253	15	 -12.093	  16.405	   1.521
170	-152.422	15	  54.216	   0.871	   7.681
171	-152.035	15	  14.557	  33.064	  39.655
172	-151.986	14	  -8.255	 -15.448	  47.528
173	-149.034	13	  16.571	 -34.244	   5.597
174	-148.510	13	 -27.163	 -10.663	  38.992
175	-147.961	15	 -23.817	  -6.783	  21.901
176	-147.635	12	   8.422	 -10.067	  -0.715
177	-147.553	12	  23.654	 -17.337	  23.564
178	-146.725	14	  -9.477	  -9.475	   3.183
179	-144.226	14	  50.897	 -27.037	  38.121
180	-141.944	14	  38.695	   7.978	  29.192
181	-141.853	14	  40.365	   8.018	  37.612
182	-141.577	14	  26.095	 -26.934	   1.874
183	-137.385	14	  36.190	 -14.481	  60.918
184	-136.884	14	 -24.088	  -9.707	  47.861
185	-136.283	13	  31.796	   7.241	  50.750
186	-135.000	12	   9.583	 -42.932	  40.267
187	-134.874	13	  -6.813	 -24.268	  33.432
188	-134.849	12	  10.022	 -41.004	  15.649
189	-134.752	13	  20.759	  48.389	  14.721
190	-134.501	13	   4.190	  25.840	  -7.261
191	-133.188	13	  29.095	 -48.673	  24.792
192	-132.924	13	  19.409	 -49.705	  39.862
193	-132.472	13	  32.140	 -45.479	  43.247
194	-132.374	8	  19.668	 -14.140	  -9.095
195	-131.956	13	  54.174	  -1.488	 -13.376
196	-131.847	7	  18.814	  25.954	   3.453
197	-131.646	13	 -22.735	  -1.171	 -13.319
198	-131.628	13	  -3.233	  24.049	  -9.621
199	-129.243	12	  21.066	   4.776	 -21.735
200	-129.141	12	  40.286	 -11.833	  22.137
201	-128.362	12	   0.769	  18.661	 -24.614
202	-126.289	12	  22.549	 -32.636	  -4.250
203	-124.430	12	  -4.918	  29.265	  58.190
204	-123.279	12	 -12.756	  12.762	 -23.707
205	-122.418	12	 -14.118	  28.202	  53.144
206	-120.961	12	 -15.046	 -15.643	  16.767
207	-120.641	10	  21.120	  17.375	  30.468
208	-120.263	12	 -18.537	   2.788	  13.417
209	-120.124	11	  34.467	  40.891	 -11.333
210	-119.841	11	   9.992	 -17.432	  49.755
211	-119.579	11	  33.034	  23.897	  17.700
212	-119.453	11	  42.934	 -10.433	  55.502
213	-116.611	12	 -11.628	  11.619	  57.478
214	-116.128	8	  19.570	   7.914	  12.821
215	-115.408	11	  23.466	 -20.171	 -28.169
216	-114.917	11	  57.968	   8.215	  -7.107
217	-111.898	10	  20.474	  -7.516	  56.884
218	-111.886	11	   1.451	 -20.532	  -3.492
219	-111.729	11	  11.694	  40.609	  14.703
220	-110.869	11	  46.564	  -4.982	  26.348
221	-109.978	11	   7.942	 -10.546	 -33.299
222	-107.574	10	   4.496	  20.713	  59.718
223	-103.876	7	  26.598	  16.086	  12.319
224	-100.389	7	   9.442	   4.681	  22.208
225	-100.125	5	  11.633	 -26.046	  28.080
226	 -95.041	9	  34.130	  31.596	 -10.411
227	 -94.619	9	   3.626	 -27.460	 -30.555
228	 -94.289	10	  19.834	  28.023	  32.428
229	 -93.185	9	  31.775	  31.295	  22.336
230	 -92.985	9	  26.116	  16.833	 -16.567
231	 -92.323	9	  53.258	  13.330	 -15.285
232	 -90.623	9	  23.841	 -40.253	  11.783
233	 -89.925	9	 -31.155	   3.721	  26.907
234	 -88.038	9	  51.887	  37.757	   9.269
235	 -87.663	9	  23.861	   9.304	  49.907
236	 -86.140	9	  41.476	  37.264	  -9.887
237	 -85.244	9	  53.392	 -16.195	  42.091
238	 -82.902	8	  36.542	  48.931	   5.637
239	 -81.913	8	   1.680	 -23.158	   3.590
240	 -81.057	8	  11.581	 -36.277	  -2.603
241	 -80.849	8	  43.448	 -39.483	  36.754
242	 -80.645	8	  43.168	 -28.544	  54.969
243	 -77.720	8	  41.421	 -38.819	  28.185
244	 -76.808	8	  42.309	   1.786	  52.922
245	 -76.707	7	  28.994	  24.112	  25.170
246	 -76.472	7	  22.783	  42.781	  -7.553
247	 -70.331	7	   8.467	   1.911	  52.775
248	 -69.883	7	  50.037	  -9.445	   0.198
249	 -69.807	7	  19.561	 -32.188	  48.411
250	 -69.366	4	  33.048	 -24.705	  38.907
251	 -67.218	7	   4.495	  36.954	  32.073
252	 -67.061	7	  40.456	  23.395	  -7.937
253	 -66.608	5	   2.848	  10.906	  27.691
254	 -66.576	7	  25.021	 -38.610	  50.478
255	 -66.121	7	  27.722	 -49.778	  34.422
256	 -65.552	6	   6.572	 -19.599	 -33.898
257	 -63.340	4	  42.398	  23.513	   3.918
258	 -62.808	6	  28.010	  -5.508	  61.220
259	 -62.161	6	  -4.769	  26.727	  28.394
260	 -60.652	6	  -8.453	  34.429	  51.095
261	 -59.601	6	  -9.595	 -24.075	 -24.736
262	 -59.572	6	 -13.138	 -24.046	  39.419
263	 -59.567	6	  55.378	  -4.026	  -5.639
264	 -58.880	6	   4.390	 -34.878	  30.268
265	 -57.319	6	 -10.597	  36.456	  42.441
266	 -56.247	6	 -18.326	  -9.725	  13.941
267	 -55.366	4	  43.613	  13.735	   0.953
268	 -55.168	5	 -16.780	 -18.822	  45.026
269	 -53.372	5	  -4.643	  16.698	  61.093
270	 -51.634	4	   8.040	 -11.165	  39.774
271	 -51.457	5	  21.731	  38.951	  24.093
272	 -51.380	5	 -15.276	  26.372	  34.085
273	 -49.290	5	  46.853	  39.776	  14.483
274	 -48.600	5	   7.827	 -31.646	  10.152
275	 -47.801	5	 -30.935	  11.755	  24.089
276	 -47.263	5	   0.254	  24.954	 -17.299
277	 -42.866	4	  15.258	 -16.048	 -33.848
278	 -41.930	4	  37.800	 -12.276	  -9.340
279	 -41.431	4	  47.561	   3.904	 -18.550
280	 -41.285	4	  54.040	 -20.046	  33.433
281	 -40.838	4	  39.801	   8.183	  45.639
282	 -40.438	4	  59.535	  28.189	  -3.363
283	 -39.728	4	 -21.670	  22.239	  53.394
284	 -39.585	4	 -13.439	  20.176	  57.667
285	 -39.124	4	  42.712	  43.708	  -2.859
286	 -38.891	4	 -10.755	  -7.532	 -33.816
287	 -38.721	4	  45.123	   4.105	  32.649
288	 -37.800	4	 -18.710	 -19.297	  22.404
289	 -30.486	3	 -29.623	   7.290	  49.244
290	 -29.592	2	 -11.960	  -9.046	 -20.452
291	 -29.421	2	  -3.602	   0.073	 -14.533
292	 -29.123	3	  -9.960	  22.609	  -5.438
293	 -28.916	2	  52.605	  23.954	   4.472
294	 -28.620	3	 -24.634	 -18.010	  28.545
295	 -28.610	3	 -15.304	   3.273	 -27.093
296	 -28.608	3	 -11.310	   3.954	  47.892
297	 -28.497	2	 -13.960	   8.954	  38.490
298	 -28.386	3	   4.719	  -3.046	 -24.073
299	 -28.023	3	  26.010	  -1.400	 -20.739
300	 -27.664	3	  47.039	 -18.074	  52.935
301	 -27.610	2	  35.040	  -8.561	  34.392
302	 -27.577	3	  44.040	  -4.377	 -16.424
303	 -27.392	2	 -24.960	  10.954	  37.326
304	 -26.685	2	  14.040	  20.954	  22.394
305	 -26.644	2	  10.448	   2.954	  -2.685
306	 -26.205	2	  26.587	   8.314	   2.454
307	 -22.263	2	  -4.960	   1.504	  -4.543
308	 -21.045	2	  28.040	   3.424	  57.437
309	 -20.434	2	 -15.419	 -22.046	 -20.093
310	 -20.014	2	  13.040	 -48.046	  34.422
311	 -19.778	2	  20.539	 -28.547	 -26.592
312	 -19.442	2	 -15.960	 -22.046	  30.426
313	 -19.356	2	  35.040	  48.954	  14.377
314	 -19.033	1	  19.040	  -7.046	  32.907
315	 -17.119	1	 -12.960	  -0.046	  35.907
316	 -15.835	1	  16.040	 -21.046	   9.907
317	 -14.607	1	  20.040	  11.954	  -9.093
318	 -12.740	1	  35.040	   2.954	  39.907
319	 -12.111	1	  -1.960	  -8.046	 -17.093
320	 -11.194	1	  51.040	 -19.046	  23.907
321	 -10.802	1	   3.040	  28.954	  56.907
322	 -10.208	1	  32.040	 -15.046	  41.907
323	 -10.149	1	 -26.960	  23.954	  35.907
324	  -9.497	1	  -7.960	  23.954	  62.907
325	  -9.366	1	 -17.960	 -19.046	  -5.093
326	  -9.339	1	  23.040	   4.954	 -11.093
327	  -9.271	1	  29.040	 -30.046	 -12.093
328	  -9.222	1	  -6.960	  17.954	 -30.093
329	  -9.193	1	 -29.960	  14.954	  52.907
330	  -8.930	1	  28.040	 -14.046	  58.907
