1	-1327.555	122	  13.022	  58.029	  15.757
2	-721.800	54	  15.928	  51.056	  18.383
3	-662.376	48	  15.394	  57.683	  22.574
4	-573.799	52	  30.763	  42.695	  12.674
5	-511.326	47	  -0.696	  56.339	  21.857
6	-470.170	45	  38.807	  51.586	  11.941
7	-408.589	40	  14.470	  64.113	  27.789
8	-367.333	32	  32.135	  57.682	   5.267
9	-323.892	26	  18.579	  60.002	  35.877
10	-315.665	29	  16.360	  57.122	   7.613
11	-312.137	31	  21.153	  48.980	   3.475
12	-268.943	25	  16.925	  69.925	  13.974
13	-262.541	24	  39.673	  66.231	  19.594
14	-261.254	23	  30.230	  41.321	  23.035
15	-212.381	21	  43.838	  48.620	  23.852
16	-199.634	19	  42.373	  65.268	  30.890
17	-192.546	19	  29.166	  69.586	  33.620
18	-190.789	18	  38.374	  51.870	  29.660
19	-184.027	17	  43.060	  57.170	  18.589
20	-178.591	17	  21.295	  39.144	   9.840
21	-156.845	15	  24.030	  50.301	  37.185
22	-145.766	14	  -0.209	  44.089	  20.457
23	-139.843	13	   8.812	  66.226	  11.983
24	-129.247	13	  32.457	  49.754	  33.305
25	-113.330	11	   4.343	  34.692	  16.995
26	-110.227	10	  16.924	  48.653	  37.223
27	-108.111	6	   4.537	  50.434	  24.993
28	-105.160	10	   3.267	  46.539	  12.222
29	-101.655	10	  37.261	  40.427	  12.445
30	 -98.611	10	  30.167	  70.574	  14.422
31	 -97.521	10	  23.901	  72.883	  18.242
32	 -96.473	9	  43.404	  47.508	  15.260
33	 -95.521	9	   7.047	  66.143	  24.563
34	 -91.856	9	  17.903	  69.218	  35.270
35	 -86.757	9	  30.466	  62.385	  38.717
36	 -85.099	8	  26.823	  63.194	   3.203
37	 -80.603	8	   6.846	  39.266	  10.446
38	 -80.260	8	  13.295	  33.005	  21.382
39	 -78.956	8	  26.564	  73.441	  26.867
40	 -76.068	8	  24.161	  42.219	  33.036
41	 -71.273	7	  19.518	  66.709	   4.660
42	 -68.652	7	   4.597	  39.081	  30.008
43	 -62.280	6	  -3.785	  47.864	  28.701
44	 -61.031	6	   9.861	  46.788	  35.135
45	 -58.347	6	   3.089	  58.216	  31.743
46	 -56.527	6	  45.360	  55.867	  33.214
47	 -55.935	6	  13.851	  39.700	  36.715
48	 -51.355	5	  37.188	  64.692	  11.262
49	 -41.929	4	   3.541	  60.709	  13.529
50	 -39.478	4	  10.766	  58.709	  36.279
51	 -33.990	3	  14.356	  40.709	   4.768
52	 -20.178	2	  21.017	  35.205	  26.542
53	 -19.604	2	   3.666	  49.769	  33.583
54	 -18.855	2	  24.017	  37.231	  19.053
55	 -18.603	2	   9.987	  46.694	   4.575
