1	-1270.434	97	  17.057	  -7.752	  25.457
2	-1049.010	83	  13.471	   0.773	   2.976
3	-903.576	68	   7.562	 -12.167	  52.365
4	-712.464	63	  -1.403	 -12.115	  56.138
5	-676.536	60	  29.469	 -14.423	  10.001
6	-604.420	45	  14.428	 -12.827	  32.961
7	-590.718	53	 -11.742	 -21.908	  36.111
8	-555.533	52	   9.781	  15.007	  24.934
9	-554.764	48	  17.327	   4.421	  33.890
10	-541.703	47	  27.180	 -17.582	  25.353
11	-524.484	47	  10.336	   9.772	  -1.560
12	-518.665	48	  10.973	  -6.481	  36.731
13	-490.870	45	  26.627	 -16.540	  48.375
14	-485.932	42	   4.737	 -17.013	  21.668
15	-480.531	43	  12.491	  -7.027	  19.119
16	-463.854	43	  -7.210	 -15.926	  30.425
17	-434.196	39	  17.378	 -28.776	  29.525
18	-428.695	32	  25.078	  -4.327	   1.678
19	-397.927	38	  -5.154	   0.957	  31.009
20	-382.619	34	  28.967	   9.215	  22.026
21	-381.131	36	  -2.686	   5.240	  24.557
22	-373.416	33	  15.276	  22.921	  17.166
23	-364.750	35	  11.985	 -27.908	  21.355
24	-357.113	28	  16.974	 -19.615	  54.008
25	-356.573	33	  28.123	   4.642	  32.823
26	-345.318	32	   6.414	 -29.594	  33.720
27	-312.460	30	  37.882	   1.982	   6.728
28	-304.113	28	 -16.011	 -10.525	  36.436
29	-296.036	27	  32.042	   9.591	   0.393
30	-293.036	26	  -1.957	   4.047	   7.492
31	-289.418	27	   5.714	 -26.855	  62.486
32	-285.782	25	   7.423	  -8.461	  -5.492
33	-285.614	25	  24.973	 -29.947	  36.770
34	-279.356	27	  35.450	  -1.075	  24.970
35	-271.570	25	  29.367	 -18.323	  41.550
36	-269.093	25	  25.049	   0.171	  43.939
37	-268.805	25	  -5.277	  -0.307	  47.967
38	-268.251	24	  11.224	  -1.374	  61.054
39	-255.780	23	  20.815	  -9.083	  -3.784
40	-255.029	24	  12.331	 -21.786	  12.168
41	-225.533	22	  -9.828	   9.332	  23.054
42	-219.905	19	  -6.484	  14.869	  16.782
43	-218.089	20	 -16.217	  -2.280	  38.510
44	-212.377	18	  30.916	 -13.040	  33.761
45	-208.262	20	  15.296	  -1.981	  44.966
46	-206.182	20	 -14.091	   1.141	  32.320
47	-206.043	19	  -4.582	  16.920	   8.741
48	-205.351	19	 -17.017	  -4.875	  47.695
49	-204.585	19	  15.793	 -33.979	  50.216
50	-193.487	18	  24.084	  21.791	  14.707
51	-192.488	19	  24.639	   8.263	  -7.916
52	-186.614	18	   7.127	  21.128	  19.912
53	-184.119	18	  -6.825	 -31.029	  53.543
54	-182.126	17	   1.725	 -21.176	  64.035
55	-181.996	18	  26.022	  20.740	   3.193
56	-176.836	16	   8.983	  -1.709	  49.855
57	-176.422	16	  15.123	 -20.504	  62.606
58	-174.811	13	  13.811	  -4.540	  -8.206
59	-172.506	16	   7.988	  18.302	  -3.151
60	-169.469	16	  28.143	 -25.300	  30.170
61	-169.329	16	  20.422	  14.974	  26.225
62	-164.359	9	  23.635	  -3.484	  11.172
63	-160.212	15	   0.653	 -34.102	  44.133
64	-157.842	15	   5.853	  -9.186	  64.615
65	-156.225	16	 -16.378	 -24.471	  50.312
66	-154.803	15	  22.611	  -3.617	  54.211
67	-154.335	14	  29.778	  16.905	  11.288
68	-153.173	14	  -6.747	 -32.340	  42.181
69	-153.028	15	   3.853	 -25.336	  25.638
70	-150.787	14	   6.233	  -7.442	   5.794
71	-150.215	15	  14.995	 -17.892	   1.985
72	-148.263	15	  36.064	 -11.533	  25.218
73	-146.850	15	  39.168	  -5.445	  35.489
74	-144.554	11	  17.519	 -11.654	  54.624
75	-142.538	9	  15.105	 -18.482	  44.434
76	-142.461	13	  25.283	   0.342	  -7.477
77	-141.938	13	   9.790	 -11.836	  11.002
78	-126.047	10	  11.051	 -14.145	  64.176
79	-122.948	12	 -12.879	 -16.408	  58.306
80	-119.312	12	  10.066	   2.681	  -5.036
81	-114.707	11	  -4.942	 -22.419	  59.514
82	-112.618	11	   2.303	  22.087	   5.468
83	-112.067	11	  20.191	 -11.883	  61.905
84	-106.957	11	  -4.608	 -27.028	  33.341
85	-106.702	10	  -0.315	  18.405	  22.152
86	-104.230	10	  35.598	  10.589	  12.040
87	-100.809	10	  21.701	 -26.901	  55.934
88	-100.548	10	   8.477	  -1.172	  20.245
89	-100.217	9	   2.436	  18.965	  13.991
90	-100.024	9	  33.862	   2.641	  37.015
91	 -99.020	9	  40.779	  -5.399	  12.215
92	 -98.546	10	 -18.057	 -12.300	  51.489
93	 -98.072	10	  -6.067	  11.456	   1.585
94	 -93.244	9	  20.021	  19.486	  -2.214
95	 -92.588	9	  18.980	 -34.464	  36.398
96	 -86.834	8	  22.978	 -32.653	  46.989
97	 -85.764	9	  29.357	 -29.377	  46.372
98	 -85.038	9	 -11.805	   0.455	  52.959
99	 -84.209	9	  14.149	  26.051	   3.908
100	 -82.015	8	  23.881	 -18.648	   5.669
101	 -80.840	8	   8.400	 -32.742	  56.426
102	 -79.942	8	  38.402	   2.698	  20.281
103	 -79.309	8	  35.075	  -5.109	   0.138
104	 -79.105	8	  24.769	 -30.468	  19.594
105	 -71.911	7	   5.024	   5.302	  25.646
106	 -71.700	7	   8.486	 -35.447	  44.468
107	 -53.111	5	  -2.221	  -6.419	  29.997
108	 -52.818	5	 -17.968	 -18.536	  44.396
109	 -52.673	5	 -10.387	   7.824	  32.789
110	 -50.653	5	 -10.930	   5.589	  44.222
111	 -50.641	5	   6.770	  25.245	  10.918
112	 -49.696	5	  -9.215	   5.649	  10.992
113	 -46.655	5	  18.363	   1.323	 -12.370
114	 -31.730	3	  16.893	  -8.164	 -14.812
115	 -30.538	3	  18.966	 -27.463	   9.100
116	 -21.698	2	  30.055	   4.836	   4.801
117	 -19.672	2	   4.590	  -6.254	  55.167
118	 -19.128	2	  33.095	  -5.659	  48.296
119	 -18.906	2	   6.549	 -10.164	  24.882
120	 -15.886	1	 -11.410	 -17.164	  48.801
121	  -9.060	1	   2.590	   5.836	  -1.199
