1	-1942.935	165	  19.091	  29.998	  23.937
2	-1621.138	137	  13.981	  21.830	  23.274
3	-982.835	86	  26.001	  15.134	   8.840
4	-953.782	83	   1.681	  28.134	  37.795
5	-811.308	63	  27.662	  11.176	  29.993
6	-807.801	74	  18.954	  10.508	  56.423
7	-707.367	57	  -1.332	  30.281	  16.855
8	-693.378	63	   3.314	  24.291	  -9.924
9	-682.990	62	  34.622	  26.117	  33.946
10	-635.368	61	   3.833	  14.700	  25.059
11	-622.315	54	   2.426	   9.522	  16.163
12	-610.749	52	   7.110	   5.758	  29.393
13	-527.043	48	   7.896	   3.065	  60.202
14	-522.533	46	   9.866	  43.078	  13.987
15	-521.344	47	  29.341	  32.360	   5.701
16	-502.929	45	  15.381	  38.545	  42.513
17	-502.051	45	  12.513	   8.954	  10.035
18	-501.862	44	  12.576	  10.096	  20.983
19	-474.592	42	  32.216	  24.008	   7.050
20	-457.741	33	   3.538	  21.219	  33.261
21	-451.536	41	   6.723	  37.509	  40.982
22	-423.681	41	   4.873	  38.186	  -8.648
23	-419.046	38	   2.325	  11.970	 -14.785
24	-416.896	33	   3.406	  27.376	  52.713
25	-402.297	37	   2.120	  12.941	  31.871
26	-385.151	34	  19.951	  40.215	  52.076
27	-376.286	30	  26.543	  18.338	  -5.370
28	-371.888	30	   1.813	   2.921	   3.556
29	-362.282	35	  15.486	  45.199	   3.801
30	-350.658	35	  -0.881	  11.087	  48.365
31	-346.612	31	  -3.274	  17.317	  37.546
32	-339.841	29	  34.157	   5.066	  45.180
33	-331.096	31	  30.025	  34.397	  16.916
34	-329.130	31	  17.607	  41.005	  32.119
35	-314.850	28	  25.817	  -6.281	  42.759
36	-313.353	27	  16.986	  44.753	  23.705
37	-310.767	27	  19.593	   5.025	   8.176
38	-303.634	28	  34.067	   9.024	  34.120
39	-298.403	25	  29.789	  37.797	  -3.321
40	-297.082	26	  18.431	  13.865	  -7.040
41	-288.837	27	  32.604	  31.324	  44.451
42	-284.729	26	   5.464	  45.343	  19.558
43	-277.641	27	  12.942	   6.371	  -2.102
44	-276.336	21	  18.319	  13.497	  13.624
45	-268.055	25	  -8.679	   3.627	   6.523
46	-267.194	24	  -8.779	  34.962	   1.129
47	-264.428	23	   0.642	  -0.196	  41.426
48	-261.752	25	   1.181	  37.100	  34.250
49	-260.946	23	  33.036	  34.556	  25.322
50	-258.199	24	  27.470	  18.512	  56.470
51	-246.001	24	  16.352	  35.024	  -9.190
52	-239.139	20	 -15.369	  21.963	   3.717
53	-237.783	19	   2.806	  18.606	  52.280
54	-235.973	22	   2.536	   2.776	  -4.285
55	-232.988	21	  16.716	  -9.484	  41.030
56	-214.922	21	   6.212	  -7.897	  35.983
57	-208.768	21	  25.409	  39.062	  41.065
58	-202.621	18	  38.332	  18.087	  38.334
59	-202.081	20	   1.026	  44.716	  12.065
60	-196.797	19	  25.320	  41.523	   8.419
61	-196.441	18	  -4.070	  21.160	 -13.462
62	-195.124	18	  -5.370	  36.805	  13.288
63	-195.108	19	  35.226	  18.341	  13.528
64	-186.094	17	   0.574	   0.134	  49.819
65	-173.749	16	  22.660	  -6.614	  28.291
66	-171.143	16	 -12.092	  13.473	  -7.518
67	-169.501	14	 -14.476	  12.800	   2.809
68	-166.605	15	 -14.876	  17.904	  16.858
69	-162.980	16	   6.411	  45.822	  31.359
70	-151.531	15	  35.167	  18.649	  55.540
71	-148.015	14	  25.435	  39.570	  24.627
72	-146.270	13	  34.547	  29.169	  -2.937
73	-145.974	14	  38.910	  25.900	  16.884
74	-140.578	14	  15.929	  -6.987	  56.347
75	-139.230	14	   1.488	  -0.881	  32.100
76	-137.989	14	   7.205	  -7.551	  54.554
77	-130.856	11	   9.759	  41.297	  51.335
78	-129.100	13	  16.284	  23.468	  58.277
79	-123.595	13	 -13.006	  27.210	  12.287
80	-120.327	11	  -4.283	   7.554	  26.294
81	-119.789	11	   4.078	  36.059	  56.770
82	-118.391	12	 -12.372	  22.544	  -9.500
83	-113.796	10	  22.601	   0.061	  17.683
84	-111.504	10	  40.278	  23.569	  27.799
85	-110.273	11	  -7.024	   5.939	 -11.700
86	-108.590	10	  19.611	   2.676	  58.843
87	-107.987	10	  24.553	  27.065	  57.549
88	-107.035	11	  14.881	  27.572	 -11.282
89	-104.222	10	  32.800	  22.774	  -9.282
90	-104.149	9	  -9.671	  20.319	  27.543
91	-104.125	10	  27.998	   2.720	  23.208
92	-101.668	10	  -9.828	  25.922	  21.931
93	-101.028	10	 -15.001	  11.624	  10.394
94	 -99.758	10	  24.000	  -2.725	  56.155
95	 -97.868	10	  30.042	  -1.242	  34.074
96	 -95.950	10	  14.436	  -6.846	  23.443
97	 -94.577	9	  14.209	  -8.829	  49.166
98	 -91.568	9	  33.009	   6.328	  16.157
99	 -89.781	9	  34.263	  29.436	  55.760
100	 -89.728	9	  -9.056	  29.762	  29.884
101	 -87.552	8	   0.052	  10.457	  40.550
102	 -83.726	5	  24.594	   4.502	  46.608
103	 -83.540	8	   8.120	   2.068	  21.517
104	 -78.924	8	 -11.064	  11.412	  23.604
105	 -73.641	7	  -3.208	  44.161	  24.988
106	 -72.241	7	  13.337	  46.979	  -6.497
107	 -68.832	7	  13.236	  17.908	 -11.606
108	 -68.663	5	  22.040	  18.541	  30.318
109	 -64.324	5	  -4.316	  27.058	  -0.640
110	 -60.306	6	  41.242	  14.806	  24.680
111	 -58.371	6	  28.494	  28.275	 -15.318
112	 -57.560	6	   4.408	  47.436	   1.598
113	 -57.362	6	  41.118	  13.309	  49.095
114	 -56.229	5	   9.437	  17.956	  56.961
115	 -54.436	4	   7.692	  28.284	  16.462
116	 -51.502	5	  14.766	 -10.716	  32.324
117	 -50.962	5	   6.525	  25.472	  61.956
118	 -50.206	3	   2.550	  39.048	   7.360
119	 -49.347	5	  22.865	  20.118	 -15.239
120	 -48.296	5	  -7.327	   2.335	  -3.070
121	 -48.153	5	  40.090	  20.908	  49.161
122	 -47.148	5	   1.113	  33.896	  50.162
123	 -39.409	4	 -11.772	   5.729	  16.058
124	 -38.197	4	  -7.156	  29.721	 -11.873
125	 -29.595	3	  10.173	  36.971	  62.360
126	 -28.481	3	  32.908	  -2.720	  42.364
127	 -28.340	3	  -2.037	   1.600	  14.249
128	 -18.766	2	   6.418	  -4.716	  23.850
129	 -18.327	2	  -5.092	  44.787	  -1.634
130	 -10.030	1	 -15.092	  30.284	   4.360
131	  -9.449	1	  29.908	   7.284	  59.360
132	  -9.254	1	  23.908	   9.284	   2.360
133	  -9.199	1	  -5.092	  17.284	  46.360
