1	-1364.828	111	  63.139	  41.932	  37.997
2	-768.614	67	  65.068	  20.478	  21.527
3	-512.402	47	  52.437	  54.239	  25.641
4	-512.042	47	  76.438	  22.686	  26.255
5	-481.030	43	  78.346	  39.937	  17.924
6	-469.981	37	  70.467	  56.094	  37.962
7	-424.579	32	  60.487	  32.238	   7.296
8	-398.056	37	  52.933	  34.640	   6.787
9	-378.599	34	  80.206	  30.792	  21.102
10	-355.599	32	  83.490	  39.288	  24.799
11	-329.355	28	  71.183	  59.116	  15.166
12	-308.272	29	  55.617	  52.005	  13.222
13	-306.473	28	  81.374	  47.331	  17.681
14	-285.643	25	  79.893	  57.205	  23.546
15	-277.112	26	  65.896	  42.673	   5.397
16	-275.614	27	  43.470	  36.200	  17.525
17	-256.114	24	  82.235	  30.795	  35.235
18	-254.245	25	  64.987	  15.399	  29.564
19	-242.127	22	  58.568	  27.402	  41.011
20	-224.155	21	  76.261	  46.442	  12.374
21	-212.653	20	  54.452	  21.861	  20.691
22	-193.948	19	  55.224	  45.789	   8.411
23	-183.555	18	  50.440	  26.017	  11.693
24	-182.956	17	  66.344	  26.920	  40.162
25	-178.619	17	  67.955	  25.616	  10.407
26	-167.818	15	  78.604	  58.606	  33.713
27	-164.535	16	  79.505	  37.472	  43.333
28	-143.389	14	  75.666	  37.777	   3.979
29	-135.229	13	  74.744	  21.756	  38.253
30	-133.571	12	  42.815	  42.766	  25.188
31	-122.850	12	  53.494	  39.428	  40.942
32	-113.639	11	  67.922	  35.615	   4.674
33	-105.389	10	  58.964	  19.620	  36.414
34	-103.796	6	  72.149	  28.526	  23.285
35	-103.456	10	  57.663	  23.239	  13.673
36	 -99.594	10	  48.024	  29.533	  39.666
37	 -98.762	9	  46.778	  25.527	  32.627
38	 -98.476	10	  41.534	  34.896	  30.613
39	 -91.214	9	  76.226	  23.282	  16.261
40	 -89.681	8	  64.757	  63.438	  26.963
41	 -88.805	9	  46.308	  23.989	  23.885
42	 -69.093	7	  72.509	  64.596	  22.316
43	 -67.320	7	  80.111	  46.655	  42.392
44	 -60.655	6	  51.863	  19.319	  31.183
45	 -59.507	6	  63.527	  60.193	  35.261
46	 -59.357	6	  59.975	  59.154	  19.604
47	 -57.894	6	  84.945	  44.038	  36.238
48	 -51.536	5	  57.064	  55.042	  34.820
49	 -47.257	5	  79.035	  55.525	  15.565
50	 -40.339	4	  79.367	  32.815	  11.551
51	 -39.758	4	  75.217	  29.954	  44.240
52	 -39.310	4	  69.608	  50.169	   7.034
53	 -37.959	4	  73.127	  64.331	  31.258
54	 -37.385	4	  83.114	  50.088	  31.778
55	 -37.193	2	  64.629	  33.824	  14.253
56	 -31.695	3	  45.629	  33.398	  10.760
57	 -29.845	3	  58.608	  39.331	   3.760
58	 -28.303	3	  63.629	  53.660	  41.407
59	 -23.260	2	  71.431	  38.328	  41.757
60	 -20.427	2	  45.118	  49.331	  19.271
61	 -14.367	1	  49.629	  36.331	  31.760
62	  -9.205	1	  41.629	  46.331	  31.760
63	  -9.187	1	  71.629	  28.331	   3.760
