1	-1100.043	100	  36.730	  45.964	  -0.292
2	-717.274	66	  36.957	  39.962	   6.186
3	-556.057	52	  30.935	  46.410	 -12.463
4	-531.704	49	  18.537	  50.088	 -13.004
5	-440.764	42	  46.802	  38.185	  13.513
6	-392.249	38	  30.259	  34.539	  -8.063
7	-370.902	34	  26.162	  28.802	   4.609
8	-369.186	34	  18.690	  57.638	   5.253
9	-366.484	34	   9.269	  33.840	  -5.040
10	-294.108	26	  32.202	  43.240	  23.700
11	-291.612	26	  51.024	  44.719	  -1.554
12	-290.266	25	  40.059	  61.534	  -0.940
13	-287.657	24	  12.934	  50.053	   3.076
14	-271.189	27	  11.330	  39.539	 -15.169
15	-262.318	24	  44.279	  49.463	  23.545
16	-256.160	25	  38.578	  56.662	  25.643
17	-248.438	23	  26.721	  59.437	  -5.123
18	-237.592	22	  55.906	  62.023	  16.496
19	-230.027	21	  17.401	  32.297	 -14.980
20	-217.730	20	  28.412	  53.508	  29.624
21	-215.311	21	  34.080	  39.187	  -0.619
22	-210.950	18	   9.997	  45.958	  11.301
23	-208.575	18	  21.669	  33.098	  15.760
24	-194.435	18	  11.273	  56.765	  12.039
25	-183.106	16	  55.538	  57.673	   0.799
26	-175.400	15	  42.058	  65.468	  17.358
27	-167.337	17	   6.447	  39.377	   0.931
28	-165.548	16	  40.184	  55.634	  -8.427
29	-137.111	13	  46.917	  66.242	   6.896
30	-133.590	13	  36.527	  34.105	  18.448
31	-132.107	11	  22.069	  39.748	 -21.069
32	-128.469	13	  36.638	  48.261	  26.494
33	-126.468	12	  11.890	  30.840	  10.816
34	-120.980	12	  54.778	  44.133	   7.656
35	-117.778	11	  33.221	  61.567	   0.727
36	-115.375	10	  42.194	  42.203	  22.110
37	-109.743	11	  28.578	  64.244	  19.611
38	 -91.601	5	  42.219	  48.712	  15.905
39	 -89.762	9	  29.077	  63.879	  10.929
40	 -89.039	9	  52.390	  57.049	  -7.357
41	 -87.565	8	  53.747	  48.305	  21.937
42	 -85.331	9	  12.723	  49.153	  19.906
43	 -82.424	8	  58.039	  56.193	  10.510
44	 -78.220	8	  43.128	  42.360	  -5.442
45	 -72.582	7	  11.951	  48.622	  -7.445
46	 -69.708	6	  57.563	  48.675	  14.442
47	 -68.089	6	  57.959	  50.656	   2.527
48	 -63.473	4	  31.419	  50.068	   3.145
49	 -58.647	6	  27.806	  35.262	  22.046
50	 -57.498	6	  15.480	  27.402	  -3.513
51	 -52.735	5	  20.065	  59.697	  11.844
52	 -50.946	5	  21.326	  47.151	  24.760
53	 -47.403	5	  17.183	  60.820	  19.451
54	 -43.728	2	  22.959	  49.719	  -5.971
55	 -40.528	4	  56.186	  40.779	  15.496
56	 -40.435	4	  29.733	  29.765	  13.816
57	 -39.397	4	  17.031	  38.299	  20.108
58	 -37.725	4	  47.725	  62.757	  -1.659
59	 -36.812	4	  23.709	  50.242	 -21.721
60	 -28.616	3	   6.619	  29.261	   3.716
61	 -19.609	2	  33.959	  29.310	   3.131
62	 -19.236	2	  28.891	  35.913	 -19.971
63	 -18.833	2	  18.469	  58.752	  -3.971
64	 -12.388	1	  46.959	  59.242	  22.029
65	 -10.741	1	  17.959	  36.242	   3.029
66	  -9.116	1	  20.959	  56.242	  25.029
