1	-1218.849	104	  49.787	  -4.068	 -11.707
2	-1047.637	84	  51.424	  47.801	  -0.526
3	-1025.979	85	  44.524	  25.307	 -23.295
4	-962.134	76	  59.500	  31.803	  26.966
5	-933.262	75	  57.675	   0.018	  20.959
6	-842.598	75	  52.390	  35.276	   0.728
7	-762.636	61	  40.814	  47.897	  -3.952
8	-733.451	59	  35.292	  19.533	 -23.021
9	-730.842	58	  50.491	  37.878	  27.987
10	-720.690	65	  50.991	   5.902	  -4.276
11	-712.008	56	  50.630	   3.098	  28.674
12	-688.197	62	  48.305	  28.017	  20.224
13	-682.492	61	  48.333	  21.502	 -12.099
14	-672.146	61	  56.230	   9.630	  13.880
15	-659.529	59	  56.865	  28.216	  15.572
16	-637.416	57	  47.423	   7.812	  17.316
17	-624.242	55	  39.259	  22.692	 -10.976
18	-621.836	47	  41.612	  -8.554	  -2.957
19	-584.010	52	  52.772	  20.637	  15.914
20	-583.706	53	  49.609	   8.363	   7.919
21	-569.778	51	  60.387	  26.980	  36.885
22	-567.375	50	  41.778	   4.296	  -2.450
23	-546.721	49	  43.026	  37.458	   2.285
24	-525.941	47	  45.556	  12.155	  -5.252
25	-521.459	47	  41.333	  -5.909	 -22.595
26	-515.521	46	  45.603	  26.953	  -5.983
27	-437.918	39	  50.441	  56.785	  10.059
28	-401.112	35	  48.715	  31.865	   7.471
29	-396.534	35	  53.632	 -14.129	  19.167
30	-373.767	36	  49.329	  21.332	  43.783
31	-347.098	34	  59.626	  -8.811	  20.363
32	-337.457	34	  34.639	  31.149	 -26.257
33	-319.652	31	  39.525	  37.525	 -28.201
34	-314.276	30	  59.695	  47.714	   0.974
35	-313.920	31	  51.548	  28.821	 -24.857
36	-313.645	31	  43.107	  53.664	   6.340
37	-303.675	29	  45.254	  32.870	 -29.025
38	-297.743	29	  55.652	  54.675	   3.806
39	-295.218	27	  60.253	  -1.379	 -22.628
40	-292.193	28	  29.654	  -3.544	 -21.226
41	-288.077	26	  69.483	  -9.222	  12.724
42	-287.219	25	  67.653	  51.071	   3.326
43	-282.202	28	  62.579	  34.966	   9.526
44	-277.392	26	  41.850	 -15.956	  19.333
45	-273.464	25	  29.574	  42.009	 -23.354
46	-271.176	27	  55.756	  49.539	  29.949
47	-270.621	26	  66.420	  28.427	  26.658
48	-263.530	25	  64.088	  -2.919	  16.323
49	-261.600	26	  52.914	  30.616	  36.944
50	-255.679	24	  41.189	  56.490	  17.433
51	-247.558	25	  50.311	  -8.512	  23.985
52	-239.106	21	  75.652	  24.547	  27.390
53	-238.660	21	  57.083	  35.332	 -28.568
54	-227.428	22	  61.067	   2.469	   2.579
55	-227.131	22	  55.672	  13.095	 -15.379
56	-224.617	21	  65.956	   3.570	  23.535
57	-215.158	20	  56.301	  47.120	  -8.225
58	-207.102	19	  44.596	  54.364	  28.188
59	-205.986	20	  38.313	  -7.622	 -14.533
60	-199.901	19	  56.719	  32.644	 -11.309
61	-193.082	19	  56.674	   1.373	  -5.726
62	-188.453	18	  65.581	  17.025	  16.975
63	-187.493	18	  62.080	   5.848	  38.047
64	-185.005	17	  65.793	  37.514	  23.283
65	-184.673	18	  56.567	  -7.849	  -7.355
66	-183.452	17	  47.641	  -6.885	 -18.130
67	-178.952	18	  54.851	  57.687	  22.654
68	-177.855	18	  49.317	 -22.726	   9.431
69	-177.034	17	  68.200	  16.022	  29.783
70	-176.950	18	  67.943	  41.580	  16.938
71	-175.969	17	  45.671	  53.438	 -16.453
72	-171.848	17	  32.961	  11.235	  -6.994
73	-170.935	17	  38.598	  56.280	 -13.537
74	-166.663	15	  40.334	  10.958	 -33.224
75	-166.478	16	  36.808	   0.800	 -32.503
76	-161.189	16	  71.148	  23.948	  32.895
77	-160.698	15	  63.152	  47.803	  13.532
78	-154.514	14	  49.407	  19.926	 -27.738
79	-152.338	14	  52.897	  41.383	 -20.520
80	-152.226	14	  51.486	   5.488	 -25.224
81	-149.259	14	  53.167	  19.425	 -21.456
82	-148.931	15	  56.960	  39.599	  -4.241
83	-145.115	14	  56.010	   2.058	  39.405
84	-143.861	14	  33.754	  -3.461	 -10.476
85	-143.847	14	  63.265	   7.807	  16.383
86	-140.888	13	  60.701	 -10.303	   5.931
87	-138.585	13	  27.489	   5.141	 -29.176
88	-137.908	14	  61.686	  54.406	   9.571
89	-126.037	11	  39.477	 -19.941	  11.125
90	-124.510	12	  40.057	  34.253	  13.628
91	-120.556	12	  62.366	  -7.882	  -2.033
92	-116.318	11	  50.372	 -18.824	   0.023
93	-115.619	11	  46.828	  28.572	  33.245
94	-111.231	10	  30.876	  50.664	 -18.098
95	-107.869	11	  59.573	  31.320	 -22.829
96	-107.791	11	  61.842	  19.627	  42.582
97	-104.818	7	  50.025	  -2.044	  -4.293
98	-102.323	10	  38.828	  52.337	 -23.606
99	-101.191	10	  70.444	   9.912	  24.440
100	-100.224	10	  43.660	  43.114	 -28.050
101	 -99.622	10	  58.877	  43.343	 -14.633
102	 -98.390	10	  53.185	  -4.154	 -23.427
103	 -97.114	10	  53.934	  24.595	 -15.967
104	 -96.556	9	  43.743	  -4.769	  23.007
105	 -90.702	9	  30.973	  29.384	 -19.070
106	 -89.777	9	  64.644	  30.923	  18.574
107	 -89.155	9	  69.685	  -3.425	   8.676
108	 -87.036	9	  43.271	  18.911	  21.011
109	 -86.086	9	  55.356	  12.778	 -26.587
110	 -81.671	8	  32.395	  13.102	 -33.162
111	 -77.462	8	  40.767	 -21.043	   0.996
112	 -68.071	7	  45.249	   2.054	 -31.503
113	 -62.974	6	  39.258	   5.571	   9.436
114	 -62.214	6	  59.380	  11.563	  45.119
115	 -61.420	6	  58.422	 -17.894	  -0.265
116	 -60.984	6	  35.866	  29.749	  -3.077
117	 -58.332	6	  45.094	   6.346	  42.137
118	 -53.075	5	  56.256	 -19.324	   7.801
119	 -51.658	5	  48.472	  10.774	 -34.728
120	 -50.533	5	  46.243	  48.625	 -24.595
121	 -48.064	5	  69.449	   3.389	  34.177
122	 -47.375	5	  37.664	  -5.521	  17.558
123	 -45.434	4	  49.579	  12.054	  44.242
124	 -39.299	4	  66.238	  13.565	  39.098
125	 -39.071	4	  53.557	  52.799	 -18.203
126	 -29.894	3	  37.416	  42.054	  14.140
127	 -29.382	3	  30.732	  33.383	  -9.228
128	 -29.285	3	  39.385	  13.394	  34.449
129	 -29.205	3	  66.776	  47.661	  26.865
130	 -29.178	3	  61.419	 -14.587	  12.800
131	 -28.897	3	  33.060	 -14.601	   5.781
132	 -28.743	3	  73.362	  18.019	  22.788
133	 -27.796	3	  28.391	  51.370	 -11.192
134	 -27.341	3	  40.387	  47.722	  29.459
135	 -19.599	2	  24.060	  10.560	 -24.200
136	 -19.528	2	  43.136	 -15.098	  -8.511
137	 -18.811	2	  42.060	  20.553	  29.800
138	 -18.772	2	  36.554	  50.054	  17.775
139	 -18.748	2	  68.562	  42.560	   8.298
140	 -18.455	2	  28.060	  19.054	 -18.692
141	 -18.165	2	  59.578	   1.572	 -14.212
142	 -17.941	2	  34.559	  -6.946	   0.301
143	 -10.564	1	  71.060	  25.054	  19.800
144	 -10.373	1	  50.060	  10.054	  30.800
145	  -9.607	1	  43.060	  21.054	  38.800
146	  -9.487	1	  27.060	   0.054	 -15.200
147	  -9.171	1	  34.060	  38.054	   1.800
148	  -9.164	1	  65.060	  52.054	  -4.200
149	  -9.089	1	  44.060	  56.054	  -1.200
