1	-1076.808	86	  51.581	  47.718	  -0.514
2	-1071.267	88	  48.968	  -4.266	  -9.933
3	-1044.903	85	  59.950	  31.714	  27.052
4	-1009.861	83	  57.867	   0.126	  20.975
5	-984.679	80	  44.657	  25.207	 -23.266
6	-857.738	77	  52.474	  35.289	   0.587
7	-755.769	68	  51.184	   5.806	  -4.394
8	-721.475	65	  56.163	   9.108	  13.859
9	-721.365	59	  35.313	  19.496	 -22.804
10	-714.766	56	  41.225	  47.896	  -3.982
11	-703.286	63	  57.124	  27.944	  15.782
12	-698.839	56	  50.624	  37.901	  27.842
13	-687.434	54	  51.079	   3.188	  28.590
14	-683.384	61	  48.493	  21.482	 -12.364
15	-638.888	58	  48.573	  28.126	  20.160
16	-629.181	51	  41.766	  -8.357	  -3.016
17	-621.507	56	  52.811	  20.502	  15.701
18	-616.224	55	  39.414	  22.957	 -10.973
19	-583.436	53	  45.467	  11.949	  -5.059
20	-568.654	51	  45.944	  26.952	  -6.105
21	-565.554	50	  47.758	   7.858	  17.164
22	-559.439	50	  49.401	   8.426	   8.030
23	-507.065	45	  43.132	  37.474	   2.294
24	-501.200	44	  41.883	   4.171	  -2.497
25	-464.335	41	  48.583	  31.889	   7.602
26	-447.036	41	  51.447	  56.587	  10.240
27	-440.243	39	  41.611	  -5.707	 -22.786
28	-417.776	37	  59.339	  25.303	  38.972
29	-395.922	35	  53.401	 -13.336	  19.751
30	-393.845	36	  66.624	  51.704	   4.644
31	-380.508	35	  69.071	  -9.101	  12.439
32	-379.130	37	  39.203	  37.809	 -28.246
33	-364.911	34	  59.543	  -1.761	 -23.000
34	-338.077	32	  49.657	  21.192	  43.982
35	-328.799	32	  52.246	  28.618	 -24.503
36	-316.775	29	  57.475	  35.233	 -27.422
37	-314.700	30	  59.744	  48.110	   1.092
38	-305.639	30	  51.532	  29.954	  36.150
39	-305.195	28	  42.139	 -15.860	  19.333
40	-304.281	29	  29.904	  -3.603	 -21.757
41	-304.141	29	  45.022	  32.977	 -28.945
42	-291.725	28	  55.463	  54.943	   4.113
43	-281.708	27	  54.642	  -2.545	 -15.449
44	-268.598	27	  44.201	  54.666	   5.165
45	-266.483	26	  48.359	  -6.959	 -19.182
46	-264.172	24	  41.283	  56.619	  16.944
47	-263.306	24	  29.649	  42.189	 -23.061
48	-263.084	25	  63.721	  -2.908	  16.323
49	-262.186	26	  34.777	  31.006	 -26.135
50	-261.290	26	  38.397	  -7.862	 -14.195
51	-259.519	25	  55.917	  49.559	  29.806
52	-249.978	24	  58.605	   4.125	  39.081
53	-248.632	22	  73.473	  24.026	  30.791
54	-244.714	24	  62.828	  34.994	   9.629
55	-221.641	21	  63.858	  28.736	  34.719
56	-217.403	21	  59.351	  -8.332	  20.516
57	-215.351	21	  61.141	   2.360	   2.286
58	-211.962	20	  56.755	  32.432	 -11.415
59	-211.471	21	  49.637	 -22.539	   9.592
60	-209.326	20	  67.410	  28.218	  26.563
61	-200.380	19	  55.975	  12.682	 -15.160
62	-196.674	18	  44.806	  54.501	  28.162
63	-192.717	19	  56.934	   0.620	  -6.073
64	-192.001	18	  59.982	  12.789	  44.690
65	-190.596	19	  53.302	  20.850	 -18.169
66	-187.126	18	  64.563	   7.008	  17.792
67	-185.357	18	  36.947	   0.745	 -32.629
68	-178.837	17	  65.622	  17.235	  16.825
69	-176.825	17	  56.734	  -7.893	  -7.482
70	-172.376	16	  65.899	  37.556	  23.283
71	-171.654	17	  58.819	  43.542	 -12.301
72	-166.355	15	  40.736	  11.040	 -33.226
73	-163.922	15	  55.562	  48.695	  -7.868
74	-161.832	16	  39.061	  56.114	 -13.579
75	-160.570	15	  65.447	   2.309	  24.748
76	-158.683	15	  33.811	  12.054	  -6.495
77	-158.583	15	  61.034	 -10.313	   6.026
78	-158.504	16	  68.164	  41.162	  16.884
79	-158.269	15	  68.277	  15.920	  29.956
80	-155.261	15	  44.849	  -6.556	  23.304
81	-154.023	14	  45.767	  53.261	 -16.391
82	-152.660	14	  53.016	  41.403	 -20.521
83	-151.399	14	  49.492	  19.873	 -27.788
84	-150.962	14	  63.341	  47.867	  13.507
85	-147.822	15	  55.150	  14.446	 -25.532
86	-147.753	15	  57.580	  39.764	  -4.136
87	-140.351	13	  51.529	   5.609	 -25.314
88	-135.511	13	  33.869	  -3.342	 -10.327
89	-132.818	13	  53.734	  58.308	  23.122
90	-130.840	13	  51.999	  -6.940	  25.099
91	-130.691	13	  39.114	  50.725	 -24.657
92	-129.610	13	  62.532	  -7.877	  -2.055
93	-122.024	11	  30.932	  50.863	 -17.951
94	-121.392	12	  74.680	  22.400	  23.513
95	-117.536	11	  50.335	 -18.728	  -0.074
96	-105.569	10	  49.142	   9.483	  44.357
97	 -99.701	10	  70.639	   9.653	  24.582
98	 -98.985	10	  43.329	 -20.056	  -1.094
99	 -96.526	9	  27.748	   5.055	 -29.083
100	 -96.295	8	  39.619	 -20.131	  11.019
101	 -92.540	9	  33.368	  13.492	 -33.070
102	 -90.356	9	  35.828	  29.972	  -3.341
103	 -84.374	8	  39.072	  49.209	   7.472
104	 -79.326	8	  43.161	  18.060	  19.618
105	 -78.670	8	  45.815	   1.245	 -30.762
106	 -72.168	7	  40.325	  33.521	  13.365
107	 -69.570	7	  45.520	  41.752	 -28.335
108	 -67.198	6	  42.525	   8.922	  22.336
109	 -63.241	6	  39.385	   5.442	   9.282
110	 -62.112	6	  56.608	 -19.120	   7.314
111	 -58.850	6	  37.515	  41.579	  14.146
112	 -58.806	6	  58.666	 -16.408	  13.974
113	 -58.376	6	  59.649	  55.418	  20.593
114	 -52.586	5	  46.349	  48.646	 -24.565
115	 -51.032	5	  64.725	  30.781	  18.215
116	 -50.870	5	  65.893	  13.839	  39.629
117	 -50.811	5	  48.587	  10.841	 -34.762
118	 -48.551	5	  30.987	  32.678	 -10.253
119	 -47.847	5	  69.566	   2.649	  33.985
120	 -46.674	5	  53.587	  53.456	 -17.813
121	 -46.579	5	  43.980	  22.071	  28.181
122	 -40.136	4	  37.209	  -1.706	  14.798
123	 -30.362	3	  30.878	  30.403	 -19.538
124	 -29.458	3	  39.505	  13.411	  34.450
125	 -29.454	3	  66.858	  47.414	  26.481
126	 -29.213	3	  43.179	   7.408	  39.464
127	 -29.116	3	  57.864	 -18.248	  -3.152
128	 -28.901	3	  79.867	  26.447	  28.110
129	 -28.690	3	  33.179	 -14.601	   5.797
130	 -28.610	3	  56.833	  -1.615	  35.116
131	 -28.585	3	  33.856	  46.382	  -1.517
132	 -28.325	3	  40.515	  47.748	  29.452
133	 -27.875	3	  28.500	  49.405	  -9.238
134	 -27.713	3	  43.153	   4.415	  29.798
135	 -27.690	3	  34.883	  38.412	   1.798
136	 -27.173	3	  65.181	  51.067	  -3.535
137	 -19.798	2	  24.179	  10.567	 -24.202
138	 -19.079	2	  68.179	   1.067	  10.295
139	 -18.925	2	  68.675	  42.556	   8.302
140	 -18.913	2	  37.179	  -9.434	  18.798
141	 -18.884	2	  43.179	  21.579	  38.286
142	 -18.720	2	  62.669	  33.088	 -31.692
143	 -18.648	2	  36.676	 -21.933	   3.798
144	 -18.375	2	  36.672	  50.067	  17.770
145	 -18.353	2	  59.692	   7.527	 -22.229
146	 -18.269	2	  27.179	   0.067	 -14.715
147	  -9.626	1	  34.179	  -6.933	   0.798
148	  -9.198	1	  68.179	  -5.933	   4.798
