1	-702.760	62	  18.061	   7.688	  18.558
2	-644.898	60	   2.578	  28.831	  12.863
3	-524.910	49	   8.128	  25.104	  -6.927
4	-467.598	41	  -2.047	  23.957	  21.197
5	-436.597	40	  21.664	  13.852	   3.446
6	-426.909	37	   2.137	  16.804	   3.629
7	-426.192	39	  10.915	  29.573	  36.731
8	-408.930	30	  21.939	  24.032	  18.689
9	-405.143	33	   0.195	  30.652	  28.078
10	-396.634	35	  30.199	  12.660	  24.926
11	-396.505	37	   6.323	  33.374	  -4.689
12	-357.121	32	  21.680	  33.488	  36.232
13	-325.458	29	  26.285	  42.023	  11.406
14	-319.323	30	   2.852	  46.466	  18.583
15	-308.849	29	  21.944	   9.147	  24.910
16	-298.825	28	  16.978	  42.661	   8.659
17	-272.139	24	  29.121	  17.942	  14.827
18	-265.256	25	  28.557	  15.183	  35.639
19	-231.256	18	  17.850	  40.594	  31.580
20	-222.436	22	   2.169	  38.957	  29.674
21	-219.521	21	  -0.456	  22.936	  -7.749
22	-217.328	20	  -0.691	  16.162	  17.540
23	-214.335	21	   2.205	  37.311	   1.702
24	-209.097	20	   9.175	  12.688	  33.695
25	-208.514	21	  12.147	  48.995	  26.007
26	-207.894	18	  31.170	  26.339	  26.756
27	-204.805	20	  10.543	  16.128	  -2.842
28	-198.389	20	   5.927	   8.444	 -31.165
29	-193.540	19	   7.316	  19.965	  35.764
30	-190.424	10	  16.807	  29.296	  26.462
31	-190.413	19	   3.525	  18.462	 -16.733
32	-177.997	17	   1.362	   8.592	  10.574
33	-177.016	17	  31.482	  34.000	  19.694
34	-175.865	17	  29.037	  36.102	   5.281
35	-172.855	16	   9.780	  43.209	  30.524
36	-170.917	15	   2.361	  10.753	  25.716
37	-152.890	13	  29.127	  32.848	  30.558
38	-145.658	13	  16.789	  48.133	  15.749
39	-144.690	14	  29.740	  26.750	   7.024
40	-131.419	12	  -1.141	  35.124	  19.017
41	-122.622	12	  14.162	  34.432	  -7.601
42	-120.423	11	   1.163	  41.253	  12.208
43	-116.458	11	  17.280	  23.872	  -3.477
44	-105.968	10	   9.393	   4.290	  10.600
45	-104.534	10	  10.416	   6.791	  25.661
46	-102.204	10	  25.406	  37.940	  -6.512
47	-101.146	10	  25.719	  47.110	  23.201
48	 -95.038	9	  13.460	   9.420	   0.795
49	 -92.034	9	  17.201	  17.715	  37.609
50	 -87.327	9	  -1.254	  25.905	  35.593
51	 -79.485	8	   3.170	  44.387	   4.985
52	 -78.722	7	  -4.303	  19.054	  30.792
53	 -76.714	8	  26.176	  41.811	  31.190
54	 -67.001	7	  33.579	  20.444	  20.155
55	 -60.033	6	  32.408	  28.878	  14.802
56	 -52.618	5	  32.797	  33.046	  -0.545
57	 -51.139	3	  18.408	  38.247	  16.216
58	 -46.422	5	   9.000	  50.850	  13.783
59	 -43.276	4	   8.399	  24.582	 -20.786
60	 -42.115	4	  -1.845	  30.119	 -17.532
61	 -41.944	4	   9.414	  45.855	  -0.276
62	 -37.718	4	  21.408	  31.341	  -8.502
63	 -33.570	3	  23.559	  26.145	  -0.030
64	 -29.972	3	  19.741	   8.190	  36.319
65	 -28.769	3	   5.818	  32.495	 -11.707
66	 -28.342	3	  28.377	   6.505	  34.283
67	 -27.295	3	   8.073	  15.182	 -21.676
68	 -18.467	2	  27.408	   9.842	  14.490
69	 -11.198	1	  -0.592	  31.855	  -8.016
70	 -10.874	1	  32.408	  32.855	  -9.016
71	  -9.030	1	  -0.592	  28.855	  -0.016
