1	-1043.569	87	  -1.837	  -3.866	   6.588
2	-727.642	68	   6.926	   4.215	  12.234
3	-442.832	37	   7.844	 -13.681	  -0.237
4	-440.550	41	  -7.979	  20.207	  12.585
5	-382.824	35	  12.705	   1.063	  -3.663
6	-346.595	35	 -11.858	  10.870	   6.515
7	-335.734	31	  -9.812	  16.855	  24.768
8	-330.072	32	   5.984	  -2.350	 -15.608
9	-324.406	28	   9.082	  10.157	  22.076
10	-312.927	28	 -11.506	   6.640	  17.790
11	-226.335	22	 -12.257	  12.201	  -7.050
12	-225.557	21	  -1.066	 -16.698	  -4.499
13	-218.639	20	 -12.812	  -5.334	  -4.140
14	-198.615	19	  -2.568	  -9.156	 -14.354
15	-180.391	17	  11.661	  15.536	  13.301
16	-157.962	15	 -10.705	   6.062	 -13.165
17	-152.356	14	  -1.263	   3.932	 -15.459
18	-151.990	15	  24.311	  -9.906	   4.560
19	-135.131	14	 -11.939	  -6.002	   6.079
20	-131.721	13	   4.160	  21.865	   4.963
21	-128.428	13	   5.220	  16.146	  -4.689
22	-121.534	11	  12.311	  10.535	  -2.420
23	-112.726	11	   9.772	  22.998	  12.854
24	-111.721	11	 -18.129	  13.602	  20.250
25	-109.167	10	  -7.984	 -14.862	   0.133
26	-104.599	11	  -9.904	  -3.074	 -14.260
27	 -99.755	10	  18.577	  -7.405	  10.709
28	 -91.739	9	  19.038	   1.657	  11.670
29	 -87.816	9	  14.206	   9.659	   7.535
30	 -87.711	9	  15.113	  -6.845	  -6.793
31	 -78.462	7	   9.325	 -10.283	 -11.233
32	 -78.054	8	  -0.889	   3.275	  22.292
33	 -69.764	7	  -3.218	  15.059	 -12.081
34	 -68.636	7	   9.878	   7.741	 -11.001
35	 -67.007	7	  12.067	 -11.243	  11.301
36	 -65.006	6	  17.927	 -15.471	  -1.400
37	 -59.550	6	   0.780	  22.706	  22.845
38	 -51.641	5	 -15.947	   2.948	   2.988
39	 -49.342	5	  -8.986	   6.755	  25.486
40	 -47.743	5	  -8.194	   0.158	  16.315
41	 -41.755	4	   3.528	   7.755	  32.529
42	 -29.415	3	  20.472	   0.071	   0.991
43	 -27.256	3	  11.780	  19.090	   5.626
44	  -9.709	1	  -4.215	  18.755	  -3.696
45	  -9.522	1	 -20.215	   4.755	  -8.696
46	  -8.953	1	  -1.215	  -2.245	 -19.696
