1	-1665.944	120	   5.349	   1.948	  15.149
2	-1257.037	106	   8.232	  -4.958	  36.424
3	-1221.519	96	  29.192	   5.861	  12.646
4	-923.740	82	  18.820	 -15.167	  23.957
5	-879.530	79	  18.602	  16.215	  24.694
6	-856.380	66	   8.239	  -2.677	   9.606
7	-848.323	72	  -0.145	 -19.387	  18.855
8	-761.197	63	  11.363	  20.534	   6.816
9	-734.805	64	  15.727	   5.565	  34.836
10	-728.050	63	  28.846	  -4.459	  19.860
11	-725.817	67	 -16.638	  -2.282	  18.242
12	-717.333	65	 -16.049	  14.437	  29.599
13	-615.435	58	  10.681	 -13.212	   2.889
14	-615.171	55	  50.652	  19.362	  12.345
15	-612.976	57	   8.752	  -1.113	 -10.356
16	-609.528	54	 -29.246	   9.820	  41.650
17	-577.806	53	  20.260	 -14.347	  -9.306
18	-536.391	48	  -3.460	  13.487	  18.813
19	-529.353	46	  16.247	  -3.184	  41.194
20	-512.276	44	  35.212	   4.034	  19.727
21	-480.751	42	  12.027	 -16.758	  56.791
22	-428.454	39	   6.466	   3.775	  -2.851
23	-427.171	37	  47.408	  20.818	   1.413
24	-418.052	36	  28.541	  -9.663	 -25.028
25	-375.377	31	  16.206	 -20.384	  44.870
26	-375.129	35	  32.540	  11.732	   3.100
27	-367.769	34	   6.408	 -22.401	  58.676
28	-362.589	34	  -0.915	 -11.137	  40.386
29	-350.812	30	 -25.724	  10.458	  32.903
30	-346.949	32	  -8.921	  -2.729	  40.340
31	-345.232	31	  10.601	 -26.674	  37.980
32	-340.248	32	  31.300	   3.679	  -4.866
33	-337.991	32	  40.690	   7.608	  23.251
34	-330.429	28	  21.562	  -9.065	 -21.230
35	-327.048	28	  39.110	  21.239	  19.270
36	-319.800	29	  23.079	 -12.542	  36.911
37	-312.760	27	  17.788	  26.202	   5.202
38	-307.700	28	  31.580	  15.767	  26.877
39	-305.266	27	  -0.324	 -25.109	  25.560
40	-304.080	28	  20.268	  -6.604	  46.296
41	-301.828	28	  -9.449	 -29.210	  37.776
42	-300.256	28	 -18.259	   5.776	  18.923
43	-297.890	27	  28.787	  30.154	  -5.254
44	-283.022	24	 -17.006	  -8.715	  39.457
45	-268.851	23	  31.043	 -11.968	  -5.912
46	-266.380	25	  32.267	  26.601	  16.571
47	-263.247	25	  -4.429	  18.258	  26.048
48	-262.956	27	  32.018	  -2.716	   9.223
49	-257.298	23	  29.545	  31.748	   8.628
50	-256.971	24	  -0.680	 -12.061	   9.264
51	-255.069	21	  29.599	   8.271	 -13.551
52	-254.958	22	  -1.497	 -19.048	  54.043
53	-251.038	23	   8.225	  18.266	  20.210
54	-245.615	18	  24.643	   7.090	   3.494
55	-242.339	23	  17.696	 -17.543	   0.906
56	-238.720	18	  -1.321	  -6.598	  31.967
57	-236.843	21	  31.738	  17.519	  -4.911
58	-228.846	20	  -8.495	  -6.041	  13.337
59	-227.631	22	  43.936	  32.134	   2.305
60	-223.140	20	  12.701	 -17.437	  13.077
61	-216.518	21	  -1.550	   7.918	  39.224
62	-210.634	19	  -9.620	  13.089	  40.412
63	-205.020	20	  -1.029	 -31.152	  51.374
64	-203.998	20	 -14.523	 -18.886	  24.715
65	-201.775	19	  27.143	   8.782	  30.737
66	-201.229	18	  20.078	 -14.106	  11.323
67	-198.730	19	  15.247	  19.978	  -8.541
68	-198.577	17	   6.276	  14.881	  27.190
69	-196.898	19	 -24.893	  -4.015	  27.269
70	-193.993	17	  -8.688	 -16.858	  40.442
71	-193.236	18	  17.239	 -10.607	 -15.533
72	-188.274	19	   6.213	   3.607	  39.513
73	-182.298	17	   1.422	  13.061	   6.798
74	-170.944	15	  -3.436	 -31.646	  31.663
75	-170.934	17	   8.642	   5.897	 -13.726
76	-163.675	16	  41.150	  29.992	  11.462
77	-160.466	16	  48.911	   8.770	   9.668
78	-153.307	15	  19.468	  11.613	 -16.887
79	-152.234	15	 -14.594	  12.070	  47.317
80	-150.640	15	 -28.311	  -1.886	  40.042
81	-136.904	12	  27.050	  -8.208	  30.369
82	-134.209	12	  23.748	  32.548	   1.177
83	-132.523	13	  36.590	  -5.173	 -26.291
84	-132.421	13	  44.560	   2.024	  13.681
85	-132.350	13	  37.602	 -10.595	  -9.901
86	-132.069	12	 -20.780	 -12.687	  32.015
87	-130.587	13	  15.835	   3.241	 -20.029
88	-127.013	12	   1.955	 -33.544	  37.179
89	-125.859	12	   7.943	  -7.614	  55.777
90	-124.086	12	   9.050	 -28.588	  48.928
91	-118.907	12	   4.804	  16.864	  -5.835
92	-117.988	11	 -22.440	  16.302	  37.817
93	-115.225	11	  27.167	 -15.601	 -17.301
94	-113.982	11	  20.492	  30.799	  -6.704
95	-113.773	11	 -12.136	 -29.963	  29.623
96	-111.754	11	  30.408	  -8.336	   1.385
97	-101.959	10	  11.336	  -1.202	  51.286
98	 -98.174	10	  41.978	  14.343	   0.555
99	 -88.032	9	  28.573	  -9.936	  11.780
100	 -84.832	8	  29.423	   0.740	 -25.528
101	 -80.190	8	 -13.323	 -14.879	  13.235
102	 -79.455	8	  41.095	  -2.686	 -15.969
103	 -79.199	8	 -10.729	 -27.183	  46.445
104	 -78.059	8	 -18.363	 -13.545	  18.571
105	 -76.932	8	  21.627	 -20.277	  33.175
106	 -76.244	7	  -8.269	   1.941	  17.191
107	 -73.564	7	  28.356	  15.689	 -12.089
108	 -72.101	7	  24.282	   5.573	 -22.594
109	 -70.014	7	  37.787	  26.624	  -8.316
110	 -68.214	7	  -4.195	 -14.849	  47.548
111	 -66.827	7	 -22.083	   0.355	  51.971
112	 -61.545	6	  -2.058	   9.700	  12.564
113	 -60.782	6	 -16.822	   5.054	  51.219
114	 -60.440	6	   7.745	  10.413	  35.860
115	 -56.564	6	  37.793	  31.908	  -3.000
116	 -54.481	6	 -16.434	 -24.360	  37.225
117	 -51.765	5	   9.459	  14.455	 -11.442
118	 -48.216	5	  52.622	  30.247	   5.969
119	 -48.040	5	   0.807	 -10.779	  53.711
120	 -43.364	4	  21.019	 -12.545	  53.975
121	 -43.123	4	  11.075	 -23.522	  28.007
122	 -41.452	4	  47.726	  13.455	  23.567
123	 -38.700	4	   5.271	 -29.289	  60.280
124	 -28.575	3	  30.514	  24.727	 -11.824
125	 -27.874	3	  35.235	  -3.211	  -2.464
126	 -23.021	1	   6.234	   2.455	  31.536
127	 -19.781	2	  22.185	  27.832	  13.110
128	 -19.501	2	  36.299	 -16.610	 -23.270
129	 -18.488	2	  24.750	  -0.061	  36.020
130	 -18.469	2	  27.234	 -18.046	  51.035
131	 -18.448	2	  27.234	 -14.063	  43.054
132	 -18.217	2	 -30.267	  15.954	  45.032
133	 -18.148	2	  -0.783	   3.455	   8.570
134	 -10.383	1	  45.234	  24.455	  -5.464
135	  -9.964	1	  31.234	   0.455	  28.536
136	  -9.798	1	  21.234	  19.455	 -13.464
137	  -9.659	1	 -10.766	  16.455	  18.536
138	  -9.361	1	  46.234	  18.455	  29.536
139	  -9.246	1	  -7.766	 -23.545	  54.536
140	  -9.218	1	   4.234	 -15.545	  61.536
141	  -9.199	1	 -23.766	  18.455	  48.536
142	  -8.968	1	 -23.766	  10.455	  52.536
