1	-1265.658	117	  24.952	 -15.713	  63.176
2	-1242.907	116	  27.244	  -5.844	  29.373
3	-1231.475	113	  29.311	  17.217	  46.602
4	-1154.454	85	  27.762	  -3.182	  71.060
5	-1092.714	96	  31.782	   9.641	  43.018
6	-1091.168	98	  25.129	  -8.884	  68.056
7	-1077.973	97	  13.572	   6.116	  78.432
8	-1004.324	83	  -5.419	   7.201	  84.957
9	-991.293	74	  36.477	   4.234	  41.625
10	-848.906	66	  15.904	  -6.774	  12.481
11	-667.385	57	  22.581	   2.427	  51.916
12	-585.815	53	  17.827	  -9.508	  79.634
13	-575.085	50	  31.579	  10.912	  29.308
14	-565.399	52	  12.232	  -2.198	  81.493
15	-562.017	50	  28.392	   3.089	  25.044
16	-550.089	48	  34.004	   0.605	  57.093
17	-517.745	46	 -11.659	  15.332	  82.092
18	-512.454	45	   7.902	 -13.856	  12.025
19	-428.116	33	   3.725	 -12.799	  64.819
20	-426.998	40	  44.334	  -4.250	  25.804
21	-425.491	39	   7.310	   5.644	  32.622
22	-407.621	37	  18.642	  23.795	  33.948
23	-406.495	37	  16.100	 -14.514	  31.752
24	-404.014	39	  36.359	  -6.976	  66.816
25	-402.491	37	  -6.452	  16.845	  97.516
26	-391.436	34	  -3.292	  -4.422	  64.270
27	-390.346	37	  14.485	   2.304	  35.640
28	-389.058	33	  40.131	  18.020	  35.835
29	-386.110	36	   3.002	   8.004	  65.496
30	-384.505	36	  41.010	  -7.479	   9.337
31	-365.084	31	  23.459	  -0.504	  41.631
32	-364.419	34	  14.938	   8.099	 101.029
33	-361.800	33	  35.080	  -2.979	  24.841
34	-361.376	33	   8.109	 -23.197	  56.497
35	-354.203	33	   5.986	  -1.137	  65.084
36	-352.950	33	  19.154	   3.555	  84.882
37	-333.532	31	  17.504	 -16.097	   6.932
38	-331.612	27	  12.496	  15.859	  33.081
39	-327.380	28	  29.133	 -16.725	  77.594
40	-323.955	31	   0.914	  18.470	  71.129
41	-312.248	28	  -5.945	  17.483	  90.217
42	-300.969	28	   8.756	 -22.862	  69.008
43	-296.373	27	  10.937	  23.562	  43.127
44	-289.983	27	  10.105	  -6.210	  32.500
45	-288.211	25	  24.014	 -15.971	  23.663
46	-270.641	25	  26.511	  17.102	  26.608
47	-270.272	26	  22.843	   1.215	  11.277
48	-262.684	23	  19.304	 -21.156	  77.508
49	-254.634	25	   0.748	  -8.885	  79.740
50	-249.829	23	  26.536	  10.356	  55.730
51	-248.805	24	  15.578	  22.030	  50.549
52	-243.885	24	  42.015	   8.546	  48.762
53	-238.481	21	   8.426	  15.593	  79.685
54	-237.471	23	  13.329	 -16.702	  51.667
55	-233.815	23	  15.611	   8.883	  72.239
56	-231.922	23	  11.116	  17.686	 103.099
57	-226.177	21	  31.507	   7.367	  64.747
58	-223.509	21	  19.841	  -4.721	  55.660
59	-220.785	21	  31.400	 -17.560	  15.421
60	-212.578	20	  11.095	 -16.722	  78.667
61	-209.675	21	  23.940	   5.776	  89.717
62	-207.656	19	  10.070	  18.365	  90.744
63	-202.186	19	  31.875	   1.523	   4.249
64	-202.069	17	  21.825	   2.552	   1.433
65	-201.638	19	  12.598	   3.124	  66.865
66	-199.358	19	  17.662	   1.805	  61.567
67	-194.456	17	  -7.136	  16.865	 107.084
68	-193.443	19	  -7.522	  15.103	  65.755
69	-192.883	17	 -14.704	   8.432	  93.218
70	-192.498	18	  30.967	   4.535	  87.326
71	-190.378	19	   7.569	   9.805	  40.248
72	-188.257	17	   4.397	  -0.496	 100.695
73	-187.246	17	  -5.603	  -1.672	  98.276
74	-186.927	18	   2.840	   9.412	  27.448
75	-185.471	18	  45.079	  -7.855	  42.552
76	-184.538	18	  17.704	   9.277	  19.993
77	-182.931	18	 -11.398	  -4.007	  73.534
78	-177.783	17	  36.000	   8.821	  73.603
79	-177.047	17	  11.286	 -19.639	  24.593
80	-174.351	16	  -1.528	   1.214	  89.320
81	-171.593	14	  31.383	  24.053	  32.216
82	-170.210	17	  25.880	 -17.845	   4.068
83	-169.830	15	  26.752	  -8.561	  53.045
84	-162.001	16	  24.270	 -29.252	  67.912
85	-158.430	16	  28.305	  29.211	  49.445
86	-155.784	15	  40.304	   0.252	  72.584
87	-152.818	15	  17.638	 -12.326	  -7.402
88	-150.517	14	   2.949	  -9.703	  18.109
89	-149.380	15	  19.675	  -3.855	  36.303
90	-147.606	14	  48.815	   0.752	  44.098
91	-145.485	15	  31.154	 -25.707	  72.141
92	-144.719	14	  31.810	   1.186	  -6.450
93	-144.021	14	   2.058	 -12.966	  55.788
94	-140.735	14	  -0.471	  -0.022	 110.048
95	-139.816	13	  40.585	  14.354	  28.661
96	-139.267	14	 -14.540	  12.923	 104.042
97	-135.649	13	   4.079	 -15.364	  27.927
98	-134.302	13	  16.899	 -31.943	  64.357
99	-132.353	13	  40.124	   0.149	  57.603
100	-132.249	12	  31.158	  12.028	  82.610
101	-131.429	13	  25.909	  12.345	  69.645
102	-130.529	13	  11.477	  -4.419	  54.448
103	-129.903	12	 -12.699	  10.400	  73.767
104	-128.540	12	  -5.267	  -3.622	  79.290
105	-127.454	12	   2.902	  21.932	  84.148
106	-122.810	12	  33.432	  -7.069	  48.404
107	-120.468	12	  38.068	 -16.547	   3.439
108	-119.261	12	  19.343	  16.933	  94.423
109	-115.163	11	   3.933	   5.093	  19.071
110	-114.181	11	 -15.263	  -1.581	  99.523
111	-111.811	11	  12.456	   3.974	  16.786
112	-111.781	11	  -7.456	 -11.754	  68.016
113	-110.840	11	  22.628	 -21.040	  14.417
114	-110.763	11	  31.446	  30.306	  40.821
115	-107.324	10	  11.783	  -8.131	  -0.944
116	-106.122	11	  17.899	 -23.781	  52.922
117	-104.157	10	  25.524	 -15.709	  -6.510
118	-103.554	11	  40.002	 -13.426	  32.500
119	-102.690	8	   4.083	  -1.670	  27.956
120	-101.569	10	  32.535	 -12.615	  -6.103
121	-100.637	10	   4.515	  -2.687	  91.345
122	 -99.061	10	   7.776	   7.679	 109.379
123	 -97.324	9	  47.682	  11.000	  37.067
124	 -94.962	10	  44.042	  15.529	  48.708
125	 -93.757	10	  -8.676	   1.415	 105.780
126	 -93.379	9	  40.729	 -16.387	  17.736
127	 -90.866	9	  38.912	  -6.158	  -0.898
128	 -90.189	9	  32.904	 -12.514	  82.631
129	 -90.063	9	  35.520	  11.749	  54.079
130	 -89.943	9	  19.993	   8.499	  54.448
131	 -88.307	8	  24.344	  -7.928	 -12.784
132	 -86.398	9	   8.859	  -4.738	  11.773
133	 -85.378	8	 -15.243	  17.979	  73.678
134	 -84.560	8	 -10.540	   8.689	 111.222
135	 -84.440	9	  38.269	 -15.826	  69.378
136	 -82.138	8	  38.244	 -10.135	  78.236
137	 -81.692	8	  34.882	 -11.410	  41.376
138	 -80.541	8	  15.790	  29.965	  45.289
139	 -80.250	7	 -11.638	   0.233	  92.110
140	 -78.338	8	   0.273	  13.219	 109.754
141	 -71.540	7	  24.940	 -13.803	  84.937
142	 -70.501	7	  14.995	   2.226	  -5.513
143	 -69.527	7	   2.950	  -5.170	  59.017
144	 -68.802	7	  25.400	 -24.570	  58.662
145	 -68.629	7	  13.888	   5.385	  48.252
146	 -68.373	6	  13.595	   0.937	   2.651
147	 -65.202	6	  48.945	  11.955	  26.060
148	 -61.828	6	  40.220	 -18.508	  10.521
149	 -60.958	6	  23.791	  32.804	  41.486
150	 -59.802	6	  31.313	 -10.520	  91.115
151	 -59.445	6	  38.823	  27.143	  45.714
152	 -58.956	6	  44.981	 -12.672	  25.489
153	 -57.971	6	  37.687	   4.991	  24.126
154	 -57.258	6	  23.656	  15.163	  82.364
155	 -55.388	6	  32.801	  -7.183	 -11.186
156	 -55.013	5	  -4.903	  23.197	  74.813
157	 -53.678	5	  -7.878	   2.224	  64.740
158	 -51.866	5	  17.929	  15.655	  54.242
159	 -50.956	5	   3.336	  19.091	  94.598
160	 -50.130	5	  33.075	 -11.282	  60.262
161	 -50.019	5	  26.677	  13.871	  89.473
162	 -49.904	5	  13.265	  15.317	  23.217
163	 -49.880	5	  48.272	 -10.107	  33.492
164	 -49.787	5	  -4.319	  27.482	  85.265
165	 -48.042	5	  19.902	  -4.291	  86.071
166	 -48.035	5	  34.679	   0.276	  15.407
167	 -47.388	5	  50.490	  -0.270	  36.075
168	 -46.960	5	  24.348	   0.483	  -5.162
169	 -46.960	5	  12.487	   0.492	  93.656
170	 -42.665	4	   0.055	 -17.283	  16.407
171	 -39.412	4	  37.490	  -0.512	  81.419
172	 -37.991	4	  16.019	  14.987	  82.641
173	 -36.994	4	  36.096	  23.468	  54.121
174	 -30.236	3	  -0.487	  -9.795	  26.333
175	 -30.049	3	  25.152	  -4.184	  91.308
176	 -28.998	3	  32.480	 -14.182	  25.629
177	 -28.785	3	  14.277	 -26.876	  14.314
178	 -26.925	3	   0.169	 -15.511	  76.328
179	 -23.356	2	  45.490	   3.492	  24.183
180	 -20.718	2	  16.395	 -29.413	  73.556
181	 -19.798	2	  33.403	 -25.138	  62.281
182	 -19.148	2	  24.991	  32.991	  33.150
183	 -13.697	1	  23.490	 -10.508	  18.651
184	 -10.977	1	  39.490	  26.492	  37.651
185	 -10.748	1	  13.490	 -25.508	  79.651
186	  -9.744	1	  51.490	   6.492	  31.651
187	  -9.285	1	  -0.510	   7.492	 114.651
