1	-1196.226	115	  44.947	  31.755	  38.792
2	-920.467	79	  38.083	  31.446	  33.443
3	-762.212	55	  25.976	  28.157	  47.030
4	-690.188	60	  43.715	  23.009	  47.661
5	-619.204	53	  49.267	  12.292	  34.157
6	-549.121	49	  35.692	  46.577	  55.157
7	-457.767	41	  42.485	   8.620	  48.666
8	-407.862	36	  30.612	  50.658	  45.761
9	-398.127	31	  37.748	  20.953	  56.783
10	-397.351	36	  46.848	  41.622	  37.200
11	-349.039	32	  20.876	  26.367	  60.121
12	-338.918	32	  43.529	  41.270	  57.247
13	-314.190	28	  34.355	  -0.835	  42.888
14	-303.983	29	  25.608	  19.054	  34.016
15	-294.837	27	  48.652	  34.660	  58.923
16	-288.277	25	  53.996	  28.522	  27.696
17	-266.449	23	  44.141	  23.023	  56.152
18	-260.618	23	  39.855	  53.054	  34.313
19	-232.323	22	  27.687	  35.553	  68.257
20	-231.059	23	  39.964	  18.642	  20.124
21	-220.007	21	  35.822	  10.709	  60.656
22	-216.284	21	  38.962	  37.639	  64.108
23	-214.565	19	  22.116	  18.644	  44.159
24	-205.407	20	  24.669	  40.243	  44.565
25	-202.959	18	  23.171	  35.193	  55.639
26	-182.126	18	  44.407	   5.396	  28.247
27	-180.890	18	  43.924	  51.937	  44.394
28	-177.718	16	  35.397	   3.387	  55.978
29	-162.460	16	  42.688	  25.500	  67.312
30	-162.139	16	  36.512	   4.970	  25.433
31	-160.832	16	  53.143	  34.682	  51.874
32	-155.030	14	  54.888	  20.002	  36.027
33	-154.337	14	  23.287	  27.894	  39.416
34	-139.256	14	  25.588	  44.023	  54.801
35	-136.643	12	  37.027	  20.339	  65.865
36	-136.525	13	  25.517	  14.945	  63.302
37	-132.308	13	  23.480	   7.664	  42.277
38	-130.993	13	  27.290	  44.882	  64.148
39	-124.474	12	  24.655	  36.623	  37.405
40	-124.050	11	  30.170	  23.600	  69.172
41	-119.528	12	  45.275	  12.041	  22.672
42	-113.834	11	  42.296	  27.503	  23.047
43	 -97.836	9	  25.995	   8.791	  33.980
44	 -92.451	9	  19.114	  23.861	  49.259
45	 -91.491	9	  48.616	  46.061	  48.281
46	 -89.704	9	  30.915	   2.400	  30.470
47	 -78.360	7	  35.303	  24.154	  23.959
48	 -78.184	7	  26.321	   9.739	  53.994
49	 -77.057	8	  42.597	  15.491	  53.934
50	 -74.682	8	  27.902	  44.881	  33.736
51	 -70.572	7	  30.834	  54.590	  38.586
52	 -68.452	7	  26.943	  50.978	  56.296
53	 -67.144	7	  53.118	  21.001	  17.382
54	 -60.927	6	  26.531	  28.135	  32.330
55	 -49.064	5	  40.347	  -1.858	  31.255
56	 -28.392	3	  37.221	  58.778	  43.408
57	 -28.042	3	  30.202	  19.048	  20.809
58	 -18.340	2	  49.531	   4.234	  39.475
59	 -13.590	1	  31.531	  34.741	  34.480
60	  -9.660	1	  26.531	   0.741	  40.480
61	  -9.446	1	  49.531	  23.741	  40.480
62	  -9.180	1	  19.531	  39.741	  65.480
63	  -9.031	1	  43.531	   0.741	  43.480
64	  -9.008	1	  52.531	  39.741	  42.480
