1	-935.528	83	  74.840	 -26.291	  62.832
2	-430.790	41	  61.834	 -35.524	  80.323
3	-374.847	34	  64.117	 -44.344	  73.615
4	-347.901	32	  66.229	 -13.171	  74.200
5	-328.759	32	  76.953	 -23.176	  70.044
6	-308.984	30	  69.890	 -19.866	  80.291
7	-308.537	30	  64.910	 -22.276	  46.450
8	-304.674	27	  59.518	 -17.833	  74.709
9	-282.914	27	  49.947	 -26.351	  65.272
10	-271.893	24	  55.924	 -38.560	  62.470
11	-255.260	21	  67.568	 -42.166	  56.484
12	-252.101	22	  70.917	 -33.721	  43.691
13	-242.115	23	  79.518	 -23.506	  56.539
14	-238.015	21	  71.893	 -12.636	  47.655
15	-233.215	21	  76.020	 -26.123	  77.247
16	-198.294	19	  75.114	 -40.002	  81.821
17	-175.390	17	  82.602	 -44.118	  75.278
18	-151.158	15	  68.748	  -8.606	  65.196
19	-150.479	15	  66.071	 -44.920	  64.949
20	-148.513	14	  62.169	 -17.632	  56.593
21	-147.559	15	  85.152	 -29.892	  70.742
22	-142.264	14	  56.457	 -21.122	  81.464
23	-131.410	13	  72.763	 -46.326	  75.290
24	-129.381	13	  76.380	  -4.367	  58.805
25	-125.282	12	  50.740	 -34.791	  70.882
26	-121.295	12	  81.093	 -14.742	  61.605
27	-121.107	10	  87.368	 -38.262	  66.179
28	-110.753	11	  82.349	 -10.490	  54.464
29	-110.105	10	  60.568	 -29.238	  52.908
30	-103.453	9	  74.705	 -45.536	  63.077
31	-103.394	10	  74.845	 -11.645	  69.178
32	-101.806	9	  77.974	 -17.642	  49.283
33	 -98.394	10	  69.652	  -5.250	  52.459
34	 -95.942	9	  82.097	 -42.304	  56.492
35	 -94.876	10	  63.277	 -34.848	  35.273
36	 -93.585	9	  49.860	 -25.563	  72.737
37	 -89.236	9	  55.429	 -33.815	  37.508
38	 -77.468	8	  61.249	 -37.766	  41.088
39	 -69.072	7	  63.476	 -37.110	  52.491
40	 -64.482	7	  53.869	 -28.932	  79.974
41	 -63.726	6	  54.807	 -37.465	  76.446
42	 -58.886	6	  56.799	 -27.854	  59.670
43	 -51.557	5	  84.104	 -30.759	  61.352
44	 -50.825	5	  87.958	 -36.637	  76.470
45	 -48.370	5	  54.594	 -19.300	  61.488
46	 -48.134	5	  52.591	 -16.868	  68.833
47	 -47.734	5	  75.266	 -25.684	  44.279
48	 -38.382	4	  70.481	 -34.674	  84.810
49	 -30.771	3	  83.665	 -35.667	  83.783
50	 -28.498	3	  58.344	 -44.002	  68.496
51	 -27.309	3	  81.642	 -32.994	  49.810
52	 -21.458	2	  76.988	 -42.385	  49.528
53	 -18.783	2	  60.482	 -11.680	  64.304
54	 -10.113	1	  83.988	 -46.667	  66.810
