1	-1408.904	115	  20.565	  38.628	 126.906
2	-1387.633	115	  44.816	  76.386	 216.102
3	-1321.484	106	  21.898	  -7.819	  40.018
4	-1236.483	97	  49.610	  40.360	 104.786
5	-1218.287	106	  19.156	  22.313	 164.424
6	-1161.233	93	  53.971	  26.087	  70.278
7	-1031.100	89	  33.832	  38.679	 120.075
8	-898.871	69	  39.912	  64.439	 182.131
9	-769.560	58	  20.764	   5.231	   6.926
10	-694.484	63	  41.218	  59.362	 177.354
11	-668.144	59	  31.103	  -0.662	   5.805
12	-666.793	56	   5.506	  -5.094	  12.780
13	-654.429	60	  34.278	  66.807	 215.150
14	-605.983	55	  30.525	  29.674	 128.535
15	-599.809	54	  42.078	  81.517	 181.931
16	-589.541	52	  18.273	  43.658	 160.635
17	-589.537	52	  20.741	  10.166	   1.488
18	-568.254	51	  41.738	  30.938	  71.192
19	-554.718	50	  39.045	  32.239	 101.739
20	-546.768	50	  28.699	  68.716	 184.659
21	-540.907	49	  19.099	  10.800	  38.931
22	-530.172	46	  66.156	  28.426	  99.729
23	-520.093	46	  51.848	  59.246	 211.829
24	-518.071	49	  64.066	  24.917	 114.066
25	-514.079	47	  33.559	  -1.577	  36.510
26	-512.987	42	  43.622	  64.309	 164.939
27	-503.046	44	  -5.463	  36.170	 145.738
28	-501.263	43	  13.267	  21.905	 129.723
29	-493.749	37	   8.771	  39.145	 155.354
30	-490.453	45	  31.848	  30.848	 159.978
31	-489.250	46	  34.963	  45.799	 112.667
32	-484.949	41	  -2.731	  -2.258	  26.463
33	-482.641	35	  19.256	  28.373	 159.420
34	-482.505	39	  59.565	  66.825	 204.420
35	-481.938	44	  66.689	  24.627	  86.862
36	-472.912	44	  66.842	  67.412	 179.550
37	-469.867	44	  69.413	  82.921	 204.151
38	-465.446	39	  67.510	  73.491	 193.188
39	-459.159	42	  31.719	  22.281	 160.382
40	-451.878	40	  77.172	  36.751	  90.291
41	-448.099	42	  -6.672	  31.294	 160.030
42	-447.143	40	  11.196	  13.789	  11.619
43	-444.977	41	  69.486	  43.655	  91.159
44	-444.670	40	  33.795	 -10.924	  35.846
45	-441.704	42	  31.900	  12.060	   6.400
46	-437.810	41	   2.947	   9.531	  21.417
47	-430.319	38	  37.176	  41.915	 101.692
48	-425.306	36	   8.467	  21.595	 157.151
49	-422.597	40	   4.655	 -10.554	   1.527
50	-414.326	38	  10.937	 -12.770	  35.656
51	-406.488	37	  41.720	  20.079	  64.300
52	-399.801	36	  13.852	 -13.584	  25.118
53	-399.348	37	  11.603	   9.369	  47.767
54	-394.993	33	  15.258	 -10.440	  10.369
55	-394.733	31	  52.685	  76.805	 185.783
56	-394.064	38	  43.461	  19.274	  72.538
57	-390.904	35	  -5.771	  -6.919	  36.236
58	-389.066	36	  -6.171	  10.505	  13.344
59	-388.155	33	  28.358	  59.894	 184.762
60	-383.633	36	  -0.074	  30.094	 133.673
61	-383.404	35	  -6.109	  44.652	 134.167
62	-379.878	34	  11.813	  46.214	 132.791
63	-377.821	35	  80.810	  28.261	  78.077
64	-377.728	34	  56.020	  47.900	  89.926
65	-377.667	33	  52.179	  83.996	 208.645
66	-377.548	35	  33.464	  40.509	 128.671
67	-377.472	36	  72.200	  19.636	  74.522
68	-374.257	34	  59.738	  46.920	  99.616
69	-368.351	35	   4.701	  24.014	 147.712
70	-366.424	35	   4.490	  26.558	 125.687
71	-366.384	32	  13.324	   8.724	  -8.923
72	-356.719	35	  32.348	  37.364	 110.058
73	-354.076	28	   7.679	   6.267	  33.422
74	-339.549	31	  55.334	  81.815	 197.588
75	-338.293	29	  55.106	  22.668	 100.765
76	-337.783	28	  40.030	  31.985	  86.519
77	-330.669	29	  55.286	  43.794	  72.773
78	-330.395	29	  50.717	  57.983	 182.921
79	-323.705	31	  60.937	  56.902	 181.060
80	-322.493	31	  60.666	  64.576	 214.309
81	-317.495	31	  64.145	  43.435	  63.742
82	-314.356	28	  57.416	  61.445	 189.769
83	-309.312	30	  47.342	  54.522	 192.311
84	-308.931	30	   5.300	   5.990	  41.049
85	-306.122	29	  32.115	  12.692	  -4.347
86	-305.607	28	  50.005	  79.560	 176.457
87	-303.868	27	  76.619	  44.730	 100.687
88	-302.887	29	  17.916	  15.492	  18.463
89	-297.834	26	  56.118	  49.133	 106.728
90	-286.431	27	  16.711	  -7.803	  55.229
91	-285.118	27	   8.219	  44.025	 143.152
92	-282.124	24	  64.191	  21.426	  76.620
93	-281.363	27	  58.455	  18.727	  83.853
94	-276.303	26	  32.918	  80.515	 216.050
95	-274.598	26	  53.264	  78.167	 228.779
96	-273.605	26	   2.787	 -14.118	  37.538
97	-272.758	25	  -1.692	  -3.029	   7.476
98	-266.752	26	   9.830	  43.381	 172.586
99	-264.898	26	   2.442	  16.824	  10.501
100	-261.619	25	  70.923	  30.366	 105.657
101	-256.053	23	  14.872	  47.447	 125.298
102	-256.028	24	  33.524	 -16.308	  46.300
103	-255.802	22	  31.790	  29.828	 144.412
104	-252.928	24	  70.349	  40.675	  77.367
105	-249.817	24	  60.584	  88.767	 209.105
106	-249.791	24	   3.438	  50.709	 131.318
107	-249.746	22	  31.506	  66.976	 201.032
108	-249.004	24	   0.077	  19.204	 160.228
109	-242.973	23	  14.101	  25.290	 177.499
110	-242.789	23	  13.674	  17.302	 148.647
111	-240.220	22	  30.100	  16.765	 170.820
112	-240.051	22	  13.108	  40.349	 113.100
113	-237.199	19	  31.787	  -0.943	  21.918
114	-235.795	21	  17.589	  46.663	 141.898
115	-235.376	23	  68.261	  71.212	 208.174
116	-233.830	22	  44.820	  84.879	 201.167
117	-231.434	22	  27.895	  55.074	 175.518
118	-231.285	22	  67.622	  50.148	 102.362
119	-227.294	21	  55.327	  41.731	 119.747
120	-225.640	21	   4.899	  -8.622	  26.564
121	-225.435	21	  -0.302	  42.667	 143.201
122	-225.114	21	  50.544	  85.316	 216.456
123	-223.734	21	  56.824	  59.869	 198.309
124	-222.122	20	  16.219	  -1.034	 -11.849
125	-219.616	21	  -4.834	 -12.014	  44.732
126	-219.013	20	  42.935	  21.429	  94.908
127	-215.124	20	  63.870	  64.901	 190.222
128	-214.065	20	  18.964	  36.287	 179.084
129	-213.765	20	  -2.672	  27.331	 149.648
130	-209.933	18	  14.980	 -14.880	  42.176
131	-208.011	19	  63.005	  80.409	 197.107
132	-205.040	19	  16.635	  29.861	 110.398
133	-202.713	18	  50.280	  31.640	 122.128
134	-202.673	19	  30.453	  79.372	 192.198
135	-200.229	20	  66.918	  58.937	 173.024
136	-197.629	18	  14.793	  15.147	   4.522
137	-194.510	17	  74.047	  28.021	  86.626
138	-194.018	13	  62.760	  39.647	  78.610
139	-193.655	19	  -5.976	  16.542	   4.904
140	-192.131	18	  54.840	  35.088	  53.294
141	-190.006	18	  61.639	  62.292	 221.565
142	-185.280	17	  31.566	  40.983	 152.141
143	-184.723	17	  61.817	  25.584	  56.361
144	-182.766	17	  41.810	  42.943	  78.440
145	-182.762	17	  -3.401	   3.124	  35.069
146	-181.624	17	  32.131	   9.755	  29.970
147	-180.500	18	  -7.875	  23.507	 165.860
148	-180.390	18	   4.550	  25.052	 117.403
149	-180.247	17	  81.046	  22.643	  69.182
150	-175.253	16	  43.640	  79.407	 230.968
151	-173.333	15	  23.488	   1.177	  56.558
152	-171.166	15	  32.373	   5.920	  -3.110
153	-170.492	12	   7.848	  28.109	 135.708
154	-168.578	15	  32.108	  72.830	 223.520
155	-167.276	17	  59.353	  76.476	 175.951
156	-161.218	15	  78.342	  35.738	  74.516
157	-160.458	14	  60.911	  19.522	  69.380
158	-159.961	15	  52.801	  18.445	  92.587
159	-159.496	15	  37.292	  70.360	 162.384
160	-156.945	15	  76.614	  36.905	 105.071
161	-155.857	15	  55.489	  61.570	 166.234
162	-155.561	15	   9.021	  41.187	 164.346
163	-152.879	15	  30.815	 -12.316	  23.386
164	-149.659	14	  11.627	  12.329	  24.310
165	-147.497	15	  63.029	  84.305	 223.356
166	-146.270	13	  37.645	  56.500	 207.524
167	-145.722	14	  47.115	  81.032	 169.036
168	-144.251	14	  63.038	  19.337	 108.297
169	-143.708	14	  28.595	  19.015	 146.206
170	-142.150	12	  37.323	  -7.341	  43.545
171	-140.498	13	   5.538	 -11.049	  52.421
172	-138.741	13	  26.468	  18.867	 135.967
173	-137.455	14	  70.313	  88.281	 212.753
174	-137.240	13	  31.122	  42.802	 141.972
175	-134.525	13	  75.973	  13.941	  65.389
176	-132.487	13	  25.526	 -16.961	  42.657
177	-130.644	12	  28.588	 -12.142	  13.172
178	-129.517	12	   8.914	  17.231	 165.974
179	-128.435	12	  -3.554	  -0.387	  41.743
180	-126.891	11	  34.595	  24.330	 167.713
181	-125.341	12	  -5.076	  50.264	 125.843
182	-124.615	12	  -5.898	   2.295	  10.256
183	-123.492	12	  60.780	  52.688	 168.377
184	-122.488	12	  24.640	  49.249	 136.826
185	-122.418	12	  52.070	  21.786	  54.795
186	-121.143	12	  32.744	  58.109	 198.292
187	-119.959	10	  49.790	  55.137	 174.053
188	-118.376	12	   9.952	 -19.039	  52.014
189	-118.224	11	  76.327	  50.681	 107.514
190	-116.114	10	  53.609	  67.949	 231.392
191	-112.672	11	  69.195	  55.047	 112.319
192	-111.961	11	   8.111	  20.516	  -4.838
193	-111.607	11	  51.389	  47.476	  81.256
194	-110.352	11	  37.202	  51.908	 191.779
195	-108.839	10	  23.951	  62.998	 177.755
196	-108.258	10	  34.257	  81.410	 226.925
197	-106.157	10	  61.403	  93.924	 217.881
198	-104.003	10	  31.322	  11.493	  20.029
199	-103.777	10	  64.338	  45.288	 117.728
200	-103.701	10	  30.942	  78.520	 202.270
201	-103.531	10	  -0.480	 -18.029	  50.317
202	-103.443	10	   6.692	  -8.172	  -5.499
203	-103.380	10	  29.043	   2.769	 -11.290
204	-101.965	10	   4.071	  11.835	  -5.170
205	-101.362	10	  26.189	  47.139	 124.875
206	-100.481	10	  42.769	  20.873	  84.453
207	-100.293	10	  66.533	  40.546	  71.176
208	 -96.907	7	  47.144	  69.262	 198.789
209	 -94.089	10	  46.842	  21.982	 109.340
210	 -93.646	8	  17.125	 -13.139	  17.271
211	 -91.313	9	  30.928	  39.385	 163.815
212	 -91.171	9	   3.849	  56.212	 121.628
213	 -91.089	9	   0.289	  39.393	 163.190
214	 -89.989	8	  15.453	  18.694	 139.367
215	 -89.592	9	  39.535	  42.237	  87.876
216	 -88.839	9	  26.258	  -9.570	  -0.093
217	 -88.351	8	  39.622	  81.638	 221.354
218	 -87.146	9	  23.779	  42.311	 173.275
219	 -83.864	8	  21.932	  13.923	  28.778
220	 -81.854	8	  21.242	  13.359	 153.105
221	 -81.290	8	   3.705	  22.368	 176.648
222	 -80.937	8	  24.393	  22.894	 117.627
223	 -80.611	8	   3.048	  23.698	   1.999
224	 -80.124	8	  36.670	  86.338	 206.725
225	 -79.952	8	  71.452	  22.276	  58.279
226	 -78.938	8	  18.329	 -12.649	   2.766
227	 -77.342	8	  27.458	 -10.157	  55.395
228	 -75.991	8	  37.923	  71.600	 232.393
229	 -73.911	7	  24.357	  23.011	 179.034
230	 -71.374	7	  21.879	   8.823	 -11.760
231	 -70.024	7	  -4.174	  18.362	 172.742
232	 -69.533	7	  45.065	  51.209	  95.558
233	 -69.072	7	  44.274	  50.513	 106.631
234	 -68.984	7	  26.331	   8.599	  51.189
235	 -68.919	7	  35.213	  52.530	 183.326
236	 -68.606	7	   5.669	  46.801	 114.477
237	 -68.123	7	  51.416	  42.951	  59.452
238	 -67.949	7	  22.149	  39.044	 109.407
239	 -67.155	7	  40.272	  58.964	 220.051
240	 -63.867	6	  21.447	  45.607	 149.322
241	 -62.667	6	  -6.344	  37.221	 133.782
242	 -62.613	6	  45.237	  27.805	  53.518
243	 -62.434	6	  55.689	  91.082	 223.835
244	 -59.859	6	  44.468	  41.631	 121.252
245	 -59.402	6	  23.546	 -19.012	  28.545
246	 -59.114	6	  26.383	  17.934	  15.465
247	 -58.347	6	  44.196	  38.642	  60.605
248	 -58.069	6	  75.611	  43.589	 110.827
249	 -57.400	6	  28.643	  76.802	 173.500
250	 -57.231	6	   7.112	   5.244	  53.432
251	 -56.612	6	  62.300	  47.153	  81.309
252	 -56.521	6	  23.341	  20.491	 124.276
253	 -54.476	5	  49.453	  14.622	  81.782
254	 -52.968	5	  47.657	  55.694	 201.740
255	 -50.035	5	  63.209	  35.173	  52.218
256	 -49.774	5	  24.385	  13.764	 160.750
257	 -49.220	5	  17.226	  21.991	 115.179
258	 -48.339	5	  50.034	  21.788	 116.008
259	 -47.672	5	  -6.353	  40.907	 125.964
260	 -47.640	3	  16.826	  31.022	 118.015
261	 -47.499	4	  49.737	  19.348	  65.547
262	 -47.275	5	  69.826	  70.572	 216.593
263	 -47.190	5	   7.382	  31.386	 110.589
264	 -45.104	3	  55.826	  33.628	  88.528
265	 -42.325	3	  54.024	  33.273	  60.408
266	 -42.232	4	   0.315	  12.968	 168.331
267	 -42.072	4	  34.826	  78.234	 168.568
268	 -41.484	4	  18.666	  -8.093	  -8.462
269	 -40.665	4	  74.826	  39.152	  66.187
270	 -40.575	3	  19.574	  33.716	 171.548
271	 -39.800	4	  52.444	  59.900	 226.941
272	 -39.160	4	  34.291	  81.216	 177.062
273	 -39.100	3	  16.440	  32.810	 145.703
274	 -39.091	4	  50.808	  52.484	 166.266
275	 -39.065	4	  25.360	  66.036	 192.308
276	 -39.022	4	  26.057	  65.336	 168.053
277	 -38.915	4	  36.826	  52.969	 175.296
278	 -38.839	3	  39.127	  71.317	 170.782
279	 -38.770	4	  71.306	  80.461	 215.302
280	 -38.634	4	  33.592	  29.377	 114.551
281	 -38.404	4	  44.082	  61.722	 228.042
282	 -38.213	4	  44.324	  41.463	  67.530
283	 -38.139	4	  34.826	  33.271	  95.593
284	 -37.695	4	  31.626	   7.916	  42.869
285	 -36.882	4	  16.109	   1.724	  58.268
286	 -36.813	3	  63.826	  34.930	  88.512
287	 -36.293	4	   8.586	  46.721	 150.775
288	 -32.537	2	  16.826	  -0.196	  22.290
289	 -31.833	3	   2.184	  28.261	 171.782
290	 -31.434	2	  50.826	  32.623	 114.437
291	 -31.353	3	  -5.116	  20.910	 155.152
292	 -30.682	3	  34.481	  36.968	 139.103
293	 -30.477	3	  34.826	  -6.138	  53.135
294	 -30.176	2	  49.826	  68.407	 223.782
295	 -30.138	3	  43.895	  26.265	 116.375
296	 -30.064	3	  64.122	  79.968	 188.444
297	 -29.940	3	   6.150	  21.286	 138.191
298	 -29.753	3	  63.463	  21.306	  96.134
299	 -29.606	3	  -1.512	  -1.021	  -2.210
300	 -29.396	3	  32.826	  61.975	 164.124
301	 -29.139	3	  35.474	   6.631	  16.457
302	 -29.019	3	  47.437	  45.635	 115.824
303	 -28.992	3	  31.508	  27.965	 177.100
304	 -28.785	3	  65.164	  66.988	 171.120
305	 -28.622	3	  46.117	  14.657	  59.113
306	 -28.571	3	   9.407	  15.630	 174.484
307	 -28.516	3	  35.167	  30.958	 133.801
308	 -28.220	3	  28.837	  77.632	 183.108
309	 -28.203	3	  61.186	  32.288	 122.758
310	 -27.640	3	  36.496	  29.298	  77.787
311	 -27.569	3	  11.826	  52.640	 116.127
312	 -27.463	3	  72.487	  32.307	 113.134
313	 -27.225	3	  37.826	  -4.697	  31.114
314	 -25.771	2	   8.826	   0.968	  23.240
315	 -24.688	2	   2.826	  30.376	 158.782
316	 -21.528	2	  41.383	  82.968	 193.339
317	 -21.401	2	   8.268	  34.968	 145.782
318	 -20.091	2	  -3.636	  32.968	 121.244
319	 -19.831	1	   2.826	   4.968	  10.782
320	 -19.742	2	  21.826	   0.441	  48.837
321	 -19.703	2	  74.200	  29.884	  63.240
322	 -19.411	2	  70.333	  39.461	  58.782
323	 -19.324	2	   4.323	 -22.032	  45.782
324	 -19.075	2	  37.826	   1.451	  47.265
325	 -19.065	2	  37.849	  57.474	 169.299
326	 -18.953	2	  51.831	  75.971	 164.286
327	 -18.849	2	  36.826	   0.492	  11.782
328	 -18.747	2	  34.311	  85.453	 197.813
329	 -18.690	2	   5.851	 -11.551	  17.288
330	 -18.320	2	  11.826	  16.968	 122.269
331	 -18.195	2	  -6.181	   7.968	   4.301
332	 -18.063	2	  36.328	  27.968	 152.280
333	 -15.658	1	  61.826	  75.968	 207.782
334	 -14.479	1	  67.826	  37.968	 101.782
335	 -14.315	1	  17.826	  -1.032	  -4.218
336	 -11.504	1	  53.826	  70.968	 195.782
337	 -10.536	1	  35.826	  62.968	 226.782
338	  -9.907	1	  40.826	  22.968	 103.782
339	  -9.789	1	  13.826	  35.968	 105.782
340	  -9.771	1	  -6.174	  28.968	 140.782
341	  -9.656	1	  66.826	  14.968	  59.782
342	  -9.529	1	  31.826	  -5.032	  -6.218
343	  -9.503	1	  67.826	  66.968	 197.782
344	  -9.306	1	  70.826	  24.968	  94.782
345	  -9.091	1	  16.826	  13.968	  52.782
346	  -9.019	1	  56.826	  47.968	  65.782
347	  -9.005	1	  58.826	  28.968	  49.782
348	  -8.994	1	  75.826	  43.968	  85.782
