1	-697.101	63	  23.438	  -6.276	 -18.750
2	-683.708	61	  20.049	  -6.203	  11.284
3	-672.849	65	  11.370	   4.773	  14.349
4	-641.413	55	  22.149	  32.109	  12.702
5	-521.087	50	  27.104	 -19.371	  -0.885
6	-383.817	36	  24.453	  11.362	  -5.722
7	-375.732	35	   6.821	  13.727	  15.625
8	-360.292	29	  15.039	   1.329	   9.770
9	-353.864	32	  28.970	   2.816	 -14.593
10	-349.925	30	  17.004	  -1.028	 -16.247
11	-343.684	31	  17.265	 -19.536	   1.142
12	-334.297	32	  22.223	  15.633	   0.241
13	-328.451	28	  43.021	  26.692	  20.054
14	-313.577	29	   9.167	  -1.471	  16.095
15	-309.643	28	  36.615	   1.648	  11.895
16	-309.146	30	  31.950	  -9.028	 -14.475
17	-303.160	29	   3.376	   4.579	   2.762
18	-299.811	28	   8.710	  -5.384	 -13.575
19	-299.539	30	  -1.830	   1.361	  11.174
20	-293.854	23	  33.147	  13.274	   0.980
21	-284.405	21	  36.469	  26.216	   7.975
22	-270.825	25	  13.996	  23.176	  19.201
23	-262.074	24	  34.975	  -0.953	  -5.882
24	-250.993	23	  29.504	  20.841	  24.975
25	-235.807	21	  29.842	 -21.591	  -9.625
26	-233.938	22	  30.916	  -4.339	   8.566
27	-233.062	21	  33.196	  21.102	   0.132
28	-232.845	16	  19.576	  10.009	   3.648
29	-229.202	21	  10.491	  24.767	   3.854
30	-215.467	21	  22.214	  23.929	  -0.130
31	-205.887	19	  43.401	  20.363	  25.523
32	-204.790	20	  44.263	  16.780	   0.396
33	-202.019	14	  23.970	  -1.241	   6.363
34	-194.939	18	  25.968	  -2.566	  20.845
35	-192.023	19	   6.783	 -11.186	  -4.383
36	-188.545	19	  52.185	  17.022	  20.996
37	-186.213	18	   7.319	  12.160	   6.037
38	-186.080	16	  -0.418	  -4.383	   6.294
39	-179.430	18	  30.747	   3.565	  25.210
40	-173.156	16	  42.229	   4.082	  19.598
41	-170.145	17	  49.581	  19.390	   9.839
42	-168.718	17	  37.420	  -0.769	   3.324
43	-164.743	17	  11.820	   6.917	 -12.387
44	-149.047	14	  14.514	  10.100	  25.043
45	-147.118	14	   6.936	 -12.543	   9.088
46	-145.456	13	  18.813	 -16.555	 -18.249
47	-144.465	14	  47.258	   5.822	   5.063
48	-141.032	14	  28.214	  41.181	  14.346
49	-133.116	12	  27.767	 -13.315	  10.322
50	-126.390	12	  12.695	 -16.093	  -9.141
51	-120.347	10	  35.575	  35.437	  14.264
52	-120.050	11	  36.854	   8.990	  27.752
53	-114.634	11	  48.123	   7.047	  25.123
54	-112.487	11	  52.314	   2.861	  15.588
55	-110.176	11	   3.495	   3.344	  -6.151
56	-105.136	10	  25.632	  35.930	   2.658
57	-103.766	10	  16.014	   0.070	  22.648
58	-102.818	10	  34.161	  16.385	  28.172
59	 -89.473	9	  19.121	 -22.698	  -8.151
60	 -88.063	9	  32.670	  33.479	  21.721
61	 -86.297	9	   6.692	  18.830	   8.267
62	 -85.602	8	  51.575	  11.018	  10.871
63	 -82.619	8	  16.022	  35.228	   3.498
64	 -80.153	8	  22.781	  23.981	  22.643
65	 -79.716	8	  35.060	 -11.302	  -6.344
66	 -70.763	7	  45.116	  25.301	  10.358
67	 -69.501	7	  22.104	   3.884	  29.931
68	 -67.645	7	  10.968	  11.591	  -5.711
69	 -56.371	6	  32.022	  36.736	   6.334
70	 -56.005	6	  22.030	   9.497	 -15.790
71	 -48.816	5	  20.174	 -15.470	  13.838
72	 -46.535	5	  28.344	 -23.282	 -16.236
73	 -41.131	4	   0.603	  -4.789	  -8.823
74	 -28.521	3	  22.349	  35.165	  19.744
75	 -27.721	3	  18.672	  18.524	  26.706
76	 -19.069	2	  25.866	 -21.991	   8.901
77	 -18.081	2	  -1.150	   8.993	  15.885
78	  -9.576	1	  -0.651	  -9.508	  14.384
79	  -8.989	1	   8.349	  28.492	  11.384
