1	-922.578	84	  86.338	  53.842	   6.339
2	-794.336	65	  73.789	  68.547	  -9.735
3	-715.932	60	  84.164	  11.107	  37.454
4	-698.359	58	  71.535	  47.791	  11.006
5	-689.956	58	  81.388	  53.762	  21.878
6	-670.601	60	  88.037	  97.531	   5.727
7	-665.276	61	  69.843	  42.801	  34.054
8	-640.548	52	  73.023	  59.240	  14.076
9	-634.156	57	  89.003	  11.452	   1.649
10	-632.136	56	  47.140	  67.280	  19.299
11	-613.917	44	  65.715	  84.867	   1.191
12	-610.997	50	  72.169	   5.196	  16.284
13	-598.328	50	  81.876	  79.228	  18.651
14	-589.852	49	  65.720	  26.361	  18.292
15	-573.383	45	  86.716	   5.915	  13.132
16	-563.948	51	  54.169	  65.735	  17.956
17	-561.357	46	  59.017	  62.566	   9.213
18	-555.420	47	  82.950	  67.499	  -3.529
19	-552.089	39	  85.465	  25.078	  18.351
20	-548.739	50	  71.803	  -4.011	  28.255
21	-537.613	48	  55.057	  78.277	  23.164
22	-531.646	45	  73.981	  11.640	  36.919
23	-529.188	38	  64.936	  82.004	   8.726
24	-524.193	47	  74.426	  36.830	   5.326
25	-524.089	48	  56.941	  59.475	  26.670
26	-520.481	46	  85.793	  23.227	   0.302
27	-493.611	47	  78.478	  41.211	   0.416
28	-457.942	33	  65.738	  27.564	  28.500
29	-438.456	30	  90.725	  31.075	  16.120
30	-428.167	40	  76.563	 105.874	   8.478
31	-426.447	38	  76.577	  56.197	  -8.762
32	-425.179	29	  87.177	  81.159	   9.510
33	-421.096	37	  80.298	  41.405	  40.647
34	-417.386	39	  55.634	  72.056	  -8.880
35	-415.175	36	  82.602	  98.056	  -5.335
36	-410.582	38	  72.550	  66.022	  28.300
37	-404.682	40	  65.780	  57.333	  11.064
38	-398.505	37	  73.615	  51.766	  18.477
39	-396.640	37	  80.562	 105.715	  -1.404
40	-391.958	28	  59.656	  88.122	   9.300
41	-391.805	36	  60.403	  79.310	  -5.099
42	-387.515	34	  67.615	  40.069	  23.812
43	-382.681	35	  81.438	  49.301	  36.298
44	-369.194	33	  95.956	  19.427	  26.067
45	-368.489	32	  80.049	  -0.989	  36.952
46	-367.836	36	  82.556	  35.813	   4.328
47	-365.951	33	  84.494	  93.148	  14.731
48	-362.549	33	  92.456	  14.847	  30.925
49	-357.229	31	  50.313	  65.652	  -0.458
50	-356.732	33	  77.803	  49.305	  26.923
51	-353.376	32	  53.182	  92.626	  -5.379
52	-348.015	32	  64.398	  73.595	  -7.273
53	-347.299	32	  66.570	  13.762	   3.798
54	-343.887	32	 104.414	  33.477	  24.847
55	-329.966	31	  85.979	  59.367	  22.702
56	-327.050	27	  92.087	  42.141	  40.405
57	-326.687	32	  52.224	  83.742	  -1.594
58	-325.362	30	  90.792	  62.152	  16.410
59	-321.432	30	  98.116	   6.416	  13.631
60	-320.325	29	  93.701	   6.978	  33.435
61	-319.423	26	  72.516	 100.913	 -10.849
62	-318.380	29	  62.597	  20.679	  37.173
63	-314.671	28	  71.340	  45.615	   3.480
64	-312.653	29	  52.196	  56.240	  -4.395
65	-308.771	28	  68.043	  98.822	  26.856
66	-303.201	30	 101.773	  26.021	  21.599
67	-302.315	29	  66.310	 106.856	  22.682
68	-290.608	27	 100.979	  11.535	  27.607
69	-289.044	28	  98.625	  49.381	  13.215
70	-288.387	27	  95.218	  46.435	  33.666
71	-287.077	27	  67.566	 104.954	  -6.424
72	-283.709	19	  90.553	  26.897	  26.165
73	-282.782	28	  76.801	  19.127	  41.736
74	-282.087	27	  77.708	   4.880	  -2.126
75	-274.678	27	  61.359	  90.021	  23.296
76	-271.109	25	  93.546	  73.200	   3.550
77	-267.833	25	  62.882	  65.895	 -11.362
78	-267.654	23	  68.647	  87.366	  25.949
79	-259.923	23	  71.303	   7.039	   8.948
80	-257.322	24	  79.228	   1.872	  14.977
81	-251.612	22	  70.651	  30.257	  38.821
82	-248.673	24	  95.024	  -2.907	  32.125
83	-237.757	21	  69.857	  59.856	  20.773
84	-237.151	23	  96.682	  21.035	   3.796
85	-235.651	23	  83.783	  76.471	  -8.201
86	-232.055	20	  57.881	  86.858	  17.331
87	-228.410	22	  62.920	   5.308	  32.127
88	-217.735	21	  47.874	  78.305	  13.856
89	-214.369	21	  81.061	  87.404	 -12.000
90	-211.532	20	  54.090	 107.383	  10.818
91	-211.432	20	  89.662	  51.562	  28.772
92	-208.549	19	  88.187	  31.366	   7.400
93	-205.780	20	  83.239	  55.058	  -2.031
94	-203.913	20	  56.450	  12.545	  24.107
95	-201.480	18	  69.517	 108.746	   1.455
96	-201.399	20	  48.411	  95.820	   9.207
97	-200.306	17	  88.779	  85.578	  -0.168
98	-200.253	20	  92.008	  21.286	  39.502
99	-193.704	19	  96.964	  92.795	   8.999
100	-192.993	19	  56.584	 104.843	  19.143
101	-191.283	19	  91.864	  49.164	   6.694
102	-190.714	19	  96.536	  26.722	  11.061
103	-187.860	17	  93.467	  30.940	  39.536
104	-184.583	18	  61.275	  56.145	 -12.200
105	-182.255	18	  51.756	  84.461	   9.197
106	-178.611	17	  81.257	  47.801	  -8.986
107	-177.193	17	  74.618	  -8.752	  39.121
108	-177.131	17	  97.448	  -4.146	  23.451
109	-174.992	17	  70.258	  80.566	 -13.533
110	-174.761	13	  76.526	  73.527	   0.578
111	-169.066	17	  61.772	  41.644	  32.937
112	-165.881	16	 102.849	  38.095	  31.936
113	-165.286	17	  72.180	 -15.108	  29.876
114	-162.056	14	 100.875	  11.663	   9.190
115	-160.681	14	  80.278	 -17.951	  37.148
116	-160.581	14	  45.645	  70.170	   5.984
117	-160.322	16	  62.828	  49.655	 -15.509
118	-159.494	15	  69.275	  90.386	 -13.111
119	-155.859	15	  83.701	  29.392	  44.596
120	-155.563	15	  59.227	  98.116	 -10.167
121	-154.131	15	 100.836	  38.585	   9.292
122	-152.993	15	  72.142	  -0.172	  35.637
123	-149.941	15	  74.596	  15.111	  -5.667
124	-146.323	14	  76.280	 104.368	  19.663
125	-142.841	11	  78.686	  17.727	  30.195
126	-139.938	14	  82.366	  -6.956	  14.499
127	-139.609	14	  64.148	  21.801	   7.205
128	-138.184	13	  97.319	  53.573	  21.650
129	-129.635	13	  50.715	 101.454	   1.009
130	-129.496	12	  99.901	  -0.463	  17.189
131	-129.231	13	  67.653	  40.987	  -4.280
132	-127.191	13	  59.048	  29.248	  39.933
133	-126.972	13	  94.402	 -11.623	  34.346
134	-123.759	11	  74.467	  39.848	 -11.973
135	-122.484	12	  71.872	  51.036	 -14.702
136	-120.401	12	  56.905	  36.817	  31.662
137	-117.289	6	  74.318	  58.520	   4.101
138	-110.642	11	 104.768	  41.708	  19.925
139	-110.631	11	  77.796	 -10.680	  23.732
140	-107.531	11	  49.199	  63.905	   7.345
141	-106.152	11	  62.057	 112.969	   7.180
142	-105.654	10	  73.264	  25.680	   1.602
143	-105.294	10	  75.727	  82.857	  23.871
144	-103.893	10	  57.293	  69.516	  30.487
145	-103.741	10	  86.111	  -6.859	  39.279
146	-102.430	10	  76.350	  74.424	  28.186
147	-102.112	10	  68.884	  30.754	  11.383
148	-101.493	10	  95.649	  88.443	  15.077
149	-101.344	10	  83.265	 -17.363	  28.616
150	 -94.430	9	  94.741	  72.313	  13.381
151	 -93.962	5	 100.510	   7.023	  21.260
152	 -92.516	9	  56.206	  20.279	  28.796
153	 -91.632	9	  63.156	  66.296	  33.627
154	 -90.695	8	  61.028	   3.683	  17.406
155	 -88.230	9	  96.693	  85.300	   2.187
156	 -86.361	9	  68.985	  40.567	  12.045
157	 -83.271	8	  67.344	  79.050	  28.696
158	 -81.488	8	  92.748	  40.060	   4.821
159	 -80.967	8	  99.881	  79.447	   7.025
160	 -79.760	4	  75.887	   3.307	  25.279
161	 -79.329	8	  72.596	  -5.159	  16.665
162	 -72.503	7	  61.255	  48.191	   7.137
163	 -72.396	7	  53.021	  96.329	  18.455
164	 -71.896	7	  58.912	 109.016	   0.014
165	 -71.564	7	  56.812	  12.660	  15.599
166	 -69.541	7	 101.047	  19.616	  17.996
167	 -69.374	7	  68.518	  49.017	  25.451
168	 -68.683	7	  77.359	  93.997	  24.568
169	 -67.218	7	  60.178	  46.190	  -7.204
170	 -60.196	6	  98.465	  22.439	  32.264
171	 -58.197	6	  53.297	  49.956	   0.315
172	 -56.756	6	  49.655	  67.239	 -14.247
173	 -54.428	4	  80.113	  14.008	  19.279
174	 -51.581	5	  42.704	  75.309	  20.289
175	 -50.593	5	  96.717	   9.243	  -3.746
176	 -49.640	5	  48.648	  66.993	  28.046
177	 -49.134	5	  86.149	  72.182	  21.629
178	 -49.122	5	  94.041	  -7.949	  16.655
179	 -48.026	5	  90.230	 -12.790	  26.334
180	 -47.178	5	 107.648	   6.399	  27.345
181	 -46.826	5	  91.023	  78.187	  -3.741
182	 -43.462	2	  85.648	  77.068	   1.279
183	 -37.967	4	  71.411	   5.913	  -6.453
184	 -37.828	3	  68.648	  69.647	   8.515
185	 -37.244	3	  88.198	  42.152	  24.279
186	 -32.646	3	  66.693	  98.439	   4.279
187	 -31.686	3	 102.648	  33.124	  13.979
188	 -30.918	3	  91.947	  95.764	  14.628
189	 -30.122	3	  81.679	 100.787	 -15.022
190	 -28.705	3	  53.352	  59.128	 -14.410
191	 -28.360	3	  86.325	  41.996	  48.680
192	 -27.871	3	  59.347	  20.818	  17.259
193	 -20.990	2	  50.648	  59.975	  21.279
194	 -19.588	2	  62.147	  57.940	  33.280
195	 -18.987	2	  90.648	  49.947	  40.246
196	 -18.982	2	  61.143	  89.439	 -13.721
197	 -18.841	2	  78.125	  79.484	 -14.198
198	 -18.777	2	  36.648	  73.915	  15.755
199	 -18.499	2	  58.054	  12.477	  35.241
200	 -15.125	1	  70.648	  22.439	  35.279
201	 -13.916	1	  86.648	  -3.561	  29.279
202	 -12.735	1	  66.648	  54.439	  -5.721
203	 -11.167	1	  59.648	  96.439	  -0.721
204	  -9.939	1	  97.648	  66.439	   8.279
205	  -9.791	1	  85.648	 102.439	  14.279
206	  -9.611	1	  88.648	 -18.561	  36.279
207	  -9.600	1	  53.648	  50.439	  10.279
208	  -9.319	1	  88.648	  -5.561	   8.279
209	  -9.077	1	  75.648	 109.439	  -6.721
210	  -8.909	1	 100.648	  29.439	  35.279
