1	-1038.287	88	  69.375	  58.645	  14.319
2	-988.912	88	  82.303	  54.897	  23.812
3	-859.116	72	  72.109	  48.591	  13.737
4	-778.416	74	  79.138	  40.270	   3.403
5	-763.006	67	  75.443	   3.999	  16.879
6	-728.352	62	  75.033	  68.047	  -8.727
7	-686.338	60	  52.577	  66.524	  17.781
8	-686.323	61	  86.021	   6.617	  12.271
9	-624.637	49	  84.190	  11.076	  39.218
10	-624.107	56	  72.093	  -4.118	  29.128
11	-621.462	54	  84.954	  51.732	   8.126
12	-620.216	55	  70.373	  43.410	  35.459
13	-610.507	55	  90.177	  11.655	   3.805
14	-601.557	53	  74.352	  12.077	  38.820
15	-596.327	55	  73.397	  52.331	  20.472
16	-576.136	43	  65.341	  82.074	   8.982
17	-551.671	47	  80.561	  43.513	  41.916
18	-548.716	48	  87.156	  98.503	   7.088
19	-542.193	49	  59.506	  62.191	  11.081
20	-539.245	46	  83.397	  67.034	  -2.491
21	-520.339	48	  79.157	  49.379	  30.652
22	-497.572	43	  65.934	  26.498	  19.619
23	-492.503	45	  89.671	  29.915	   8.167
24	-490.937	36	  88.571	  28.055	  26.824
25	-486.218	45	  73.774	  35.969	   7.380
26	-481.817	43	  55.987	  85.899	  17.405
27	-477.480	40	  81.654	  79.386	  19.883
28	-466.716	44	  96.558	  19.241	  28.928
29	-457.307	33	  85.676	  25.556	  20.282
30	-444.650	41	  93.016	   7.253	  35.759
31	-440.054	43	  76.949	 105.922	   9.278
32	-438.277	38	  67.729	  39.665	  26.182
33	-436.954	31	  66.608	  85.147	   2.006
34	-434.580	38	  85.162	  93.334	  15.286
35	-428.856	39	  92.803	  14.160	  33.051
36	-424.224	40	  71.414	 103.849	  -8.622
37	-419.174	39	  68.587	  89.258	  27.061
38	-408.748	36	  76.851	  55.679	  -7.312
39	-406.492	38	  64.672	  72.739	  -7.160
40	-399.943	28	  87.131	  80.519	  10.098
41	-393.969	33	  83.331	  97.362	  -4.776
42	-389.824	31	  50.049	  65.719	   0.734
43	-383.540	36	  80.172	 105.458	   0.097
44	-375.813	32	  80.196	  -1.592	  38.212
45	-364.628	34	  55.792	  72.119	  -8.033
46	-357.990	34	  90.650	  61.576	  18.137
47	-356.999	35	  66.687	  13.542	   5.691
48	-340.223	32	  89.046	  57.504	   7.835
49	-337.845	22	  66.822	  26.717	  30.752
50	-332.744	32	 102.644	  26.572	  25.625
51	-331.041	28	  92.520	  42.636	  42.462
52	-330.744	32	  93.880	  73.998	   4.749
53	-329.588	31	  98.472	  -2.662	  21.829
54	-328.007	31	  60.521	  78.809	  -4.850
55	-308.499	27	  71.280	  45.323	   4.946
56	-308.060	29	  52.935	  91.293	  -4.751
57	-306.351	28	  64.697	  66.007	 -10.534
58	-294.548	27	  99.403	   6.905	  15.344
59	-289.944	28	  53.535	  83.466	  -2.220
60	-273.210	27	  94.917	  46.435	  36.144
61	-272.252	26	  69.621	 107.894	   0.920
62	-270.812	25	  71.479	   6.506	  10.756
63	-266.957	25	 101.492	  12.005	  28.669
64	-258.354	24	  61.614	  21.390	  38.094
65	-245.303	23	  48.483	  78.694	  14.855
66	-242.891	23	  81.553	  32.323	   6.154
67	-235.755	22	  53.994	 107.259	  10.582
68	-233.930	23	  74.780	  71.632	  29.472
69	-233.826	23	  84.904	  75.778	  -6.700
70	-227.379	21	  56.285	  55.463	  -7.849
71	-226.526	22	  77.939	   4.166	  -0.229
72	-224.481	19	  54.189	  76.295	  25.401
73	-223.375	21	  96.169	  21.556	   5.464
74	-222.101	19	  85.455	  21.554	   0.066
75	-220.461	20	  98.448	  49.697	  14.729
76	-220.291	19	  70.575	  30.278	  40.185
77	-217.532	22	  96.103	  -2.703	  32.474
78	-216.937	21	  89.952	  51.625	  30.492
79	-206.908	20	  71.567	 101.969	  23.078
80	-202.696	19	  93.003	  30.846	  42.014
81	-198.828	14	  89.519	  32.378	  17.353
82	-195.100	19	  81.493	  47.432	  -7.068
83	-193.559	19	  81.811	  87.557	 -11.248
84	-190.224	16	  89.072	  85.555	   0.441
85	-189.123	18	  61.152	  85.946	  24.105
86	-188.692	18	  56.786	  12.553	  25.612
87	-187.660	18	  56.105	 105.170	  18.918
88	-182.927	17	  63.086	   4.861	  33.292
89	-180.974	17	  83.358	  29.586	  46.356
90	-179.697	11	  59.822	  88.598	   9.712
91	-177.288	17	 102.750	  38.047	  33.181
92	-173.662	16	 102.209	  12.255	  11.516
93	-172.150	17	  77.692	  19.973	  43.751
94	-163.589	16	  63.836	  53.912	 -12.628
95	-163.492	15	  44.854	  70.452	   6.056
96	-159.912	15	  82.710	  55.405	  -1.680
97	-155.558	12	  78.540	  17.494	  32.302
98	-154.060	15	  97.544	  53.343	  23.646
99	-153.245	15	  58.757	  96.956	  -9.535
100	-153.133	15	  71.041	  89.567	 -12.527
101	-150.750	15	  94.250	 -10.126	  35.285
102	-150.648	14	  92.211	  49.286	   8.614
103	-150.392	15	 101.291	  39.080	  10.905
104	-149.828	14	  92.123	  20.864	  40.976
105	-144.753	14	 104.911	  35.116	  24.430
106	-144.064	14	  97.330	  26.963	  13.398
107	-140.285	13	  48.572	  96.809	  10.770
108	-140.259	14	  51.921	  84.047	   8.766
109	-136.767	14	  82.606	  -6.139	  14.610
110	-136.030	13	  70.955	  79.813	 -12.749
111	-134.989	13	  65.419	 107.764	  19.195
112	-134.327	13	  61.255	  49.453	  10.202
113	-133.028	13	  72.349	  -0.432	  36.697
114	-131.672	13	  59.764	  94.409	  23.524
115	-130.878	12	  74.869	 -10.546	  39.861
116	-129.689	13	  73.158	  25.268	   3.265
117	-127.113	13	  72.420	 -15.011	  30.084
118	-124.115	11	  72.783	  97.930	 -12.792
119	-123.325	12	 102.554	  31.454	  17.108
120	-122.033	12	  76.477	  15.416	  -3.177
121	-120.448	12	  56.847	  36.738	  33.029
122	-119.940	12	  58.480	  58.533	  25.418
123	-119.437	10	  80.372	 -18.020	  37.719
124	-119.291	11	  74.513	  39.168	  -9.699
125	-119.258	12	  49.959	  89.562	   4.376
126	-112.311	10	  50.090	  57.813	  -1.056
127	-110.341	11	  91.815	  94.055	   3.013
128	-103.214	10	  75.692	  82.909	  24.500
129	-102.386	10	  86.939	  65.058	  24.079
130	-102.103	10	  64.802	  22.186	   8.559
131	-101.997	10	  68.841	  30.195	  12.997
132	-101.916	6	 101.298	   6.854	  22.609
133	-100.561	10	  78.285	 -10.492	  24.034
134	 -99.839	10	  51.734	 102.117	   1.735
135	 -99.625	10	  94.916	  72.687	  14.413
136	 -99.516	9	  56.611	  20.427	  30.985
137	 -98.895	10	  56.424	  26.725	  39.111
138	 -97.460	10	 101.391	  21.103	  20.429
139	 -95.362	10	 100.220	  79.798	   8.779
140	 -93.565	9	  97.032	  85.494	   3.560
141	 -92.755	9	  60.779	   2.494	  19.830
142	 -91.818	9	  72.119	  50.151	 -13.197
143	 -91.430	9	  59.088	  68.378	  31.458
144	 -91.117	9	  77.328	  92.779	  24.787
145	 -90.396	7	  76.923	  73.282	   1.280
146	 -89.679	9	  61.495	  46.326	 -13.271
147	 -89.628	8	  57.528	 109.306	   0.858
148	 -88.214	8	  66.060	  78.170	  29.288
149	 -88.202	9	  86.338	  -7.142	  40.204
150	 -87.714	9	  68.902	  40.176	  13.884
151	 -87.122	9	  63.488	  31.204	  26.021
152	 -83.534	8	  57.197	  14.762	  18.258
153	 -80.402	8	 104.830	  41.769	  21.214
154	 -79.093	8	  67.877	  40.062	  -2.395
155	 -78.543	8	  63.836	  14.295	  39.082
156	 -76.713	8	  86.690	  85.009	  16.745
157	 -73.879	7	  64.296	 105.241	  -4.782
158	 -73.369	7	  61.735	  41.715	  33.354
159	 -72.682	4	  74.549	  58.479	   5.178
160	 -71.021	7	  97.376	  92.226	  10.467
161	 -70.160	7	  72.974	  -4.432	  17.354
162	 -69.010	7	  75.567	  63.405	  28.191
163	 -68.737	7	  84.158	 -17.242	  29.112
164	 -68.445	7	  60.303	  45.808	  -5.820
165	 -67.255	7	  68.747	  22.543	  43.621
166	 -66.308	7	  83.081	 103.143	  16.916
167	 -63.707	6	  95.308	  88.126	  16.323
168	 -61.446	6	  91.876	 -12.228	  27.167
169	 -59.467	6	  54.327	  49.745	   1.395
170	 -55.671	5	  62.198	  31.266	  42.131
171	 -53.079	5	  92.824	  40.131	   6.323
172	 -51.839	4	  76.528	   3.090	  26.733
173	 -50.466	5	  61.369	 112.881	   7.387
174	 -49.496	5	  97.609	   8.901	  -1.490
175	 -48.643	5	 108.009	   7.301	  26.904
176	 -43.221	4	  52.778	  96.326	  18.786
177	 -41.977	3	  79.288	  68.118	  22.574
178	 -39.816	4	  42.548	  73.625	  21.784
179	 -39.264	4	  41.662	  65.380	  18.075
180	 -38.317	4	  93.294	  -8.387	  17.802
181	 -37.915	4	  67.501	  59.573	  28.806
182	 -37.324	3	  62.009	  58.703	   4.567
183	 -36.676	2	  86.009	  76.846	   2.323
184	 -34.271	2	  71.009	  21.749	  36.323
185	 -32.187	3	  43.009	  77.090	  10.342
186	 -31.133	2	  88.380	  41.719	  25.952
187	 -30.390	3	  48.395	  67.500	 -11.267
188	 -29.458	2	  69.009	  69.659	   9.323
189	 -28.954	3	  68.698	  48.779	  27.041
190	 -24.559	2	  81.009	  14.689	  21.323
191	 -20.214	2	  89.009	  -5.403	   9.323
192	 -19.217	2	  93.543	  80.067	  -1.143
193	 -19.005	1	  67.009	  54.090	  -4.677
194	 -18.000	2	  99.508	  38.085	  39.824
195	 -17.812	1	  87.009	   2.090	  20.323
196	 -10.893	1	  65.009	  15.090	  15.323
197	 -10.524	1	  80.009	 100.090	 -15.677
198	 -10.479	1	 103.009	  19.090	   6.323
199	 -10.468	1	  53.009	  51.090	  11.323
200	 -10.404	1	  89.009	  42.090	  50.323
201	 -10.000	1	  97.009	   7.090	   6.323
202	  -9.962	1	 101.009	  29.090	  36.323
203	  -9.731	1	  77.009	  34.090	  45.323
204	  -9.626	1	  65.009	  99.090	 -12.677
205	  -9.502	1	  72.009	   6.090	  -5.677
206	  -9.232	1	 105.009	  15.090	  -1.677
207	  -9.042	1	  67.009	  39.090	 -12.677
208	  -9.025	1	  55.009	  14.090	  35.323
209	  -9.000	1	  65.009	  55.090	  22.323
210	  -8.933	1	  90.009	  51.090	  40.323
