1	-898.955	84	  48.950	  43.739	  40.684
2	-483.295	46	  37.734	  51.913	  15.167
3	-429.529	40	  49.814	  61.566	  15.734
4	-426.259	40	  43.377	  39.870	  12.526
5	-410.032	38	  58.168	  32.040	  26.104
6	-391.863	38	  72.059	  38.190	  29.382
7	-383.480	33	  52.139	  32.963	  22.474
8	-364.741	33	  57.882	  49.432	   8.120
9	-361.110	32	  66.015	  53.872	  12.843
10	-342.050	32	  34.800	  41.650	  14.320
11	-236.010	22	  68.741	  43.605	  16.526
12	-215.980	21	  55.509	  28.669	  36.749
13	-208.050	21	  29.555	  47.203	  39.426
14	-183.311	18	  36.588	  59.968	  33.939
15	-181.364	18	  61.398	  62.021	  27.529
16	-176.860	18	  73.451	  48.819	  25.885
17	-171.004	17	  29.723	  50.469	  29.330
18	-156.384	15	  56.616	  65.203	  22.873
19	-150.789	15	  69.508	  41.261	  39.474
20	-148.860	15	  35.007	  32.778	  25.393
21	-144.650	12	  67.642	  57.351	  25.894
22	-137.069	13	  54.581	  50.833	  39.694
23	-134.791	14	  45.945	  56.435	  42.352
24	-129.250	11	  65.630	  32.076	  36.291
25	-128.808	12	  67.110	  50.854	  37.559
26	-127.939	12	  46.050	  49.663	   7.437
27	-115.326	11	  46.666	  27.047	  33.438
28	-115.315	11	  65.451	  35.322	  20.591
29	-111.830	11	  28.877	  42.971	  25.518
30	-102.642	9	  38.593	  63.937	  22.864
31	 -86.077	9	  46.946	  67.047	  27.108
32	 -82.247	7	  62.092	  45.506	  11.466
33	 -81.422	8	  31.009	  38.301	  32.076
34	 -80.502	8	  37.608	  44.444	  45.401
35	 -78.286	8	  53.259	  36.284	  10.576
36	 -78.019	8	  35.361	  57.531	  20.282
37	 -53.929	5	  34.678	  52.260	  43.171
38	 -51.539	5	  44.695	  31.442	  19.255
39	 -50.497	5	  39.060	  66.047	  30.778
40	 -47.425	3	  55.171	  56.318	  26.412
41	 -32.117	3	  57.842	  34.382	  44.381
42	 -29.454	3	  33.822	  35.771	  38.423
43	 -29.216	3	  58.537	  58.042	  38.417
44	 -28.113	3	  39.506	  28.748	  36.382
45	 -21.540	2	  60.852	  45.489	  44.412
46	 -19.432	2	  44.991	  31.721	  44.017
47	 -19.338	2	  65.856	  63.039	  17.910
48	 -18.774	2	  44.852	  64.572	  38.887
49	 -18.643	2	  53.335	  43.977	   5.895
50	  -9.735	1	  59.852	  59.047	   8.412
