1	-1267.862	94	  45.057	  48.084	  78.519
2	-1217.540	88	  46.805	  59.850	  79.773
3	-1195.533	105	  59.454	  64.123	  47.908
4	-1140.890	106	  60.448	  56.157	  63.018
5	-1094.374	98	  52.255	  60.253	 116.870
6	-1075.497	89	  39.335	  39.779	 114.265
7	-1065.640	96	  29.124	  55.696	  50.718
8	-981.373	86	  44.129	  63.016	 103.173
9	-878.446	74	  47.258	  70.963	  84.298
10	-875.078	78	  31.560	  54.000	  63.385
11	-848.115	72	  65.568	  40.863	  49.579
12	-821.671	68	  44.556	  35.615	  81.085
13	-758.762	71	  29.772	  47.258	  45.795
14	-751.105	67	  39.234	  59.188	  53.939
15	-729.801	64	  63.000	  41.346	 129.659
16	-727.467	65	  62.927	  56.755	  51.044
17	-697.004	57	  32.106	  55.278	  72.254
18	-695.663	54	  27.510	  60.894	  58.887
19	-649.567	53	  33.255	  63.267	 102.739
20	-641.538	57	  41.048	  43.586	  43.938
21	-627.920	51	  59.315	  53.452	  72.123
22	-585.770	50	  25.491	  74.807	  49.554
23	-572.108	53	  46.267	  51.834	  95.951
24	-518.112	45	  30.647	  54.699	 131.767
25	-514.982	47	  60.745	  74.931	  74.322
26	-512.487	48	  40.092	  54.049	 134.339
27	-492.978	46	  53.813	  32.966	  48.559
28	-478.515	44	  22.051	  64.889	 115.129
29	-471.707	41	  50.977	  73.600	  46.918
30	-469.358	43	  65.967	  49.600	 112.528
31	-464.680	44	  53.467	  40.273	 132.636
32	-461.296	39	  27.410	  49.806	 112.381
33	-457.134	43	  66.202	  43.569	  99.751
34	-456.627	40	  35.090	  69.812	  92.206
35	-450.534	43	  20.805	  71.563	  54.267
36	-438.544	41	  37.957	  79.489	  51.232
37	-435.493	41	  72.157	  46.785	  64.254
38	-426.560	38	  38.249	  77.072	  82.690
39	-421.409	38	  66.732	  33.428	 121.588
40	-408.408	37	  69.526	  39.568	 114.269
41	-402.603	38	  48.938	  51.413	  45.789
42	-399.860	37	  48.761	  55.084	  53.131
43	-395.728	36	  41.896	  62.949	  47.626
44	-392.021	38	  29.182	  45.043	  98.232
45	-387.773	37	  19.644	  63.625	  65.409
46	-382.719	34	  53.095	  29.814	  78.509
47	-380.082	34	  27.189	  63.996	 126.670
48	-378.387	31	  66.654	  51.621	  75.091
49	-372.210	34	  53.818	  57.026	  97.342
50	-369.940	34	  49.582	  39.319	 100.257
51	-368.320	35	  48.516	  65.026	  46.888
52	-362.720	31	  48.393	  77.051	  79.043
53	-350.783	32	  31.478	  33.065	  70.822
54	-348.278	32	  28.026	  42.807	  71.282
55	-346.060	34	  55.918	  57.443	  40.096
56	-336.538	28	  24.749	  56.437	  76.410
57	-335.653	30	  61.940	  26.128	  57.985
58	-334.153	30	  28.512	  85.055	  64.136
59	-323.874	29	  25.728	  55.620	 118.651
60	-315.861	29	  63.427	  65.677	  72.631
61	-309.101	25	  64.282	  44.029	  36.589
62	-306.827	31	  50.616	  47.109	 134.085
63	-302.848	23	  26.641	  71.926	  39.585
64	-302.571	27	  46.155	  59.736	  92.104
65	-291.677	22	  58.496	  41.245	  98.239
66	-290.954	24	  43.306	  30.781	  74.544
67	-281.732	26	  59.597	  24.444	 122.166
68	-281.462	26	  42.233	  44.269	  98.524
69	-281.169	27	  46.802	  43.642	  92.102
70	-280.057	27	  43.495	  34.266	 104.863
71	-278.034	26	  63.098	  64.107	 108.202
72	-273.059	19	  63.813	  49.024	  58.050
73	-266.508	23	  60.890	  34.591	  85.258
74	-263.858	26	  65.028	  59.863	  99.769
75	-257.355	25	  56.684	  84.594	  68.179
76	-254.542	23	  35.348	  39.194	  82.309
77	-246.610	24	  17.331	  64.131	  39.674
78	-242.811	21	  36.044	  61.930	  41.066
79	-241.576	23	  63.681	  55.629	  88.960
80	-241.002	16	  53.039	  39.850	 123.954
81	-239.850	21	  54.834	  29.269	 126.403
82	-237.209	23	  24.468	  55.395	 100.697
83	-231.824	17	  53.794	  48.338	  54.371
84	-226.627	23	  44.162	  71.371	 132.325
85	-225.901	19	  34.426	  47.358	  90.643
86	-221.846	20	  54.075	  35.000	  89.786
87	-216.516	21	  32.557	  76.513	 116.896
88	-208.183	21	  14.461	  64.731	  78.104
89	-205.103	20	  23.673	  63.251	  87.696
90	-204.062	19	  54.702	  25.953	 106.231
91	-200.023	17	  64.564	  41.671	  88.381
92	-196.813	18	  69.682	  29.617	  52.110
93	-196.300	19	  24.971	  54.695	  86.392
94	-195.408	19	  45.468	  25.364	  62.524
95	-188.187	18	  32.858	  40.343	 126.890
96	-182.962	18	  29.161	  81.426	  75.970
97	-182.574	17	  36.673	  82.324	  57.900
98	-182.312	18	  69.181	  46.616	  84.131
99	-182.286	18	  21.304	  72.222	 121.110
100	-177.021	18	  74.265	  53.668	  47.463
101	-176.497	18	  65.198	  36.626	  43.051
102	-175.777	17	  59.799	  55.190	 130.822
103	-167.594	16	  54.594	  79.362	  51.221
104	-165.225	16	  21.770	  34.020	  56.818
105	-164.849	16	  65.445	  81.302	  66.877
106	-162.906	16	  32.223	  35.081	 100.956
107	-161.332	15	  62.625	  27.264	  70.242
108	-159.947	16	  77.694	  44.158	  74.438
109	-157.857	15	  26.924	  28.000	  61.996
110	-156.543	16	  37.602	  52.784	  46.153
111	-156.280	15	  71.022	  32.721	 108.211
112	-154.081	15	  16.395	  61.766	  48.346
113	-150.897	15	  35.299	  24.893	  60.666
114	-149.561	11	  30.416	  69.347	  53.408
115	-147.931	14	  26.353	  50.977	  95.528
116	-146.832	14	  72.805	  43.447	  46.831
117	-146.450	15	  60.745	  57.566	 121.024
118	-142.190	14	  38.912	  75.166	 110.685
119	-142.184	13	  20.916	  82.464	  58.849
120	-141.449	13	  46.354	  84.741	  68.405
121	-133.649	13	  66.976	  52.552	  97.556
122	-133.270	12	  62.640	  53.236	  35.935
123	-130.119	13	  51.776	  70.582	 110.950
124	-129.556	12	  56.928	  68.810	  83.090
125	-127.841	8	  42.818	  43.427	 125.924
126	-127.732	12	  70.754	  26.895	 114.964
127	-121.194	11	  26.160	  33.741	  49.084
128	-121.041	12	  28.380	  63.065	  36.280
129	-120.151	12	  69.739	  76.963	  59.870
130	-118.046	12	  23.004	  73.893	  84.417
131	-116.828	12	  44.282	  25.397	  70.621
132	-115.548	10	  35.104	  31.894	  49.243
133	-112.691	11	  47.830	  33.637	  46.268
134	-111.899	11	  46.222	  76.225	 117.570
135	-111.865	11	  49.091	  58.926	 135.161
136	-111.032	10	  41.710	  33.910	 124.693
137	-108.247	11	  64.705	  31.616	 103.277
138	-107.737	11	  48.979	  22.371	 125.532
139	-107.667	10	  27.653	  47.172	  84.838
140	-103.801	10	  51.843	  66.092	 128.041
141	-101.778	9	  44.270	  82.117	  58.903
142	-101.669	10	  74.465	  38.352	  63.588
143	-100.340	9	  24.507	  37.120	 104.367
144	 -92.178	9	  26.570	  71.463	 109.268
145	 -90.784	9	  34.003	  75.701	 127.320
146	 -89.358	9	  44.192	  41.756	  36.302
147	 -88.442	9	  43.994	  83.129	  77.829
148	 -87.183	5	  55.663	  70.250	  69.667
149	 -85.444	8	  37.311	  67.318	 130.891
150	 -80.596	6	  35.592	  39.428	  66.693
151	 -77.991	8	  75.049	  38.083	  78.365
152	 -77.252	8	  52.510	  41.255	  36.033
153	 -73.833	5	  50.608	  54.334	 127.743
154	 -72.042	4	  60.660	  44.902	  51.918
155	 -71.922	7	  24.433	  51.583	  61.007
156	 -71.522	7	  68.186	  33.890	  80.298
157	 -69.989	7	  43.978	  37.615	 133.141
158	 -69.609	7	  38.673	  46.836	 136.257
159	 -67.393	5	  46.195	  49.913	 110.540
160	 -66.844	7	  45.749	  22.745	 112.281
161	 -64.981	6	  72.943	  51.872	  37.706
162	 -63.496	6	  18.023	  72.864	  65.405
163	 -62.257	6	  67.180	  59.456	  61.001
164	 -61.490	6	  59.398	  68.456	 101.051
165	 -60.643	6	  48.091	  30.288	 130.319
166	 -59.533	4	  41.788	  58.743	  62.600
167	 -59.519	6	  67.008	  59.637	  36.841
168	 -59.467	6	  20.042	  43.776	  63.132
169	 -59.307	6	  36.703	  85.286	  69.860
170	 -58.310	6	  17.746	  72.967	  43.891
171	 -56.484	4	  51.095	  52.434	  60.661
172	 -55.330	5	  46.452	  29.870	  54.445
173	 -51.800	5	  39.131	  74.776	  40.192
174	 -49.914	5	  65.936	  79.844	  52.042
175	 -49.665	5	  47.059	  78.771	  43.665
176	 -47.642	5	  29.158	  24.839	  52.762
177	 -47.419	5	  31.872	  54.070	  38.552
178	 -47.205	5	  33.896	  37.669	 109.190
179	 -46.663	5	  24.070	  37.661	  64.961
180	 -46.253	5	  65.487	  58.243	 112.975
181	 -45.674	3	  63.254	  40.239	  59.172
182	 -41.647	4	  56.366	  64.674	  90.421
183	 -40.251	4	  27.411	  42.190	 120.706
184	 -39.945	4	  56.832	  33.686	  99.172
185	 -39.352	4	  70.385	  67.672	  65.412
186	 -39.207	4	  70.062	  68.034	  54.317
187	 -38.872	4	  59.165	  22.226	 112.921
188	 -38.243	4	  22.846	  51.915	 125.413
189	 -38.041	3	  53.738	  36.956	 106.026
190	 -37.876	4	  74.448	  45.502	  53.889
191	 -35.535	3	  66.089	  46.456	 124.172
192	 -34.456	3	  44.944	  54.456	  73.900
193	 -34.097	3	  40.236	  65.456	  59.250
194	 -31.673	3	  30.891	  48.903	 137.186
195	 -30.082	3	  30.180	  77.547	  43.326
196	 -29.977	3	  55.218	  24.456	  62.509
197	 -29.044	3	  59.879	  44.776	 137.172
198	 -29.039	3	  49.543	  76.452	 129.172
199	 -28.933	3	  71.235	  29.142	  63.172
200	 -28.711	3	  37.177	  69.135	 102.847
201	 -28.375	3	  46.202	  69.506	  36.854
202	 -28.348	3	  16.236	  56.783	  77.139
203	 -22.527	2	  13.877	  72.960	  74.172
204	 -20.030	2	  22.877	  44.007	  49.723
205	 -19.416	2	  64.877	  61.997	  81.631
206	 -19.105	2	  40.848	  25.485	 120.570
207	 -18.782	2	  62.837	  86.456	  57.652
208	 -18.769	2	  30.877	  76.946	  85.682
209	 -15.797	1	  28.877	  70.456	  62.172
210	 -14.881	1	  40.877	  50.456	  84.172
211	 -14.120	1	  54.877	  67.456	  58.172
212	 -11.925	1	  20.877	  52.456	  42.172
213	 -10.260	1	  74.877	  51.456	  75.172
214	 -10.221	1	  66.877	  24.456	 108.172
215	  -9.975	1	  18.877	  80.456	  78.172
216	  -9.936	1	  59.877	  50.456	 116.172
217	  -9.874	1	  77.877	  47.456	  42.172
218	  -9.330	1	  34.877	  68.456	  34.172
219	  -9.140	1	  52.877	  72.456	 121.172
220	  -8.952	1	  69.877	  62.456	  43.172
