1	-605.144	54	  12.485	  29.927	  13.163
2	-321.325	28	  21.943	  26.291	   2.511
3	-296.476	29	  10.110	  24.797	  20.212
4	-292.436	27	  23.889	   7.529	  19.296
5	-292.406	27	  27.513	  34.622	  27.225
6	-230.449	21	  25.120	  39.817	   2.787
7	-170.326	16	  11.066	  17.432	   7.597
8	-162.782	16	  36.007	  21.216	  24.499
9	-159.903	14	  22.937	  47.456	  14.104
10	-159.165	14	  38.051	  28.108	   4.795
11	-120.157	12	  13.452	  33.993	   3.834
12	-119.868	12	  10.013	  38.917	  24.112
13	-115.158	11	  10.282	  41.498	  13.913
14	 -99.338	10	   9.914	  15.116	  23.494
15	 -90.629	9	  31.892	  15.968	  27.852
16	 -89.270	9	  26.158	  19.420	   1.121
17	 -87.838	9	  17.202	  19.377	   4.048
18	 -86.844	9	  33.069	  10.648	  12.825
19	 -78.882	8	  14.705	  26.576	  29.455
20	 -73.365	7	  24.675	  42.278	  28.446
21	 -69.757	7	  37.368	  15.555	  16.109
22	 -64.811	6	  19.423	  46.757	   1.925
23	 -63.408	6	  27.800	   6.816	   8.053
24	 -48.680	3	  30.623	  21.348	  11.269
25	 -48.071	5	  18.362	  43.257	  20.913
26	 -47.956	5	  40.909	  27.110	  18.783
27	 -46.219	3	  33.320	  31.151	  20.150
28	 -42.077	4	  42.545	  20.988	  12.167
29	 -41.311	4	  23.301	  14.764	  27.925
30	 -41.225	4	  38.774	  35.463	  11.721
31	 -38.122	4	  14.553	  48.692	  10.679
32	 -28.788	3	  18.552	  10.971	   5.307
33	 -28.731	3	  26.864	  31.049	  -2.056
34	 -28.450	3	  15.879	  34.369	  31.925
35	 -27.154	3	  32.211	  47.026	  13.931
36	 -20.703	2	  38.083	  37.692	  21.387
37	 -19.020	2	  30.038	  26.692	  30.925
38	 -18.738	2	  11.080	  44.204	   4.413
39	 -18.121	2	   5.535	  15.204	  14.920
40	  -9.050	1	  35.545	  20.692	   0.925
41	  -9.038	1	  32.545	  40.692	   4.925
