1	-365.744	29	  13.235	  30.971	  14.569
2	-341.528	31	  20.927	  26.190	   2.520
3	-271.553	24	  27.807	  34.870	  27.085
4	-233.983	23	  10.078	  24.219	  21.203
5	-227.562	21	  23.486	   7.870	  19.533
6	-217.436	21	  36.203	  20.289	  23.790
7	-206.670	19	  25.854	  40.081	   2.953
8	-196.504	18	  22.940	  47.462	  14.210
9	-195.169	18	  38.538	  26.313	   4.467
10	-173.098	16	  11.303	  17.974	   7.570
11	-167.286	17	  34.987	  12.863	  13.956
12	-121.392	12	  12.480	  33.883	   4.652
13	-120.494	12	  10.240	  40.160	  25.446
14	-108.083	11	  26.680	  16.749	  29.319
15	-102.923	11	  18.913	  18.019	   4.109
16	-100.503	10	  10.081	  41.483	  13.868
17	 -81.817	8	  24.852	  43.269	  27.553
18	 -81.079	8	   9.854	  14.632	  22.856
19	 -72.545	7	  27.493	   7.183	   7.703
20	 -72.498	7	  17.127	  24.882	  30.208
21	 -69.773	7	  27.355	  20.211	   0.714
22	 -67.608	5	  30.565	  21.141	  11.197
23	 -62.982	6	  19.500	  46.239	   1.626
24	 -57.195	6	  27.439	  31.440	  -1.743
25	 -49.889	3	  33.430	  31.314	  20.106
26	 -49.529	5	  14.033	  47.010	   8.144
27	 -48.539	5	  33.639	  38.122	   5.366
28	 -41.457	4	  39.334	  35.345	  16.387
29	 -31.269	3	  42.615	  20.793	  12.258
30	 -30.609	3	   6.944	  25.445	  11.932
31	 -29.662	3	  41.212	  27.137	  18.365
32	 -29.442	3	  18.007	  43.399	  21.529
33	 -29.377	3	  32.312	  47.077	  13.891
34	 -28.983	3	  31.217	  27.725	  29.970
35	 -20.467	2	  19.094	  10.336	   6.359
36	 -18.803	2	  26.503	  10.330	  25.402
37	 -18.366	2	   5.123	  15.763	  14.927
38	 -18.332	2	  16.643	  35.288	  31.435
39	  -9.505	1	   8.615	  34.774	  19.921
