1	-1883.856	163	 -14.155	  41.057	   9.724
2	-1643.027	132	  -9.041	  22.340	  26.433
3	-1517.610	126	   0.956	  28.470	  28.756
4	-1457.006	125	  -6.484	  24.551	  43.774
5	-1008.131	87	  12.120	  10.472	  13.710
6	-840.160	72	 -26.853	  45.028	  33.031
7	-837.528	76	 -19.255	  45.054	  -1.272
8	-830.710	67	   2.367	  38.605	  28.101
9	-802.830	65	  19.141	   2.856	  13.774
10	-798.495	61	 -20.971	  45.315	   6.923
11	-697.234	59	  16.249	   4.655	  39.154
12	-694.676	63	  -8.949	  12.058	  24.527
13	-692.525	62	  19.503	  11.331	   4.234
14	-685.423	63	  28.297	 -13.938	  20.694
15	-666.095	64	  31.978	   9.448	  24.796
16	-648.527	54	 -19.826	  25.853	   0.694
17	-642.230	59	 -25.735	  17.910	  10.170
18	-636.646	59	 -20.864	  48.418	  39.934
19	-601.343	53	  17.866	  25.337	   6.551
20	-590.221	52	  16.323	  26.663	  43.088
21	-588.388	52	 -27.074	  22.930	  38.569
22	-586.734	53	  21.721	  33.989	  16.594
23	-559.295	51	  -7.129	   7.567	  41.988
24	-542.456	46	 -28.772	  24.578	  29.991
25	-519.684	48	 -16.960	   9.786	  28.280
26	-516.857	49	   0.164	  -0.057	  25.943
27	-503.307	47	  23.694	  20.005	   4.730
28	-490.095	46	 -24.762	  32.467	  -2.423
29	-489.215	46	  22.663	  28.800	  24.340
30	-482.742	31	  -0.966	  13.063	  29.593
31	-466.149	35	 -21.740	  53.465	  10.137
32	-464.716	32	  -5.925	  38.523	  30.668
33	-463.124	42	 -32.168	  65.621	  12.502
34	-462.332	45	 -27.872	  21.704	  18.639
35	-450.913	42	 -13.718	  50.248	   5.752
36	-445.135	42	  10.545	  37.874	  32.349
37	-445.078	39	 -36.403	  37.943	  32.120
38	-431.694	40	  -4.713	  47.859	  26.248
39	-427.425	39	  -9.101	  53.169	  28.604
40	-412.674	39	  -2.283	  12.806	  17.233
41	-407.956	38	  13.920	   8.067	  45.451
42	-404.911	37	 -37.090	  37.444	  15.466
43	-400.180	28	  -8.808	  17.176	  36.901
44	-386.416	30	  -3.226	  37.556	  16.052
45	-371.482	35	 -27.560	  60.177	   2.150
46	-368.238	34	  -8.536	  42.224	  43.746
47	-366.352	31	  19.009	  25.217	  35.349
48	-353.687	31	   1.963	   5.221	  49.653
49	-335.262	22	  -2.607	  32.526	  38.265
50	-329.031	31	  22.610	  11.964	  42.339
51	-323.999	29	 -15.923	  43.167	  48.454
52	-315.870	28	  -5.734	   9.695	  52.672
53	-307.794	30	 -38.071	  44.676	  14.357
54	-302.496	27	 -28.147	  40.121	  38.509
55	-297.768	29	 -35.475	  29.890	  32.293
56	-297.429	26	  30.058	  12.265	  37.263
57	-296.248	26	 -15.198	  70.440	  21.890
58	-292.789	28	 -28.565	  53.419	  33.491
59	-292.760	27	 -38.074	  53.156	  17.278
60	-287.221	27	   8.947	 -13.412	  14.740
61	-284.967	18	   7.910	  19.220	  10.924
62	-283.791	25	 -10.235	  13.391	  14.803
63	-277.092	26	  -1.349	  17.654	  54.634
64	-272.124	26	  27.432	 -10.053	  30.943
65	-270.231	23	 -25.325	  21.076	  45.576
66	-267.012	24	   0.605	  30.769	  50.204
67	-263.338	23	 -23.083	  15.000	  24.342
68	-262.553	25	   1.599	  -4.637	  35.347
69	-256.928	24	   8.312	  43.140	  18.860
70	-252.327	26	  21.731	  21.380	  45.397
71	-249.332	21	 -34.384	  60.380	  24.446
72	-246.418	23	  10.921	  -0.883	   9.628
73	-245.708	24	  30.003	   4.165	  39.064
74	-245.678	24	 -32.915	  36.029	  44.265
75	-244.618	24	 -26.816	  51.183	  -2.173
76	-238.544	22	 -14.006	  59.166	   4.311
77	-232.573	21	   7.850	   0.464	  41.713
78	-231.157	20	   4.294	  10.621	  10.187
79	-225.936	21	  30.425	  -8.505	  11.897
80	-225.639	22	 -40.310	  47.408	  28.992
81	-225.038	21	  -1.742	  22.728	   1.026
82	-224.523	22	 -16.445	  17.913	  48.420
83	-221.582	21	  12.251	 -14.938	  35.984
84	-220.691	19	   9.969	  28.215	  52.453
85	-215.883	21	  36.189	   5.514	  12.265
86	-212.174	20	  -1.921	  45.149	  40.839
87	-210.911	21	  17.004	  -3.494	  40.961
88	-207.837	20	  16.205	  37.514	  13.641
89	-206.746	20	  29.332	  25.624	  28.108
90	-201.801	20	 -16.860	  33.319	  55.921
91	-199.616	17	   6.416	  18.509	  55.035
92	-199.207	17	  12.773	  40.761	  26.362
93	-198.258	18	 -32.774	  49.002	  29.632
94	-196.514	19	   3.357	  29.864	   1.647
95	-193.058	19	  18.239	  32.015	  29.459
96	-191.384	18	 -36.770	  47.124	   0.905
97	-184.236	14	  10.336	  20.103	  20.717
98	-177.292	16	   8.342	 -19.876	  26.826
99	-174.191	15	 -18.148	  67.280	  12.834
100	-172.623	17	  19.838	  13.537	  50.127
101	-167.559	16	  -8.590	  37.244	  52.414
102	-166.743	17	 -29.666	  22.613	  -4.346
103	-166.063	11	   6.097	  35.556	  18.080
104	-163.955	12	 -10.792	  31.231	   9.113
105	-160.507	16	 -38.626	  22.790	   8.077
106	-155.000	15	 -23.331	  32.748	  51.231
107	-151.860	15	   4.677	  43.698	  12.556
108	-145.538	13	   8.262	  35.075	   4.727
109	-145.120	14	  24.051	  -1.928	  37.910
110	-144.989	14	 -37.653	  26.094	  18.233
111	-144.620	13	  32.709	  -3.329	  26.316
112	-144.550	14	 -18.990	   8.940	  20.599
113	-143.280	14	 -18.568	  68.512	  30.459
114	-143.211	14	 -29.273	  42.840	  -3.731
115	-143.045	13	   2.683	  12.826	  -0.455
116	-139.406	13	  20.425	 -20.040	  24.848
117	-139.371	14	  12.841	  -8.696	   7.409
118	-134.933	12	 -17.686	  12.152	   7.568
119	-133.475	12	  33.849	  -2.599	  33.592
120	-133.391	13	 -26.310	  70.604	  20.217
121	-132.591	13	  19.631	   0.212	   2.984
122	-131.172	13	 -41.823	  39.338	  22.566
123	-126.857	9	   1.049	  24.215	  23.222
124	-126.579	12	 -37.095	  51.160	   8.827
125	-125.499	11	 -39.379	  30.802	   8.351
126	-122.187	7	   5.056	   8.172	  29.024
127	-118.636	11	  -5.640	  57.861	  17.112
128	-117.688	11	  10.352	   6.712	   4.541
129	-117.535	11	 -14.493	  27.426	  50.065
130	-117.345	11	  33.612	   0.328	  18.996
131	-114.199	11	  27.740	   1.878	   5.901
132	-113.315	11	  14.380	 -19.668	  18.550
133	-112.145	11	 -30.298	  14.683	  29.466
134	-111.618	11	  28.965	  27.394	   5.021
135	-111.117	11	 -10.548	   8.694	   5.083
136	-109.965	8	 -15.900	  30.944	  16.515
137	-108.631	10	  -8.270	  45.405	   1.924
138	-107.446	10	   7.848	  42.891	  41.008
139	-107.112	11	   9.078	  10.486	  55.982
140	-106.692	11	  -9.616	  63.938	  13.802
141	-104.505	11	 -23.730	  40.939	  53.737
142	-102.032	6	  -6.985	   8.771	  33.286
143	-100.328	9	  27.272	  20.271	  36.550
144	 -98.600	10	  35.717	  25.387	  19.173
145	 -98.311	10	  38.342	  21.475	  11.952
146	 -90.873	9	  25.033	  -8.629	   7.400
147	 -89.145	9	 -23.390	  68.443	   6.651
148	 -86.510	7	 -20.729	  10.041	  41.179
149	 -84.406	5	   9.251	  -5.419	  19.832
150	 -84.215	5	 -12.677	  42.631	  27.922
151	 -82.382	8	  -7.457	  45.904	  16.048
152	 -79.474	8	   0.675	  -6.989	  18.886
153	 -78.490	8	  28.139	   9.577	   4.260
154	 -76.638	7	 -14.814	  57.552	  36.544
155	 -75.530	7	 -25.547	   8.543	  11.989
156	 -60.672	6	   2.214	   9.229	  62.857
157	 -59.898	6	 -22.255	  61.914	  34.896
158	 -58.690	6	  21.313	 -15.691	  11.384
159	 -53.986	5	 -34.236	  58.033	   6.343
160	 -53.465	5	  20.723	  34.375	  41.509
161	 -49.127	5	  -9.862	  17.595	   2.182
162	 -47.471	5	  15.549	  42.604	  41.882
163	 -47.317	5	  32.125	  32.408	  20.756
164	 -47.297	5	  -6.477	   0.032	  35.943
165	 -41.374	4	 -27.201	   7.142	  29.805
166	 -40.974	3	 -20.462	  43.709	  26.912
167	 -40.476	4	   2.528	   5.180	   3.764
168	 -39.829	4	 -31.270	  72.633	   3.779
169	 -39.250	4	  12.570	   9.781	  -4.233
170	 -39.018	3	 -14.462	  58.551	  19.680
171	 -38.763	4	 -10.505	  40.543	  -7.699
172	 -37.578	4	 -18.965	  55.409	  -3.948
173	 -30.380	3	  -8.192	  50.756	  37.538
174	 -29.735	3	  37.538	   5.395	  35.538
175	 -29.537	3	 -19.529	  17.729	   2.285
176	 -29.317	3	  -8.462	  60.440	  32.538
177	 -23.496	2	  24.538	  15.409	  11.944
178	 -20.548	2	  -2.007	  38.409	  -1.462
179	 -20.402	2	  18.091	  43.409	  19.538
180	 -20.236	2	  34.079	 -16.132	  15.997
181	 -19.806	2	  36.006	  17.409	   4.538
182	 -18.928	2	   2.538	   4.308	  16.538
183	 -18.700	2	   0.059	  38.409	  49.538
184	 -18.376	2	   8.538	  16.895	  35.538
185	 -18.147	2	  15.993	  21.409	  57.538
186	  -9.717	1	 -18.462	  37.409	  -7.462
187	  -9.475	1	 -26.462	  36.409	   4.538
188	  -9.392	1	 -33.462	  65.409	   0.538
189	  -9.365	1	 -33.462	  27.409	  43.538
190	  -9.240	1	 -39.462	  28.409	  -0.462
191	  -9.052	1	  34.538	  33.409	  12.538
192	  -9.014	1	 -44.462	  37.409	   4.538
