1	-1423.611	124	  14.261	  -6.279	   9.528
2	-824.129	74	   0.715	  14.752	   0.642
3	-721.939	55	  20.005	  -3.380	  16.307
4	-694.425	63	   7.229	 -12.548	   8.815
5	-589.489	50	   0.533	   2.044	   2.175
6	-574.142	50	  -9.158	   5.338	  10.476
7	-466.191	40	   8.070	  29.142	   4.590
8	-429.015	42	  -6.193	   8.274	   2.414
9	-424.075	37	  -5.572	  -7.703	   8.292
10	-423.830	39	  11.073	  18.706	  21.748
11	-414.202	37	   1.249	  -1.232	  26.061
12	-383.508	36	  19.034	  22.755	  15.629
13	-339.449	32	  -2.976	  10.049	  29.086
14	-327.028	28	  18.413	   6.111	   7.439
15	-318.572	31	  24.414	  13.632	   5.770
16	-315.483	29	   8.501	 -14.616	  19.969
17	-300.035	28	  13.023	   5.863	  -2.921
18	-277.451	27	   9.190	   4.294	  29.373
19	-254.031	24	  32.980	  -9.141	   8.950
20	-249.984	21	  -9.382	   8.935	  21.652
21	-249.555	22	  12.250	  -7.952	  25.963
22	-242.970	21	   7.135	  24.606	  12.737
23	-242.311	22	  25.087	  27.012	   3.012
24	-221.632	22	  30.966	  -5.665	  19.023
25	-209.501	19	  24.081	   5.365	  21.577
26	-209.056	21	  20.556	 -18.157	  22.435
27	-192.519	19	  24.694	  11.915	  16.799
28	-191.303	17	  20.716	  17.711	  -0.742
29	-183.093	18	  14.051	  11.597	  25.617
30	-157.636	16	  25.486	 -20.770	   9.263
31	-154.394	14	 -10.228	  16.500	   9.490
32	-108.039	10	   1.829	  17.517	  25.513
33	-107.235	10	  -3.475	  20.801	  15.979
34	-104.171	10	  24.054	 -28.681	  17.727
35	-104.170	11	  15.380	 -11.870	   1.528
36	-102.424	10	  -5.516	 -13.473	  16.010
37	-101.679	10	  -8.343	  -4.757	  15.671
38	 -99.156	9	  24.454	  -9.533	   3.682
39	 -99.131	9	  20.575	   0.154	  29.621
40	 -95.624	9	  20.053	  -8.062	  29.607
41	 -88.088	8	   2.211	  23.536	  -2.330
42	 -85.574	8	   9.655	   1.200	   2.644
43	 -79.450	8	  29.679	   1.297	  24.135
44	 -79.066	8	  16.162	 -22.091	   4.802
45	 -75.227	7	  12.061	  29.940	  -5.034
46	 -73.307	7	  16.344	 -28.340	  16.179
47	 -59.026	6	  -2.075	  26.377	   5.885
48	 -55.272	5	  17.708	  23.667	  -5.669
49	 -52.202	5	  25.917	  20.930	  11.560
50	 -49.854	5	   6.105	  -6.141	   3.125
51	 -47.979	5	   4.722	  11.456	  30.524
52	 -46.964	5	  -3.459	 -11.803	  23.482
53	 -40.884	4	  11.697	  15.860	  -7.446
54	 -33.148	3	   6.636	   8.434	   4.815
55	 -30.635	3	  35.420	 -14.562	  16.354
56	 -29.162	3	  27.262	  -5.621	  27.182
57	 -19.521	2	  26.927	 -12.477	  23.524
58	 -19.283	2	  29.411	   3.525	  14.524
59	 -18.903	2	  10.901	 -22.933	  21.498
60	  -9.465	1	  16.927	  33.041	  13.524
61	  -9.079	1	  -9.073	  -2.959	  23.524
