1	-1392.261	118	   8.458	  21.227	  33.859
2	-1126.947	95	   6.510	  26.376	  11.883
3	-1114.032	98	  28.463	   1.489	  50.632
4	-866.381	75	  15.031	  42.514	  28.092
5	-827.154	71	  25.667	  25.120	  28.650
6	-814.681	60	  37.874	  26.374	  34.635
7	-733.756	57	   6.706	  21.595	  27.403
8	-696.923	60	  27.420	  -4.516	  37.094
9	-690.229	54	  33.305	  22.281	  26.873
10	-680.159	60	  52.926	  22.414	  22.588
11	-679.973	62	  14.241	  38.145	   5.346
12	-641.436	53	  15.870	  28.721	  40.874
13	-612.518	54	  43.785	   0.105	  30.756
14	-589.452	37	  16.402	  22.209	  46.945
15	-566.661	51	  43.929	  40.578	  14.652
16	-554.997	54	  42.688	  28.656	  16.975
17	-554.551	40	  20.313	  12.790	  38.632
18	-545.883	50	  35.775	  32.397	   3.871
19	-542.529	50	  41.591	  26.073	  63.375
20	-523.678	47	  23.910	   1.748	  24.215
21	-486.049	44	   7.509	  45.853	  21.681
22	-460.987	40	  -1.957	  15.427	  36.181
23	-450.441	42	   4.847	  44.754	   7.850
24	-436.440	42	  14.437	  -0.908	  28.028
25	-404.803	38	  39.366	  38.147	  27.536
26	-390.044	36	  19.404	  49.704	   5.516
27	-381.617	35	  25.853	  25.131	   3.190
28	-380.687	36	  11.225	  22.427	  55.618
29	-375.594	34	  60.454	   5.591	  51.706
30	-361.933	32	   1.727	  36.835	  21.646
31	-360.843	29	  29.881	  24.425	  55.103
32	-359.300	32	  49.223	  12.558	  55.312
33	-347.174	31	  59.764	   7.605	  34.752
34	-343.543	33	  43.533	   5.403	  54.365
35	-332.815	29	  37.442	  36.588	  36.458
36	-320.904	30	  30.105	  33.933	  43.898
37	-301.571	29	  19.276	  17.690	  54.835
38	-283.097	26	  -1.846	  13.949	  57.589
39	-280.615	27	  57.610	  25.509	  51.547
40	-280.390	25	  20.612	  52.778	  25.996
41	-280.043	26	  43.956	  -6.022	  49.267
42	-279.158	28	  22.435	  10.326	   7.000
43	-276.016	24	  34.945	   8.081	  18.208
44	-272.419	27	  42.847	   5.955	  19.624
45	-260.837	25	  57.472	  25.516	  27.866
46	-257.745	25	  10.469	   1.428	  48.899
47	-253.592	24	  46.467	  32.484	  33.062
48	-250.314	24	  53.663	  -2.682	  50.365
49	-248.556	24	  14.475	  34.982	  37.983
50	-236.211	22	   1.910	   3.787	  30.711
51	-233.711	22	   2.077	  18.634	  63.471
52	-231.037	20	  12.283	  -0.495	  38.104
53	-226.985	22	  63.207	  21.237	  33.645
54	-218.275	21	  13.914	  53.324	  19.529
55	-217.947	17	  21.803	  -7.800	  45.950
56	-217.198	13	  37.705	  -1.201	  45.405
57	-213.592	20	  53.621	   4.551	  31.462
58	-212.386	21	  62.088	  13.500	  44.557
59	-211.616	19	   4.297	   1.656	  38.900
60	-209.912	20	  21.613	  58.267	  18.372
61	-206.906	20	  35.866	   7.915	  59.603
62	-203.774	20	  38.616	  -5.812	  36.030
63	-198.517	19	  50.461	  12.516	  14.568
64	-195.882	18	  34.126	  -8.340	  50.071
65	-193.574	18	  31.729	  53.854	  28.307
66	-190.671	19	   1.261	  20.415	  10.627
67	-186.004	16	  17.988	  24.591	   2.569
68	-185.477	17	  18.901	  32.670	  46.455
69	-177.822	16	  25.856	  40.880	   2.410
70	-169.477	17	  34.303	  54.549	  17.009
71	-169.097	16	  15.870	  17.199	   2.398
72	-166.502	17	  12.586	  41.555	  35.163
73	-160.746	15	  39.766	  48.222	  23.205
74	-159.722	16	  42.386	  29.645	  54.019
75	-153.124	15	  35.105	  40.317	   1.667
76	-147.489	15	  -6.868	  18.835	  42.416
77	-145.491	15	   6.551	   6.083	   5.786
78	-145.136	14	  59.504	  31.482	  40.923
79	-141.428	12	  22.622	  17.399	  45.595
80	-141.230	14	  -3.427	  26.336	  53.196
81	-140.774	12	  44.128	  40.443	   5.938
82	-139.748	13	  31.815	  28.525	  63.033
83	-131.482	8	  29.608	  24.848	  18.908
84	-125.047	8	  13.689	  35.263	  29.959
85	-123.884	12	  25.952	  53.644	   7.127
86	-123.116	12	   2.162	  40.307	  29.118
87	-122.808	12	  16.162	   8.042	  53.853
88	-121.559	12	  59.437	   6.996	  21.492
89	-119.413	12	  16.439	   2.256	  11.263
90	-117.717	12	  26.338	  45.242	  38.505
91	-117.023	10	  24.547	   6.221	  15.442
92	-114.377	11	   0.835	  14.866	  21.878
93	-113.927	11	   4.017	   2.056	  21.317
94	-111.779	11	  50.837	  16.932	  61.025
95	-111.084	7	  42.886	  22.726	  30.661
96	-110.898	6	  38.217	  22.272	  18.895
97	-103.545	11	   6.813	  28.787	  45.701
98	 -99.878	10	  22.303	  28.153	  54.384
99	 -97.724	9	  29.807	  14.884	   6.582
100	 -97.184	10	   0.978	   0.542	  47.576
101	 -96.886	9	  55.841	  32.129	  32.527
102	 -92.282	9	  37.556	  19.451	  10.192
103	 -89.420	6	   9.588	  18.267	  18.068
104	 -89.411	9	  58.242	  -0.282	  37.955
105	 -88.475	9	  34.794	  -9.719	  41.498
106	 -88.425	5	  27.694	   7.278	  40.110
107	 -86.760	9	  -0.087	   8.318	  15.043
108	 -79.677	7	  36.173	  -4.590	  28.730
109	 -79.337	8	  -4.871	   7.312	  51.243
110	 -77.622	8	  52.737	   3.209	  56.468
111	 -72.024	7	  -6.449	   5.408	  41.726
112	 -70.960	7	  47.778	  29.609	   4.289
113	 -69.611	4	  33.052	  33.150	  30.853
114	 -69.341	7	  67.374	  14.905	  28.834
115	 -68.988	7	   0.651	  24.862	  25.492
116	 -66.084	7	  31.494	  45.589	  33.757
117	 -62.507	6	  64.357	  13.973	  17.178
118	 -59.738	6	  52.141	  24.657	  60.299
119	 -56.699	4	  33.962	  37.989	  19.957
120	 -56.612	6	   9.536	  -0.193	  15.657
121	 -54.808	3	  43.365	  12.935	  21.785
122	 -54.514	4	   8.365	   8.625	  33.558
123	 -52.662	5	  49.465	  -4.544	  38.648
124	 -52.088	3	   1.992	  12.150	  46.366
125	 -51.236	5	  42.075	  46.806	   2.993
126	 -50.509	5	  45.183	  22.122	  12.721
127	 -50.437	5	  34.285	  34.424	  59.116
128	 -49.480	5	  33.636	  17.701	  63.460
129	 -49.204	5	   9.171	  47.947	   0.032
130	 -49.198	5	  34.553	  51.508	   1.623
131	 -39.989	4	  34.865	  24.636	  69.135
132	 -38.448	2	  21.365	  13.658	  21.127
133	 -37.965	4	  66.119	  20.903	  18.893
134	 -36.931	4	   6.936	  27.426	   0.876
135	 -36.659	4	  14.873	   8.678	   4.635
136	 -33.063	2	  30.754	  20.150	  42.635
137	 -32.040	3	  21.668	  41.755	  42.635
138	 -31.536	2	   8.365	  38.150	  17.001
139	 -29.748	3	  49.369	  32.146	  48.312
140	 -29.133	3	  21.342	  33.150	  -0.365
141	 -27.939	2	  25.954	  17.561	  28.635
142	 -27.812	3	   9.687	  12.150	  60.314
143	 -21.384	2	  24.365	   8.663	  59.635
144	 -21.148	2	  48.365	  29.150	  12.087
145	 -21.034	2	  -1.564	  24.686	  45.242
146	 -20.118	2	  31.262	   1.201	  21.635
147	 -19.472	2	  41.904	  32.306	  69.940
148	 -19.186	2	  39.861	  24.646	   3.139
149	 -19.005	2	  26.860	  -8.850	  52.635
150	 -18.835	2	   5.818	  13.131	   0.654
151	 -18.457	2	  59.855	  14.667	  62.642
152	 -18.109	2	  -0.635	   8.150	  25.135
153	 -11.503	1	  27.365	  44.150	  17.635
154	 -10.010	1	  45.365	  34.150	  25.635
155	  -9.838	1	  51.365	  37.150	   9.635
156	  -9.146	1	  17.365	  -2.850	  51.635
