1	-984.955	91	   8.309	  34.434	  21.271
2	-644.424	56	   2.556	  13.199	   3.326
3	-407.032	38	  -5.821	  18.988	   3.276
4	-404.319	35	  -6.861	  30.099	  10.141
5	-318.700	29	   2.075	  39.139	  18.911
6	-281.111	27	   0.528	  22.217	  25.673
7	-280.537	26	  -5.960	   9.327	  14.927
8	-278.426	23	  17.268	  33.147	  17.943
9	-273.903	27	  -4.170	  22.365	  -2.841
10	-240.624	24	 -11.778	  16.069	  11.871
11	-213.299	20	  10.611	  12.388	   4.678
12	-208.171	19	   8.135	  13.413	  22.168
13	-187.753	18	   9.460	  37.145	   1.473
14	-162.880	16	  24.973	  26.111	  14.732
15	-160.636	16	   3.069	   8.288	  10.672
16	-160.462	16	  18.220	  20.157	   7.182
17	-136.837	13	   4.185	  21.752	  -7.479
18	-125.528	12	  17.860	  39.495	   8.396
19	-125.399	12	  -2.002	  14.756	  22.945
20	-118.813	12	  17.336	   9.941	  18.068
21	-112.119	11	  17.900	  32.367	   3.649
22	 -99.194	10	  14.345	  25.294	  26.266
23	 -97.611	10	  -9.264	  16.729	  20.146
24	 -90.768	9	  15.356	   6.601	  10.985
25	 -88.661	9	  11.605	  28.794	  -3.927
26	 -76.331	7	   2.108	  37.240	  -6.133
27	 -74.189	8	  -0.634	  40.209	   3.342
28	 -73.992	7	   9.049	  18.581	  -1.329
29	 -67.088	7	 -12.746	  24.513	  20.588
30	 -60.309	6	  -3.750	  38.860	  12.626
31	 -56.069	6	  12.989	  44.162	  16.895
32	 -41.828	4	  -2.654	  30.080	  -9.666
33	 -30.549	3	  22.816	  16.295	  23.058
34	 -30.364	3	  -9.154	  29.637	  25.367
35	 -18.853	2	  10.340	  45.325	   8.058
36	 -18.381	2	   4.846	  41.816	  25.567
37	 -14.861	1	   5.846	  16.325	  14.058
38	  -9.475	1	  -1.154	  15.325	  -5.942
