1	-1202.528	100	  48.017	  60.927	   9.982
2	-1196.662	103	   7.177	  33.269	   8.654
3	-1060.108	83	  37.596	  50.755	   5.962
4	-1055.029	90	  62.106	  43.152	  -8.280
5	-1009.256	84	  13.549	  18.992	  -6.476
6	-682.545	62	  58.298	  36.223	   5.188
7	-678.890	62	  66.782	  55.960	  12.498
8	-638.282	46	  -1.375	  26.641	  16.657
9	-582.767	49	  22.991	  42.296	  18.090
10	-580.949	54	  71.005	  43.363	  -3.397
11	-579.645	52	  14.860	  12.043	   6.835
12	-575.022	44	  11.636	  37.620	  17.656
13	-565.362	53	  61.811	  43.458	 -21.316
14	-561.678	52	  49.782	  68.413	  29.370
15	-560.767	47	  60.422	  66.889	  17.500
16	-548.525	53	   7.671	  19.608	 -17.872
17	-540.734	47	  51.506	  55.703	   1.140
18	-538.875	48	  -3.498	  34.442	   7.989
19	-536.448	48	  55.459	  83.663	   1.938
20	-530.399	47	  26.837	  31.848	  12.596
21	-513.324	47	   7.463	  31.375	  23.667
22	-474.483	39	  -6.590	  31.585	  15.162
23	-464.525	41	  25.448	  22.448	  -4.445
24	-461.230	41	   5.637	  50.362	  30.513
25	-448.589	41	  18.516	  12.367	  15.475
26	-444.283	40	  28.038	  32.905	  31.291
27	-443.155	31	  13.094	  18.678	   4.762
28	-440.691	40	  44.542	  55.724	  16.269
29	-430.799	41	   1.503	  41.424	  27.240
30	-421.940	38	  25.434	  15.014	  23.916
31	-420.563	41	  18.056	  44.301	  33.338
32	-418.738	31	  44.732	  43.319	  14.877
33	-416.890	36	  10.333	  57.987	   5.432
34	-414.781	40	  33.118	  35.954	  17.297
35	-403.514	35	  17.217	  16.893	  33.798
36	-400.963	26	  57.022	  42.667	   1.747
37	-400.300	39	  30.218	  40.865	   9.344
38	-392.846	36	  60.186	  39.427	  24.343
39	-389.177	29	  53.859	  55.127	  -7.442
40	-387.593	37	  57.888	  36.456	  15.096
41	-386.488	36	  -1.648	  27.711	  -3.766
42	-371.570	37	  16.666	  39.799	 -14.725
43	-366.098	34	   3.954	  10.798	   8.299
44	-363.668	31	  49.092	  41.120	  29.648
45	-360.722	34	  55.679	  64.059	   2.955
46	-354.091	33	  40.856	  44.661	  21.679
47	-353.875	25	   7.212	  19.347	  21.649
48	-351.236	33	  36.581	  60.405	   9.048
49	-346.030	31	  21.846	  54.564	  25.611
50	-339.136	22	  20.938	  31.140	  17.147
51	-336.482	30	  58.969	  57.486	  32.255
52	-336.225	21	  39.701	  78.169	   6.780
53	-328.110	31	  45.749	  53.597	 -12.677
54	-310.793	28	   7.838	  40.153	  -2.856
55	-305.133	19	  58.822	  55.298	  15.766
56	-304.920	30	  22.096	  54.111	   8.345
57	-303.660	19	  -0.850	  52.156	  16.418
58	-301.710	27	  39.124	  79.548	  21.399
59	-294.246	27	   5.945	  15.512	   0.290
60	-289.257	28	  34.924	  25.165	  14.326
61	-283.838	28	  72.950	  54.075	  -8.800
62	-283.114	28	  14.419	  41.148	   5.816
63	-273.486	25	   1.324	  59.475	  26.143
64	-271.086	25	  60.134	  52.034	 -26.407
65	-268.476	25	   5.921	  21.285	  29.204
66	-266.781	23	  18.939	  20.556	 -15.340
67	-264.551	24	  50.762	  33.022	   2.433
68	-264.175	25	  65.144	  82.711	  12.737
69	-261.104	24	  54.781	  64.310	  -7.896
70	-258.167	23	  70.699	  45.331	 -14.422
71	-257.106	17	   8.328	  31.686	  -3.358
72	-257.065	24	  67.636	  64.228	 -14.596
73	-255.959	24	  67.376	  53.794	 -20.537
74	-255.098	25	  -2.472	  36.724	  -1.276
75	-254.461	24	  23.057	  29.346	 -12.175
76	-250.024	25	  37.128	  61.339	   1.625
77	-249.316	19	  46.681	  62.864	  22.474
78	-247.438	24	  62.362	  73.065	   7.025
79	-237.833	23	   8.764	  11.657	  25.315
80	-233.094	22	 -12.720	  46.613	  17.598
81	-228.346	21	  52.389	  39.213	  -5.392
82	-227.576	22	  11.869	  65.263	   9.157
83	-222.144	20	  72.530	  51.738	   0.217
84	-220.283	21	  43.512	  33.428	  15.418
85	-218.484	21	  40.826	  68.396	  20.953
86	-210.817	21	  59.570	  71.370	  23.268
87	-206.727	19	  51.135	  84.273	  25.178
88	-205.160	19	  -2.107	  21.181	 -12.342
89	-200.223	19	  45.703	  77.825	  -2.912
90	-194.479	18	  28.180	  66.714	   7.113
91	-194.228	18	  44.812	  44.908	  -6.106
92	-193.870	18	  -6.639	  21.689	   9.755
93	-193.650	19	  27.593	  72.831	   2.982
94	-189.199	17	  45.691	  78.379	  25.646
95	-188.619	13	  44.998	  74.535	  12.769
96	-187.973	18	  29.642	  16.745	  14.205
97	-185.929	17	  72.379	  48.492	  20.343
98	-185.518	13	   6.548	  49.403	  19.913
99	-184.349	17	   2.930	  30.321	 -22.212
100	-181.689	18	  48.065	  62.335	 -15.571
101	-180.708	17	  31.661	  83.293	   2.886
102	-176.813	15	  11.918	  53.989	  31.520
103	-175.957	17	  46.608	  54.510	  31.808
104	-175.757	17	  -9.153	  38.953	  20.978
105	-172.137	15	  13.093	  31.433	 -18.725
106	-168.619	15	  51.486	  43.733	 -20.533
107	-167.268	16	  68.452	  41.675	  17.370
108	-164.271	16	  28.452	  29.014	   5.530
109	-163.066	16	  16.047	  27.220	  37.052
110	-156.029	16	  23.912	  60.942	  13.023
111	-154.196	15	   1.059	  52.395	   5.486
112	-152.640	15	  -9.222	  48.106	  26.239
113	-150.474	15	  32.917	  85.672	  16.707
114	-149.554	15	  20.864	  67.163	  18.885
115	-147.914	13	  58.565	  81.093	  22.892
116	-142.411	14	  52.029	  68.538	  -1.201
117	-137.452	13	  42.057	  85.928	  15.228
118	-134.328	13	   0.904	  63.505	  10.922
119	-132.848	13	  10.462	  66.354	  23.796
120	-130.672	12	  44.398	  36.859	  -0.065
121	-127.368	12	  68.703	  67.632	  -6.134
122	-126.811	12	  -1.509	  21.930	   3.146
123	-125.022	12	  66.266	  55.433	  27.046
124	-122.707	12	  50.300	  30.589	  14.066
125	-121.760	12	  73.049	  51.247	  12.644
126	-119.049	12	   7.642	  43.837	   3.872
127	-117.313	11	  50.320	  91.432	  18.743
128	-115.174	11	  20.222	  10.913	   0.119
129	-112.756	11	  -1.499	  35.810	  23.629
130	-112.300	11	  46.504	  38.126	  22.467
131	-109.721	11	  27.488	  76.308	  12.521
132	-109.399	11	 -12.573	  52.574	  12.401
133	-109.117	11	  37.871	  44.781	  -2.396
134	-107.803	10	  14.697	  60.874	  29.241
135	-107.775	11	  24.708	  35.632	  -3.038
136	-100.642	10	  43.908	  88.167	   2.060
137	-100.373	10	  21.569	  45.624	  10.088
138	 -97.104	9	  23.075	  11.330	  -6.996
139	 -97.050	10	  48.493	  46.344	 -13.860
140	 -96.784	9	  31.294	  24.438	  29.697
141	 -95.717	9	   8.080	  36.233	 -21.815
142	 -91.021	9	  12.390	   6.851	  18.816
143	 -90.414	9	  37.976	  88.588	   9.317
144	 -89.820	8	  21.638	  43.416	  -4.813
145	 -89.684	9	  60.075	  90.120	  19.491
146	 -89.372	9	  70.194	  60.248	  -1.035
147	 -88.711	9	  41.982	  55.981	  -3.739
148	 -88.056	9	  -2.259	  62.382	  19.968
149	 -88.049	8	  -6.211	  52.453	   8.725
150	 -87.730	9	  -9.488	  39.059	   5.725
151	 -86.526	9	  29.860	  17.383	   4.821
152	 -85.300	6	  17.736	  35.168	  -1.037
153	 -84.690	9	  -9.619	  58.376	  26.094
154	 -83.686	8	  -3.945	  38.591	  -8.894
155	 -83.640	8	  37.057	  78.849	  -3.161
156	 -83.399	8	  24.122	  13.281	   8.781
157	 -82.254	7	  62.933	  62.515	  -0.481
158	 -80.819	8	  -8.171	  57.913	  16.573
159	 -80.218	8	  66.130	  37.937	   9.578
160	 -79.472	8	  45.011	  61.629	   1.294
161	 -79.072	7	  12.261	  36.651	  28.563
162	 -78.549	8	  -7.170	  18.546	  20.850
163	 -76.848	8	   1.173	   8.558	  18.841
164	 -76.757	8	  49.449	  57.065	 -27.419
165	 -75.773	7	  24.205	  50.175	  16.600
166	 -73.139	7	  66.843	  63.680	  21.358
167	 -69.339	7	  62.573	  89.278	  11.084
168	 -69.025	6	  63.090	  60.328	 -24.431
169	 -66.361	7	  52.153	  46.319	  36.417
170	 -61.725	6	  72.632	  43.142	   9.374
171	 -60.383	6	  59.757	  74.702	  -0.142
172	 -59.573	6	  27.311	  16.770	  34.320
173	 -58.577	6	  44.684	  51.758	 -23.114
174	 -50.350	5	  34.651	  67.957	  17.195
175	 -48.739	5	  63.515	  83.042	   1.756
176	 -47.534	5	  28.315	  48.981	   2.187
177	 -46.561	5	  66.697	  65.600	   8.528
178	 -39.376	4	  -3.246	  13.620	  14.484
179	 -39.343	4	  63.292	  49.308	  31.688
180	 -39.277	4	  66.559	  35.323	  -0.064
181	 -39.207	4	  -7.469	  26.118	 -15.038
182	 -38.862	4	  37.561	  37.537	   4.688
183	 -37.192	4	  54.749	  92.831	   9.498
184	 -34.485	3	  55.564	  62.063	  14.440
185	 -31.959	3	   3.950	  43.712	 -14.475
186	 -31.071	3	  33.968	  29.160	  22.710
187	 -30.278	3	  27.312	  43.786	  26.433
188	 -29.683	3	  32.680	  68.418	  -7.923
189	 -29.320	3	  33.294	  46.140	  16.294
190	 -29.200	3	  -2.396	  23.494	  28.660
191	 -29.176	3	  59.644	  41.380	  34.319
192	 -28.883	3	  15.954	  54.557	   2.710
193	 -28.705	3	  -5.693	  35.140	 -16.967
194	 -28.405	3	  52.277	  44.141	 -28.616
195	 -20.476	2	  56.761	  65.804	 -22.290
196	 -18.830	2	  -7.190	  44.804	  -0.290
197	 -18.796	2	  39.294	  68.381	 -10.312
198	 -14.784	1	  51.294	  48.804	  -0.290
199	 -10.031	1	  31.294	  54.804	  -3.290
200	  -9.395	1	  -3.706	  25.804	 -23.290
201	  -9.263	1	   0.294	  45.804	   1.710
202	  -9.192	1	 -10.706	  25.804	  20.710
203	  -8.958	1	  -2.706	  13.804	  25.710
204	  -8.944	1	  17.294	  12.804	 -13.290
