1	-1473.429	127	  12.402	   4.971	  62.613
2	-1074.906	86	  20.988	  -0.023	  35.258
3	-1069.648	87	 -16.170	  79.626	  79.096
4	-983.802	89	 -16.182	  79.925	  69.404
5	-908.682	83	  -7.799	  93.154	  55.900
6	-883.129	82	  20.504	  -3.694	  44.937
7	-780.913	66	 -20.174	  89.964	  88.869
8	-660.904	59	 -11.327	  96.949	  81.374
9	-630.105	52	  17.110	 -16.907	  38.101
10	-627.466	57	   1.746	   4.761	  53.507
11	-622.839	46	  11.198	 -11.912	  38.448
12	-620.121	59	  17.834	  -2.680	  73.048
13	-593.192	44	  -7.623	  69.388	  71.051
14	-578.182	50	  25.339	  12.540	  30.435
15	-576.843	52	   3.853	  89.490	  64.805
16	-573.037	51	 -26.544	  69.951	  97.352
17	-540.852	46	 -13.467	  64.684	  69.757
18	-536.606	51	 -13.972	  92.149	  43.449
19	-527.034	48	  17.834	  15.879	  40.950
20	-494.096	46	   8.306	  91.561	  83.552
21	-489.555	43	 -40.799	  82.487	  79.855
22	-464.134	42	  13.404	  -3.150	  30.124
23	-449.090	40	   6.463	  -4.233	  57.393
24	-448.683	41	  29.251	  -5.706	  16.137
25	-447.771	42	  -9.084	  74.044	  82.468
26	-446.061	42	   7.299	  89.614	  73.356
27	-444.996	41	  -1.501	   7.927	  44.853
28	-439.325	42	 -15.570	  77.147	  54.443
29	-433.785	38	 -18.148	  70.325	  65.844
30	-432.794	40	  12.064	  13.858	  60.899
31	-430.758	38	  11.224	  17.371	  22.701
32	-428.741	38	  34.534	  11.583	  19.683
33	-428.243	39	 -11.493	 100.931	  51.393
34	-427.049	31	   2.703	  -3.363	  36.272
35	-419.354	38	  -2.292	  82.787	  56.453
36	-416.872	38	  -2.545	  14.151	  35.683
37	-412.845	36	   9.317	  79.954	  89.218
38	-408.340	38	  31.275	  -4.440	  51.924
39	-392.605	25	  15.199	  10.270	  36.301
40	-387.246	36	 -27.110	  88.755	  79.234
41	-382.973	33	 -22.239	  93.266	  69.426
42	-382.781	26	   8.303	   2.566	  52.274
43	-380.708	35	  19.902	 -12.204	  57.092
44	-374.502	35	  44.862	  -0.700	  36.408
45	-374.222	25	  -3.267	  87.828	  64.063
46	-368.933	24	  -9.472	  88.830	  82.106
47	-367.757	22	  35.134	 -11.718	  28.506
48	-363.990	30	  -4.082	   6.893	  26.595
49	-351.159	31	 -23.425	  97.625	  49.599
50	-348.076	33	  18.873	 -10.627	  26.011
51	-345.038	32	   0.504	  -7.080	  52.205
52	-343.141	32	  30.078	   2.646	  69.421
53	-336.731	30	  33.140	   6.404	  39.145
54	-335.120	30	 -13.940	 101.343	  68.191
55	-333.225	29	  -5.091	  89.586	  97.625
56	-328.451	30	  21.482	 -13.982	  44.881
57	-326.435	23	   1.788	  75.575	  76.390
58	-325.222	28	  35.047	   3.125	  13.776
59	-320.772	24	  27.121	   7.607	  50.415
60	-310.947	29	 -15.638	  66.265	  83.304
61	-295.470	28	   1.713	  -4.872	  28.757
62	-290.777	27	   2.344	  71.303	  82.580
63	-281.080	24	  17.367	   1.437	  22.800
64	-277.926	27	   0.160	 101.484	  81.446
65	-276.335	26	  24.551	  12.318	  64.318
66	-271.342	17	 -31.405	  68.420	  81.001
67	-267.854	25	  24.080	 -21.606	  30.252
68	-263.604	23	  17.998	   8.468	  70.473
69	-253.872	25	 -24.274	  84.421	  71.527
70	-241.027	23	 -27.736	  77.089	  55.585
71	-236.067	22	   6.355	  82.258	  61.338
72	-235.377	22	  -4.208	 100.116	  62.298
73	-235.034	22	 -26.021	  83.900	  63.690
74	-230.457	22	 -35.116	  68.090	  92.653
75	-228.945	22	  40.288	  11.048	  35.439
76	-223.449	21	  10.719	  24.163	  40.835
77	-216.968	21	 -19.186	  78.550	 100.038
78	-215.757	15	  23.611	  -2.141	  55.113
79	-215.081	20	 -20.861	 101.112	  64.085
80	-214.956	20	  19.482	  16.095	  56.125
81	-207.401	20	  49.954	   1.505	  28.748
82	-207.317	17	 -30.413	  86.130	  98.305
83	-205.229	19	 -37.966	  61.920	  82.301
84	-204.892	20	  10.624	  74.316	  73.072
85	-203.340	19	 -13.260	  81.256	  44.221
86	-201.867	19	 -12.671	  78.973	  98.298
87	-196.994	19	  36.609	   4.415	  61.044
88	-195.895	20	  26.736	 -13.883	  50.089
89	-195.514	14	 -27.072	  73.985	  86.132
90	-194.669	19	   9.504	 -17.541	  46.667
91	-194.648	18	  16.797	 -12.254	  67.562
92	-191.512	18	 -25.637	  57.830	  73.955
93	-188.090	19	 -22.735	  73.322	  60.331
94	-186.292	18	  37.717	 -10.684	  40.039
95	-186.049	19	 -33.857	  92.201	  85.684
96	-185.220	16	 -11.848	  76.303	  91.473
97	-183.978	13	 -18.747	  85.691	  60.101
98	-183.068	12	  31.429	  -4.030	  26.201
99	-179.795	18	  27.388	   2.378	  43.864
100	-177.453	17	 -28.364	  99.089	  55.402
101	-175.090	16	  28.742	  -7.394	  72.863
102	-174.999	17	 -32.347	  93.332	  58.026
103	-171.705	16	   1.745	  75.599	  60.051
104	-171.362	16	   3.420	  19.483	  43.538
105	-167.498	16	  37.212	 -20.105	  35.693
106	-167.146	16	  32.987	  11.953	  53.479
107	-165.977	16	 -34.259	  74.256	  71.786
108	-152.788	15	  34.750	 -23.605	  28.029
109	-152.421	14	 -32.576	  77.343	 101.096
110	-151.271	14	  -7.524	  75.282	  58.082
111	-150.816	14	  11.430	 -11.652	  53.167
112	-149.420	15	 -19.135	 102.749	  56.257
113	-148.622	15	  15.546	   6.807	  17.573
114	-148.419	14	 -18.343	  59.351	  76.369
115	-148.136	15	   8.995	  76.716	  81.802
116	-148.130	14	 -40.612	  75.337	  97.446
117	-146.012	14	  -6.553	  -4.600	  38.467
118	-144.179	15	 -20.628	  87.871	  97.515
119	-143.828	14	   1.757	  65.738	  67.094
120	-142.087	14	  17.179	  18.570	  48.053
121	-140.540	14	  -4.576	   0.833	  32.207
122	-140.002	13	  -1.102	  76.459	  95.299
123	-139.082	14	  32.736	 -14.694	  58.442
124	-136.940	13	  -6.294	  67.398	  61.442
125	-132.495	13	  -7.888	 103.668	  77.223
126	-131.491	13	  -7.803	   0.987	  43.805
127	-130.460	12	  39.537	  -7.239	  18.721
128	-127.484	12	 -34.660	  58.553	  89.971
129	-125.585	12	 -34.440	  63.695	  70.765
130	-124.907	12	   3.890	   3.655	  19.508
131	-123.910	12	  27.374	 -20.358	  21.423
132	-122.687	12	 -17.652	  70.455	  90.821
133	-119.107	11	 -26.311	  86.729	  41.786
134	-114.445	11	  45.653	   0.610	  16.044
135	-114.309	11	  24.170	   9.862	  16.132
136	-111.416	11	  31.278	  -3.990	  43.490
137	-107.942	11	 -23.630	  65.867	  63.692
138	-107.632	10	  41.891	 -14.808	  22.977
139	-103.402	10	 -42.682	  70.351	  82.859
140	-102.330	9	  36.609	 -14.082	  15.218
141	-100.886	10	 -40.987	  89.792	  91.942
142	-100.430	10	  12.684	  81.360	  70.166
143	 -99.309	10	 -36.206	  86.945	  74.737
144	 -95.868	9	   1.674	 -16.134	  41.811
145	 -94.475	9	   3.192	  97.633	  69.623
146	 -92.404	9	  31.031	 -16.181	  67.431
147	 -88.636	9	 -40.930	  84.970	  99.269
148	 -87.969	9	 -19.690	  63.400	  89.942
149	 -87.736	9	  44.810	  13.139	  28.211
150	 -86.897	9	   4.104	  20.696	  27.290
151	 -86.026	8	 -29.928	  92.951	  46.759
152	 -84.918	8	  36.771	 -20.937	  18.221
153	 -82.603	8	  46.294	 -11.369	  29.650
154	 -80.762	8	  33.140	  13.807	  29.225
155	 -80.125	8	  21.779	  19.943	  30.416
156	 -78.592	8	  -1.614	 103.954	  71.782
157	 -77.704	8	 -17.915	  82.483	  37.059
158	 -73.864	7	  23.174	 -11.214	  18.768
159	 -72.580	7	   2.145	  13.529	  50.696
160	 -72.339	7	  -0.944	 -14.437	  34.145
161	 -71.703	7	 -24.976	  56.887	  83.793
162	 -70.831	7	  26.989	 -20.578	  43.683
163	 -70.708	7	  23.987	   2.140	  15.551
164	 -68.247	7	   2.142	  93.823	  94.713
165	 -67.253	7	  47.656	   9.972	  19.346
166	 -66.788	7	 -20.722	  97.106	  81.723
167	 -66.419	7	  22.702	 -18.162	  67.073
168	 -60.951	6	 -15.131	  95.995	  91.896
169	 -59.077	6	  26.747	  16.827	  43.212
170	 -58.200	6	  38.405	  -4.653	  62.913
171	 -57.520	6	 -31.364	  80.650	  46.033
172	 -56.803	6	  -5.920	  81.731	 101.249
173	 -54.830	4	 -16.309	  85.443	  83.887
174	 -51.341	5	 -45.979	  79.613	  91.273
175	 -50.517	5	 -20.414	  76.077	  43.272
176	 -43.040	4	 -30.805	  97.161	  68.627
177	 -41.360	4	  47.901	  -7.064	  23.660
178	 -40.741	4	  23.178	  16.683	  22.191
179	 -39.716	4	 -47.119	  76.791	  81.813
180	 -37.539	4	  52.405	  -5.064	  31.632
181	 -37.004	4	  23.148	 -12.035	  76.409
182	 -30.919	3	  -5.595	  17.696	  27.434
183	 -29.080	3	  -0.891	  63.384	  78.473
184	 -29.006	3	  -3.913	  99.054	  91.409
185	 -28.405	3	  10.098	  87.114	  95.023
186	 -28.082	3	  17.067	  22.703	  37.071
187	 -27.678	3	  -9.579	  58.041	  65.374
188	 -27.590	3	  16.386	  15.059	  17.418
189	 -21.482	2	   7.905	  20.196	  51.409
190	 -18.430	2	   6.910	  65.201	  73.409
191	 -18.319	2	  -4.101	  -0.292	  21.915
192	  -9.934	1	  10.405	  23.696	  31.409
193	  -9.720	1	 -42.595	  92.696	  84.409
194	  -9.646	1	   4.405	 -13.304	  28.409
195	  -9.641	1	  33.405	  12.696	  63.409
196	  -9.596	1	  48.405	  10.696	  34.409
197	  -9.527	1	 -24.595	  70.696	  52.409
198	  -9.425	1	   8.405	  13.696	  69.409
199	  -9.325	1	   3.405	  96.696	  60.409
200	  -9.198	1	 -30.595	  70.696	  61.409
201	  -9.184	1	 -13.595	  65.696	  59.409
