1	-1631.729	148	  -3.139	 -18.064	 106.516
2	-1215.894	110	   5.310	  45.466	  53.025
3	-992.276	75	  25.951	  66.731	  73.956
4	-987.668	73	   5.854	  18.532	 103.153
5	-959.854	84	  32.155	 -19.838	 110.504
6	-839.445	63	   8.551	  70.717	  53.535
7	-804.279	70	  14.581	  56.902	  82.829
8	-726.650	66	  20.999	 -29.610	 112.844
9	-707.901	63	  -6.342	  27.262	  71.120
10	-702.125	62	  23.749	 -15.123	 125.684
11	-693.045	61	  16.614	   8.908	 111.676
12	-683.985	62	  28.145	  64.901	  62.391
13	-676.631	53	  24.303	  -6.621	 103.111
14	-666.589	61	   1.616	   3.663	  96.141
15	-648.268	62	   6.791	  43.455	  85.492
16	-639.960	58	   7.105	   6.814	 124.069
17	-579.345	55	  24.357	  -3.481	 111.192
18	-573.134	53	   1.925	  65.821	  75.346
19	-563.672	51	  -4.418	  12.187	  98.561
20	-525.463	49	   8.497	  75.870	  84.674
21	-515.545	41	  15.069	  37.408	  79.456
22	-495.307	47	  27.122	  67.123	 101.024
23	-488.069	43	  -1.206	  51.206	  79.387
24	-483.377	45	  18.404	  60.750	  52.321
25	-478.469	45	  29.011	  30.712	 110.503
26	-471.894	42	  -8.566	   0.610	 100.216
27	-445.936	38	  -2.802	  28.683	  87.166
28	-439.834	40	   1.169	  63.985	  62.577
29	-431.641	35	  21.036	  51.732	  55.538
30	-431.568	41	   3.061	  55.743	  69.746
31	-425.354	39	  -0.583	  27.653	  97.118
32	-422.927	36	   3.285	  52.608	  58.253
33	-414.384	38	  30.945	  77.647	  83.920
34	-413.335	37	  -4.548	  30.661	  58.626
35	-410.714	37	  -6.577	  25.723	 116.645
36	-399.218	27	  10.978	   5.761	 107.321
37	-395.288	35	  16.751	  83.362	  70.518
38	-378.267	35	  24.637	  57.816	  61.513
39	-376.652	35	   8.719	 -17.454	  89.130
40	-371.995	36	  19.648	   9.045	  91.718
41	-370.741	30	  34.123	  75.276	  72.511
42	-367.609	34	   9.898	  22.744	 124.589
43	-364.622	34	   7.478	  -2.636	 117.901
44	-364.391	29	   9.502	  65.403	  82.256
45	-360.465	33	   7.056	  80.841	  74.992
46	-359.582	33	   8.888	  33.323	 105.645
47	-358.436	23	  16.286	  56.209	  73.533
48	-356.290	32	  20.417	  34.231	 115.303
49	-352.833	30	   3.841	 -34.026	  98.923
50	-350.799	32	  14.627	 -34.322	  99.059
51	-350.791	31	   8.723	  31.647	  46.573
52	-341.484	33	  32.904	  48.431	  78.365
53	-338.029	31	  22.320	  25.269	  67.112
54	-332.682	26	 -10.815	  21.141	  99.625
55	-331.605	30	  11.542	 -34.279	 109.402
56	-328.310	30	  12.770	  16.831	 124.302
57	-322.987	25	  29.822	  75.786	  59.730
58	-312.328	28	  21.372	  14.446	 115.736
59	-309.339	30	  -8.863	  30.961	 102.308
60	-308.003	27	  20.013	 -16.800	  87.620
61	-306.440	24	  -1.865	  -3.869	  96.321
62	-301.191	29	   4.123	  28.116	 121.006
63	-293.943	27	  25.664	  50.043	  62.676
64	-293.850	28	  15.341	  82.348	  80.971
65	-291.607	27	  27.387	  51.123	  94.351
66	-291.601	17	 -13.150	   4.009	 115.246
67	-291.203	26	  31.661	  18.450	 100.472
68	-289.118	27	  32.413	  83.434	  66.402
69	-282.100	28	  -2.614	  49.485	  68.560
70	-281.618	22	  22.042	  75.787	  95.016
71	-276.599	25	  -6.320	  45.960	  90.476
72	-274.055	27	  28.700	  -6.101	 127.251
73	-273.106	22	  12.554	  13.265	 117.911
74	-263.274	25	  -1.625	  21.437	 125.199
75	-259.329	24	  27.020	   9.837	 108.882
76	-258.041	24	   9.542	  57.253	  36.920
77	-257.896	24	  29.579	 -25.663	 121.261
78	-254.709	23	  -1.326	   1.938	 121.225
79	-250.348	21	   0.235	 -10.912	 113.146
80	-249.935	22	  27.040	  45.637	  69.619
81	-237.784	22	   2.431	  20.912	  59.740
82	-237.197	22	  16.469	  41.684	  45.920
83	-233.049	22	  -6.364	 -17.680	  93.650
84	-230.599	20	   0.537	  -9.582	  92.743
85	-228.516	20	  12.665	   1.069	  92.582
86	-224.863	20	   6.527	  28.877	  82.221
87	-223.556	19	  20.256	  30.438	  58.807
88	-221.188	17	  18.216	  -2.999	 120.657
89	-217.185	20	  27.688	  80.930	  78.332
90	-210.091	20	   3.380	  41.928	  46.141
91	-207.436	19	  13.075	  60.993	  89.154
92	-207.204	20	  26.791	  23.573	  92.906
93	-207.081	20	 -15.083	  18.980	 107.872
94	-205.014	20	  -2.739	  57.167	  52.891
95	-204.987	20	  26.296	  46.105	  84.213
96	-201.802	18	  30.648	 -25.945	 101.152
97	-193.099	18	  -8.731	  45.164	  79.989
98	-186.881	18	   0.020	  16.088	  93.977
99	-185.207	16	  23.794	 -26.252	  90.989
100	-183.770	19	   8.966	  32.759	  95.410
101	-178.754	17	  23.238	  39.549	  65.624
102	-177.277	18	  10.583	  23.161	  93.091
103	-176.372	15	  21.055	  43.221	  53.864
104	-173.036	16	  11.899	  -7.001	  92.054
105	-172.496	16	  -6.843	  15.362	 130.244
106	-172.359	16	  22.010	  -0.344	  94.220
107	-170.427	17	  34.383	 -19.298	 126.109
108	-169.736	17	  -0.124	  80.682	  68.393
109	-168.844	17	  19.698	  54.065	  44.140
110	-168.477	16	  20.541	  79.387	  57.657
111	-167.509	16	 -21.758	 -12.761	 105.001
112	-165.562	16	   7.879	 -11.387	 117.991
113	-163.942	15	  -7.549	  -4.679	 118.969
114	-163.853	16	   7.826	  20.444	  77.172
115	-158.180	16	 -15.564	  -3.252	 119.715
116	-156.384	14	   2.108	  31.922	 108.814
117	-156.266	15	  10.211	  35.120	 119.590
118	-154.914	15	   1.332	 -31.708	  91.833
119	-151.362	14	  -8.541	  24.574	  80.324
120	-150.721	15	  38.206	  71.685	  92.502
121	-150.229	15	  19.944	  35.954	  99.245
122	-146.613	13	 -15.475	  12.168	 113.410
123	-140.072	13	  14.247	  18.036	  67.654
124	-138.815	14	  25.088	 -33.627	  99.332
125	-135.142	13	   3.410	  65.017	  46.196
126	-133.978	14	 -15.945	  -1.953	 100.422
127	-133.673	13	  36.872	  63.392	  77.324
128	-133.033	13	  21.558	 -26.298	 123.673
129	-131.504	13	 -10.249	  39.388	  65.761
130	-130.949	12	  12.886	  77.554	  56.076
131	-126.617	12	 -13.025	  31.920	  88.155
132	-125.108	13	  28.529	  77.324	  97.036
133	-124.869	11	  15.629	  20.273	  60.024
134	-124.022	11	  17.733	  -9.240	 125.414
135	-119.692	12	  20.463	  84.733	  88.742
136	-116.594	12	  -5.834	 -26.682	 100.364
137	-113.340	10	  41.668	  60.953	  90.776
138	-112.721	11	   2.383	  13.776	 129.672
139	-111.031	11	  24.663	  40.036	  78.239
140	-107.352	11	  15.211	   5.215	 118.240
141	-106.956	10	  18.504	  27.800	  75.976
142	-106.682	9	  -3.242	  37.664	  62.412
143	-103.461	10	   3.821	  50.225	  37.057
144	-100.653	10	  28.290	   9.177	  98.577
145	-100.606	10	 -14.424	  30.450	 111.476
146	 -99.089	10	  24.887	  25.387	 122.403
147	 -96.555	9	  26.587	 -13.802	  93.806
148	 -94.758	8	  36.148	  61.397	  96.879
149	 -93.647	8	  16.189	 -27.697	  88.765
150	 -91.112	9	  14.160	  66.228	  45.489
151	 -90.518	7	  21.621	  76.805	  83.891
152	 -89.437	8	  12.115	  22.942	  51.336
153	 -87.584	9	 -12.495	  -7.602	  95.605
154	 -86.647	8	  19.433	  49.546	  92.181
155	 -84.275	8	  38.950	  71.908	  83.440
156	 -83.146	8	  -8.504	 -12.358	 118.721
157	 -83.023	7	  -2.367	  70.869	  62.876
158	 -82.399	8	   3.545	  15.644	  69.217
159	 -81.334	7	  28.824	  35.263	 104.266
160	 -79.678	8	  33.159	  53.565	  70.524
161	 -78.823	8	  16.302	  69.373	  99.622
162	 -78.215	8	  35.046	  53.625	  94.378
163	 -74.793	7	  19.706	  27.938	  50.205
164	 -70.133	7	   0.453	  73.423	  77.429
165	 -69.843	7	   6.746	  58.299	  80.966
166	 -69.817	7	 -18.613	 -20.678	 106.786
167	 -67.132	7	  29.593	 -12.706	 101.575
168	 -66.810	7	  11.026	  10.595	  90.428
169	 -66.214	7	  12.685	 -27.536	 121.391
170	 -65.373	7	  23.309	  67.984	  54.420
171	 -61.840	6	  12.251	  48.552	  83.327
172	 -59.028	5	  31.761	  18.179	 107.878
173	 -58.868	5	  -1.356	  25.194	  49.187
174	 -55.265	6	 -12.226	  10.171	 101.169
175	 -54.386	5	  34.803	 -11.371	 107.998
176	 -52.877	5	 -25.486	 -10.704	  96.546
177	 -51.212	5	   3.498	 -37.507	 105.756
178	 -51.061	5	 -13.515	  16.589	 126.479
179	 -50.825	5	 -14.467	  39.707	  84.133
180	 -49.659	4	   8.951	  28.849	 112.944
181	 -49.451	5	 -21.067	 -17.092	  91.651
182	 -48.362	5	   0.517	  21.483	  82.102
183	 -48.317	5	   3.342	 -23.150	  86.131
184	 -48.042	5	  -0.691	 -29.920	 107.135
185	 -47.059	5	  23.112	  33.445	  72.874
186	 -47.011	5	  12.286	  85.866	  61.738
187	 -46.898	5	 -14.888	  36.505	  75.180
188	 -40.443	4	  -0.906	  33.645	  48.609
189	 -39.903	4	  17.066	  28.653	  89.632
190	 -39.455	4	  29.773	  28.707	  97.918
191	 -39.408	4	  19.017	  47.626	  33.643
192	 -39.118	4	 -14.211	  21.866	 120.131
193	 -38.352	4	  42.813	  64.173	  83.677
194	 -38.338	4	  -6.454	  36.620	  92.883
195	 -36.505	4	  24.299	  13.372	  88.131
196	 -31.956	3	 -17.698	   3.182	 108.134
197	 -29.713	3	   9.302	 -20.778	 119.447
198	 -29.202	3	  18.140	  58.298	  99.131
199	 -27.341	3	  29.970	 -19.789	  96.827
200	 -20.793	2	 -14.698	   6.866	 124.567
201	 -20.733	2	   4.390	  85.866	  61.587
202	 -20.184	2	  33.749	 -31.687	 108.578
203	 -19.666	2	   1.302	  77.334	  56.131
204	 -19.081	2	  36.774	  73.866	  64.131
205	 -18.764	2	  12.302	 -15.124	 124.131
206	 -18.481	2	  11.789	  41.916	  39.081
207	 -11.065	1	  30.302	  18.866	 116.131
208	 -11.017	1	  15.302	 -22.134	 112.131
209	  -9.973	1	  38.302	  -6.134	 115.131
210	  -9.694	1	  17.302	  56.866	  33.131
211	  -9.397	1	  -1.698	  40.866	  53.131
212	  -9.212	1	   8.302	  71.866	  95.131
213	  -9.198	1	  10.302	  36.866	  89.131
214	  -9.193	1	  28.302	  88.866	  62.131
215	  -9.059	1	   1.302	  40.866	  95.131
216	  -8.973	1	  -5.698	   3.866	 128.131
