1	-1437.661	121	  40.143	  23.037	   2.288
2	-373.944	34	  52.582	  10.694	  17.232
3	-353.335	32	  26.972	  20.361	   8.185
4	-348.537	33	  55.337	  29.585	  -8.569
5	-338.928	31	  46.763	  32.721	  -9.536
6	-294.691	28	  42.177	  11.813	  35.147
7	-286.173	25	  24.642	  30.195	  11.134
8	-271.714	24	  37.000	   7.458	  32.459
9	-243.608	20	  48.753	  33.861	  21.262
10	-237.021	23	  47.773	  30.894	  31.323
11	-231.145	22	  26.277	  20.817	  20.459
12	-226.452	22	  60.793	  27.924	  18.966
13	-222.805	22	  34.283	  19.282	  35.410
14	-220.968	20	  51.565	  17.287	  38.325
15	-219.930	21	  58.474	  19.482	   8.047
16	-212.556	20	  52.793	  41.947	   6.934
17	-190.700	17	  37.132	  40.830	  16.075
18	-189.356	17	  43.892	  20.928	  36.635
19	-184.725	18	  33.871	  34.367	  23.515
20	-180.391	18	  36.752	   4.844	  15.761
21	-162.605	16	  36.546	  38.242	   3.014
22	-156.695	16	  42.253	  42.658	   8.417
23	-153.134	16	  46.487	  10.166	   3.356
24	-148.344	14	  29.089	  35.475	   5.063
25	-139.478	13	  58.870	  40.134	   3.342
26	-139.245	13	  38.332	   8.026	   9.003
27	-138.014	13	  53.127	  21.815	   0.394
28	-136.217	13	  56.879	  24.210	  33.215
29	-133.881	13	  56.451	  35.884	  14.685
30	-131.594	13	  46.384	  42.296	  -6.732
31	-129.927	13	  33.544	  32.999	  -0.870
32	-117.011	11	  44.823	   2.115	  20.109
33	-111.303	11	  35.436	   0.981	  24.814
34	-108.615	11	  27.976	   8.309	  22.594
35	-105.458	10	  47.757	  41.545	  14.754
36	-100.360	10	  38.184	  30.354	  33.130
37	 -87.289	8	  58.614	  17.503	  18.415
38	 -80.456	8	  30.641	  23.908	  29.366
39	 -80.056	8	  60.628	  31.486	   2.415
40	 -79.522	8	  47.360	   4.868	  29.417
41	 -71.915	7	  28.348	  36.110	  16.919
42	 -71.770	7	  28.435	  12.089	  14.053
43	 -68.692	7	  63.092	  37.276	  -4.329
44	 -59.737	6	  27.882	   8.945	  31.632
45	 -47.176	3	  44.254	  21.266	  15.880
46	 -46.409	4	  40.531	  27.255	  -6.753
47	 -39.046	4	  54.009	  11.021	  29.598
48	 -29.427	3	  30.274	  14.268	  -0.243
49	 -18.797	2	  37.770	  34.981	  -7.472
50	  -9.080	1	  50.254	  24.981	  39.044
51	  -9.062	1	  47.254	  22.981	  -3.956
