1	-696.191	60	   4.699	  28.495	  23.844
2	-607.780	53	   9.851	  30.381	  45.579
3	-520.854	49	  -2.646	  47.223	  32.639
4	-499.712	45	  22.454	  29.454	  26.322
5	-461.936	44	  20.909	  38.992	  20.476
6	-429.094	39	   6.309	  23.474	  45.929
7	-369.423	34	  11.994	  30.040	  22.969
8	-285.147	26	  25.858	  48.122	  34.278
9	-279.065	27	  -6.925	  44.059	  42.726
10	-257.273	25	  -1.204	  17.957	  47.690
11	-254.618	23	 -11.540	  40.223	  37.242
12	-235.033	20	 -17.955	  35.568	  21.737
13	-225.557	23	 -12.068	  37.336	  46.635
14	-222.521	22	   4.544	  51.214	  24.964
15	-219.440	20	  24.928	  33.886	  33.394
16	-218.938	13	  11.138	  39.473	  41.007
17	-215.242	20	   7.803	  20.012	  29.872
18	-213.333	19	  15.398	  23.889	  36.649
19	-209.984	13	  -3.904	  29.541	  29.390
20	-209.671	19	  -3.541	  41.640	  17.373
21	-208.554	21	  19.103	  34.938	  46.939
22	-202.152	20	  -9.389	  18.432	  52.034
23	-196.472	19	  10.433	  42.166	  15.656
24	-195.845	18	  10.843	  53.901	  50.799
25	-195.672	19	  -3.255	  20.351	  22.368
26	-195.184	17	   1.115	  41.159	  54.325
27	-185.170	18	  -1.531	  14.113	  37.934
28	-166.095	16	   1.309	  34.208	  14.532
29	-158.670	16	 -13.247	  43.620	  24.424
30	-158.216	15	 -14.089	  16.143	  42.892
31	-138.286	13	   5.072	  52.856	  34.093
32	-132.870	13	  25.281	  46.210	  47.277
33	-129.643	13	   1.307	  51.413	  48.969
34	-128.806	12	   7.317	  34.424	  55.590
35	-121.354	12	 -18.165	  17.939	  34.995
36	-114.927	11	  18.517	  54.453	  46.236
37	 -96.571	9	 -20.588	  33.477	  36.029
38	 -86.126	8	  18.271	  56.026	  33.617
39	 -79.247	8	  18.573	  28.769	  41.802
40	 -79.059	8	  12.109	  57.906	  37.540
41	 -79.055	8	   5.100	  15.380	  42.185
42	 -71.069	7	 -16.406	  27.681	  53.266
43	 -68.262	7	  18.082	  41.276	  54.812
44	 -68.141	7	  26.978	  46.291	  25.102
45	 -67.545	7	 -20.822	  26.358	  39.772
46	 -60.491	6	 -18.184	  27.821	  17.134
47	 -59.527	6	  27.186	  25.031	  33.781
48	 -59.465	4	   7.768	  28.299	  34.131
49	 -55.845	6	 -16.348	  21.077	  20.826
50	 -52.721	5	  -1.874	  27.976	  55.263
51	 -50.545	5	  -9.701	  37.805	  15.300
52	 -48.732	5	  22.745	  53.027	  24.668
53	 -42.987	4	 -20.379	  24.550	  26.555
54	 -42.468	4	   7.551	  45.475	  57.013
55	 -37.805	4	  -9.037	  14.002	  28.825
56	 -37.673	4	  19.884	  50.692	  53.541
57	 -32.125	3	  -9.380	  26.919	  13.968
58	 -20.394	2	 -10.685	  25.738	  28.317
59	 -20.335	2	 -17.685	  20.804	  48.239
60	 -20.164	2	  -6.240	  41.155	  50.317
61	 -18.715	2	  15.276	  53.745	  18.278
62	 -18.347	2	 -15.685	  43.265	  31.823
63	 -11.532	1	  26.315	  38.265	  40.317
