1	-992.674	89	  25.527	  98.554	  61.893
2	-901.980	81	  23.038	  93.337	  53.957
3	-560.671	43	  18.382	  87.782	  27.516
4	-558.308	48	   6.109	 108.193	  62.418
5	-502.343	42	  30.914	  99.523	  67.510
6	-490.709	43	  33.072	  87.571	  36.760
7	-490.511	43	  26.021	  78.371	  53.635
8	-486.044	44	  16.756	 111.358	  69.096
9	-477.318	43	  25.533	  76.108	  39.912
10	-470.762	40	   4.706	  99.423	  40.450
11	-440.720	43	  33.665	  90.720	  77.561
12	-439.411	40	  24.944	  99.129	  48.944
13	-432.766	39	  13.088	 107.295	  48.732
14	-413.407	33	  18.065	  94.621	  47.018
15	-391.163	33	  10.389	  80.027	  60.818
16	-382.169	32	  23.236	  79.783	  30.502
17	-358.714	33	   7.928	  84.087	  68.784
18	-355.901	32	   9.272	 101.572	  32.064
19	-355.309	32	  19.566	  84.984	  82.014
20	-328.075	25	   5.210	  86.663	  56.195
21	-318.587	30	  34.279	  86.833	  66.322
22	-287.656	26	  14.240	 105.975	  78.286
23	-268.670	26	  21.479	  79.449	  74.037
24	-261.119	22	  14.108	  76.109	  46.912
25	-255.079	26	  19.100	  74.851	  59.994
26	-253.281	25	  30.911	  76.539	  69.023
27	-250.740	24	   3.161	  90.972	  62.393
28	-232.769	23	  33.006	 109.217	  67.687
29	-227.663	15	  12.680	  83.117	  54.297
30	-226.102	22	  21.975	  95.664	  24.286
31	-223.605	20	   1.671	  99.808	  52.476
32	-207.004	20	  32.246	  95.143	  31.148
33	-203.135	20	  36.350	  97.252	  45.991
34	-202.265	19	   6.967	  96.916	  81.430
35	-194.296	19	   5.248	  81.545	  34.478
36	-192.754	18	  13.291	  90.866	  84.396
37	-184.844	17	   3.636	  79.554	  50.833
38	-176.957	18	   3.111	 105.439	  46.291
39	-166.717	17	  25.214	 107.747	  30.230
40	-162.125	16	  -2.907	  86.796	  41.842
41	-161.665	16	  32.152	  77.925	  42.017
42	-150.921	13	  30.358	  81.034	  33.945
43	-147.563	15	  12.975	 111.872	  41.086
44	-133.059	13	  28.554	 109.250	  42.713
45	-129.472	11	   2.469	  98.588	  69.605
46	-127.384	13	  26.133	 112.763	  71.863
47	-122.437	12	  34.685	 106.696	  37.898
48	-111.105	11	   5.931	  93.768	  34.540
49	-110.870	11	   5.714	 104.033	  76.653
50	-102.175	10	  15.163	 101.275	  84.519
51	-100.559	10	  16.544	 105.186	  26.193
52	 -89.656	9	  -0.276	  77.787	  43.437
53	 -88.721	9	  28.739	 105.160	  84.860
54	 -88.694	6	  20.417	 103.164	  56.590
55	 -87.642	9	   7.630	  87.704	  29.950
56	 -87.171	8	  17.661	  70.529	  37.458
57	 -86.263	8	  27.767	 107.718	  54.682
58	 -85.839	8	  20.240	  71.979	  29.079
59	 -84.832	9	  10.650	 114.957	  67.216
60	 -80.070	8	  11.086	  72.588	  32.308
61	 -73.803	7	  40.409	  96.568	  37.522
62	 -65.070	4	  13.152	  98.235	  37.464
63	 -64.306	4	  10.609	  91.695	  45.610
64	 -59.515	6	  35.355	  81.788	  50.236
65	 -54.234	5	   3.606	  88.651	  73.688
66	 -52.463	5	  -0.597	  90.431	  51.140
67	 -52.036	5	  38.155	 102.749	  76.669
68	 -42.246	4	  27.934	  91.421	  87.203
69	 -40.711	4	  -1.017	 105.876	  56.357
70	 -29.985	3	   9.031	  72.792	  44.167
71	 -29.897	3	  19.350	 112.478	  37.271
72	 -29.776	3	   6.300	  88.586	  85.904
73	 -28.873	3	  22.965	 109.527	  48.222
74	 -27.993	3	  11.988	  77.845	  78.230
75	 -27.921	3	  28.316	  73.208	  28.571
76	 -27.476	3	  10.644	 113.172	  54.891
77	 -19.694	2	  33.983	  79.340	  58.904
78	 -18.927	1	   8.983	 102.845	  57.904
79	 -18.681	2	  20.990	 113.341	  57.890
80	 -17.161	1	  12.983	  85.845	  41.904
81	 -14.678	1	  14.983	  95.845	  60.904
82	  -9.193	1	  13.983	  94.845	  20.904
