1	-749.037	65	  39.535	  59.134	  39.260
2	-687.388	65	  38.792	  41.001	   2.008
3	-665.087	58	  33.901	  43.147	  39.277
4	-483.538	45	  34.240	  43.608	  48.178
5	-459.064	41	  36.071	  63.419	  33.291
6	-447.538	41	   8.020	  34.753	  40.359
7	-437.707	38	  26.167	  43.768	  42.696
8	-431.981	40	   9.981	  23.090	  20.830
9	-395.090	36	  24.953	  33.742	  13.922
10	-366.314	30	  10.687	  42.062	  38.840
11	-351.113	34	  23.936	  30.541	  39.765
12	-337.515	31	   3.926	  11.908	  56.284
13	-337.114	29	   2.423	  29.043	  42.148
14	-336.502	31	  23.979	   4.651	  31.645
15	-332.184	29	  34.345	  35.610	  22.258
16	-322.449	31	  16.863	  26.261	  13.360
17	-313.791	27	  16.358	  13.622	  19.931
18	-310.180	27	  20.662	  48.836	  14.486
19	-294.706	27	  13.588	  -3.086	  32.431
20	-294.683	27	  20.915	  21.162	  42.286
21	-287.422	27	   7.999	  31.599	  18.588
22	-281.486	26	  14.412	  54.529	  25.474
23	-262.766	24	  39.251	  50.054	  30.650
24	-261.630	26	  45.959	  49.735	  40.608
25	-252.701	25	  -1.083	  23.516	  34.842
26	-231.835	21	  34.327	  63.481	  42.094
27	-230.452	23	  29.295	  53.349	  55.019
28	-228.476	22	   0.043	  12.803	  33.875
29	-228.298	22	  23.437	   6.948	  46.086
30	-223.789	21	   5.299	   3.576	  28.785
31	-219.315	20	  16.248	  58.863	  36.287
32	-218.843	22	  27.047	  44.516	   9.896
33	-218.158	21	  -0.714	  20.542	  51.171
34	-196.711	18	  10.118	  48.759	  32.148
35	-195.065	19	  32.619	  57.508	  47.521
36	-189.287	18	  12.457	  47.873	  44.165
37	-185.664	17	  34.749	  53.260	  22.609
38	-181.136	17	  21.578	  60.968	  42.810
39	-179.911	18	  32.007	  42.545	  15.857
40	-178.349	17	  54.558	  33.874	   0.801
41	-174.494	17	   4.573	  39.281	  27.678
42	-172.505	14	  31.417	  23.045	  27.417
43	-166.163	15	  28.069	  21.467	  36.745
44	-149.516	14	  40.183	  39.731	  32.598
45	-148.071	15	  22.516	  15.113	  47.817
46	-140.002	13	  12.022	   3.632	  23.120
47	-137.139	13	  19.032	  48.776	  54.545
48	-131.797	13	  43.277	  29.495	   2.696
49	-130.329	13	  19.188	  60.291	  21.938
50	-129.941	13	   5.382	  21.441	  58.016
51	-128.926	13	  23.035	   5.883	  22.005
52	-126.924	8	  18.089	  35.275	  17.456
53	-126.271	13	  35.875	  49.304	  11.461
54	-126.015	12	  16.766	  55.548	  48.943
55	-117.860	11	  19.987	  -0.957	  42.210
56	-115.860	11	   3.244	   0.328	  42.605
57	-113.228	11	  50.863	  41.951	   4.963
58	-111.358	10	  36.335	  31.626	  28.919
59	-109.611	10	  28.089	  65.366	  31.972
60	-106.068	8	  11.711	  19.461	  37.689
61	-105.534	10	  30.234	  11.896	  33.453
62	 -97.443	10	  44.201	  58.705	  31.720
63	 -93.829	9	  10.971	  44.001	  13.098
64	 -92.815	8	  24.113	  42.532	  51.713
65	 -89.832	9	  25.589	  20.547	  13.406
66	 -88.046	9	  27.085	  13.229	  23.098
67	 -81.390	8	   2.601	  28.714	  27.813
68	 -81.272	8	  12.513	  29.281	  51.061
69	 -80.922	8	  48.404	  42.238	  38.550
70	 -79.008	8	  16.138	  20.916	  56.276
71	 -77.146	8	  30.346	  28.224	  13.189
72	 -76.896	8	  -3.228	  15.115	  42.062
73	 -76.243	8	  22.233	  45.347	  61.092
74	 -75.497	7	  45.989	  35.521	  44.204
75	 -75.019	7	  21.261	  63.301	  29.764
76	 -72.931	7	   7.419	  46.494	  20.993
77	 -70.083	7	  28.953	  61.385	  22.879
78	 -65.687	6	  30.018	  51.433	   8.041
79	 -61.651	6	   7.431	   5.042	  53.976
80	 -61.433	6	  45.562	  39.866	  11.293
81	 -61.341	4	  23.995	  23.282	  31.733
82	 -60.902	6	  53.335	  42.919	  -3.185
83	 -57.599	6	   9.535	  -2.911	  39.125
84	 -53.192	5	  28.771	  68.471	  40.003
85	 -51.008	5	  17.154	  33.921	  44.001
86	 -46.328	5	   4.785	  11.538	  22.605
87	 -38.738	4	  48.863	  59.643	  38.077
88	 -38.504	4	  36.881	  29.421	  36.997
89	 -37.411	4	  27.355	  56.903	  15.801
90	 -37.192	4	  57.381	  39.159	  -9.171
91	 -30.911	3	  49.674	  40.618	  49.121
92	 -24.666	2	  19.184	  42.135	  34.817
93	 -19.875	2	  17.891	  12.437	  59.805
94	 -18.989	2	  40.346	  33.972	  -8.696
95	 -18.947	2	  28.409	   4.473	  38.227
96	 -18.778	2	  33.373	  22.428	  18.308
97	 -18.756	2	  -2.655	   9.377	  47.247
98	 -18.060	2	  13.373	  37.423	   8.817
99	 -11.670	1	  37.373	  69.919	  37.817
100	 -11.577	1	  32.373	  33.919	  -8.183
101	 -10.310	1	  37.373	  32.919	  43.817
102	  -9.923	1	  30.373	  14.919	  40.817
103	  -9.573	1	  50.373	  33.919	  -7.183
104	  -9.091	1	  30.373	  43.919	  62.817
105	  -9.063	1	   4.373	  36.919	  12.817
