1	-713.252	62	  17.830	 -52.100	 -46.879
2	-697.128	61	  11.330	 -77.524	 -40.578
3	-547.352	51	  15.002	 -58.160	 -39.139
4	-521.530	47	   4.726	 -52.476	 -62.222
5	-466.484	39	  34.551	 -55.744	 -45.290
6	-424.987	37	  -0.197	 -43.531	 -40.081
7	-386.638	34	 -10.255	 -51.567	 -31.513
8	-385.631	37	  -4.253	 -75.676	 -26.764
9	-369.049	33	  -2.626	 -81.139	 -34.240
10	-358.713	35	 -19.026	 -55.647	 -44.834
11	-355.654	34	  26.344	 -66.355	 -55.262
12	-326.438	31	  26.727	 -69.929	 -37.972
13	-322.211	29	 -15.453	 -67.228	 -39.372
14	-317.820	31	  16.848	 -72.242	 -57.275
15	-312.604	28	 -11.440	 -68.901	 -50.392
16	-310.548	25	  -0.896	 -67.937	 -27.105
17	-298.019	28	 -13.482	 -76.340	 -27.590
18	-286.812	25	   4.311	 -51.779	 -36.641
19	-279.697	27	  23.186	 -77.058	 -51.922
20	-253.027	23	  29.302	 -57.401	 -36.478
21	-246.441	22	  -6.639	 -59.826	 -62.515
22	-231.176	16	  -5.018	 -70.904	 -47.612
23	-230.767	21	 -12.571	 -62.279	 -55.770
24	-229.472	19	  13.323	 -58.410	 -58.989
25	-224.450	22	   9.528	 -62.658	 -33.518
26	-221.048	22	  -5.481	 -58.398	 -21.104
27	-219.854	22	  19.768	 -48.950	 -56.616
28	-219.444	19	  -3.417	 -39.833	 -48.899
29	-219.142	21	  -8.988	 -79.618	 -43.651
30	-211.155	20	 -21.539	 -61.605	 -31.000
31	-197.991	20	   6.391	 -77.050	 -58.184
32	-195.934	15	   9.989	 -48.327	 -43.990
33	-194.581	17	   3.048	 -64.772	 -59.660
34	-191.877	17	  13.227	 -41.585	 -52.220
35	-175.364	16	 -10.651	 -44.922	 -36.662
36	-154.072	15	 -15.620	 -63.796	 -21.394
37	-152.666	15	  -4.770	 -51.755	 -67.256
38	-143.425	14	  11.367	 -85.566	 -53.138
39	-136.549	14	   3.709	 -40.841	 -56.856
40	-133.149	13	  36.312	 -64.895	 -46.115
41	-131.748	13	   6.743	 -83.966	 -46.031
42	-128.018	12	 -14.138	 -51.430	 -58.568
43	-113.925	11	 -22.061	 -53.502	 -36.669
44	-111.730	11	 -17.030	 -45.155	 -48.809
45	-103.018	10	   4.655	 -73.636	 -29.209
46	 -98.942	10	  34.961	 -48.450	 -56.483
47	 -98.514	9	  22.562	 -77.348	 -39.295
48	 -95.063	10	  20.298	 -58.406	 -30.300
49	 -90.784	9	  31.794	 -47.643	 -42.026
50	 -90.516	9	  28.187	 -76.106	 -45.341
51	 -87.182	8	 -10.909	 -72.860	 -20.922
52	 -86.464	9	  12.904	 -70.046	 -35.779
53	 -84.667	8	 -11.707	 -44.262	 -54.994
54	 -82.182	8	  31.814	 -60.765	 -55.976
55	 -76.995	8	   5.077	 -58.444	 -29.308
56	 -75.427	8	 -18.169	 -43.159	 -39.581
57	 -72.840	7	   1.436	 -78.561	 -53.529
58	 -69.981	7	 -18.588	 -54.617	 -27.712
59	 -64.609	5	   1.689	 -50.650	 -49.339
60	 -63.648	6	  -4.075	 -47.295	 -30.457
61	 -60.514	6	 -20.408	 -70.085	 -30.997
62	 -59.904	6	  16.715	 -83.864	 -43.336
63	 -58.127	6	 -16.108	 -78.239	 -35.614
64	 -57.709	6	  32.226	 -64.278	 -33.524
65	 -57.698	6	 -10.548	 -35.165	 -44.019
66	 -56.789	6	  11.387	 -65.861	 -61.825
67	 -48.980	5	   5.944	 -38.229	 -46.761
68	 -46.868	5	  25.138	 -55.417	 -56.973
69	 -42.145	4	   1.786	 -51.540	 -26.526
70	 -40.481	4	  27.340	 -47.588	 -59.559
71	 -38.315	4	  21.836	 -46.542	 -37.732
72	 -37.997	4	  -2.952	 -70.776	 -57.452
73	 -31.191	3	 -13.742	 -73.376	 -43.992
74	 -30.667	3	  -9.730	 -67.037	 -15.396
75	 -28.418	2	  -0.777	 -77.143	 -42.439
76	 -19.522	2	  -1.436	 -66.559	 -18.992
77	 -11.561	1	  20.564	 -65.037	 -36.992
78	 -10.141	1	   5.564	 -56.037	 -69.992
79	  -9.706	1	  32.564	 -73.037	 -50.992
80	  -9.671	1	   8.564	 -44.037	 -61.992
