1	-1026.710	76	   5.943	  85.710	 102.586
2	-1000.913	75	  26.174	 134.151	  73.625
3	-858.328	79	  -2.865	  79.873	  96.909
4	-811.764	72	  20.428	  37.157	 112.642
5	-805.101	73	  14.650	 124.965	  82.212
6	-801.434	76	   5.898	 114.386	  54.026
7	-781.596	72	  -2.701	  51.701	 106.022
8	-773.048	69	  -5.944	  94.352	  70.426
9	-755.871	56	  13.041	  73.242	 108.459
10	-670.493	60	  27.948	 132.636	  61.986
11	-627.920	57	  -5.238	  44.080	 103.358
12	-609.955	56	  24.724	 121.615	  61.033
13	-609.847	47	  13.996	 104.919	  79.694
14	-588.277	54	  22.862	  63.916	 107.678
15	-576.870	55	   4.914	 108.656	  47.839
16	-572.212	54	   2.677	  96.890	  97.358
17	-569.193	53	   3.040	 123.220	  69.386
18	-564.878	51	   7.055	  64.149	 116.970
19	-549.897	49	   1.954	 133.313	  74.896
20	-531.217	50	   8.453	 142.870	  84.948
21	-521.183	35	   7.699	 137.471	  53.868
22	-520.944	49	   5.447	 111.199	  86.157
23	-501.684	47	  11.527	  87.804	 124.090
24	-500.011	46	   2.908	  68.358	  94.123
25	-489.333	42	   6.927	  74.777	 124.415
26	-474.009	44	   4.156	  92.643	  49.120
27	-465.538	41	  -2.670	  96.128	  86.981
28	-454.062	42	  27.052	 134.893	 100.679
29	-452.296	42	  29.526	  98.183	 107.536
30	-437.131	37	  -3.985	  64.077	  96.503
31	-435.880	29	  16.478	 123.697	  73.134
32	-426.439	38	   8.846	 130.922	  81.862
33	-425.567	38	  -5.723	  92.691	 116.563
34	-410.186	36	  35.037	  46.181	 114.831
35	-402.791	39	  11.863	 113.675	  82.319
36	-397.458	36	   3.808	  87.750	  59.245
37	-378.674	33	  16.566	 151.017	  70.116
38	-370.909	32	  14.502	  32.774	  98.817
39	-366.296	34	  -0.755	  68.567	 121.155
40	-363.219	34	   6.793	 148.651	  74.348
41	-357.533	34	  -2.481	  88.172	 126.710
42	-355.685	34	  28.523	  62.083	 114.191
43	-351.503	33	  19.496	 127.235	  52.323
44	-345.538	32	  32.317	 151.520	  65.909
45	-345.291	31	   8.439	  50.092	  88.945
46	-342.283	33	 -10.026	  98.609	 102.755
47	-339.289	28	  30.455	 143.332	  59.710
48	-339.027	29	  20.678	 120.134	  54.683
49	-336.293	30	  14.671	  78.677	 116.315
50	-332.417	29	   0.240	 130.308	  57.851
51	-330.986	31	  30.701	 145.380	  84.148
52	-329.097	29	  22.400	  92.489	  66.951
53	-318.263	25	 -10.660	  88.480	  99.303
54	-309.972	24	  23.323	 143.286	  95.119
55	-309.434	29	 -11.348	  68.893	 100.800
56	-305.056	28	   9.198	  38.622	 112.330
57	-302.557	29	  33.203	 116.045	  78.054
58	-301.271	28	 -15.944	  75.960	 111.782
59	-300.450	28	  17.925	  76.446	  89.907
60	-299.621	27	  19.104	  49.601	  87.047
61	-295.680	25	  11.826	  67.700	  91.994
62	-295.212	28	  21.876	 116.284	  90.805
63	-293.922	29	  -2.099	  55.316	 111.931
64	-292.163	27	   9.812	 100.544	 105.423
65	-289.961	27	  21.883	  81.544	 116.238
66	-287.462	25	  20.326	  99.081	  58.121
67	-283.831	26	  15.409	 150.133	  80.671
68	-282.968	27	   3.313	 120.223	  58.804
69	-277.271	28	  22.503	  73.867	 110.424
70	-275.453	26	  27.661	  56.567	 100.363
71	-268.114	25	   1.346	  32.777	 101.157
72	-267.326	24	  20.340	 100.898	  97.368
73	-264.423	24	  -7.864	  62.806	 119.455
74	-263.972	24	  27.104	 113.532	  84.140
75	-263.883	25	   4.029	  95.487	 120.100
76	-263.325	20	  19.823	  99.483	 114.794
77	-262.063	25	  12.574	  31.822	 108.105
78	-261.124	23	  29.802	 120.906	  95.139
79	-260.593	25	  24.895	  73.256	  95.847
80	-256.198	23	  -0.419	 119.796	  79.800
81	-255.626	24	  28.994	  59.550	 126.477
82	-253.706	22	  33.887	 144.029	  71.294
83	-245.107	23	 -15.708	  65.011	 119.743
84	-241.809	22	   8.144	  54.570	 118.328
85	-240.766	22	  13.597	 142.756	  53.905
86	-240.328	23	  35.109	  48.707	 123.355
87	-237.413	23	  22.870	 105.024	  67.485
88	-233.622	20	  11.236	  97.739	  46.340
89	-231.241	20	  17.721	  63.367	 121.172
90	-223.107	21	   1.500	  57.794	  91.174
91	-218.157	20	  12.501	 128.641	  89.261
92	-216.771	20	  -3.232	 115.915	  67.966
93	-216.630	20	  16.319	 108.529	  45.453
94	-213.060	16	  31.062	  84.558	 104.070
95	-213.049	18	  -8.524	 112.177	  79.298
96	-212.392	20	  30.930	  87.410	  96.089
97	-207.312	19	   5.551	  96.162	  81.211
98	-205.950	18	  14.876	  86.363	  65.147
99	-205.949	19	   2.607	  99.253	 108.776
100	-205.015	19	  -2.815	 123.187	  52.114
101	-204.511	19	  12.500	  72.541	 119.396
102	-202.703	20	  -4.265	  90.908	  59.775
103	-200.682	18	  19.527	  39.058	  89.333
104	-191.919	18	 -14.808	  86.280	 107.633
105	-191.905	17	  26.791	 113.290	  69.010
106	-191.427	18	  -6.948	  49.709	  93.746
107	-189.743	17	  20.876	 110.364	  53.159
108	-189.230	17	  -6.298	 113.942	  89.722
109	-185.051	17	  13.822	  60.432	  92.654
110	-184.034	18	  36.976	 130.446	  76.449
111	-183.502	18	  38.308	 139.039	  91.648
112	-178.848	17	  -7.693	 107.151	  63.521
113	-172.939	17	  20.383	 147.130	  57.423
114	-169.946	15	  -4.540	  98.443	  58.287
115	-167.528	14	  30.139	  48.757	 106.394
116	-165.731	15	  -9.832	  54.519	 118.103
117	-165.600	17	  21.593	 104.368	 109.864
118	-162.534	16	   8.846	  88.218	  76.809
119	-160.284	16	  30.203	  40.803	 101.445
120	-160.105	15	   9.648	 124.404	  36.646
121	-158.532	14	  19.733	  55.106	 125.364
122	-153.674	15	  38.007	 140.259	  78.756
123	-152.692	14	  26.857	 149.172	  78.127
124	-152.672	14	  42.243	 129.185	  89.523
125	-147.819	14	  12.183	  89.445	  92.082
126	-137.079	14	   9.103	  45.363	 118.520
127	-136.678	13	  30.895	  76.664	  99.982
128	-135.407	13	  28.247	  76.570	 107.778
129	-135.134	13	   0.065	 132.166	  67.682
130	-130.128	13	  20.714	 152.624	  87.861
131	-122.635	11	  -9.050	  92.338	  79.230
132	-121.563	11	  35.868	 128.442	  97.064
133	-118.006	9	  22.945	 144.654	  84.064
134	-112.716	11	 -22.325	  54.904	 104.495
135	-112.471	11	  -6.200	  79.108	 129.136
136	-111.339	11	  24.471	 108.420	  78.304
137	-109.749	11	   7.658	  99.258	  88.119
138	-107.927	11	   0.996	  35.178	  91.811
139	-107.235	11	   9.872	  77.881	  90.059
140	-105.218	10	  12.384	  90.208	  51.278
141	-101.460	10	  26.206	  52.741	  93.541
142	-101.447	10	 -14.049	  59.684	  95.823
143	-100.407	9	  30.621	  37.353	 115.441
144	-100.354	10	 -12.538	  85.871	 126.965
145	 -99.062	9	 -13.725	 103.766	  87.384
146	 -97.132	10	  24.082	 135.540	  54.476
147	 -94.446	7	  10.057	  96.340	 111.709
148	 -91.956	9	   2.088	 134.735	  49.353
149	 -91.051	9	  14.810	 137.173	  98.490
150	 -89.816	9	   9.171	 103.216	 118.002
151	 -89.810	9	  12.989	  99.282	  94.068
152	 -89.727	9	  19.390	 121.032	  44.708
153	 -87.245	7	  28.553	  95.503	  96.730
154	 -84.469	9	  10.797	 153.635	  60.489
155	 -82.753	5	   9.497	  83.288	 116.891
156	 -81.013	8	  -0.566	  42.057	 109.695
157	 -78.674	8	  15.712	 124.322	  96.159
158	 -78.373	8	  25.444	  91.720	 121.517
159	 -77.763	8	   0.833	 142.256	  76.973
160	 -75.342	7	  18.720	  95.349	  75.814
161	 -72.248	7	   2.451	 150.527	  61.331
162	 -70.474	7	   3.861	 117.670	  36.715
163	 -70.111	4	 -11.430	  70.621	 114.923
164	 -69.716	7	  -7.234	 106.080	  92.695
165	 -68.650	7	  33.416	 121.431	  71.515
166	 -66.671	7	  19.757	  95.514	  88.686
167	 -65.713	7	   7.447	 155.931	  67.273
168	 -64.977	6	  -1.987	 138.385	  62.560
169	 -63.998	6	   2.079	  83.078	  69.739
170	 -61.353	6	   3.148	  43.262	  86.245
171	 -60.583	6	  25.609	 110.529	  60.043
172	 -59.740	6	   1.064	  89.228	  81.387
173	 -58.823	6	  24.576	  32.103	  98.945
174	 -58.192	6	 -18.205	  46.936	 108.189
175	 -57.890	6	 -12.003	  77.240	 100.999
176	 -56.485	5	  24.153	  40.765	 122.615
177	 -53.459	5	  21.245	  66.883	  92.888
178	 -49.457	5	  35.215	  54.598	 107.431
179	 -49.057	5	  -1.301	 145.068	  68.093
180	 -39.316	4	  30.050	  45.188	  95.639
181	 -39.273	4	  34.047	  39.838	 122.939
182	 -37.953	4	 -14.960	  88.795	 119.457
183	 -37.616	4	  15.041	 134.580	  46.201
184	 -37.435	3	 -14.972	  74.078	 124.023
185	 -37.209	2	  14.301	  44.078	 112.156
186	 -36.482	4	  23.547	  81.087	  86.695
187	 -33.343	3	  27.986	  47.052	 128.695
188	 -32.778	3	  -2.014	 105.429	  52.695
189	 -30.768	3	 -14.699	 104.115	  75.695
190	 -30.135	3	 -25.699	  56.385	  96.026
191	 -30.053	3	  -0.609	 111.988	  44.648
192	 -29.869	3	 -20.707	  51.078	  89.391
193	 -29.865	3	 -13.007	  95.748	  84.695
194	 -28.829	3	 -15.337	  95.837	 113.333
195	 -28.637	3	  32.251	  84.181	 113.428
196	 -22.537	2	  23.714	 123.078	  97.761
197	 -21.312	2	  20.767	 115.078	  33.695
198	 -20.211	1	  -1.699	 102.078	  66.695
199	 -19.567	2	  27.301	  98.607	 116.695
200	 -18.098	2	  38.794	 122.571	  79.188
201	 -17.207	1	   0.301	  80.078	 122.695
202	 -11.936	1	  14.301	  84.078	 110.695
203	 -11.163	1	  18.301	 128.078	  38.695
204	  -9.990	1	 -15.699	  45.078	  97.695
205	  -9.951	1	  -5.699	  71.078	 127.695
206	  -9.782	1	   0.301	 109.078	  94.695
207	  -9.552	1	  30.301	 125.078	 101.695
208	  -9.490	1	  20.301	  98.078	  49.695
209	  -8.993	1	  27.301	  64.078	  98.695
210	  -8.915	1	  23.301	  31.078	 108.695
