1	-799.861	69	  13.970	   3.939	  55.138
2	-737.268	65	 -14.824	  -0.441	  35.851
3	-729.532	64	   7.694	   7.569	  69.134
4	-619.122	55	 -12.389	  11.496	  38.614
5	-611.383	54	 -14.158	  15.477	  21.206
6	-548.890	48	  -4.269	  14.277	  38.045
7	-541.846	46	 -15.162	  12.678	  67.775
8	-516.022	45	 -13.619	  20.884	  59.488
9	-511.466	47	 -18.333	  -2.777	  49.987
10	-494.712	46	   4.062	   5.114	  34.055
11	-480.133	45	 -14.832	  15.510	  43.562
12	-459.204	41	  17.215	  13.706	  70.415
13	-420.056	38	 -22.361	  10.955	  55.718
14	-382.881	32	 -15.921	  -0.704	  66.888
15	-371.111	33	 -19.106	   1.612	  27.408
16	-369.176	31	 -18.893	   8.586	  23.059
17	-356.627	32	   9.637	  12.122	  43.114
18	-307.321	28	  -3.768	  -0.929	  27.985
19	-269.686	27	  -4.584	   2.511	  72.549
20	-268.413	26	   9.695	   0.333	  40.882
21	-262.989	25	   4.257	  -2.315	  63.340
22	-247.372	22	   5.992	  -1.457	  54.953
23	-244.381	24	 -24.935	   7.703	  42.371
24	-242.124	23	   0.353	  18.011	  20.763
25	-230.025	21	   0.115	  -6.300	  51.069
26	-228.159	20	  -4.967	  18.327	  67.286
27	-223.328	21	   0.075	  19.296	  47.008
28	-209.651	19	  -4.624	  20.895	  25.952
29	-201.142	19	 -12.847	  -7.283	  42.330
30	-200.612	19	 -11.872	   0.413	  18.943
31	-196.578	18	  -8.221	 -12.469	  46.679
32	-193.524	18	 -17.766	  -7.956	  57.333
33	-186.186	18	 -20.585	  23.151	  30.615
34	-177.307	12	   1.543	  11.323	  50.576
35	-170.997	15	  -8.028	  -6.318	  36.341
36	-169.769	17	 -11.980	   7.097	  74.423
37	-145.460	13	  -6.797	  18.850	  51.449
38	-135.039	13	   3.509	  21.476	  66.593
39	-134.146	12	 -23.795	  17.862	  25.282
40	-125.454	12	  -0.047	  -9.626	  44.077
41	-121.829	12	  17.035	   2.184	  48.816
42	-121.388	12	  17.248	  19.615	  50.092
43	-120.575	11	  -3.067	  -6.184	  64.417
44	-119.563	12	   6.294	  18.026	  74.077
45	-117.140	11	 -10.751	  23.415	  33.151
46	-112.637	11	  22.942	  18.678	  60.154
47	-106.694	10	  -0.733	  10.185	  16.104
48	-103.120	10	 -22.282	   2.655	  58.762
49	 -96.583	9	   2.462	  17.206	  37.069
50	 -96.002	9	  -4.573	  -9.755	  55.831
51	 -93.892	9	 -11.233	  -9.909	  63.191
52	 -79.802	8	   7.838	  20.194	  46.299
53	 -78.855	8	 -20.380	  19.673	  52.838
54	 -69.484	7	  25.757	   7.904	  58.023
55	 -66.353	7	   2.061	   8.518	  74.614
56	 -60.918	6	  -2.180	  25.452	  58.158
57	 -57.366	6	   5.844	  20.905	  29.283
58	 -53.034	3	  -2.929	  16.054	  58.331
59	 -38.418	4	  20.489	   1.783	  57.861
60	 -38.118	4	 -28.515	  20.274	  35.308
61	 -29.905	3	  15.578	  -0.860	  63.352
62	 -29.170	3	 -19.472	  -4.533	  18.242
63	 -28.835	3	 -28.837	   9.795	  23.331
64	 -28.118	3	  -7.515	  14.095	  78.007
65	 -27.779	3	  12.463	  23.109	  64.353
66	 -21.493	2	  23.485	   8.285	  66.331
67	 -19.158	2	 -23.003	   3.295	  19.331
68	 -18.397	2	 -31.022	   2.305	  28.795
69	 -10.052	1	 -30.515	   9.783	  37.331
70	  -9.591	1	 -19.515	  23.783	  42.331
71	  -9.494	1	   5.485	  27.783	  61.331
72	  -9.269	1	   2.485	   2.783	  19.331
73	  -8.908	1	   4.485	  -7.217	  38.331
