1	-1371.596	115	  58.257	  10.592	  76.216
2	-1207.505	101	  22.375	   6.312	  65.912
3	-792.248	69	  69.023	   7.726	  74.218
4	-687.719	60	  27.441	   6.893	  75.529
5	-578.055	49	  16.912	  11.518	  72.821
6	-553.982	45	  62.979	   6.933	  84.725
7	-384.948	37	  41.825	   2.867	  74.865
8	-277.894	26	  31.649	  -1.752	  76.983
9	-255.266	25	  58.111	  -1.353	  89.743
10	-233.682	22	  48.420	   1.473	  63.275
11	-231.763	22	  38.847	  11.056	  61.473
12	-215.825	20	  24.946	 -11.447	  61.847
13	-207.644	18	  24.279	  -5.712	  73.041
14	-204.564	20	  71.018	   6.554	  65.386
15	-189.619	19	   7.817	  -5.845	  68.311
16	-182.861	18	  29.023	  -2.104	  51.883
17	-180.575	17	  52.155	  21.352	  63.666
18	-170.572	16	  37.612	  -7.704	  58.905
19	-168.398	17	  14.189	  -0.589	  82.192
20	-165.163	16	  15.220	  -7.018	  56.937
21	-163.483	15	  65.310	  -7.792	  79.752
22	-160.079	16	   6.063	   7.622	  71.973
23	-159.531	16	  49.492	  -6.303	  79.774
24	-158.840	15	  34.410	  12.030	  67.529
25	-154.748	14	  60.123	  -1.304	  67.006
26	-152.915	14	  46.065	  -2.068	  69.424
27	-151.374	15	  68.916	   0.431	  68.091
28	-150.275	14	  43.347	  13.212	  71.210
29	-149.565	15	  69.526	  18.564	  70.644
30	-147.364	15	  57.217	  12.662	  55.025
31	-144.977	14	  33.457	  -5.374	  68.435
32	-127.994	13	  40.627	   2.380	  54.704
33	-127.783	12	  47.481	   4.709	  82.775
34	-114.911	11	  21.211	   0.862	  53.280
35	-107.345	10	  62.336	   6.451	  62.551
36	 -90.605	9	  10.454	  11.040	  84.497
37	 -80.114	8	  72.866	  -4.415	  75.053
38	 -78.568	8	  47.207	  17.979	  60.012
39	 -71.784	7	  66.433	  22.394	  62.327
40	 -70.930	7	  70.619	  -2.857	  89.049
41	 -61.438	6	  74.614	   0.095	  82.803
42	 -60.429	6	  23.121	   8.124	  85.062
43	 -57.228	5	  56.554	  20.823	  73.968
44	 -53.581	5	   9.545	   3.058	  61.576
45	 -50.164	5	  73.906	  13.440	  61.915
46	 -47.602	5	  21.321	  -0.311	  85.890
47	 -39.308	4	  15.202	 -11.352	  63.845
48	 -37.419	4	  54.679	  -7.903	  69.408
49	 -33.536	3	  14.520	 -11.254	  72.241
50	 -28.114	3	  29.459	  11.097	  57.265
51	 -21.214	2	  52.169	  20.097	  54.490
52	 -21.022	2	  34.638	  10.566	  75.446
53	  -9.052	1	  31.169	 -11.903	  52.915
