1	-1795.712	171	  -4.947	  74.391	   7.906
2	-988.280	90	  -2.813	  46.260	   6.223
3	-984.957	90	 -16.284	  77.906	  23.984
4	-952.972	87	   7.296	  59.986	  15.576
5	-944.856	77	  17.217	  60.380	  26.508
6	-909.107	84	   0.159	  68.091	  12.386
7	-901.724	77	  33.961	  73.706	  24.604
8	-901.398	77	  14.055	  57.490	   9.052
9	-875.473	75	 -23.327	  85.077	  20.911
10	-865.651	80	  -6.408	  94.300	  26.919
11	-824.610	71	 -24.049	 100.017	  34.645
12	-823.750	69	 -43.164	  63.241	  21.517
13	-817.448	70	  14.501	  36.673	   7.514
14	-796.786	67	  12.335	  66.370	  20.306
15	-796.421	82	  -4.605	  69.632	  17.618
16	-758.783	57	 -26.990	  71.287	  29.537
17	-718.904	69	 -37.507	  58.045	  11.703
18	-716.278	63	   9.972	  43.592	   7.286
19	-713.934	67	  -3.923	  66.849	  25.552
20	-708.566	61	  31.539	  57.390	  23.862
21	-683.295	47	 -36.072	  84.116	  33.750
22	-681.419	62	 -10.148	  75.134	  16.274
23	-653.399	46	  26.335	  48.668	  18.205
24	-652.571	57	 -19.504	  95.559	  30.056
25	-625.506	49	  24.396	  61.628	   1.144
26	-619.364	52	  -9.229	  51.379	  26.419
27	-597.495	51	 -40.228	  74.524	  31.120
28	-562.791	53	   7.379	  79.448	  30.872
29	-554.045	50	 -15.427	  98.105	  42.124
30	-547.180	50	  22.628	  91.844	  18.394
31	-544.968	52	 -17.790	  54.916	  19.425
32	-538.775	52	  27.167	  82.566	  22.573
33	-524.839	43	  17.722	  78.082	  24.828
34	-519.562	40	 -33.168	  87.662	  12.379
35	-504.399	45	 -29.785	 106.427	  12.365
36	-491.415	46	 -20.461	  68.019	  23.303
37	-472.102	45	   6.142	  32.487	  14.063
38	-471.671	42	  -0.767	  76.743	  37.380
39	-442.148	39	  20.481	  49.476	 -12.745
40	-435.783	41	  22.458	  42.767	  -4.461
41	-430.333	39	 -42.260	  98.795	  21.715
42	-390.685	34	 -24.338	  78.916	   1.916
43	-388.849	36	  42.537	  77.416	   6.623
44	-386.349	26	 -38.497	  93.669	  17.356
45	-385.450	34	  -2.588	  39.407	  13.150
46	-377.328	34	  -0.923	  68.739	  35.543
47	-376.607	36	   3.334	  92.699	  31.280
48	-361.913	24	  29.223	  54.385	   0.727
49	-361.770	32	   8.359	  31.863	  26.191
50	-349.471	32	 -12.170	  63.090	  22.136
51	-339.451	31	 -11.931	  45.245	  12.719
52	-338.478	32	  34.041	  59.094	  -5.929
53	-337.098	29	  -6.321	  93.458	  36.906
54	-329.292	31	 -44.973	  95.637	  33.002
55	-328.848	29	 -26.454	  95.353	  19.512
56	-324.142	29	 -29.280	  72.393	  41.103
57	-323.803	30	 -30.334	  57.687	  18.189
58	-323.634	28	  16.801	  51.546	   0.679
59	-314.269	30	 -43.428	  94.628	   9.060
60	-313.327	28	   5.765	  60.828	  25.342
61	-311.442	29	 -52.373	  74.015	   5.820
62	-308.879	25	 -23.551	  74.321	  21.387
63	-307.561	26	  15.948	  86.458	  28.709
64	-305.071	29	  35.971	  41.322	   9.378
65	-297.856	28	  -9.498	  67.254	  44.881
66	-295.308	26	 -17.210	  89.295	  51.428
67	-287.802	25	   6.220	  73.336	  26.213
68	-277.857	26	 -32.636	 105.342	  24.025
69	-272.343	25	 -19.826	  63.726	 -12.775
70	-271.343	26	 -33.258	  55.468	   3.637
71	-260.126	23	 -25.553	  51.255	  13.238
72	-250.512	16	 -24.675	  60.436	  14.075
73	-250.502	23	  27.968	  68.970	  -4.427
74	-245.784	21	  14.004	  76.356	   0.368
75	-244.299	21	 -28.869	  54.554	  -3.366
76	-243.115	24	  15.538	  69.365	   0.934
77	-235.992	22	  23.419	  29.620	   6.262
78	-233.030	20	 -14.588	  70.378	  30.713
79	-224.411	21	 -35.947	  92.367	  45.623
80	-215.748	21	 -31.998	 105.844	  39.815
81	-209.966	18	  -1.671	  92.040	  -1.524
82	-209.813	17	 -38.650	  87.501	   3.849
83	-208.754	19	  -7.702	  69.469	 -12.617
84	-208.164	18	  40.910	  56.800	  -0.686
85	-205.753	20	  -3.807	  37.087	  24.639
86	-205.471	18	  18.225	  51.818	  32.635
87	-204.370	20	 -13.771	  79.058	  54.423
88	-201.669	18	  10.733	  96.352	   1.257
89	-199.317	18	 -50.369	  92.419	  14.421
90	-198.647	19	 -27.813	  78.171	  50.001
91	-197.554	18	 -48.084	  65.069	   7.522
92	-194.840	19	  32.323	  81.531	   2.327
93	-193.208	19	  37.032	  47.539	   0.681
94	-189.968	19	  -1.466	  55.672	   5.274
95	-189.228	19	  -7.617	  88.845	  19.782
96	-185.820	17	  41.753	  58.080	  18.155
97	-183.280	18	 -41.942	  73.019	  -1.409
98	-180.517	16	  36.874	  82.251	  14.655
99	-177.249	17	  27.168	  34.618	  20.148
100	-174.824	16	 -22.200	  48.119	  -3.638
101	-174.804	17	 -46.963	  82.776	  31.755
102	-169.973	10	 -27.200	  73.621	  14.153
103	-166.450	16	 -24.252	  67.679	  36.503
104	-165.991	16	  -7.409	  46.199	  -5.822
105	-163.443	16	 -21.649	 101.549	  50.531
106	-163.126	16	 -47.066	  71.690	  29.740
107	-161.605	14	 -55.982	  83.755	  24.373
108	-157.090	15	  19.451	  97.370	  25.977
109	-152.560	15	  18.254	  86.400	   0.931
110	-152.298	15	  -1.921	  53.422	  37.198
111	-152.117	14	  13.643	 100.773	  18.882
112	-151.580	15	 -17.833	  71.566	  52.477
113	-148.431	14	  25.182	  58.454	 -15.052
114	-147.332	14	 -26.034	 110.896	  32.312
115	-147.114	14	 -52.782	  64.404	  15.373
116	-145.692	13	  -9.754	  90.419	  47.782
117	-145.680	10	  29.742	  47.832	   4.450
118	-144.423	9	  17.892	  70.052	  12.692
119	-137.970	14	   4.484	  37.070	  36.000
120	-137.107	14	 -33.285	  80.553	   0.413
121	-134.309	11	 -51.469	  78.018	  26.200
122	-133.129	12	 -27.935	  71.047	  -5.491
123	-133.102	13	 -32.444	  63.635	  28.394
124	-133.059	13	 -23.428	  83.927	   8.150
125	-130.825	13	 -14.044	  63.912	  34.236
126	-130.321	12	  43.328	  75.735	  20.292
127	-127.007	13	  30.271	  49.342	  -4.581
128	-116.815	11	  35.389	  50.457	  18.621
129	-116.124	11	   8.105	  42.982	  39.739
130	-113.793	11	 -37.646	  86.438	  41.147
131	-111.146	10	  27.844	  41.631	  21.672
132	-110.887	11	   4.672	  92.950	  -6.994
133	-108.840	11	  17.300	  99.436	  11.278
134	-108.767	11	  22.503	  76.505	  -0.991
135	-108.691	11	  -2.055	 103.245	  18.849
136	-104.002	10	  21.928	  43.591	  29.790
137	-103.593	10	  -5.171	  89.416	  11.776
138	-102.459	10	  -5.604	  61.111	 -14.571
139	-101.637	10	   9.772	  50.598	  38.290
140	 -96.262	9	  17.391	  28.119	  26.691
141	 -94.217	9	  -4.612	  59.229	  -0.461
142	 -92.680	9	 -14.457	  72.176	 -16.618
143	 -92.330	9	  -3.902	 100.174	   1.560
144	 -89.716	9	 -21.352	  84.647	  57.070
145	 -87.484	8	  46.566	  53.486	  12.588
146	 -86.853	9	 -53.240	  68.722	  23.354
147	 -85.230	8	   6.037	  60.773	  33.709
148	 -84.289	8	  14.677	  23.655	  14.029
149	 -83.972	8	 -50.475	  94.748	  24.033
150	 -83.798	8	  25.060	  73.161	  29.601
151	 -82.912	8	  17.421	  40.652	  34.871
152	 -82.249	8	  44.522	  64.995	   3.080
153	 -81.372	8	  43.560	  67.003	  22.858
154	 -81.097	8	 -19.737	  46.391	  10.674
155	 -79.834	7	 -40.655	 107.768	  32.304
156	 -79.577	8	 -29.364	  92.090	   5.689
157	 -78.656	8	  -7.375	  59.896	  38.101
158	 -78.208	8	  -4.097	  85.042	  45.735
159	 -76.594	8	   2.127	  77.035	   0.389
160	 -76.146	7	 -35.826	  99.543	   3.999
161	 -73.136	7	  18.280	  28.296	  -2.279
162	 -72.877	7	  31.153	  67.608	  29.818
163	 -72.448	7	  16.198	  36.125	  -2.331
164	 -70.858	7	   6.444	  65.018	   4.456
165	 -70.715	7	 -53.897	  83.873	  11.521
166	 -69.969	4	  -9.001	  56.888	  18.269
167	 -68.608	7	  19.297	  63.508	  -6.653
168	 -66.582	7	  -3.849	  67.985	  -0.545
169	 -59.774	6	 -23.751	  99.245	  10.185
170	 -59.239	6	  24.745	  87.797	   5.785
171	 -57.929	6	 -50.531	  74.562	  -0.994
172	 -53.420	5	 -34.547	  66.286	  -2.631
173	 -51.906	5	 -16.129	  83.287	  12.674
174	 -51.832	5	 -19.413	  67.916	  45.725
175	 -50.248	5	  14.195	  55.371	  -8.887
176	 -49.251	5	 -43.672	  64.062	   1.411
177	 -48.625	5	  -8.734	  68.075	 -21.203
178	 -48.007	5	 -26.897	  93.873	  54.579
179	 -46.953	5	 -12.976	  39.051	   1.807
180	 -46.246	5	  -0.937	  99.863	  -7.190
181	 -43.492	4	 -36.703	  91.487	  25.988
182	 -40.340	4	 -30.703	  45.828	   0.980
183	 -39.982	4	  29.105	  36.833	  -6.456
184	 -39.612	4	 -31.929	 103.285	  47.260
185	 -39.538	4	 -29.767	 104.043	   2.719
186	 -38.618	2	 -17.703	  58.684	  -4.994
187	 -38.013	4	 -47.190	  84.472	   0.749
188	 -36.052	4	  12.302	  83.014	  -2.988
189	 -34.112	3	  -0.703	  87.927	  35.888
190	 -30.673	3	  -0.368	  34.630	  31.006
191	 -30.541	3	 -16.384	  88.989	  19.006
192	 -29.820	3	  -8.735	  83.929	  52.698
193	 -29.515	3	  -7.833	  78.838	   1.629
194	 -29.267	3	  21.618	  24.602	  18.250
195	 -29.169	3	  -1.027	  76.605	  48.657
196	 -28.747	3	  48.295	  63.273	  17.340
197	 -28.730	3	  48.962	  60.950	  10.358
198	 -27.707	3	   7.622	  56.606	   4.679
199	 -27.662	3	   2.635	  47.615	   1.348
200	 -27.414	3	  11.634	  24.949	  20.680
201	 -22.318	2	  22.297	  58.281	  15.429
202	 -20.369	2	  37.739	  72.513	  -4.320
203	 -19.877	2	  15.372	  33.800	  36.450
204	 -18.727	2	  31.783	  32.281	   6.087
205	 -18.310	2	   5.297	 103.253	   7.409
206	 -17.149	1	   8.297	  94.281	  10.006
207	 -11.353	1	 -31.703	  79.281	  25.006
208	  -9.986	1	 -57.703	  93.281	  21.006
209	  -9.745	1	 -14.703	  51.281	 -11.994
210	  -9.622	1	  17.297	  49.281	 -19.994
211	  -9.606	1	  -0.703	 104.281	  30.006
212	  -9.518	1	  -9.703	  75.281	  -6.994
213	  -9.366	1	  25.297	  65.281	 -10.994
214	  -9.333	1	  30.297	  71.281	   7.006
215	  -9.265	1	   0.297	  84.281	  -2.994
216	  -9.230	1	  24.297	  57.281	  31.006
