1	-1562.221	145	  -7.904	  17.136	  25.512
2	-1058.180	99	 -11.733	  14.431	  32.012
3	-420.686	40	  -6.341	  34.117	  23.987
4	-379.526	36	 -25.973	  22.144	  31.796
5	-373.545	33	 -15.566	  12.845	   3.735
6	-368.586	34	 -10.522	  24.319	  14.194
7	-343.759	32	 -12.413	   5.021	  26.137
8	-281.246	25	  -3.204	  20.470	  51.984
9	-274.550	27	   1.819	  13.905	  29.547
10	-257.367	23	   1.876	  10.596	  41.154
11	-236.522	21	 -17.487	  21.311	  40.124
12	-218.540	19	 -19.769	  33.497	  18.715
13	-208.986	18	  -0.255	  30.600	  46.208
14	-203.256	18	 -10.302	   3.691	  14.239
15	-195.820	20	 -13.483	  24.499	  46.341
16	-192.127	16	 -25.874	  15.337	   8.977
17	-185.218	17	 -22.312	  11.303	  26.310
18	-179.091	17	   1.496	  24.937	  29.566
19	-168.186	14	 -30.883	  18.975	  17.891
20	-160.439	14	  -1.985	  36.745	  38.423
21	-160.234	16	 -18.857	   3.377	   8.557
22	-153.092	15	 -18.288	  38.051	  32.697
23	-145.466	15	 -23.452	  27.870	  11.211
24	-134.112	11	 -19.848	  30.806	  38.571
25	-131.189	13	 -12.746	  34.793	  43.670
26	-105.020	11	  -3.843	   3.670	  21.998
27	 -88.582	9	   6.667	  17.902	  45.242
28	 -75.849	7	   7.020	  26.045	  46.343
29	 -72.452	7	 -23.592	  36.145	  26.636
30	 -70.983	7	   1.504	  12.214	  51.376
31	 -65.740	7	   7.657	  22.974	  36.694
32	 -65.718	6	 -26.237	   6.719	   8.838
33	 -61.071	6	  -9.353	   4.980	   4.514
34	 -59.085	6	  -1.991	   5.342	  33.294
35	 -58.298	6	  -4.795	  12.709	   8.801
36	 -52.733	5	 -29.780	  12.448	  22.990
37	 -38.521	4	 -29.497	  29.909	  19.798
38	 -28.561	3	  -9.712	  12.603	  46.185
39	 -23.388	2	   3.721	  32.374	  32.812
40	 -21.076	2	 -14.228	  20.831	   6.812
41	 -19.340	2	 -25.881	   5.957	  18.340
42	 -18.552	2	  -4.288	  25.925	  18.295
43	 -18.299	2	 -10.724	  40.374	  34.300
44	  -9.962	1	  -0.771	  12.374	  18.812
45	  -8.955	1	 -27.771	  31.374	  32.812
