1	-1603.640	135	  21.839	   7.853	  16.347
2	-1349.198	115	  -1.833	  21.349	  14.576
3	-1312.973	116	  15.554	  10.321	   9.124
4	-895.999	75	  14.974	   0.886	  13.057
5	-747.758	65	   8.300	  24.011	  31.268
6	-732.909	67	  14.924	   7.136	 -15.651
7	-729.110	63	  28.216	  34.213	  28.560
8	-622.766	54	  37.317	  11.120	  12.302
9	-596.980	53	  20.292	  31.584	  45.307
10	-585.202	50	   2.866	   3.513	 -10.948
11	-577.363	49	   3.232	  -5.757	   9.503
12	-542.137	46	   8.746	  -1.882	  17.083
13	-540.512	40	  26.787	  23.281	  19.849
14	-540.073	50	  20.746	  17.426	  43.311
15	-485.167	36	  17.928	  28.953	  13.911
16	-473.073	44	  40.308	  20.659	  19.790
17	-470.560	42	  -9.972	  13.623	  22.665
18	-463.949	41	  15.044	  18.606	  35.194
19	-441.189	26	  31.004	   6.899	   0.297
20	-429.874	39	 -12.243	  31.141	  18.084
21	-413.360	37	  15.261	  24.454	  29.535
22	-409.367	38	   2.874	  32.377	  34.926
23	-409.329	36	  17.779	  18.540	  23.442
24	-380.158	34	  22.292	  32.326	  21.529
25	-374.231	35	  37.629	  21.273	   6.579
26	-373.720	31	  39.916	  25.768	  30.253
27	-370.164	31	  20.665	  16.975	 -12.607
28	-362.986	34	  -3.711	  20.691	  -1.897
29	-354.496	35	  11.476	  12.102	  26.910
30	-347.608	33	   1.527	  10.080	  22.546
31	-344.666	33	 -16.897	  23.012	  16.941
32	-342.085	33	  18.488	 -11.754	  -9.560
33	-332.916	31	  33.887	 -14.492	   4.774
34	-327.220	30	  29.631	  -2.128	 -11.592
35	-321.923	22	  10.286	  16.972	  16.418
36	-319.620	30	 -17.077	  29.867	  37.794
37	-308.624	29	  31.319	   9.293	  44.401
38	-302.704	29	  12.116	  36.434	  29.618
39	-302.289	25	  15.954	  23.738	  -9.656
40	-300.797	29	  -5.548	  17.485	  34.285
41	-298.263	26	  37.916	  23.972	  39.800
42	-293.256	28	  35.459	  -1.775	  12.566
43	-292.213	28	  -8.246	   2.421	   2.142
44	-291.851	24	  22.269	   8.328	  26.421
45	-283.394	25	  19.800	 -15.125	   5.467
46	-279.063	26	  -0.182	  12.426	  -9.331
47	-278.877	26	  20.859	  28.446	   6.695
48	-278.450	27	  25.297	 -14.673	  15.642
49	-264.594	21	   9.216	  30.678	   8.474
50	-263.442	25	  32.968	  29.090	  16.229
51	-258.071	25	  -7.191	  13.615	   9.340
52	-252.056	25	 -13.186	  18.206	  30.469
53	-247.419	25	  25.640	  18.267	  52.896
54	-244.447	24	   7.478	  -7.265	 -13.610
55	-224.057	22	 -18.962	  30.453	  25.394
56	-218.886	21	  30.320	  36.526	  42.495
57	-214.648	17	  37.859	   3.076	   1.787
58	-208.343	20	  26.288	  10.977	 -16.492
59	-188.845	16	  32.028	   5.425	  16.559
60	-183.957	17	  31.455	  22.880	   0.887
61	-180.363	17	   1.682	  22.165	  -6.710
62	-179.980	18	   6.542	 -12.977	  -3.746
63	-176.805	12	  -8.052	  32.732	  37.310
64	-173.619	17	  18.047	  -2.857	 -16.294
65	-172.424	17	  30.686	  18.916	 -10.284
66	-170.327	17	   3.098	  25.677	  45.860
67	-168.256	15	  38.495	  31.270	  45.118
68	-167.146	16	  10.349	  30.624	  35.219
69	-165.687	16	  -2.135	  -1.655	  -8.036
70	-162.605	16	  -5.609	  38.607	  20.186
71	-162.519	15	  40.158	  -7.052	   2.283
72	-161.992	16	  -4.128	  -4.502	   8.749
73	-159.077	15	  33.096	  12.514	  32.590
74	-151.374	15	 -13.839	  22.194	  41.947
75	-150.581	14	  -4.632	  40.941	  37.443
76	-147.287	14	  29.831	  -2.590	  20.798
77	-144.418	13	   7.279	  36.982	  21.669
78	-133.644	13	  19.699	   0.119	  22.370
79	-131.785	13	  25.688	  25.706	  -2.127
80	-131.426	13	  33.740	  12.439	  24.263
81	-127.008	12	  35.295	  35.020	  31.962
82	-126.691	12	  31.011	  28.851	  55.327
83	-122.124	12	  15.384	  -7.114	  20.828
84	-122.005	11	   3.299	  37.120	  14.141
85	-121.475	12	   5.158	  29.171	  -6.639
86	-116.570	11	   7.313	  16.779	  41.812
87	-105.637	11	 -12.726	  37.945	  42.368
88	-102.743	10	  37.074	 -11.147	  -5.936
89	 -95.825	10	  37.670	   2.528	  -7.812
90	 -94.081	9	  38.665	  30.413	  24.014
91	 -92.207	9	  13.238	  24.095	  47.474
92	 -92.111	9	 -14.750	  36.725	  31.154
93	 -87.057	9	  20.502	  26.042	  53.965
94	 -84.775	8	  38.471	  17.162	  29.135
95	 -83.042	8	   1.568	  35.513	   6.180
96	 -79.642	7	  21.829	  12.376	  34.824
97	 -78.041	8	  -9.208	  32.151	  48.497
98	 -73.952	7	  19.927	 -19.168	  -2.446
99	 -71.738	7	  26.523	  32.539	  14.131
100	 -69.627	6	   4.743	   2.665	   5.945
101	 -68.424	7	   1.950	  13.692	  33.977
102	 -68.280	7	  -2.099	  33.626	  44.723
103	 -64.979	7	   6.076	  41.531	  34.415
104	 -59.477	5	  -5.977	  21.239	  41.974
105	 -59.470	6	  -6.631	   2.970	  16.132
106	 -59.322	6	  -8.720	  11.678	  -4.866
107	 -59.249	6	  37.434	  15.099	  -4.900
108	 -58.999	6	  -1.517	  42.499	  26.374
109	 -57.953	6	   7.763	 -14.816	   4.384
110	 -57.537	5	   5.109	  12.210	 -18.136
111	 -55.501	6	  -6.731	  34.871	  11.614
112	 -50.718	5	  11.200	  34.120	  15.267
113	 -50.491	5	   5.921	   0.930	  22.976
114	 -49.989	5	  34.771	   9.609	 -10.210
115	 -49.835	5	  26.386	 -11.642	  -9.129
116	 -48.069	5	  22.821	  40.981	  35.580
117	 -46.716	5	  37.368	  12.925	  53.666
118	 -38.034	4	   9.712	  19.539	 -15.270
119	 -33.749	3	  39.800	  12.238	  44.950
120	 -29.594	2	  14.800	  19.539	  10.819
121	 -27.836	3	  -3.852	 -10.460	  -1.442
122	 -27.088	3	 -13.193	  15.869	  13.256
123	 -19.439	2	  16.663	  32.539	  -3.278
124	 -19.144	2	  13.742	 -12.917	  12.800
125	 -18.688	2	   9.312	   4.539	 -19.232
126	 -18.579	2	  28.308	  30.031	   6.748
127	 -18.498	1	  29.800	  -5.461	   9.256
128	 -12.637	1	  20.800	  19.539	   3.256
129	  -9.338	1	  33.800	  -9.461	  16.256
