1	-1199.951	95	  85.540	  15.200	  -3.246
2	-1108.594	89	 102.970	  45.445	   3.740
3	-1005.146	89	 113.539	  43.443	  -7.490
4	-964.112	82	  75.516	  11.522	   0.426
5	-925.586	80	  92.824	   7.820	   6.625
6	-896.809	79	  87.449	  40.193	  16.820
7	-843.972	71	 101.388	  56.058	  -0.305
8	-719.045	60	  73.971	  30.842	  14.133
9	-687.174	61	  86.325	   9.913	 -14.296
10	-669.112	61	 110.760	  23.869	  19.651
11	-647.933	56	  83.413	  47.435	 -13.912
12	-643.700	55	  84.737	  34.797	 -17.779
13	-617.601	56	 108.315	  19.271	 -19.246
14	-616.289	57	  94.455	  48.268	  12.987
15	-583.578	53	 103.555	  38.129	 -23.181
16	-569.184	51	  91.947	  18.123	  23.197
17	-560.621	53	  84.248	  30.847	  22.109
18	-545.587	48	 115.221	  16.714	 -10.526
19	-540.692	48	 113.503	  19.219	   0.110
20	-538.007	52	  77.651	  20.481	 -12.897
21	-536.793	47	 116.415	  19.056	  10.717
22	-535.550	47	 108.694	   5.384	   6.457
23	-530.278	46	  77.401	  57.915	   1.163
24	-525.934	45	 123.105	  30.622	  -6.758
25	-521.229	36	 108.526	  30.903	  -3.854
26	-517.696	47	  96.751	  19.931	 -20.552
27	-508.121	44	 108.023	  48.464	  13.404
28	-469.097	31	 101.209	  17.615	   3.901
29	-459.140	41	  81.723	  26.733	 -14.989
30	-452.813	40	  73.588	  47.022	  -1.292
31	-449.499	38	  90.720	  51.173	 -17.256
32	-434.617	37	  61.908	  31.181	  -1.361
33	-430.489	36	  74.483	  22.906	  17.404
34	-393.989	36	 105.001	  54.514	 -14.468
35	-393.796	35	 102.285	  -2.544	 -13.578
36	-384.839	34	 120.532	  27.866	   3.663
37	-382.142	35	 126.829	  40.084	  13.910
38	-352.830	33	  68.540	  39.169	   3.148
39	-344.626	30	 103.626	  32.203	  20.275
40	-342.189	30	  79.062	  10.252	  16.346
41	-339.225	33	  91.464	   5.622	  15.857
42	-331.570	28	 109.268	   8.977	  -4.543
43	-325.354	31	  80.795	  53.998	  14.363
44	-316.460	30	  67.948	   9.827	  13.445
45	-310.820	31	  77.532	  54.470	  -4.949
46	-288.639	27	 116.266	  24.145	 -12.907
47	-283.236	26	  60.358	  15.824	  -6.102
48	-278.172	26	 112.685	  30.850	 -22.553
49	-272.743	26	 110.359	  14.976	  13.496
50	-271.471	24	  69.264	  32.665	 -13.620
51	-268.642	25	 103.269	  14.062	  22.632
52	-267.489	25	  89.979	  67.117	   6.157
53	-265.276	25	 106.150	   6.028	  17.380
54	-265.223	26	  88.661	  -2.485	  -0.353
55	-264.759	26	  64.780	  30.679	   7.066
56	-258.029	25	 120.071	  51.477	   0.364
57	-239.445	22	  59.214	  24.693	   4.623
58	-233.751	23	  97.651	  63.125	 -14.363
59	-231.230	21	 121.842	  32.145	 -16.876
60	-230.547	22	  90.639	  42.160	 -23.395
61	-208.560	20	 114.482	  44.479	 -18.164
62	-204.386	18	  81.671	  63.950	  -4.215
63	-201.249	18	  87.933	  72.320	  -3.232
64	-198.356	18	  54.783	  15.157	   3.510
65	-192.203	19	 103.039	  65.640	  -8.755
66	-187.249	18	  97.636	   4.154	 -21.112
67	-185.767	18	 118.107	  40.700	  21.548
68	-180.737	13	 101.137	   8.882	   3.466
69	-167.733	17	 108.205	  42.492	  18.996
70	-167.354	16	  88.383	   0.330	 -15.009
71	-165.014	15	 115.035	  52.258	   6.242
72	-161.519	11	 116.303	  35.171	  -3.286
73	-156.216	15	 112.413	   6.768	 -18.189
74	-148.830	14	  69.437	   4.140	   5.472
75	-144.158	14	  76.005	  37.789	 -17.148
76	-143.061	14	  75.847	  43.603	  15.543
77	-138.240	13	 129.815	  35.359	   3.785
78	-129.444	12	 107.219	  -3.444	  -3.778
79	-126.017	13	 101.065	  -4.493	   8.327
80	-125.691	12	 111.289	   3.335	  -9.388
81	-122.690	12	 125.970	  28.906	   9.641
82	-119.210	12	  87.521	  20.083	 -23.005
83	-115.921	11	 123.986	  26.284	  17.576
84	-114.544	11	 102.027	  59.877	   7.695
85	-110.337	11	 100.408	  40.990	  22.936
86	-108.719	11	  63.305	  28.510	 -14.001
87	-108.622	11	  83.337	  70.620	 -11.954
88	-107.148	11	  60.100	   2.496	   1.543
89	-105.912	10	  90.605	  34.428	 -23.055
90	-104.551	10	  85.697	   2.185	  -5.849
91	 -96.657	9	 110.368	  48.460	  -2.927
92	 -96.546	10	  80.373	  19.525	  26.476
93	 -93.624	9	 117.526	  51.088	  14.170
94	 -90.331	9	 127.791	  42.726	  -8.267
95	 -89.805	9	 101.961	  73.797	 -10.976
96	 -88.455	9	 130.566	  52.237	   3.655
97	 -81.616	8	  58.400	  24.194	  -8.829
98	 -81.391	8	  96.422	  47.760	 -26.190
99	 -79.533	8	  94.318	 -11.927	  -3.942
100	 -79.469	8	  82.357	  64.310	   9.525
101	 -79.367	8	  65.257	  42.289	  -4.457
102	 -78.781	8	  95.608	  -5.124	 -14.729
103	 -77.444	8	  67.078	  15.406	 -13.945
104	 -76.881	8	 131.634	  40.079	  -1.081
105	 -75.236	8	 101.229	  72.928	  -0.669
106	 -75.006	7	  71.298	  53.186	   9.219
107	 -70.292	5	 102.139	  49.663	 -19.326
108	 -70.055	7	  67.105	   8.170	  -7.782
109	 -69.303	7	  94.476	  60.442	  14.652
110	 -62.411	6	  82.822	  57.862	 -12.635
111	 -61.722	6	  53.828	  19.403	  12.108
112	 -59.623	6	  61.850	   1.111	  10.212
113	 -58.401	6	  84.532	   8.764	  24.768
114	 -58.029	6	  92.599	  71.417	 -14.783
115	 -53.555	4	  87.024	  27.680	   7.353
116	 -51.239	5	  76.526	   9.981	  -6.328
117	 -49.292	5	 129.960	  46.005	  12.428
118	 -49.021	5	 106.929	  48.864	 -25.140
119	 -48.282	4	  96.158	  28.954	 -25.945
120	 -45.035	4	  96.386	  29.208	  26.055
121	 -41.161	4	  57.903	  12.489	  15.291
122	 -40.286	4	 120.375	  32.447	  24.055
123	 -39.926	4	  61.652	  36.170	  -8.950
124	 -38.728	4	  90.643	  60.243	 -17.681
125	 -35.227	2	  90.139	  20.450	   9.648
126	 -32.140	2	 109.139	  37.450	   1.665
127	 -30.119	3	  66.726	  18.432	  18.000
128	 -28.852	2	  92.609	  37.980	  -7.475
129	 -20.122	2	 101.606	  -9.550	 -10.945
130	 -20.076	2	 105.139	   6.952	 -23.945
131	 -19.523	2	  80.707	   5.496	   7.487
132	 -19.222	2	  93.611	  -6.078	   7.527
133	 -18.673	2	  72.652	  49.963	  -8.945
134	 -14.641	1	  91.139	  32.450	   0.055
135	 -13.590	1	 101.139	  38.450	  -9.945
136	 -12.489	1	 100.139	  21.450	  23.055
137	 -10.196	1	  97.139	  37.450	  17.055
138	  -9.778	1	 105.139	  30.450	 -23.945
139	  -9.541	1	  99.139	  69.450	   6.055
140	  -9.391	1	  91.139	  31.450	 -11.945
141	  -9.336	1	  95.139	  13.450	  -1.945
