1	-785.517	72	  17.228	  37.094	   7.300
2	-648.606	51	   9.129	  37.706	  -1.138
3	-599.352	56	 -13.704	  50.635	  21.740
4	-598.113	44	   0.342	  40.588	   0.517
5	-588.928	45	 -10.643	  34.899	  -4.648
6	-571.205	55	  11.623	  32.501	  -6.857
7	-558.996	51	  -9.702	  33.664	   8.633
8	-555.537	53	  13.742	  49.239	 -21.283
9	-542.592	47	 -17.707	  36.826	  -6.450
10	-535.191	49	  -1.360	  58.238	  -2.231
11	-513.300	37	  -8.825	  38.088	   2.485
12	-504.428	37	   9.913	  35.665	   5.975
13	-426.420	39	  14.001	  52.787	  10.106
14	-410.790	37	 -14.202	  51.841	  -9.511
15	-383.337	37	 -17.648	  45.435	  -4.693
16	-365.688	34	   1.191	  59.694	   4.228
17	-357.856	34	   5.010	  25.005	   8.191
18	-334.086	32	 -14.520	  57.995	   3.714
19	-327.880	31	  14.047	  58.240	  -3.419
20	-315.940	29	   9.641	  30.169	 -20.817
21	-311.267	28	  -9.706	  31.455	  22.771
22	-302.035	30	  17.141	  47.079	   5.491
23	-280.128	28	  -3.669	  32.895	   1.524
24	-274.963	25	  -4.833	  25.077	  -5.989
25	-268.634	27	 -15.919	  30.283	  13.356
26	-261.231	25	 -10.279	  27.588	 -19.297
27	-247.867	24	   2.853	  33.441	  -0.098
28	-236.463	23	   6.221	  37.376	  26.348
29	-227.261	21	  -6.009	  35.109	 -24.495
30	-218.694	19	  -3.088	  56.614	  22.046
31	-218.010	15	   4.633	  37.528	  -9.956
32	-214.932	19	   2.696	  55.334	 -21.761
33	-208.895	18	  16.529	  39.021	 -17.286
34	-196.296	19	  11.435	  29.188	  21.181
35	-194.226	19	   2.872	  36.833	 -23.148
36	-188.310	16	 -16.056	  40.957	  17.549
37	-184.067	18	  16.124	  29.430	 -12.209
38	-179.868	18	  24.181	  41.487	  -8.960
39	-178.521	18	   5.400	  54.014	  24.194
40	-176.524	17	 -17.467	  55.584	  15.040
41	-171.997	17	 -23.740	  42.436	   8.667
42	-167.445	16	  -2.893	  38.049	  24.144
43	-151.561	15	   2.740	  59.296	  14.027
44	-146.575	14	   3.192	  23.348	 -19.122
45	-134.340	13	  -2.844	  24.740	  21.582
46	-130.589	12	  -2.885	  59.210	 -10.565
47	-127.939	12	   1.310	  42.800	 -27.577
48	-125.855	12	  -5.263	  19.556	  10.426
49	-125.329	12	  -1.687	  44.280	  28.806
50	-116.793	12	  18.940	  38.504	  17.261
51	-112.148	11	   5.595	  18.912	  -7.573
52	-105.894	10	 -13.097	  46.526	 -24.128
53	-105.382	7	  -4.176	  41.241	   9.365
54	-103.074	10	  -5.756	  55.079	 -20.423
55	 -94.901	10	 -19.154	  37.893	 -15.856
56	 -92.143	9	   8.012	  22.797	  19.530
57	 -74.037	7	  21.080	  29.024	  -0.109
58	 -73.289	7	  -2.233	  17.194	 -14.616
59	 -69.294	7	  -2.721	  51.425	 -27.208
60	 -68.733	7	  20.265	  52.874	 -13.109
61	 -63.061	6	  14.729	  57.328	 -15.367
62	 -58.221	6	   1.402	  19.056	  18.419
63	 -56.680	6	   5.369	  16.919	  12.477
64	 -55.497	6	 -25.992	  26.061	   7.706
65	 -52.824	5	 -20.737	  28.366	   1.811
66	 -51.518	5	 -11.623	  41.994	  30.179
67	 -51.433	5	  10.580	  48.628	  26.222
68	 -50.888	5	   3.880	  61.709	  -6.442
69	 -48.113	5	  27.806	  27.858	  -5.603
70	 -47.705	5	  19.063	  52.697	  18.503
71	 -47.658	5	 -13.973	  25.539	  -9.213
72	 -47.325	5	 -19.176	  51.882	 -17.550
73	 -40.566	4	  -8.720	  20.485	 -16.168
74	 -39.291	4	  15.050	  27.494	  12.093
75	 -39.168	4	   7.391	  47.167	 -30.141
76	 -30.998	3	 -15.572	  57.699	  -3.905
77	 -30.239	3	  -6.577	  51.946	  29.971
78	 -27.287	3	  -7.608	  59.709	  15.890
79	 -20.194	2	  12.540	  38.205	 -28.912
80	 -19.963	2	  14.036	  39.186	  26.584
81	 -19.764	2	 -27.037	  34.491	  -2.343
82	 -18.859	2	 -16.029	  36.676	 -24.383
83	 -18.842	2	  27.065	  35.621	   4.069
84	 -18.778	2	 -17.459	  41.739	  24.594
85	 -11.033	1	  13.036	  58.709	   5.584
86	 -10.380	1	   6.036	  58.709	 -14.416
87	 -10.092	1	 -21.964	  52.709	   7.584
88	  -9.078	1	  17.036	  43.709	 -24.416
