1	-1048.526	93	  27.737	  99.715	  63.983
2	-995.682	92	  22.248	  93.406	  52.854
3	-837.239	68	  25.099	  81.021	  31.638
4	-749.943	68	  32.669	  89.556	  34.594
5	-598.924	55	  27.416	  76.461	  39.835
6	-521.025	41	  20.876	  97.276	  59.219
7	-510.552	45	   5.035	  87.893	  64.210
8	-509.687	46	  19.312	  84.847	  81.369
9	-504.301	45	   5.894	 108.404	  62.291
10	-480.910	42	  25.872	  78.516	  53.459
11	-477.040	43	   4.646	  99.492	  39.674
12	-403.193	34	  12.978	 106.889	  48.200
13	-399.633	32	  17.881	  94.476	  46.926
14	-385.903	31	   9.815	  81.772	  61.967
15	-383.663	35	  14.385	 105.493	  79.518
16	-375.858	30	  18.679	  88.171	  27.256
17	-372.594	35	   9.246	 100.734	  31.056
18	-367.068	36	  34.133	  90.315	  76.332
19	-366.057	33	  24.593	  98.534	  48.696
20	-335.389	32	  22.928	  79.395	  73.851
21	-299.667	23	   5.307	  86.693	  55.964
22	-291.655	26	  16.105	 111.487	  64.376
23	-276.901	26	  16.605	 111.601	  71.730
24	-272.195	25	  34.278	  88.958	  65.445
25	-252.753	26	  18.647	  75.028	  60.860
26	-251.063	25	  21.676	  95.596	  24.001
27	-247.804	24	  31.046	 108.627	  41.067
28	-222.498	20	   3.405	  80.169	  51.040
29	-206.667	16	  13.873	  76.474	  46.649
30	-202.322	20	  32.562	 110.331	  68.689
31	-189.803	13	  12.586	  83.047	  54.205
32	-184.290	18	  12.242	  90.671	  84.397
33	-183.928	18	   6.675	  90.942	  31.895
34	-172.509	15	   1.534	  99.684	  52.133
35	-170.936	17	  36.070	  97.319	  46.107
36	-165.303	16	   4.543	  81.539	  34.389
37	-152.036	15	   6.718	  97.312	  81.636
38	-142.994	14	   3.115	 105.172	  46.228
39	-142.036	12	   2.274	  98.333	  69.395
40	-134.057	13	   2.929	  85.284	  71.908
41	-131.042	13	  32.828	  77.298	  68.895
42	-130.406	13	   6.033	 104.273	  77.155
43	-122.611	12	  -3.370	  86.359	  42.184
44	-120.958	12	  25.477	 107.621	  29.744
45	-120.003	12	  35.278	  79.199	  33.605
46	-115.635	12	  24.194	 113.094	  70.450
47	-114.103	11	   6.647	  77.051	  68.318
48	-113.210	10	  20.211	  95.358	  86.717
49	-103.275	10	  12.916	 111.869	  41.642
50	-102.677	10	  27.237	 106.550	  52.822
51	 -99.064	10	  17.126	 105.719	  25.883
52	 -87.816	8	  17.336	  70.720	  37.669
53	 -86.752	5	  12.990	  98.308	  37.268
54	 -77.980	8	  11.106	  72.673	  32.229
55	 -76.966	8	  30.790	  90.344	  85.394
56	 -76.631	8	  -1.525	  90.866	  52.055
57	 -74.124	7	  40.127	  96.824	  37.638
58	 -71.408	7	  21.198	  74.342	  42.966
59	 -69.928	7	  -0.750	 105.720	  57.621
60	 -69.296	7	  29.772	 106.420	  83.682
61	 -68.655	7	  -0.615	  78.256	  44.228
62	 -61.137	6	  18.857	  73.425	  28.232
63	 -60.094	6	  35.484	  82.331	  49.498
64	 -60.048	6	   0.035	  94.445	  63.153
65	 -59.167	6	  31.347	  98.302	  28.066
66	 -46.801	5	  11.418	  98.988	  22.648
67	 -46.785	5	  22.423	 109.826	  47.651
68	 -40.937	4	   8.014	  73.110	  44.642
69	 -40.592	4	  12.822	  77.824	  78.080
70	 -40.235	3	  10.437	  91.181	  46.265
71	 -39.560	4	  33.089	  78.106	  59.640
72	 -39.268	4	  10.319	 115.076	  66.355
73	 -39.121	4	  18.594	 112.322	  35.413
74	 -37.169	4	  38.579	 103.301	  76.083
75	 -36.981	4	  37.557	  87.316	  41.070
76	 -28.959	3	  36.802	 104.262	  33.571
77	 -28.896	3	  25.878	 111.919	  77.847
78	 -28.730	3	  35.758	 115.513	  78.847
79	 -28.098	3	  24.814	  69.151	  30.866
80	 -20.388	2	   9.327	 111.831	  52.854
81	 -20.186	1	   8.824	 102.824	  57.847
82	 -18.501	2	   6.811	  83.331	  85.847
83	  -8.954	1	  17.824	  92.824	  74.847
