1	-1284.011	98	 -38.209	  -5.912	  27.183
2	-1259.963	102	  20.282	 -13.537	  23.411
3	-1132.152	103	 -29.362	  -4.446	  14.355
4	-941.718	75	 -15.307	  -8.203	  27.473
5	-855.562	75	  18.471	 -10.920	  31.569
6	-824.287	63	 -25.578	  13.862	  17.640
7	-812.235	69	  26.387	   4.629	  48.620
8	-793.720	59	  18.538	  -2.977	  33.163
9	-767.586	58	  29.530	   9.250	  40.919
10	-757.894	61	 -54.283	   2.073	   3.780
11	-727.611	60	   5.883	  12.705	  28.807
12	-710.443	58	 -32.358	  12.063	  22.566
13	-647.864	54	  -6.530	  19.391	  36.610
14	-645.767	58	  11.987	  27.113	  33.630
15	-645.391	47	   5.518	  13.912	  35.592
16	-625.557	53	  19.647	  -1.041	  17.547
17	-586.443	56	 -17.540	 -17.638	  22.627
18	-585.985	51	  18.537	  -8.913	  15.732
19	-582.929	53	 -21.759	  10.691	   5.475
20	-578.861	41	 -25.580	  15.591	  10.043
21	-577.695	39	   7.685	 -11.109	  46.261
22	-529.473	49	  25.839	  19.053	  36.845
23	-521.196	50	  -7.091	 -12.994	  45.692
24	-520.534	35	 -23.342	  18.470	  35.869
25	-513.972	43	 -38.926	   9.149	  41.191
26	-493.077	46	  14.727	 -21.169	  27.524
27	-482.428	44	 -25.107	  -7.546	  23.970
28	-481.373	41	  46.441	  -5.271	  31.511
29	-481.312	41	  12.575	 -11.303	  52.734
30	-478.841	41	 -54.043	   8.560	   9.894
31	-449.103	36	 -42.214	  -0.226	  33.648
32	-438.544	31	 -19.343	  -7.344	  34.261
33	-429.603	35	  49.100	  -0.713	  24.211
34	-425.690	41	   7.759	  -4.831	  10.571
35	-425.117	36	 -22.712	  21.607	  16.945
36	-422.953	40	 -19.974	  26.311	  29.230
37	-395.499	36	 -13.177	  27.585	   5.229
38	-384.153	36	 -32.457	 -16.725	  21.793
39	-382.716	33	 -23.706	   2.474	   7.606
40	-381.719	35	 -23.851	 -20.891	  30.866
41	-380.613	36	  11.182	 -26.077	  15.936
42	-380.368	31	   6.113	  14.372	  11.042
43	-379.830	35	  -9.833	   4.712	   6.026
44	-368.369	34	 -30.647	   6.862	  51.242
45	-366.336	35	  33.270	   8.349	  15.516
46	-358.445	32	  19.077	 -10.783	  47.808
47	-357.248	34	   4.531	 -19.247	  41.444
48	-342.304	30	  19.991	  -1.121	  55.701
49	-342.207	33	   7.172	   7.036	  59.563
50	-334.116	31	 -41.651	   7.411	  33.518
51	-332.162	30	 -41.959	  -1.799	  45.917
52	-330.727	29	 -24.950	 -10.114	  46.888
53	-326.188	29	   6.688	  21.756	  23.117
54	-324.107	31	  18.359	   6.885	  20.182
55	-323.374	28	  -9.257	 -13.924	  10.866
56	-322.612	30	  24.811	  15.424	  47.322
57	-312.786	28	  21.874	  12.567	  57.992
58	-307.946	19	  -8.369	  -8.596	  37.730
59	-290.012	27	  17.059	  22.468	  43.983
60	-283.196	27	 -49.569	  -7.889	  18.096
61	-282.417	23	 -47.410	  -4.358	   0.316
62	-277.752	24	 -18.605	  19.595	  43.322
63	-271.579	24	   5.711	  19.430	  49.849
64	-266.389	24	 -15.757	  -5.604	  47.750
65	-250.189	22	  14.961	  10.446	  30.700
66	-243.195	22	 -10.230	  30.280	  29.537
67	-238.173	24	  -0.399	  29.444	  30.498
68	-238.152	23	  -9.467	  19.053	  44.084
69	-236.725	22	   0.205	 -31.566	  13.817
70	-232.123	23	 -50.036	  10.152	  -2.294
71	-230.632	21	 -20.995	  27.366	  10.810
72	-228.214	21	 -34.499	  18.053	  32.350
73	-226.923	21	  35.315	 -15.231	  11.814
74	-225.452	17	  22.688	  -6.278	  38.059
75	-211.649	20	  -2.227	  32.266	   5.871
76	-205.055	17	 -28.337	  21.431	  40.382
77	-196.645	19	  24.515	 -12.388	   8.763
78	-192.533	19	  -1.424	  23.568	  41.682
79	-189.446	13	 -28.454	   3.157	  24.880
80	-187.171	16	  -2.322	  14.811	  48.086
81	-186.514	19	  46.574	  -7.458	  17.611
82	-186.427	19	 -11.131	 -24.313	  34.454
83	-184.998	18	 -19.335	  29.794	  22.240
84	-176.021	17	 -15.847	  33.978	  15.173
85	-175.145	17	 -40.860	  -8.533	  38.356
86	-174.850	17	  -0.351	  -0.146	   7.426
87	-174.649	16	  -2.242	 -23.207	  38.268
88	-171.554	16	 -46.830	 -10.147	   6.579
89	-165.600	17	 -21.617	  -4.498	  10.370
90	-163.788	15	 -48.419	   1.312	  25.534
91	-162.632	16	   9.967	 -26.003	  32.583
92	-154.414	15	 -20.046	  13.635	  52.442
93	-150.079	13	 -34.493	  -6.416	   1.031
94	-147.126	14	  -1.288	  -2.436	  58.086
95	-146.044	13	  39.748	  10.504	  34.922
96	-145.051	13	  -1.779	  18.010	   4.367
97	-144.860	14	 -10.661	  10.620	  51.800
98	-142.895	14	  16.556	  19.372	  30.333
99	-141.867	14	 -25.283	  21.982	   1.621
100	-138.384	12	  44.168	   5.374	  18.509
101	-135.076	13	 -32.418	 -14.633	  36.282
102	-128.841	12	   0.830	 -17.689	   9.038
103	-123.939	13	  12.620	 -19.522	  41.680
104	-118.571	12	  -9.665	  -2.575	  53.577
105	-117.258	11	  37.294	  16.739	  26.925
106	-116.389	10	  22.638	   8.116	  26.519
107	-115.857	12	  32.002	 -11.364	  34.983
108	-113.642	10	 -35.719	  17.986	  -3.698
109	-112.906	12	 -34.641	  -6.300	   9.636
110	-110.766	11	  -2.615	  35.938	  18.718
111	-110.026	10	 -45.753	  -8.121	  28.061
112	-109.852	11	  -0.197	 -29.747	  34.827
113	-107.193	11	 -53.983	   3.176	  18.614
114	-101.424	10	 -40.093	   9.469	  -9.610
115	-100.448	10	  39.382	   6.595	  41.981
116	 -98.893	10	  40.342	  -7.023	   7.316
117	 -98.888	10	 -24.933	  12.525	  -2.384
118	 -95.143	8	   7.862	  -2.749	  59.498
119	 -95.036	9	  28.770	 -15.382	  28.053
120	 -94.165	9	 -47.379	  17.116	   6.563
121	 -92.961	9	 -15.367	 -16.334	  43.546
122	 -92.693	9	 -35.767	  16.944	  41.384
123	 -91.974	9	  11.951	  14.091	  20.982
124	 -91.703	8	  20.204	 -21.445	  13.086
125	 -90.193	9	  -5.615	 -33.267	  25.626
126	 -89.524	9	  43.446	 -13.790	  26.754
127	 -84.540	8	 -38.183	   7.913	  50.819
128	 -82.400	8	 -13.724	  37.152	   5.704
129	 -81.822	8	  -4.512	   5.517	  55.086
130	 -79.929	8	 -44.352	 -14.687	  17.071
131	 -78.215	8	   6.360	 -34.319	  25.815
132	 -77.085	8	  33.252	  -5.247	   4.613
133	 -76.680	6	   2.485	  -9.887	  52.458
134	 -74.299	7	  21.663	  -3.427	  10.242
135	 -74.090	7	 -41.919	  13.402	  19.094
136	 -73.633	7	 -17.284	 -11.218	  14.958
137	 -73.175	7	  13.085	 -31.133	  25.369
138	 -70.290	7	 -27.017	  17.472	  48.688
139	 -68.757	7	  24.961	 -18.242	  19.236
140	 -68.645	7	  15.322	  -7.407	  58.871
141	 -68.247	7	   4.749	  28.957	  22.126
142	 -67.520	7	  28.820	  14.031	  23.808
143	 -67.258	7	  36.416	 -16.682	  24.950
144	 -67.116	7	  14.115	  11.754	  62.499
145	 -62.478	6	 -36.123	  17.975	  12.726
146	 -59.248	6	  13.649	 -14.429	  12.985
147	 -58.981	6	  46.115	   4.363	  37.190
148	 -58.509	6	 -35.585	 -10.859	  51.591
149	 -57.363	6	 -16.060	   3.125	  53.086
150	 -57.227	6	 -24.265	   2.915	  -0.381
151	 -51.883	5	 -38.092	  -0.146	  -6.270
152	 -50.551	5	  36.831	  -6.082	  40.276
153	 -49.880	5	 -26.898	  -2.306	  52.852
154	 -48.514	5	  11.299	   7.659	   8.292
155	 -47.679	5	  44.719	  10.285	  26.115
156	 -47.305	5	  -5.276	  40.505	   8.671
157	 -47.176	5	  18.517	 -25.265	  21.290
158	 -46.030	5	 -24.115	   4.929	  53.086
159	 -43.404	4	  34.406	   0.736	  45.005
160	 -40.662	4	  16.550	   3.270	  63.086
161	 -39.881	4	 -12.172	 -26.152	  26.841
162	 -39.826	4	  11.822	  19.455	  14.200
163	 -38.057	4	 -15.428	  14.863	   3.846
164	 -37.952	4	 -31.396	   6.110	  -9.164
165	 -32.100	3	 -34.898	  -2.705	  54.086
166	 -30.897	3	 -27.578	  18.668	  -5.914
167	 -30.483	3	  -1.214	   7.947	   6.086
168	 -29.470	3	  -8.873	  22.317	   2.086
169	 -28.740	3	 -12.192	 -23.379	  10.435
170	 -28.449	2	  21.544	  13.317	  36.086
171	 -28.380	3	   1.760	 -38.683	  19.423
172	 -26.631	2	  -6.829	   2.783	  30.552
173	 -19.592	2	  36.102	  17.821	  36.086
174	 -19.400	2	 -47.406	  -5.650	  39.103
175	 -19.374	2	   6.560	 -22.711	   9.572
176	 -19.358	2	  22.572	  28.317	  35.616
177	 -18.960	2	  -0.853	  -8.160	   7.609
178	 -18.563	2	   5.102	  26.820	   5.583
179	 -18.536	2	 -45.898	  -6.202	  50.086
180	 -18.242	2	 -49.898	  10.809	  19.086
181	 -18.155	2	   4.594	  34.317	  14.086
182	 -17.543	1	   3.102	  -7.683	  19.086
183	 -13.927	1	 -20.898	   0.317	  27.086
184	 -13.116	1	 -14.898	   4.317	  22.086
185	 -11.564	1	  19.102	   6.317	  54.086
186	 -10.951	1	  -8.898	 -18.683	  22.086
187	 -10.120	1	  -7.898	   9.317	  15.086
188	  -9.907	1	 -33.898	 -19.683	  29.086
189	  -9.837	1	  30.102	  14.317	  54.086
190	  -9.400	1	  21.102	  25.317	  28.086
191	  -9.092	1	 -24.898	 -16.683	  43.086
