1	-1205.019	104	  38.542	   6.181	  33.827
2	-789.143	70	  18.714	  14.918	  28.577
3	-782.653	72	  50.665	  51.667	  43.032
4	-758.819	71	  49.239	  41.979	  50.027
5	-668.950	61	  40.139	  23.637	  40.994
6	-666.650	61	  31.814	  20.756	  34.142
7	-543.537	50	  30.274	  29.173	  44.861
8	-466.445	39	  27.954	  -4.992	  24.904
9	-455.155	42	  37.663	  47.396	  30.405
10	-407.518	36	  21.775	  -1.527	  24.769
11	-392.086	36	  45.738	  24.851	  46.927
12	-381.893	33	  57.245	  43.460	  47.871
13	-356.080	33	  38.394	  19.423	  28.791
14	-341.484	33	  40.763	  20.823	  21.879
15	-322.523	29	  29.491	  43.163	  44.042
16	-308.142	30	  47.949	  41.762	  24.805
17	-303.004	28	  16.829	   8.683	  16.859
18	-292.074	27	  24.039	  20.379	  39.347
19	-290.369	25	  54.737	  28.864	  27.589
20	-278.948	27	  12.061	  -4.043	  28.990
21	-246.311	23	  21.136	  -6.750	  37.962
22	-236.044	23	  40.427	  27.055	  32.695
23	-231.435	21	  28.461	  35.975	  55.083
24	-215.792	20	  23.561	  25.437	  25.217
25	-214.890	19	  33.291	  55.915	  40.134
26	-206.448	17	  35.129	  32.150	  12.839
27	-205.192	19	  47.726	  24.427	  38.651
28	-203.232	19	  16.649	  18.977	  14.250
29	-202.952	19	  34.966	  -3.057	  35.196
30	-193.243	20	  37.933	  23.773	  12.887
31	-192.543	17	  28.284	  24.199	  51.698
32	-190.293	16	  53.809	  44.933	  38.092
33	-188.959	18	  24.543	  11.295	  55.533
34	-184.417	18	  37.595	  -2.453	  42.230
35	-176.134	18	  61.126	  29.213	  37.400
36	-170.296	9	  38.099	  37.117	  36.416
37	-162.133	16	  38.465	   5.620	  52.017
38	-160.634	16	  41.842	  13.268	  46.878
39	-156.907	16	  31.733	  21.872	  58.889
40	-149.909	15	  33.319	  28.935	  28.767
41	-148.203	14	  23.204	  14.010	   7.979
42	-138.844	13	  44.682	   7.954	  18.126
43	-130.881	13	  32.268	  30.724	  37.179
44	-130.320	12	  15.529	   5.755	  45.036
45	-125.091	13	  33.460	   0.895	   8.889
46	-124.843	12	  10.675	   6.720	  26.465
47	-124.673	12	  53.449	  25.641	  46.436
48	-123.395	10	  62.692	  38.559	  41.188
49	-121.947	12	  42.893	  29.970	  55.427
50	-121.534	12	  29.239	  -1.221	  48.922
51	-117.710	12	  29.350	  34.143	  21.769
52	-115.584	12	  25.536	   1.570	   8.458
53	-115.463	11	  39.578	  19.293	  55.469
54	-112.359	11	  16.760	  17.504	  38.169
55	-111.216	11	  44.785	  50.357	  52.521
56	-108.502	10	  33.257	  -7.480	  15.594
57	-107.200	10	  58.038	  40.714	  32.843
58	-106.936	11	  29.662	  40.330	  37.355
59	 -94.255	8	  10.393	   9.896	  37.157
60	 -87.564	9	  44.663	  56.126	  28.502
61	 -82.562	8	  42.288	  -2.069	  15.942
62	 -81.895	8	  38.607	  -4.480	  26.340
63	 -80.124	8	  40.576	  61.994	  43.111
64	 -78.553	8	  31.072	  35.434	  62.740
65	 -68.502	7	  22.697	  28.525	  12.695
66	 -59.820	6	  23.808	  -5.774	  12.904
67	 -56.983	5	  35.945	  39.146	  19.068
68	 -55.202	5	  42.103	  61.415	  33.834
69	 -52.901	5	  57.469	  30.856	  55.262
70	 -52.702	5	  38.675	  42.015	  59.262
71	 -52.177	5	  20.153	  12.446	  48.254
72	 -51.721	5	  43.872	  37.850	  55.264
73	 -50.835	3	  32.788	  20.236	  44.237
74	 -49.354	5	  51.073	  34.270	  18.253
75	 -48.608	4	  50.114	  26.821	  21.785
76	 -48.584	5	  31.888	   6.022	  58.839
77	 -48.467	5	  33.824	   8.541	   8.075
78	 -47.735	5	  27.933	  -5.347	  43.675
79	 -44.934	4	  48.114	   2.788	  24.785
80	 -30.907	3	  27.061	  25.000	   6.556
81	 -30.565	3	  30.208	  43.532	  51.262
82	 -28.379	3	  40.082	  16.236	  12.230
83	 -21.165	2	  63.114	  36.764	  50.262
84	 -19.869	2	  27.114	  51.236	  42.751
85	 -19.326	2	  35.174	  49.296	  54.671
86	 -18.903	1	  46.114	  44.236	  36.262
87	 -18.862	2	  10.634	   0.756	  41.782
88	 -18.155	2	  43.103	  37.258	  15.767
89	  -9.823	1	  59.114	  22.236	  35.262
90	  -9.711	1	  47.114	  59.236	  48.262
91	  -9.132	1	  21.114	  20.236	  49.262
92	  -8.966	1	  38.114	  30.236	  61.262
