1	-2223.211	198	   7.063	  16.146	   8.623
2	-1950.635	174	  -3.650	  18.029	  12.073
3	-1866.637	157	   2.366	  -5.033	  30.677
4	-1766.300	154	   0.027	   4.117	  -2.071
5	-1661.467	152	  -9.459	 -15.669	  12.202
6	-1489.614	123	   3.005	 -16.305	  11.960
7	-1181.823	100	   0.053	   5.446	 -10.196
8	-1175.846	99	   0.036	   5.995	  27.865
9	-1171.019	97	  21.592	  -3.549	  31.288
10	-1136.302	95	   2.307	  10.922	  33.533
11	-1123.639	95	  -5.120	  -4.572	  -5.681
12	-1112.341	92	 -17.764	   5.546	  35.562
13	-1020.715	84	 -16.978	 -14.163	   8.111
14	-1004.289	83	 -23.962	   2.076	  -9.769
15	-1002.467	81	  16.524	  -3.693	 -13.483
16	-952.324	76	  16.839	  -4.471	  25.685
17	-898.531	73	  13.887	  -1.901	  -6.578
18	-897.545	82	  -5.733	  -5.643	   1.341
19	-867.196	71	 -14.893	   6.065	  28.661
20	-839.609	71	  -4.828	  -3.737	  14.320
21	-838.132	75	   1.692	  -6.069	  22.041
22	-808.343	72	   1.619	  13.080	 -15.311
23	-800.128	64	 -19.751	   2.815	  -2.459
24	-783.329	73	  -0.621	   4.811	  21.242
25	-779.116	62	  -6.429	 -11.007	 -11.788
26	-727.225	65	 -26.802	 -21.230	  31.360
27	-713.303	59	  31.842	 -21.413	   3.362
28	-668.924	56	   2.463	   3.181	  13.137
29	-666.395	54	 -35.328	  20.621	   9.500
30	-637.652	52	  38.880	   7.775	  10.981
31	-616.737	54	   2.495	 -21.005	  26.287
32	-569.853	46	   0.993	  -4.345	   8.295
33	-563.413	52	  -0.660	 -20.666	  15.287
34	-549.931	47	   4.552	  21.791	  -9.165
35	-545.450	48	 -21.244	  29.794	  -4.137
36	-542.260	48	  -4.333	  21.045	  22.683
37	-525.685	50	 -28.125	  -1.172	  18.971
38	-523.775	48	   4.737	  20.079	  37.803
39	-521.749	47	   9.186	  17.321	  -2.975
40	-510.559	47	 -30.450	 -12.339	  40.754
41	-500.645	47	  26.424	   0.845	  12.282
42	-498.421	47	  22.854	 -10.936	   5.337
43	-489.732	45	 -11.440	 -22.447	  -3.147
44	-462.686	43	  24.857	 -31.377	   2.285
45	-458.093	42	  22.944	 -25.541	 -14.790
46	-457.192	43	  36.051	  18.969	  12.921
47	-451.745	41	   2.975	 -12.722	  36.968
48	-444.742	38	  14.274	 -14.441	  13.210
49	-438.543	38	  42.745	  16.085	  24.138
50	-429.406	33	 -11.326	  -4.889	 -12.074
51	-426.610	39	  28.243	  22.532	  22.624
52	-422.292	40	 -36.182	 -19.422	  24.756
53	-419.779	39	 -26.612	  11.326	   9.694
54	-419.560	38	 -39.544	   6.567	 -12.326
55	-419.244	38	 -10.741	  28.548	 -15.510
56	-417.780	38	  18.126	   3.477	   3.971
57	-417.745	36	  33.157	  14.970	  30.497
58	-408.406	36	   0.846	  -4.651	 -16.828
59	-403.211	37	 -29.286	  24.358	 -11.505
60	-401.178	36	  30.033	 -30.087	  -8.878
61	-399.158	34	 -38.078	  -5.518	  21.601
62	-387.062	36	  19.382	  25.739	  33.609
63	-385.589	36	 -15.293	  17.480	  16.657
64	-378.155	34	  -4.548	   2.323	   7.075
65	-375.060	32	 -40.327	 -14.783	  36.146
66	-364.245	34	 -21.430	  -3.601	  10.238
67	-357.474	33	 -36.112	  28.814	  -4.361
68	-355.363	32	  -9.285	   3.035	 -16.107
69	-353.366	31	   8.735	   2.740	  38.172
70	-351.318	32	 -22.427	  -1.645	 -21.603
71	-343.005	30	  16.474	 -30.282	  -7.036
72	-342.528	27	 -19.179	  -3.839	  -5.875
73	-336.173	31	 -33.623	   7.348	  41.760
74	-325.538	29	  17.560	  10.816	   4.136
75	-320.440	28	 -17.045	   3.017	  13.024
76	-302.504	29	 -32.941	  -3.223	 -10.851
77	-298.518	27	  15.601	  -3.269	   9.271
78	-297.492	29	  28.282	 -12.593	  33.765
79	-296.784	27	  -3.992	  -4.684	  41.954
80	-293.363	29	  37.469	 -22.617	  -4.918
81	-291.983	26	 -18.093	 -15.115	  49.498
82	-286.217	26	 -17.768	  10.580	  16.901
83	-283.913	26	 -19.019	 -27.970	  20.452
84	-282.676	26	  10.360	 -24.857	 -23.886
85	-280.895	26	  13.252	 -18.735	  24.980
86	-278.385	27	 -14.857	 -23.107	  40.961
87	-277.434	25	 -29.103	  30.569	   6.697
88	-274.815	25	  41.669	   0.128	  21.851
89	-273.769	23	 -39.482	   1.200	  32.235
90	-273.493	26	 -21.790	  14.342	  37.673
91	-266.391	25	  13.737	  -3.575	 -27.427
92	-261.221	26	  24.263	   2.009	 -14.982
93	-260.873	25	  26.906	   2.393	 -30.931
94	-256.347	25	  32.647	  -6.265	 -15.588
95	-253.813	24	   4.219	 -29.720	 -15.742
96	-252.470	24	 -26.334	 -12.213	 -10.496
97	-246.454	23	  -2.797	   3.062	  39.955
98	-245.568	24	 -18.573	   4.359	 -23.121
99	-245.268	24	  38.279	  -5.491	  32.424
100	-241.935	22	 -12.218	   8.802	  47.137
101	-240.947	24	 -42.242	  22.777	   1.476
102	-239.586	24	  46.330	   7.137	  17.560
103	-231.751	23	  -7.794	 -19.039	 -16.192
104	-231.365	22	  10.987	  23.727	  34.945
105	-227.124	22	  22.067	  21.196	  44.223
106	-226.401	22	  19.297	  11.105	 -15.864
107	-224.462	21	  22.963	 -12.177	 -28.490
108	-223.131	21	 -26.356	 -15.379	  14.886
109	-221.463	21	 -19.505	  22.020	 -22.825
110	-221.197	21	  35.491	 -11.246	  45.647
111	-221.085	20	  -2.032	  31.981	  -0.030
112	-219.519	20	  11.571	  30.521	  18.882
113	-218.961	19	   1.390	  23.807	  26.380
114	-217.829	21	  20.835	 -20.008	 -22.751
115	-217.687	19	 -22.181	 -13.738	  -1.697
116	-215.008	21	  15.208	 -32.811	  -0.131
117	-214.648	22	  -1.334	 -17.745	  40.750
118	-214.407	18	  -8.639	  31.652	   7.342
119	-208.431	20	 -16.385	 -27.866	  33.185
120	-205.694	19	 -25.764	   1.357	  52.517
121	-204.367	21	  21.756	 -15.175	  43.909
122	-202.059	19	  22.338	  -2.572	  45.787
123	-201.012	19	   9.109	   3.243	 -22.161
124	-199.583	19	  13.419	  -7.578	  41.743
125	-199.037	20	  -2.809	 -24.680	 -12.625
126	-198.800	18	 -40.871	  13.735	  -1.261
127	-195.229	18	 -11.009	 -29.815	  24.991
128	-195.153	18	  -7.812	 -21.227	  38.473
129	-192.284	19	  -9.860	 -24.539	  49.995
130	-192.061	20	 -13.211	  18.419	  46.826
131	-190.265	18	  33.401	   1.978	  44.656
132	-188.590	16	  35.415	 -14.502	  -7.963
133	-186.119	18	 -32.815	  -2.863	 -27.593
134	-183.433	18	   5.765	 -15.782	 -25.990
135	-183.377	15	 -38.040	  -3.151	  39.715
136	-181.181	18	 -32.524	   9.801	  32.011
137	-180.457	18	  17.769	  -8.386	  17.011
138	-178.901	17	 -12.634	  19.677	  27.476
139	-178.081	16	  17.140	  12.078	  -6.787
140	-175.173	17	  35.123	  -7.588	  23.035
141	-173.685	17	  -0.692	  16.180	 -22.209
142	-173.285	16	  19.353	 -18.038	  34.488
143	-169.952	16	  15.863	 -22.455	  11.727
144	-169.601	17	  18.780	   9.945	  44.669
145	-168.228	17	 -20.653	  11.943	  55.620
146	-167.941	15	  -2.377	 -32.663	   1.309
147	-162.138	16	  -1.709	  29.092	 -11.384
148	-159.486	16	 -11.282	 -24.194	  12.486
149	-158.970	15	 -11.139	  -7.287	  49.804
150	-158.718	15	  -3.554	 -30.335	 -22.325
151	-158.701	16	 -29.810	  18.497	 -18.472
152	-157.081	12	  -3.979	   7.337	  33.481
153	-156.111	15	  18.475	  29.897	  25.342
154	-154.667	15	 -44.296	  -5.402	  31.238
155	-153.213	15	  -0.868	 -10.926	 -20.431
156	-153.141	15	  18.256	   7.025	 -26.240
157	-153.061	15	  -8.784	   8.659	 -20.171
158	-152.774	15	 -21.533	  31.978	   3.271
159	-151.326	15	  29.102	   1.324	 -20.831
160	-148.811	14	 -32.753	  10.253	 -23.848
161	-148.271	12	  16.302	  26.848	  10.920
162	-147.621	15	   1.373	  25.679	 -21.655
163	-147.030	14	   9.506	   9.205	  40.829
164	-146.851	14	  30.834	 -12.409	 -24.758
165	-146.224	14	 -27.615	  -6.668	  47.868
166	-145.342	13	  26.501	  14.621	  41.522
167	-142.693	14	 -37.875	   7.282	   4.852
168	-141.965	14	  30.334	  -9.751	  50.279
169	-141.321	14	  34.889	   9.018	  39.824
170	-141.294	14	  12.618	  18.665	 -13.011
171	-140.281	14	  33.550	  -7.569	  -3.150
172	-139.640	13	 -15.805	  13.072	 -24.363
173	-138.153	13	 -40.131	  17.233	  -9.649
174	-136.842	13	  24.764	  14.647	   7.948
175	-126.859	13	 -27.869	 -10.181	 -20.988
176	-126.506	12	 -16.648	 -17.991	   1.437
177	-124.626	12	  30.406	  23.013	  14.892
178	-121.559	12	   6.548	  -4.976	 -23.083
179	-121.092	11	   3.162	 -34.013	  -6.835
180	-118.111	11	  32.622	 -19.524	 -15.373
181	-114.686	11	 -14.148	  20.987	  35.693
182	-113.362	11	  -6.244	 -18.103	 -24.394
183	-112.787	11	  -2.741	  28.245	  12.370
184	-111.899	11	  -8.096	   1.823	  45.354
185	-111.174	11	   9.426	  30.554	  46.474
186	-110.905	11	  40.091	  14.873	  32.022
187	-108.785	7	  -0.851	  11.391	  14.683
188	-106.951	9	  42.230	   4.712	  28.919
189	-104.608	10	  14.643	   1.406	  42.807
190	-102.831	10	 -26.068	  16.051	  52.984
191	-102.738	10	  -6.418	  24.854	  32.961
192	-101.940	10	  10.092	  25.234	   6.931
193	-101.816	10	  -3.831	  11.785	  40.540
194	-100.625	10	 -19.661	 -20.004	  -7.622
195	-100.394	10	  35.324	 -33.414	  -0.336
196	 -99.558	10	 -26.718	  15.301	  43.549
197	 -98.541	10	 -20.741	  25.256	  11.161
198	 -91.723	9	   9.209	 -23.343	  31.913
199	 -90.024	9	 -24.145	  10.021	  27.033
200	 -87.924	7	  11.407	 -16.276	 -17.986
201	 -81.642	8	 -13.529	   0.768	  51.445
202	 -80.258	8	   1.087	 -29.360	  12.837
203	 -78.705	8	 -41.445	   2.834	  24.273
204	 -78.292	8	   9.766	 -31.592	   6.243
205	 -77.676	8	 -38.302	   2.741	  -4.422
206	 -77.472	8	   8.366	  16.674	  45.747
207	 -76.506	8	 -45.359	 -13.740	  25.460
208	 -76.295	7	  25.949	  -8.743	  21.744
209	 -75.339	7	 -30.046	   0.384	   0.149
210	 -74.133	7	  -6.819	  25.491	 -27.242
211	 -71.726	7	  40.032	  -0.561	  39.403
212	 -70.384	7	  -1.477	 -14.007	  49.552
213	 -67.672	7	 -39.768	  32.882	   2.765
214	 -67.263	7	  48.336	  16.815	  17.620
215	 -62.437	6	  -9.051	  33.125	  -6.009
216	 -60.480	6	 -38.794	  13.741	 -19.627
217	 -60.381	6	  22.661	  23.199	  11.132
218	 -58.516	6	  29.518	  -4.933	 -29.812
219	 -58.322	4	  -6.205	 -11.504	   5.165
220	 -57.942	6	  37.587	  -3.936	  14.033
221	 -52.133	5	 -33.933	   1.044	  49.560
222	 -49.576	5	 -34.603	   5.369	  20.357
223	 -47.605	5	  21.403	  -3.270	 -33.430
224	 -41.836	4	   8.422	  30.650	  37.344
225	 -40.444	4	   0.978	  26.917	  43.348
226	 -39.853	4	  24.209	  -0.616	  -5.387
227	 -38.846	4	  17.724	  28.620	  41.328
228	 -38.332	4	 -20.807	 -20.865	  45.820
229	 -33.283	2	  22.688	  10.384	  36.344
230	 -30.476	3	 -39.126	   1.877	 -23.630
231	 -29.731	3	   5.222	 -36.278	   2.337
232	 -25.192	2	 -16.799	  -7.362	  41.762
233	 -20.795	2	  31.201	  -6.616	   3.810
234	 -20.163	2	   2.744	  27.384	  18.344
235	 -19.305	2	   2.201	 -20.616	  48.840
236	 -19.299	2	  20.699	  31.384	  16.842
237	 -18.526	2	 -29.295	  35.384	  -1.152
238	 -18.336	2	  34.201	  21.892	  27.836
239	 -12.144	1	 -20.799	  10.384	  -9.656
240	 -10.736	1	 -19.799	  15.384	 -15.656
241	 -10.698	1	 -19.799	 -13.616	 -20.656
242	 -10.306	1	  -2.799	 -28.616	  46.344
243	 -10.062	1	  -2.799	 -26.616	  21.344
244	  -9.613	1	  23.201	 -35.616	  -4.656
245	  -9.546	1	 -11.799	  36.384	   0.344
246	  -9.414	1	  10.201	  11.384	 -24.656
247	  -9.208	1	  27.201	   8.384	 -25.656
