1	-1220.893	98	  15.101	  64.670	 -15.158
2	-876.396	70	  24.098	  74.194	   7.564
3	-860.215	78	  23.374	  40.140	  -0.351
4	-825.854	67	  26.440	  56.660	  23.494
5	-810.102	65	  23.575	  61.666	  28.461
6	-796.008	73	  14.926	  80.737	  17.640
7	-719.427	61	  11.420	  70.938	  18.644
8	-699.231	64	   6.995	  50.152	  -0.939
9	-656.678	56	  29.033	  62.414	 -10.313
10	-645.729	50	  36.695	  49.544	  30.731
11	-643.254	57	  39.544	  46.237	   3.859
12	-637.252	57	  19.770	  80.596	  -4.432
13	-633.476	52	  33.196	  75.122	  32.141
14	-595.375	49	  41.192	  54.113	  -0.313
15	-525.904	48	  21.724	  65.640	  44.307
16	-525.471	48	   7.777	  69.719	  -6.059
17	-498.347	46	  28.883	  62.827	  43.426
18	-486.033	39	   5.471	  59.550	 -13.035
19	-473.915	43	  32.046	  71.480	   4.027
20	-468.112	43	  35.052	  60.427	  22.618
21	-447.694	41	  15.404	  45.866	  41.338
22	-440.751	40	   9.033	  68.479	  11.186
23	-435.605	41	  11.379	  78.126	  -5.584
24	-425.149	37	  40.635	  34.971	  12.046
25	-414.280	39	   4.035	  55.021	  45.138
26	-410.806	37	   3.146	  57.611	  25.810
27	-381.203	33	   4.044	  61.763	   2.964
28	-359.299	32	   8.441	  49.767	 -26.272
29	-354.208	30	  39.155	  73.889	   3.927
30	-350.869	32	  42.057	  36.464	  27.374
31	-350.079	29	   5.804	  53.553	  20.068
32	-346.271	24	  25.153	  42.411	  40.040
33	-344.649	29	  27.638	  48.360	 -20.664
34	-339.678	32	  -2.776	  61.237	  34.575
35	-333.306	30	  42.318	  61.013	  39.711
36	-329.299	32	   7.709	  40.806	   1.099
37	-326.221	28	  35.167	  47.220	  -4.371
38	-317.705	28	  33.681	  30.236	  34.577
39	-315.940	30	  24.786	  31.478	  40.259
40	-313.052	27	  32.805	  60.599	  31.858
41	-304.761	26	  34.605	  55.010	  -7.497
42	-303.949	25	  29.401	  38.435	   6.076
43	-301.000	30	  -4.749	  68.388	  50.559
44	-300.867	28	  20.548	  26.210	  17.336
45	-287.116	27	  31.062	  66.698	  27.003
46	-283.770	25	   8.847	  63.300	  52.337
47	-281.132	27	   5.084	  40.354	  33.404
48	-275.583	25	  23.243	  55.757	  41.193
49	-270.267	24	  30.559	  75.013	  -6.608
50	-264.753	25	  20.327	  26.612	  24.413
51	-261.665	25	  40.271	  69.117	  19.794
52	-259.657	23	  32.608	  76.154	  12.937
53	-259.089	24	   5.157	  77.754	  29.431
54	-246.495	23	  34.454	  45.826	 -15.590
55	-244.535	22	  20.697	  49.227	 -25.479
56	-237.353	21	   1.529	  52.002	  36.846
57	-237.133	21	  24.685	  82.713	  29.577
58	-234.603	22	  16.489	  90.939	  -5.444
59	-231.953	21	  49.658	  62.479	  14.528
60	-230.373	19	  25.090	  30.661	   9.584
61	-228.200	22	  10.876	  35.348	 -11.703
62	-218.795	21	   0.274	  77.340	   1.033
63	-218.550	21	  29.405	  82.914	  16.559
64	-215.444	20	   7.870	  41.404	 -17.334
65	-208.976	14	  15.143	  68.962	  33.594
66	-197.057	19	   6.060	  87.379	  -5.711
67	-195.348	19	   4.460	  44.934	  17.706
68	-189.046	19	   4.280	  77.765	  11.365
69	-184.429	18	  24.823	  64.805	 -19.875
70	-184.389	18	  42.729	  61.781	  -5.515
71	-182.146	17	  19.133	  73.114	  49.752
72	-178.539	17	  45.066	  75.073	  12.752
73	-171.463	17	  30.035	  49.655	  47.425
74	-171.256	17	  38.708	  50.599	  43.976
75	-170.486	15	  34.931	  76.647	  39.251
76	-160.116	15	   6.720	  35.226	  25.086
77	-157.526	16	  46.196	  35.885	  35.953
78	-154.620	15	  42.062	  73.159	  -3.615
79	-154.227	14	   3.620	  47.663	  25.541
80	-147.100	12	  -5.939	  72.086	  42.094
81	-146.840	14	  28.870	  78.797	   3.354
82	-146.048	13	  -3.696	  72.359	  34.944
83	-144.525	13	  45.411	  45.002	  24.853
84	-141.812	14	   4.395	  56.847	  10.663
85	-140.090	13	   4.217	  79.387	  49.306
86	-136.505	13	  13.959	  91.598	   8.647
87	-136.312	14	  13.895	  79.743	  48.473
88	-133.161	13	  27.550	  27.158	  28.766
89	-132.633	12	  40.717	  31.600	  19.925
90	-130.341	12	   2.772	  90.777	   3.545
91	-129.545	13	  14.807	  62.710	 -26.363
92	-121.134	12	  46.878	  41.536	  10.859
93	-120.418	12	  41.631	  51.238	  20.875
94	-118.915	11	  12.581	  35.137	   1.407
95	-112.991	11	  43.640	  69.960	  44.010
96	-110.111	11	  18.631	  38.039	 -20.607
97	-109.618	11	  49.540	  46.693	  15.267
98	-105.978	10	  20.706	  24.896	  36.521
99	-105.837	10	  32.699	  39.976	  47.879
100	-104.529	9	   4.575	  73.167	  55.788
101	 -98.764	10	  17.088	  75.978	 -12.697
102	 -92.708	8	  32.998	  27.561	  22.216
103	 -90.611	9	  48.872	  53.913	   2.086
104	 -89.893	9	   8.618	  36.118	  42.799
105	 -88.574	9	  -0.933	  67.142	  26.132
106	 -88.325	6	  19.361	  56.798	  -4.466
107	 -86.424	8	  -0.096	  81.226	  38.882
108	 -82.625	5	  15.553	  50.839	  33.201
109	 -81.018	8	  39.719	  58.692	  48.296
110	 -77.250	8	  53.127	  65.900	   4.115
111	 -77.085	7	  31.811	  84.492	  29.611
112	 -73.224	7	  -5.326	  54.538	  44.960
113	 -71.925	7	   1.128	  54.282	 -10.314
114	 -67.071	7	   7.656	  31.107	  10.342
115	 -65.909	7	  40.416	  40.900	  42.935
116	 -62.781	3	  42.788	  56.375	   7.795
117	 -62.024	6	  43.216	  58.374	  19.649
118	 -60.972	6	  14.556	  82.508	  30.129
119	 -52.162	5	  13.313	  22.198	  40.246
120	 -51.450	5	  43.326	  69.589	  35.470
121	 -50.052	5	   4.371	  92.138	  10.522
122	 -49.974	5	  34.759	  35.793	 -12.464
123	 -47.942	4	  21.199	  42.805	  27.106
124	 -47.755	5	  14.089	  28.292	   6.236
125	 -47.575	5	  26.193	  82.581	  39.070
126	 -46.859	5	  49.397	  72.584	   0.738
127	 -45.913	3	  19.630	  60.770	  21.106
128	 -42.942	4	  37.313	  76.125	  22.356
129	 -40.382	4	  12.928	  27.629	  47.594
130	 -39.846	4	   8.651	  30.889	  33.841
131	 -38.561	4	  29.667	  25.506	  13.209
132	 -38.350	4	  14.144	  27.143	  29.575
133	 -37.777	3	  27.151	  51.713	  30.106
134	 -37.757	4	  36.592	  68.637	  49.081
135	 -31.655	3	  29.104	  76.832	  44.820
136	 -30.040	3	  54.744	  57.733	   5.491
137	 -29.788	3	  10.041	  97.375	  -1.169
138	 -29.417	3	   2.727	  46.375	 -10.221
139	 -27.442	3	  -0.610	  52.045	 -20.222
140	 -27.033	2	  23.878	  74.375	  20.106
141	 -26.881	2	   7.742	  54.727	  30.754
142	 -25.904	2	  18.390	  55.375	   2.684
143	 -20.947	2	  -6.610	  80.375	  43.554
144	 -20.200	2	  36.390	  39.897	   4.106
145	 -19.161	2	  40.862	  29.375	  42.106
146	 -19.023	2	  11.919	  27.375	  18.106
147	 -18.527	2	  21.390	  33.375	 -15.407
148	 -18.287	2	  -1.610	  69.375	  -0.401
149	 -18.153	2	  27.390	  60.872	 -25.894
150	 -14.290	1	  34.390	  66.375	  13.106
151	 -12.224	1	  22.390	  87.375	   5.106
152	  -9.599	1	  44.390	  29.375	  33.106
153	  -9.498	1	  21.390	  37.375	   9.106
154	  -9.444	1	  16.390	  82.375	  40.106
155	  -9.210	1	  26.390	  71.375	 -12.894
156	  -9.065	1	  26.390	  34.375	  -8.894
157	  -8.997	1	   3.390	  58.375	 -24.894
158	  -8.927	1	  24.390	  62.375	  11.106
159	  -8.909	1	  -1.610	  58.375	  52.106
