1	-1766.711	150	   1.283	  49.368	  56.910
2	-1264.189	98	  24.581	  59.042	  57.364
3	-980.560	80	  -5.796	  30.835	  38.199
4	-912.709	76	   8.904	  49.323	  43.341
5	-873.747	79	  21.461	  70.095	  50.650
6	-859.780	69	  11.887	  39.014	  50.431
7	-842.007	69	   3.185	  30.646	  42.219
8	-794.444	71	  -4.161	  19.214	  47.096
9	-760.383	63	  21.796	  55.367	  48.676
10	-728.148	59	 -10.199	  26.633	  43.758
11	-622.933	54	 -21.922	  18.049	  32.585
12	-620.336	52	  19.860	  47.055	  49.082
13	-605.562	57	 -16.322	  33.733	  35.405
14	-572.582	50	  27.970	  58.743	  67.832
15	-572.436	47	   6.634	  38.637	  39.812
16	-559.447	52	   2.763	  30.387	  63.752
17	-558.069	53	   4.264	  65.278	  46.111
18	-549.117	49	  31.829	  64.092	  40.386
19	-515.315	44	  -2.426	  43.575	  59.516
20	-513.733	45	   6.468	  15.864	  37.190
21	-501.390	33	  26.405	  50.068	  59.002
22	-466.834	43	  22.309	  66.287	  69.627
23	-446.789	29	  -4.175	  37.404	  34.207
24	-408.416	39	  43.418	  71.051	  66.503
25	-402.922	38	  13.971	  33.137	  54.968
26	-397.761	37	   6.903	  24.038	  19.252
27	-364.652	34	  -4.824	  40.627	  66.978
28	-340.485	30	  10.547	  69.720	  69.154
29	-333.222	30	   4.192	  67.583	  64.456
30	-332.976	30	  -7.786	  60.203	  46.233
31	-332.954	31	   5.631	  37.583	  71.406
32	-332.397	29	  33.472	  72.680	  66.815
33	-332.195	30	   6.333	  20.870	  47.052
34	-331.441	31	 -14.539	  30.849	  58.912
35	-323.513	29	 -13.946	  49.621	  44.321
36	-323.313	30	  24.326	  69.313	  60.112
37	-322.543	31	  46.693	  49.195	  64.918
38	-309.210	31	  28.599	  42.469	  48.636
39	-308.998	30	 -10.128	  45.266	  27.244
40	-307.791	28	 -22.487	  30.095	  26.684
41	-307.484	29	 -15.700	  44.363	  51.312
42	-306.984	29	   0.529	  42.149	  19.877
43	-303.458	28	  -4.742	  60.308	  58.172
44	-302.579	28	  -2.393	  65.050	  50.635
45	-289.728	25	  34.096	  61.922	  73.608
46	-286.472	27	  21.152	  65.738	  42.540
47	-286.435	28	   8.056	  38.672	  31.652
48	-275.143	25	  13.410	  47.988	  72.026
49	-267.867	25	  41.809	  65.145	  41.131
50	-267.643	25	  44.932	  50.032	  45.498
51	-255.615	23	  43.457	  78.680	  57.886
52	-243.439	24	   5.803	  53.058	  35.691
53	-229.238	22	   4.593	  11.034	  28.802
54	-229.169	20	 -14.921	   6.028	  30.876
55	-221.926	21	  29.945	  38.555	  63.963
56	-210.269	19	 -11.766	  32.901	  15.146
57	-207.482	20	  25.293	  52.366	  41.727
58	-199.714	19	 -18.039	  14.365	  22.707
59	-196.087	13	   6.705	  45.180	  51.713
60	-176.807	15	 -13.498	  42.972	  34.652
61	-167.536	16	  40.652	  38.598	  59.790
62	-165.924	16	   6.937	  35.456	  17.766
63	-164.316	15	  40.994	  40.057	  50.349
64	-162.261	15	  10.557	  28.700	  38.448
65	-159.522	16	 -14.885	  24.820	  16.316
66	-142.150	14	  10.539	  57.117	  39.321
67	-140.018	14	  48.636	  47.258	  54.320
68	-139.434	14	   0.307	  60.894	  66.057
69	-139.194	13	   6.494	  52.701	  69.593
70	-138.115	13	  32.041	  44.870	  70.379
71	-130.429	13	  45.260	  63.737	  68.240
72	-130.189	13	  24.673	  45.957	  68.994
73	-127.355	13	  48.933	  67.600	  49.142
74	-127.288	13	  -5.626	   9.973	  21.656
75	-124.232	12	  50.550	  66.606	  58.152
76	-120.869	12	  10.994	  72.977	  56.844
77	-118.145	10	  -3.340	   9.246	  39.711
78	-113.659	11	  39.193	  56.183	  74.051
79	-111.455	11	  14.379	  38.618	  69.792
80	-109.753	11	   4.511	  23.583	  56.410
81	-103.069	10	  48.765	  57.097	  65.944
82	-102.178	10	 -12.726	  40.698	  61.250
83	-100.580	10	  37.177	  52.785	  36.529
84	-100.141	10	  12.455	  57.524	  72.605
85	 -92.899	9	  -1.195	  32.816	  12.458
86	 -92.196	9	  -0.870	  43.405	  72.727
87	 -89.729	9	  -8.353	  54.494	  38.320
88	 -87.352	9	  27.283	  34.057	  55.104
89	 -86.455	8	 -18.770	  32.982	  42.622
90	 -84.172	8	  -8.264	  22.582	  55.870
91	 -82.854	7	  32.733	  74.996	  46.487
92	 -79.370	8	 -22.106	  34.618	  50.097
93	 -78.331	7	  48.397	  59.064	  48.656
94	 -78.131	8	   3.437	  49.761	  27.006
95	 -74.239	7	  36.206	  83.682	  58.203
96	 -71.526	7	   0.871	  15.605	  19.140
97	 -68.198	7	  -8.945	  18.861	  14.464
98	 -68.169	7	 -15.121	  12.523	  42.141
99	 -66.505	7	  14.937	  21.998	  31.026
100	 -58.292	6	  29.673	  77.226	  58.706
101	 -50.559	5	  19.159	  73.808	  64.980
102	 -47.863	5	  11.338	  31.086	  28.364
103	 -43.210	4	  42.504	  45.544	  72.595
104	 -41.698	4	 -12.266	  53.537	  53.082
105	 -41.113	4	  52.518	  58.304	  56.856
106	 -40.994	4	   0.247	  25.028	  14.595
107	 -20.939	2	 -18.482	   5.789	  39.087
108	 -19.761	2	  33.998	  37.297	  56.075
109	 -19.507	2	  -6.948	  26.694	  63.595
110	 -19.094	2	  36.985	  43.808	  44.106
111	 -18.940	2	 -22.482	  26.777	  38.595
112	 -17.779	1	  27.518	  63.297	  49.595
113	 -13.519	1	  -1.482	  22.297	  39.595
114	 -11.818	1	  32.518	  56.297	  45.595
115	 -10.689	1	  -8.482	  46.297	  16.595
116	 -10.060	1	  30.518	  55.297	  34.595
117	  -9.956	1	  -4.482	  61.297	  37.595
118	  -9.753	1	 -15.482	  41.297	  16.595
119	  -8.919	1	  20.518	  36.297	  49.595
