1	-1165.313	95	  29.040	  13.417	  74.241
2	-1020.736	82	  16.824	 -11.856	  74.269
3	-912.786	71	  13.836	 -10.629	  -5.852
4	-883.626	64	  22.282	   0.055	  55.767
5	-874.796	61	  21.129	  -0.184	  12.919
6	-862.028	68	  28.372	  10.852	  -5.661
7	-809.506	72	  32.677	   1.374	  81.728
8	-779.587	71	  36.999	 -21.026	  75.025
9	-741.129	63	   2.564	  -1.676	  49.752
10	-721.463	64	  23.649	  -7.937	 -12.947
11	-714.075	61	  26.555	 -18.599	  18.978
12	-673.138	60	  18.485	   7.949	 -12.690
13	-666.633	58	  14.596	  18.681	  19.686
14	-662.943	59	  46.025	  -3.672	  -7.349
15	-651.916	58	  -4.091	   4.066	  -6.753
16	-620.931	58	  14.232	  22.252	  57.295
17	-606.583	55	  15.276	  -1.332	  81.816
18	-605.956	56	  44.472	   2.306	  11.599
19	-604.329	44	  18.763	  14.905	  11.271
20	-583.063	45	  36.774	   4.765	  56.801
21	-579.446	52	   7.988	  20.893	  75.860
22	-578.859	54	  32.901	   0.533	  30.849
23	-576.233	44	  12.794	  -1.364	  21.844
24	-575.080	51	  10.854	  18.968	  46.039
25	-559.403	40	   8.087	  -3.944	  57.831
26	-556.624	51	  24.111	  16.154	  51.406
27	-551.287	42	  19.379	   8.374	  46.685
28	-550.998	50	  -9.422	  -5.374	  66.724
29	-549.744	41	  24.365	  -8.085	  46.938
30	-547.603	42	  23.259	 -14.362	  11.103
31	-534.691	40	  29.396	   1.059	  21.669
32	-527.951	49	  30.564	 -21.319	  56.644
33	-527.629	43	  36.139	 -26.215	  20.202
34	-517.946	48	  32.773	 -18.058	  45.338
35	-515.013	48	  34.380	   8.562	  17.176
36	-514.435	46	   8.009	  -9.097	  16.913
37	-514.389	42	  41.593	   3.233	  48.900
38	-504.060	48	  18.776	 -34.655	  17.787
39	-501.787	43	  -7.023	  13.781	   8.868
40	-486.384	43	  47.998	 -18.490	  58.343
41	-468.363	43	   0.498	   0.707	  22.853
42	-467.473	43	  19.186	 -16.408	  52.778
43	-453.695	43	  52.763	  17.973	  51.028
44	-450.660	41	  16.746	  10.073	  38.455
45	-449.648	38	  48.866	 -14.172	   9.026
46	-446.055	42	   9.713	  -0.240	  30.357
47	-445.916	41	  26.300	 -10.333	  37.518
48	-444.031	39	  -3.077	  19.230	  60.290
49	-429.807	37	  51.586	  -1.766	  46.859
50	-422.889	39	  45.634	 -13.781	  78.203
51	-411.351	39	  -2.073	  -2.333	  12.348
52	-385.245	35	   4.022	  22.121	  66.679
53	-382.473	32	   5.901	  25.782	  20.415
54	-381.147	35	  24.261	  35.106	  15.600
55	-359.521	33	  48.720	  -7.381	   2.156
56	-353.034	31	  41.064	   0.632	  22.054
57	-350.065	31	  39.040	 -16.186	  83.556
58	-346.817	33	  10.333	  31.226	   4.595
59	-345.487	30	  -7.784	 -17.361	  53.842
60	-345.448	32	  -0.836	  19.794	  19.261
61	-343.069	32	  43.037	  10.896	  80.331
62	-340.172	32	  -6.441	  -0.361	  81.237
63	-338.213	31	   8.541	  26.938	 -11.775
64	-332.433	32	  32.385	 -28.100	 -10.712
65	-328.886	31	  41.873	 -21.396	  65.516
66	-327.007	30	  -0.433	  26.485	   0.500
67	-325.034	30	  20.518	 -22.926	 -12.449
68	-321.092	29	  43.720	 -14.172	 -10.203
69	-314.105	30	  41.659	 -27.232	   0.120
70	-311.684	28	  43.121	 -19.541	  19.086
71	-293.910	27	   3.045	  -9.770	  82.015
72	-291.134	25	  45.687	   5.552	   0.226
73	-286.147	26	  54.973	   0.986	  63.929
74	-283.566	26	  21.596	  22.719	 -12.538
75	-281.971	25	  31.735	 -30.749	   5.264
76	-279.787	27	  55.592	   8.705	  64.723
77	-279.186	26	  -3.820	  -5.245	   0.036
78	-274.915	24	  -0.501	  14.168	 -10.942
79	-272.983	26	   9.394	  17.976	  85.394
80	-270.486	24	   0.165	  14.708	  79.681
81	-269.954	25	  42.614	  -5.205	 -16.537
82	-260.659	22	  -5.721	   2.215	  49.716
83	-260.227	24	  17.194	  25.115	  68.817
84	-260.170	24	  49.151	 -10.530	  48.295
85	-259.989	24	  -4.981	  11.325	  50.483
86	-258.248	25	  55.896	  -9.127	  67.341
87	-254.397	23	  51.475	  -0.616	  81.551
88	-250.146	25	  30.381	   3.132	 -14.875
89	-246.309	23	  -0.916	   5.191	 -16.631
90	-238.371	22	  -6.679	   8.116	   1.778
91	-234.441	22	  28.944	  22.017	  60.268
92	-226.855	21	  28.374	 -23.920	  68.066
93	-223.658	21	  12.279	  -2.999	 -14.565
94	-223.029	20	  35.155	  11.759	  -5.801
95	-219.923	21	  23.687	  -9.354	  82.719
96	-218.216	21	   3.604	 -13.772	   7.272
97	-217.362	20	   6.710	 -11.560	  -6.190
98	-217.018	21	   1.992	  24.852	 -10.197
99	-213.730	21	  22.099	   9.855	  83.584
100	-210.527	19	  44.022	  -4.735	  24.673
101	-208.730	21	  53.859	  -6.384	  77.711
102	-204.466	19	  -7.872	  16.965	  -0.220
103	-204.003	18	   7.320	   8.266	  38.827
104	-203.790	19	  18.015	  24.105	  79.330
105	-201.051	19	  40.519	 -24.436	 -10.917
106	-197.631	19	  15.920	  26.711	  27.153
107	-195.269	18	  -5.364	  18.898	  69.046
108	-195.008	18	  27.282	 -33.132	  -0.809
109	-189.591	19	  37.923	  18.290	  67.409
110	-188.016	19	  29.122	  23.630	   1.322
111	-185.034	18	  37.156	 -14.556	 -17.318
112	-185.013	18	  48.202	   7.626	  40.317
113	-183.966	18	  -6.719	 -18.735	  64.680
114	-182.852	18	  29.257	 -27.455	  26.953
115	-179.778	16	  -2.357	  -4.923	 -10.920
116	-179.320	18	  59.864	  -7.559	  56.389
117	-178.815	17	  -4.842	  -6.859	  42.347
118	-176.587	17	 -11.792	 -11.082	  46.229
119	-175.563	17	  16.739	 -15.122	  24.268
120	-172.070	17	  25.932	  13.532	  24.651
121	-171.144	16	  38.900	  14.625	   4.673
122	-164.536	16	  10.228	 -10.105	  44.894
123	-164.484	16	  50.022	  20.025	  63.256
124	-160.516	15	  17.730	 -22.023	  63.389
125	-160.479	16	  26.810	  33.730	   4.844
126	-157.804	15	  35.332	  -8.865	  36.961
127	-157.771	15	  50.929	 -17.982	  67.306
128	-157.183	15	 -14.668	   9.774	  59.482
129	-157.177	16	  -7.345	   7.360	  79.839
130	-155.157	15	  27.992	 -34.703	  26.372
131	-153.265	15	  33.972	 -16.282	  23.262
132	-152.585	15	   6.031	 -17.224	  68.478
133	-152.166	15	  42.282	  -4.029	  44.422
134	-150.504	14	  26.901	 -14.097	 -16.988
135	-149.468	15	  16.378	  13.861	 -16.923
136	-145.920	14	  50.313	 -16.836	   0.749
137	-140.102	14	   0.115	  19.132	  52.206
138	-138.231	13	  15.993	  34.882	  24.975
139	-137.840	14	  12.113	 -22.280	   1.192
140	-137.523	13	  53.269	   4.985	  76.254
141	-136.451	12	  15.205	  33.077	  -0.727
142	-133.215	13	  15.808	 -33.528	   4.196
143	-130.498	12	  31.230	   9.854	  43.762
144	-125.651	13	   5.270	  -1.571	  87.242
145	-125.381	12	   4.851	  14.925	 -17.211
146	-120.198	11	  37.865	  14.358	  74.998
147	-118.323	12	  37.962	  13.697	  11.596
148	-116.662	11	  -2.842	  29.616	  10.741
149	-112.799	11	   7.007	   8.211	  29.993
150	-112.249	11	  -5.096	   1.532	   4.447
151	-111.896	11	   1.537	 -20.873	  57.536
152	-111.509	11	  47.556	 -28.368	   9.930
153	-106.727	11	  47.891	 -11.637	  17.159
154	-100.912	10	  20.572	 -17.759	  76.682
155	 -98.185	10	 -11.874	   7.082	  48.602
156	 -97.613	9	  26.894	  19.580	  -7.535
157	 -95.300	9	   7.386	 -13.325	  76.638
158	 -94.607	9	  56.237	  10.417	  42.571
159	 -94.437	10	  19.871	 -31.600	  -4.274
160	 -93.561	10	  44.918	   3.309	  86.261
161	 -93.415	9	 -11.274	   6.195	  68.904
162	 -93.134	9	  31.624	 -27.991	  44.898
163	 -92.528	8	  31.040	 -37.515	  17.560
164	 -88.602	9	  13.723	  26.537	  45.587
165	 -87.658	9	  31.370	  27.789	  12.146
166	 -86.007	8	  15.345	 -19.765	  -7.205
167	 -81.620	8	  21.687	 -37.739	   7.222
168	 -81.239	8	   1.070	 -17.553	  49.582
169	 -80.899	8	  45.483	  -8.077	  84.376
170	 -77.431	8	  39.765	 -34.298	  12.726
171	 -75.939	8	  14.212	 -27.016	  20.492
172	 -75.482	8	  -7.779	  -7.262	  77.904
173	 -73.997	7	  50.841	   3.748	  23.555
174	 -70.580	7	  43.155	  21.617	  55.484
175	 -70.351	7	  10.954	  38.023	  20.784
176	 -70.120	5	  -2.953	   6.732	  69.390
177	 -69.622	5	  29.303	 -22.447	   4.572
178	 -68.965	7	  56.648	  17.080	  59.871
179	 -68.378	6	  35.564	  -7.196	  27.846
180	 -68.089	7	   3.685	  34.400	  12.088
181	 -66.346	7	  -5.602	 -14.820	  73.217
182	 -65.632	7	  51.287	  15.795	  70.501
183	 -65.335	7	  40.106	  11.383	  43.561
184	 -64.644	6	   1.780	   9.554	  86.067
185	 -64.213	6	  21.000	  -0.108	 -14.739
186	 -62.727	6	  14.939	  30.350	  -8.739
187	 -62.190	6	  26.805	  10.873	  33.750
188	 -61.745	6	  -5.851	  11.863	  16.748
189	 -61.446	6	  -8.529	  -4.047	  22.614
190	 -59.013	6	  26.309	 -22.351	  80.557
191	 -58.816	6	  14.840	  21.899	 -18.566
192	 -58.487	6	  42.102	   7.360	 -12.959
193	 -57.569	6	  44.066	  18.681	  46.490
194	 -56.362	4	  15.710	 -11.257	  56.796
195	 -56.150	6	  22.647	  32.067	  -3.535
196	 -50.636	5	  12.594	 -21.194	  58.497
197	 -50.474	5	  44.651	 -19.196	  50.716
198	 -49.400	5	 -16.143	  -3.279	  58.284
199	 -49.348	5	  15.809	  13.801	  31.850
200	 -48.058	5	   7.204	  14.581	  25.872
201	 -45.840	5	  19.236	 -14.788	 -15.948
202	 -44.359	4	  -9.171	  12.656	  72.747
203	 -42.820	4	  24.230	   0.208	  83.261
204	 -41.923	4	  20.398	  37.900	   7.176
205	 -41.604	4	  11.377	 -28.405	  12.031
206	 -40.508	4	  18.058	 -12.262	  33.731
207	 -39.537	4	  10.070	  -6.536	  36.264
208	 -38.129	4	  26.847	 -22.780	 -18.739
209	 -37.944	4	  32.285	 -21.481	  86.531
210	 -36.610	4	 -17.911	   4.212	  55.028
211	 -31.006	3	   7.469	  31.208	  26.562
212	 -30.492	3	  -8.775	  26.261	   7.261
213	 -29.588	3	  60.829	   1.903	  55.892
214	 -29.529	3	   5.502	  27.510	  51.261
215	 -28.858	3	  35.874	   8.800	  83.989
216	 -28.508	2	  28.503	  12.208	  56.261
217	 -24.962	2	  46.641	   0.927	  62.714
218	 -24.663	2	  -2.029	  -0.889	  64.880
219	 -22.258	2	  18.829	 -14.874	  64.720
220	 -21.836	2	  14.480	  23.658	   4.261
221	 -19.709	2	 -19.171	  -4.792	  48.689
222	 -18.690	2	  37.348	  -7.311	  87.261
223	 -18.447	2	  11.338	  -7.809	  85.244
224	 -18.371	1	  28.829	  11.208	  12.261
225	 -18.321	2	  27.829	  28.253	  23.817
226	 -16.992	1	  37.829	  -8.792	  58.261
227	 -14.905	1	  13.829	 -10.792	  11.261
228	 -14.837	1	  22.829	  -0.792	  34.261
229	 -10.848	1	  55.829	   1.208	  41.261
230	 -10.289	1	   9.829	   8.208	  88.261
231	 -10.191	1	  38.829	   1.208	 -20.739
232	  -9.557	1	  21.829	 -30.792	  29.261
233	  -9.537	1	  62.829	   5.208	  43.261
234	  -9.420	1	  16.829	  17.208	  89.261
235	  -9.292	1	  52.829	  -3.792	  18.261
236	  -9.255	1	  30.829	  22.208	  52.261
237	  -9.246	1	 -12.171	  -0.792	  43.261
238	  -9.132	1	  39.829	 -26.792	  49.261
239	  -9.082	1	  24.829	  25.208	  67.261
240	  -9.043	1	  10.829	   7.208	 -18.739
241	  -9.024	1	  58.829	 -12.792	  51.261
242	  -8.981	1	 -11.171	   3.208	  18.261
243	  -8.912	1	  46.829	   2.208	 -17.739
