1	-1036.962	86	  -7.228	  24.493	  17.022
2	-1008.582	78	  27.022	  68.440	  21.743
3	-682.802	53	   2.092	  27.297	  21.623
4	-679.922	61	  18.352	  63.307	  15.889
5	-413.941	38	  16.519	   8.718	  15.297
6	-331.313	31	  15.732	  53.852	  25.989
7	-310.356	29	  14.881	  56.356	   4.436
8	-295.498	27	  46.738	  55.620	  14.736
9	-272.746	27	  15.044	  27.033	  17.904
10	-256.940	25	 -14.008	  13.936	  26.276
11	-250.332	24	   6.297	  33.652	   0.315
12	-250.151	24	  21.045	  16.438	   9.344
13	-249.953	25	  -0.124	  20.119	  -6.429
14	-243.395	24	  32.300	  80.902	  14.251
15	-236.755	23	  15.255	  69.517	   3.748
16	-234.378	22	  -1.494	  21.793	  32.625
17	-232.055	23	  40.364	  72.157	  19.731
18	-228.958	20	 -14.740	  18.056	   6.269
19	-223.422	21	  23.789	  45.851	  14.034
20	-208.764	21	  44.475	  72.677	  11.003
21	-198.475	18	  -4.446	  10.063	  30.691
22	-194.179	18	  -3.216	  33.714	   2.192
23	-188.986	16	   0.922	   5.712	  25.919
24	-181.046	18	 -11.389	  29.003	   2.570
25	-179.338	18	  18.721	  24.893	   8.603
26	-177.503	16	  21.890	  77.815	  11.022
27	-168.129	16	  -9.777	   6.012	  15.081
28	-166.901	16	  -1.745	  36.147	   9.406
29	-164.825	15	  32.820	  47.324	  24.712
30	-159.762	16	  17.636	  64.939	  24.043
31	-158.013	15	  31.768	  78.229	   2.785
32	-157.368	15	 -11.901	  21.232	  28.890
33	-155.545	14	  48.430	  65.834	  11.457
34	-145.667	14	  28.075	  63.955	  -6.102
35	-137.610	13	  -4.559	   8.450	  -2.805
36	-132.108	12	  20.342	  73.849	   0.847
37	-119.394	12	  -8.486	   4.353	  22.380
38	-117.167	12	 -11.313	  31.619	  17.388
39	-115.959	11	  25.137	  65.557	  31.137
40	-107.469	9	  40.976	  70.001	  -0.016
41	-105.953	11	  -2.728	   2.331	  10.354
42	 -96.817	9	  27.527	  56.875	  33.301
43	 -94.729	9	  14.616	  22.654	  -1.370
44	 -91.703	9	   7.269	  18.433	  33.033
45	 -90.607	9	  19.261	  19.444	  17.098
46	 -81.362	8	  30.450	  72.481	  -4.084
47	 -81.328	7	  40.993	  48.444	  20.655
48	 -80.229	8	  36.179	  61.348	  33.190
49	 -80.022	8	 -15.278	  16.564	  19.279
50	 -74.958	7	   7.125	   2.972	   8.613
51	 -73.812	7	  40.336	  48.490	   8.330
52	 -73.626	7	  26.208	  49.130	  -0.132
53	 -69.162	7	   4.705	  27.093	  -6.226
54	 -67.794	6	   8.985	   3.620	  21.015
55	 -67.599	7	 -12.901	  11.458	   2.679
56	 -65.673	7	  12.812	  36.521	   9.652
57	 -64.432	6	  25.552	  45.090	  24.802
58	 -59.388	6	  13.259	   9.330	  27.958
59	 -58.460	6	  18.066	  48.128	   8.612
60	 -57.478	6	  33.137	  45.407	   7.052
61	 -51.834	5	 -14.910	  10.399	  10.644
62	 -49.366	5	  15.903	  72.030	  23.662
63	 -47.111	5	  21.202	  80.241	  20.824
64	 -42.839	4	  38.778	  61.298	  -0.461
65	 -39.473	4	  44.496	  54.247	  26.864
66	 -39.100	4	  47.150	  63.032	  24.723
67	 -36.587	4	  16.835	  60.738	  -4.207
68	 -35.780	3	  42.835	  55.938	   4.383
69	 -35.238	3	  11.835	   9.390	   4.447
70	 -31.006	3	   5.145	   6.909	   0.728
71	 -28.508	3	   5.833	  37.241	  13.038
72	 -28.270	3	  18.238	  16.241	  24.960
73	 -27.721	3	  14.184	  69.892	  15.710
74	 -27.157	3	  -4.165	  39.911	  18.716
75	 -20.011	2	  36.364	  51.770	   0.038
76	 -18.614	2	  -7.654	  28.241	  -4.962
77	 -18.510	2	  -7.165	  32.749	  24.038
78	 -15.716	1	  38.835	  60.241	  13.038
79	 -10.152	1	 -11.165	  20.241	  -3.962
80	 -10.009	1	  21.835	  10.241	   4.038
81	  -9.602	1	   9.835	  14.241	  -1.962
82	  -9.547	1	  42.835	  80.241	   7.038
83	  -8.992	1	  20.835	  53.241	  33.038
