1	-787.024	66	  21.741	  17.802	   8.962
2	-700.657	58	  15.472	  -6.900	  31.295
3	-665.865	56	  40.110	  13.817	  19.049
4	-615.882	56	  11.388	 -22.170	  16.352
5	-581.506	45	  25.452	  -3.744	  15.108
6	-566.504	53	  25.798	  -3.782	  33.636
7	-563.207	51	  37.460	  14.935	  10.246
8	-480.743	44	  17.828	   5.177	  -5.136
9	-468.784	42	  16.252	 -32.444	  19.025
10	-437.523	37	  36.154	  -9.735	  16.916
11	-412.771	37	  10.224	  -6.418	   6.942
12	-386.599	36	  22.795	 -30.507	   9.437
13	-369.164	35	  36.932	   3.132	  -0.322
14	-351.868	33	  10.986	  14.434	  15.212
15	-348.749	30	   5.698	  -6.797	  16.788
16	-338.791	31	  23.693	  15.588	  26.567
17	-326.181	32	   6.737	  11.779	   5.987
18	-306.558	29	  45.713	  -5.850	  24.855
19	-289.979	26	  23.523	  -9.224	  11.330
20	-287.263	25	  10.700	   3.964	  25.710
21	-267.274	26	  33.225	 -19.562	  26.229
22	-262.749	24	   4.550	   4.489	  -4.287
23	-251.148	24	  38.560	 -11.703	  28.844
24	-232.676	23	  27.704	 -15.139	  37.873
25	-215.331	20	  11.847	  10.138	  -2.809
26	-213.723	19	  22.955	  11.706	  -6.901
27	-210.133	20	  48.696	   8.491	  24.656
28	-208.465	20	   0.556	  -1.371	   3.567
29	-208.045	19	  45.628	   4.884	   6.205
30	-207.118	19	  31.573	  20.246	  23.618
31	-205.328	19	  21.113	 -25.272	  38.914
32	-195.111	19	  29.831	 -33.043	  21.176
33	-190.254	18	  29.418	 -21.334	  11.192
34	-185.917	17	  45.517	  -3.032	   7.162
35	-180.241	15	  16.685	 -17.542	  12.216
36	-178.567	17	  12.859	 -28.422	   6.775
37	-171.776	17	   5.199	 -10.839	  24.616
38	-170.310	15	  24.171	 -32.948	  32.334
39	-141.242	14	   3.658	   6.222	  22.989
40	-137.039	13	  -1.471	   6.776	   7.318
41	-136.875	12	  12.835	  11.419	  21.554
42	-136.862	12	   9.049	 -15.956	  33.598
43	-133.355	13	  33.416	 -13.317	   7.878
44	-128.782	13	  29.648	 -26.899	  32.206
45	-119.944	12	  29.175	   4.727	  -7.948
46	-119.329	12	  43.619	  11.921	   3.069
47	-111.338	11	  26.925	  -1.557	   2.209
48	-110.116	11	   9.208	 -24.271	  31.272
49	-105.025	7	  31.714	  -0.904	  25.278
50	 -91.029	8	  29.821	  20.951	   3.384
51	 -90.408	9	  31.597	  16.086	  -2.202
52	 -86.054	6	  19.505	   4.587	  16.297
53	 -84.802	8	  33.432	   8.573	  37.331
54	 -79.193	8	  37.692	 -21.000	  -7.512
55	 -76.218	8	  17.592	  15.367	   0.259
56	 -63.136	6	  18.724	  10.523	  29.471
57	 -61.497	6	  34.792	  -6.982	   4.841
58	 -59.434	6	  15.885	  -3.409	   0.150
59	 -57.624	6	  27.589	  27.326	  16.192
60	 -56.926	6	  35.813	 -18.962	   1.807
61	 -52.015	5	  22.802	   3.100	  33.989
62	 -51.292	5	  24.988	 -16.131	   4.177
63	 -50.323	5	  49.726	   3.517	  16.972
64	 -48.238	5	  17.220	  21.246	  16.553
65	 -47.917	5	  16.191	 -33.335	  31.375
66	 -47.520	5	   2.789	 -19.529	  21.789
67	 -44.118	4	  40.703	  10.210	  33.535
68	 -43.470	4	   0.730	  11.097	  -5.011
69	 -42.136	4	  36.864	  -6.527	  37.202
70	 -40.499	3	  22.751	  -7.378	  22.230
71	 -40.226	4	   8.720	 -16.280	  11.189
72	 -39.854	4	   1.676	  -7.072	  10.510
73	 -38.268	4	  25.081	 -23.334	   4.048
74	 -37.272	4	  14.415	 -25.547	  39.746
75	 -32.620	3	  42.176	 -17.104	 -11.913
76	 -29.454	3	   0.884	  -1.158	  19.989
77	 -28.396	3	  45.805	  -7.172	  16.346
78	 -27.276	3	  38.531	 -14.137	  37.328
79	 -19.855	2	  20.688	 -13.137	  38.989
80	 -19.836	2	  21.686	  23.863	  23.989
81	 -18.935	2	  47.163	   1.380	  33.506
82	 -18.402	2	  39.690	   1.863	  36.989
83	  -9.120	1	  37.197	  26.863	  11.989
