1	-2322.292	209	  29.910	  34.943	  35.307
2	-1499.615	132	  44.892	  87.799	  77.807
3	-1357.448	115	  44.293	  81.321	  82.043
4	-1033.534	91	  25.945	  30.027	  43.480
5	-977.786	82	  40.659	  78.233	  89.217
6	-975.472	81	  19.208	  96.968	  84.511
7	-766.992	70	   5.704	  43.690	  58.376
8	-676.758	54	   6.957	  51.910	  39.369
9	-663.078	55	  19.405	  89.245	 102.549
10	-591.833	57	  32.605	  43.851	  29.610
11	-531.111	46	  35.063	  53.261	  48.585
12	-446.945	42	  31.944	  97.177	 100.565
13	-440.607	40	  24.457	  23.671	  31.539
14	-427.282	38	  28.266	 104.831	  91.234
15	-412.827	38	  35.909	  92.175	  65.345
16	-402.565	37	  21.480	  45.691	  21.134
17	-395.310	37	  34.904	  87.679	 105.377
18	-372.291	35	  20.343	  39.423	  60.785
19	-363.163	32	  16.252	  57.676	  48.731
20	-358.793	33	  40.797	  71.946	  75.239
21	-337.960	28	  46.734	 102.565	  92.232
22	-331.158	32	  14.624	  87.260	  81.452
23	-329.475	32	  54.229	  99.449	  97.039
24	-323.184	30	  19.089	  98.874	  95.925
25	-321.125	30	  17.792	  49.824	  56.085
26	-297.013	26	  27.809	 105.676	  79.299
27	-270.849	23	  14.212	  57.998	  35.706
28	-270.600	27	  47.451	  93.710	  71.806
29	-258.291	24	  41.234	  48.242	  29.748
30	-257.931	24	  56.300	  97.904	  75.227
31	-237.298	23	   4.612	  26.821	  48.260
32	-229.574	21	   0.918	  46.349	  43.870
33	-223.395	21	  41.178	  48.661	  54.680
34	-220.329	19	  41.209	  55.614	  42.307
35	-219.101	19	  53.564	 105.297	  86.512
36	-217.510	21	   9.318	  42.937	  24.141
37	-210.503	20	  39.769	  25.540	  46.875
38	-207.637	20	  55.112	  75.166	  92.036
39	-198.323	19	  25.567	  45.866	  59.319
40	-197.250	19	   0.582	  41.845	  36.062
41	-196.310	18	  45.576	  47.725	  39.550
42	-193.348	19	  52.029	  71.697	  76.324
43	-183.516	18	  42.487	  95.024	 105.894
44	-183.489	18	  18.650	  73.825	  92.480
45	-168.150	16	  34.405	  45.583	  64.175
46	-166.554	15	   7.479	  53.175	  52.200
47	-163.340	15	  24.033	  90.279	  67.895
48	-162.551	16	  14.103	  24.202	  52.379
49	-159.566	15	  59.363	  97.093	  84.667
50	-158.086	16	  37.392	 105.160	  68.860
51	-156.347	16	  46.279	  76.647	  70.856
52	-151.607	15	  56.566	  86.067	  76.037
53	-151.587	14	  41.920	  38.582	  31.668
54	-150.941	13	  51.101	 107.019	  75.195
55	-149.976	14	   2.745	  28.239	  39.438
56	-146.612	15	  42.579	  74.569	  97.014
57	-144.588	14	  26.834	  26.413	  52.646
58	-141.806	13	  47.439	  35.011	  42.004
59	-141.764	14	  21.600	  82.450	  70.459
60	-141.744	13	  44.576	 109.679	  84.391
61	-139.249	14	  37.206	  21.939	  30.894
62	-138.768	14	  16.077	  20.209	  34.496
63	-138.209	14	  23.951	  59.042	  26.711
64	-131.006	12	  61.854	  84.378	  86.469
65	-130.111	11	  37.127	  58.306	  31.762
66	-129.308	13	  30.728	  71.697	  96.734
67	-128.462	12	  -0.379	  34.567	  53.577
68	-122.515	12	  51.510	  75.238	 100.799
69	-122.377	12	  37.607	  73.179	  67.461
70	-119.919	12	  58.562	  87.813	  95.404
71	-117.967	12	  36.276	  25.732	  55.495
72	-113.413	10	  30.301	  29.771	  24.075
73	-112.703	11	  21.677	  26.135	  22.642
74	-111.665	11	  13.633	  79.813	  96.930
75	-109.181	11	  44.591	  37.688	  50.421
76	-108.087	10	  13.475	  43.254	  64.621
77	-107.442	11	   2.537	  44.262	  27.647
78	-106.927	10	  34.056	  66.683	  76.433
79	-104.583	10	  32.500	  61.179	  41.016
80	-101.111	10	  60.355	  75.520	  84.920
81	 -99.589	10	  26.983	  85.122	 109.769
82	 -99.489	10	  42.698	  69.604	  82.290
83	 -98.512	10	  25.508	  99.402	  65.673
84	 -98.069	10	  44.960	  25.719	  40.400
85	 -97.653	10	  40.389	  30.212	  65.317
86	 -93.649	9	   7.611	  30.557	  60.709
87	 -91.140	6	  18.753	  37.099	  52.927
88	 -87.961	8	  26.235	  70.023	  90.940
89	 -84.616	8	  14.111	  85.376	  92.227
90	 -84.141	6	  31.963	  84.787	  96.826
91	 -81.760	8	  18.787	  73.662	  79.125
92	 -79.813	8	  38.305	 107.294	  92.413
93	 -79.577	8	  58.049	  85.158	 107.104
94	 -74.542	7	  34.493	  77.398	 101.591
95	 -73.554	7	  11.973	  55.534	  22.768
96	 -70.921	7	  37.693	  29.513	  28.926
97	 -70.908	7	  31.044	  67.535	  83.255
98	 -70.722	7	  24.664	  61.497	  34.730
99	 -69.324	7	  12.346	  21.665	  44.341
100	 -68.519	7	  39.150	 101.988	  98.184
101	 -67.315	7	  16.591	  91.728	  70.386
102	 -66.594	7	  20.476	  77.958	 104.778
103	 -62.866	6	  52.826	  80.030	 111.384
104	 -61.806	6	  40.405	 108.547	  77.690
105	 -61.093	4	  35.876	  49.841	  38.784
106	 -58.820	6	  26.642	  59.599	  47.871
107	 -58.528	6	  25.816	  32.974	  62.913
108	 -58.116	6	  12.805	  27.116	  22.923
109	 -51.824	5	  20.762	  71.005	  85.451
110	 -51.040	3	  49.167	  99.604	  82.726
111	 -50.168	5	   5.016	  35.144	  28.639
112	 -50.126	5	   4.970	  25.582	  33.271
113	 -49.248	4	  50.677	  93.616	 110.288
114	 -48.244	5	  47.586	  85.777	 111.869
115	 -48.226	5	  -0.422	  39.381	  47.260
116	 -47.757	5	  13.980	  33.211	  63.263
117	 -45.801	5	  20.953	  63.196	  42.862
118	 -42.286	4	  46.381	  86.661	  65.638
119	 -42.156	4	  31.167	  38.912	  21.575
120	 -41.419	4	  34.701	 110.401	  86.570
121	 -40.862	4	  19.366	  28.926	  56.097
122	 -40.616	4	  31.319	  77.817	  64.693
123	 -39.740	4	  33.424	  35.409	  67.567
124	 -38.407	4	  25.931	  53.855	  54.325
125	 -37.658	4	  26.900	  93.160	 107.068
126	 -31.032	3	  44.459	  56.721	  35.075
127	 -29.630	3	  27.858	  70.755	  69.384
128	 -28.796	3	  42.500	  82.091	  60.075
129	 -28.394	3	  23.514	 106.422	  70.748
130	 -19.038	2	  26.666	  35.401	  15.075
131	 -18.987	2	  46.115	  31.875	  32.549
132	 -18.705	2	  38.167	  17.401	  38.567
133	 -17.964	1	  35.167	  34.401	  46.075
134	 -17.704	1	  44.167	  90.401	  89.075
135	 -15.175	1	  21.167	  34.401	  33.075
136	 -14.044	1	  49.167	  83.401	  91.075
137	  -9.511	1	  31.167	  26.401	  64.075
138	  -9.481	1	  17.167	  33.401	  18.075
139	  -9.006	1	   5.167	  38.401	  70.075
140	  -8.913	1	  56.167	  66.401	  86.075
141	  -8.904	1	  44.167	  41.401	  59.075
