1	-1111.490	94	  42.210	  18.975	  28.961
2	-809.436	73	  30.205	  15.411	  18.182
3	-675.854	56	  22.463	  39.079	  24.118
4	-666.713	55	  32.877	  22.161	  20.447
5	-494.847	43	  45.532	   3.958	  -0.237
6	-465.230	39	  25.979	  -2.750	   1.566
7	-463.058	41	  36.757	  -6.753	   0.490
8	-456.906	40	  15.265	  35.574	  12.972
9	-436.940	35	  26.850	   9.147	  33.628
10	-411.480	38	  37.298	  22.862	  42.716
11	-398.812	37	  30.088	  33.831	  14.064
12	-370.230	35	  17.744	  11.577	  14.755
13	-354.994	31	  52.134	   7.188	  15.601
14	-338.718	30	  15.124	  19.949	  18.296
15	-309.980	29	  45.545	  -8.836	   9.874
16	-308.920	28	  10.906	  30.798	  22.091
17	-289.002	25	  20.376	  -4.124	   8.833
18	-287.001	26	  27.373	  38.901	  34.607
19	-281.753	24	  32.395	   2.812	  33.113
20	-271.265	25	  32.647	  34.588	  41.859
21	-269.927	25	  24.536	  10.748	   5.312
22	-263.893	25	  31.123	  -8.573	  21.538
23	-238.664	23	  41.752	   8.031	  38.073
24	-237.158	23	  15.605	   8.279	  26.486
25	-223.096	20	  39.852	  -1.601	  -3.661
26	-221.315	21	  36.046	  18.056	   0.557
27	-214.062	20	  40.442	   7.268	  -7.474
28	-204.531	20	  28.713	   6.989	 -13.609
29	-204.427	19	  48.105	  11.071	   0.249
30	-188.014	18	  16.457	  25.648	  10.170
31	-181.919	17	  22.602	   9.834	  40.209
32	-171.395	16	  39.845	  31.260	  28.839
33	-164.045	13	  31.910	  15.237	   7.033
34	-162.220	15	  44.784	   0.376	  31.470
35	-157.404	14	  14.317	  22.832	  39.254
36	-151.067	12	  48.297	  16.049	   8.711
37	-148.159	14	  37.656	  -9.660	  14.795
38	-137.643	13	  42.817	  24.885	  33.728
39	-135.171	9	  29.623	  23.562	  26.967
40	-134.368	13	  20.030	  36.138	  43.207
41	-132.347	12	  11.283	  20.603	  29.128
42	-131.878	12	  29.520	  -2.144	  27.691
43	-130.553	13	  44.503	  15.862	  37.256
44	-129.186	13	  34.360	   9.626	  43.848
45	-128.042	13	  33.345	  37.368	  26.646
46	-125.889	13	  51.287	  -1.625	  22.006
47	-124.636	12	  14.611	  12.519	  39.312
48	-116.349	11	  53.540	   2.246	   6.894
49	-115.608	11	  37.877	  -6.725	  29.322
50	-113.338	11	  23.403	  11.177	  -5.867
51	 -98.199	10	  26.464	  15.823	  45.945
52	 -94.832	10	  27.011	  22.905	  10.970
53	 -93.132	5	  40.800	  10.759	   6.694
54	 -89.873	9	  49.197	  11.284	  25.962
55	 -86.733	9	  20.708	  -5.046	  17.697
56	 -81.308	8	  27.794	  -8.887	   6.139
57	 -81.223	8	  30.232	  18.311	  -9.127
58	 -76.978	8	  18.337	  -0.324	  24.813
59	 -72.707	5	  38.146	   4.998	  23.873
60	 -69.476	7	  26.132	  18.892	  -1.121
61	 -69.296	7	  17.792	  17.012	  44.881
62	 -65.600	6	  39.672	  25.990	  16.224
63	 -59.360	6	  14.845	  39.494	  27.401
64	 -58.911	6	  18.506	   5.970	   8.519
65	 -58.476	6	  45.992	  23.492	  21.570
66	 -49.619	5	  31.373	  25.784	  49.492
67	 -39.087	4	  44.932	  -5.963	  25.350
68	 -32.474	3	  14.701	  -0.680	  15.873
69	 -31.155	3	  39.282	  18.648	   8.873
70	 -30.988	3	  12.356	  33.066	  35.859
71	 -29.439	3	  24.602	  29.801	  49.873
72	 -29.136	3	  37.333	  32.997	  19.502
73	  -9.298	1	  23.992	  27.338	  31.873
74	  -8.919	1	  23.992	   1.338	  -5.127
