1	-1249.343	116	  11.342	  17.851	  14.687
2	-584.423	53	   9.626	  10.236	  10.148
3	-546.618	51	   9.759	  36.522	  -5.618
4	-538.180	48	  14.804	  22.718	  20.373
5	-525.988	49	  11.589	  24.930	  -0.559
6	-452.649	42	   2.485	  43.821	  -0.832
7	-396.817	35	  23.296	  16.954	  19.477
8	-377.251	34	   3.405	  45.565	  15.646
9	-365.979	31	  -5.505	  16.902	   6.576
10	-365.967	34	   0.636	   5.718	  15.647
11	-360.528	34	   4.717	  26.950	 -11.212
12	-345.532	33	   4.208	  31.651	  30.129
13	-308.300	29	  13.203	  29.103	  24.819
14	-297.796	27	  19.335	  18.120	  35.303
15	-283.746	28	   0.015	  21.180	  -8.746
16	-279.795	17	   8.837	  32.438	  12.828
17	-276.979	26	 -16.393	  26.621	   6.144
18	-267.846	25	   7.092	  11.990	   1.672
19	-239.657	22	  -6.308	  22.113	  23.653
20	-238.553	22	 -13.674	  29.353	  -3.252
21	-236.592	22	   2.984	  13.041	  29.488
22	-230.530	21	  -6.231	  35.274	  17.263
23	-222.735	21	  16.667	  43.949	  20.745
24	-221.382	19	  -6.294	  42.535	  12.363
25	-221.048	21	   4.289	   4.724	  27.886
26	-219.410	20	  19.329	  32.920	   3.969
27	-190.983	18	  21.337	  27.387	  24.435
28	-182.015	16	  -4.280	  13.540	  18.977
29	-162.300	15	  -5.215	  43.361	   3.611
30	-162.212	16	  -5.114	  33.762	  27.644
31	-148.970	15	 -11.635	  38.840	  -1.124
32	-144.882	15	  -6.536	  31.446	 -12.078
33	-140.578	13	   1.050	  36.805	 -12.702
34	-140.201	14	   9.494	  12.917	  33.055
35	-139.651	13	  -9.917	  20.148	  -0.061
36	-137.416	14	  13.365	  48.889	   7.201
37	-137.308	12	  -1.402	  39.695	  22.731
38	-134.189	13	   9.584	  47.335	  25.437
39	-117.641	11	  18.797	   0.274	  28.726
40	-102.731	10	   8.479	  24.884	  32.674
41	 -94.489	9	  -4.987	  39.540	  -5.927
42	 -91.171	9	  29.987	  23.969	  27.303
43	 -89.564	9	  16.456	  29.526	  13.853
44	 -86.320	9	 -10.743	  25.053	  15.651
45	 -72.955	7	  15.920	  45.035	  -1.058
46	 -71.942	7	 -14.042	  37.471	   5.699
47	 -71.750	7	  17.443	  39.057	  12.214
48	 -71.738	7	  10.171	  -5.364	  21.690
49	 -70.087	7	 -14.215	  32.410	  11.673
50	 -67.988	7	  17.603	  36.892	  -4.933
51	 -67.925	7	  18.066	   0.749	  15.411
52	 -60.127	6	  21.710	  27.832	  34.303
53	 -49.108	5	  20.827	   7.125	  23.066
54	 -38.511	4	   2.292	  -3.182	  18.569
55	 -32.585	3	   9.710	  -3.028	  30.716
56	 -32.423	3	  26.663	  14.323	  26.757
57	 -31.706	3	  14.040	  18.273	   6.377
58	 -29.360	3	  10.370	  39.000	  25.737
59	 -28.195	3	 -22.960	  25.988	  -0.589
60	 -27.293	3	   0.372	  12.663	  -1.936
61	 -20.272	2	  17.040	  52.323	  19.590
62	 -19.876	2	  -0.891	  21.858	  31.602
63	  -9.255	1	  17.040	  11.323	   9.067
64	  -9.156	1	   3.040	   4.323	   6.067
65	  -9.025	1	   2.040	  41.323	  31.067
