1	-1239.959	110	  38.766	  94.614	  36.612
2	-1188.956	110	  41.582	  77.746	  27.360
3	-1148.744	107	  38.774	  60.175	   0.696
4	-1013.390	77	  57.986	  62.339	  31.674
5	-999.835	93	  41.205	  78.003	   9.497
6	-983.150	76	  57.919	  93.264	   4.923
7	-963.171	85	  37.145	  55.592	   6.963
8	-907.867	81	  46.263	  37.676	 -12.019
9	-888.927	76	  37.045	  99.552	  30.293
10	-882.548	78	  46.180	 118.098	  48.433
11	-806.983	74	  57.990	  44.964	  26.889
12	-800.425	73	  52.630	  71.558	  24.208
13	-754.909	70	  53.635	  83.537	  11.294
14	-751.300	69	  57.672	 110.740	   9.449
15	-721.918	61	  48.243	  71.036	   9.377
16	-685.756	65	  44.027	  83.072	  40.846
17	-671.504	60	  55.316	  87.569	  21.624
18	-656.447	55	  41.400	  47.090	  15.069
19	-651.433	54	  41.451	 108.137	  21.547
20	-635.959	61	  43.941	  72.231	  -4.603
21	-621.953	44	  55.187	 102.898	  15.595
22	-615.928	42	  54.741	  53.244	  20.728
23	-583.262	50	  49.103	  76.799	   1.083
24	-580.699	49	  49.080	  78.707	  35.408
25	-580.219	47	  63.964	 110.735	  32.442
26	-579.725	56	  41.588	  82.780	  19.464
27	-575.367	50	  59.699	 111.258	  23.495
28	-570.593	47	  64.238	  44.649	   3.916
29	-558.877	38	  32.021	  66.422	  23.801
30	-556.320	47	  49.718	  45.029	  32.237
31	-556.070	45	  48.766	  85.495	  27.130
32	-553.225	48	  42.256	 109.757	   9.628
33	-550.688	52	  40.967	  72.741	  17.268
34	-549.840	48	  59.588	  44.223	  12.963
35	-549.277	48	  41.465	  45.917	  26.982
36	-541.998	34	  32.309	  88.747	  12.668
37	-520.156	44	  49.879	 110.291	   4.554
38	-518.065	46	  55.649	  67.592	  13.451
39	-514.091	49	  74.191	  44.038	  42.679
40	-502.188	47	  73.784	 111.903	  -6.185
41	-487.370	44	  30.634	  56.594	  16.279
42	-482.093	42	  57.483	  27.687	  -3.775
43	-465.966	41	  57.402	 127.778	  40.420
44	-463.862	42	  36.403	  52.121	  21.953
45	-455.238	43	  51.465	  76.851	  44.451
46	-451.875	42	  33.678	  80.627	  14.072
47	-448.589	40	  42.911	  92.979	  -6.855
48	-447.163	39	  36.845	  64.323	  -5.695
49	-438.480	40	  36.369	 103.738	  14.511
50	-436.861	36	  41.731	  59.100	 -18.697
51	-436.056	40	  39.360	  52.236	  41.659
52	-427.375	35	  41.776	  96.398	  55.285
53	-426.191	40	  51.469	  78.369	  -7.721
54	-417.767	39	  39.079	 103.082	  -5.099
55	-412.164	35	  60.582	  52.517	 -17.226
56	-409.232	36	  40.112	 107.351	  48.170
57	-408.079	36	  40.034	  48.095	 -11.628
58	-400.808	36	  43.123	  62.465	  43.445
59	-377.611	35	  63.487	  60.932	  46.036
60	-367.858	34	  71.964	  95.615	  19.358
61	-360.135	34	  63.233	  95.026	  -9.677
62	-358.793	33	  71.881	  59.830	  16.976
63	-349.663	30	  33.283	  73.783	  22.950
64	-347.531	32	  57.668	  90.987	  43.967
65	-347.310	33	  37.438	 113.168	  30.360
66	-343.788	31	  58.102	  64.150	  -7.804
67	-342.139	31	  48.463	 110.200	  -4.803
68	-342.111	32	  37.831	  42.237	   6.528
69	-334.048	33	  29.231	  99.657	  25.416
70	-328.227	28	  49.342	  51.516	 -20.535
71	-326.285	31	  57.681	  34.713	  11.213
72	-325.707	30	  48.831	  45.428	  41.552
73	-320.159	31	  34.377	  91.284	  43.648
74	-315.565	30	  57.650	 120.854	  25.374
75	-311.352	31	  60.392	 118.772	  48.988
76	-309.454	27	  47.490	  38.321	  15.587
77	-309.273	25	  65.713	  47.177	  47.778
78	-306.741	29	  71.639	 105.212	  19.710
79	-303.179	30	  60.735	  37.122	 -12.418
80	-296.998	26	  47.469	 117.322	  21.082
81	-292.826	24	  59.561	  84.864	  -3.221
82	-290.376	24	  49.244	 104.053	  56.848
83	-289.964	26	  53.915	  86.635	  33.770
84	-286.315	25	  30.764	  97.772	  18.503
85	-285.172	26	  63.297	  92.215	  25.970
86	-280.687	25	  67.007	  98.820	  44.791
87	-277.508	23	  59.617	  70.674	  39.834
88	-276.998	25	  67.367	  56.453	  -7.973
89	-274.277	24	  58.237	 101.878	  54.008
90	-257.851	23	  54.400	  68.821	   2.906
91	-255.458	24	  48.333	  53.886	  46.702
92	-254.425	23	  50.225	  25.445	  12.723
93	-253.609	24	  48.284	 102.050	 -10.104
94	-253.030	23	  50.505	 130.091	  23.930
95	-250.351	23	  71.030	  50.648	  16.535
96	-248.021	22	  63.563	  63.224	  10.578
97	-243.556	23	  78.241	 107.881	   8.263
98	-243.183	23	  72.342	  43.270	  21.008
99	-238.950	20	  60.518	  36.557	  -3.887
100	-238.700	20	  60.742	 118.678	  40.757
101	-230.967	22	  72.440	 112.922	  14.997
102	-223.115	22	  61.194	  71.525	  27.398
103	-213.175	19	  42.992	  32.084	   7.909
104	-211.757	19	  78.085	  47.075	  27.861
105	-208.491	21	  44.987	 110.983	  55.306
106	-203.027	18	  43.010	 123.422	  28.830
107	-195.758	16	  63.575	 109.115	 -10.763
108	-194.143	19	  29.086	 100.728	  -0.994
109	-191.117	18	  62.286	  59.969	   3.463
110	-187.674	18	  69.241	  89.025	   5.400
111	-186.775	19	  45.125	  44.585	 -18.703
112	-185.965	17	  56.441	  92.240	  -9.601
113	-178.968	18	  29.750	  70.137	  34.160
114	-176.692	16	  56.421	  63.162	  46.382
115	-176.407	15	  80.902	 100.031	   0.165
116	-171.528	15	  36.637	  49.238	  -1.734
117	-168.576	15	  81.079	  54.135	  36.264
118	-166.934	16	  29.542	  53.832	  38.700
119	-166.919	16	  29.586	  85.402	   2.802
120	-161.075	16	  30.288	  63.507	  40.033
121	-155.109	13	  64.554	 104.838	  53.528
122	-154.429	15	  77.026	  57.393	  44.674
123	-151.919	14	  25.923	  89.855	  17.455
124	-150.555	13	  36.540	 106.238	  38.000
125	-150.527	14	  64.163	 112.835	  12.424
126	-149.196	14	  64.866	  42.838	  23.775
127	-145.406	14	  55.365	 103.937	 -15.774
128	-145.245	14	  64.718	 122.143	  34.397
129	-145.183	14	  64.724	  33.407	   2.149
130	-141.761	14	  69.752	  66.576	  31.758
131	-141.716	13	  62.166	  95.571	  33.421
132	-140.842	14	  37.013	  46.009	  34.117
133	-138.001	13	  51.012	  27.859	 -11.253
134	-136.362	13	  27.239	  57.481	   8.762
135	-135.198	13	  76.515	  98.221	  -8.329
136	-133.493	12	  25.912	  65.636	  19.117
137	-132.046	13	  55.535	  51.746	  52.355
138	-131.769	13	  62.664	  37.959	  42.974
139	-126.891	13	  66.766	  88.773	  17.672
140	-121.061	11	  50.389	 127.569	  47.521
141	-120.632	12	  39.900	 111.191	   1.840
142	-116.183	11	  68.716	 101.090	  27.717
143	-115.103	11	  49.082	  20.485	  -0.908
144	-113.737	11	  31.196	  90.310	  -4.255
145	-112.710	11	  71.638	  90.249	  -4.584
146	-112.505	11	  72.134	  65.374	  40.987
147	-110.754	11	  57.625	 112.641	  57.344
148	-109.429	11	  27.286	  81.258	  30.191
149	-108.454	11	  57.212	  42.061	 -20.884
150	-105.825	10	  63.480	 117.241	  -6.934
151	-102.466	10	  51.041	  43.364	  22.777
152	 -98.221	9	  48.792	 135.304	  37.750
153	 -98.045	10	  46.046	  67.770	 -17.615
154	 -94.753	9	  67.971	  48.754	  -4.403
155	 -94.549	9	  68.882	  54.929	   8.919
156	 -93.773	9	  35.922	 116.475	  42.283
157	 -91.573	9	  51.526	 112.635	  13.856
158	 -91.515	8	  28.031	  74.877	   5.960
159	 -88.636	7	  57.201	 100.793	  -7.206
160	 -87.633	9	  66.287	  67.610	  18.843
161	 -86.507	9	  27.911	 102.101	  11.477
162	 -83.609	8	  35.996	  38.968	  -5.734
163	 -83.309	8	  73.680	  40.204	  29.617
164	 -81.032	8	  26.808	  69.648	  -2.078
165	 -77.478	8	  46.169	  86.961	  53.579
166	 -77.218	8	  69.324	 106.668	 -13.453
167	 -75.945	7	  67.850	 107.045	  41.023
168	 -74.526	6	  57.421	  55.259	  43.474
169	 -67.780	7	  38.426	  82.781	  -8.245
170	 -67.438	7	  40.339	  74.224	  45.573
171	 -66.314	6	  74.533	 114.975	   7.101
172	 -63.721	6	  43.315	  23.600	   2.791
173	 -60.411	6	  26.157	  86.204	  37.735
174	 -58.918	6	  32.951	 107.099	   1.790
175	 -58.621	6	  31.497	  96.942	  -8.231
176	 -56.243	6	  30.444	  59.940	  -3.876
177	 -49.234	5	  32.115	  59.149	  45.093
178	 -48.566	5	  54.456	  86.216	  50.089
179	 -44.909	4	  43.252	 131.808	  33.799
180	 -41.265	4	  66.126	  94.666	  50.946
181	 -41.048	4	  66.119	  60.891	 -14.391
182	 -39.369	4	  28.648	  52.821	  25.318
183	 -38.715	4	  39.457	  29.572	  -3.039
184	 -38.380	4	  23.715	  58.283	  21.786
185	 -38.373	4	  28.198	  83.073	  21.626
186	 -38.274	3	  49.070	 100.622	  18.665
187	 -31.528	3	  49.476	  93.774	  56.278
188	 -31.079	3	  54.748	  69.079	 -13.417
189	 -30.817	3	  50.391	  61.774	 -19.722
190	 -30.737	3	  77.457	  89.774	   2.331
191	 -29.493	3	  39.457	 125.697	  40.377
192	 -29.368	3	  23.777	  96.175	  14.598
193	 -29.208	3	  28.125	  72.401	  15.492
194	 -29.146	3	  65.735	  42.044	  -9.309
195	 -28.804	3	  79.457	  95.449	  14.941
196	 -28.454	3	  77.887	  61.344	  21.549
197	 -24.373	2	  45.457	 111.278	  41.774
198	 -19.777	2	  67.457	 110.256	  48.760
199	 -19.476	2	  34.986	  99.188	  47.392
200	 -18.915	2	  34.970	  56.313	 -10.774
201	 -18.785	2	  80.968	 110.218	   1.789
202	 -12.357	1	  52.457	 111.774	  21.278
203	 -10.385	1	  45.457	  44.774	  -5.722
204	 -10.372	1	  34.457	  80.774	  42.278
205	 -10.163	1	  52.457	  43.774	  15.278
206	  -9.662	1	  44.457	  77.774	  -9.722
207	  -9.558	1	  80.457	  42.774	  34.278
208	  -9.507	1	  34.457	  74.774	  -5.722
209	  -9.425	1	  47.457	  85.774	 -12.722
210	  -9.299	1	  68.457	 119.774	   6.278
211	  -9.244	1	  47.457	  69.774	  49.278
212	  -9.195	1	  58.457	  76.774	  -0.722
213	  -9.135	1	  58.457	  78.774	  37.278
