1	-1161.788	111	  35.158	  25.182	   8.776
2	-1125.880	104	 -19.984	  67.351	  17.510
3	-1057.191	99	  21.313	  19.387	  16.898
4	-965.431	92	  25.538	  25.857	  13.545
5	-953.795	90	 -17.461	  58.969	  12.439
6	-888.468	73	 -14.279	  44.813	  10.849
7	-805.342	76	  42.144	  78.907	  18.712
8	-725.496	68	  29.756	  88.973	  11.408
9	-724.860	68	  14.463	  23.689	  13.381
10	-705.212	66	  37.347	  33.429	  12.738
11	-697.668	65	 -21.315	  52.261	   8.131
12	-620.296	57	  22.211	  87.049	  15.042
13	-594.935	53	  -7.150	  46.303	  15.182
14	-585.075	54	  17.380	  78.934	  17.412
15	-579.919	55	  43.221	  77.539	  28.183
16	-552.664	49	  36.461	  64.905	  12.441
17	-548.466	49	  -3.966	  70.174	  11.837
18	-537.849	51	  33.475	  80.826	  15.221
19	-511.352	47	  33.167	  40.881	  15.525
20	-509.126	45	  11.876	  31.991	  10.395
21	-507.822	38	  42.057	  64.614	  16.974
22	-505.418	47	 -11.409	  74.452	   9.240
23	-499.231	45	  55.289	  28.270	  -2.964
24	-477.018	42	  -0.319	  71.033	  -7.714
25	-462.255	43	  28.094	  89.746	   2.766
26	-456.821	46	  43.168	  52.757	  -6.743
27	-449.950	33	  13.781	  84.762	  13.144
28	-442.384	40	  18.617	  19.289	  26.030
29	-438.591	42	 -36.838	  45.396	  15.428
30	-437.419	39	   9.086	   5.166	  26.876
31	-437.136	39	  44.080	  69.016	   9.527
32	-434.454	30	   6.948	  27.624	  14.843
33	-432.731	40	  37.320	  28.042	  -0.594
34	-432.458	31	  -7.145	  74.794	  16.697
35	-432.232	39	 -18.881	  69.246	  27.195
36	-431.236	38	  45.913	  21.927	  31.494
37	-421.023	35	  31.981	  43.407	  35.436
38	-416.311	35	  15.002	  75.750	  36.900
39	-414.519	37	  34.782	  62.520	  -7.394
40	-414.251	39	 -12.043	  81.599	  -1.900
41	-413.569	39	  15.250	  91.588	  32.255
42	-411.983	35	  10.873	  35.206	  -8.984
43	-410.818	38	 -32.641	  78.448	   9.780
44	-410.521	38	 -14.507	  72.281	  15.430
45	-410.291	35	  26.964	  99.820	  34.341
46	-406.964	37	 -25.965	  78.523	  -4.536
47	-404.667	37	   3.979	  39.319	  10.387
48	-403.435	37	  43.535	  72.712	  15.993
49	-403.256	33	  54.845	  80.262	  -2.686
50	-402.075	38	  31.371	 105.231	  20.384
51	-399.439	34	  -4.940	  94.665	  11.620
52	-395.742	33	 -31.668	  43.984	  29.514
53	-394.151	35	   6.193	  73.118	  20.867
54	-389.611	34	 -15.517	  43.592	  17.709
55	-388.238	34	 -31.772	  37.212	  -2.629
56	-385.304	36	  48.927	  16.070	  16.166
57	-377.688	34	  60.304	  74.947	  30.474
58	-375.107	32	 -14.254	  23.278	  16.758
59	-374.684	34	  20.860	 106.384	   1.216
60	-371.333	36	  28.145	  73.893	  -7.028
61	-370.690	35	  18.975	   3.363	   9.257
62	-367.293	31	  -4.667	  45.118	  34.500
63	-364.703	35	  -8.613	  57.875	  35.018
64	-361.073	30	  16.012	   9.040	  -5.014
65	-357.087	31	  22.224	  69.601	  35.881
66	-355.815	33	   2.191	  40.520	  -6.071
67	-355.768	30	  57.678	  53.514	  10.384
68	-355.266	31	   0.842	  96.987	  20.455
69	-352.137	31	 -25.984	  84.307	  29.825
70	-350.764	33	  58.426	  85.070	  11.165
71	-350.610	31	  33.972	  54.957	  11.430
72	-349.879	32	   5.526	  73.336	  33.656
73	-345.067	32	  34.230	  52.628	  -4.251
74	-341.279	34	  17.953	  31.811	  16.768
75	-339.949	30	 -25.576	  47.987	  33.166
76	-336.978	30	  49.948	  66.895	  -1.487
77	-335.212	30	   5.773	  73.078	  12.017
78	-333.753	33	   1.152	  83.296	  35.679
79	-332.467	29	  27.581	  92.340	  36.959
80	-331.208	30	  45.586	  35.144	  29.621
81	-330.204	22	  39.959	  41.699	  11.547
82	-328.015	30	  34.500	  53.347	  32.966
83	-326.840	31	   2.953	  84.153	  -5.516
84	-326.132	29	  57.432	  46.615	  18.713
85	-324.371	27	  18.067	  88.320	  21.780
86	-323.056	31	  22.750	  34.448	  34.910
87	-320.489	31	  -4.654	  32.430	  33.274
88	-318.857	32	 -30.804	  32.785	   6.413
89	-318.201	29	   6.795	  19.675	  -3.620
90	-316.695	30	   1.834	  36.734	  33.168
91	-316.213	29	 -18.388	  38.123	  28.543
92	-314.075	29	 -23.501	  51.036	   1.192
93	-311.274	28	  39.787	  24.888	  33.925
94	-306.313	27	  18.640	  16.155	  -8.335
95	-306.158	27	  47.330	  79.627	  -6.397
96	-304.528	26	  -8.823	  18.887	   7.853
97	-302.831	26	   2.241	  39.990	  18.797
98	-298.265	29	  59.894	  70.273	   1.691
99	-296.322	29	  45.180	  51.014	  34.685
100	-294.931	27	  28.399	  82.863	  39.636
101	-291.561	28	   3.993	   5.466	  18.159
102	-287.020	28	  54.504	  28.911	  26.830
103	-286.507	25	  21.392	  25.297	 -11.095
104	-286.241	24	  10.403	  23.252	   6.658
105	-285.465	27	  -6.680	  59.842	  -8.612
106	-282.769	28	 -28.258	  33.276	  25.392
107	-280.597	26	   7.381	  76.739	  -5.311
108	-279.951	27	  62.755	  73.243	  21.259
109	-279.155	27	 -21.161	  88.143	   1.556
110	-277.601	26	  21.172	  86.350	  -5.220
111	-273.312	23	  41.107	  35.788	  19.654
112	-271.576	24	 -17.800	  53.303	  36.888
113	-271.019	26	 -11.480	  70.819	  34.527
114	-269.980	23	 -14.501	  66.608	 -10.615
115	-263.832	23	  31.038	  28.214	  36.907
116	-259.897	25	  19.077	 105.121	  27.989
117	-259.580	19	 -17.706	  79.024	  12.856
118	-248.054	20	  37.881	  77.290	  -9.166
119	-248.025	24	  -1.865	  21.113	  32.196
120	-246.713	23	  16.770	  36.792	  29.690
121	-245.797	23	  -4.193	  31.955	  -7.724
122	-241.645	23	   7.656	  93.164	  -4.480
123	-238.130	24	  57.269	  28.268	   9.587
124	-235.225	16	  -4.100	  35.305	  12.129
125	-234.460	15	  42.416	  55.139	  14.828
126	-233.929	20	 -20.409	  73.156	  -7.582
127	-227.699	21	  22.570	  44.259	  33.586
128	-227.236	23	 -26.031	  88.437	  23.243
129	-225.481	21	  21.733	  73.888	  -1.730
130	-223.901	21	 -14.807	  47.006	  -7.969
131	-223.335	20	  11.073	  73.943	   4.706
132	-220.371	16	  20.176	  95.196	  17.362
133	-218.906	21	   7.753	 105.798	   8.083
134	-216.600	21	  51.669	  57.679	  34.884
135	-216.470	21	  -6.978	  85.830	  35.190
136	-215.035	20	   3.481	  61.833	  -5.405
137	-213.914	22	  64.848	  63.747	  23.784
138	-210.480	15	  51.352	  72.233	  13.018
139	-209.259	20	   0.476	  53.459	  32.970
140	-208.748	20	  20.655	  36.724	  -9.471
141	-207.660	19	  42.443	  69.426	  35.478
142	-207.145	18	  33.468	  57.040	  22.021
143	-204.403	21	  30.103	  31.482	  11.982
144	-204.019	20	 -18.007	  51.998	  -2.686
145	-202.376	21	 -12.938	  53.428	  11.335
146	-202.116	19	  12.497	  23.896	  33.687
147	-201.399	20	 -12.792	  31.481	  -7.868
148	-200.610	20	  61.624	  35.291	   4.663
149	-197.165	19	   3.355	   9.205	  31.509
150	-196.082	17	  33.039	  49.949	   6.662
151	-195.798	17	   0.595	  42.736	   5.207
152	-194.057	19	  59.477	  37.362	  13.013
153	-192.706	20	 -11.282	  64.607	  14.948
154	-191.689	17	  16.959	  42.593	  -6.647
155	-182.903	18	  22.253	  76.261	   9.300
156	-182.752	17	  33.342	  49.804	  19.349
157	-181.726	18	  31.329	  73.704	  36.404
158	-181.383	13	  10.414	  15.920	  11.043
159	-178.556	18	  62.427	  62.516	  16.346
160	-176.414	15	  -2.699	  62.941	  30.641
161	-176.358	11	   2.261	  80.054	  15.312
162	-175.175	17	 -26.145	  25.946	   2.805
163	-175.060	15	  21.847	  33.085	   8.585
164	-174.301	17	 -18.172	  94.553	  23.995
165	-172.422	16	  25.375	  64.614	  -5.015
166	-171.256	16	  -4.026	  55.421	  -2.947
167	-169.993	12	 -14.343	  32.479	  13.145
168	-167.679	16	  -4.500	  64.188	  19.756
169	-167.613	15	  31.750	  73.221	  12.092
170	-166.542	14	  -7.961	  61.190	   9.056
171	-165.385	17	   6.906	  64.554	   1.550
172	-164.935	17	 -24.005	  26.304	  10.277
173	-164.695	14	  -9.452	  56.004	  17.823
174	-164.462	16	   6.309	   6.804	  -0.110
175	-163.401	12	 -22.259	  40.699	  13.745
176	-163.030	14	  25.238	  40.089	  -2.676
177	-161.827	16	  17.281	 105.470	  14.712
178	-161.486	16	   3.922	  50.457	  25.608
179	-160.938	15	 -26.053	  33.424	  -7.049
180	-160.541	9	  49.018	  42.202	  14.905
181	-158.639	16	  12.177	  44.752	   0.509
182	-158.556	15	 -20.016	  87.151	  33.631
183	-157.679	16	 -32.158	  48.027	   6.352
184	-157.514	16	  19.133	 108.574	   8.235
185	-155.275	16	  -2.740	  10.101	  14.286
186	-154.252	15	  31.615	  15.633	  -3.931
187	-154.103	15	  -6.075	  52.046	   7.101
188	-152.315	14	  28.858	  68.110	  31.083
189	-150.418	15	 -27.485	  61.275	  -4.254
190	-150.302	13	  25.855	  35.178	  17.484
191	-149.777	15	  45.480	  19.590	   7.276
192	-147.862	14	  58.945	  68.080	  33.757
193	-144.536	14	  14.982	 103.215	  -2.412
194	-144.082	13	  37.940	  35.222	  -7.114
195	-141.829	15	  19.431	   7.771	  18.104
196	-141.521	14	  27.377	  33.555	  -7.868
197	-141.105	8	  51.441	  60.111	  13.595
198	-141.038	12	  26.721	  75.896	  19.484
199	-140.850	10	  45.740	  31.160	  14.367
200	-140.763	13	   7.054	  40.386	  26.090
201	-140.577	13	 -30.686	  69.208	  -4.518
202	-139.319	14	  28.424	  39.654	   7.617
203	-138.687	12	  -2.590	  21.467	  -0.974
204	-138.107	8	   9.009	  92.451	  16.661
205	-137.704	12	 -13.720	  28.851	  26.295
206	-137.684	14	 -22.918	  87.850	  15.783
207	-135.628	13	  39.134	  13.831	  30.031
208	-133.700	13	 -33.896	  54.693	  28.793
209	-133.407	13	   8.582	 103.908	  14.708
210	-133.341	8	  -0.096	  21.436	  11.456
211	-133.203	13	  49.185	  89.162	  -2.960
212	-130.859	8	  -7.779	  85.434	  13.951
213	-129.775	13	   8.774	 104.655	  21.762
214	-128.964	13	 -15.775	  93.536	  17.153
215	-128.621	11	   5.507	  92.344	  29.344
216	-128.612	13	  14.945	  66.494	  27.288
217	-128.556	13	  25.211	  60.131	   1.857
218	-127.706	12	  31.314	  67.922	  21.321
219	-127.169	12	  47.859	  44.959	  -7.248
220	-126.348	11	  52.767	  56.814	  -0.338
221	-125.703	12	  26.399	   9.571	  -5.548
222	-122.449	12	  31.328	  43.245	  -5.635
223	-119.379	12	  13.165	  99.239	  31.326
224	-119.112	11	  51.855	  43.914	  28.130
225	-117.229	12	  30.123	 101.341	   7.435
226	-115.914	11	  36.801	  96.904	  34.274
227	-111.621	11	   2.787	  13.303	  -2.663
228	-108.119	11	  41.372	  43.385	  34.410
229	-107.388	10	  34.236	  63.620	  34.605
230	-105.715	11	 -26.044	  26.011	  17.763
231	-103.209	10	  -4.601	   8.561	  22.314
232	-102.869	10	  24.077	  49.026	  26.338
233	-102.686	10	 -16.568	  94.582	   9.302
234	 -99.265	10	  63.976	  64.498	   8.979
235	 -97.253	8	  -4.255	  89.176	  -0.343
236	 -95.405	9	  -4.738	  47.927	  -7.063
237	 -95.195	9	  31.083	  14.904	  28.753
238	 -91.742	9	  39.936	  90.636	  -2.484
239	 -89.779	9	 -28.748	  60.649	  30.707
240	 -88.890	9	 -19.398	  39.951	 -11.673
241	 -88.852	9	  18.129	  95.374	  -7.875
242	 -87.059	9	 -14.135	  78.883	  37.851
243	 -86.627	9	  62.348	  77.766	   6.868
244	 -80.626	8	  54.951	  45.193	  -4.291
245	 -79.175	8	  60.199	  34.479	  20.105
246	 -79.098	8	  50.975	  67.816	  37.984
247	 -78.295	8	  -8.912	  23.453	  -8.099
248	 -75.982	8	  61.459	  46.181	   7.103
249	 -71.116	7	   7.089	  17.606	  35.875
250	 -70.457	7	  47.842	  34.362	  -9.306
251	 -69.055	7	  -2.572	   8.735	   6.058
252	 -68.069	7	  52.976	  82.318	  20.691
253	 -67.281	7	   9.427	  81.626	  36.553
254	 -60.998	6	  10.570	   3.173	   4.848
255	 -60.024	6	 -28.048	  75.113	  19.018
256	 -59.881	6	 -35.045	  37.127	  19.236
257	 -58.221	6	 -28.080	  85.817	   6.359
258	 -52.253	5	  -9.663	  96.087	  23.002
259	 -51.842	5	  11.199	  31.190	  34.026
260	 -50.704	5	  54.769	  21.641	  20.444
261	 -50.643	5	   3.672	  30.805	  -8.503
262	 -49.997	5	  -1.614	  99.691	  -0.836
263	 -49.508	5	  41.354	  90.348	  28.157
264	 -49.416	5	  62.404	  55.325	  20.327
265	 -48.570	5	  -9.341	  13.998	  19.031
266	 -46.369	5	  21.395	  23.430	  33.660
267	 -42.062	4	  39.302	  89.514	  36.718
268	 -40.303	4	  48.256	  20.274	   0.224
269	 -40.212	4	  56.540	  21.867	   4.079
270	 -40.026	4	 -11.688	  18.094	  29.520
271	 -39.495	4	  29.847	  85.662	  -5.631
272	 -39.323	4	  61.588	  51.379	  29.105
273	 -39.083	4	  41.096	  57.172	  37.853
274	 -38.979	4	 -27.691	  57.291	   8.420
275	 -38.734	4	 -28.134	  76.158	  27.837
276	 -37.723	4	  48.073	  14.393	  28.601
277	 -30.711	3	  -1.107	  76.323	  37.853
278	 -29.973	3	 -31.412	  46.278	  -1.815
279	 -29.746	3	  61.588	  48.312	  -0.123
280	 -29.593	3	  17.258	   8.343	  26.853
281	 -27.465	3	  61.588	  60.371	   2.177
282	 -27.355	3	  37.593	  88.313	 -10.148
283	 -22.246	2	  10.102	  83.645	  -8.147
284	 -20.942	2	  -5.902	  97.645	  30.363
285	 -20.594	2	  25.588	  13.183	  14.315
286	 -20.020	2	 -15.861	  19.645	   0.998
287	 -19.325	2	 -17.412	  64.170	  35.328
288	 -19.301	2	  53.588	  81.645	  29.315
289	 -18.749	2	 -24.490	  61.126	  37.814
290	 -18.188	2	 -11.411	  47.644	  37.353
291	 -18.028	2	 -13.906	  93.645	   1.853
292	 -13.520	1	  -8.412	  89.645	   6.853
293	 -10.044	1	  37.588	  77.645	  37.853
294	  -9.688	1	 -24.412	  61.645	 -12.147
295	  -9.061	1	  34.588	  15.645	  17.853
296	  -8.946	1	  42.588	  39.645	 -11.147
