1	-1518.272	133	  22.177	  26.923	  28.769
2	-684.585	63	  14.788	  13.029	  25.956
3	-467.556	41	  31.142	  30.115	  31.213
4	-417.931	35	  23.949	  37.750	  18.011
5	-306.867	27	  12.926	  20.420	  43.408
6	-281.772	26	   1.846	  37.223	  23.381
7	-267.225	27	  -1.377	  25.617	  33.350
8	-245.422	23	   7.282	  25.922	  41.748
9	-238.043	23	  23.536	  13.832	  38.188
10	-222.977	22	  12.655	  10.876	  42.374
11	-207.784	21	  22.111	  30.885	  38.378
12	-207.089	19	  18.329	  22.349	  15.711
13	-197.495	18	  18.511	  31.361	  12.319
14	-197.464	20	  10.326	  36.429	  38.028
15	-193.857	18	  31.596	  24.653	  21.129
16	-182.045	17	  35.844	  38.495	  32.474
17	-163.350	15	   8.100	  28.110	  14.334
18	-159.707	16	  33.251	  39.209	  20.475
19	-155.294	16	  27.862	  22.276	  35.472
20	-154.378	15	   9.606	  39.577	  13.849
21	-147.720	14	  27.320	  46.765	  30.525
22	-140.165	14	  30.132	  28.091	  13.683
23	-133.915	13	   4.936	  32.097	  37.811
24	-130.288	12	   1.480	  34.953	  12.991
25	-126.274	12	   1.020	  27.503	  22.272
26	-106.485	10	  23.345	  20.288	  23.590
27	-104.856	11	  11.811	  41.567	  31.152
28	-100.809	10	  23.459	  41.982	  34.680
29	 -80.149	8	  26.359	  15.849	  29.224
30	 -76.258	8	  15.592	  44.857	  20.566
31	 -75.170	7	   8.978	   8.980	  35.510
32	 -57.177	6	  10.300	  19.948	  16.858
33	 -55.742	5	  20.195	  22.744	  45.075
34	 -47.906	5	   2.821	  15.667	  37.427
35	 -47.867	4	  18.569	   8.652	  33.621
36	 -38.033	4	  19.125	  37.620	  40.075
37	 -30.688	3	  -0.377	  17.797	  28.717
38	 -27.686	3	   4.659	  16.126	  22.384
39	 -19.152	2	  20.153	  12.106	  45.545
40	 -18.834	2	  11.079	   4.680	  28.531
