1	-904.889	74	  20.083	  21.332	  35.963
2	-704.705	58	  19.480	  29.089	  32.196
3	-645.111	60	  13.528	  28.640	  21.959
4	-421.181	38	  21.472	  11.081	  22.151
5	-358.751	32	  26.196	  24.071	  39.870
6	-357.830	31	  11.936	  27.549	  48.382
7	-327.517	31	   1.473	  29.741	  35.412
8	-270.559	27	   3.392	  12.279	  22.520
9	-254.434	23	  18.035	  37.903	  45.670
10	-237.144	22	  10.839	  34.264	  34.209
11	-234.969	21	  22.306	  28.251	  17.914
12	-227.174	22	  22.830	  14.899	  51.753
13	-225.991	21	  -2.161	  14.482	  38.951
14	-213.847	20	   8.945	   7.356	  31.685
15	-202.897	19	  15.747	   7.161	  26.019
16	-197.206	19	  24.805	  14.184	  35.885
17	-182.501	17	  15.291	  20.024	  13.458
18	-175.456	16	  23.244	  17.790	  13.677
19	-174.959	17	  28.080	  23.068	  21.759
20	-168.494	16	  13.864	   7.332	  37.119
21	-165.492	16	   0.551	  23.901	  46.978
22	-142.545	13	   3.835	  30.770	  43.945
23	-140.319	14	  13.639	  10.572	  45.613
24	-128.202	12	   9.996	  35.989	  42.416
25	-125.009	12	  26.736	  33.541	  40.298
26	 -94.247	9	  -6.813	  23.308	  39.776
27	 -76.622	7	  -1.117	  18.750	  30.755
28	 -70.291	7	  21.305	  28.288	  53.998
29	 -66.201	7	  30.593	  22.872	  47.143
30	 -59.342	6	  29.001	  27.211	  29.511
31	 -51.159	5	  21.754	   8.637	  40.269
32	 -43.587	4	   4.248	  16.412	  50.865
33	 -40.700	4	  10.475	  10.417	  17.868
34	 -38.423	4	   3.470	  28.634	  26.357
35	 -33.752	3	  28.432	  12.104	  26.239
36	 -31.516	3	  21.634	  40.118	  36.958
37	 -30.007	3	  29.434	  23.117	  54.482
38	 -29.763	3	  30.377	  16.728	  17.494
39	 -27.791	3	  -4.605	  30.067	  41.129
40	 -19.100	2	   6.243	  11.420	  43.360
