1	-1224.956	104	  17.658	   2.738	 134.401
2	-1090.409	86	  27.580	   1.065	  75.038
3	-1071.180	85	   2.473	   7.650	 198.684
4	-1062.232	84	   1.989	  -8.071	 113.823
5	-1044.090	84	  10.592	 -13.685	 158.586
6	-978.252	80	   6.905	   7.027	 140.736
7	-967.023	75	  17.852	  15.443	 137.408
8	-965.163	84	   7.300	  -0.294	 194.406
9	-956.546	84	  10.956	  -3.094	 109.601
10	-835.656	75	   8.501	  -4.247	 163.936
11	-834.478	75	  17.686	  -1.429	  79.322
12	-831.979	76	  21.288	  -9.831	 135.032
13	-814.140	73	   5.535	  -3.071	  80.926
14	-662.645	55	   7.360	  -2.805	  55.935
15	-650.729	58	  23.336	   8.428	 137.337
16	-630.204	52	  15.012	  -9.602	 216.975
17	-620.233	58	   4.113	   7.975	  53.596
18	-566.337	48	  15.745	  -7.115	  95.032
19	-547.845	50	   9.227	  14.057	 135.674
20	-523.728	43	   3.782	  -3.220	 179.346
21	-506.518	48	   0.558	   7.978	 134.432
22	-492.219	46	  28.018	   3.397	  89.968
23	-489.937	43	  24.168	  -3.424	 219.485
24	-476.100	45	  11.657	  20.544	  66.365
25	-469.880	44	  -4.949	   7.223	 156.478
26	-467.595	43	  28.132	  -7.351	 117.693
27	-465.375	42	  31.174	   2.837	 151.008
28	-456.654	42	  -2.269	   1.885	 138.514
29	-447.168	39	  -0.402	  -6.773	  98.696
30	-443.900	39	  21.833	   6.088	 109.397
31	-440.680	41	   9.536	 -10.769	 190.272
32	-436.822	40	   4.070	   4.915	 166.765
33	-429.565	40	   7.894	 -16.037	  71.726
34	-426.882	39	  34.254	  -1.057	 199.883
35	-424.064	40	  22.019	  -1.516	 106.474
36	-402.507	39	   9.459	   0.815	 132.809
37	-385.196	36	  -2.307	  14.494	 205.377
38	-384.681	35	   2.004	  18.276	 121.963
39	-364.045	35	  35.439	   0.077	  70.802
40	-362.711	33	   5.001	  13.056	 183.017
41	-359.822	32	  18.480	 -10.564	 193.047
42	-359.535	34	   2.906	 -12.862	 216.810
43	-354.738	31	  10.076	  10.502	 164.548
44	-354.573	33	  12.407	 -14.335	 110.876
45	-354.472	33	  14.427	  19.093	  83.360
46	-348.900	25	  14.714	  -0.515	 166.796
47	-342.396	30	   5.544	 -18.087	 201.440
48	-340.654	25	  13.813	   4.206	  82.099
49	-338.923	31	  12.944	 -15.553	 172.876
50	-337.289	31	  25.667	  -5.636	  57.401
51	-336.153	30	   3.921	 -11.350	 142.103
52	-335.543	30	  -1.997	  10.931	 128.415
53	-331.179	31	  24.223	 -10.527	  78.168
54	-323.425	30	  17.522	  -1.091	 139.508
55	-319.314	30	  29.674	  -2.551	 167.194
56	-308.298	22	  10.542	   3.505	 106.673
57	-306.843	28	  25.983	  10.655	 208.476
58	-303.428	26	  -0.516	   0.877	 216.398
59	-290.251	28	  14.634	   5.098	 218.754
60	-281.466	27	  17.504	   2.562	  56.091
61	-281.070	27	  26.133	 -12.324	 164.743
62	-274.841	26	 -10.647	  -1.749	 114.577
63	-269.947	26	  -1.166	  -7.199	 163.948
64	-269.910	19	  14.757	   0.845	 190.981
65	-268.425	25	  27.806	   3.352	 212.187
66	-264.142	25	  15.209	  16.715	 191.847
67	-262.250	24	   8.116	  16.960	 126.739
68	-254.346	23	   6.672	  15.795	  61.668
69	-250.339	24	  -5.425	  -0.514	  65.431
70	-244.853	23	  -1.455	   2.400	  87.002
71	-239.538	23	   0.001	  19.511	  74.266
72	-238.776	23	  14.015	 -13.075	  56.242
73	-233.088	22	  23.636	  17.201	  80.600
74	-227.503	21	  23.218	  11.980	 101.600
75	-225.986	23	   8.886	  -0.840	 140.865
76	-225.115	20	  -2.692	  -7.317	 194.554
77	-223.925	21	  26.431	   7.114	 146.211
78	-220.164	22	  33.871	  -4.895	 209.957
79	-219.700	21	  24.629	  18.102	 147.931
80	-217.524	20	   8.402	  24.174	 113.457
81	-213.322	20	  31.778	  11.336	 159.336
82	-213.288	20	  -0.529	 -13.910	 159.260
83	-211.429	19	  10.274	 -20.458	 149.968
84	-210.613	20	   8.432	 -12.016	 132.858
85	-208.788	20	  -3.935	  13.589	  63.204
86	-208.489	21	  33.154	  10.823	  61.949
87	-207.364	19	  -5.686	   0.459	 197.993
88	-201.683	20	  14.115	  14.793	 172.415
89	-197.505	18	   0.649	  12.156	 104.719
90	-196.147	17	  25.467	  15.635	 156.427
91	-194.459	19	  20.354	 -19.731	 145.251
92	-193.902	18	  22.410	  11.536	 189.410
93	-192.240	19	  -6.091	 -12.319	 118.750
94	-189.808	18	  10.610	  19.460	 151.705
95	-184.235	18	  24.009	 -12.918	 111.763
96	-183.762	18	   8.231	  20.364	 199.319
97	-183.746	18	  -5.651	   1.244	 162.431
98	-182.036	18	  -2.445	   9.537	  91.060
99	-175.423	17	   0.601	  -6.309	  89.930
100	-173.868	17	  17.986	  22.243	 125.854
101	-172.802	16	  23.726	 -10.955	 184.704
102	-168.985	15	  -5.491	  10.884	 121.604
103	-168.148	15	  15.651	  22.311	 117.445
104	-166.297	17	  -8.007	  -3.968	 126.721
105	-165.467	16	  31.314	   9.655	 203.744
106	-165.069	16	  18.279	 -22.246	 116.745
107	-163.279	16	   2.177	   6.616	 173.193
108	-162.778	15	  -6.224	   8.197	 110.988
109	-160.430	15	  24.256	 -17.037	 206.968
110	-159.471	16	   0.660	  20.246	 105.645
111	-157.595	15	  -6.518	  -7.559	 212.222
112	-157.293	16	  18.824	  18.079	  97.838
113	-155.805	15	  16.751	  10.931	  54.107
114	-155.595	15	  -0.313	 -15.815	 196.683
115	-153.755	15	   6.432	 -20.704	 156.264
116	-153.306	15	  31.908	  14.367	  75.211
117	-152.977	14	  30.442	  -8.983	 152.499
118	-151.109	15	  22.207	  14.779	 176.131
119	-148.677	14	  -6.559	  -8.313	 145.943
120	-148.625	15	   4.805	 -13.139	 178.819
121	-146.143	14	  14.004	 -16.599	  77.661
122	-144.739	13	  17.750	 -18.147	 127.427
123	-143.924	15	  -3.072	  12.720	 193.350
124	-143.686	14	  26.165	  -5.780	  94.522
125	-138.534	13	  23.362	 -19.232	 158.255
126	-135.880	14	  -0.117	  -6.688	 136.766
127	-133.922	11	  -2.621	  12.403	  71.114
128	-133.314	13	  14.370	 -24.083	 156.159
129	-132.899	13	  23.706	 -20.664	  72.995
130	-132.558	11	  22.866	  10.695	  90.647
131	-130.601	13	  -0.970	 -11.242	 127.125
132	-130.211	13	   5.260	  12.555	  90.805
133	-128.921	13	  10.355	  -3.092	 216.462
134	-128.253	12	  -0.468	 -15.799	 115.878
135	-127.481	12	  21.790	  21.018	  68.906
136	-124.938	10	  19.309	 -11.534	 174.012
137	-124.799	12	  -1.571	   5.571	 181.012
138	-122.619	11	  29.918	  12.220	 190.106
139	-119.851	11	   7.615	 -20.306	 118.356
140	-118.752	12	 -10.899	  -8.721	 157.344
141	-108.587	10	  17.809	  15.682	  60.605
142	-104.322	10	  36.670	   2.809	 187.941
143	-104.242	10	   4.880	 -10.584	 104.405
144	-101.620	10	  28.285	  -4.574	 146.185
145	 -99.720	10	  -9.712	 -10.806	 201.142
146	 -94.615	9	  27.164	  12.770	 127.308
147	 -92.427	9	  14.190	 -13.945	 184.995
148	 -91.268	9	  24.015	 -15.254	  61.221
149	 -90.925	9	  28.217	  -7.794	 127.644
150	 -89.615	9	  -4.803	   4.240	 104.838
151	 -88.543	9	  13.243	 -19.708	  63.688
152	 -86.801	8	  20.558	  17.722	 205.293
153	 -82.984	8	  18.700	 -17.750	 212.912
154	 -82.366	8	  31.946	   0.053	  61.669
155	 -81.742	8	  -4.233	   9.259	 146.212
156	 -80.614	8	   6.339	 -14.996	  61.106
157	 -79.099	8	   7.419	 -18.990	 211.661
158	 -78.034	8	  14.583	 -15.470	 138.352
159	 -76.405	8	  16.309	  -9.844	 105.316
160	 -75.214	8	  11.752	  12.612	 219.174
161	 -68.581	7	  -3.456	 -15.887	 209.504
162	 -66.777	7	  27.178	  15.613	 200.997
163	 -65.807	6	  10.980	  25.465	 104.147
164	 -65.449	7	  28.712	 -17.255	 148.526
165	 -65.423	6	   6.171	 -12.638	  95.464
166	 -64.112	6	  -8.982	   2.959	 148.796
167	 -61.705	6	  -1.164	  -6.285	  59.789
168	 -61.408	6	  29.326	   9.252	 120.502
169	 -60.618	6	  10.090	  14.748	  99.014
170	 -60.084	6	  33.322	  -4.153	 182.796
171	 -59.558	6	  33.512	  -4.069	 157.233
172	 -58.323	6	  26.005	  -6.129	 178.767
173	 -58.145	6	  25.176	  10.843	  54.282
174	 -58.027	6	  22.540	  22.791	 110.052
175	 -57.403	6	  33.521	  -8.276	  64.661
176	 -56.279	6	  27.692	   3.514	 130.278
177	 -54.907	6	  25.838	   3.694	 102.295
178	 -54.327	5	   1.420	   4.291	 189.796
179	 -52.283	5	  -3.782	  16.317	 115.548
180	 -52.135	5	  37.190	   8.590	  73.766
181	 -51.550	5	 -13.535	   3.415	 120.149
182	 -51.162	5	  16.040	  -9.814	  83.601
183	 -50.766	5	  15.354	  23.984	  71.735
184	 -50.517	5	  13.198	  18.937	 162.358
185	 -49.654	5	  -1.952	  20.796	  85.127
186	 -49.394	5	   5.197	  16.126	 144.783
187	 -48.540	5	  13.097	  22.919	 208.787
188	 -47.870	5	  30.854	  19.949	  65.809
189	 -47.228	5	  34.946	  -8.694	 194.815
190	 -46.042	5	  27.634	 -10.255	 219.160
191	 -42.550	4	  26.567	   0.251	 183.070
192	 -42.287	4	  -8.436	  -5.374	 106.018
193	 -42.201	4	  23.463	   7.722	 174.510
194	 -41.480	4	  -5.444	   0.898	  77.040
195	 -41.139	4	  26.227	 -14.877	 195.338
196	 -41.130	4	  32.740	  13.601	 171.026
197	 -40.544	4	  10.272	 -11.144	  88.799
198	 -40.487	4	   5.015	  23.362	  86.541
199	 -40.145	4	  30.138	  12.171	  84.872
200	 -39.709	4	  22.819	  20.138	 162.539
201	 -39.688	4	   7.337	  20.370	 213.509
202	 -39.484	4	  -0.727	  22.405	 210.561
203	 -38.285	4	  20.198	  13.441	 213.246
204	 -32.668	3	  27.005	  13.663	 112.153
205	 -29.364	3	  -7.660	  12.009	  78.125
206	 -28.943	3	   1.693	 -19.326	 148.157
207	 -28.806	3	  -4.897	   7.726	 210.842
208	 -28.492	3	  21.339	  23.028	 154.120
209	 -27.911	3	  -9.995	   3.361	 203.471
210	 -27.743	3	  18.330	 -21.975	 165.460
211	 -20.879	2	  32.649	   5.458	 172.152
212	 -20.328	2	  -7.995	   8.906	  85.252
213	 -19.823	2	  21.477	  -8.638	 154.796
214	 -19.473	2	   3.005	  18.362	 191.290
215	 -18.861	2	   1.495	  -5.148	 220.796
216	 -18.772	2	   9.439	 -18.638	 128.770
217	 -13.589	1	   7.005	   4.362	  90.796
218	 -13.332	1	   8.005	  13.362	  83.796
219	 -12.488	1	  17.005	  13.362	 111.796
220	 -11.910	1	  18.005	  -3.638	 182.796
221	 -11.702	1	  12.005	  10.362	 184.796
222	  -9.846	1	  12.005	  -8.638	  74.796
223	  -9.414	1	 -15.995	  -7.638	 123.796
224	  -9.283	1	  -9.995	   8.362	  67.796
225	  -9.140	1	 -10.995	   0.362	 155.796
226	  -8.927	1	  -4.995	 -13.638	 109.796
