1	-1602.189	141	  33.162	  45.769	  12.530
2	-502.103	46	  24.917	  58.891	  14.788
3	-386.067	34	  25.700	  50.710	  -3.033
4	-358.065	29	  33.461	  35.073	  24.126
5	-318.680	28	  12.222	  34.533	  17.056
6	-261.436	25	  23.746	  61.266	  -0.939
7	-229.687	22	  10.018	  45.499	   6.844
8	-229.662	21	  24.489	  40.163	  29.483
9	-205.124	18	  28.555	  50.498	  24.208
10	-202.882	19	  18.612	  45.561	  25.265
11	-197.069	19	  31.707	  53.744	  16.430
12	-193.895	18	  19.052	  44.973	  -1.349
13	-192.389	18	  34.202	  58.375	   3.116
14	-190.120	18	  41.163	  41.995	  10.555
15	-181.319	18	  16.244	  37.677	   4.591
16	-179.619	18	  37.784	  23.904	  12.678
17	-158.673	15	  43.532	  49.339	  22.535
18	-157.834	16	  33.530	  28.509	   8.050
19	-152.213	15	  22.169	  34.599	   2.866
20	-141.045	12	  40.843	  42.764	  27.666
21	-118.252	12	  43.665	  32.089	  21.882
22	-117.487	11	  11.602	  44.528	  17.436
23	-109.767	11	  32.936	  39.218	   2.944
24	 -99.177	10	  17.769	  61.580	   5.645
25	 -89.795	9	  20.240	  31.715	  26.763
26	 -82.748	8	  12.137	  37.109	  27.301
27	 -80.837	8	  32.658	  44.172	  29.722
28	 -76.207	7	  34.703	  47.240	   0.715
29	 -69.188	7	  47.124	  32.309	  11.791
30	 -69.140	7	  38.876	  55.651	  11.820
31	 -67.217	7	  21.909	  29.434	  10.761
32	 -57.602	6	  21.641	  25.364	  19.640
33	 -50.081	5	  15.625	  54.003	  18.933
34	 -32.479	3	  29.110	  62.956	   7.117
35	 -29.485	3	  39.422	  52.689	   4.456
36	 -29.447	3	  28.872	  23.660	  16.443
37	 -20.360	2	  29.422	  40.676	  -3.332
38	 -18.872	2	  44.940	  39.158	  19.671
39	 -18.419	2	  22.422	  68.676	  10.601
40	  -9.995	1	  12.422	  52.676	   1.117
41	  -9.613	1	  30.422	  59.676	  -4.883
42	  -9.559	1	  10.422	  53.676	  11.117
