1	-1648.260	140	  32.738	  44.177	  11.712
2	-524.255	44	  41.352	  41.382	  10.156
3	-402.263	38	  18.863	  37.203	   3.362
4	-355.538	32	  23.757	  51.003	  -2.758
5	-328.718	30	  33.459	  52.893	  14.691
6	-327.539	26	  34.368	  36.638	  24.629
7	-320.540	29	  41.411	  48.648	  19.017
8	-280.765	28	  24.880	  59.270	  14.427
9	-271.265	26	  39.898	  45.942	  27.735
10	-261.589	26	   9.475	  47.008	   7.581
11	-257.990	25	  19.201	  46.503	  26.064
12	-248.576	23	  18.307	  44.890	  -0.816
13	-241.805	23	  22.916	  60.519	  -1.439
14	-239.825	22	  12.354	  34.395	  19.037
15	-194.052	19	  32.884	  38.534	   2.808
16	-183.452	18	  33.684	  58.214	   2.322
17	-180.642	17	  25.713	  40.277	  29.548
18	-178.606	17	  22.016	  33.054	  27.057
19	-171.259	16	  29.204	  51.277	  24.623
20	-158.923	15	  46.737	  32.051	  10.777
21	-152.612	15	  38.084	  49.128	   5.907
22	-138.795	13	  38.141	  24.285	  13.560
23	-134.201	14	  27.658	  28.735	   9.753
24	-108.785	11	  44.349	  35.578	  21.544
25	-105.089	10	  19.317	  62.874	   5.186
26	-100.818	10	  12.721	  37.740	  28.807
27	 -84.720	8	  11.415	  44.737	  17.889
28	 -78.644	8	  23.663	  25.479	  19.944
29	 -60.137	6	  30.683	  30.314	  22.925
30	 -55.140	5	  31.387	  48.179	  -3.738
31	 -48.657	5	  32.840	  44.200	  30.069
32	 -38.902	4	  15.751	  54.552	  19.253
33	 -38.007	4	  30.496	  65.551	   7.770
34	 -28.159	3	  14.240	  36.141	   8.926
35	 -18.319	2	  11.741	  48.807	   0.262
36	  -9.773	1	  30.241	  59.806	  -4.738
37	  -9.727	1	  18.241	  30.806	  13.262
38	  -9.365	1	  23.241	  68.806	  10.262
39	  -9.081	1	   9.241	  53.806	  11.262
40	  -9.062	1	  12.241	  56.806	   4.262
