1	-1544.010	135	  32.958	  43.759	  11.977
2	-541.322	49	  41.552	  41.691	   9.898
3	-485.211	46	  24.765	  57.797	  14.884
4	-373.013	31	  33.785	  35.849	  24.397
5	-361.881	33	  23.222	  50.530	  -2.646
6	-314.577	29	  33.872	  51.164	  14.552
7	-310.803	28	  41.931	  48.034	  18.453
8	-297.664	29	  16.767	  45.410	  -0.412
9	-253.948	24	   9.498	  46.023	   7.965
10	-239.313	24	  21.663	  33.930	   3.838
11	-226.936	22	  22.881	  60.626	  -1.234
12	-225.415	22	  38.484	  49.981	   5.815
13	-211.612	20	  25.077	  40.006	  29.877
14	-209.519	19	  11.895	  34.348	  19.059
15	-206.692	20	  19.058	  45.370	  26.138
16	-198.017	18	  39.891	  43.919	  27.561
17	-197.135	19	  32.932	  38.760	   2.913
18	-187.869	18	  21.603	  32.209	  27.088
19	-179.641	17	  28.673	  50.502	  24.861
20	-159.806	15	  46.393	  32.000	  10.240
21	-156.464	15	  33.613	  57.770	   2.089
22	-147.736	14	  15.772	  38.206	   3.966
23	-135.943	12	  19.262	  61.741	   5.468
24	-126.946	12	  37.843	  24.305	  13.213
25	-122.266	12	  12.751	  38.010	  28.658
26	-117.788	12	  43.812	  34.031	  21.377
27	 -99.341	10	  30.624	  27.910	   9.230
28	 -78.788	8	  11.160	  44.629	  17.526
29	 -59.938	6	  30.587	  47.910	  -4.252
30	 -59.919	6	  23.608	  24.952	  20.066
31	 -49.340	5	  32.657	  43.638	  29.978
32	 -40.873	4	  18.814	  52.930	  22.713
33	 -27.422	3	  20.767	  65.117	  13.193
34	 -20.657	2	  18.536	  30.412	  13.209
35	 -19.681	2	  37.571	  51.412	  27.209
36	 -19.045	2	  29.043	  66.412	   6.681
37	  -9.596	1	   9.043	  53.412	  11.209
38	  -9.468	1	  30.043	  59.412	  -4.791
