1	-1341.234	107	  70.023	  -7.235	  60.305
2	-1266.894	105	  49.777	  14.697	  61.279
3	-1131.230	89	  47.182	 -15.898	  53.360
4	-1125.458	89	  46.442	 -16.358	  43.797
5	-986.801	75	  55.340	  12.198	  54.309
6	-731.660	67	  58.923	  25.108	  55.453
7	-622.462	53	  61.148	 -29.361	  62.744
8	-604.536	52	  76.367	  15.214	  57.143
9	-569.301	49	  55.510	   9.621	  40.411
10	-563.460	49	  38.315	  10.599	  50.028
11	-546.964	51	  35.117	  -6.536	  57.947
12	-543.575	49	  61.427	  -3.937	  74.645
13	-536.450	46	  46.806	 -22.948	  26.103
14	-531.098	45	  43.124	 -32.681	  32.231
15	-525.408	49	  42.054	 -22.479	  46.950
16	-524.962	47	  66.614	 -12.020	  36.109
17	-523.905	49	  34.371	  15.413	  74.470
18	-520.244	48	  56.707	   2.661	  79.398
19	-508.796	46	  44.357	 -27.082	  53.731
20	-506.694	44	  62.240	  17.602	  42.598
21	-495.774	47	  45.069	  10.178	  42.676
22	-461.227	42	  71.060	  -7.726	  43.373
23	-451.723	43	  45.191	  24.766	  58.776
24	-437.743	40	  49.615	  -8.314	  77.936
25	-436.253	38	  64.999	 -20.000	  31.166
26	-411.977	38	  34.261	  -5.512	  48.011
27	-387.697	36	  43.072	  24.219	  77.537
28	-379.316	35	  43.936	  -6.937	  29.584
29	-377.139	35	  56.761	 -30.099	  35.628
30	-367.812	35	  36.079	 -21.389	  40.999
31	-366.189	33	  80.859	  13.238	  48.899
32	-366.177	34	  51.666	 -17.157	  21.438
33	-340.699	34	  49.450	  -1.327	  78.454
34	-328.508	31	  63.254	  11.668	  77.620
35	-328.372	28	  54.868	  10.155	  85.089
36	-327.306	29	  59.041	  22.999	  75.018
37	-322.119	29	  65.626	   1.872	  34.753
38	-320.425	28	  51.727	  21.104	  58.390
39	-313.243	27	  37.114	   3.531	  70.148
40	-305.202	28	  63.399	 -28.893	  47.819
41	-302.783	28	  68.265	  -6.136	  68.265
42	-298.061	29	  29.450	 -26.457	  33.185
43	-293.173	28	  36.411	  -9.811	  22.898
44	-293.080	27	  71.179	   1.559	  66.766
45	-292.519	29	  77.974	  21.329	  46.295
46	-290.116	26	  53.430	  -0.976	  30.608
47	-286.384	27	  60.626	 -27.923	  72.302
48	-273.966	26	  71.957	  -8.485	  51.013
49	-272.596	26	  44.038	 -34.081	  51.050
50	-258.938	25	  28.614	  32.381	  76.643
51	-254.131	22	  38.056	  22.394	  61.521
52	-251.619	25	  52.802	 -32.811	  72.582
53	-249.544	23	  49.404	  16.239	  51.701
54	-244.010	21	  40.829	 -14.708	  49.787
55	-235.132	22	  -0.420	  16.342	  84.158
56	-231.058	22	  21.037	   4.374	  13.118
57	-227.028	12	  49.402	  -5.319	  60.573
58	-221.220	14	  60.395	  -4.300	  57.206
59	-219.990	18	  53.762	 -23.591	  79.813
60	-218.423	21	  23.069	  -1.879	  21.075
61	-207.802	20	  32.588	   4.658	  57.310
62	-207.498	19	  41.849	  17.244	  82.745
63	-203.261	20	  37.303	  33.463	  61.743
64	-201.997	18	  46.580	  32.821	  59.956
65	-200.162	18	  46.447	   5.537	  90.680
66	-194.225	17	  41.728	  -8.124	  70.547
67	-192.980	18	  44.084	 -12.772	  23.180
68	-192.865	19	  24.487	   9.541	   3.009
69	-182.772	18	  61.581	  29.929	  68.660
70	-180.853	16	  65.960	 -12.711	  19.748
71	-180.463	18	  64.763	  -5.528	  34.211
72	-179.952	16	  53.712	  34.151	  69.444
73	-179.220	17	  66.932	  19.513	  71.254
74	-177.981	16	  32.362	  -2.140	  12.351
75	-176.880	18	  14.720	  16.708	  84.839
76	-176.856	16	  59.776	 -21.489	  21.658
77	-175.201	15	  77.139	  11.636	  38.444
78	-170.337	17	  38.563	 -20.712	  55.854
79	-170.028	10	  55.202	   1.205	  48.699
80	-165.994	15	  34.298	 -14.337	  39.208
81	-163.845	15	   8.940	  25.093	  87.956
82	-162.976	16	   6.690	  13.686	  85.450
83	-159.346	15	  34.528	 -31.086	  40.092
84	-158.977	16	   8.300	  16.648	  72.437
85	-158.101	15	  67.712	 -21.567	  42.764
86	-151.838	14	  57.361	 -14.590	  80.588
87	-151.253	15	  53.139	  21.281	  46.421
88	-143.972	14	  47.328	 -27.254	  72.135
89	-142.149	13	  76.632	   2.485	  37.807
90	-138.540	13	  38.754	  -0.430	  77.037
91	-133.026	13	  33.929	  -8.817	  35.235
92	-131.753	13	  -3.289	  17.697	  96.715
93	-130.996	13	  39.638	  19.296	  54.990
94	-127.267	13	  71.805	 -16.955	  59.602
95	-125.958	10	  80.825	   4.253	  54.070
96	-124.072	11	  34.574	  36.252	  71.411
97	-123.344	12	  47.776	  31.454	  75.195
98	-123.253	12	  33.202	 -13.379	  10.485
99	-117.924	12	  17.423	  -0.547	   7.894
100	-114.739	11	  11.697	  26.212	  73.352
101	-111.248	11	  28.780	 -23.759	  19.160
102	-109.944	10	  76.671	   8.253	  63.709
103	-105.219	9	  36.294	   1.991	  42.463
104	 -99.625	10	  68.524	  26.438	  52.329
105	 -88.443	9	  71.433	  19.069	  40.405
106	 -85.264	9	  42.833	  37.966	  70.609
107	 -84.594	9	  47.545	 -33.884	  60.025
108	 -84.304	8	  31.586	 -28.310	  24.254
109	 -83.497	8	  61.401	  -5.850	  23.220
110	 -83.426	8	  26.579	  19.737	  76.198
111	 -81.641	8	  31.528	  -0.448	  -2.525
112	 -80.997	8	  53.732	 -38.467	  51.681
113	 -79.625	8	  25.985	 -11.738	   7.667
114	 -77.283	8	  41.014	 -18.313	  68.106
115	 -77.025	7	  68.352	 -14.101	  75.057
116	 -74.572	8	  67.939	 -23.279	  68.521
117	 -74.285	7	   4.284	  27.013	  78.316
118	 -72.278	7	  24.468	 -16.045	  24.430
119	 -71.455	7	  78.773	  -0.904	  61.449
120	 -71.164	7	  59.142	 -14.112	  13.044
121	 -71.025	7	  40.030	   0.923	  35.772
122	 -70.635	7	  69.927	  29.486	  61.837
123	 -65.711	7	  17.913	  18.014	  65.236
124	 -65.307	6	  80.065	  -2.710	  48.074
125	 -61.430	6	  28.257	 -17.892	  32.229
126	 -59.389	6	  40.382	 -18.962	  15.857
127	 -59.334	6	  18.333	  15.283	  73.770
128	 -57.689	6	  17.906	  30.261	  72.558
129	 -52.785	5	  22.577	  24.951	  82.837
130	 -52.610	5	  22.786	  -1.009	  -0.945
131	 -49.797	5	  31.525	   4.186	   6.258
132	 -49.133	5	  15.777	  29.762	  82.255
133	 -48.851	5	   0.578	  17.750	  76.498
134	 -47.876	5	  49.198	  17.552	  88.036
135	 -45.065	4	  68.793	 -24.129	  58.993
136	 -43.762	4	  23.551	  30.018	  66.826
137	 -41.722	4	  70.577	 -18.966	  51.006
138	 -40.921	4	  52.336	 -36.689	  43.736
139	 -40.262	4	  70.806	  12.781	  71.267
140	 -39.581	4	  35.593	 -35.238	  32.764
141	 -38.956	4	  23.807	 -14.179	  15.318
142	 -38.826	4	  45.069	 -37.965	  38.532
143	 -38.790	4	  18.382	  16.293	  -5.191
144	 -38.620	4	  47.862	 -16.347	  79.278
145	 -38.376	4	  29.752	  16.961	  64.112
146	 -37.978	4	  -0.151	  25.022	  91.761
147	 -37.222	4	  33.335	   7.974	   0.054
148	 -37.177	4	  15.066	   7.557	  -2.706
149	 -36.596	4	  37.840	 -30.504	  17.799
150	 -30.731	3	  75.577	  24.055	  59.833
151	 -29.624	3	  31.577	  27.430	  61.371
152	 -29.299	3	  16.261	  11.135	   3.044
153	 -29.175	3	  26.243	  -5.894	  27.366
154	 -28.694	3	  36.720	  36.076	  80.410
155	 -21.571	2	  31.577	  -6.701	   2.044
156	 -21.107	2	  -4.565	  24.084	  80.508
157	 -20.287	2	  58.577	 -36.703	  58.044
158	 -19.931	2	  50.577	   7.762	  35.566
159	 -19.863	2	  63.081	 -22.734	  79.044
160	 -19.545	2	  40.577	 -27.696	  64.044
161	 -18.577	2	  35.083	  -5.744	  66.550
162	 -13.891	1	  54.577	 -18.238	  55.044
163	 -13.820	1	  51.577	   4.762	  59.044
164	 -11.902	1	  55.577	  -9.238	  34.044
165	  -9.937	1	  54.577	  21.762	  37.044
166	  -9.330	1	  53.577	  36.762	  59.044
167	  -8.982	1	  39.577	  11.762	  94.044
168	  -8.966	1	  42.577	  19.762	  47.044
