1	-1274.797	109	   5.062	  13.322	  37.522
2	-1024.478	88	   1.017	   9.668	  43.705
3	-548.537	49	  17.353	   3.353	  58.589
4	-437.269	39	  12.426	  26.836	  41.134
5	-354.989	33	  19.804	  21.997	  55.056
6	-344.274	30	   4.731	  24.579	  31.810
7	-340.016	29	   1.694	   9.877	  53.542
8	-333.849	31	  -8.855	  24.375	  21.579
9	-292.097	29	 -15.996	  14.343	  34.231
10	-285.861	26	  16.874	  12.100	  40.988
11	-271.473	25	   2.316	  26.129	  56.540
12	-264.650	23	  -9.266	  11.775	  39.751
13	-248.414	22	  -7.292	  22.676	  52.467
14	-239.085	23	  -4.169	   9.050	  23.417
15	-234.495	20	 -15.173	  27.709	  30.770
16	-220.710	20	 -14.716	  26.136	  40.793
17	-216.028	21	 -10.774	  12.841	  24.103
18	-195.841	19	 -10.738	  18.564	  47.866
19	-191.856	19	  -0.311	  28.801	  29.263
20	-190.698	19	   6.607	  15.629	  29.526
21	-188.468	17	  11.473	  -2.594	  58.217
22	-188.280	18	  -3.375	   4.197	  35.505
23	-181.138	17	  -0.942	  33.633	  48.166
24	-175.331	17	  -3.832	  18.987	  16.810
25	-172.402	17	  11.240	   6.705	  35.186
26	-169.827	16	  20.345	  14.358	  60.023
27	-168.711	16	  12.299	  -2.367	  45.230
28	-163.873	16	   6.748	  11.239	  59.702
29	-159.139	13	   3.141	  33.168	  40.902
30	-149.746	15	   5.875	  -1.433	  37.260
31	-117.153	12	 -15.894	  20.659	  24.045
32	 -99.798	9	  -8.261	  33.125	  30.503
33	 -80.397	8	  19.409	   2.618	  45.996
34	 -79.817	8	  23.384	  13.245	  45.969
35	 -79.717	8	   0.795	   4.301	  28.001
36	 -78.058	8	  -4.035	  35.242	  36.727
37	 -51.769	5	  18.406	  23.302	  44.231
38	 -48.555	5	   6.044	  21.918	  61.215
39	 -39.685	4	  19.483	  -4.022	  52.205
40	 -38.829	4	   2.835	  -3.563	  48.685
41	 -31.493	3	   3.919	  11.403	  20.600
42	 -20.847	2	  -9.457	  33.500	  44.215
43	 -19.349	2	  14.016	  27.974	  57.267
44	 -19.338	2	   7.526	  33.500	  52.215
45	  -9.411	1	 -14.984	  34.500	  37.215
