1	-986.354	82	  38.768	 -11.563	 -17.705
2	-879.134	75	  25.049	   6.715	 -13.493
3	-551.887	49	  18.276	  -5.264	   4.276
4	-518.968	43	  21.134	 -16.070	  -9.799
5	-516.456	47	  20.386	  34.513	 -10.627
6	-515.203	37	  23.575	   1.331	 -30.611
7	-514.535	48	  11.025	  23.608	 -14.833
8	-443.263	38	  32.619	  14.126	 -16.225
9	-437.251	39	  10.277	   6.981	  -6.192
10	-435.728	37	  26.382	   8.300	 -32.917
11	-381.157	35	  28.068	  26.089	 -31.389
12	-379.939	33	  17.761	   9.321	 -31.590
13	-371.125	35	  38.302	  15.266	 -29.139
14	-363.056	33	  45.080	  -5.279	  -5.779
15	-356.014	33	   4.617	   8.783	 -15.838
16	-352.711	33	  32.888	  21.514	 -24.035
17	-341.799	32	  28.573	  17.311	 -36.573
18	-334.023	32	  10.887	 -10.194	   1.183
19	-319.179	30	  35.945	  -3.438	   0.548
20	-318.912	31	   5.106	  10.874	 -23.921
21	-312.994	28	  23.692	 -13.562	 -26.642
22	-292.744	26	  47.799	  -5.358	 -15.607
23	-268.795	26	   3.593	  -6.968	   4.998
24	-267.781	24	   2.615	   0.426	  -1.469
25	-267.079	24	  15.036	  34.233	 -18.787
26	-260.193	26	  30.195	  34.960	 -21.208
27	-236.414	23	  31.258	 -18.903	 -24.917
28	-233.493	22	  38.439	 -10.448	  -1.231
29	-219.930	20	   9.113	 -12.483	 -17.571
30	-218.412	21	  11.401	  -4.206	 -25.635
31	-206.171	20	  39.017	  20.782	   9.066
32	-204.892	19	  49.002	  -4.059	 -25.266
33	-188.054	18	  38.552	 -15.659	  -8.020
34	-165.409	17	  29.281	   3.366	  -2.683
35	-159.377	15	  26.573	  -9.518	 -31.687
36	-155.101	15	  29.122	  24.145	 -11.700
37	-146.769	15	  33.986	  13.161	  -7.316
38	-138.374	14	  24.310	  35.741	 -30.725
39	-134.198	13	  39.739	  -6.197	 -34.348
40	-131.987	13	   3.584	 -10.732	 -10.234
41	-126.073	13	  36.073	   9.457	 -36.583
42	-125.549	12	  -1.734	  -5.038	  -7.592
43	-123.002	12	  19.959	  28.116	 -38.643
44	-119.680	12	   4.846	  -7.387	 -22.030
45	-111.456	11	   7.280	  26.427	 -27.598
46	-111.405	11	  22.107	 -13.028	   5.024
47	-111.216	11	   7.797	  16.563	 -30.428
48	-104.006	10	  31.721	 -22.573	  -6.710
49	-102.439	10	  46.776	   3.735	 -31.216
50	-100.288	10	  29.129	  -4.810	   7.261
51	 -91.962	9	  44.198	   8.724	 -12.717
52	 -91.874	9	  14.458	  22.113	 -37.360
53	 -91.137	9	  32.231	 -15.223	   0.912
54	 -86.341	8	  12.904	  30.364	  -5.533
55	 -84.820	9	  43.938	 -12.300	 -28.038
56	 -84.266	8	  19.044	  -6.844	 -30.445
57	 -83.068	8	  15.835	   2.790	   0.029
58	 -82.553	8	  43.893	   9.624	 -23.211
59	 -81.774	8	  49.618	   1.471	 -18.842
60	 -69.444	7	  16.731	 -19.064	 -18.722
61	 -68.777	7	  23.189	  27.204	  -2.414
62	 -67.034	4	  31.021	   3.852	 -24.524
63	 -66.626	7	  16.527	  17.906	  -9.117
64	 -65.266	4	  18.678	  -2.438	 -16.640
65	 -60.230	6	   3.118	  20.716	 -21.306
66	 -58.588	6	  12.056	   4.239	 -30.633
67	 -56.379	6	  14.778	  35.694	 -30.663
68	 -39.816	4	  42.960	   4.573	  -3.150
69	 -39.294	4	  19.925	   8.018	  -7.308
70	 -38.996	4	  20.183	 -15.518	  -1.670
71	 -37.309	4	  32.889	  -2.571	 -37.840
72	 -28.358	3	  37.916	  19.216	   0.225
73	 -28.002	3	   0.903	   2.602	 -20.537
74	 -27.732	3	   8.252	  28.683	 -19.179
75	 -27.728	3	  29.225	  20.041	  -1.872
76	 -23.066	2	  42.925	  15.018	  10.709
77	 -12.104	1	  22.925	  10.018	 -21.840
78	 -10.221	1	  20.925	  20.018	  -2.840
79	 -10.055	1	  36.925	 -24.982	 -14.840
80	  -9.338	1	  20.925	 -20.982	 -26.840
