1	-695.154	58	  19.283	   4.317	  13.308
2	-660.577	52	  32.379	  12.658	  -6.612
3	-515.324	43	  16.577	   5.174	  -3.645
4	-428.212	36	  36.325	   1.572	   6.484
5	-420.302	39	  23.361	  17.462	  21.040
6	-374.023	35	  27.786	  27.154	  -3.110
7	-304.379	27	  12.348	   7.489	  19.883
8	-302.469	27	   5.628	   6.432	   7.240
9	-270.345	25	  41.027	   5.450	  17.903
10	-256.543	23	  10.894	  17.405	  -8.763
11	-256.470	24	  29.990	  -2.366	   5.366
12	-245.553	23	  21.806	   1.047	  -3.749
13	-243.204	23	  41.178	  20.658	  -6.200
14	-233.681	22	  46.457	  10.335	  -0.463
15	-232.231	22	  49.772	  14.003	  10.934
16	-210.539	20	  29.578	   2.648	  20.676
17	-207.059	20	  37.086	  16.019	  19.463
18	-166.458	17	  13.878	  24.284	  -2.532
19	-159.889	15	  25.120	  27.790	 -10.769
20	-151.752	14	  37.418	  18.210	 -12.494
21	-148.325	14	  28.082	  11.459	  27.064
22	-148.025	15	  20.323	  14.186	 -14.115
23	-146.947	14	  38.783	   3.834	  -2.863
24	-139.026	13	   3.138	  15.742	   0.843
25	-137.733	13	  23.981	   6.521	 -11.158
26	-128.768	12	  28.745	  -2.530	  13.931
27	-121.822	11	   4.946	  10.944	  -5.518
28	-119.364	12	  27.212	  21.486	 -15.397
29	-113.780	9	  11.792	  10.156	  -9.238
30	-107.197	11	  47.248	   4.722	  11.372
31	-100.676	10	  28.894	  25.366	   5.851
32	 -99.911	10	  22.924	  22.416	  12.909
33	 -87.692	8	  12.250	  23.062	  11.060
34	 -81.475	8	  17.494	  24.426	 -12.984
35	 -75.650	7	   3.458	  16.911	   9.024
36	 -65.859	6	  40.082	  24.477	   8.322
37	 -65.858	6	  13.208	   0.638	   4.506
38	 -63.250	6	  46.806	  20.342	   8.887
39	 -41.810	4	  31.815	   0.579	  -3.314
40	 -41.473	4	  12.807	   2.716	 -12.791
41	 -39.386	4	  39.815	  -6.253	  10.398
42	 -38.017	4	  38.383	  27.151	  -8.468
43	 -22.560	2	  18.815	  26.304	   6.918
44	 -21.602	2	  14.815	  11.716	  27.387
45	 -19.669	2	  32.325	  24.716	  13.918
46	 -10.959	1	  23.815	  19.716	  -6.082
47	 -10.210	1	  20.815	   5.716	  28.918
48	  -9.316	1	   5.815	  22.716	   3.918
