1	-687.442	55	  32.421	  12.418	  -6.553
2	-677.412	57	  15.679	   4.681	  -3.917
3	-673.049	54	  19.156	   4.359	  13.428
4	-559.136	47	  35.524	   0.930	   5.894
5	-421.089	39	  27.646	  27.067	  -3.191
6	-403.839	37	  23.714	  17.355	  20.667
7	-397.145	36	  39.204	  19.354	  -9.129
8	-340.495	31	   5.383	   6.644	   7.775
9	-286.923	24	  44.475	   3.256	  11.494
10	-265.358	26	  13.757	  24.571	  -1.785
11	-261.059	24	  28.807	  -2.582	   5.038
12	-260.946	25	  27.528	   9.850	  26.439
13	-224.441	22	  37.669	  16.277	  18.050
14	-214.823	20	  14.213	   5.417	  21.718
15	-181.807	16	  22.323	   1.707	  -6.096
16	-177.532	16	  48.580	  12.465	  10.324
17	-173.367	17	  27.350	   1.715	  19.966
18	-172.749	15	  45.597	   9.171	   0.115
19	-172.730	16	  40.618	   6.646	  17.882
20	-156.505	14	  10.792	  17.152	  -8.365
21	-155.273	14	  24.133	  26.490	 -11.909
22	-147.998	15	  24.247	  16.762	 -13.804
23	-144.253	13	   5.084	  11.192	  -5.971
24	-135.901	14	  43.127	  22.199	   9.527
25	-135.201	13	   2.850	  15.401	   0.796
26	-116.480	12	  28.193	  24.887	   5.832
27	-111.260	10	  28.959	  -2.608	  14.106
28	-103.481	10	   2.981	  16.346	   9.230
29	-101.552	9	  23.074	   7.831	 -11.572
30	-100.615	10	  23.066	  22.170	  12.747
31	 -85.702	8	  37.701	   3.961	  -3.721
32	 -78.469	7	  13.678	   0.142	   5.232
33	 -73.468	7	  11.965	  22.882	  10.844
34	 -60.511	5	   8.934	   9.089	  17.380
35	 -41.561	4	  30.952	  25.978	 -15.746
36	 -38.031	4	  36.702	  27.720	 -10.001
37	 -37.962	4	  31.449	   0.480	  -3.516
38	 -29.856	3	  32.395	  24.118	  12.998
39	 -29.601	3	  15.045	  11.796	  27.342
40	 -20.493	2	   5.701	  22.471	   4.515
41	 -20.468	2	  39.701	  -5.042	   9.511
42	 -20.052	2	  21.232	   6.940	  29.467
43	 -14.778	1	  27.701	   9.471	  17.998
44	 -14.429	1	  23.701	  19.471	  -6.002
45	 -12.485	1	  18.701	  26.471	   6.998
46	 -10.170	1	  31.701	  16.471	  23.998
47	  -9.413	1	  14.701	   2.471	 -17.002
