1	-1071.366	92	   9.522	  35.049	  31.268
2	-911.486	81	  23.507	  13.908	  22.458
3	-586.892	46	   0.405	  18.656	  18.506
4	-461.572	40	  19.888	  17.095	  41.610
5	-351.161	32	   1.278	  28.807	  18.620
6	-348.179	30	  29.124	   9.913	  30.438
7	-340.229	30	  16.667	  25.329	  39.898
8	-320.464	31	  -1.728	  12.290	  10.350
9	-305.136	27	  -2.737	  32.048	  29.834
10	-290.179	27	  10.918	  20.989	   5.404
11	-226.477	21	  25.514	  29.579	  10.982
12	-222.492	19	   2.236	  25.783	   9.588
13	-210.364	20	   5.770	  15.257	  45.728
14	-192.584	18	  15.872	   0.339	  36.993
15	-189.149	18	  12.603	  37.650	  19.721
16	-181.742	17	  30.233	  20.043	  35.763
17	-174.072	17	  -1.658	  33.870	  37.504
18	-173.230	16	  27.683	  18.401	  11.484
19	-159.611	15	  -3.637	  22.251	  41.267
20	-157.439	15	  13.033	   8.380	  46.308
21	-152.625	15	  -3.563	  17.152	  24.119
22	-145.215	14	  16.691	  34.425	  37.958
23	-134.801	13	  17.061	   8.439	  19.225
24	-134.103	13	   0.266	   6.605	  32.679
25	-133.107	13	  13.820	  12.163	   8.051
26	-127.356	12	   9.458	   2.580	  40.273
27	-119.455	12	  17.960	  31.563	   9.539
28	-117.398	11	  -4.677	  13.517	  34.594
29	-115.897	11	  28.919	  31.864	  30.568
30	 -96.441	9	  23.409	  35.214	  20.047
31	 -95.099	10	  -0.138	   7.659	  22.898
32	 -91.739	9	   8.462	  30.692	  10.920
33	 -90.014	8	   6.865	  28.052	  44.039
34	 -82.147	8	  12.243	   0.038	  29.952
35	 -68.888	7	  24.157	  28.702	  38.159
36	 -59.552	6	  10.513	   4.551	  17.469
37	 -56.230	5	   5.628	   2.248	  26.335
38	 -49.139	5	  24.828	   2.211	  41.335
39	 -48.623	5	  21.854	   0.654	  29.272
40	 -48.480	5	  19.578	  22.874	   4.147
41	 -47.019	5	  19.647	  38.596	  29.744
42	 -44.537	4	   3.576	  18.645	   5.037
43	 -28.739	3	  32.321	  18.399	  22.331
44	 -18.593	2	   6.536	  35.922	  41.730
45	 -18.411	2	  25.423	  10.408	  42.273
46	 -13.728	1	  19.022	  18.408	  10.730
