1	-1048.070	88	  13.969	 -18.077	  -1.067
2	-1037.250	84	   5.578	 -19.847	   7.805
3	-996.121	78	  12.350	  -4.479	  17.431
4	-911.012	71	  23.862	  -6.353	  11.560
5	-832.503	65	  -1.204	  -9.975	   6.597
6	-821.172	64	  24.088	 -22.465	   3.759
7	-776.371	59	  22.308	  -1.789	   1.164
8	-751.671	59	  11.394	 -13.695	  23.965
9	-475.828	41	  15.135	 -13.710	 -14.989
10	-441.619	43	  16.293	   6.539	 -11.380
11	-407.376	37	  -6.899	   2.922	   1.289
12	-392.098	36	  33.219	 -30.064	  13.926
13	-376.087	34	  25.236	 -11.957	   0.230
14	-375.144	34	  13.915	 -27.009	  31.665
15	-361.506	32	  26.327	 -31.259	  -0.798
16	-358.699	33	   2.952	   7.333	  19.301
17	-339.490	30	  12.146	 -11.871	  33.861
18	-324.183	29	   0.397	 -30.711	  15.590
19	-316.901	29	  27.385	   7.143	   0.549
20	-290.106	26	  38.021	 -10.951	  16.359
21	-274.970	25	   2.346	 -11.397	  16.841
22	-250.391	24	  -9.896	 -11.869	  -0.183
23	-234.308	22	  -9.685	 -12.450	   7.832
24	-228.538	20	  11.601	 -32.052	  -0.151
25	-206.828	19	  22.357	   8.548	  13.838
26	-195.940	18	  14.885	  13.360	  17.364
27	-193.845	17	  19.481	  -3.029	  18.137
28	-186.643	18	   1.307	 -22.125	  20.967
29	-186.501	17	  22.748	  -4.083	  28.019
30	-181.615	17	  -1.046	 -19.871	  -5.616
31	-158.501	16	   8.573	 -35.298	  22.196
32	-156.905	16	   1.225	  11.775	   9.979
33	-149.985	14	 -11.763	   3.472	   8.404
34	-148.083	14	  39.378	 -27.776	   9.980
35	-143.946	13	  -2.059	  -1.768	  16.847
36	-143.433	14	  34.753	 -14.994	   6.025
37	-141.422	14	  -1.332	 -21.324	   5.828
38	-139.498	13	  22.166	   3.330	 -15.344
39	-139.344	13	   6.237	 -38.025	   5.511
40	-139.326	14	   8.926	  -5.270	  26.827
41	-139.208	14	  36.593	 -18.607	  21.640
42	-121.073	12	   9.634	  -4.639	 -16.872
43	-116.641	12	  -0.544	   4.319	  -5.006
44	-116.622	11	  32.611	  -4.644	  27.913
45	-115.767	11	  10.391	 -21.347	 -13.945
46	-110.241	11	  23.773	  -9.251	  -8.565
47	-109.207	10	   6.196	 -27.361	  33.375
48	-102.614	10	   1.873	 -19.330	 -15.368
49	 -97.977	10	  21.304	  -4.327	 -18.085
50	 -91.854	9	   7.409	   6.246	  -6.973
51	 -89.652	7	  31.455	  -7.151	  13.400
52	 -79.207	8	  16.234	 -17.076	  38.001
53	 -78.059	8	   1.051	 -30.179	  27.295
54	 -73.548	7	  27.163	 -22.624	  31.992
55	 -73.410	7	  -0.420	 -32.155	   7.331
56	 -72.553	7	  21.528	 -29.840	  24.953
57	 -70.493	7	  36.198	 -11.893	  27.108
58	 -68.720	7	  17.387	 -23.417	  -5.923
59	 -68.240	7	  11.659	  12.110	  -4.239
60	 -67.308	7	  -7.462	   6.545	  15.226
61	 -65.894	7	   1.529	 -21.547	  29.177
62	 -62.126	6	  11.762	  16.627	   3.600
63	 -60.965	6	  -3.211	  -2.203	 -12.069
64	 -60.670	6	  29.124	  -0.998	   9.544
65	 -59.162	6	  27.102	  -1.779	 -10.874
66	 -57.833	6	  26.609	 -32.303	  18.972
67	 -56.005	6	  28.751	   7.035	 -10.714
68	 -53.856	5	  17.310	  16.991	  10.325
69	 -52.870	5	  18.285	 -40.603	  13.113
70	 -50.916	5	  -3.936	 -13.825	 -14.614
71	 -50.690	5	  31.499	  -2.194	   2.346
72	 -49.340	5	  11.121	   7.993	  23.322
73	 -46.698	5	  38.075	 -25.326	   2.530
74	 -41.781	4	 -14.682	  -6.199	  -0.244
75	 -40.063	4	  41.864	 -20.222	  10.663
76	 -38.668	4	  25.818	 -22.294	  -4.842
77	 -33.246	3	  30.103	  -9.727	  33.523
78	 -32.315	3	  13.768	 -41.009	   5.597
79	 -30.351	3	  35.749	  -3.009	  20.240
80	 -29.229	3	   4.086	 -12.314	 -18.072
81	 -28.904	3	  32.745	 -36.015	   2.599
82	 -28.083	3	  38.440	  -4.692	  10.596
83	 -26.200	2	  17.617	  -2.009	  -9.072
84	 -19.355	2	 -12.506	  -3.009	  11.362
85	 -14.777	1	  -6.897	  -7.009	  -5.072
86	 -10.751	1	  14.103	 -12.009	   8.928
87	  -9.050	1	  24.103	  13.991	  -3.072
