1	-1237.495	101	   4.215	 -19.969	   6.959
2	-1088.260	92	  14.854	 -18.683	  -2.476
3	-987.950	79	  11.877	  -4.349	  17.651
4	-948.462	78	  23.301	  -6.656	  11.686
5	-755.965	58	  23.607	 -22.535	   3.695
6	-685.150	48	  21.630	  -1.139	   1.769
7	-683.321	51	  -1.045	 -10.199	   5.705
8	-642.132	47	  11.529	 -13.300	  23.483
9	-451.645	41	  16.081	   6.487	 -10.592
10	-449.850	40	  36.374	  -9.656	  15.058
11	-430.737	40	  13.932	 -26.279	  31.730
12	-401.345	37	  -7.401	   2.881	   1.206
13	-393.102	36	   3.074	   7.435	  19.359
14	-385.546	35	  14.620	 -13.486	 -15.530
15	-365.125	33	  33.012	 -30.662	  13.061
16	-346.002	32	   0.314	 -31.057	  15.514
17	-337.938	31	 -10.002	 -11.600	   2.864
18	-309.997	30	   2.040	 -11.038	  17.252
19	-305.774	27	  12.198	 -32.760	  -0.908
20	-301.582	27	  25.105	 -12.149	   0.390
21	-297.429	29	  -2.239	 -19.765	  -6.157
22	-295.999	26	  22.686	   8.973	  12.933
23	-295.940	27	  27.478	   6.527	   0.191
24	-288.198	26	  26.016	 -31.476	  -0.907
25	-253.696	24	  29.219	  -2.743	   4.374
26	-233.536	22	  11.415	 -11.154	  32.969
27	-219.609	22	   0.482	  11.809	   9.457
28	-192.074	19	  36.609	 -20.473	  20.880
29	-191.041	18	  22.592	  -3.539	  26.235
30	-180.596	16	   6.936	 -20.991	  -0.172
31	-169.976	16	   4.884	 -26.025	  32.872
32	-167.726	17	   0.693	 -20.441	  21.075
33	-160.922	15	  38.813	 -27.505	   8.927
34	-155.042	16	   9.182	  -4.480	 -17.125
35	-154.975	14	   6.275	  -8.088	  25.722
36	-153.824	13	  19.182	  -3.208	  18.668
37	-149.204	15	   8.474	   8.323	  -6.505
38	-148.993	13	  15.378	  13.104	  18.757
39	-146.488	14	 -11.143	   3.936	   8.048
40	-142.562	14	  23.383	  -9.031	  -7.974
41	-142.416	14	  -3.247	  -4.289	  14.809
42	-141.729	13	   5.411	 -38.245	   5.226
43	-140.470	14	  40.849	 -19.873	  10.778
44	-136.081	14	   8.114	 -35.524	  21.056
45	-133.022	12	  -4.685	 -15.781	  10.140
46	-125.746	12	  32.658	 -12.649	  29.865
47	-120.621	12	  33.989	 -15.080	   5.633
48	-112.354	11	  22.042	 -27.610	  27.513
49	-102.324	9	  22.708	   3.571	 -15.004
50	-101.573	10	  19.774	  -5.299	 -18.368
51	-100.430	10	  -7.324	   6.282	  15.242
52	 -98.288	10	  11.037	  15.409	   1.199
53	 -97.990	10	  25.748	 -31.576	  19.526
54	 -93.569	8	  23.924	 -21.637	  -4.151
55	 -90.291	9	  -0.922	   4.199	  -4.998
56	 -75.092	8	   1.260	 -20.353	  28.436
57	 -70.132	7	  19.874	 -39.289	  14.608
58	 -67.892	7	  34.442	  -6.205	  27.516
59	 -65.873	6	  -0.553	 -32.149	   7.011
60	 -64.670	6	   0.303	 -29.471	  26.615
61	 -61.581	6	  -3.576	 -13.164	 -14.860
62	 -54.349	5	  13.155	 -40.973	   6.019
63	 -54.182	5	   1.774	 -19.791	 -15.377
64	 -54.054	5	  17.623	  17.027	  10.583
65	 -52.423	5	  10.379	   8.035	  22.998
66	 -51.404	5	 -13.864	  -6.351	  -2.298
67	 -50.086	5	  26.778	  -1.878	 -10.575
68	 -48.490	5	   4.167	 -13.060	 -17.976
69	 -46.675	5	  -9.813	  -1.092	  13.228
70	 -46.301	5	  31.508	 -36.396	   2.824
71	 -44.732	4	   3.554	  12.458	  -0.814
72	 -41.438	4	  14.597	 -16.747	  37.856
73	 -40.654	4	  26.505	 -21.229	  32.345
74	 -38.257	4	  28.232	   6.833	 -11.056
75	 -32.930	3	  -3.509	  -3.142	 -12.874
76	 -31.276	3	  29.768	 -26.552	  25.900
77	 -19.518	2	 -16.232	  -2.973	   8.132
78	 -19.154	2	   7.642	 -39.910	  13.020
79	 -19.021	2	  37.768	 -27.456	   1.132
80	 -18.863	2	  23.244	  14.027	  -2.909
81	 -13.282	1	  18.768	 -35.973	  21.615
82	 -11.026	1	  34.768	  -2.973	  19.615
83	 -10.689	1	  31.768	 -21.973	  10.615
84	 -10.518	1	   8.768	  15.027	  14.615
85	  -9.922	1	   2.768	   3.027	 -12.385
86	  -9.325	1	   4.768	 -29.973	   1.615
