1	-780.335	68	  -9.585	  36.073	  23.457
2	-708.990	61	  -8.786	  50.005	   2.281
3	-698.012	58	  -2.805	  52.062	  18.063
4	-637.096	55	  -2.944	  33.476	   7.130
5	-441.284	38	 -11.716	  27.833	  -1.507
6	-422.406	39	  -0.715	  45.274	  22.786
7	-329.043	29	 -23.648	  44.522	  25.014
8	-323.170	30	 -13.160	  56.865	  -3.774
9	-294.931	27	 -14.636	  29.583	  28.720
10	-293.486	26	 -12.554	  58.420	  27.758
11	-281.370	26	 -23.186	  42.900	  -0.151
12	-278.460	25	 -16.149	  19.518	   7.968
13	-262.524	26	  -9.445	  38.025	  -5.953
14	-250.471	24	  -9.700	  46.975	  31.437
15	-237.458	20	  -7.544	  63.057	   8.497
16	-202.499	20	  -4.867	  28.991	  17.627
17	-186.613	17	 -14.548	  66.478	  17.650
18	-183.081	17	  -1.257	  39.507	  -0.052
19	-160.540	16	 -20.870	  56.069	  23.318
20	-147.867	13	  -9.960	  22.548	  17.373
21	-146.167	14	 -21.656	  43.240	  -8.317
22	-144.085	11	  -5.645	  56.873	  24.291
23	-127.458	12	 -26.430	  47.952	  15.677
24	-114.944	11	 -22.132	  43.843	  33.531
25	-108.362	11	 -22.150	  30.937	   1.742
26	-107.095	11	 -25.091	  36.948	  26.197
27	-104.253	10	 -26.984	  39.778	   8.271
28	-100.464	10	   0.032	  38.755	  10.533
29	 -92.431	9	 -26.767	  34.307	  16.926
30	 -87.929	9	 -17.855	  36.340	  -8.921
31	 -82.230	8	 -24.009	  50.537	  -1.901
32	 -81.861	8	 -25.655	  55.655	   9.190
33	 -68.766	7	 -17.934	  53.614	  33.159
34	 -57.104	6	  -3.372	  54.345	   6.491
35	 -40.839	4	   2.650	  55.805	  25.267
36	 -40.111	4	 -20.321	  49.982	 -11.821
37	 -32.540	3	 -19.207	  65.363	  11.680
38	 -29.060	2	 -16.129	  41.023	  -0.765
39	 -28.479	3	 -17.278	  18.484	  17.062
40	 -27.741	3	 -21.894	  30.688	  31.646
41	 -20.896	2	   0.910	  48.023	  11.196
42	 -20.535	2	   0.989	  28.487	   1.117
43	 -19.720	2	 -22.547	  22.023	  13.109
44	 -19.632	2	  -4.133	  60.023	  31.182
45	 -19.034	2	 -18.054	  38.023	  37.653
46	 -17.715	1	 -17.547	  33.023	  10.653
47	 -12.977	1	 -16.547	  53.023	  14.653
48	  -9.609	1	  -0.547	  37.023	  21.653
