1	-1203.672	109	  35.861	  84.482	  38.107
2	-903.553	72	  -8.934	  57.182	   7.773
3	-900.233	70	   8.112	  84.833	  31.363
4	-893.435	85	  -5.320	  46.989	  -4.588
5	-810.732	74	 -12.313	  66.867	  18.181
6	-808.969	76	   5.531	  98.556	  22.796
7	-798.115	75	 -12.756	  70.160	  67.671
8	-788.257	62	   1.795	  74.224	  67.760
9	-772.631	68	 -12.282	  71.446	  25.965
10	-681.017	67	   7.531	  74.102	  38.369
11	-665.764	59	  -5.998	  70.474	  66.896
12	-659.452	59	   5.309	  92.485	  26.177
13	-592.384	54	   8.974	  91.151	  92.238
14	-581.455	51	  15.821	  88.979	  89.876
15	-560.398	50	   2.382	  60.519	 -17.855
16	-553.868	49	 -15.924	  52.341	  57.613
17	-542.186	48	   7.808	  61.360	  33.245
18	-536.950	48	   4.037	  67.561	  25.129
19	-536.788	47	  -5.455	  52.734	  -0.076
20	-481.428	46	   5.887	  47.907	  -1.012
21	-480.550	40	   0.636	  91.410	  34.981
22	-478.447	37	   7.150	  70.768	  72.237
23	-472.996	41	  21.528	  83.510	  59.499
24	-465.723	40	  12.104	  69.303	  40.262
25	-465.656	43	   8.609	  63.053	  62.626
26	-443.879	44	   5.202	 104.407	  32.332
27	-428.924	38	   0.662	  63.578	  68.483
28	-426.230	41	  -0.031	  67.464	  42.907
29	-423.617	37	  12.166	  81.494	  54.058
30	-422.860	37	  31.560	  81.257	  48.317
31	-418.441	39	 -18.596	  74.684	  -4.623
32	-417.178	37	  -5.594	  49.334	  35.624
33	-417.163	38	   8.642	  55.111	  22.189
34	-416.890	37	  -1.278	  60.793	   1.349
35	-407.005	35	  -5.452	  42.208	  32.939
36	-384.934	33	  -3.965	  70.493	  20.047
37	-374.438	36	 -11.051	  63.120	  75.308
38	-373.864	34	  18.414	  92.174	  49.779
39	-367.241	32	  14.173	  68.896	  47.997
40	-363.140	32	  34.583	  77.727	  41.891
41	-360.719	34	  -7.334	  68.842	  33.850
42	-359.875	35	  14.262	  88.479	  60.719
43	-351.555	34	  26.154	  73.747	  48.816
44	-350.929	28	   6.791	  77.175	  47.537
45	-349.870	33	  16.103	  75.548	  67.878
46	-344.105	32	  27.255	  89.940	  25.055
47	-341.852	31	   7.254	  65.134	  45.878
48	-340.746	30	 -22.191	  76.675	  80.950
49	-340.291	33	  23.543	 104.399	  34.287
50	-334.370	31	   6.096	  36.300	  23.674
51	-334.003	29	   9.271	  69.179	  89.831
52	-315.868	31	 -22.908	  61.100	  25.324
53	-313.552	28	 -18.956	  61.241	 -10.210
54	-311.447	28	 -12.573	 105.452	  25.681
55	-310.362	31	   7.764	  55.262	  58.020
56	-310.099	30	  -5.444	  70.062	   3.680
57	-300.331	27	  -5.207	  59.247	  35.485
58	-298.755	21	  -3.081	  60.006	  12.687
59	-296.678	26	  19.247	 108.071	  20.650
60	-292.126	27	  -3.547	  88.469	  87.776
61	-282.423	28	  15.094	  65.039	  54.271
62	-279.223	19	  -0.912	  69.855	  76.845
63	-277.107	27	  -3.592	  82.083	  37.161
64	-276.997	27	  14.423	  66.106	  27.501
65	-263.118	24	   4.297	  73.424	  95.931
66	-258.546	26	  19.811	  89.534	  67.645
67	-258.212	24	  19.951	  73.950	  82.992
68	-254.367	21	  -7.046	  84.256	  16.744
69	-253.611	18	  -0.067	  52.480	   8.617
70	-249.716	17	  11.105	  93.494	  35.971
71	-249.595	23	 -13.996	  99.342	  30.363
72	-249.529	24	 -12.480	  84.589	  38.363
73	-243.252	18	   9.119	  85.384	  39.230
74	-241.773	23	 -14.075	  79.565	  17.783
75	-236.176	23	  -8.698	  51.368	  57.960
76	-236.106	21	 -14.525	  63.049	  48.190
77	-234.108	22	  -5.598	  88.524	  77.586
78	-230.323	23	 -13.859	  76.655	   4.964
79	-228.562	22	 -20.192	  54.309	   7.736
80	-227.234	22	  16.376	  80.000	  94.845
81	-226.023	23	 -25.037	  60.988	  17.477
82	-222.186	21	  37.101	  97.833	  39.316
83	-219.761	21	 -10.197	  75.455	  89.848
84	-219.491	21	  25.458	  98.248	  46.491
85	-218.169	20	 -16.392	  84.886	  83.872
86	-216.859	20	 -13.304	  94.465	  14.668
87	-212.913	19	  -2.453	  74.955	  -3.443
88	-210.801	21	   1.311	  83.576	  62.232
89	-209.237	20	   2.512	  72.367	 -12.808
90	-208.503	19	  15.154	 101.176	  15.507
91	-207.461	20	   7.811	  55.848	  -0.097
92	-206.323	19	 -12.474	  58.242	 -20.781
93	-203.388	20	  -5.159	  72.530	  49.191
94	-202.332	20	  -0.694	  48.861	  57.282
95	-197.065	19	   2.795	  51.156	  35.706
96	-196.845	17	  -0.089	  31.750	  -0.042
97	-193.592	19	  10.881	  77.272	  22.171
98	-189.817	19	  -3.479	  93.572	  15.582
99	-189.745	17	  -5.201	  30.298	   9.515
100	-189.329	17	  33.180	  94.354	  32.377
101	-186.855	18	 -20.587	  69.427	  20.420
102	-181.881	17	  16.612	  99.084	  44.807
103	-181.590	18	 -16.063	  93.129	  36.242
104	-176.265	17	   6.624	  38.379	  12.056
105	-176.148	16	   9.780	  47.141	  26.602
106	-174.761	16	  -4.275	  97.949	  33.870
107	-172.869	16	  -3.628	  71.759	  92.111
108	-170.526	16	  27.305	 102.830	  22.504
109	-166.320	16	   2.421	  65.938	  88.023
110	-160.550	16	  -8.400	  74.711	  36.093
111	-159.071	14	  -1.725	  84.840	  99.181
112	-158.532	15	 -11.056	  35.126	  11.333
113	-155.647	15	  21.744	  83.900	  85.932
114	-154.994	15	   9.981	  50.103	  15.637
115	-154.581	14	   3.374	  59.276	  -6.044
116	-152.851	15	 -24.617	  67.356	   8.886
117	-151.874	15	  -7.778	  37.381	  23.693
118	-147.528	15	  22.276	  68.238	  28.749
119	-144.321	15	  17.886	  64.123	  37.557
120	-142.514	14	  -9.393	  70.288	 -20.760
121	-136.375	14	  -0.215	  49.415	  48.641
122	-134.404	13	 -25.289	  68.575	  -0.351
123	-131.388	13	 -20.383	  59.911	  56.559
124	-127.891	13	   5.688	  50.828	 -13.458
125	-127.166	12	   9.542	  94.117	  69.686
126	-126.270	12	 -10.375	 103.529	  16.685
127	-126.183	12	 -20.496	  57.950	  -1.210
128	-122.724	11	  -5.254	  57.438	  66.827
129	-118.113	12	 -13.102	  51.716	  -0.662
130	-117.869	12	   4.090	  38.617	  32.966
131	-117.326	11	  -8.125	  36.080	  -3.030
132	-116.354	12	  -3.400	  56.652	  77.471
133	-114.256	11	  19.054	  96.919	  81.246
134	-111.926	11	 -19.487	  80.179	  71.135
135	-110.356	10	  24.187	  85.851	  75.409
136	-110.231	11	 -14.476	  41.289	  16.703
137	-109.466	11	   9.748	  98.617	  81.796
138	-109.220	11	 -10.718	  64.771	  83.963
139	-108.961	11	  -0.457	  78.234	  54.864
140	-108.883	10	  20.028	  71.092	  91.912
141	-108.317	11	  14.465	  62.254	  81.297
142	-108.115	11	 -13.776	  53.452	 -12.112
143	-106.307	10	  -4.387	  51.399	 -19.876
144	-100.414	10	 -11.652	  70.144	  53.890
145	 -99.609	10	   1.840	  30.280	  10.266
146	 -95.245	9	   2.137	  80.505	  18.884
147	 -93.305	9	  27.612	  78.062	  24.642
148	 -92.511	9	 -23.054	  93.917	  29.457
149	 -89.195	9	 -15.706	  49.563	  38.393
150	 -82.301	7	  -2.089	  57.333	 -24.236
151	 -78.392	8	 -17.973	  42.863	  25.567
152	 -78.326	8	  -1.788	  72.608	 -19.729
153	 -76.219	8	   6.246	  37.939	  -0.296
154	 -76.112	8	  -5.716	 108.617	  26.745
155	 -73.799	7	   2.247	  92.349	  95.165
156	 -71.672	7	  -2.144	  56.869	  42.949
157	 -71.101	7	 -16.711	  68.542	  58.992
158	 -71.003	7	 -21.874	  92.089	  21.555
159	 -70.162	7	  32.969	  66.995	  36.717
160	 -68.664	7	  10.831	  45.254	   5.941
161	 -65.800	6	 -17.492	  66.648	 -15.992
162	 -65.256	6	  -9.683	  54.674	  44.353
163	 -64.600	6	 -22.496	  69.509	  -9.640
164	 -63.243	6	   1.984	 101.052	  40.842
165	 -60.865	6	  -3.655	  32.506	  29.368
166	 -59.207	6	 -24.015	  48.361	  17.994
167	 -58.913	5	  16.876	  82.365	  47.000
168	 -57.778	6	 -19.035	  57.281	  66.745
169	 -56.956	6	 -19.648	  69.643	  76.381
170	 -56.136	5	 -15.108	  63.500	  31.645
171	 -50.446	5	  22.691	  78.338	  71.929
172	 -49.663	5	   3.895	  94.847	  78.388
173	 -49.524	5	   6.440	  87.218	  51.082
174	 -49.069	5	  34.830	  75.407	  30.259
175	 -48.419	5	   6.850	  66.765	  17.067
176	 -48.323	5	  -6.454	  47.828	 -12.806
177	 -47.493	5	  25.822	  63.585	  35.048
178	 -46.044	5	  14.628	 110.376	  29.056
179	 -45.917	3	  31.834	  90.213	  44.494
180	 -40.428	4	 -10.704	  70.025	  10.660
181	 -40.366	4	   7.615	  79.775	  97.642
182	 -39.788	4	  22.037	  72.435	  54.619
183	 -39.491	4	 -16.628	  44.399	   6.641
184	 -38.798	4	 -11.887	  48.964	  49.915
185	 -38.696	4	 -21.135	  84.568	  23.137
186	 -37.818	4	  26.116	  79.000	  79.119
187	 -37.380	4	 -20.946	 101.215	  22.656
188	 -31.307	3	  -2.243	  65.597	 -25.101
189	 -30.491	3	 -19.482	  44.619	  32.660
190	 -30.417	3	  28.486	  90.657	  53.660
191	 -29.461	3	   9.834	 106.280	  21.334
192	 -29.239	3	   0.483	  79.977	 -10.008
193	 -28.939	3	 -21.813	  59.330	  34.047
194	 -28.057	3	  20.123	  78.645	  19.979
195	 -27.971	3	  22.153	  94.657	  73.329
196	 -23.585	2	  -7.631	  84.977	  68.660
197	 -20.404	2	 -13.851	  60.662	  38.975
198	 -20.159	2	   0.282	  39.529	  -5.340
199	 -18.682	2	   7.875	  55.998	  47.191
200	 -18.524	2	  16.838	  88.482	  17.656
201	  -9.657	1	 -21.166	  82.977	  32.660
202	  -9.249	1	  15.834	  63.977	  89.660
203	  -9.247	1	   0.834	  91.977	  67.660
204	  -9.112	1	  25.834	  97.977	  15.660
205	  -9.097	1	   7.834	  46.977	  53.660
206	  -8.950	1	  -6.166	  77.977	 -14.340
207	  -8.946	1	 -18.166	  55.977	  45.660
