1	-1653.672	136	  -3.122	 -17.518	  27.904
2	-1586.109	138	  23.889	   5.512	  22.268
3	-892.959	81	 -17.458	   7.205	  20.712
4	-759.237	67	   5.074	   5.776	  39.906
5	-719.733	59	  -0.061	   0.862	  -2.408
6	-715.684	55	  20.913	 -11.742	  35.354
7	-704.568	57	  22.500	 -11.684	  52.177
8	-703.550	61	   8.684	  -9.258	  -5.799
9	-700.696	54	   3.674	   3.100	  14.191
10	-696.120	63	   5.895	  13.065	  28.572
11	-642.405	52	  21.900	   1.633	  -6.630
12	-598.061	53	  14.343	  -1.869	  55.700
13	-590.707	53	 -10.233	  22.098	   3.485
14	-575.826	51	  17.486	 -16.337	   9.647
15	-562.962	49	  40.784	 -26.550	  44.191
16	-523.995	46	  27.936	 -14.848	  17.369
17	-513.053	43	  38.474	 -22.439	  50.169
18	-449.417	41	  19.850	 -31.833	  32.451
19	-443.142	39	  30.357	 -16.043	  52.007
20	-435.020	39	  -3.521	   9.051	  -3.438
21	-421.868	38	  40.958	   0.276	  41.965
22	-413.597	40	  19.763	  -8.112	  -6.678
23	-413.195	41	   0.297	   4.863	  24.137
24	-407.189	37	   1.341	 -20.766	   5.356
25	-392.853	38	   6.285	 -27.858	  33.685
26	-380.611	37	  20.593	 -18.256	  25.813
27	-376.515	34	  -3.443	  21.794	   7.483
28	-374.657	31	  25.913	   9.587	  50.533
29	-369.309	36	 -13.020	  -8.067	  22.768
30	-362.413	32	  23.418	 -21.434	  50.741
31	-355.058	31	  30.397	   5.081	  11.220
32	-345.671	31	  10.601	  15.304	  10.504
33	-341.063	32	  32.404	 -37.432	  24.371
34	-333.909	31	  16.636	  18.632	   0.908
35	-329.576	29	  34.537	  -6.577	  34.425
36	-328.924	31	  39.902	 -20.608	  38.531
37	-326.092	30	  22.855	 -38.648	  33.836
38	-321.027	27	  -8.181	  17.821	  -2.319
39	-308.992	28	  27.259	  14.300	  31.422
40	-304.534	29	  15.776	  11.932	  51.638
41	-300.702	27	   0.286	  -6.736	  48.895
42	-299.550	28	  37.404	 -32.724	  53.482
43	-299.171	28	  -7.871	  -9.559	   1.103
44	-297.611	28	 -16.485	  20.483	  27.015
45	-293.491	27	   7.420	  11.511	  20.779
46	-290.611	28	  10.739	 -18.469	  53.073
47	-287.685	27	   4.939	  20.786	   1.321
48	-266.862	26	  -6.035	  19.364	  22.997
49	-260.102	25	  28.374	  10.030	   1.645
50	-248.188	24	  30.442	 -15.685	  33.077
51	-245.473	23	  37.062	 -12.226	  53.819
52	-245.046	24	 -27.063	  17.272	   8.059
53	-243.834	23	  22.075	  14.701	  15.015
54	-243.386	23	  34.309	 -26.111	  26.810
55	-242.358	21	  40.857	 -11.222	  42.649
56	-237.862	23	   1.783	  13.494	  14.438
57	-235.067	22	 -17.698	  17.442	  -3.259
58	-231.407	21	   4.679	 -21.910	  17.140
59	-226.773	21	  20.741	  17.669	  32.469
60	-222.742	21	  10.170	 -27.336	  43.353
61	-219.655	20	  11.644	   2.192	 -12.876
62	-212.984	20	  -3.988	  -7.567	  37.817
63	-201.318	20	  22.312	 -38.162	  24.419
64	-201.055	19	  34.444	  12.769	  40.442
65	-192.338	18	  31.764	 -11.220	   1.550
66	-192.022	15	   8.021	  -7.620	  51.870
67	-190.661	17	  -9.673	   4.261	  -0.302
68	-190.398	17	 -14.383	  -6.716	  12.404
69	-177.997	17	  43.818	 -36.043	  38.129
70	-176.342	14	   2.269	 -13.982	   0.983
71	-170.810	17	  42.658	 -32.208	  28.954
72	-168.645	17	  14.034	  18.206	  29.303
73	-167.829	17	  26.644	 -12.556	  27.860
74	-166.211	16	  30.093	  -4.236	  20.903
75	-165.223	11	  15.307	  -1.879	  23.103
76	-162.449	16	  32.674	  -2.229	  11.244
77	-160.716	15	  37.448	   8.851	  50.872
78	-160.694	15	  10.971	 -22.090	  23.773
79	-152.561	15	  27.793	 -41.718	  42.856
80	-150.135	14	  16.573	   6.320	  55.902
81	-146.119	14	   2.723	   4.154	  48.591
82	-140.169	13	  29.151	   0.381	  -2.275
83	-140.163	13	  -4.550	  -2.466	  29.399
84	-139.262	13	  24.397	  17.527	  43.146
85	-136.739	13	  13.990	  20.720	  41.181
86	-131.272	13	 -24.940	   8.275	  10.953
87	-122.877	12	  30.093	 -21.540	  19.653
88	-121.612	12	  12.995	 -20.298	   1.962
89	-120.891	12	  27.866	   4.794	  58.063
90	-116.146	11	 -18.629	  11.352	  30.767
91	-113.155	11	  32.586	 -42.152	  32.772
92	-111.086	7	   3.733	  -6.612	   9.114
93	-110.630	11	 -10.765	  28.624	  18.120
94	-109.966	10	  15.276	  12.814	  23.096
95	-102.191	10	  16.022	 -29.493	  49.077
96	-100.327	10	  16.865	  10.718	 -11.287
97	 -96.550	9	  43.234	 -35.218	  47.836
98	 -90.926	9	 -23.255	  20.480	  19.991
99	 -88.915	9	   0.781	  18.296	  -5.942
100	 -84.932	8	 -15.298	  28.456	  11.115
101	 -82.631	8	  -2.928	 -24.400	  36.983
102	 -82.211	8	  36.101	   1.580	  29.279
103	 -80.452	8	   5.444	 -28.385	  26.486
104	 -79.004	7	 -21.166	  25.295	   2.571
105	 -75.966	8	 -17.222	  -2.504	   5.765
106	 -75.723	8	  34.675	 -12.499	  14.211
107	 -75.083	6	  -7.033	  -4.988	  18.863
108	 -70.924	7	   6.039	  19.772	  31.438
109	 -65.176	4	  24.142	  -5.651	   0.185
110	 -63.661	4	  10.624	 -21.847	  34.086
111	 -63.596	6	  -5.295	  10.466	  29.998
112	 -61.616	6	  -0.232	 -13.933	  51.711
113	 -61.075	6	  -6.154	 -18.986	  41.555
114	 -60.604	6	 -10.512	 -21.128	   7.774
115	 -59.881	6	 -11.949	  -8.420	  31.013
116	 -58.652	6	  21.139	 -15.841	  -3.641
117	 -58.359	6	 -24.981	  17.057	  -1.447
118	 -57.809	6	  11.847	 -35.112	  39.385
119	 -57.225	6	 -17.850	   8.199	  -1.289
120	 -56.890	6	  -0.046	 -22.581	  48.608
121	 -52.061	5	 -12.218	 -17.857	  19.902
122	 -49.961	5	  44.178	  -8.238	  49.323
123	 -49.875	5	  11.147	  17.204	 -10.279
124	 -49.691	5	  38.435	  -2.550	  55.886
125	 -49.087	4	  28.591	  -6.935	  45.113
126	 -43.732	3	   5.391	 -10.864	  26.294
127	 -42.595	4	  34.811	 -43.405	  46.273
128	 -39.212	4	  28.668	 -29.176	  54.201
129	 -38.622	4	   8.925	 -25.647	  50.711
130	 -37.990	3	  -5.521	   3.399	   7.133
131	 -37.757	4	  -6.597	 -25.382	  22.227
132	 -37.722	4	 -11.344	   6.396	  26.505
133	 -36.307	3	   7.178	   8.500	   1.077
134	 -31.575	3	  23.603	 -37.938	  48.476
135	 -31.442	3	  10.861	 -22.298	  10.711
136	 -31.413	2	  13.745	  -9.651	  41.711
137	 -30.139	3	  25.028	  15.411	   7.178
138	 -29.620	3	 -14.822	  -9.276	   5.032
139	 -29.441	3	  24.567	 -29.347	  17.711
140	 -28.245	3	  35.507	   9.699	  33.061
141	 -22.358	2	  26.178	 -28.651	  43.220
142	 -21.182	2	  22.677	  16.349	  -6.292
143	 -20.975	2	   7.659	   5.905	  56.673
144	 -18.173	2	  30.178	 -37.146	  54.711
145	 -11.654	1	  23.178	 -16.651	  40.711
146	 -10.633	1	   4.178	   9.349	 -12.289
147	  -9.418	1	  -1.822	 -25.651	  15.711
148	  -9.301	1	 -10.822	 -14.651	  36.711
149	  -9.179	1	 -13.822	 -14.651	  11.711
150	  -9.135	1	  27.178	 -43.651	  25.711
