1	-1114.387	101	  13.988	  15.624	  16.362
2	-813.741	70	  14.978	  16.798	   4.124
3	-765.250	64	  16.902	   8.559	  29.198
4	-730.812	67	  19.114	   7.050	  17.494
5	-684.186	60	  -2.757	  30.187	  39.591
6	-572.778	50	  16.293	  -4.969	  38.788
7	-540.652	49	  31.524	  -8.327	  -1.902
8	-534.277	50	   4.760	   1.346	  13.254
9	-512.027	47	   3.527	  20.601	  -6.081
10	-450.397	44	   1.039	  18.520	   9.998
11	-419.224	35	  16.197	  -3.990	  51.915
12	-415.016	40	  19.136	   0.485	  23.476
13	-386.102	32	   7.776	  23.287	 -20.084
14	-374.662	36	   8.049	  20.140	   8.780
15	-374.091	33	  15.733	   9.016	 -23.232
16	-353.262	35	  10.023	  -7.413	   1.754
17	-346.426	30	  30.853	  14.184	  11.126
18	-342.791	33	 -10.176	  14.965	  31.702
19	-341.609	31	  34.729	  -5.461	  -8.832
20	-328.974	32	  16.441	  -4.456	 -14.355
21	-316.327	30	  40.995	  -0.619	  -0.157
22	-307.370	27	  26.138	 -12.271	   5.373
23	-306.762	29	   4.784	  37.141	  47.916
24	-300.910	27	   3.999	   7.015	  54.566
25	-299.040	30	  -3.024	   7.720	  15.876
26	-297.474	27	   7.388	  37.646	  36.321
27	-293.135	26	  20.549	  24.415	  26.202
28	-277.753	26	  42.620	  -0.810	 -11.505
29	-270.039	26	  32.016	  19.724	  -4.683
30	-247.334	24	  -6.531	  16.098	  43.979
31	-245.672	22	  -7.358	  28.210	  26.883
32	-231.057	23	  -8.407	  22.806	  18.198
33	-227.096	22	  17.947	  31.434	  44.837
34	-219.333	21	  13.540	  -3.938	  20.244
35	-217.540	19	  23.972	  -8.976	  -9.358
36	-209.712	22	  26.719	  11.147	  21.403
37	-201.199	16	   4.368	  10.580	  -6.716
38	-199.760	19	  23.022	  21.710	  41.663
39	-197.628	18	  -7.968	  23.376	  39.763
40	-196.251	18	   5.351	  27.357	 -10.208
41	-196.235	19	   5.245	   2.819	 -14.403
42	-196.234	19	  -6.604	  10.944	  24.907
43	-185.489	18	   2.249	  11.197	 -18.170
44	-185.004	18	  17.261	  31.732	  28.973
45	-179.021	17	  21.846	  -6.117	  19.239
46	-177.026	16	  27.931	  16.112	  33.252
47	-167.630	16	   0.734	  -0.684	  31.134
48	-161.035	15	  25.843	  25.115	   3.548
49	-160.690	16	  40.268	  12.427	  -6.905
50	-160.681	15	   8.881	  17.759	  55.146
51	-158.066	15	   3.897	  -5.799	  46.722
52	-155.837	15	  19.879	  17.201	 -21.429
53	-155.117	16	  17.353	  25.510	  13.297
54	-147.262	14	  13.168	   8.469	  55.616
55	-146.615	14	  -5.693	   8.416	  44.535
56	-144.200	14	  21.105	 -13.411	  12.165
57	-143.956	11	   6.151	  -1.550	  36.171
58	-141.528	14	   0.501	  27.989	  15.857
59	-140.155	13	  16.383	 -11.650	  -2.622
60	-138.649	14	  22.894	   0.895	 -22.525
61	-136.528	13	  19.402	   4.394	  49.137
62	-132.152	13	  26.455	  22.996	 -10.058
63	-128.679	13	  -1.919	  16.067	  53.730
64	-127.407	12	  -2.849	   0.511	  41.108
65	-126.089	12	  14.613	  26.653	   5.523
66	-125.129	12	  38.409	   8.760	 -14.417
67	-124.140	12	  13.070	  29.172	  50.461
68	-123.528	12	   9.750	  34.805	  18.174
69	-122.030	11	  26.569	  10.447	 -21.364
70	-119.547	11	  16.154	  22.544	 -16.416
71	-119.505	12	  23.191	  -6.830	  44.330
72	-108.821	11	   2.034	   4.259	  -4.067
73	-108.305	11	  12.189	  33.178	  -1.450
74	-107.263	11	  13.525	  -4.268	  29.723
75	-106.732	10	  32.604	  -5.364	  12.295
76	-106.511	10	  22.526	  14.795	  46.587
77	-101.177	10	  32.435	  -7.397	 -15.623
78	 -97.466	10	  19.862	  32.170	   0.727
79	 -94.824	9	  17.337	  16.017	  57.400
80	 -89.470	9	  16.203	  28.129	  -9.022
81	 -89.458	8	  26.158	   5.897	  29.197
82	 -88.830	9	  37.831	   9.108	   5.790
83	 -83.811	8	  28.443	  19.364	 -21.600
84	 -77.713	8	  30.787	   0.394	  35.581
85	 -76.308	7	   4.678	  29.422	  -3.021
86	 -76.297	7	  -4.818	  27.269	  48.650
87	 -72.769	7	  14.166	 -11.969	   9.671
88	 -72.626	7	   2.468	  34.659	  24.703
89	 -72.497	7	  34.795	  -0.241	  18.113
90	 -63.476	6	  -2.286	   2.038	  49.152
91	 -61.622	6	   8.841	  -8.366	  15.076
92	 -58.674	6	  32.001	   7.901	  35.737
93	 -47.389	5	   0.341	  36.230	  33.053
94	 -45.265	4	  24.480	  -6.130	  36.202
95	 -39.120	4	  26.962	   5.454	  42.373
96	 -37.825	4	   3.398	  26.270	  54.163
97	 -30.605	3	  11.182	  16.549	 -25.600
98	 -29.035	3	   8.505	   0.898	  56.718
99	 -28.593	3	  33.505	   1.612	 -20.258
100	 -19.607	2	  14.182	  -1.211	 -20.600
101	 -16.433	1	   7.182	  24.270	  23.400
102	  -9.873	1	   0.182	   5.270	   4.400
