1	-1418.630	130	  10.727	  25.205	   5.184
2	-1223.323	112	  16.842	  19.927	   5.838
3	-370.337	34	   9.092	  39.712	   6.992
4	-360.773	34	  30.515	  29.726	   7.142
5	-358.498	34	  13.059	  18.060	  15.801
6	-331.645	29	  21.914	   7.144	 -11.627
7	-296.256	27	   4.566	  17.082	   1.504
8	-293.332	28	  12.179	  36.871	  -6.026
9	-292.240	27	  17.917	  41.109	  22.351
10	-275.116	24	  18.534	  16.923	 -18.391
11	-266.125	24	   3.708	  39.430	  21.667
12	-260.486	25	  28.463	  24.658	 -13.372
13	-254.646	25	  18.224	  46.602	   9.299
14	-233.382	21	  27.675	  20.476	   0.144
15	-201.847	17	  21.590	  43.209	   1.415
16	-198.487	19	  17.304	   0.802	  -7.007
17	-197.080	17	  30.688	  28.167	  -4.786
18	-156.837	15	  21.631	  24.303	  17.354
19	-153.604	14	   8.419	   8.484	  -2.455
20	-143.036	12	  16.168	  27.790	 -17.266
21	-135.873	12	  27.338	  37.555	  17.219
22	-105.610	10	   6.256	  22.868	  -8.351
23	-101.217	10	  10.493	  31.199	 -12.708
24	-100.691	10	  29.007	  34.738	  -7.762
25	 -96.140	10	   8.017	  30.653	  28.341
26	 -93.992	9	   4.636	  23.682	  21.857
27	 -80.985	8	   8.348	   7.610	 -11.585
28	 -80.363	8	  27.705	  15.774	  -8.144
29	 -79.624	8	  10.568	  13.003	 -16.902
30	 -72.166	7	  20.460	   6.109	   1.592
31	 -67.824	7	   4.187	  28.557	   7.358
32	 -60.690	6	   5.022	  15.155	  11.953
33	 -53.601	5	  27.025	  29.955	  20.829
34	 -52.210	5	  -2.757	  26.960	  15.563
35	 -49.047	5	  16.814	  25.717	  24.253
36	 -46.406	5	  23.797	  13.265	  -0.567
37	 -42.745	4	  -1.269	  32.418	  25.149
38	 -39.129	4	  24.160	  29.906	 -18.136
39	 -29.668	3	  14.701	  35.385	  28.267
40	 -27.507	3	  26.679	  45.689	  12.659
41	 -11.202	1	  10.003	   7.690	   6.659
42	  -9.602	1	  11.003	  23.690	 -22.341
43	  -9.597	1	   3.003	  35.690	  11.659
