1	-598.417	40	  28.570	  13.680	  17.702
2	-520.680	49	  35.810	  13.586	  29.110
3	-385.995	34	  21.312	   7.787	  13.768
4	-339.410	31	  27.324	  10.434	  26.689
5	-335.575	32	  13.676	  32.041	  28.962
6	-306.139	27	  36.732	  17.888	  37.208
7	-283.016	23	  16.981	  26.269	  10.377
8	-278.564	25	  36.389	   9.409	  16.006
9	-271.853	26	  26.961	  13.422	  41.124
10	-253.716	23	  18.696	  13.582	  39.232
11	-231.634	21	   8.673	  28.487	  18.013
12	-226.117	20	  27.468	  34.196	  16.410
13	-220.786	21	  32.790	  29.525	  42.240
14	-195.480	17	  16.945	  34.376	  15.396
15	-192.615	19	  10.956	  10.624	  28.918
16	-180.160	18	  24.427	  27.046	  44.665
17	-175.839	16	   7.686	  19.419	  19.946
18	-175.336	15	  39.039	  30.991	  34.928
19	-174.905	17	  11.061	  28.262	  38.167
20	-169.407	16	  33.592	  37.628	  30.159
21	-151.331	15	  37.803	  14.833	   6.080
22	-147.273	14	  19.324	   7.989	  27.578
23	-143.775	14	  38.011	  28.770	  13.276
24	-137.346	13	  26.304	  13.597	   0.980
25	-132.803	13	  33.815	  33.524	  22.469
26	-123.294	7	  32.096	  29.436	  30.922
27	-105.915	10	  14.061	  11.256	   7.986
28	 -99.308	9	  27.405	  26.006	   3.800
29	 -96.787	8	  41.361	  22.519	  18.281
30	 -84.073	8	  22.494	  36.076	  27.394
31	 -83.135	8	  38.225	  23.220	   6.765
32	 -77.295	8	  43.212	  15.935	  14.507
33	 -69.297	7	   5.524	  19.099	  31.956
34	 -65.240	7	  44.407	  18.172	  25.210
35	 -59.861	6	  11.113	   6.898	  22.344
36	 -55.913	5	  14.670	  23.048	  43.985
37	 -50.300	5	  30.921	  31.014	   8.491
38	 -40.397	4	  17.607	  14.321	   0.347
39	 -35.218	2	  31.839	  18.030	   9.640
40	 -29.167	3	  12.839	  20.503	   7.994
41	 -28.933	3	  21.459	  34.079	   6.952
42	 -28.604	3	  32.505	  19.443	  -0.360
43	 -19.227	2	  24.306	  38.459	  34.173
44	 -19.217	2	   3.839	  25.140	  25.712
45	 -10.773	1	  21.839	  23.459	  24.640
46	 -10.068	1	  44.839	  20.459	  33.640
47	  -9.517	1	  31.839	  38.459	  37.640
