1	-1462.461	121	  26.374	  13.883	  32.066
2	-1021.095	98	  18.328	   7.514	  25.925
3	-777.353	60	   8.061	  18.235	  22.442
4	-746.752	64	   7.964	   9.852	  27.220
5	-688.810	62	  37.030	  -7.205	  44.261
6	-636.558	55	  -0.151	   0.889	   4.614
7	-634.066	58	   0.155	  26.865	   0.507
8	-616.117	55	  19.681	   2.171	  32.867
9	-556.382	47	  -0.288	  15.632	  28.065
10	-529.087	47	  12.720	  -2.213	  23.328
11	-505.761	42	  36.360	  15.587	  28.577
12	-455.414	41	  17.177	   4.873	  16.005
13	-448.297	40	  34.619	  -4.924	  33.531
14	-428.114	37	  -7.812	  21.194	   3.812
15	-409.938	38	  21.255	  16.565	   9.706
16	-402.083	36	   2.321	  -0.781	  13.984
17	-395.180	36	   0.737	  16.222	  -4.118
18	-383.458	32	  17.482	  18.785	  39.677
19	-379.949	32	  25.539	  -2.876	  23.242
20	-377.739	34	  34.011	   1.792	  57.651
21	-377.591	36	  15.124	   7.881	  44.834
22	-354.949	33	  -5.054	   6.235	  -0.651
23	-333.806	27	  15.576	  15.908	  26.535
24	-290.892	18	  29.340	   8.061	  23.610
25	-278.022	26	  37.104	  11.518	  57.892
26	-247.018	24	  13.088	   8.223	   9.228
27	-241.838	24	  19.561	  -1.826	  27.603
28	-240.262	22	  -6.086	  29.627	  11.826
29	-236.800	23	  27.289	  23.511	  22.208
30	-225.889	20	   2.848	  32.766	  13.716
31	-205.866	20	   7.325	  19.441	  37.109
32	-205.837	20	  43.176	  -4.087	  37.243
33	-201.615	20	  43.952	   9.503	  53.358
34	-198.402	19	  27.924	  -8.623	  42.976
35	-197.748	17	  32.065	  24.484	  47.904
36	-197.062	19	  17.286	  26.258	  31.606
37	-188.448	19	  -5.048	   2.899	  25.407
38	-180.828	18	   2.727	   3.319	  36.913
39	-179.551	18	  39.864	   9.363	  22.269
40	-175.003	17	  32.318	   1.986	  16.701
41	-171.175	17	   7.693	   1.149	   1.835
42	-168.500	16	   3.841	  -1.669	  32.037
43	-167.641	15	  18.723	  24.634	  19.791
44	-163.632	16	  23.228	  16.682	  54.760
45	-159.675	15	  23.403	  -0.143	  40.977
46	-155.768	15	 -11.120	  16.462	  16.555
47	-149.417	15	  33.406	   9.222	  14.943
48	-139.416	12	  40.739	  21.332	  51.206
49	-137.282	13	  40.142	  -0.304	  24.932
50	-132.571	13	  12.844	  26.276	   3.134
51	-127.964	12	  -5.450	   1.669	  12.215
52	-126.534	11	   8.591	  10.304	  -2.220
53	-124.953	12	  47.156	  11.551	  38.586
54	-121.557	12	  -2.914	   7.539	  32.208
55	-121.116	12	  29.210	 -10.193	  33.973
56	-114.742	11	  41.169	  -1.200	  55.958
57	-104.246	10	 -12.333	  11.744	  11.314
58	-102.989	10	  45.459	  16.818	  46.836
59	-100.483	10	  11.966	  32.373	   9.177
60	 -98.996	10	  48.716	   3.042	  38.651
61	 -98.292	10	  47.364	   0.184	  50.138
62	 -92.597	7	  27.390	  -2.529	  52.723
63	 -91.749	9	  40.627	  21.116	  34.377
64	 -90.562	9	  -0.106	  14.347	  35.467
65	 -88.405	9	   8.854	  -4.253	  10.182
66	 -80.889	8	 -10.881	  11.094	   0.764
67	 -75.266	7	  48.069	   7.126	  45.278
68	 -70.913	7	  -9.001	   8.091	  21.646
69	 -68.554	7	   4.581	  25.129	  30.961
70	 -60.306	6	  25.479	  28.070	  44.901
71	 -60.145	6	   9.060	  32.521	  23.112
72	 -58.468	6	  32.487	  22.217	  55.065
73	 -57.397	6	  36.163	  17.899	  20.882
74	 -42.781	4	 -10.215	   3.569	   6.336
75	 -42.300	4	  30.971	  25.305	  30.243
76	 -39.992	4	  -4.688	  23.759	  25.556
77	 -29.167	3	  28.681	  14.893	  61.243
78	 -28.575	3	  24.326	   3.902	  54.907
79	 -27.922	3	  46.324	   1.905	  30.237
80	 -19.244	2	  37.999	  24.569	  40.733
81	 -18.807	2	  34.485	  -5.431	  23.243
82	 -11.291	1	  20.999	  25.569	  12.243
83	  -9.235	1	  22.999	   5.569	  10.243
84	  -9.051	1	  14.999	  15.569	   0.243
