1	-1225.591	97	   1.598	  36.295	   3.415
2	-693.949	48	  -2.983	   5.290	   6.088
3	-623.774	55	  -9.229	  20.914	  18.847
4	-545.761	53	  -1.678	  30.017	  -8.866
5	-531.541	49	   1.144	   7.394	 -10.989
6	-521.430	50	 -19.415	   6.010	 -11.916
7	-510.090	45	   3.811	  18.900	  -7.196
8	-503.611	45	   4.445	  19.266	  15.674
9	-501.021	46	 -10.013	  19.234	  -9.700
10	-487.875	41	   7.296	  34.899	  -7.262
11	-477.438	44	   0.464	  -1.593	   4.278
12	-472.205	45	  -3.348	  46.308	  -2.001
13	-470.419	43	 -13.800	  33.554	  -6.616
14	-424.373	37	   6.442	   2.654	  15.406
15	-411.686	38	 -15.138	   7.911	  16.405
16	-405.100	39	  -6.766	  -7.355	  11.267
17	-392.456	35	   3.663	  29.202	  21.010
18	-374.313	34	  -5.806	  40.563	  31.282
19	-354.775	34	  -3.358	   6.573	  17.527
20	-313.401	27	  -5.123	 -12.871	   2.144
21	-294.277	27	   0.011	  51.918	   6.621
22	-288.745	26	 -11.033	   0.673	 -22.032
23	-285.546	28	 -15.798	  36.840	  21.014
24	-282.328	26	  11.620	  22.464	   6.634
25	-262.390	24	 -16.645	  21.782	  -1.980
26	-250.290	24	 -21.584	  10.096	  -2.351
27	-228.234	21	 -17.639	  19.598	   9.691
28	-227.768	22	  -5.409	  -5.856	 -20.331
29	-223.926	22	   1.495	  44.745	  29.436
30	-221.697	21	 -23.566	  -2.358	  -3.396
31	-213.773	21	   7.297	  33.606	  13.000
32	-206.213	20	  10.839	  14.608	   2.056
33	-197.692	19	  -4.015	 -12.934	 -12.275
34	-195.853	20	 -20.012	  44.133	  13.598
35	-189.166	17	 -20.022	  11.271	   6.103
36	-184.728	17	 -18.798	  31.781	  12.020
37	-184.638	18	   0.613	  12.104	  18.207
38	-160.141	16	 -14.915	  44.623	  20.380
39	-159.241	14	 -18.356	  30.875	   4.541
40	-157.087	14	   2.321	   1.838	 -18.765
41	-151.645	14	  -0.979	  52.133	  19.819
42	-151.156	15	 -16.623	  35.821	  30.154
43	-139.359	14	   7.106	  35.076	  23.919
44	-136.363	14	 -18.962	  41.768	   0.194
45	-135.825	13	   6.446	   5.700	  -1.421
46	-125.664	13	 -16.215	 -12.408	 -12.607
47	-122.918	12	 -19.838	  -1.782	 -10.209
48	-120.821	12	 -11.563	  52.534	  14.014
49	-118.488	12	 -16.932	 -12.052	  -2.197
50	-102.104	10	 -21.588	   5.993	 -20.448
51	 -99.942	10	  -3.543	  29.767	  33.999
52	 -99.343	10	 -16.070	  15.858	 -17.156
53	 -92.152	9	 -11.839	  -3.478	  18.311
54	 -85.562	9	  12.007	  13.151	  10.974
55	 -83.637	9	 -20.903	  -0.451	  11.304
56	 -80.591	8	   1.816	  35.226	  32.645
57	 -77.983	8	  -6.029	  59.234	   5.776
58	 -74.992	7	 -10.251	  24.772	  29.789
59	 -71.307	7	  -6.222	  17.201	 -15.911
60	 -70.732	7	   5.849	  49.788	  21.649
61	 -70.404	7	  12.581	  25.703	  -3.406
62	 -64.264	6	 -14.777	 -17.365	   4.765
63	 -59.161	6	 -25.694	   4.562	   8.221
64	 -56.043	6	 -23.755	  -2.563	   4.163
65	 -51.967	5	  -8.886	  52.772	  25.017
66	 -50.215	5	  -3.506	  21.956	  25.620
67	 -47.916	5	   5.239	  -4.812	  15.326
68	 -47.386	5	 -17.250	  10.534	 -24.943
69	 -40.954	4	 -20.096	  -5.154	 -18.896
70	 -38.519	4	   8.366	  45.313	  15.252
71	 -38.115	4	  -5.663	   6.322	 -24.850
72	 -32.173	3	 -25.062	  35.431	   6.628
73	 -31.933	3	   2.522	  -0.515	  -4.336
74	 -30.588	3	 -12.394	 -18.228	  -5.714
75	 -27.612	3	 -12.101	  31.446	  35.664
76	 -27.423	3	   4.902	  -4.228	 -13.044
77	 -23.800	2	  -9.589	  32.263	  21.664
78	 -20.535	2	 -11.652	  50.772	   2.664
79	 -20.323	2	 -14.098	  46.226	  29.210
80	 -20.140	2	   7.163	  42.320	  -7.884
81	 -19.902	2	 -16.098	  -9.756	   7.609
82	 -19.339	2	  -6.036	  13.834	 -22.743
83	 -18.828	2	 -17.098	  26.772	  25.165
84	  -9.367	1	  11.902	  35.772	  -1.336
