1	-2275.132	193	  53.931	  52.510	  19.981
2	-1605.327	140	  52.525	  38.963	  20.068
3	-1502.214	124	  41.490	  31.253	  24.917
4	-1081.548	94	  56.731	  28.696	   7.843
5	-988.876	79	  43.342	  41.770	  20.691
6	-730.980	65	  65.465	  43.459	   1.954
7	-693.917	57	  33.122	  48.421	  25.931
8	-566.494	51	  36.260	  28.973	  -1.430
9	-551.291	52	  22.193	  15.767	   8.500
10	-542.997	50	  19.449	  31.631	  26.682
11	-540.834	46	  16.381	  30.835	  13.085
12	-522.720	35	  34.153	  31.815	   7.850
13	-508.554	43	  63.946	  59.930	  32.730
14	-505.458	43	  64.825	  40.329	  46.986
15	-481.793	41	  38.457	  70.413	  11.071
16	-476.192	45	  64.869	  29.242	  37.767
17	-473.466	45	  81.413	  39.899	  23.650
18	-430.610	38	  83.168	  50.979	  16.834
19	-423.715	41	  44.956	  20.234	  40.885
20	-408.490	37	  54.669	  52.983	  39.228
21	-398.166	30	  43.779	  44.034	  33.141
22	-396.152	31	  29.018	  52.341	  13.824
23	-379.246	35	  46.959	  62.800	  31.689
24	-373.697	33	  58.993	  19.631	  18.926
25	-355.081	34	  75.745	  42.462	  36.065
26	-348.862	32	  66.130	  24.555	  20.355
27	-348.196	30	  77.724	  31.165	   9.534
28	-337.191	31	  37.740	  38.201	  32.737
29	-328.429	32	  48.509	  73.976	  19.381
30	-325.265	32	  41.120	  45.633	   4.084
31	-324.849	29	  38.181	  61.508	  27.924
32	-324.694	30	  61.679	  15.548	   6.074
33	-323.785	29	  25.407	  20.032	  27.374
34	-319.733	31	  44.257	  12.643	  32.551
35	-302.687	29	  75.381	  63.771	  28.937
36	-302.613	26	  30.505	  41.748	   1.471
37	-293.525	28	  43.728	  11.423	  -0.887
38	-289.795	26	  29.280	  59.958	  20.426
39	-286.871	27	  17.458	  25.657	  18.985
40	-280.571	27	  47.837	  40.405	  12.438
41	-278.099	25	  48.473	  24.928	   0.116
42	-275.589	24	  34.901	  27.520	  39.165
43	-258.091	25	  62.226	  65.432	   6.687
44	-253.900	23	  33.203	  60.563	  -8.797
45	-250.395	24	  81.429	  40.285	   3.383
46	-249.241	22	  36.339	  18.122	  -8.024
47	-249.074	24	  29.872	  58.824	  -2.010
48	-242.588	22	  70.245	  38.760	  42.449
49	-241.557	24	  28.558	  49.982	  -2.587
50	-240.986	23	  63.155	  58.672	  -6.977
51	-240.223	23	  56.866	  66.706	  12.317
52	-237.361	21	  58.821	  21.942	  34.873
53	-236.030	22	  53.453	  40.372	  52.432
54	-233.559	18	  35.233	  10.081	  -0.876
55	-227.455	22	  67.609	  46.327	  -5.374
56	-226.033	20	  64.993	  54.274	  38.140
57	-221.493	22	  55.433	  13.940	  22.860
58	-220.938	22	  32.185	  64.055	   8.702
59	-219.052	21	  18.252	  40.051	  11.555
60	-214.884	19	  36.486	  51.042	  -7.618
61	-211.183	21	  85.049	  41.318	  15.159
62	-210.553	21	  53.900	  24.197	  46.756
63	-208.478	20	  41.822	  45.406	  42.046
64	-207.594	19	  26.025	  47.701	   7.101
65	-201.819	20	  46.179	   5.239	  10.812
66	-199.590	20	  56.360	  50.724	  -2.099
67	-199.031	19	  38.633	  33.230	  49.307
68	-189.636	18	  61.836	  67.742	  -0.413
69	-185.148	17	  54.618	   9.238	   7.205
70	-182.481	18	  75.902	  50.302	  -5.175
71	-179.921	17	  57.569	  32.634	  50.946
72	-177.804	17	  23.881	  25.678	  -2.016
73	-176.261	16	  51.724	  48.818	   8.661
74	-172.580	15	  64.771	  49.387	  44.489
75	-168.076	16	  62.289	  68.831	  18.366
76	-165.866	17	  71.636	  29.431	   1.610
77	-164.551	17	  56.154	  70.682	  23.329
78	-162.495	9	  60.056	  47.475	  30.496
79	-158.409	15	  45.246	  52.734	  -5.044
80	-156.129	14	  24.229	  18.352	   1.198
81	-155.685	15	  56.567	  63.751	  30.871
82	-150.647	8	  72.257	  40.494	  29.400
83	-148.805	14	  22.388	  10.878	  22.639
84	-145.013	14	  63.210	  25.595	  27.036
85	-144.655	14	  26.462	  32.167	  33.185
86	-141.476	9	  73.907	  49.341	  30.690
87	-137.388	13	  65.972	  18.108	  12.043
88	-133.830	13	  47.357	  70.635	  10.918
89	-130.491	13	  40.462	  -2.972	  18.401
90	-125.949	13	  27.284	  17.474	  -5.807
91	-125.012	12	  43.926	  22.696	  -7.106
92	-123.020	12	  57.159	  49.501	  46.674
93	-121.949	12	  47.389	   7.747	  20.302
94	-118.987	12	  41.006	  56.387	  34.987
95	-111.425	10	  31.311	  19.638	  32.889
96	-110.371	11	  39.238	   3.166	  26.678
97	-107.367	10	  51.737	  12.918	  36.906
98	-104.909	10	  20.843	  45.045	  23.156
99	-102.852	10	  52.190	  64.764	  -5.901
100	 -99.807	10	  83.321	  48.081	  31.330
101	 -98.471	8	  70.875	  66.356	  21.133
102	 -93.114	9	  47.123	  70.785	   0.882
103	 -92.360	5	  58.153	  29.660	  21.222
104	 -91.702	6	  75.882	  34.073	  17.613
105	 -90.748	9	  72.308	  63.512	  -1.541
106	 -88.564	9	  72.604	  64.338	  11.157
107	 -85.947	9	  54.238	  36.512	   6.675
108	 -81.953	8	  25.626	  35.081	  -0.989
109	 -79.115	7	  34.951	  12.509	  34.239
110	 -78.630	6	  44.686	  19.900	  21.895
111	 -78.433	8	  46.966	  50.640	  43.274
112	 -76.770	8	  80.918	  50.635	   1.683
113	 -75.095	5	  63.022	  44.728	  12.996
114	 -74.229	7	  27.799	  41.333	  30.969
115	 -69.125	4	  51.121	  30.009	  17.420
116	 -68.886	7	  74.922	  30.765	  26.447
117	 -67.788	7	  56.673	  22.331	   1.142
118	 -67.600	7	  42.432	  64.248	  -8.112
119	 -66.371	7	  42.544	  70.352	  30.125
120	 -59.532	6	  31.350	   1.770	  18.313
121	 -59.439	6	  78.413	  58.065	   2.577
122	 -58.525	6	  28.785	   2.702	  11.022
123	 -56.303	5	  28.390	  28.292	  -9.170
124	 -53.695	5	  30.192	  36.079	  18.965
125	 -50.472	5	  80.179	  60.231	  18.028
126	 -48.377	5	  77.796	  42.323	  -3.720
127	 -47.295	4	  34.563	  21.993	  15.898
128	 -44.373	3	  36.336	  55.332	  19.808
129	 -44.365	3	  28.460	  22.494	  10.748
130	 -42.398	3	  35.563	   9.104	  11.779
131	 -41.815	4	  65.591	  68.224	  26.420
132	 -40.614	4	  76.517	  23.887	  15.554
133	 -38.082	4	  26.591	  52.236	  23.177
134	 -37.108	4	  33.576	   4.485	   5.180
135	 -28.953	3	  34.563	  74.770	  21.798
136	 -27.897	3	  18.563	  15.157	  15.110
137	 -21.720	2	  69.997	  50.928	 -10.580
138	 -19.810	2	  54.093	  14.514	  -1.560
139	 -19.319	2	  45.098	  42.029	  52.885
140	 -19.250	2	  42.043	   2.494	   4.900
141	 -18.229	2	  42.073	  37.481	   3.420
142	 -10.558	1	  34.563	  30.494	  24.420
143	 -10.032	1	  40.563	  24.494	  50.420
144	  -9.504	1	  38.563	  81.494	  23.420
145	  -9.131	1	  49.563	  32.494	  55.420
