1	-830.068	63	  28.748	  13.440	  17.888
2	-533.767	48	  35.807	  13.660	  29.331
3	-394.485	32	  36.712	  17.944	  37.347
4	-388.011	34	  16.527	  24.649	   9.779
5	-333.859	30	  27.142	  10.260	  27.720
6	-317.432	28	  18.760	  13.597	  39.402
7	-293.905	26	  27.632	  34.505	  16.732
8	-252.951	22	  21.588	   8.174	  12.569
9	-230.907	21	   8.895	  28.555	  18.076
10	-214.899	21	   7.726	  19.908	  19.636
11	-213.283	21	  36.909	  13.914	   5.975
12	-200.874	18	  17.478	  34.508	  15.459
13	-187.503	17	  36.950	  10.300	  15.872
14	-187.371	18	  11.392	  10.559	  29.013
15	-181.062	17	  32.269	  34.025	  40.678
16	-179.386	10	  32.092	  29.326	  31.111
17	-177.064	17	  19.521	   8.186	  27.745
18	-172.634	17	  25.355	  25.592	  44.896
19	-168.141	16	  14.386	  33.230	  27.725
20	-165.080	16	  10.711	  28.744	  37.648
21	-160.709	16	  14.432	  10.656	   9.371
22	-148.678	14	  26.686	  14.285	   1.169
23	-144.776	14	  37.323	  29.112	  13.130
24	-142.920	13	  41.894	  21.814	  17.710
25	-136.106	13	  22.622	  36.693	  29.632
26	-129.059	13	  27.414	  13.359	  41.167
27	-126.222	12	  34.261	  27.357	  43.662
28	-126.213	12	  33.163	  37.763	  30.001
29	-125.001	12	  33.498	  34.005	  22.717
30	 -86.327	8	  39.971	  29.645	  34.144
31	 -85.353	8	  14.241	  22.628	  43.403
32	 -72.645	7	  28.043	  26.014	   3.939
33	 -69.610	7	   5.067	  20.202	  31.045
34	 -69.489	7	  18.051	  14.122	   0.175
35	 -58.627	6	  38.661	  23.153	   7.665
36	 -55.948	6	  44.285	  18.627	  26.258
37	 -48.358	5	  12.592	   6.009	  22.419
38	 -47.476	3	  31.930	  18.891	   9.447
39	 -36.134	4	  20.934	  34.109	  42.503
40	 -18.466	2	   5.997	  29.650	  29.329
41	 -18.091	2	   9.408	  15.138	  35.238
42	 -12.118	1	  21.930	  23.616	  24.745
43	 -10.594	1	  44.930	  20.616	  33.745
44	  -9.502	1	  20.930	  34.616	   7.745
