1	-940.903	66	   6.399	  27.746	  21.389
2	-826.818	70	  21.823	  40.081	   0.297
3	-626.488	54	   8.904	  18.097	  25.780
4	-614.875	54	 -23.483	  33.416	  36.210
5	-584.936	51	  34.346	  28.093	   2.190
6	-548.712	52	   1.514	  39.257	  41.327
7	-526.218	46	 -11.880	  39.538	  36.279
8	-521.427	45	  22.172	  23.382	   0.207
9	-408.423	33	 -12.728	  20.281	  23.696
10	-405.500	37	  21.038	   7.709	   6.384
11	-404.881	39	  16.313	  33.425	   0.794
12	-404.424	35	 -15.933	  41.480	  25.693
13	-402.422	37	  11.287	  21.825	  32.027
14	-392.739	36	  18.437	  45.524	  18.181
15	-385.613	35	 -23.280	  16.181	  28.658
16	-360.901	30	 -12.870	  27.018	  10.896
17	-358.992	33	  -2.357	  33.089	  48.811
18	-348.770	33	  11.202	  49.445	  11.077
19	-348.282	28	  25.907	  33.232	  20.604
20	-343.455	33	  23.645	  27.208	  28.212
21	-306.256	27	  11.979	  16.110	   2.172
22	-304.185	29	  36.939	  16.656	   4.114
23	-303.650	29	  19.941	  14.844	  25.399
24	-279.122	25	  -9.203	  45.206	  15.364
25	-275.134	25	  36.686	  13.884	  20.588
26	-259.691	24	   9.901	  42.103	   1.845
27	-259.316	24	   3.145	  17.468	  35.880
28	-258.624	22	   0.971	  41.819	  10.189
29	-252.714	22	  -3.087	  23.548	   9.285
30	-251.404	23	  -3.144	  43.969	  28.246
31	-241.046	22	  -4.771	  15.103	  25.814
32	-240.925	22	 -19.899	  28.819	  47.130
33	-230.194	22	   4.836	  26.481	  43.556
34	-225.086	21	  38.355	  32.640	  20.071
35	-218.589	21	  35.730	  10.270	  11.042
36	-215.154	21	  17.073	   8.024	  16.648
37	-213.759	19	  38.786	  35.430	   5.556
38	-206.482	20	   6.563	  12.290	  11.462
39	-204.178	20	   2.824	  35.929	   4.207
40	-203.913	19	  31.373	  43.119	   2.631
41	-195.504	16	  11.617	  42.534	  24.956
42	-192.933	18	  -0.593	  45.475	  17.337
43	-190.526	18	 -10.916	  37.243	   6.604
44	-184.233	16	 -29.469	  28.295	  30.311
45	-174.573	17	 -13.261	  22.949	  50.755
46	-173.135	17	  -1.238	  15.941	  41.752
47	-166.603	17	   0.243	  27.337	   3.710
48	-158.145	16	 -13.793	  12.212	  43.884
49	-155.610	14	   8.355	  27.902	   1.969
50	-153.787	15	 -21.638	  42.036	  16.527
51	-150.030	14	  20.800	  36.377	  23.653
52	-149.476	15	   5.375	  46.624	  23.743
53	-140.824	13	   9.436	  34.790	  38.152
54	-127.500	13	  42.603	  20.524	  13.913
55	-121.781	12	  -3.765	  19.703	  48.949
56	-118.810	12	  19.852	  50.224	   6.968
57	-113.992	11	 -10.099	  33.167	  54.872
58	-112.021	11	  37.620	  26.518	  25.538
59	-109.147	11	 -22.779	  17.807	  42.989
60	-106.275	7	  23.463	  21.600	  20.970
61	-103.692	10	  -8.560	  40.120	  44.475
62	-101.354	10	  28.138	   6.538	  16.645
63	 -99.588	10	  28.628	  47.398	  11.179
64	 -96.814	9	  -8.240	  20.370	  18.327
65	 -92.071	9	 -26.971	  30.230	  18.932
66	 -91.405	9	  28.881	   5.308	   2.267
67	 -86.849	8	 -27.645	  23.412	  40.331
68	 -84.943	8	  43.163	  25.968	   7.973
69	 -80.441	8	  21.234	  14.701	  -1.411
70	 -80.290	8	  12.842	   8.560	   8.080
71	 -79.940	8	  39.475	  37.991	  14.434
72	 -72.933	4	  -4.927	  20.059	  33.489
73	 -72.589	7	 -20.563	  35.149	   9.727
74	 -67.371	7	  44.188	  30.530	  14.050
75	 -60.712	6	  -9.462	   9.485	  29.570
76	 -57.159	6	  -8.551	  44.387	  23.170
77	 -56.216	5	 -15.494	   9.904	  34.697
78	 -50.607	5	 -26.619	  40.864	  23.811
79	 -39.880	4	 -28.539	  21.775	  24.722
80	 -39.027	4	  30.754	  21.288	  -3.028
81	 -31.028	3	  -4.744	   6.016	  40.402
82	 -29.158	3	   4.175	  17.930	   2.931
83	 -28.464	3	 -18.921	  38.510	  43.660
84	 -21.189	2	   4.934	  45.530	  33.703
85	 -20.179	2	  32.290	  13.902	  32.075
86	 -19.247	2	 -21.035	  23.026	  13.703
87	 -19.166	2	  30.849	  44.620	  18.181
88	 -15.354	1	  18.461	  31.530	  11.703
89	 -15.295	1	  -8.539	  31.530	  25.703
90	 -10.157	1	  31.461	  13.530	  -5.297
91	  -8.924	1	 -22.539	  43.530	  29.703
92	  -8.902	1	  -2.539	  14.530	  13.703
