1	-890.313	61	   6.551	  27.785	  21.422
2	-840.814	71	  21.597	  39.207	   0.311
3	-797.561	67	   8.867	  19.604	  26.002
4	-648.827	57	 -23.543	  33.441	  36.184
5	-571.359	49	  34.316	  28.217	   2.343
6	-545.326	46	 -12.223	  20.651	  24.131
7	-460.955	38	  24.317	  33.592	  21.614
8	-458.042	38	  23.095	  22.852	   0.052
9	-438.931	41	 -14.190	  42.085	  25.991
10	-425.281	36	 -12.832	  27.095	  10.802
11	-418.360	38	  21.258	   7.658	   6.574
12	-381.553	35	  10.902	  22.585	  31.995
13	-371.495	34	  18.461	  46.137	  17.910
14	-367.114	30	 -13.200	  38.848	  38.071
15	-363.407	34	  -0.695	  34.739	  47.481
16	-325.513	31	   2.040	  17.546	  37.168
17	-323.769	31	  11.104	  49.067	  10.502
18	-317.901	27	  11.994	  15.768	   2.616
19	-310.222	30	  20.073	  15.180	  25.815
20	-309.726	30	  23.041	  27.532	  27.930
21	-307.521	28	  -2.346	  24.332	   7.774
22	-298.047	27	  -9.601	  45.192	  15.173
23	-297.690	28	  36.934	  14.329	  20.965
24	-296.626	28	   9.513	  42.029	   2.037
25	-289.470	28	  14.936	  33.019	   1.364
26	-280.224	25	   1.222	  40.667	  40.257
27	-276.581	26	  36.545	  16.681	   3.774
28	-274.398	26	  -7.760	  41.652	  32.337
29	-258.134	24	 -22.317	  15.175	  29.059
30	-252.963	24	 -11.055	  37.971	   7.423
31	-241.985	24	  -3.239	  19.553	  48.713
32	-240.744	20	   0.974	  41.485	  10.377
33	-234.768	22	 -19.967	  28.865	  47.321
34	-228.101	19	  11.945	  42.476	  24.889
35	-227.836	22	   4.413	  25.885	  44.188
36	-226.577	22	  17.438	   8.098	  16.844
37	-225.731	22	   2.173	  34.509	   3.780
38	-220.021	20	 -20.880	  41.656	  16.666
39	-211.637	20	  35.573	  10.112	  11.171
40	-205.695	19	  -4.792	  15.105	  25.951
41	-205.613	20	 -13.716	  22.919	  50.599
42	-196.169	19	  38.028	  32.675	  20.758
43	-179.421	17	   6.563	  12.323	  11.911
44	-177.163	16	  30.438	  43.062	   0.813
45	-176.111	18	   5.491	  46.571	  23.613
46	-172.850	15	 -29.689	  28.337	  30.393
47	-164.602	16	 -13.778	  13.001	  44.327
48	-161.007	16	  42.675	  21.103	  13.578
49	-160.573	15	   9.320	  34.823	  38.258
50	-157.559	14	   8.330	  27.993	   2.018
51	-151.499	14	  39.066	  35.326	   6.197
52	-139.071	13	  -0.458	  45.630	  17.589
53	-137.387	14	  18.981	  50.184	   6.676
54	-136.057	12	  -2.385	  44.476	  27.063
55	-133.798	13	 -28.057	  37.584	  23.837
56	-133.148	13	 -27.031	  23.401	  41.183
57	-129.494	13	  -8.536	  20.473	  17.291
58	-120.611	12	  27.841	   6.434	  16.738
59	-117.484	12	  27.392	  47.149	  11.234
60	-117.324	11	  34.326	  43.003	   8.156
61	-117.272	11	 -27.715	  28.328	  21.888
62	-116.952	11	 -10.073	  32.723	  55.081
63	-109.577	11	  21.842	  15.724	  -1.414
64	-101.988	10	  -8.621	  40.306	  44.553
65	 -99.871	10	  43.464	  28.893	   9.455
66	 -82.617	5	  -4.888	  20.001	  33.883
67	 -81.438	8	  29.485	   5.424	   2.201
68	 -80.200	8	  13.942	   8.004	   8.094
69	 -78.935	8	  -9.085	   9.328	  29.976
70	 -78.150	4	  23.259	  21.353	  21.248
71	 -73.818	8	 -19.429	  37.972	  45.727
72	 -71.691	7	  37.609	  27.320	  25.873
73	 -71.470	7	 -28.131	  21.321	  26.047
74	 -70.943	7	 -20.205	  34.924	   9.553
75	 -60.015	6	 -22.719	  17.306	  42.954
76	 -54.192	5	 -14.762	   8.710	  36.669
77	 -50.969	5	   5.031	  45.593	  32.977
78	 -40.006	4	 -24.298	  28.891	  15.036
79	 -39.634	4	   4.963	  14.348	  30.732
80	 -39.535	4	  30.185	  20.508	  -3.254
81	 -38.143	4	  -4.517	   6.361	  40.770
82	 -30.019	3	  28.147	  22.654	  30.701
83	 -29.017	3	   4.789	  19.258	   1.424
84	 -28.617	3	  27.440	  32.936	  -4.249
85	 -28.256	3	  15.794	  38.911	  31.762
86	 -20.629	2	   9.916	  11.593	  22.227
87	 -18.633	2	 -21.521	  21.136	  16.191
88	 -10.506	1	  30.451	  12.593	  30.762
89	 -10.140	1	  -2.549	  15.593	  12.762
