1	-1228.848	97	  25.115	  34.375	 -18.784
2	-1158.204	97	  30.261	  26.133	  -7.971
3	-1117.620	94	  33.911	  14.077	  -3.887
4	-789.013	69	  36.546	  32.702	  -2.001
5	-531.547	46	  31.952	  45.274	  -6.193
6	-484.123	43	   2.000	  38.192	 -10.854
7	-465.738	41	  14.140	  30.823	  -3.867
8	-452.521	39	  59.372	  22.607	  -5.804
9	-441.357	41	   5.131	  41.856	 -19.987
10	-417.293	34	  25.678	  32.508	 -10.375
11	-392.449	35	  17.124	  24.574	 -15.922
12	-367.877	32	  47.370	  29.084	 -13.951
13	-361.524	32	  27.194	  54.436	  -9.450
14	-342.573	33	  37.184	   7.989	 -13.024
15	-328.226	31	  26.567	  23.539	   4.706
16	-314.573	29	  29.022	  46.610	 -27.406
17	-299.053	29	  31.197	  53.788	 -18.908
18	-295.794	26	  42.275	  21.331	  10.185
19	-290.052	28	  12.224	  55.652	 -15.784
20	-277.414	27	  29.874	  16.140	 -14.484
21	-258.844	24	  50.431	  10.850	  -3.524
22	-258.103	23	  43.740	  10.243	  -0.163
23	-256.298	24	  39.473	  38.822	  -6.022
24	-248.023	24	  40.899	  36.463	 -12.238
25	-223.137	21	   5.432	  50.261	  -9.710
26	-222.039	20	  17.377	  55.294	  -5.467
27	-197.397	19	  25.726	  41.268	  -1.665
28	-190.318	18	  48.806	  21.890	 -17.305
29	-186.359	18	   8.457	  26.160	  -6.097
30	-175.590	17	  56.407	  22.978	   4.579
31	-175.346	17	  33.861	  15.119	   6.310
32	-168.346	15	  24.074	  16.752	   1.579
33	-161.106	15	  11.229	  35.146	 -27.980
34	-159.075	15	  57.429	  26.732	 -16.201
35	-155.427	12	  20.957	  46.600	 -30.843
36	-153.104	15	  15.337	  20.409	   0.326
37	-153.073	15	   5.670	  32.054	 -18.859
38	-150.114	14	  20.152	  31.106	 -27.941
39	-138.294	13	  35.122	  39.917	 -19.904
40	-132.188	12	  32.240	  27.525	 -16.982
41	-125.814	12	  17.088	  41.026	 -34.667
42	-118.259	11	  18.416	  47.371	  -0.608
43	-111.443	11	  47.310	  28.277	   9.819
44	-108.766	11	  56.969	  31.208	  -3.649
45	 -98.319	10	  20.983	  57.376	 -19.556
46	 -93.404	8	  25.029	  54.515	  -1.082
47	 -91.688	8	   7.704	  40.915	  -3.302
48	 -73.339	7	  56.276	  33.976	   7.625
49	 -69.312	7	   2.536	  46.094	 -15.466
50	 -67.301	7	   3.727	  27.276	 -12.499
51	 -62.858	6	  50.414	  18.343	   7.368
52	 -57.834	6	  12.679	  19.473	  -8.288
53	 -55.081	5	  43.996	  37.237	   3.395
54	 -53.690	5	  45.679	  14.044	 -19.452
55	 -48.505	5	  41.823	  26.098	 -19.470
56	 -47.736	5	  60.031	  11.942	 -15.779
57	 -40.616	4	  54.466	  35.532	 -10.619
58	 -40.137	3	  38.162	  29.291	  -9.874
59	 -40.124	4	  48.845	  40.796	  -7.369
60	 -39.970	4	  17.876	  54.048	 -29.302
61	 -38.756	4	  37.044	  16.344	 -20.674
62	 -38.536	4	  54.949	  39.051	   1.645
63	 -31.284	3	  61.020	  20.273	 -19.098
64	 -23.529	2	  38.662	  29.717	   6.427
65	 -23.012	2	  26.575	  29.722	   0.196
66	 -20.687	2	  24.196	  15.322	  -9.129
67	 -18.178	2	  36.722	  49.766	 -14.613
68	 -10.741	1	   8.712	  47.291	 -29.098
69	  -9.694	1	  10.712	  48.291	  -2.098
70	  -9.336	1	  30.712	   7.291	  -7.098
71	  -8.944	1	  60.712	  13.291	  -8.098
