1	-1519.829	138	  29.311	 -18.340	  38.478
2	-811.054	75	  23.394	  -5.700	  63.781
3	-456.795	39	  38.556	 -16.116	  58.171
4	-410.880	39	  23.463	 -22.670	  59.828
5	-395.819	38	  43.590	 -27.316	  41.506
6	-362.466	35	  22.270	 -26.219	  43.794
7	-360.417	34	  48.812	  -1.756	  38.516
8	-354.979	33	  39.129	   2.757	  45.466
9	-322.677	29	  17.094	  -9.314	  60.326
10	-300.563	29	   5.427	 -16.798	  40.165
11	-286.386	26	  45.520	 -17.992	  34.942
12	-265.192	24	  18.675	  -6.766	  26.820
13	-259.073	23	  19.133	 -18.864	  22.122
14	-257.018	24	  27.215	 -12.428	  28.627
15	-244.826	23	  35.095	  -4.510	  67.091
16	-240.033	23	  12.408	  -4.697	  39.711
17	-226.029	22	   8.908	 -13.712	  51.410
18	-223.935	20	  29.879	   4.593	  62.925
19	-215.303	20	  23.146	   3.740	  47.115
20	-210.325	21	  40.302	 -21.868	  32.821
21	-204.690	20	  47.077	 -14.579	  45.251
22	-198.377	18	  17.164	   2.594	  54.130
23	-188.423	17	  10.776	 -19.199	  58.204
24	-187.046	18	  46.659	  -7.857	  51.130
25	-184.889	16	  24.838	   9.890	  53.554
26	-173.016	17	  39.369	 -13.512	  30.804
27	-167.042	15	  12.897	  -7.073	  50.425
28	-164.847	16	  32.580	  -2.375	  35.548
29	-161.113	16	  32.936	  12.713	  50.949
30	-155.127	14	  31.091	 -27.183	  42.125
31	-154.556	15	  10.648	 -13.796	  24.752
32	-144.044	14	  32.077	 -23.550	  27.358
33	-128.528	13	   7.718	  -9.383	  34.007
34	-125.909	13	  44.944	 -19.125	  52.167
35	-116.754	10	  26.913	   0.883	  41.180
36	-107.818	10	  12.927	 -29.376	  51.531
37	-107.014	10	  38.625	  -2.125	  61.503
38	 -99.121	10	   6.100	 -21.757	  34.393
39	 -95.559	9	  31.005	 -18.929	  68.206
40	 -90.506	8	  17.144	 -27.857	  29.436
41	 -76.348	8	   9.751	 -28.560	  34.029
42	 -71.266	7	  44.945	  -5.693	  30.378
43	 -62.219	6	  21.799	  -1.135	  33.946
44	 -61.518	6	  23.285	 -26.280	  53.128
45	 -59.947	6	  37.784	 -31.447	  49.546
46	 -58.947	6	  37.987	 -24.470	  58.031
47	 -52.915	5	  15.301	 -30.741	  38.584
48	 -48.346	5	  46.149	   1.422	  51.627
49	 -45.735	5	   6.980	 -28.162	  45.982
50	 -39.975	4	  26.783	 -10.743	  69.027
51	 -38.258	4	  30.822	  13.030	  58.558
52	 -30.834	3	  38.438	   8.380	  56.125
53	 -30.159	3	  28.226	 -28.921	  35.428
54	 -30.024	3	  17.433	   2.010	  62.454
55	 -29.815	3	   4.788	 -21.244	  50.826
56	 -18.533	2	  42.788	  -8.484	  64.794
57	 -18.449	2	  23.774	 -23.997	  22.821
58	 -18.107	2	  47.756	   4.506	  41.794
59	  -9.905	1	  34.788	 -13.970	  37.794
60	  -9.671	1	  30.788	 -10.970	  47.794
61	  -9.609	1	  49.788	  -9.970	  39.794
62	  -9.218	1	  10.788	  -4.970	  58.794
