1	-2377.984	189	  -6.466	  66.227	  59.153
2	-1352.934	114	  14.517	  42.015	  30.699
3	-1210.483	97	  -5.648	  60.389	  51.551
4	-1041.055	83	  -4.081	  71.711	  51.733
5	-962.883	88	   1.784	  46.305	  34.322
6	-954.580	75	   1.581	  92.333	  24.155
7	-939.333	76	  18.009	  74.484	  26.877
8	-934.661	85	 -20.292	  64.983	  62.855
9	-926.129	85	  25.574	  77.280	  30.838
10	-923.029	76	  -3.947	  75.917	  41.921
11	-901.643	76	   1.953	  55.599	  43.920
12	-848.456	69	  -5.928	  88.248	  24.987
13	-838.560	65	   8.240	  39.649	  26.587
14	-837.409	69	  -5.151	  43.180	  30.913
15	-827.714	66	  -5.125	  58.372	  18.793
16	-801.161	72	   1.685	  67.118	  70.617
17	-796.475	74	   1.387	  85.485	  35.193
18	-741.131	63	   9.742	  89.345	  35.413
19	-733.739	65	  -5.019	  96.284	  20.054
20	-732.367	62	  -2.098	  84.627	   2.614
21	-658.059	58	  25.255	  47.979	  11.685
22	-625.577	61	 -21.250	  89.341	  15.431
23	-618.380	58	  -9.034	  51.782	  45.730
24	-610.787	57	 -13.596	  53.168	  20.475
25	-610.209	55	  12.605	  48.137	  44.149
26	-597.678	55	 -21.768	  54.932	  36.849
27	-591.305	54	 -12.812	  83.908	  35.788
28	-576.594	51	  19.264	  76.744	  51.481
29	-545.208	49	   0.838	  61.618	   1.292
30	-536.567	49	 -17.107	  90.564	  28.408
31	-535.070	42	  -4.375	  55.554	  11.094
32	-534.916	48	  33.239	  49.970	  28.429
33	-511.222	47	  20.687	  41.849	  41.630
34	-504.229	45	  23.531	  70.576	   8.926
35	-502.235	44	  22.299	  61.174	   5.580
36	-501.660	31	   8.380	  92.168	  18.442
37	-499.932	42	  13.172	  30.973	   8.864
38	-483.694	37	  21.723	  76.833	  19.759
39	-478.331	44	  -3.372	  37.556	  -2.658
40	-474.846	46	   2.986	  79.147	  50.406
41	-462.720	43	 -14.954	  57.258	  14.559
42	-457.501	25	   6.614	  65.945	  21.519
43	-451.103	37	   3.263	  70.349	   0.254
44	-439.258	27	   6.687	  40.419	  18.195
45	-431.211	35	   9.381	 101.235	   7.858
46	-387.463	32	  14.867	 105.079	  23.097
47	-364.383	32	  16.742	  69.399	  68.258
48	-359.128	32	  30.238	  94.398	  10.757
49	-356.935	34	 -26.595	  75.148	  46.936
50	-348.422	30	   4.000	  94.319	   4.596
51	-347.365	32	 -20.444	  36.925	  12.672
52	-342.698	30	  -5.479	  52.801	  -2.401
53	-341.646	30	 -17.848	  80.509	   8.929
54	-335.754	30	 -31.461	  74.009	  37.118
55	-334.592	30	  18.048	  33.475	  26.684
56	-334.130	31	   7.267	  31.816	   1.444
57	-329.250	27	 -19.113	  50.591	   9.015
58	-323.049	30	  28.957	  61.227	  11.211
59	-321.364	28	  26.772	  58.344	  57.575
60	-318.145	26	   0.390	  25.327	  14.608
61	-315.518	29	  34.036	  95.484	  30.955
62	-314.269	30	  32.366	  64.721	  32.070
63	-308.270	31	  33.046	  42.904	  17.644
64	-306.305	28	  21.002	  84.383	  -1.134
65	-299.823	29	  32.949	  42.312	  34.814
66	-283.739	25	   0.924	  28.825	  22.079
67	-282.828	24	  30.659	  79.302	  10.631
68	-279.240	27	  18.440	 100.557	   5.634
69	-274.482	25	   9.383	  47.214	  -4.944
70	-271.681	26	  -2.340	 102.150	   5.456
71	-271.035	26	  26.432	  69.589	  57.389
72	-257.516	24	 -10.225	  56.853	  66.077
73	-252.759	24	  -7.583	  75.213	  67.857
74	-251.687	22	  22.264	  31.514	  14.362
75	-250.831	22	  -0.765	 106.154	  16.873
76	-250.278	23	  35.132	 102.891	  20.712
77	-250.112	21	 -20.497	  67.452	  14.788
78	-244.617	22	  21.020	  40.479	   8.021
79	-243.124	23	  -3.690	  80.492	  61.270
80	-238.755	21	 -30.714	  63.157	  51.591
81	-238.664	24	 -23.131	  58.635	  24.180
82	-234.381	24	  -8.012	  31.114	  -1.448
83	-230.994	17	  33.852	  81.728	  27.410
84	-230.774	22	 -15.544	  29.045	   2.757
85	-227.187	21	 -31.706	  62.251	  36.412
86	-223.015	22	  32.030	 101.261	  12.455
87	-221.068	20	  -5.652	  70.404	  -0.237
88	-212.859	20	 -26.869	  82.652	  32.112
89	-211.440	20	 -17.549	  72.530	   5.226
90	-210.892	21	  11.296	  74.867	  -2.638
91	-209.638	21	  25.583	  49.268	  50.681
92	-204.451	17	  -0.139	  55.582	  51.617
93	-203.851	20	 -26.539	  78.246	  16.109
94	-198.751	11	  13.561	  66.526	  13.947
95	-196.185	20	 -15.095	  48.666	  -1.656
96	-195.709	19	  14.752	  96.612	  38.669
97	-189.315	11	   5.826	  65.632	  11.332
98	-189.016	18	  22.455	  92.001	  40.094
99	-188.138	17	  15.190	  26.338	  22.865
100	-184.430	18	 -14.663	  65.458	   8.512
101	-182.256	17	 -21.656	  44.957	  13.855
102	-182.120	16	   7.458	 102.524	  24.800
103	-179.559	17	 -10.291	  51.647	  59.266
104	-178.324	17	  15.495	  92.984	  -0.423
105	-177.533	17	 -12.724	  37.320	  30.348
106	-176.045	17	 -30.469	  79.236	  24.975
107	-176.033	17	  25.542	  82.769	  39.138
108	-175.340	17	  14.682	  54.769	  60.927
109	-165.464	16	  10.699	  57.711	  67.345
110	-165.326	16	 -19.511	 102.465	  13.629
111	-165.219	16	  25.239	  26.157	  25.996
112	-163.044	16	  19.596	  60.002	  63.086
113	-159.781	15	  33.489	  87.732	  32.870
114	-159.432	15	  22.292	  50.067	   0.299
115	-156.279	11	   6.732	  72.784	  30.471
116	-155.562	15	  20.839	 109.046	  10.784
117	-154.672	15	 -10.104	  91.767	   0.856
118	-151.499	15	  35.962	  58.999	  23.524
119	-149.008	14	  31.190	  67.412	  24.096
120	-148.414	14	  33.527	  53.116	  47.006
121	-146.967	15	 -12.283	  26.388	  14.149
122	-146.662	15	 -16.811	  44.664	  41.121
123	-143.955	14	  37.769	  83.874	  16.380
124	-143.599	13	 -19.651	  48.270	  24.077
125	-143.415	14	  28.975	  72.720	  43.026
126	-139.119	14	   7.504	  72.323	  74.112
127	-133.927	14	   4.927	  80.391	  67.568
128	-131.933	13	 -33.695	  72.719	  28.414
129	-131.879	12	 -18.599	  40.539	  21.969
130	-129.505	13	 -21.360	  52.710	  59.352
131	-128.679	9	   0.816	  59.631	  28.429
132	-127.328	13	  26.577	  96.096	   2.002
133	-123.387	12	 -17.512	  77.915	  58.269
134	-122.358	12	 -13.197	  77.164	  -1.426
135	-112.712	11	  36.695	  55.792	  37.637
136	-111.382	11	 -21.449	  96.712	   5.723
137	-108.767	11	  20.347	  78.183	  63.983
138	-108.019	10	  -7.434	 107.416	  13.288
139	-105.529	10	  -0.125	  37.192	  30.176
140	-102.253	10	   7.518	  85.726	  49.233
141	-102.142	10	 -25.763	  72.541	  56.725
142	-100.486	9	  31.820	  43.753	  43.618
143	 -99.460	10	  33.801	  59.287	  51.253
144	 -96.850	9	 -22.521	  48.514	  50.643
145	 -94.934	9	  16.735	  55.994	  -1.793
146	 -93.949	9	 -11.843	  84.292	  46.307
147	 -91.684	9	  42.128	  93.162	  21.331
148	 -90.769	9	  17.860	  70.816	  -1.144
149	 -88.607	9	   5.675	  82.438	  -5.072
150	 -88.447	9	  12.026	  21.967	  11.780
151	 -88.413	9	   2.160	  54.705	  65.902
152	 -85.461	8	 -27.009	  70.563	  18.697
153	 -83.115	8	  36.196	  54.691	  16.030
154	 -81.225	8	  16.730	  41.916	  -2.598
155	 -80.786	8	 -30.691	  54.165	  45.866
156	 -80.346	7	 -27.935	  68.725	  25.650
157	 -79.799	8	   0.956	  22.611	   4.301
158	 -78.252	8	  13.166	  85.097	  55.962
159	 -77.205	8	  26.035	  34.903	  37.047
160	 -76.858	8	 -13.978	  99.092	  20.774
161	 -75.837	4	   5.710	  70.559	  48.423
162	 -75.421	5	  -8.882	  62.036	  42.274
163	 -72.235	7	 -27.131	  58.169	  61.818
164	 -71.447	7	  25.116	 106.232	  26.500
165	 -68.975	7	 -13.639	 105.119	   2.639
166	 -68.966	7	   5.449	  84.298	  56.967
167	 -68.767	7	  11.322	  47.834	  54.136
168	 -65.284	7	  38.717	  29.674	  24.414
169	 -65.278	6	  33.331	  63.257	  41.129
170	 -62.808	5	  24.588	  67.582	  19.683
171	 -62.167	6	  32.521	  31.092	  31.777
172	 -61.858	6	  12.121	  62.185	  -3.182
173	 -60.969	6	 -15.458	  33.713	  25.133
174	 -58.984	6	 -10.295	  65.894	  68.819
175	 -58.768	6	   2.862	  47.294	  52.601
176	 -58.539	6	  12.065	 108.722	   8.150
177	 -58.171	6	 -24.439	  39.539	   2.317
178	 -56.585	5	 -27.273	  87.876	  22.642
179	 -56.336	6	 -16.449	  88.405	   5.656
180	 -56.245	6	  32.583	  29.094	  15.828
181	 -54.710	5	 -18.771	  38.066	  -2.525
182	 -54.335	5	  -4.442	  30.483	  26.580
183	 -50.855	3	   6.404	  51.337	  25.818
184	 -49.117	3	   4.096	  80.844	  24.818
185	 -48.865	5	 -10.314	  84.271	   1.818
186	 -48.631	5	 -12.907	  48.892	  51.023
187	 -48.016	4	  24.155	  78.221	   3.579
188	 -47.231	5	 -18.674	  30.464	  15.241
189	 -45.652	5	  25.505	  98.863	  36.424
190	 -45.400	3	  -1.011	  66.076	  43.057
191	 -41.199	2	 -17.290	  64.582	  32.818
192	 -40.055	4	  15.203	  89.076	  48.818
193	 -39.846	4	   5.707	  47.076	  40.097
194	 -37.377	4	  10.936	  37.579	  -3.459
195	 -37.352	3	  11.417	  82.671	  63.818
196	 -33.065	2	  24.710	  59.702	  19.192
197	 -32.769	2	  -6.789	  65.074	   9.316
198	 -31.741	3	  15.710	  38.076	  36.835
199	 -30.686	2	  18.013	  67.379	  45.121
200	 -30.200	3	  20.048	  22.076	  16.146
201	 -30.161	3	   3.710	  54.372	  -3.878
202	 -22.791	2	 -13.585	  32.502	   9.671
203	 -22.783	2	  10.131	  62.497	  46.818
204	 -20.176	2	 -34.244	  54.506	  57.388
205	 -19.473	2	  33.710	  72.607	  18.818
206	 -17.896	2	 -24.789	  31.574	   4.318
207	 -15.221	1	   0.710	  42.076	  12.818
208	 -15.146	1	  -8.290	  46.076	  16.818
209	 -14.665	1	  18.710	  86.076	   6.818
210	 -13.857	1	  21.710	  86.076	  26.818
211	 -13.833	1	  -0.290	  63.076	  63.818
212	 -12.933	1	  -6.290	  73.076	   8.818
213	  -9.755	1	  26.710	  60.076	  45.818
214	  -9.661	1	  27.710	  72.076	  34.818
215	  -9.532	1	 -31.290	  67.076	  61.818
216	  -9.467	1	   8.710	  50.076	  62.818
217	  -9.190	1	  -8.290	  77.076	  16.818
