1	-1281.190	118	  16.280	  18.036	  31.448
2	-1009.293	88	  19.844	  39.857	  35.599
3	-982.491	87	  41.996	  25.753	  42.545
4	-858.090	79	  44.419	  38.493	  21.873
5	-796.309	71	  23.411	  51.993	  24.561
6	-740.250	67	  40.880	   6.610	  43.285
7	-670.126	61	  31.235	  33.548	  40.997
8	-589.168	52	  28.924	  -1.257	  30.917
9	-539.725	50	  47.350	  32.288	  24.611
10	-488.256	46	  33.138	  47.479	   7.320
11	-465.523	41	  51.150	  21.984	  26.875
12	-410.208	33	  21.347	  27.039	  16.631
13	-392.675	38	  48.874	  48.014	  25.698
14	-388.034	35	  48.386	  27.894	  10.150
15	-379.328	36	  16.373	  27.668	  53.808
16	-377.996	37	  12.723	  12.526	  42.697
17	-364.476	30	  40.395	  18.523	  20.661
18	-355.527	32	  43.271	  47.711	  44.116
19	-352.317	33	  44.058	   2.595	  31.915
20	-346.871	31	  14.742	  12.445	  16.100
21	-343.327	31	  16.019	  20.785	  17.957
22	-328.604	27	  30.573	  47.410	  35.864
23	-326.590	30	  11.628	  29.302	  22.910
24	-307.627	27	  25.300	   0.420	  44.307
25	-299.062	29	  37.492	  38.769	  43.228
26	-298.630	27	  18.574	  43.373	  11.058
27	-283.807	27	  29.542	  20.000	  51.364
28	-283.507	27	  52.233	  36.212	   7.542
29	-282.787	25	  35.289	  11.113	  48.779
30	-282.690	26	  33.398	  58.254	  33.783
31	-262.441	26	   9.543	   5.053	  21.813
32	-261.314	24	  45.725	  23.349	  16.627
33	-257.374	25	  31.565	   4.904	  19.422
34	-256.904	23	  12.638	  42.666	  18.792
35	-256.631	26	  29.947	  33.676	   5.206
36	-252.245	23	  36.628	  56.852	  16.892
37	-239.876	23	  19.349	   5.167	  47.840
38	-234.642	22	   5.148	  33.312	  31.947
39	-233.784	21	  10.321	  38.723	  29.664
40	-231.332	21	  16.512	  50.051	  21.973
41	-230.292	22	  51.385	  21.139	  37.923
42	-220.725	20	  46.537	  48.595	  17.418
43	-220.273	19	  49.337	  11.390	  34.277
44	-212.318	19	  16.436	   8.947	  35.664
45	-210.122	21	  48.813	  56.475	  38.311
46	-186.335	18	  41.726	  56.594	  23.636
47	-180.368	18	  38.466	  32.281	   4.917
48	-165.137	15	  27.292	  29.168	  45.679
49	-164.027	16	  22.471	   6.009	  17.544
50	-163.373	16	  50.309	  31.206	  45.383
51	-159.982	15	  53.198	  39.640	  17.431
52	-159.871	16	   9.496	  14.724	  21.244
53	-145.544	15	  12.683	  39.500	  40.518
54	-145.136	14	  39.723	  44.635	   5.023
55	-137.897	13	  29.091	  12.481	   8.822
56	-137.610	13	  18.872	  51.518	   9.558
57	-126.416	12	  21.472	  34.397	  47.231
58	-124.517	12	  52.385	  28.434	  18.707
59	-109.580	6	  30.894	  19.754	  11.902
60	-108.726	10	   3.151	  24.889	  42.712
61	-100.242	10	  41.451	  10.307	  18.708
62	 -97.962	10	  55.700	  50.156	  32.307
63	 -96.816	9	  58.803	  40.533	  34.697
64	 -94.558	9	  14.030	   9.330	  54.556
65	 -92.445	9	   8.291	  10.766	  32.427
66	 -89.133	9	  23.854	  18.927	  58.468
67	 -88.308	9	  19.912	  -2.333	  37.343
68	 -86.515	9	   5.669	  18.140	  48.749
69	 -86.218	9	   3.592	  21.207	  31.298
70	 -82.220	7	  29.772	  56.734	   9.572
71	 -81.741	8	  11.261	  -0.770	  31.357
72	 -80.549	8	  37.789	  55.634	  41.284
73	 -79.335	8	  50.181	  45.395	  44.734
74	 -79.038	8	  58.038	  34.641	  25.418
75	 -76.757	7	  31.615	  19.875	   3.632
76	 -69.764	7	  14.190	  31.959	  14.743
77	 -68.504	7	   6.169	  22.240	  24.048
78	 -67.232	7	   5.768	  25.740	  50.755
79	 -59.684	5	  33.127	  -4.907	  41.888
80	 -59.209	6	  57.513	  26.901	  35.429
81	 -57.650	6	  12.389	  19.265	  57.534
82	 -54.135	5	  21.595	  16.856	   9.499
83	 -51.471	5	  22.516	  -0.136	  24.088
84	 -51.390	5	  47.484	  14.414	  23.488
85	 -51.011	5	  26.632	  10.651	  56.713
86	 -50.186	3	  12.907	  30.651	  29.822
87	 -50.061	5	  20.077	  30.486	   9.315
88	 -49.790	5	  47.451	  50.690	   8.748
89	 -46.328	4	  46.785	  24.654	  31.831
90	 -39.626	4	   4.134	  16.179	  41.177
91	 -39.250	4	  21.907	  56.149	  16.374
92	 -38.624	4	  47.861	  13.506	  44.218
93	 -37.725	4	  10.703	  34.928	  45.943
94	 -29.432	3	  56.584	  47.312	  39.550
95	 -29.427	3	  24.907	   3.315	  52.215
96	 -18.905	2	  55.907	  34.139	  39.888
97	 -18.396	2	  26.401	  26.157	   1.394
98	 -17.945	2	  38.408	  17.152	  52.387
99	 -10.556	1	  41.907	  16.651	   7.888
100	 -10.345	1	  29.907	  61.651	  20.888
101	  -9.324	1	  39.907	  -2.349	  27.888
102	  -9.094	1	  28.907	  13.651	  32.888
