1	-1124.688	101	  42.641	 -19.230	  36.070
2	-739.375	65	  33.829	 -17.571	  18.125
3	-676.918	62	  43.390	 -15.967	  44.248
4	-589.124	55	  48.493	  -5.332	  12.633
5	-586.244	47	  59.645	 -14.760	  28.787
6	-459.836	42	  48.078	 -22.621	  17.208
7	-390.769	37	  32.882	   2.763	  31.279
8	-376.438	36	  66.713	 -17.062	  36.255
9	-365.904	35	  49.577	 -26.269	  33.423
10	-353.738	33	  54.047	  -6.704	  50.091
11	-318.154	28	  54.741	  -9.806	  16.766
12	-310.204	31	  31.394	 -23.300	  43.488
13	-305.698	28	  26.945	 -17.558	  41.995
14	-303.647	30	  28.611	 -27.539	  35.759
15	-294.480	28	  51.632	 -19.290	  55.118
16	-260.232	25	  22.648	  -2.421	  38.588
17	-240.943	22	  35.305	  -2.941	  13.247
18	-232.365	23	  25.053	 -14.571	  30.443
19	-229.844	22	  33.719	 -13.424	  45.795
20	-220.283	20	  54.622	   2.929	  23.115
21	-220.116	21	  62.397	  -8.143	  39.807
22	-213.023	19	  41.844	   4.613	  13.900
23	-204.706	19	  48.807	   3.810	  29.694
24	-197.541	18	  47.389	  10.018	  23.238
25	-182.514	18	  40.571	  13.451	  24.529
26	-174.060	17	  25.367	  -7.995	  25.454
27	-173.161	17	  39.587	  -2.509	  41.312
28	-167.326	15	  60.933	 -18.690	  18.031
29	-163.517	15	  59.512	  -7.336	  26.452
30	-145.665	13	  45.179	   1.014	  35.639
31	-144.777	14	  61.302	 -14.381	  52.217
32	-136.713	14	  65.556	 -23.056	  42.517
33	-126.179	12	  40.082	 -28.039	  36.573
34	-125.670	12	  59.492	 -29.487	  25.496
35	-118.590	12	  56.262	 -30.818	  38.997
36	-116.440	11	  40.403	 -19.394	   9.133
37	-111.285	11	  43.636	 -25.574	  49.348
38	-103.115	10	  36.370	  -8.185	   7.440
39	 -97.698	9	  54.558	 -28.165	  47.293
40	 -74.324	7	  45.341	 -10.411	   8.476
41	 -73.155	7	  26.907	 -21.263	  25.819
42	 -72.513	7	  33.945	 -31.504	  27.605
43	 -71.769	7	  52.586	  -1.409	  42.562
44	 -70.260	7	  57.866	  -1.125	  34.588
45	 -69.119	7	  26.094	  -5.845	  46.059
46	 -68.540	7	  26.722	   1.835	  24.350
47	 -68.117	7	  34.554	   9.389	  23.181
48	 -64.253	6	  67.322	 -21.532	  26.229
49	 -62.205	6	  48.908	 -26.131	  23.581
50	 -58.886	6	  37.505	 -21.319	  50.677
51	 -49.179	5	  43.768	  -6.999	  46.833
52	 -30.615	3	  42.180	 -28.909	  28.794
53	 -28.867	3	  54.526	   2.360	  14.370
54	 -28.750	3	  65.131	 -28.351	  32.329
55	 -28.584	3	  28.839	 -11.356	  18.811
56	 -28.422	3	  21.180	 -22.330	  40.046
57	 -28.036	3	  60.510	  -2.996	  19.025
58	  -9.799	1	  41.180	 -10.985	  29.042
59	  -9.151	1	  31.180	   1.015	  40.042
