1	-1194.929	100	  14.093	  61.038	 -52.947
2	-809.016	73	  -7.286	  44.197	 -35.512
3	-665.453	60	  25.327	  57.497	 -54.812
4	-622.530	54	   2.936	  68.051	 -56.902
5	-552.379	53	  13.741	  50.438	 -47.759
6	-518.879	49	  32.005	  70.294	 -52.523
7	-398.450	37	  30.009	  48.304	 -57.093
8	-397.846	38	  -6.973	  59.536	 -55.204
9	-330.851	29	  -3.318	  37.719	 -37.179
10	-323.450	29	  -9.807	  37.484	 -47.529
11	-312.457	30	  26.203	  56.069	 -41.220
12	-301.485	28	 -17.254	  48.615	 -53.984
13	-283.002	26	  16.007	  48.528	 -53.961
14	-281.141	26	  12.903	  25.190	 -48.180
15	-272.441	26	  -1.376	  66.744	 -44.555
16	-270.390	25	  16.818	  48.215	 -61.440
17	-265.962	24	  11.189	  67.613	 -37.069
18	-262.155	23	  -8.241	  60.925	 -40.441
19	-260.833	25	  19.874	  31.433	 -64.095
20	-249.103	25	  20.771	  42.673	 -43.422
21	-238.222	23	 -12.227	  54.458	 -36.017
22	-235.225	22	 -16.713	  50.377	 -42.136
23	-224.800	21	   2.575	  31.237	 -39.306
24	-207.817	20	  13.544	  52.554	 -32.621
25	-199.823	20	   6.526	  67.757	 -43.716
26	-193.423	19	   1.305	  62.355	 -35.012
27	-188.883	18	   9.910	  35.285	 -66.526
28	-184.474	18	  21.646	  73.052	 -50.549
29	-168.859	16	  -0.428	  32.108	 -48.428
30	-160.792	16	  17.456	  33.620	 -33.483
31	-156.535	15	  -7.279	  42.737	 -54.489
32	-154.238	14	  33.213	  70.054	 -42.012
33	-150.865	15	   9.603	  28.351	 -58.895
34	-142.722	14	  25.939	  46.664	 -66.452
35	-131.310	13	   3.076	  33.107	 -56.569
36	-130.785	13	  14.849	  70.786	 -48.800
37	-130.311	12	  28.480	  36.516	 -54.359
38	-130.021	13	  11.789	  39.926	 -32.515
39	-125.255	12	  28.183	  52.171	 -47.937
40	-124.073	12	   7.425	  47.160	 -29.576
41	-119.786	12	  -2.591	  47.092	 -59.010
42	-118.906	11	   0.066	  49.284	 -25.993
43	-117.228	12	  16.022	  60.601	 -62.646
44	-110.540	11	  26.837	  61.727	 -34.440
45	-110.160	11	  25.378	  33.840	 -44.412
46	-106.887	11	  36.471	  56.339	 -39.457
47	-102.408	10	  20.057	  59.121	 -32.406
48	 -99.269	9	  36.558	  60.113	 -54.726
49	 -95.979	9	   8.363	  30.490	 -33.590
50	 -86.327	9	  18.993	  26.095	 -53.719
51	 -85.549	8	  35.814	  48.649	 -47.779
52	 -84.470	8	  10.200	  24.649	 -38.983
53	 -80.983	8	  40.482	  59.584	 -47.026
54	 -80.867	8	  17.026	  67.167	 -30.690
55	 -80.767	8	  10.409	  47.099	 -65.298
56	 -77.776	8	  20.948	  26.629	 -42.179
57	 -70.008	7	  20.712	  51.755	 -39.254
58	 -69.596	7	  24.584	  76.605	 -41.039
59	 -56.992	6	  -3.123	  43.360	 -29.117
60	 -56.773	6	 -13.695	  61.587	 -48.363
61	 -52.363	5	 -15.092	  43.565	 -38.372
62	 -49.981	5	   2.790	  42.453	 -63.591
63	 -39.158	4	   3.181	  52.449	 -62.483
64	 -39.082	4	  20.841	  53.755	 -46.744
65	 -31.731	3	  25.942	  28.755	 -50.876
66	 -29.892	3	  26.239	  69.754	 -33.540
67	 -28.836	3	  -1.959	  75.690	 -50.474
68	 -28.240	3	   8.974	  69.755	 -60.869
69	 -19.055	2	 -10.690	  49.268	 -26.539
70	 -18.857	2	   7.310	  63.634	 -66.019
71	 -17.977	2	  19.310	  75.257	 -33.041
72	 -11.129	1	  17.310	  40.755	 -70.539
73	 -10.318	1	   5.310	  51.755	 -46.539
74	  -9.498	1	  16.310	  76.755	 -43.539
75	  -8.915	1	  42.310	  51.755	 -51.539
