1	-1095.972	95	  79.038	  16.639	  11.825
2	-813.480	70	  28.465	  24.063	  14.407
3	-660.773	60	  81.389	  27.605	  13.380
4	-647.748	58	  59.005	  27.905	  32.582
5	-636.962	55	  31.686	  17.850	  18.427
6	-589.999	51	  49.912	  27.519	  11.008
7	-555.612	34	  50.720	  16.994	  21.374
8	-517.276	49	  64.233	  31.213	   6.665
9	-482.523	43	  51.234	   6.256	  12.035
10	-475.416	43	  67.806	  31.579	  19.340
11	-456.861	41	  87.151	  23.726	   7.621
12	-443.458	40	 106.346	   0.880	  21.125
13	-438.024	40	  85.682	  -0.689	  30.068
14	-404.653	36	  36.701	  11.752	  23.682
15	-395.814	35	  68.302	  -2.002	  -4.332
16	-392.369	36	  76.229	  24.395	  30.122
17	-389.379	38	  89.643	   7.360	  -3.174
18	-388.171	35	  77.008	  -3.864	   6.543
19	-379.963	34	  74.900	  14.380	  31.579
20	-374.486	36	  43.629	  19.145	   4.821
21	-367.598	33	  71.708	  14.907	  -9.683
22	-363.166	32	  87.523	  17.245	   1.007
23	-344.592	31	  55.050	  21.634	   9.586
24	-339.861	28	  41.582	  24.949	  34.562
25	-327.227	29	  33.301	  31.485	  28.234
26	-325.353	30	  33.076	  36.549	  22.078
27	-324.757	26	  62.851	  33.487	  26.455
28	-316.814	28	  65.427	  19.273	  32.932
29	-306.185	26	  35.923	  18.898	  26.558
30	-302.469	28	  91.454	  -0.036	  -0.395
31	-299.258	27	  83.968	  -4.364	   3.992
32	-293.848	29	  59.181	  46.030	  21.518
33	-287.749	27	  22.688	  32.617	  14.527
34	-282.629	27	  59.256	   8.095	  26.998
35	-280.026	25	  77.829	  -5.585	  18.803
36	-278.204	27	  44.036	  33.609	  37.733
37	-275.176	25	  55.934	   5.444	  21.504
38	-273.353	26	  79.195	  29.235	  22.957
39	-272.807	25	  88.349	  17.655	  29.761
40	-253.811	24	  57.301	   2.259	   3.008
41	-251.272	23	  97.204	  12.867	   4.209
42	-247.507	19	  68.975	  16.614	  13.146
43	-240.321	23	  99.840	  -4.280	  25.585
44	-239.301	23	  31.653	  41.132	  16.967
45	-232.940	22	 100.420	  24.520	   8.435
46	-205.918	19	  67.952	  -0.222	  21.605
47	-205.228	18	  98.528	  17.028	  25.721
48	-204.627	19	 107.328	  11.429	  21.460
49	-204.173	20	  43.670	  46.936	  25.670
50	-201.206	19	  43.954	  41.213	   6.757
51	-199.244	19	  29.994	  19.246	   5.443
52	-196.447	17	  67.533	  19.888	  -6.839
53	-192.877	18	  51.509	  15.168	   2.892
54	-192.732	14	  55.574	  28.890	  18.263
55	-186.214	18	  58.993	  23.307	   2.634
56	-181.011	14	  85.645	  14.952	   9.572
57	-168.387	16	 108.786	  12.555	  10.501
58	-167.825	16	  53.126	  40.469	  34.413
59	-161.009	15	  36.508	   5.654	  19.580
60	-152.078	15	  92.661	  28.506	  21.959
61	-148.292	14	  64.957	   6.176	  -8.471
62	-147.239	10	  62.508	  20.027	  17.434
63	-147.031	15	 103.833	   4.886	   8.781
64	-142.972	13	  79.925	   7.093	  33.554
65	-142.551	14	  47.654	  20.419	  40.843
66	-138.364	13	  29.072	  35.704	   6.720
67	-131.410	12	 104.986	  19.455	  16.094
68	-131.059	12	  80.975	  12.159	  -8.272
69	-127.270	13	  77.610	  -3.410	  -7.240
70	-123.935	11	  92.320	  -6.493	  26.393
71	-122.782	12	  61.480	  -6.720	   4.989
72	-119.103	12	  93.789	  30.274	   7.313
73	-116.373	11	  57.826	   7.003	  -3.339
74	-114.633	11	  94.987	   8.017	  31.140
75	-113.922	12	  59.152	  19.200	  -3.084
76	-112.651	11	  74.248	  23.630	  -9.125
77	-111.324	11	  74.533	  35.705	   7.446
78	-110.137	11	  32.420	   9.272	   6.179
79	 -94.407	9	  55.243	  39.509	   6.636
80	 -93.084	9	 102.610	  -5.426	  13.459
81	 -92.145	9	  45.074	   7.662	   5.762
82	 -91.064	8	  44.036	   9.620	  27.777
83	 -90.361	9	  99.725	  33.792	  10.249
84	 -89.898	9	  29.219	  10.537	  13.652
85	 -87.374	9	  99.303	  25.099	  20.129
86	 -86.141	8	  54.881	  12.677	  33.825
87	 -80.531	8	  43.170	  13.587	  35.615
88	 -79.871	8	  67.676	  -4.554	  12.413
89	 -79.668	8	  39.586	  26.119	   3.536
90	 -79.612	8	  35.768	  39.389	  28.712
91	 -75.122	8	  74.133	   7.160	 -11.795
92	 -71.887	7	  90.281	  22.592	  -1.626
93	 -69.343	7	  77.589	  -4.955	  26.318
94	 -69.086	7	  93.184	  -5.918	   7.447
95	 -66.758	7	  65.157	  39.196	  16.785
96	 -66.064	7	  96.150	 -11.752	  12.271
97	 -62.668	6	  59.552	  -2.137	  19.419
98	 -62.324	6	  71.697	  -9.616	   5.794
99	 -61.881	6	  56.412	  47.612	   9.589
100	 -60.000	6	 103.421	   3.242	  34.269
101	 -57.832	6	  80.585	  30.267	  -2.782
102	 -53.323	5	 110.367	   3.333	  27.552
103	 -51.602	5	  41.217	  51.384	  15.168
104	 -50.157	5	  84.811	  -8.993	  12.578
105	 -48.652	5	 106.370	  11.003	  29.189
106	 -40.797	4	  29.398	  22.800	  30.031
107	 -39.328	4	  54.688	  23.590	  40.051
108	 -38.861	4	  69.665	  28.288	  -4.172
109	 -37.517	4	  85.903	  32.538	   5.067
110	 -36.161	4	  85.666	 -10.960	  22.057
111	 -33.509	3	  74.545	   6.628	  18.147
112	 -29.809	3	  70.105	   3.491	  31.888
113	 -27.859	2	  66.406	   8.210	  18.577
114	 -22.611	2	  44.873	   2.792	  17.577
115	 -22.049	2	  49.596	  49.816	  19.982
116	 -20.362	2	  41.924	  42.792	  36.577
117	 -19.691	2	  20.860	  24.884	  19.485
118	 -19.170	2	 100.920	 -10.199	  19.558
119	 -19.054	2	  81.919	  -7.208	  -2.936
120	 -18.450	2	 110.909	   4.799	  16.080
121	 -14.124	1	  42.406	  27.792	  21.577
122	 -13.453	1	  79.406	  17.792	  20.577
123	  -9.844	1	  75.406	  24.792	  16.577
124	  -9.795	1	  66.406	  11.792	  31.577
125	  -9.613	1	  94.406	  11.792	  14.577
126	  -9.422	1	  23.406	  31.792	  24.577
127	  -8.960	1	  49.406	  55.792	  14.577
128	  -8.908	1	 103.406	  16.792	   6.577
