1	-787.413	69	  -7.002	  41.587	 -32.271
2	-772.360	62	  14.375	  59.309	 -51.386
3	-687.953	64	  24.041	  53.298	 -52.054
4	-570.641	54	  14.358	  47.886	 -46.529
5	-447.326	41	  10.676	  35.826	 -64.802
6	-442.086	43	  32.050	  67.845	 -51.872
7	-423.337	38	   2.997	  64.920	 -55.421
8	-405.728	37	  16.830	  45.206	 -61.400
9	-358.698	33	  -6.143	  57.244	 -51.523
10	-326.791	30	  -8.288	  58.077	 -37.859
11	-321.349	29	  17.091	  66.500	 -47.767
12	-305.893	29	  21.556	  39.832	 -42.224
13	-298.016	28	  15.572	  50.881	 -30.445
14	-287.992	27	  30.570	  46.392	 -46.735
15	-284.605	26	  -0.809	  35.418	 -33.544
16	-277.157	26	   8.429	  65.425	 -43.068
17	-272.976	26	  27.435	  55.946	 -36.135
18	-262.301	24	 -13.865	  48.919	 -35.735
19	-262.080	24	  13.471	  23.230	 -47.706
20	-251.479	23	  38.845	  58.615	 -51.461
21	-244.122	24	  23.790	  51.068	 -41.528
22	-230.303	22	  29.118	  45.891	 -57.932
23	-229.620	20	  -9.863	  36.174	 -44.642
24	-228.689	21	   0.043	  29.626	 -45.279
25	-227.074	21	   3.539	  29.104	 -35.918
26	-216.446	20	   1.626	  62.141	 -37.878
27	-205.293	19	  15.327	  45.788	 -53.158
28	-199.833	19	  33.457	  67.775	 -41.090
29	-192.923	18	  35.294	  49.276	 -55.026
30	-184.819	19	  13.507	  39.837	 -30.708
31	-182.640	16	 -15.600	  42.866	 -50.042
32	-170.950	17	   3.950	  30.513	 -54.623
33	-164.944	16	   9.808	  25.919	 -56.987
34	-163.922	16	  19.821	  24.261	 -53.566
35	-163.819	15	  -6.865	  40.415	 -50.244
36	-156.809	15	  28.509	  66.212	 -32.909
37	-153.018	15	  21.504	  56.781	 -30.083
38	-147.965	14	   7.025	  45.332	 -24.872
39	-143.615	14	  15.675	  56.645	 -60.327
40	-143.171	13	  28.485	  33.818	 -53.900
41	-142.885	14	  16.636	  67.671	 -32.112
42	-128.012	13	 -17.497	  49.973	 -51.055
43	-126.145	12	  23.017	  70.089	 -50.365
44	-119.148	12	  26.235	  26.354	 -48.954
45	-117.220	11	  10.327	  66.025	 -57.572
46	-110.215	10	  27.054	  32.077	 -42.625
47	-103.839	10	  11.844	  62.381	 -33.757
48	-103.603	10	   3.601	  51.645	 -23.470
49	-103.590	9	  28.729	  60.674	 -54.100
50	 -94.806	10	  19.394	  28.725	 -63.848
51	 -93.825	9	  35.753	  52.020	 -39.541
52	 -86.327	8	  -2.740	  44.263	 -55.610
53	 -77.195	8	  19.174	  30.978	 -31.592
54	 -76.811	8	   1.518	  71.167	 -49.896
55	 -72.801	7	   2.576	  39.366	 -60.874
56	 -69.124	7	   1.581	  52.542	 -58.982
57	 -68.300	7	  23.218	  73.391	 -40.206
58	 -62.806	6	  12.615	  21.989	 -36.417
59	 -49.764	5	 -12.266	  57.991	 -46.851
60	 -48.294	5	  -6.109	  65.557	 -45.422
61	 -39.053	4	  28.378	  40.274	 -62.667
62	 -37.525	4	  21.014	  23.404	 -40.176
63	 -29.834	3	   7.173	  56.989	 -30.076
64	 -27.285	3	  30.785	  75.989	 -46.083
65	 -22.462	2	   9.116	  28.989	 -31.005
66	 -21.144	2	  -3.884	  56.432	 -27.417
67	 -18.349	2	  -8.375	  47.971	 -22.908
68	 -18.222	2	  -2.381	  40.989	 -24.914
69	  -9.819	1	  38.116	  60.989	 -40.417
70	  -9.622	1	 -18.884	  37.989	 -44.417
71	  -8.932	1	  22.116	  72.989	 -32.417
72	  -8.900	1	   7.116	  48.989	 -44.417
