1	-802.529	69	  79.756	  60.714	  96.545
2	-683.037	57	  77.337	  80.001	 105.071
3	-559.638	52	  96.442	  80.957	 104.302
4	-513.046	46	  65.842	  76.557	  99.009
5	-477.269	44	  72.018	  65.173	 105.145
6	-425.253	37	  87.435	 110.166	 100.505
7	-362.023	32	  72.397	  42.520	  68.898
8	-360.206	31	  77.647	  77.958	  83.193
9	-349.409	33	  52.564	  47.425	  53.617
10	-348.622	32	 103.156	  98.475	 110.313
11	-344.051	31	  91.093	  49.166	  83.580
12	-328.071	30	  54.082	  59.606	  72.593
13	-323.786	31	  86.977	 100.201	 101.910
14	-295.662	26	  60.823	  45.889	  88.965
15	-289.371	24	  90.073	  68.773	  81.248
16	-277.629	26	  69.367	  49.719	  87.031
17	-260.327	25	  97.088	 115.839	 101.178
18	-259.689	24	  53.327	  48.716	  98.126
19	-253.086	24	  84.948	  49.372	  74.022
20	-251.162	23	  98.539	  70.006	  89.494
21	-249.598	25	  95.361	 104.994	 115.242
22	-246.273	24	 112.771	 102.470	 112.542
23	-238.083	21	  55.693	  64.139	  82.825
24	-233.698	21	  93.701	  63.548	  98.856
25	-226.597	23	  81.054	  89.110	 102.959
26	-225.969	21	  52.534	  67.805	 101.324
27	-212.425	20	  59.301	  51.347	  49.585
28	-211.917	21	  57.493	  73.047	  92.902
29	-211.822	19	  92.624	  57.022	  80.468
30	-202.864	20	  87.356	 112.667	 109.460
31	-196.762	18	  77.548	  43.141	  74.300
32	-193.361	19	  92.846	  90.451	 104.160
33	-187.083	17	  86.406	  50.647	  97.001
34	-186.437	17	  61.467	  38.198	  62.610
35	-179.533	17	  49.506	  41.107	  76.029
36	-179.054	16	 111.454	 117.793	 124.600
37	-178.659	17	 120.527	 109.206	 112.266
38	-177.809	16	  56.839	  54.560	  60.870
39	-174.328	16	  72.838	  55.119	  65.249
40	-171.264	15	  94.736	 103.819	  99.652
41	-163.246	16	  88.700	  92.090	 111.243
42	-162.457	16	  90.830	  85.052	  87.980
43	-162.336	16	  58.682	  36.602	  74.903
44	-155.543	15	  65.378	  48.994	  57.829
45	-154.547	15	 121.301	  94.994	 116.613
46	-154.054	14	  61.993	  67.580	  75.070
47	-152.496	15	 103.517	 107.476	 119.652
48	-151.844	15	  98.646	  89.328	 117.469
49	-151.493	15	  79.327	  87.840	  94.232
50	-151.059	14	  69.242	  71.068	  77.458
51	-146.881	14	 107.765	 101.467	 118.187
52	-143.139	12	  96.908	  79.609	  90.646
53	-142.561	14	  81.731	  41.216	  85.294
54	-138.023	14	  85.608	  63.855	  71.873
55	-135.675	13	  51.733	  42.699	  83.719
56	-134.218	13	  76.543	  60.361	  68.997
57	-133.843	13	  90.022	  88.273	  96.805
58	-133.184	13	  69.216	  52.521	  93.494
59	-131.942	12	  75.149	  42.964	  82.124
60	-119.956	12	 108.539	 112.073	 116.371
61	-119.258	11	  78.518	  52.227	  95.499
62	-116.876	11	  77.537	  71.314	 110.544
63	-108.766	10	  84.778	  69.097	 105.545
64	-106.624	10	  44.726	  41.947	  68.618
65	-106.396	10	  55.665	  52.615	 111.728
66	-106.234	10	 100.313	 116.342	 113.261
67	-106.154	11	  87.143	  80.324	 111.370
68	-103.451	10	  50.254	  58.565	 105.440
69	 -99.350	9	  99.958	  72.930	  96.378
70	 -99.146	10	 100.244	  94.728	  90.729
71	 -93.752	9	  93.242	  44.915	  92.208
72	 -93.411	9	  96.003	  81.437	 113.678
73	 -93.173	9	  62.267	  73.402	 106.515
74	 -86.165	9	  46.524	  55.148	  71.747
75	 -84.103	8	  96.073	  61.840	  85.124
76	 -81.832	8	  70.552	  82.831	  95.644
77	 -76.942	8	 115.922	 107.422	 130.550
78	 -68.255	7	  80.661	 107.356	 104.335
79	 -62.230	6	 125.099	 102.274	 122.544
80	 -61.672	6	  64.527	  64.705	 112.325
81	 -59.784	6	  70.047	  56.921	 109.235
82	 -55.442	5	  61.692	  49.624	 102.533
83	 -50.313	5	 118.614	 118.234	 120.170
84	 -49.844	5	 106.480	 107.400	 128.155
85	 -49.424	5	  95.250	 103.039	  89.153
86	 -48.915	5	  98.478	  88.432	  96.712
87	 -46.936	5	 113.453	  99.224	 127.139
88	 -46.562	5	 109.669	 114.847	 132.939
89	 -38.554	4	  54.614	  61.351	 111.281
90	 -38.026	4	  53.407	  37.082	  63.046
91	 -36.951	3	  83.997	  72.831	  91.297
92	 -36.093	4	  58.379	  43.568	  45.786
93	 -36.067	4	 113.399	  94.327	 115.539
94	 -33.047	3	 102.227	 106.553	 104.959
95	 -28.699	3	  47.957	  49.572	  92.959
96	 -28.063	3	  81.610	  73.508	  75.544
97	 -27.702	3	  70.293	  74.458	 109.544
98	 -26.476	2	  66.194	  52.279	  77.096
99	 -25.250	2	  62.769	  57.352	  90.980
100	 -20.372	2	  47.205	  52.705	  83.670
101	 -19.917	2	 121.796	 112.754	 125.390
102	 -19.159	2	 121.167	  94.831	 109.069
103	 -18.414	2	  98.144	  97.831	 122.544
104	 -18.337	2	  84.642	  55.316	  68.544
105	 -18.127	2	  68.140	  40.831	  59.544
106	 -18.070	2	  47.647	  60.329	  93.027
107	 -18.035	2	  91.642	  54.831	  73.042
108	 -13.304	1	  66.642	  58.831	  98.544
109	 -10.065	1	  79.642	  43.831	  95.544
110	  -9.690	1	  99.642	  52.831	  97.544
111	  -9.676	1	 100.642	  54.831	  88.544
112	  -9.095	1	  53.642	  75.831	 102.544
113	  -9.046	1	  56.642	  50.831	  41.544
114	  -9.001	1	  68.642	  77.831	  87.544
