1	-1997.880	179	 100.833	  72.735	  61.426
2	-994.467	89	 107.169	  54.095	  49.820
3	-844.599	79	 112.306	  68.384	  74.818
4	-834.432	75	 108.190	  59.828	  43.796
5	-814.910	70	 106.561	  94.775	  55.548
6	-780.682	69	 106.909	  88.629	  74.248
7	-734.694	60	  86.063	  75.069	  40.045
8	-713.268	59	 113.363	  72.636	  53.667
9	-713.022	62	  91.935	  55.823	  52.168
10	-693.183	62	 100.771	  92.350	  57.729
11	-663.555	56	  99.491	  82.133	  49.527
12	-596.628	50	 125.528	  78.136	  65.863
13	-592.507	54	  82.226	  66.092	  45.295
14	-558.795	49	 112.581	  66.165	  43.055
15	-545.934	51	 121.524	  84.384	  75.869
16	-528.836	45	 108.450	  99.923	  69.703
17	-521.165	50	  85.116	  78.243	  56.684
18	-492.874	43	  99.814	  97.622	  63.666
19	-447.074	36	 111.041	  66.518	  59.531
20	-428.084	40	  98.647	  96.286	  84.309
21	-416.618	37	  93.115	  80.369	  35.012
22	-412.042	38	  93.688	  56.812	  31.581
23	-409.179	37	 127.496	  79.087	  55.250
24	-381.614	35	 112.928	  48.166	  68.258
25	-371.824	33	  80.264	  91.988	  67.921
26	-361.749	32	  94.002	  84.817	  55.978
27	-331.416	31	  99.413	  82.493	  77.672
28	-329.317	29	  91.864	  55.406	  63.292
29	-311.709	27	  87.062	  98.465	  65.449
30	-311.131	26	  91.110	  45.728	  57.097
31	-305.315	28	 102.786	  57.972	  32.258
32	-296.216	26	 111.567	  61.536	  53.135
33	-286.113	27	 130.669	  91.065	  70.422
34	-275.929	25	  86.257	  73.189	  30.385
35	-268.409	27	 101.245	  81.264	  40.075
36	-267.014	19	  97.118	  79.179	  60.377
37	-266.831	26	 111.104	  80.473	  41.600
38	-259.639	24	  83.487	  72.087	  62.077
39	-242.749	24	 116.199	 102.276	  57.537
40	-226.201	21	 114.630	  63.710	  67.810
41	-219.342	21	  82.390	  63.686	  31.816
42	-214.866	21	 132.721	  83.600	  63.164
43	-206.113	17	 107.651	  90.460	  48.483
44	-202.238	18	  93.428	  74.887	  70.232
45	-202.171	18	  98.635	  63.989	  69.577
46	-202.125	16	  86.893	  99.234	  75.622
47	-198.598	20	  93.352	  39.606	  54.121
48	-192.205	18	 110.883	  75.470	  77.196
49	-189.939	18	 113.301	  98.677	  48.885
50	-184.231	18	  93.867	  80.417	  26.938
51	-183.859	16	 122.467	  99.530	  65.909
52	-178.206	18	 121.437	  92.678	  39.911
53	-174.462	17	 105.077	  51.821	  42.441
54	-173.844	17	 113.929	  57.582	  75.678
55	-165.052	17	 120.925	  79.017	  50.300
56	-164.975	15	 102.240	  91.293	  80.634
57	-163.851	16	  86.000	  64.550	  59.218
58	-162.121	16	 113.324	  74.721	  28.079
59	-156.777	15	  97.339	  72.139	  25.125
60	-154.865	16	 110.872	  96.340	  75.994
61	-150.333	15	 103.684	  60.005	  78.712
62	-148.581	15	 112.567	  64.899	  33.479
63	-148.473	15	  96.248	  48.321	  42.221
64	-145.180	15	  82.273	  55.873	  35.804
65	-143.112	14	 100.865	  46.685	  71.228
66	-141.562	14	 113.437	  45.923	  59.752
67	-141.409	14	  95.125	 105.797	  72.922
68	-137.592	13	  84.540	  88.033	  77.926
69	-136.611	14	  81.329	  75.666	  72.562
70	-132.289	13	  79.833	  60.880	  40.888
71	-131.762	12	 130.457	  92.346	  53.981
72	-130.353	12	  90.397	  66.011	  28.006
73	-129.180	12	  77.242	  81.494	  64.591
74	-118.010	11	 120.466	  68.074	  71.771
75	-116.297	10	 108.999	 100.992	  60.964
76	-112.787	9	 105.656	  40.489	  63.850
77	-104.880	10	  89.820	  79.351	  45.401
78	-104.061	10	 125.490	  93.952	  77.044
79	-101.941	8	 107.733	  64.409	  71.552
80	-101.369	10	 121.105	  73.442	  61.562
81	 -81.941	8	 132.905	  83.381	  49.942
82	 -81.912	8	  83.089	  92.114	  59.751
83	 -78.747	8	  75.789	  76.645	  52.070
84	 -74.552	7	  88.957	  97.888	  83.734
85	 -67.180	7	  97.183	  36.465	  62.999
86	 -67.176	7	 121.201	  71.166	  78.978
87	 -64.443	6	 104.523	  41.327	  50.230
88	 -63.481	6	 129.963	  93.296	  61.821
89	 -61.574	6	  84.553	  55.156	  46.296
90	 -60.199	6	 117.279	  53.279	  63.531
91	 -59.430	6	  89.392	  40.165	  62.266
92	 -57.813	6	  86.841	  49.869	  40.848
93	 -49.045	4	  85.328	  78.870	  65.116
94	 -48.024	5	  99.475	  61.692	  26.418
95	 -46.326	5	  99.866	  49.870	  31.059
96	 -46.017	5	 108.539	  89.274	  39.634
97	 -42.240	4	 118.328	  75.404	  38.740
98	 -40.624	4	  90.750	  79.785	  79.283
99	 -39.406	4	 124.216	 100.632	  57.897
100	 -20.776	2	  77.773	  73.315	  41.400
101	 -19.772	2	 120.341	  99.380	  75.832
102	 -19.158	2	  97.811	  58.870	  74.822
103	 -18.420	2	 118.328	  64.892	  48.838
104	 -13.477	1	  97.328	  54.870	  40.845
105	 -12.497	1	  92.328	  87.870	  80.845
106	 -11.784	1	 115.328	  94.870	  63.845
107	  -9.929	1	 131.328	  89.870	  45.845
108	  -9.314	1	 131.328	  81.870	  70.845
109	  -9.298	1	  99.328	  99.870	  53.845
