1	-1190.207	92	 -26.265	  70.948	-129.173
2	-596.167	51	  -3.887	  59.158	-120.214
3	-521.054	45	 -16.207	  54.747	-102.526
4	-457.072	42	 -27.373	  74.648	-145.566
5	-414.916	39	 -27.520	  67.383	-136.226
6	-411.892	37	 -15.986	  60.625	-139.201
7	-367.651	35	   2.039	  65.194	-124.406
8	-333.546	30	 -14.733	  63.856	 -89.958
9	-307.349	29	  -7.363	  61.029	-136.407
10	-301.966	29	  -4.308	  66.757	-141.236
11	-278.290	26	 -20.644	  49.331	 -90.577
12	-261.948	26	 -20.942	  62.345	-116.459
13	-251.713	21	 -21.548	  67.767	 -90.841
14	-249.620	23	  -7.388	  79.817	-123.499
15	-248.293	24	 -27.418	  43.294	-107.074
16	-247.429	25	 -17.831	  53.040	-114.280
17	-232.160	22	 -10.622	  86.870	-142.671
18	-232.078	19	  -1.779	  69.978	-109.720
19	-230.468	23	 -29.372	  77.654	-130.233
20	-203.969	18	  -5.535	  60.486	-111.602
21	-197.277	19	  -6.272	  57.409	-128.902
22	-196.967	17	 -18.757	  62.207	 -82.096
23	-186.501	18	 -17.811	  71.066	-116.518
24	-182.627	17	 -15.674	  60.815	-111.021
25	-179.840	18	 -21.084	  89.132	-138.166
26	-179.816	16	   0.038	  69.953	-131.423
27	-174.515	17	 -29.863	  61.595	-126.937
28	-150.335	15	 -35.037	  73.405	-139.445
29	-150.063	15	 -20.646	  57.524	-131.229
30	-141.510	13	 -12.865	  74.288	-112.585
31	-139.816	14	 -39.633	  48.252	 -93.065
32	-136.390	13	 -24.561	  50.021	-114.274
33	-134.516	13	  -7.214	  81.176	-133.891
34	-121.380	11	 -34.819	  80.496	-142.036
35	-116.958	12	 -35.139	  55.691	 -92.450
36	-111.814	11	 -16.859	  46.537	-107.930
37	-108.596	11	 -25.880	  62.564	 -88.192
38	-107.390	11	 -22.433	  62.016	-102.525
39	-100.063	10	 -15.408	  82.464	-118.832
40	 -88.280	9	 -29.758	  41.147	 -95.817
41	 -87.600	9	 -15.451	  86.018	-130.243
42	 -84.090	8	 -25.835	  84.114	-144.091
43	 -82.867	8	   1.224	  75.807	-121.061
44	 -81.000	8	 -26.652	  57.754	 -94.769
45	 -71.709	6	 -34.730	  51.244	-103.828
46	 -68.027	6	 -20.233	  68.653	-146.770
47	 -64.061	6	 -20.393	  37.411	 -97.885
48	 -60.845	5	  -5.735	  78.606	-110.595
49	 -58.990	6	  -7.245	  74.958	-144.007
50	 -56.582	5	 -10.351	  54.645	 -94.680
51	 -51.354	5	 -23.903	  55.649	-122.144
52	 -39.500	4	 -11.961	  65.741	-145.025
53	 -36.440	3	 -17.730	  84.266	-146.238
54	 -33.826	3	 -22.120	  80.224	-124.930
55	 -33.651	3	 -12.698	  52.266	-121.320
56	 -29.478	3	 -18.333	  38.334	-107.032
57	 -28.611	3	  -8.011	  48.266	 -90.068
58	 -22.455	2	 -42.218	  57.266	 -90.320
59	 -18.092	2	  -9.246	  58.287	 -87.804
60	  -9.846	1	 -33.730	  56.266	-110.320
61	  -9.737	1	 -16.730	  51.266	 -84.320
62	  -9.371	1	 -14.730	  75.266	-147.320
63	  -9.130	1	 -13.730	  56.266	-134.320
