1	-446.179	40	  18.866	  42.041	  45.804
2	-415.271	37	  28.744	  28.049	  35.116
3	-383.444	35	  10.203	  32.964	  21.368
4	-336.147	32	  25.551	  34.511	  49.859
5	-325.037	30	  25.168	  23.998	  13.397
6	-324.173	29	  20.887	  45.236	  20.002
7	-246.211	24	   3.823	  40.301	  29.243
8	-212.577	19	  30.510	  19.958	  20.648
9	-199.511	17	  18.171	  30.447	  37.065
10	-186.434	19	  19.998	  51.958	  26.343
11	-184.037	17	  19.794	  32.732	  10.512
12	-172.517	15	  30.167	  27.225	  44.562
13	-158.541	15	  36.024	  35.849	  38.254
14	-150.111	15	  17.875	  51.228	  42.981
15	-142.146	14	   6.926	  48.575	  42.453
16	-139.444	13	   9.601	  30.071	  40.218
17	-133.968	13	  24.478	  48.953	  33.641
18	-128.931	12	   6.856	  37.335	  47.224
19	-107.317	11	   4.568	  32.231	  34.190
20	 -99.741	10	  31.386	  31.249	  10.608
21	 -99.297	10	  30.471	  22.049	  28.312
22	 -98.630	10	  14.270	  55.222	  30.618
23	 -98.608	10	  22.018	  25.864	  47.744
24	 -97.306	10	  41.878	  36.235	  28.176
25	 -95.190	10	  40.083	  27.148	  26.765
26	 -88.355	9	  12.969	  27.894	  29.133
27	 -84.285	8	  33.499	  42.724	  36.449
28	 -81.227	8	   4.304	  50.134	  32.348
29	 -80.938	8	  26.760	  40.745	  14.959
30	 -79.265	8	   9.997	  52.019	  22.945
31	 -73.940	7	  13.894	  26.392	  44.838
32	 -72.013	7	  38.130	  38.169	  16.347
33	 -69.891	7	  19.279	  19.964	  20.409
34	 -62.465	6	  17.473	  33.899	  51.420
35	 -54.180	3	  14.088	  41.719	  25.752
36	 -53.716	5	  20.919	  27.099	  30.006
37	 -49.598	5	  38.716	  44.816	  23.524
38	 -48.735	5	  39.516	  25.045	  17.788
39	 -48.457	5	  13.081	  46.838	  17.389
40	 -40.451	4	  32.531	  38.332	  46.113
41	 -39.559	4	  34.092	  46.650	  29.330
42	 -19.963	2	  12.160	  44.045	  51.491
43	 -18.925	2	  11.802	  35.149	  13.559
44	  -9.463	1	   4.301	  44.650	  20.561
45	  -8.996	1	   0.301	  42.650	  40.561
