1	-895.244	85	  42.809	  36.083	  57.094
2	-771.537	69	   9.925	  32.388	  31.672
3	-762.668	63	  16.268	  25.281	  20.600
4	-738.121	69	  47.197	  28.308	  40.788
5	-721.217	65	  39.737	  15.050	  49.331
6	-688.121	63	  45.637	  30.398	  60.250
7	-644.414	57	  37.218	  39.981	  53.321
8	-612.348	50	  36.101	  22.325	  37.827
9	-593.328	54	  18.309	  35.437	  51.340
10	-562.151	46	   8.946	  44.456	  13.216
11	-551.776	52	   7.455	  41.490	  24.858
12	-551.562	50	  21.100	  54.173	  27.439
13	-546.995	48	  26.224	  21.672	  41.704
14	-542.892	50	  23.344	  42.340	  20.144
15	-535.370	43	  29.765	  47.416	  31.920
16	-484.682	40	  14.980	  26.225	  48.594
17	-477.273	41	  12.134	  36.044	  21.859
18	-474.464	40	  42.663	  23.631	  62.763
19	-472.515	43	  57.123	  26.029	  56.038
20	-468.309	43	   5.593	  49.307	  28.012
21	-461.720	42	  17.440	  28.709	  32.789
22	-441.619	42	  16.266	  53.664	  42.024
23	-406.427	36	  50.491	  33.716	  15.766
24	-399.094	32	  22.613	  44.268	  54.870
25	-383.838	35	  14.031	  55.586	  30.595
26	-364.279	32	  30.506	  41.198	  22.252
27	-354.606	30	  27.438	  48.402	  40.496
28	-315.520	32	  12.832	  23.896	  27.575
29	-305.488	28	  -1.056	  38.830	  35.939
30	-287.255	27	  12.313	  56.745	  18.581
31	-275.311	26	  50.845	  13.352	  54.929
32	-261.987	26	  29.251	  33.924	  17.977
33	-261.979	23	  44.035	  41.414	  40.633
34	-258.616	26	  26.644	  17.169	  58.866
35	-257.700	24	  31.016	  45.599	  54.861
36	-231.129	22	  26.377	  27.035	  25.457
37	-224.668	21	  36.924	  49.421	  65.858
38	-218.923	21	  56.915	  31.118	  44.277
39	-214.163	20	   1.044	  22.058	  35.668
40	-210.694	21	  16.328	  19.096	  47.344
41	-206.625	20	  28.788	  39.916	  68.023
42	-180.300	18	  23.220	  28.384	  63.291
43	-176.640	17	  33.333	  32.946	  68.527
44	-174.981	17	  20.176	  37.553	  11.548
45	-157.252	14	  36.438	  45.928	  34.791
46	-149.594	15	  48.006	  45.269	  19.611
47	-147.071	15	  41.206	  14.987	  59.125
48	-145.615	14	  22.562	  14.716	  48.826
49	-143.841	14	   8.733	  42.847	  49.052
50	-140.215	13	   1.750	  39.659	  44.650
51	-139.186	14	  23.841	  52.025	  51.996
52	-131.542	13	  45.796	  24.262	  32.311
53	-125.372	13	  16.858	  25.834	  13.821
54	-121.557	12	  51.419	  35.652	  30.234
55	-111.033	11	   7.114	  30.108	  46.493
56	-110.782	11	   6.833	  50.836	  43.750
57	-109.346	11	  62.361	  32.057	  51.723
58	-107.121	10	   3.817	  49.522	  36.846
59	 -99.949	10	  36.187	  23.029	  21.020
60	 -98.479	10	  44.441	  23.075	  23.428
61	 -95.714	10	   1.126	  45.967	  16.653
62	 -91.882	9	  34.476	  44.341	  47.659
63	 -90.688	8	   3.821	  37.337	  11.119
64	 -89.414	9	  50.960	  28.453	  27.535
65	 -89.397	8	  31.784	  23.501	  31.142
66	 -87.977	9	  53.440	  37.659	  62.105
67	 -81.969	8	  12.835	  24.808	  40.738
68	 -79.027	8	  29.628	  48.521	  67.407
69	 -77.785	8	   1.797	  23.807	  43.030
70	 -74.312	8	   3.380	  27.525	  26.062
71	 -73.147	7	   7.495	  28.754	  11.810
72	 -71.122	7	  46.941	  42.980	  48.405
73	 -68.882	7	  38.881	  40.306	  15.055
74	 -68.268	7	  56.310	  41.843	  45.439
75	 -53.572	5	  41.263	  31.011	  12.823
76	 -52.931	5	  47.000	  23.397	  16.165
77	 -52.713	5	   3.200	  34.387	  21.132
78	 -50.482	5	  32.249	  18.571	  63.748
79	 -49.738	5	  39.606	  47.159	  23.955
80	 -47.209	5	   3.207	  21.368	  16.007
81	 -41.863	4	  54.317	  23.544	  44.935
82	 -39.271	4	   5.545	  52.571	  15.678
83	 -38.987	4	   5.944	  56.810	  25.610
84	 -38.098	4	  18.532	  25.587	  55.915
85	 -37.988	4	  47.781	  45.295	  30.196
86	 -37.397	4	  50.253	  23.096	  65.162
87	 -33.452	3	  40.114	  36.954	  69.779
88	 -31.817	3	  11.665	  37.225	   7.162
89	 -29.345	3	  54.322	  41.890	  56.162
90	 -28.963	3	  -1.942	  31.611	  43.815
91	 -27.595	3	  -8.308	  28.267	  39.176
92	 -20.381	2	  46.527	  16.080	  64.671
93	 -19.640	2	  15.018	  51.571	  51.625
94	 -19.274	2	  43.151	  44.904	  70.562
95	 -18.726	2	  44.516	  45.073	  61.162
96	 -13.859	1	  27.018	  33.571	  49.162
97	 -12.628	1	  32.018	  26.571	  61.162
98	 -10.225	1	  -3.982	  29.571	  28.162
99	 -10.184	1	  55.018	  19.571	  60.162
100	  -9.532	1	  52.018	  41.571	  39.162
101	  -9.180	1	  -0.982	  37.571	  27.162
102	  -9.109	1	  33.018	  11.571	  45.162
