1	-418.058	37	  35.017	  33.075	  26.820
2	-377.573	35	  18.141	  24.718	  18.729
3	-356.527	29	  11.452	  40.617	   7.617
4	-320.452	28	  10.741	  48.439	   8.307
5	-310.117	29	  27.999	  30.257	   8.268
6	-265.680	24	  25.551	  22.243	  23.584
7	-251.146	24	   8.539	  29.641	   9.267
8	-244.648	24	  14.206	  34.826	  32.484
9	-240.859	23	  20.692	  49.054	   4.924
10	-231.597	23	  28.318	  47.475	  23.889
11	-229.731	23	  27.837	  38.827	   3.441
12	-215.034	21	  19.129	  40.544	   0.739
13	-204.887	16	  30.566	  27.663	  17.092
14	-199.969	19	  21.817	  25.373	  32.955
15	-183.922	16	  15.363	  45.296	  27.057
16	-157.233	14	   4.017	  44.342	  19.537
17	-144.293	13	  10.147	  49.996	  17.299
18	-124.459	12	  34.459	  39.140	  16.337
19	-107.332	11	   7.172	  31.991	  21.088
20	 -93.594	10	  29.204	  47.444	   4.929
21	 -93.308	9	  28.189	  43.751	  33.264
22	 -85.925	9	  17.321	  52.178	  12.985
23	 -85.379	8	   3.679	  33.145	  14.133
24	 -79.606	8	  31.068	  45.051	  14.084
25	 -70.499	7	  23.409	  24.719	   8.950
26	 -53.769	5	  24.917	  34.771	  37.205
27	 -37.840	4	  31.518	  44.572	  -3.238
28	 -37.523	4	   3.365	  34.541	   5.047
29	 -30.167	3	  19.484	  45.130	  35.825
30	 -29.449	3	  19.037	  26.286	   1.659
31	 -29.243	3	  15.787	  30.498	  -3.858
32	 -21.533	2	  21.984	  37.230	  18.825
33	 -19.254	2	  11.815	  27.343	  26.825
34	 -10.422	1	  10.815	  36.815	  -0.175
35	  -9.368	1	  38.815	  35.815	  32.825
36	  -9.086	1	  21.815	  50.815	  22.825
37	  -8.928	1	  34.815	  22.815	  27.825
