1	-966.289	79	   4.265	  41.449	  41.623
2	-833.370	74	   6.527	  15.006	  38.800
3	-666.971	56	   1.833	  20.293	  20.881
4	-613.870	59	   3.979	  37.338	  16.235
5	-515.052	47	  17.863	   4.825	  31.090
6	-489.963	43	 -14.050	  27.561	  42.024
7	-439.604	42	  16.521	  37.268	  21.312
8	-426.649	38	   4.622	  38.652	  50.023
9	-414.081	38	   8.346	   3.315	  31.252
10	-387.880	28	   1.169	  20.545	  38.037
11	-377.541	34	  14.893	  40.055	  40.001
12	-358.065	34	 -19.042	  29.418	  32.570
13	-352.897	30	  11.396	  42.538	  23.795
14	-343.006	32	 -13.622	  24.053	  26.291
15	-342.946	32	  -7.259	   8.882	  27.549
16	-336.640	33	  23.640	   9.059	  27.625
17	-335.660	29	  -1.551	  20.695	  52.056
18	-325.976	31	  -8.466	  44.621	  43.620
19	-321.363	29	  -1.420	  31.728	  17.278
20	-296.004	29	  12.100	   8.942	  41.271
21	-264.702	23	   9.991	   0.889	  21.702
22	-243.385	23	  20.538	  20.474	  19.776
23	-241.950	24	 -11.607	  17.809	  41.179
24	-209.311	20	  21.174	  16.101	  46.336
25	-208.060	21	  -5.333	  48.036	  25.363
26	-192.862	18	  28.184	  19.619	  33.281
27	-189.567	18	 -13.206	  43.572	  30.836
28	-188.384	18	  -8.833	  38.327	  16.990
29	-186.851	19	  23.347	  36.027	  41.258
30	-181.187	18	  20.410	  36.895	  29.679
31	-165.417	15	  -3.939	  45.749	  36.159
32	-162.887	15	  12.852	   8.407	  15.020
33	-159.966	14	  25.523	  28.881	  30.592
34	-151.102	15	   6.667	  51.638	  26.394
35	-141.426	14	  -6.990	  21.718	  20.858
36	-141.366	14	  10.976	  34.007	  55.644
37	-128.529	13	  19.746	  29.611	  52.641
38	-128.188	13	 -16.752	  36.252	  23.122
39	-119.041	11	  -0.492	   6.443	  34.046
40	-117.076	12	  22.533	   8.159	  43.277
41	-109.977	11	  25.822	  24.337	  42.281
42	-102.099	10	   9.924	  13.434	  51.463
43	 -79.793	8	  13.266	  18.327	  15.283
44	 -77.989	8	   7.698	  22.061	  58.408
45	 -70.276	7	  -8.355	  20.635	  48.522
46	 -68.378	7	  24.416	  28.453	  22.297
47	 -67.446	7	  -7.618	  40.878	  53.784
48	 -58.081	6	  19.306	   1.921	  37.934
49	 -51.629	5	   2.518	  47.023	  15.994
50	 -51.094	5	  -3.999	  11.061	  17.633
51	 -42.379	4	 -12.933	  31.732	  17.039
52	 -40.859	4	  16.222	  19.244	  53.432
53	 -38.926	4	  -0.225	   1.446	  21.104
54	 -38.368	4	  20.362	  38.922	  49.793
55	 -34.048	2	   9.822	  20.076	  22.424
56	 -28.709	3	   7.822	  48.756	  35.108
57	 -28.560	3	  14.830	  35.446	  13.794
58	 -19.566	2	   0.336	  28.391	  58.308
59	 -19.272	2	   3.822	   7.917	  12.794
60	 -19.065	2	  19.785	   1.927	  20.757
61	 -18.518	2	 -13.178	  33.941	  54.794
62	 -18.382	2	 -20.178	  28.446	  25.302
63	 -17.917	2	   0.330	  12.949	  51.307
64	 -10.542	1	  15.822	  50.446	  33.794
65	 -10.112	1	  28.822	   7.446	  35.794
