1	-1109.093	92	  38.951	  73.338	 -18.320
2	-672.032	61	  35.705	  61.466	  -8.338
3	-475.706	46	  39.050	  69.316	 -12.126
4	-417.654	37	  65.539	  73.836	 -12.195
5	-399.274	34	  36.144	  57.279	 -21.085
6	-347.253	31	  64.412	  66.705	  -9.163
7	-319.520	29	  59.843	  65.156	 -22.824
8	-287.506	27	  23.628	  71.562	  -8.749
9	-245.981	23	  47.507	  81.974	  -9.180
10	-243.446	23	  51.327	  53.346	 -25.833
11	-225.963	22	  48.857	  50.339	 -13.919
12	-221.707	20	  48.746	  86.460	 -17.438
13	-214.937	20	  59.919	  64.468	  -4.121
14	-210.714	19	  40.552	  77.497	 -27.341
15	-203.275	20	  42.684	  74.700	  -6.507
16	-203.256	19	  32.394	  73.720	 -26.746
17	-192.737	18	  56.696	  56.895	  -1.339
18	-175.529	16	  27.218	  76.895	 -17.164
19	-167.972	16	  38.092	  89.934	 -11.401
20	-158.366	15	  57.943	  56.851	 -20.270
21	-141.295	14	  51.501	  79.985	 -27.334
22	-132.259	13	  46.477	  53.114	  -0.678
23	-129.786	13	  27.226	  67.780	 -25.466
24	-118.208	11	  33.088	  77.591	 -10.736
25	-113.534	11	  22.239	  62.928	  -8.367
26	-106.391	10	  62.384	  77.354	 -22.072
27	-101.582	10	  42.752	  57.689	 -26.092
28	-101.208	10	  43.174	  70.292	 -31.152
29	 -95.195	9	  47.722	  64.106	 -32.360
30	 -91.277	9	  44.627	  64.863	  -0.655
31	 -90.777	9	  30.691	  54.379	 -10.226
32	 -89.171	9	  29.053	  65.765	  -2.362
33	 -86.824	8	  60.853	  76.291	  -2.970
34	 -79.137	8	  57.246	  82.810	 -14.870
35	 -77.928	8	  40.239	  90.054	 -20.095
36	 -76.107	8	  58.762	  50.856	  -7.232
37	 -74.277	7	  52.561	  69.690	  -1.788
38	 -70.810	7	  26.163	  60.613	 -21.071
39	 -69.025	7	  42.974	  47.500	  -5.413
40	 -66.725	7	  27.715	  75.790	  -4.733
41	 -59.265	6	  53.748	  62.864	   2.360
42	 -58.602	6	  57.386	  72.308	 -29.630
43	 -37.734	4	  63.026	  57.857	 -11.287
44	 -29.502	3	  32.372	  83.294	 -22.973
45	 -20.150	2	  66.289	  70.615	 -22.700
46	 -18.299	2	  36.308	  63.615	 -31.765
