1	-1487.110	135	 -13.361	  68.843	  74.280
2	-1432.384	113	  -0.152	  80.721	  80.323
3	-1392.591	126	  15.422	  72.266	  63.598
4	-1376.613	113	   0.170	  80.845	  56.943
5	-1369.395	126	 -15.404	  89.335	  63.163
6	-1368.389	122	  13.618	  92.727	  74.896
7	-1219.289	103	   2.146	  61.377	  69.213
8	-953.130	88	  -4.886	  78.435	  64.379
9	-907.033	80	  -9.319	  93.040	  92.578
10	-903.468	80	   6.022	  78.867	  72.364
11	-825.552	72	   9.767	  68.905	  92.037
12	-773.405	71	  -8.007	  66.297	  44.554
13	-763.970	69	   6.202	  83.400	  65.385
14	-690.021	64	   5.628	  89.936	  44.485
15	-676.586	54	 -12.370	  55.494	  57.800
16	-654.834	59	  18.581	  87.714	  54.508
17	-634.992	59	 -13.398	  78.803	  69.440
18	-631.075	56	  18.879	  56.899	  81.281
19	-587.077	49	 -18.566	  74.828	  55.664
20	-539.115	50	  14.598	  86.391	  95.008
21	-532.580	46	  13.335	 106.404	  57.468
22	-527.784	47	  15.414	  78.004	  42.493
23	-506.990	48	  -5.996	  73.067	  43.713
24	-506.970	44	 -18.455	 104.360	  80.792
25	-500.417	42	  -3.566	  87.027	  71.196
26	-500.363	41	   8.082	  96.148	  45.846
27	-489.805	46	  -5.892	  78.562	  35.936
28	-478.896	43	 -14.017	  77.518	  94.513
29	-475.578	43	   7.271	 107.641	  80.557
30	-463.510	42	 -16.119	  84.663	  42.463
31	-457.028	42	  -7.518	  80.075	  73.159
32	-425.282	40	  14.185	  85.100	  71.142
33	-423.926	36	 -19.713	  83.735	  81.839
34	-410.095	37	  -7.304	 111.189	  45.959
35	-392.893	35	   2.606	  99.962	 101.291
36	-391.200	33	  19.832	  77.562	  81.887
37	-386.978	35	   6.158	  52.330	  57.592
38	-375.751	26	  -1.194	  99.413	  69.462
39	-357.509	35	   7.274	  75.037	  94.507
40	-352.578	35	   2.912	  55.256	  63.644
41	-351.628	31	   6.813	  50.458	  46.131
42	-341.971	32	  -1.315	  51.827	  79.832
43	-336.061	30	  -0.482	  63.389	 102.103
44	-329.094	30	   0.702	 112.151	  91.458
45	-328.560	32	 -13.678	 104.217	  59.962
46	-318.866	31	  -8.214	  87.269	  94.566
47	-313.679	28	  -2.131	  97.596	  35.028
48	-313.461	30	  14.537	  57.806	  59.792
49	-298.841	30	  19.722	  73.460	  89.668
50	-261.738	26	   9.542	  65.408	 101.320
51	-259.790	23	  -0.712	  49.720	  91.108
52	-254.215	26	  -2.211	  55.782	  72.960
53	-249.995	25	   9.014	  97.149	  38.972
54	-239.081	24	  -2.254	 107.023	  63.172
55	-239.058	21	  19.345	  92.463	  64.434
56	-234.835	21	   3.007	  63.376	  35.815
57	-233.585	23	  16.381	  56.333	  72.051
58	-233.107	22	 -19.487	  68.924	  64.642
59	-230.440	22	  -5.977	  80.275	 100.612
60	-228.379	23	  19.173	  97.297	  46.265
61	-227.139	22	  -0.914	 112.249	  79.987
62	-223.572	23	 -19.347	  68.170	  48.015
63	-215.498	20	  19.144	  98.713	  83.058
64	-201.989	20	   7.811	  55.619	  97.826
65	-199.684	18	   3.675	 106.321	  39.345
66	-199.472	20	 -20.469	  90.043	  90.264
67	-198.790	18	 -26.884	  92.329	  76.458
68	-196.500	19	  22.426	  66.809	  54.158
69	-195.151	18	 -20.889	  88.470	  72.707
70	-190.980	19	   1.221	 106.166	  73.144
71	-190.452	18	  26.955	  69.587	  76.008
72	-189.228	18	 -22.042	  95.045	  53.746
73	-189.147	18	  -5.726	 111.936	  57.023
74	-188.316	18	 -12.660	  54.348	  66.080
75	-187.756	18	 -17.301	 104.964	  71.951
76	-187.156	18	 -14.581	  59.724	  95.821
77	-183.759	17	  -7.411	  51.220	  87.640
78	-181.332	17	  24.669	  97.066	  60.666
79	-180.998	17	   4.400	  85.907	  33.497
80	-178.369	16	   9.872	  90.875	  34.470
81	-177.591	16	 -14.125	 105.580	  51.805
82	-177.123	16	 -19.099	  62.770	  83.243
83	-172.543	17	  10.941	  72.048	 103.527
84	-172.119	16	  21.268	  73.001	  72.900
85	-171.407	17	  14.010	 102.392	  96.185
86	-170.401	16	   5.023	 112.456	  60.716
87	-169.482	17	 -24.977	  63.768	  60.686
88	-167.471	17	   6.705	 112.984	  47.836
89	-167.265	17	  -6.091	  54.574	  98.768
90	-166.355	15	 -10.122	  55.447	  77.698
91	-165.919	16	  -3.657	  55.298	  39.708
92	-165.128	16	   8.174	  51.653	  75.638
93	-165.063	16	  13.185	 107.278	  66.067
94	-164.855	17	  -8.028	  50.105	  61.444
95	-163.844	16	  -9.859	  70.358	  33.935
96	-162.903	16	 -18.126	  98.912	  41.487
97	-162.181	16	  -7.679	  48.756	  47.851
98	-160.872	16	 -10.772	 101.521	  37.523
99	-160.095	11	  13.037	  59.547	  77.668
100	-150.791	15	 -22.200	 103.212	  62.196
101	-147.648	14	  17.689	  62.942	  41.290
102	-146.634	15	   9.765	  58.616	  37.545
103	-144.625	14	   7.395	  81.032	  37.767
104	-142.047	14	  -4.403	  87.746	 107.613
105	-136.481	13	  11.841	  47.685	  86.438
106	-133.400	13	 -10.899	  89.019	 103.514
107	-125.986	12	 -10.705	  95.755	 100.554
108	-125.724	12	  -9.074	 105.270	  97.322
109	-125.720	11	  19.691	  87.259	  86.552
110	-125.419	12	   6.723	  81.655	 100.043
111	-121.593	10	 -18.934	  75.861	  87.254
112	-116.122	11	  16.626	  60.293	  98.584
113	-114.764	11	  13.545	 104.928	  39.183
114	-106.482	9	  19.858	  79.164	  50.477
115	-102.847	10	  -7.912	 109.190	  75.509
116	-101.072	10	 -16.504	 101.863	  98.215
117	 -98.474	9	 -10.560	 111.604	  90.374
118	 -98.393	10	  -7.924	 117.670	  86.282
119	 -91.071	9	  26.491	  64.666	  69.038
120	 -87.751	9	  22.014	  58.519	  62.942
121	 -85.965	8	 -17.582	  71.214	  95.012
122	 -85.186	8	 -20.505	  82.569	  50.715
123	 -81.355	8	 -18.660	  54.864	  53.251
124	 -81.291	8	 -26.968	  99.740	  70.341
125	 -77.846	8	  -3.651	  63.991	  31.881
126	 -70.778	7	 -13.155	  56.746	  39.594
127	 -66.479	7	  22.729	 101.163	  71.481
128	 -61.132	6	   4.464	  75.181	 108.687
129	 -60.507	6	 -23.481	  59.955	  69.752
130	 -59.155	6	  -8.947	  61.683	 100.914
131	 -58.284	6	   5.875	 108.347	  98.277
132	 -58.045	6	   5.844	  45.391	  53.289
133	 -57.414	6	  23.507	  64.587	  91.381
134	 -56.858	6	   0.488	  45.392	  83.053
135	 -52.296	5	  14.177	  55.101	  50.751
136	 -51.436	5	  14.588	  55.364	  92.345
137	 -49.291	5	 -16.807	  74.869	  46.171
138	 -48.628	5	 -20.799	  58.876	  46.962
139	 -48.211	5	 -16.960	  54.640	  74.113
140	 -47.487	5	   7.201	  69.857	  33.754
141	 -47.240	5	  -2.812	  71.858	 104.951
142	 -46.885	5	   2.788	  87.346	 105.155
143	 -43.652	4	  29.001	  64.884	  83.495
144	 -42.426	4	  23.445	  67.381	  46.238
145	 -42.098	4	  25.510	 101.834	  53.755
146	 -40.029	4	  16.031	 106.898	  74.922
147	 -39.219	4	 -22.450	  99.905	  91.776
148	 -38.729	4	 -16.008	  56.615	  86.282
149	 -37.088	4	 -28.999	  95.862	  83.508
150	 -30.924	3	  18.001	 106.864	  50.761
151	 -30.233	3	 -25.999	  60.236	  54.052
152	 -29.218	3	  18.947	  67.549	 101.755
153	 -28.657	3	  10.001	  89.203	 100.095
154	 -27.696	3	  16.055	 104.837	  86.480
155	 -25.763	2	 -10.486	  92.839	  80.705
156	 -21.989	2	 -10.999	  87.413	  37.755
157	 -21.381	2	  -6.999	  42.864	  58.289
158	 -19.454	2	  -9.999	  72.359	 100.755
159	 -18.840	1	  -9.999	  63.864	  55.755
160	 -18.130	2	  -3.014	  86.879	  31.755
161	 -18.054	2	  20.001	  81.875	  59.249
162	  -9.810	1	 -19.999	  94.864	 101.755
163	  -9.790	1	 -25.999	 102.864	  81.755
164	  -9.215	1	  20.001	  99.864	  90.755
165	  -8.964	1	   1.001	 119.864	  50.755
