1	-1892.817	151	  -3.631	   3.822	  19.518
2	-1157.272	97	   2.717	  11.415	  13.915
3	-973.205	82	   5.973	   9.430	   5.557
4	-901.747	86	   5.833	  20.041	  13.467
5	-679.816	62	   3.418	   7.901	  27.552
6	-546.681	48	  -5.674	  -3.533	  27.589
7	-509.150	45	   6.399	  -0.701	   7.566
8	-494.766	45	  14.433	  -0.985	   7.136
9	-484.172	44	  16.817	  10.760	   4.486
10	-420.008	39	  -8.380	   8.752	  -1.215
11	-414.155	39	 -18.917	   5.011	  12.139
12	-400.030	35	  22.176	  24.251	  31.614
13	-396.569	36	  16.085	  20.895	  12.238
14	-382.325	34	  13.918	  -8.691	  16.131
15	-361.983	33	  10.074	  19.688	  29.644
16	-336.541	30	  -6.050	  19.111	  -5.354
17	-303.994	24	  -9.065	  25.504	   7.582
18	-286.613	27	 -10.909	 -10.838	  13.159
19	-246.437	23	  -9.915	  21.705	  22.458
20	-238.680	23	   0.514	  34.878	   5.153
21	-234.459	23	  23.275	  -2.954	  14.627
22	-221.385	21	  16.987	   2.631	  30.744
23	-212.222	20	 -14.250	  22.344	  15.233
24	-209.099	19	   5.863	 -13.365	  23.078
25	-206.896	21	 -16.637	  -8.345	  26.415
26	-202.228	19	  14.231	  -3.807	  25.495
27	-197.960	19	 -17.122	  17.057	  -3.836
28	-191.135	19	  27.752	  18.087	  24.271
29	-189.898	17	  26.042	  18.554	  13.077
30	-189.842	18	  -7.788	  31.705	  -2.583
31	-181.120	16	   8.051	  26.155	  -1.126
32	-178.831	18	  28.439	  12.341	  18.472
33	-174.776	17	  14.763	  35.391	  26.235
34	-174.005	17	  -1.225	 -15.104	  27.112
35	-168.947	16	  -2.990	  24.806	  17.114
36	-157.842	16	 -22.035	  11.787	   8.551
37	-153.613	15	   0.389	 -12.791	  12.445
38	-144.004	14	  -5.585	   4.906	  31.216
39	-142.113	14	 -12.794	  -2.213	   5.171
40	-139.724	14	  26.531	  26.899	  20.188
41	-134.813	13	  24.936	   7.680	  26.960
42	-115.308	11	  11.599	  27.264	   5.613
43	-114.366	11	  14.567	  32.816	  17.855
44	-113.469	11	  -6.006	  16.991	  28.588
45	-108.575	11	 -16.341	  29.468	   6.206
46	-108.463	9	  -3.453	   1.617	   5.407
47	 -96.003	10	   4.699	  28.142	  31.415
48	 -86.370	8	 -14.998	  24.736	  -1.560
49	 -82.585	8	   2.852	  -2.582	  30.706
50	 -82.048	8	  10.198	   0.132	  31.026
51	 -79.576	8	   6.248	  17.599	  -3.407
52	 -75.396	8	 -24.143	   1.700	  22.572
53	 -68.353	7	 -15.129	 -13.549	  21.020
54	 -67.816	7	 -20.834	  15.300	  20.434
55	 -65.832	7	 -18.541	   8.665	  26.907
56	 -54.776	5	   2.072	  32.035	  -4.589
57	 -50.861	5	 -15.068	  15.764	  28.416
58	 -49.852	5	 -22.873	  19.747	  11.597
59	 -47.018	5	 -27.061	  21.902	   3.406
60	 -38.012	4	  17.250	  12.740	  34.318
61	 -37.954	4	   5.987	  29.044	  13.093
62	 -28.398	2	  -6.264	 -14.308	  21.201
63	 -20.084	2	   1.225	  16.341	  26.597
64	 -19.176	2	   3.242	  34.802	  23.610
65	 -18.882	2	 -18.264	   9.803	  -0.403
66	 -14.683	1	  15.736	  25.296	  20.597
67	 -11.211	1	 -20.264	  -3.704	  16.597
68	  -9.971	1	  16.736	  33.296	  34.597
