1	-1080.867	94	  -2.885	  39.083	 -32.710
2	-981.773	79	  14.765	  60.476	 -51.153
3	-636.863	60	  15.309	  46.945	 -49.356
4	-502.087	47	  16.777	  46.015	 -61.400
5	-432.463	40	  24.392	  57.055	 -32.734
6	-385.899	36	   3.600	  29.530	 -33.880
7	-385.575	35	  19.910	  69.355	 -48.336
8	-382.806	37	  -5.086	  57.625	 -52.758
9	-372.068	32	  18.677	  53.004	 -47.929
10	-337.736	32	   4.450	  64.352	 -40.059
11	-331.231	32	  19.088	  29.376	 -62.801
12	-331.033	30	   3.056	  45.864	 -24.053
13	-323.640	29	  31.252	  46.911	 -54.644
14	-320.122	29	  19.880	  40.281	 -42.631
15	-305.868	28	   1.256	  68.517	 -55.165
16	-294.554	27	  -7.106	  40.638	 -50.325
17	-294.054	28	  11.544	  37.153	 -65.072
18	-280.774	28	  25.232	  52.609	 -41.476
19	-274.639	26	   3.300	  58.928	 -30.177
20	-272.602	25	  16.031	  49.257	 -31.005
21	-236.449	23	  -9.919	  43.440	 -31.745
22	-234.377	23	  13.198	  65.819	 -35.102
23	-231.401	23	  13.297	  39.367	 -30.287
24	-228.557	22	  -7.241	  58.810	 -37.140
25	-214.046	20	   3.856	  31.031	 -53.145
26	-212.857	20	  29.293	  49.725	 -47.781
27	-206.625	21	  26.554	  53.497	 -53.706
28	-204.792	20	  32.792	  67.195	 -51.574
29	-204.062	18	 -14.737	  43.105	 -49.577
30	-202.283	20	  26.390	  27.600	 -48.353
31	-199.207	18	  13.769	  23.180	 -47.000
32	-187.051	14	   5.128	  63.593	 -50.264
33	-181.827	17	  -8.562	  34.323	 -44.124
34	-181.442	17	 -15.220	  48.243	 -37.505
35	-181.222	18	  35.074	  62.112	 -37.022
36	-179.198	16	  23.742	  73.557	 -40.015
37	-178.456	16	   0.245	  29.796	 -45.285
38	-148.778	13	  26.393	  42.518	 -63.978
39	-137.962	13	  -2.602	  44.803	 -55.597
40	-137.280	14	  19.733	  24.222	 -51.280
41	-131.574	12	  28.362	  34.046	 -53.788
42	-121.105	11	   9.825	  25.855	 -55.710
43	-120.517	12	  15.995	  55.427	 -59.131
44	-118.450	12	 -18.277	  50.099	 -49.557
45	-112.370	11	   9.892	  66.517	 -56.559
46	-111.911	11	  18.262	  66.522	 -29.072
47	-108.796	10	  29.179	  67.068	 -33.995
48	 -88.704	8	  -9.743	  52.177	 -31.528
49	 -87.679	9	 -12.977	  58.896	 -44.483
50	 -87.003	8	  36.009	  48.545	 -43.616
51	 -80.291	8	  26.120	  31.498	 -40.258
52	 -79.829	8	  25.451	  60.005	 -53.787
53	 -76.848	8	  18.926	  30.777	 -31.185
54	 -67.284	7	  -5.579	  65.628	 -44.719
55	 -66.329	7	  32.696	  74.221	 -46.759
56	 -57.756	6	  41.655	  49.871	 -51.295
57	 -47.419	5	   6.564	  58.925	 -63.341
58	 -45.985	5	  12.953	  57.158	 -28.151
59	 -43.422	4	   2.433	  40.376	 -60.905
60	 -40.519	4	  11.601	  22.366	 -36.423
61	 -38.792	3	   2.992	  51.511	 -49.893
62	 -31.539	3	  34.446	  55.366	 -55.764
63	 -30.623	3	   5.489	  50.701	 -60.152
64	 -28.514	3	  40.760	  56.067	 -40.775
65	 -28.036	3	  19.127	  21.702	 -40.152
66	 -27.578	3	  28.464	  41.001	 -45.478
67	 -27.418	3	  42.137	  57.700	 -49.815
68	 -19.879	2	  19.742	  36.971	 -69.152
69	 -19.156	2	  -4.374	  55.855	 -26.641
70	 -18.634	2	 -13.863	  35.366	 -37.670
