1	-1240.036	98	  36.881	  31.828	  56.831
2	-847.521	69	  26.781	  17.205	  52.670
3	-825.013	72	  38.443	  20.898	  61.210
4	-799.235	73	  47.433	  33.019	  58.016
5	-629.340	58	  20.814	  41.660	  67.945
6	-559.274	47	  22.077	  24.585	  73.023
7	-543.893	45	  27.585	  40.940	  77.371
8	-454.337	36	  27.119	  34.939	  35.543
9	-438.250	37	  19.583	  29.588	  40.149
10	-409.400	39	  41.440	  51.879	  62.668
11	-396.759	33	  15.794	  30.015	  66.442
12	-394.179	37	  22.012	  45.343	  44.395
13	-391.927	28	  28.557	  34.837	  51.048
14	-356.942	34	  45.865	  45.266	  75.711
15	-348.296	32	  22.461	  69.446	  66.340
16	-333.384	30	  32.336	  26.621	  81.530
17	-329.687	32	  21.033	  12.660	  62.289
18	-316.674	32	  30.030	  73.982	  73.461
19	-295.157	27	  17.485	  81.227	  55.995
20	-275.289	26	  32.775	  54.878	  68.515
21	-258.360	25	  12.192	  44.887	  47.719
22	-254.147	23	  40.903	  32.108	  81.345
23	-251.582	24	  13.806	  35.924	  43.312
24	-243.149	23	  34.672	  41.337	  83.866
25	-242.437	23	  39.447	  31.533	  40.558
26	-241.105	23	  10.501	  33.035	  61.228
27	-238.029	23	  48.143	  26.391	  52.030
28	-231.906	22	  48.785	  33.922	  72.859
29	-231.134	22	  16.192	  18.607	  59.181
30	-227.906	21	  54.829	  25.458	  67.721
31	-227.068	21	  36.556	  41.889	  39.223
32	-220.438	22	  27.261	  86.107	  58.250
33	-217.033	20	  34.564	  13.288	  63.334
34	-210.738	20	  36.993	  60.888	  70.973
35	-198.444	20	  15.084	  44.760	  60.149
36	-184.755	18	  21.366	  51.132	  55.351
37	-184.253	16	  29.681	  50.489	  78.650
38	-178.949	16	  34.333	  75.306	  64.872
39	-171.927	15	  29.925	  67.760	  67.511
40	-171.269	16	  15.807	  25.555	  45.547
41	-162.881	16	  32.413	  51.506	  56.649
42	-158.639	15	  27.204	  63.344	  77.007
43	-156.953	16	  24.667	  80.648	  63.703
44	-155.471	16	  51.191	  18.602	  64.132
45	-154.349	15	  17.138	  74.047	  66.019
46	-154.130	14	  44.083	  39.824	  47.842
47	-145.980	15	  22.519	  51.823	  67.248
48	-143.346	13	  30.857	  11.604	  72.966
49	-140.695	13	  25.315	  29.793	  79.280
50	-137.057	13	  32.678	  26.408	  37.589
51	-135.819	13	  39.434	  45.654	  47.471
52	-135.224	13	  41.657	  51.831	  85.159
53	-128.574	12	  30.571	  44.547	  44.364
54	-127.669	13	  37.885	  58.869	  87.422
55	-119.204	10	  46.301	  62.697	  72.016
56	-111.576	11	  35.156	  19.673	  79.917
57	-108.316	9	  39.002	  25.641	  45.432
58	-107.820	10	  22.662	  12.767	  72.058
59	-105.688	11	  46.933	  23.068	  75.973
60	-100.265	9	  33.475	  10.235	  53.860
61	 -99.514	10	  25.835	  19.654	  41.394
62	 -80.917	8	  45.138	  63.368	  81.402
63	 -80.902	8	  47.609	  48.696	  63.836
64	 -68.535	7	  30.848	  42.581	  33.413
65	 -68.036	7	  13.730	  83.150	  63.575
66	 -64.323	6	  35.356	  20.101	  51.077
67	 -60.595	6	  17.730	  18.930	  51.867
68	 -56.943	6	   8.570	  23.681	  60.510
69	 -53.269	5	  24.204	   5.638	  62.844
70	 -51.254	5	  31.021	  64.675	  85.824
71	 -49.068	3	  41.173	  44.578	  66.688
72	 -47.187	5	  26.916	  56.231	  61.239
73	 -41.772	4	  22.154	  42.475	  33.537
74	 -39.944	4	  55.380	  29.702	  55.035
75	 -28.262	3	  26.715	  19.892	  82.035
76	 -27.577	3	  33.375	  70.902	  80.035
77	 -20.284	2	   8.384	  41.231	  53.526
78	 -19.900	2	  55.384	  21.762	  58.035
79	 -19.594	2	  47.841	  52.231	  73.035
80	 -19.006	2	  39.794	  13.231	  71.095
81	 -18.786	2	  16.354	  22.231	  69.005
82	 -18.767	1	  44.384	  22.231	  65.035
83	 -18.105	2	  13.880	  70.727	  58.539
84	  -9.607	1	  34.384	  82.231	  70.035
85	  -9.197	1	   6.384	  31.231	  52.035
86	  -9.139	1	  26.384	  24.231	  33.035
87	  -9.090	1	  40.384	  70.231	  68.035
88	  -8.949	1	   7.384	  75.231	  61.035
