1	-1106.958	96	  39.554	  26.332	   4.800
2	-988.709	76	  32.023	  22.990	 -14.003
3	-952.077	84	  39.850	  31.888	  21.050
4	-931.721	81	  38.689	  30.413	 -13.259
5	-907.915	81	  22.231	  18.073	 -28.781
6	-903.575	79	  43.808	  32.473	   2.218
7	-894.907	81	  51.128	  49.177	  36.061
8	-823.625	70	  39.567	  21.380	  32.366
9	-820.543	75	  47.671	  35.456	  32.911
10	-764.141	58	  46.441	  38.772	  21.990
11	-720.052	47	  47.111	  49.145	  17.832
12	-673.814	60	  35.625	  23.008	 -23.506
13	-669.098	45	  21.770	  21.635	 -10.554
14	-660.115	62	  41.439	   1.783	   8.840
15	-646.417	54	  67.341	  32.402	  12.160
16	-612.019	51	  40.128	   3.027	  -4.704
17	-607.178	48	   9.314	  22.280	 -17.507
18	-587.956	50	  64.359	  44.405	   9.908
19	-579.375	46	  45.626	  61.808	  24.917
20	-579.063	45	  50.459	  30.521	 -23.354
21	-575.933	50	  51.075	  27.511	  -7.939
22	-572.531	53	  68.412	  31.878	  -1.122
23	-552.892	47	  28.255	   4.944	  -2.697
24	-485.126	45	  67.320	  38.791	  31.737
25	-483.441	44	  66.257	  41.316	  17.933
26	-461.567	43	  28.999	   6.396	  24.130
27	-456.381	40	  67.703	  27.232	  26.855
28	-450.184	42	  31.074	   3.610	 -10.177
29	-448.871	41	  33.955	   2.419	 -24.056
30	-439.922	42	  56.224	  15.714	  18.144
31	-432.202	41	  63.343	  16.047	   4.181
32	-424.353	36	  44.685	   2.924	 -19.398
33	-410.410	38	  55.703	   8.002	   4.442
34	-403.397	38	  57.850	  59.488	   8.853
35	-399.262	37	  12.532	  10.320	  -1.335
36	-396.002	33	   9.675	  31.989	 -10.801
37	-384.179	36	  46.097	  32.021	 -28.189
38	-383.905	35	  56.670	  33.172	  -1.465
39	-375.142	29	  36.461	  60.455	  18.466
40	-374.796	35	  41.824	  16.442	  12.316
41	-344.045	32	  19.169	  31.166	  -2.430
42	-318.165	29	  18.200	   2.140	 -12.736
43	-313.830	28	  61.902	  43.248	 -14.869
44	-309.159	28	  66.410	  54.359	  20.240
45	-307.153	29	  36.096	  40.279	   9.582
46	-305.666	30	  54.925	  63.627	  22.079
47	-304.689	28	  55.170	  16.761	 -12.078
48	-301.878	29	  40.355	   5.320	  25.443
49	-301.630	30	  30.480	   8.741	  11.120
50	-296.766	28	  37.605	  51.632	   9.945
51	-294.418	29	  64.625	  31.999	 -18.017
52	-290.240	28	  31.690	  48.990	  21.806
53	-288.097	24	  44.441	  22.099	  16.753
54	-286.983	26	  45.970	  57.648	   8.363
55	-283.600	25	  58.579	  36.831	 -14.369
56	-282.050	26	  48.882	  41.983	   1.504
57	-271.517	25	  12.012	  22.456	  -1.483
58	-271.438	24	  35.205	  11.714	  21.742
59	-271.008	27	  57.313	  11.511	  -5.635
60	-269.410	24	  25.130	  35.185	 -16.604
61	-261.991	25	  65.131	  45.799	 -20.452
62	-260.847	23	  22.618	   2.619	 -21.060
63	-257.082	25	   6.986	  16.921	  -8.173
64	-254.004	23	  28.701	  20.171	   5.707
65	-248.854	22	  37.511	  11.250	   8.987
66	-245.220	24	   8.458	  11.174	 -15.264
67	-229.676	22	  67.282	  22.326	  13.639
68	-224.744	21	  27.044	  27.172	 -26.464
69	-215.566	20	  25.452	   7.041	  31.530
70	-204.814	20	  55.513	   4.884	  12.580
71	-199.591	18	  42.253	  43.696	  33.857
72	-195.441	19	  66.749	  17.085	  -4.356
73	-190.070	16	  66.971	  47.837	  26.990
74	-187.682	19	  67.011	  53.345	 -26.542
75	-187.113	18	  37.220	  15.391	 -34.494
76	-185.899	17	  47.109	  21.141	 -29.143
77	-178.504	18	  62.975	  24.440	  34.725
78	-176.529	17	  34.727	  20.676	 -30.174
79	-175.187	16	  49.887	   3.689	  -6.105
80	-173.597	18	  62.797	  40.077	  -5.096
81	-173.228	17	  61.459	  19.063	  22.761
82	-172.363	17	  20.200	   5.289	  -1.877
83	-168.435	16	  54.592	  34.076	  41.656
84	-162.282	16	  63.824	  51.773	  10.381
85	-161.518	15	  49.966	  64.283	  15.657
86	-159.749	14	  49.945	  23.604	  36.281
87	-156.686	15	  38.109	   8.353	 -35.851
88	-155.967	16	  51.936	  46.062	 -31.541
89	-154.539	16	  36.033	  34.880	 -20.981
90	-151.376	14	  53.008	   9.862	 -14.894
91	-149.510	15	  18.928	   1.676	  34.259
92	-147.518	15	  56.570	  42.706	  -2.277
93	-145.236	15	  28.651	   6.288	 -31.658
94	-138.743	14	  17.020	  37.193	 -14.590
95	-138.611	13	  61.402	  34.675	  43.992
96	-137.039	14	  59.203	  42.874	 -27.916
97	-134.232	13	  27.536	  32.479	  -0.274
98	-128.022	10	  35.780	  44.958	  27.969
99	-127.839	13	  61.924	  50.753	   2.177
100	-127.439	12	  69.072	  38.303	 -10.785
101	-126.851	12	  33.202	  40.863	  16.439
102	-119.719	12	  33.480	  29.160	   7.673
103	-119.378	12	  60.662	  22.913	 -16.087
104	-117.294	12	  35.466	  14.421	  32.048
105	-115.875	11	  55.864	  51.551	 -24.709
106	-115.418	11	  34.015	   0.683	  18.482
107	-114.696	11	  31.186	  35.179	  -5.593
108	-110.764	11	  62.680	  44.414	  38.872
109	-106.311	10	  49.018	   9.933	  23.518
110	-104.487	10	  19.561	  12.944	  32.398
111	-103.808	10	  19.657	  12.812	   3.749
112	-101.009	10	  26.232	  17.031	  39.087
113	-100.579	10	  45.173	  43.466	  44.282
114	 -94.237	10	  70.447	  27.292	  -5.684
115	 -93.781	9	  54.747	  17.536	 -20.977
116	 -90.558	9	  23.128	   6.079	   6.918
117	 -86.838	8	  19.860	   1.372	  23.143
118	 -86.795	9	  41.893	  57.913	  33.869
119	 -85.002	9	  13.222	  27.233	 -26.422
120	 -83.050	8	  47.541	   5.799	 -26.341
121	 -82.345	8	  32.993	  27.656	  22.681
122	 -82.243	8	  10.025	   5.857	  -6.594
123	 -82.032	8	  31.751	  33.563	  28.565
124	 -80.261	7	  13.856	  12.314	 -25.504
125	 -80.043	8	  53.824	  51.745	   3.152
126	 -79.353	7	  55.786	  58.016	  32.922
127	 -78.827	8	  42.042	  37.148	 -14.917
128	 -75.902	7	  67.194	  52.129	 -15.377
129	 -70.853	7	  28.657	  24.668	 -36.902
130	 -70.499	7	  30.929	  10.313	  38.066
131	 -66.393	6	  54.184	  16.965	  28.817
132	 -66.074	7	  54.065	  38.271	 -22.926
133	 -63.362	6	  62.095	  62.498	  14.470
134	 -60.815	6	  17.949	  10.566	  39.406
135	 -60.760	6	  57.776	  55.008	 -30.880
136	 -60.121	6	  63.933	  52.518	  33.449
137	 -51.084	5	  33.583	  53.842	  28.604
138	 -50.151	5	  57.582	  32.913	 -26.944
139	 -48.940	5	  41.559	  29.266	  37.160
140	 -48.665	5	  29.828	  46.791	  11.036
141	 -47.810	5	  56.397	  43.880	  49.186
142	 -47.423	5	  26.422	  12.055	 -41.805
143	 -42.444	3	  42.454	  21.159	  -1.685
144	 -40.520	4	  22.977	  38.853	  -3.477
145	 -38.772	4	  71.007	  32.622	  38.071
146	 -38.147	4	  41.005	  -0.905	 -13.969
147	 -32.977	2	  49.760	  28.853	   9.258
148	 -29.753	3	  46.468	  12.154	 -30.508
149	 -28.624	3	  69.759	  22.885	 -12.539
150	 -28.410	3	   6.077	  30.159	  -4.228
151	 -28.258	3	  10.448	   1.483	 -15.586
152	 -28.160	3	  20.107	  22.520	   4.784
153	 -27.890	3	  68.760	  56.161	  28.457
154	 -21.734	2	  50.127	   1.764	  20.240
155	 -20.845	2	  71.194	  31.853	  21.784
156	 -20.480	2	  46.760	  16.389	  31.784
157	 -20.042	2	  18.241	  34.853	 -24.697
158	 -19.317	2	  63.649	  63.381	  21.729
159	 -19.245	2	  42.760	   0.386	  17.784
160	 -19.140	2	  35.760	  62.853	  29.292
161	 -18.968	2	  30.760	   1.373	 -17.216
162	 -18.826	2	  40.259	  -1.147	 -31.216
163	 -18.341	2	  39.272	  65.853	  12.784
164	  -9.970	1	  30.760	  58.853	  10.784
165	  -9.908	1	   7.760	  31.853	 -22.216
