1	-694.896	62	   3.617	  30.461	  40.349
2	-692.552	62	  18.751	 -19.693	 -15.221
3	-623.675	55	   3.698	   6.830	   4.739
4	-517.363	46	   0.714	   2.580	  16.173
5	-445.281	41	  20.010	  28.425	  31.365
6	-429.814	36	   3.812	   2.194	 -10.860
7	-424.782	40	  15.488	  31.292	  40.253
8	-397.148	37	  20.445	 -25.826	  -6.272
9	-392.971	37	 -11.420	  15.440	  18.097
10	-382.406	35	   8.193	   0.945	   8.252
11	-372.891	35	  29.117	 -16.201	   0.844
12	-349.985	33	   8.416	  36.840	  33.001
13	-349.144	28	  -5.743	   7.922	  30.433
14	-346.589	32	   6.339	   9.467	  14.761
15	-329.756	31	  -6.175	  -5.829	  -2.481
16	-318.174	30	   0.217	 -13.968	  -7.878
17	-315.307	28	  23.740	  -0.103	   2.002
18	-299.679	27	  17.156	  12.125	  28.375
19	-291.582	27	   5.995	 -10.010	 -18.176
20	-287.213	25	  28.497	 -21.075	  -8.556
21	-273.077	26	  11.851	   9.259	  38.145
22	-270.195	25	  -9.731	  22.859	  25.856
23	-244.307	23	  -4.678	  21.603	  12.587
24	-228.721	22	  16.496	   5.547	   7.054
25	-227.538	19	  16.437	  25.400	  19.637
26	-227.123	22	  -1.596	 -11.995	   4.671
27	-211.442	20	  23.873	   1.124	  -9.867
28	-209.222	20	  -5.227	   2.108	  23.456
29	-206.267	20	  31.812	 -15.643	 -13.304
30	-190.456	16	  -6.093	  21.332	  39.327
31	-189.934	18	   5.938	 -22.634	  -1.075
32	-189.906	17	   0.428	   6.635	  -3.470
33	-189.888	17	  12.120	   7.690	 -11.043
34	-180.247	16	   1.186	   3.096	  34.541
35	-178.343	16	  13.214	   5.094	  19.769
36	-171.261	17	  -2.406	  11.429	  41.819
37	-168.084	16	  -3.674	  31.145	  21.550
38	-165.969	16	  15.875	  33.777	  21.528
39	-162.179	16	  12.338	  -1.434	 -19.850
40	-157.297	16	  22.278	 -12.553	 -19.603
41	-145.002	13	   8.927	 -19.867	 -13.429
42	-138.836	13	  -0.398	  -2.882	 -14.398
43	-128.166	11	  -4.183	  29.734	  34.218
44	-128.002	12	   5.542	  15.738	  11.621
45	-127.494	12	 -11.998	  12.472	  31.614
46	-124.987	12	   6.819	  -6.132	  11.131
47	-116.769	12	  34.232	  -7.145	  -5.623
48	-114.647	11	  13.313	 -22.930	   5.461
49	-114.321	11	   6.192	  34.010	  19.639
50	-114.119	11	  21.668	 -22.277	   7.303
51	-105.224	9	  21.384	 -13.877	   8.257
52	 -97.863	10	  -0.316	  36.267	  25.807
53	 -96.732	10	  13.045	 -11.744	  11.666
54	 -91.269	9	  21.479	  18.221	  38.472
55	 -73.015	7	  12.306	  19.771	  13.762
56	 -69.243	7	  28.131	  -8.611	   4.750
57	 -69.005	7	  -0.823	  38.627	  35.238
58	 -59.653	6	  11.068	 -27.945	  -8.755
59	 -57.436	6	  21.391	  21.186	  26.372
60	 -51.957	5	 -15.617	   8.208	  25.324
61	 -47.596	5	  10.523	  29.630	  15.496
62	 -47.509	5	   0.386	  23.832	  45.476
63	 -47.366	4	   8.712	   3.009	  27.098
64	 -40.681	4	  27.805	  -3.868	 -13.065
65	 -38.521	4	  16.981	   8.967	  -1.873
66	 -38.174	4	  24.038	 -26.015	   0.610
67	 -30.614	3	  -4.616	   9.852	   4.539
68	 -29.790	3	  -5.904	  -0.769	  12.960
69	 -29.418	3	   6.047	 -19.424	   9.572
70	 -29.124	3	   1.489	  30.129	  12.807
71	 -28.959	3	  10.075	  20.245	  46.232
72	 -28.334	3	  15.740	 -27.792	 -15.114
73	 -28.019	3	 -12.271	   4.890	  15.531
74	 -17.951	1	   8.729	  24.208	  39.886
