1	-606.787	54	 -20.506	  57.107	  27.417
2	-522.147	48	 -17.993	  60.960	  38.102
3	-463.568	43	 -18.416	  68.300	  29.390
4	-433.374	36	  -1.947	  44.122	  14.987
5	-396.114	37	  10.579	  60.294	  19.140
6	-321.808	30	  -9.621	  58.295	   9.792
7	-318.049	30	  -0.417	  56.709	   4.738
8	-290.326	27	  -8.204	  63.641	  41.097
9	-253.498	23	   5.271	  54.871	  34.344
10	-237.530	23	  12.965	  54.123	  28.072
11	-235.670	22	  -9.540	  72.445	  20.371
12	-227.435	22	   0.749	  65.886	   9.159
13	-209.427	18	  12.344	  51.041	  15.079
14	-197.733	18	   2.058	  40.033	  22.553
15	-196.781	19	  -8.145	  45.864	   9.876
16	-181.345	18	  -7.256	  54.037	  43.290
17	-165.542	16	 -17.286	  49.373	  17.127
18	-158.808	15	  -2.719	  44.554	  33.674
19	-158.246	16	 -16.889	  51.126	  39.776
20	-139.801	14	   7.420	  44.359	  11.327
21	-128.989	11	   0.583	  69.008	  31.572
22	-125.312	11	 -18.754	  59.440	  17.624
23	-119.741	10	 -10.595	  67.639	  13.537
24	-106.938	11	 -21.901	  67.067	  20.425
25	-104.119	10	 -10.981	  40.724	  22.609
26	 -96.458	10	  -0.910	  65.004	  37.886
27	 -92.319	8	   8.443	  46.496	  26.765
28	 -82.562	8	  -5.997	  74.025	  32.464
29	 -70.187	7	   6.198	  68.379	  23.909
30	 -38.996	4	 -13.987	  73.264	  32.456
31	 -37.150	4	  -1.461	  73.791	  25.654
32	 -29.717	3	  -1.144	  73.798	  15.853
33	 -18.588	2	   8.524	  50.772	   2.680
34	 -18.490	2	  13.977	  63.893	  12.683
35	 -18.376	2	   7.019	  64.798	  35.672
36	  -9.084	1	  12.524	  42.798	  20.167
37	  -8.908	1	  -1.476	  43.798	   5.167
