1	-1875.496	156	  25.901	  20.832	  48.380
2	-1233.605	117	  28.017	  23.507	  14.353
3	-1185.308	108	  -9.175	   9.439	  14.590
4	-903.780	69	  37.541	  42.844	  67.029
5	-897.690	75	  18.028	  -2.389	  -6.142
6	-882.463	65	  44.327	  37.782	  37.775
7	-877.746	76	   4.806	 -14.178	  38.956
8	-853.530	72	  55.319	  27.595	  28.543
9	-852.528	75	  24.915	  25.077	  36.242
10	-852.363	77	  25.124	   8.365	  42.411
11	-849.868	77	  22.168	  32.115	  17.909
12	-844.342	72	  35.052	  50.864	  39.859
13	-835.753	61	   7.712	   0.749	  29.507
14	-821.732	72	  24.375	  51.742	  76.209
15	-810.461	69	  37.401	  27.386	  75.741
16	-783.158	69	   2.435	 -22.933	  27.209
17	-781.304	58	  10.074	   9.649	   0.731
18	-767.667	70	  26.893	  33.843	  27.071
19	-725.923	65	  31.571	  -0.958	  20.896
20	-724.085	64	   2.579	  -5.811	   2.394
21	-714.950	63	   7.890	  17.071	  27.935
22	-714.521	65	  32.084	  -0.233	   9.645
23	-707.470	48	   4.985	   6.134	  14.988
24	-705.691	66	  17.478	  33.112	   4.010
25	-696.280	61	  51.671	  36.466	  65.131
26	-670.270	61	   5.060	 -13.967	  11.056
27	-658.682	55	  21.312	  16.845	 -11.892
28	-655.518	56	  15.366	  24.651	  -7.507
29	-648.916	59	  55.510	  26.838	  55.920
30	-635.840	58	  53.718	  51.193	  58.790
31	-632.262	58	  15.624	  24.443	  18.748
32	-631.161	58	  64.186	  22.485	  41.395
33	-627.220	53	  -0.872	   0.817	   1.018
34	-613.639	57	  50.565	  55.160	  50.646
35	-606.888	54	  16.845	  56.363	  63.500
36	-599.270	55	  14.819	 -19.350	  23.132
37	-596.636	49	  24.377	  42.479	  80.091
38	-584.349	54	  25.461	  22.240	  59.427
39	-572.622	52	  22.110	  64.220	  47.418
40	-570.535	50	   9.863	  34.475	  20.826
41	-553.298	46	  13.785	 -10.669	  42.737
42	-552.322	47	  46.479	  23.868	  25.448
43	-538.675	49	  24.668	  52.065	  48.364
44	-536.541	48	  23.782	  -8.564	   9.072
45	-481.821	44	  -5.469	 -21.916	  10.524
46	-480.102	43	  24.308	  33.793	  45.477
47	-480.058	40	  27.489	  10.501	  20.749
48	-478.011	42	  30.438	  22.655	  66.880
49	-475.817	42	  44.883	  49.388	  73.865
50	-475.636	42	  35.374	  49.378	  28.026
51	-471.621	43	  51.531	  17.490	  45.330
52	-470.933	43	  29.550	   2.128	  29.570
53	-466.308	45	  34.367	  20.940	  15.945
54	-461.366	43	   7.426	  15.689	  41.184
55	-459.229	44	  68.093	  27.657	  57.594
56	-457.807	41	  16.928	  21.490	  41.129
57	-442.104	41	   2.186	   9.543	 -18.637
58	-440.594	43	  52.893	  26.705	  78.943
59	-440.337	39	  38.213	  21.240	  57.910
60	-430.670	40	  51.272	  37.733	  78.544
61	-424.788	38	  40.908	  45.119	  92.485
62	-424.579	38	  67.234	  50.236	  44.056
63	-422.893	39	  -4.572	  13.610	  24.244
64	-415.154	40	  44.462	  47.833	  85.182
65	-411.799	36	   0.717	   9.543	  -6.489
66	-406.719	36	  -0.601	   5.289	  36.725
67	-402.975	35	  28.108	  -1.767	   0.777
68	-380.229	30	  32.371	  36.204	  33.727
69	-378.438	33	   5.251	   3.704	  55.085
70	-362.131	32	 -18.526	  -4.840	  23.860
71	-362.025	34	   9.931	  18.146	 -21.783
72	-360.014	35	  25.019	  48.608	  24.571
73	-357.142	32	  42.601	  50.631	  36.975
74	-355.375	32	  32.006	  40.265	  97.906
75	-352.377	34	  41.547	  67.818	  50.261
76	-351.927	31	  -9.823	  26.755	   6.713
77	-346.195	30	  33.974	  66.588	  42.284
78	-345.050	31	  44.945	  41.163	  11.912
79	-343.781	32	  20.608	  -7.877	 -14.333
80	-342.900	32	  51.591	  34.757	  15.235
81	-337.995	30	  47.817	  46.114	  30.725
82	-335.288	31	  25.355	  40.151	  13.885
83	-332.663	29	  14.724	  10.340	 -31.110
84	-325.776	30	   6.562	   8.113	 -25.341
85	-321.279	22	  46.216	  40.606	  52.809
86	-317.889	28	  19.500	   7.768	  34.306
87	-317.499	29	  46.354	  45.365	  19.850
88	-307.970	29	  15.852	  24.978	  47.777
89	-305.275	30	   7.618	 -12.654	 -11.945
90	-304.591	29	  32.497	  49.800	  89.225
91	-302.458	28	  39.518	  22.747	  82.266
92	-297.931	28	  44.685	  25.938	  90.877
93	-294.705	29	   3.260	  -5.484	  53.157
94	-288.256	25	  42.554	  69.667	  61.183
95	-286.356	26	   2.637	  -3.572	 -13.000
96	-278.973	26	  19.441	  10.685	  58.371
97	-272.452	27	   7.143	 -22.033	  14.491
98	-271.930	26	  28.118	  16.486	  39.604
99	-271.525	26	  37.007	  11.393	  43.461
100	-265.355	24	  27.382	  22.197	  -2.125
101	-262.848	24	  16.099	  43.601	  55.371
102	-261.299	24	   1.170	   6.124	  47.575
103	-260.582	26	  -0.049	  38.606	   2.999
104	-259.323	23	  49.841	  44.120	  67.680
105	-258.609	24	   1.721	  13.432	  30.920
106	-257.068	16	  39.869	  46.022	  51.599
107	-256.996	25	  -8.292	  24.278	  18.676
108	-255.223	24	  57.265	  55.418	  46.720
109	-242.629	21	  67.530	  40.274	  62.959
110	-237.064	23	 -15.030	  -4.411	  10.156
111	-237.017	20	 -12.554	 -11.318	   4.846
112	-234.719	22	  11.580	  -1.295	  61.726
113	-233.132	21	  15.082	  -8.705	 -23.200
114	-231.749	21	  48.561	  16.366	  36.471
115	-231.160	22	   1.829	  -3.744	  -6.011
116	-228.715	22	  63.865	  48.921	  56.807
117	-224.733	21	  12.097	  22.407	 -14.126
118	-223.426	21	  -7.279	   4.523	   5.068
119	-222.909	22	  73.879	  32.185	  39.083
120	-215.115	19	  -2.249	  30.049	  25.144
121	-208.321	15	  70.689	  35.685	  51.838
122	-204.706	20	  51.927	  57.892	  65.843
123	-203.120	18	  42.043	  33.236	   5.251
124	-202.403	20	  -2.374	  17.234	 -15.478
125	-198.851	18	  24.493	  25.673	   5.571
126	-195.884	18	  -5.884	 -23.601	  23.570
127	-193.123	19	  -1.987	  33.720	 -10.151
128	-192.837	19	  60.708	  18.550	  52.077
129	-192.528	17	  16.218	  42.292	  68.394
130	-191.936	19	  16.035	  54.083	  52.227
131	-190.955	19	 -11.846	   8.071	  28.610
132	-190.672	19	  26.790	  -6.799	  39.480
133	-187.780	18	  25.342	  27.120	  24.303
134	-184.711	18	  45.380	  56.613	  43.650
135	-184.622	17	  30.119	  29.825	  95.861
136	-184.183	13	  23.278	   4.065	   1.948
137	-182.474	18	  19.492	  41.592	  29.949
138	-182.052	18	  27.246	  -3.713	 -13.134
139	-179.610	18	  36.203	   8.672	   6.759
140	-176.864	17	 -10.220	  12.571	   1.046
141	-176.434	18	  54.905	  46.133	  21.641
142	-172.324	17	  34.626	  20.124	  26.602
143	-170.677	12	  30.300	  30.853	  65.852
144	-169.009	16	  13.702	  -3.446	 -30.793
145	-168.729	16	  40.392	  27.858	  63.477
146	-165.622	16	   8.894	  38.939	   5.621
147	-164.213	14	  16.824	  47.244	  62.402
148	-162.364	15	  54.435	  33.886	  88.250
149	-161.775	16	  18.748	  40.709	  76.140
150	-161.001	16	  16.050	  -5.370	   4.434
151	-160.198	16	  71.159	  36.041	  27.655
152	-159.190	15	  70.924	  44.797	  53.530
153	-156.573	10	  34.426	  32.397	  51.293
154	-153.569	14	  50.942	  60.121	  55.952
155	-152.640	15	  35.250	  45.246	   4.620
156	-152.079	15	  30.613	  73.790	  62.151
157	-148.124	14	  26.711	   4.196	  51.483
158	-147.434	14	   9.250	  20.365	  51.061
159	-147.031	14	  33.361	  23.896	  88.549
160	-146.399	9	 -10.560	 -13.954	  14.642
161	-145.293	14	  43.976	  66.057	  75.001
162	-143.317	13	   5.196	   3.206	 -31.967
163	-142.764	14	 -16.611	 -18.307	  24.767
164	-142.329	14	  13.334	  30.080	  62.613
165	-137.848	13	  28.622	 -17.479	  25.442
166	-137.276	10	  22.093	  -0.377	  28.486
167	-136.009	13	  46.238	  19.846	  75.521
168	-132.914	14	   5.849	  16.602	  60.712
169	-131.996	9	  34.001	  27.669	  39.149
170	-131.171	13	 -14.994	 -13.695	  40.182
171	-130.134	13	  34.929	   9.907	  21.089
172	-129.205	7	  -1.622	  -7.442	  35.836
173	-129.196	13	  29.085	  69.348	  75.561
174	-126.834	8	   1.135	  31.604	  15.830
175	-126.336	13	  24.064	  69.915	  66.372
176	-126.035	13	  22.181	  -9.174	  48.412
177	-124.617	12	  -5.789	   0.977	  45.296
178	-123.936	12	  23.052	  29.606	  79.771
179	-123.089	11	  21.090	  64.318	  59.408
180	-120.770	12	  24.366	  25.643	  73.359
181	-120.711	12	 -17.951	  -5.803	  16.360
182	-117.917	12	  19.963	  11.611	  26.434
183	-116.729	12	  23.699	  33.137	  88.267
184	-115.998	11	  30.867	  37.785	   6.331
185	-114.042	12	  -9.204	  22.406	  -6.850
186	-113.012	11	  30.371	   8.146	  -8.215
187	-112.952	11	  29.031	  55.514	  83.320
188	-111.791	11	  18.861	 -18.250	  31.227
189	-109.786	7	   5.965	  21.557	  -5.372
190	-108.483	11	  26.406	  -0.945	 -21.559
191	-107.935	10	 -15.825	  -1.955	  36.597
192	-107.895	11	  42.758	  73.088	  70.007
193	-106.582	10	  16.931	 -14.535	  -7.849
194	-105.253	11	  27.783	  41.545	  38.834
195	-104.957	7	  31.079	  65.652	  51.853
196	-104.343	10	  40.888	  20.035	  21.021
197	-102.316	7	  18.097	   2.782	  14.965
198	-101.674	10	  41.106	  29.892	  98.094
199	-100.702	10	  16.977	 -16.146	  38.827
200	-100.536	10	  26.983	  10.916	 -19.328
201	-100.298	10	  72.916	  43.156	  45.271
202	 -99.325	10	 -12.096	 -21.076	  30.412
203	 -98.859	9	  31.150	  26.843	   8.204
204	 -98.165	10	  18.826	  -5.867	  58.195
205	 -98.055	10	  34.296	  14.432	  57.569
206	 -96.527	10	  64.600	  50.009	  30.635
207	 -91.692	9	  58.781	  20.516	  34.516
208	 -88.163	8	  57.872	  31.765	  22.151
209	 -85.218	6	  33.261	  55.501	  72.868
210	 -81.722	8	   1.645	  -7.924	 -21.542
211	 -80.790	8	  48.486	  33.446	  99.210
212	 -80.283	7	  33.223	  52.595	  16.493
213	 -79.933	8	  -7.127	  31.518	  14.278
214	 -77.778	8	 -11.665	  31.888	  -3.483
215	 -77.360	7	  37.113	  18.075	   4.976
216	 -76.913	4	  -5.595	 -17.019	  20.941
217	 -76.285	8	  17.259	  38.061	  18.739
218	 -75.469	7	  11.053	  39.653	  61.278
219	 -73.196	7	  26.342	  72.626	  54.171
220	 -69.884	7	  56.024	  54.968	  36.061
221	 -69.570	7	  71.248	  42.752	  25.830
222	 -68.575	7	  47.419	  27.110	  68.723
223	 -68.485	7	  41.956	  25.354	   8.729
224	 -68.105	7	   1.603	  24.519	 -18.999
225	 -65.765	7	  21.025	  13.792	 -27.020
226	 -64.908	6	  42.399	  59.269	  81.688
227	 -63.377	6	  17.375	  31.321	  71.354
228	 -61.950	6	  23.951	   6.946	 -28.954
229	 -61.044	6	 -21.971	  -6.982	  33.532
230	 -60.408	6	  35.934	  70.210	  80.094
231	 -58.865	6	  -8.246	  -8.348	  48.409
232	 -58.707	6	  30.622	  21.968	  80.670
233	 -57.814	6	  73.015	  49.189	  33.950
234	 -57.436	6	  10.224	  35.125	 -11.264
235	 -55.688	6	  62.038	  38.322	  18.716
236	 -55.630	5	  13.473	  14.405	  61.090
237	 -52.980	3	   7.407	  31.815	   9.438
238	 -52.417	5	   3.702	  37.390	  26.076
239	 -49.632	5	  49.266	  19.440	  55.720
240	 -48.839	5	  12.284	  -9.571	  -1.281
241	 -48.343	5	  31.279	  -9.976	  24.693
242	 -48.259	5	  33.686	  11.235	  -2.890
243	 -47.886	5	  26.860	 -12.590	  33.948
244	 -47.387	3	  57.258	  36.618	  31.719
245	 -46.438	4	 -13.840	 -20.411	  17.472
246	 -43.491	2	  65.873	  31.335	  46.719
247	 -41.576	4	  13.556	  60.379	  56.754
248	 -40.983	4	  -0.652	   1.780	 -25.514
249	 -40.925	4	  37.023	  15.515	  33.869
250	 -40.146	4	   1.432	 -28.185	  19.267
251	 -39.721	4	  34.389	  60.309	  86.225
252	 -39.403	4	   1.363	  39.305	  12.739
253	 -38.945	4	 -13.604	 -19.690	   6.951
254	 -37.793	4	  15.126	  35.825	  50.217
255	 -31.294	3	  76.580	  41.488	  38.256
256	 -31.047	3	   3.038	  10.952	  57.186
257	 -30.418	3	  18.776	  38.181	  11.146
258	 -30.205	3	  60.873	  41.859	  69.044
259	 -29.364	3	  -7.127	  37.126	  -0.658
260	 -29.303	3	 -20.483	 -14.829	  31.315
261	 -28.841	3	  42.517	  13.836	  54.075
262	 -28.757	3	  67.873	  26.805	  27.062
263	 -20.684	2	  68.660	  19.156	  47.506
264	 -20.185	2	  58.873	  30.815	  61.180
265	 -19.933	2	  21.977	   0.263	 -30.522
266	 -19.541	2	  25.960	  72.337	  45.328
267	 -19.537	2	  26.399	  62.815	  82.719
268	 -19.290	2	   1.395	  -3.678	 -31.311
269	 -19.069	2	  23.368	 -18.185	  13.719
270	 -18.832	2	  35.388	  59.330	  34.719
271	 -18.680	2	  49.366	  25.801	  15.747
272	 -18.372	2	  34.356	  51.804	   6.708
273	 -18.019	2	  -9.143	  -6.185	  -1.273
274	 -11.322	1	  17.873	  17.815	   4.719
275	  -9.824	1	  26.873	  62.815	  38.719
276	  -9.812	1	   4.873	  28.815	  -0.281
277	  -9.732	1	  -6.127	 -22.185	  40.719
278	  -9.680	1	 -13.127	  19.815	   4.719
279	  -9.467	1	  29.873	 -15.185	  17.719
280	  -9.460	1	  53.873	  38.815	  96.719
281	  -9.375	1	  18.873	  60.815	  75.719
282	  -9.373	1	  37.873	  36.815	  84.719
283	  -9.362	1	  52.873	  25.815	  87.719
284	  -9.297	1	  41.873	  49.815	  10.719
285	  -9.158	1	  33.873	  32.815	 102.719
286	  -9.038	1	  -6.127	 -16.185	   0.719
287	  -8.919	1	  73.873	  32.815	  62.719
