1	-673.583	58	   4.327	  -2.440	   6.261
2	-641.834	51	  -4.623	   2.642	  14.885
3	-529.760	47	 -25.322	  -0.961	  31.763
4	-473.859	41	   6.305	  -5.560	  24.571
5	-398.182	34	 -25.738	   7.398	   5.793
6	-392.053	36	 -11.458	   6.291	  31.405
7	-387.664	33	   3.535	 -11.739	  15.338
8	-377.125	35	 -10.648	 -19.188	  17.802
9	-367.864	35	 -19.760	   8.876	  32.098
10	-362.410	28	 -11.201	 -10.163	  -3.051
11	-355.865	33	 -16.431	  -9.347	  37.515
12	-330.853	31	   5.052	 -10.875	   7.793
13	-319.306	29	  -0.001	  11.166	  25.323
14	-297.786	28	 -24.054	 -12.598	  15.458
15	-292.919	28	 -11.712	  15.150	   9.324
16	-281.826	24	  11.930	  -1.634	  14.048
17	-248.764	24	 -19.731	   0.431	  -2.621
18	-212.628	20	  -2.111	  -9.652	  30.960
19	-184.270	17	 -24.796	  -2.848	   4.935
20	-183.344	18	 -27.090	  -4.664	  14.936
21	-175.189	17	  -6.027	  20.961	  21.472
22	-137.974	14	 -11.871	   8.463	  -2.939
23	-134.879	13	  -4.039	 -15.908	   0.423
24	-132.228	12	 -25.610	  13.749	  13.008
25	-122.222	12	 -16.414	 -14.734	  26.240
26	-116.887	11	  14.133	   1.959	  23.452
27	-110.990	10	   2.251	  -8.606	  -6.457
28	-108.372	11	  -6.037	  -2.993	  -7.659
29	-107.851	9	  -2.748	 -12.744	  22.691
30	 -97.091	10	 -28.054	   4.328	  18.503
31	 -87.832	9	   2.905	   0.679	  -5.487
32	 -86.398	9	  -6.048	  -2.963	  38.774
33	 -78.308	8	  -8.309	 -21.124	   7.320
34	 -77.250	8	   8.737	   3.991	  28.898
35	 -73.784	7	  -0.612	   2.736	  34.949
36	 -68.254	7	  -7.511	 -16.211	  32.947
37	 -60.278	6	 -15.380	  20.348	  17.336
38	 -51.777	5	 -20.267	 -14.291	   1.446
39	 -51.459	5	   7.019	   7.533	  20.296
40	 -50.973	5	   8.199	  -5.589	   0.484
41	 -44.329	4	 -26.511	   6.599	  27.088
42	 -40.267	4	   3.995	   5.577	  12.598
43	 -37.209	4	  -7.250	   7.853	  10.103
44	 -36.559	4	 -24.464	 -11.661	  24.828
45	 -32.563	3	  13.933	  -8.499	  19.143
46	 -29.815	3	   0.231	   3.675	   2.382
47	 -29.506	3	 -17.064	  17.658	  25.058
48	 -27.593	3	  -8.738	  16.005	  30.071
49	 -25.642	2	 -18.203	  10.907	  11.626
50	  -9.600	1	 -14.758	   1.352	  40.071
