1	-1511.262	132	  11.541	   8.903	   3.308
2	-1106.575	97	  15.771	  10.405	  -2.476
3	-866.201	72	  -2.904	  10.842	  -9.279
4	-800.395	66	  15.927	  21.978	   1.524
5	-755.156	66	  -2.033	 -14.469	   6.421
6	-662.137	57	  -4.853	   4.121	   1.234
7	-656.423	60	   8.612	  -9.470	 -16.386
8	-487.095	38	  -4.350	  -9.118	  -8.639
9	-480.054	44	  23.059	 -18.985	  -2.809
10	-463.322	45	  21.892	   8.012	 -13.048
11	-461.938	39	  26.563	 -12.813	   6.019
12	-455.734	43	   5.039	   3.897	  17.075
13	-454.163	40	  -6.314	   0.356	 -11.060
14	-435.528	40	  -1.313	 -20.587	  -3.924
15	-433.878	43	  -5.875	  12.022	   4.995
16	-406.893	37	  10.796	   6.807	 -20.565
17	-360.519	34	   2.868	  16.095	 -19.938
18	-338.283	32	  16.104	  -0.439	  15.967
19	-285.310	28	   4.097	  27.218	   3.399
20	-281.892	18	  17.417	  -2.694	  -5.722
21	-274.249	26	   5.936	 -10.125	  15.959
22	-265.385	24	   8.487	  27.165	 -13.687
23	-240.532	21	  23.876	   4.512	   7.853
24	-234.510	22	  29.895	  -6.252	  11.775
25	-228.592	21	  23.072	 -18.179	   9.558
26	-225.809	21	   8.038	 -23.437	  -8.009
27	-208.076	19	   8.064	  10.646	  17.427
28	-194.645	18	  17.437	 -12.397	  16.167
29	-192.603	19	  27.131	   5.872	  -3.439
30	-191.656	17	   4.173	 -22.797	   5.165
31	-189.115	17	  17.804	  27.004	  -3.736
32	-172.058	16	  -0.859	  -6.487	 -19.760
33	-168.849	16	  18.359	  27.716	 -14.593
34	-163.140	16	  11.495	 -21.890	  11.779
35	-137.028	14	  -0.356	  15.381	  16.565
36	-136.534	13	  -4.344	  12.353	 -17.426
37	-134.212	13	  -9.407	  -3.149	  -2.149
38	-133.490	12	  21.484	  -8.541	 -18.209
39	-122.568	12	  -8.864	  -6.473	   8.476
40	-102.303	9	  26.042	  -0.198	 -13.211
41	 -98.010	9	   3.824	  28.895	  -6.093
42	 -95.674	9	  13.896	  18.405	 -19.969
43	 -91.698	6	   9.880	   7.292	  10.788
44	 -88.465	9	  -5.599	  29.707	  -0.812
45	 -86.812	9	  -7.201	   2.810	 -20.818
46	 -86.803	7	  -4.938	   2.634	  11.564
47	 -84.841	8	  -4.756	  24.457	  -8.207
48	 -82.056	8	   1.664	 -14.630	 -14.378
49	 -81.179	8	   4.938	  24.840	  11.449
50	 -79.857	8	  33.929	  -9.922	   1.778
51	 -76.336	8	  17.922	  -0.273	 -23.054
52	 -72.623	7	  33.863	  -4.673	  -4.724
53	 -72.092	7	  15.028	 -17.564	 -17.727
54	 -71.057	7	  10.230	  19.285	  14.942
55	 -67.654	7	  25.498	   2.335	  15.466
56	 -63.976	6	  16.500	  13.515	  11.653
57	 -59.570	6	  -9.333	 -13.561	   4.779
58	 -59.041	6	  25.808	 -13.576	 -12.396
59	 -51.239	5	  16.379	 -22.403	 -11.732
60	 -51.116	5	  17.025	 -23.771	  -4.086
61	 -47.627	5	  -3.395	  -5.441	  15.910
62	 -40.186	4	  26.576	  16.751	  -9.983
63	 -39.632	4	  -3.585	  19.585	  11.979
64	 -31.139	3	  22.829	  17.896	  -1.443
65	 -29.812	3	  26.568	  -6.115	  20.232
66	 -29.012	3	  17.151	  24.942	  10.611
67	 -28.402	3	  10.151	  34.597	  -7.660
68	 -27.780	3	  20.155	  12.923	   4.267
69	 -19.864	2	  -8.171	   7.597	  15.395
70	 -18.158	2	  12.829	 -26.903	   2.444
71	 -12.856	1	   6.829	   8.597	  -4.056
72	 -10.632	1	 -11.171	  23.597	   5.944
73	  -9.789	1	   4.829	   8.597	 -25.056
74	  -9.269	1	   8.829	  -4.403	  20.944
