1	-930.054	76	  16.834	  36.907	  59.764
2	-887.109	79	 -37.648	  53.656	  75.641
3	-852.586	76	   2.326	  49.988	  70.200
4	-692.635	66	 -14.371	  45.490	  79.882
5	-677.248	59	   0.947	  30.758	  58.683
6	-542.205	49	  -6.094	  47.233	  65.344
7	-522.982	47	  -6.669	  38.907	  69.617
8	-490.307	46	  -1.314	  36.888	  45.691
9	-459.635	43	 -16.574	  33.600	  73.628
10	-407.641	27	   9.337	  38.775	  61.943
11	-396.135	38	 -45.369	  47.707	  76.816
12	-389.728	35	 -29.858	  42.293	  61.526
13	-389.133	35	  18.515	  43.907	  73.002
14	-354.187	34	 -35.316	  52.644	  87.151
15	-341.547	32	 -25.277	  25.035	  81.823
16	-340.007	33	 -27.469	  32.306	  68.519
17	-320.715	29	 -12.756	  54.041	  55.399
18	-286.371	26	 -41.710	  31.334	  67.366
19	-274.962	26	  20.459	  29.939	  71.188
20	-265.635	25	  20.857	  47.992	  59.600
21	-259.155	23	   6.037	  42.851	  78.112
22	-249.128	25	 -37.823	  41.924	  86.278
23	-241.655	22	 -10.825	  40.612	  58.858
24	-237.611	24	  -0.705	  25.030	  84.030
25	-209.625	20	  20.280	  26.053	  58.287
26	-207.697	20	 -29.469	  38.299	  87.494
27	-207.523	20	  -8.514	  37.673	  88.784
28	-206.706	21	  12.865	  61.375	  59.104
29	-198.587	20	 -32.047	  57.082	  63.069
30	-196.458	20	 -16.660	  40.610	  50.363
31	-192.946	19	 -15.664	  48.636	  68.985
32	-188.892	18	  12.411	  52.295	  47.550
33	-188.078	18	 -11.709	  27.653	  79.804
34	-170.716	17	  13.360	  38.192	  47.574
35	-167.114	13	 -32.493	  62.387	  82.231
36	-160.803	16	 -23.593	  64.312	  79.477
37	-159.544	15	 -15.983	  53.381	  76.362
38	-152.592	14	  15.351	  33.945	  80.750
39	-149.806	15	 -32.805	  49.648	  60.084
40	-144.955	14	 -50.432	  38.604	  71.912
41	-144.644	14	 -21.112	  41.594	  87.567
42	-138.007	8	 -24.669	  43.107	  69.017
43	-136.674	14	 -20.662	  52.320	  87.928
44	-134.192	13	  12.453	  20.569	  72.731
45	-134.005	14	 -38.073	  38.870	  61.535
46	-122.507	12	 -50.565	  45.021	  66.724
47	-121.130	12	 -18.494	  37.969	  67.823
48	-120.460	11	  -4.562	  43.519	  78.454
49	-118.692	10	   5.364	  20.126	  64.277
50	-117.290	11	  14.441	  42.461	  80.936
51	-108.244	10	  -1.498	  25.505	  65.500
52	-108.116	11	  27.760	  38.355	  64.448
53	-107.368	11	  11.958	  26.170	  53.837
54	-106.649	11	 -16.075	  43.180	  63.137
55	-101.188	9	  -0.951	  58.124	  59.022
56	 -92.587	9	 -17.589	  51.387	  46.767
57	 -90.090	8	 -17.658	  61.733	  61.862
58	 -89.477	9	 -44.635	  53.614	  65.431
59	 -81.989	8	 -44.240	  47.214	  60.037
60	 -81.358	8	  -3.347	  55.603	  50.459
61	 -78.201	7	   6.969	  43.323	  43.844
62	 -76.575	8	  -6.819	  30.584	  64.436
63	 -75.801	7	 -17.912	  61.582	  70.614
64	 -72.140	7	   2.835	  22.241	  77.083
65	 -71.286	7	   6.211	  55.058	  47.550
66	 -65.144	6	 -13.239	  27.690	  88.357
67	 -63.036	5	 -31.810	  27.574	  77.092
68	 -60.582	6	  23.712	  38.220	  70.753
69	 -59.304	5	 -26.088	  47.062	  52.069
70	 -58.003	6	 -21.958	  27.311	  90.383
71	 -50.751	5	  -5.679	  47.371	  40.017
72	 -50.353	5	 -25.071	  59.327	  55.742
73	 -46.350	5	  15.775	  54.775	  68.724
74	 -40.508	4	 -11.143	  39.247	  42.814
75	 -39.115	4	   6.601	  26.362	  84.365
76	 -38.932	4	  10.620	  32.995	  86.539
77	 -38.537	4	  12.627	  59.866	  48.888
78	 -37.786	4	 -19.422	  58.893	  84.886
79	 -33.119	3	   7.804	  61.957	  68.380
80	 -29.550	3	 -27.905	  53.370	  95.380
81	 -29.290	3	 -17.203	  60.039	  54.054
82	 -29.290	3	  21.119	  54.674	  56.060
83	 -29.001	3	 -27.249	  64.696	  70.754
84	 -28.750	3	   5.803	  30.375	  49.701
85	 -21.505	2	   4.588	  29.839	  91.380
86	 -20.306	2	 -29.393	  44.858	  92.380
87	 -18.565	2	 -32.871	  31.865	  87.885
88	 -18.535	2	 -45.356	  33.865	  77.885
89	 -18.080	2	 -15.881	  45.863	  41.380
90	 -13.521	1	 -30.881	  35.370	  80.380
91	 -10.513	1	 -32.881	  58.370	  91.380
92	 -10.124	1	  -6.881	  23.370	  74.380
93	  -9.591	1	 -13.881	  63.370	  78.380
