1	-828.842	66	  16.452	  37.477	  59.114
2	-821.203	72	   2.082	  49.517	  70.058
3	-818.240	72	 -38.127	  52.950	  76.062
4	-709.133	68	 -14.577	  45.615	  80.410
5	-607.924	55	  -6.231	  46.989	  65.446
6	-557.629	49	   1.474	  30.147	  58.588
7	-488.226	46	  -2.051	  36.747	  46.000
8	-443.725	43	 -16.695	  33.680	  73.572
9	-420.549	38	  -6.780	  38.942	  69.652
10	-416.640	27	   9.239	  38.629	  61.743
11	-416.304	40	 -45.621	  47.973	  76.552
12	-350.663	32	 -25.934	  24.922	  81.891
13	-346.888	33	 -35.516	  52.372	  86.954
14	-343.637	31	 -13.000	  53.859	  55.033
15	-328.955	31	  20.575	  29.661	  70.610
16	-315.512	31	  12.699	  53.208	  47.630
17	-308.383	28	 -30.054	  42.582	  61.472
18	-285.721	27	 -11.065	  40.519	  58.956
19	-284.958	26	  18.839	  43.235	  72.829
20	-281.891	27	  20.689	  47.856	  59.385
21	-277.982	25	   5.857	  42.559	  78.024
22	-271.203	25	 -41.496	  31.111	  67.056
23	-243.961	23	  -8.779	  37.029	  88.795
24	-220.316	22	 -39.704	  40.761	  85.359
25	-216.378	22	  -0.464	  24.890	  83.676
26	-215.469	21	  18.986	  26.572	  57.285
27	-210.587	20	 -29.850	  38.511	  87.393
28	-210.030	21	 -21.019	  49.930	  87.138
29	-196.916	20	 -28.054	  33.766	  65.706
30	-195.499	20	  13.851	  60.809	  58.665
31	-193.942	19	 -15.819	  47.748	  69.694
32	-178.313	16	  -5.624	  33.267	  59.435
33	-176.305	14	 -32.751	  62.372	  82.565
34	-170.651	16	 -12.035	  27.507	  80.062
35	-165.608	16	 -17.721	  40.208	  65.968
36	-157.906	16	 -32.835	  57.239	  64.072
37	-141.011	14	  11.791	  20.471	  72.388
38	-141.003	14	 -23.604	  64.200	  78.896
39	-138.004	13	  15.611	  34.452	  80.544
40	-137.058	12	  -4.868	  43.150	  78.664
41	-135.134	12	 -16.407	  54.213	  76.253
42	-132.026	7	 -25.040	  42.988	  69.043
43	-130.500	11	   4.846	  20.161	  64.085
44	-128.758	13	  13.879	  39.908	  46.984
45	-121.668	11	 -26.329	  30.231	  72.149
46	-120.789	12	  25.096	  38.383	  69.079
47	-120.762	12	  14.498	  42.335	  80.621
48	-118.344	12	 -14.307	  39.571	  47.071
49	-112.787	11	  -2.511	  26.284	  64.822
50	-109.724	10	 -18.020	  61.717	  61.827
51	-108.297	11	 -32.191	  61.948	  72.886
52	-108.214	11	 -37.764	  39.447	  61.523
53	-101.377	10	 -30.690	  52.492	  59.281
54	-100.558	10	 -50.933	  38.494	  71.119
55	 -99.989	9	  -0.897	  58.047	  59.055
56	 -98.525	10	  23.430	  37.403	  59.562
57	 -97.503	9	 -50.456	  44.509	  65.199
58	 -95.564	9	   6.778	  42.873	  43.556
59	 -93.257	9	  -3.495	  55.410	  49.612
60	 -92.418	9	 -20.737	  39.171	  88.831
61	 -90.111	9	   9.754	  32.808	  48.212
62	 -78.864	8	 -44.540	  53.893	  66.560
63	 -76.969	8	 -20.298	  41.798	  52.745
64	 -76.725	7	   6.874	  26.680	  83.988
65	 -72.906	7	   2.659	  22.279	  76.743
66	 -70.963	7	 -13.696	  52.543	  47.512
67	 -69.486	7	 -22.198	  60.404	  86.457
68	 -68.374	7	 -36.022	  47.595	  61.752
69	 -65.962	7	 -24.778	  59.719	  56.179
70	 -65.106	6	  11.582	  26.128	  53.652
71	 -63.912	6	 -44.071	  46.947	  59.879
72	 -57.850	6	 -18.216	  61.786	  70.978
73	 -57.317	6	  15.146	  54.294	  68.629
74	 -56.717	6	   5.501	  55.139	  46.851
75	 -49.918	5	 -22.313	  28.332	  90.699
76	 -49.355	4	 -25.906	  47.275	  52.098
77	 -41.560	4	  -5.801	  47.500	  40.104
78	 -39.490	4	 -43.974	  33.517	  77.793
79	 -38.667	4	 -32.781	  31.007	  88.078
80	 -38.068	4	 -19.613	  49.344	  44.388
81	 -33.125	3	  14.655	  44.593	  60.978
82	 -31.767	3	 -14.045	  27.275	  88.337
83	 -30.139	3	 -29.094	  44.591	  92.003
84	 -29.427	3	  26.979	  32.301	  65.293
85	 -28.651	3	   6.301	  54.959	  72.319
86	 -28.000	3	 -28.036	  53.275	  95.319
87	 -27.442	3	 -14.047	  62.297	  79.626
88	 -27.341	3	 -17.360	  59.932	  53.990
89	 -21.453	2	  20.955	  54.275	  55.840
90	 -20.589	2	   4.443	  29.763	  91.319
91	 -18.937	2	   7.934	  62.275	  67.829
92	 -18.600	2	 -34.010	  25.275	  76.907
93	 -16.456	1	 -34.045	  49.275	  70.319
94	 -10.593	1	 -33.045	  58.275	  91.319
95	 -10.099	1	  -7.045	  23.275	  74.319
96	  -9.749	1	  -9.045	  30.275	  70.319
97	  -9.436	1	 -31.045	  35.275	  80.319
98	  -9.241	1	  25.955	  25.275	  62.319
99	  -8.960	1	  10.955	  35.275	  88.319
100	  -8.936	1	  12.955	  18.275	  60.319
