1	-882.159	78	  39.113	 -46.633	  64.320
2	-505.373	45	  24.468	 -34.186	  68.422
3	-390.700	36	  26.420	 -59.947	  79.393
4	-329.786	32	  39.789	 -42.048	  45.045
5	-310.340	30	  22.289	 -62.363	  68.216
6	-304.323	26	  34.317	 -61.736	  54.066
7	-292.160	29	  29.196	 -38.482	  76.379
8	-290.677	27	  20.267	 -56.083	  54.204
9	-271.767	26	  18.080	 -55.398	  71.185
10	-262.905	25	  37.666	 -44.680	  71.528
11	-261.537	24	  47.605	 -33.516	  51.234
12	-260.885	25	  37.412	 -66.292	  75.051
13	-260.219	26	  35.924	 -27.835	  64.039
14	-228.769	21	  33.966	 -35.983	  52.571
15	-221.677	20	  32.869	 -46.383	  77.632
16	-206.803	19	  34.263	 -52.683	  47.636
17	-179.963	17	  13.277	 -51.535	  61.953
18	-178.456	17	  46.679	 -63.314	  59.172
19	-176.266	17	  46.873	 -43.489	  61.227
20	-166.207	16	  29.503	 -64.263	  61.673
21	-165.687	15	  17.782	 -42.177	  53.070
22	-165.054	12	  45.108	 -54.094	  46.783
23	-152.562	15	  18.871	 -49.230	  75.913
24	-151.267	15	  43.389	 -51.963	  76.586
25	-124.710	11	  47.872	 -53.128	  67.040
26	-111.811	11	  36.300	 -32.669	  71.542
27	-103.361	11	  48.082	 -41.231	  47.279
28	 -95.070	9	  20.720	 -38.181	  77.543
29	 -93.625	9	  42.100	 -25.799	  52.278
30	 -80.588	8	  43.071	 -52.288	  38.995
31	 -77.795	8	  40.912	 -59.914	  81.988
32	 -77.463	8	  41.359	 -67.376	  63.522
33	 -72.468	7	  46.828	 -61.617	  72.272
34	 -71.992	7	  44.549	 -25.172	  60.916
35	 -69.194	7	  12.717	 -46.516	  69.351
36	 -60.747	6	  49.780	 -37.319	  57.531
37	 -59.394	6	  44.202	 -37.077	  69.540
38	 -50.182	5	  14.512	 -38.140	  70.056
39	 -49.050	5	  24.772	 -47.025	  52.227
40	 -47.505	5	  40.454	 -55.263	  32.930
41	 -37.208	4	  50.925	 -32.397	  64.649
42	 -36.760	4	  26.939	 -35.846	  54.144
43	 -21.427	2	  29.611	 -67.563	  71.780
44	 -19.185	2	  42.446	 -61.206	  45.014
45	 -19.051	2	  50.915	 -46.740	  52.363
46	 -18.866	2	  35.937	 -65.146	  83.363
47	 -18.804	2	  30.950	 -59.146	  86.363
48	 -18.636	2	  18.406	 -34.186	  59.444
49	 -14.141	1	  25.446	 -43.146	  70.363
50	  -9.674	1	  52.446	 -24.146	  60.363
51	  -9.147	1	  11.446	 -41.146	  57.363
