1	-750.855	69	   4.833	  33.196	  -3.920
2	-726.796	68	   2.336	  28.960	  12.835
3	-651.851	58	  21.096	   9.094	  21.816
4	-478.066	40	  30.120	  12.434	  24.601
5	-428.658	37	  -1.946	  24.078	  21.169
6	-426.525	35	   0.216	  30.759	  28.154
7	-425.535	39	  11.083	  29.284	  37.066
8	-400.082	36	   2.652	  16.745	   2.879
9	-383.185	35	  21.562	  14.156	   3.420
10	-366.803	33	  21.651	  33.792	  36.240
11	-365.312	29	  17.894	  40.505	  31.762
12	-357.458	29	  26.783	  41.493	  11.254
13	-333.588	25	  21.596	  24.074	  18.465
14	-327.556	28	  14.835	   6.323	  18.194
15	-303.105	29	  31.364	  33.113	  18.700
16	-280.695	26	  15.669	  47.533	  14.326
17	-273.410	26	  28.979	  15.526	  35.531
18	-264.154	25	  30.308	  19.335	  15.817
19	-260.971	24	   7.397	  23.151	  -6.225
20	-255.944	21	  30.759	  26.997	  26.631
21	-236.520	24	   7.050	   8.465	 -31.243
22	-228.201	22	   3.270	  46.834	  18.366
23	-226.060	21	   9.379	  12.688	  33.905
24	-224.932	21	  -0.707	  16.058	  17.706
25	-217.768	20	  28.505	  36.782	   4.130
26	-215.115	20	  -0.324	  23.324	  -7.252
27	-202.241	20	   2.631	  39.532	  29.851
28	-200.204	20	  13.236	  49.273	  25.368
29	-196.370	18	  29.164	  32.341	  31.248
30	-190.783	10	  17.013	  28.832	  26.018
31	-179.812	17	  19.479	  42.215	   9.875
32	-172.968	17	   3.371	  18.117	 -17.038
33	-162.214	16	  11.566	  16.111	  -2.657
34	-160.392	15	   0.909	  40.071	  10.623
35	-159.254	14	   2.129	  11.016	  25.901
36	-155.863	15	  19.541	  24.640	  -2.116
37	-155.169	15	  29.698	  26.765	   7.099
38	-152.268	14	  13.786	  35.131	  -7.604
39	-143.739	14	  25.002	  37.831	  -6.364
40	-136.844	13	   6.905	  20.292	  35.895
41	-133.128	12	  -1.295	  34.964	  19.319
42	-131.505	13	   6.190	  45.590	   2.717
43	-129.194	12	   9.306	  42.968	  30.692
44	-127.331	12	  16.337	  17.847	  37.648
45	-127.143	12	  14.970	  43.408	   4.137
46	-126.962	13	  25.693	  47.305	  23.220
47	-119.681	11	  12.034	   8.984	   1.169
48	-108.775	11	   9.186	   6.592	  25.274
49	 -98.889	9	   0.556	   9.459	  11.679
50	 -87.376	8	  -4.356	  19.149	  30.583
51	 -83.589	7	   9.374	   4.194	  10.883
52	 -79.147	8	  -1.216	  26.266	  35.325
53	 -60.473	6	  18.937	   9.148	  36.815
54	 -58.990	4	  18.395	  38.316	  15.946
55	 -43.177	4	   8.341	  24.569	 -20.775
56	 -41.090	4	  25.955	  42.184	  30.728
57	 -40.623	4	  32.609	  32.523	  -0.718
58	 -39.008	4	  16.196	  11.568	 -34.735
59	 -27.515	3	  21.067	  30.851	  -9.004
60	 -21.044	2	  -2.060	  30.391	 -17.549
61	 -19.418	2	  28.909	  12.900	  12.482
62	 -19.146	2	  34.880	  20.361	  21.966
63	 -18.779	2	  25.956	   6.326	  31.078
64	 -18.686	2	  -0.605	  28.846	   0.482
65	 -18.220	2	  -3.105	  16.845	   7.496
66	 -10.344	1	  32.395	  32.846	  -9.004
67	  -9.996	1	  -0.605	  31.846	  -8.004
68	  -9.149	1	   8.395	  16.846	 -23.004
69	  -8.962	1	  32.395	  21.846	  32.996
