1	-826.826	61	  20.264	   2.564	  27.717
2	-532.506	50	  11.622	   0.936	  36.693
3	-331.162	29	  17.899	 -16.709	  40.898
4	-313.682	27	   4.104	  -4.683	  39.558
5	-310.062	29	  15.381	 -21.987	  19.715
6	-302.459	27	  19.707	  -3.069	  36.057
7	-271.133	24	  30.192	   1.699	  27.174
8	-261.800	20	  23.622	  -6.423	  11.725
9	-243.806	24	  34.201	 -10.215	  31.218
10	-214.228	18	  17.728	  10.517	  30.960
11	-211.326	19	  24.710	 -17.632	  13.615
12	-198.842	18	   7.043	   8.865	  24.862
13	-198.172	16	  16.660	 -11.937	   9.317
14	-179.858	17	  28.351	  10.496	  15.091
15	-172.806	16	  11.251	 -13.003	  43.650
16	-169.822	15	   9.187	  -5.975	  12.295
17	-137.359	13	  15.954	  14.713	  20.478
18	-137.276	13	   7.176	   4.879	  15.157
19	-132.006	13	  -1.993	 -11.740	  20.627
20	-123.794	12	  -2.571	 -17.412	  30.801
21	-119.905	11	  26.136	  -7.950	  36.666
22	-115.886	11	  18.360	   6.192	  10.194
23	-115.227	12	   2.996	 -22.735	  34.250
24	-114.823	11	  30.224	 -15.644	  20.522
25	-113.496	10	  30.799	  -4.832	  13.851
26	-112.807	11	   6.379	 -18.044	  18.673
27	-111.169	10	   2.672	  -4.962	  18.034
28	-102.023	10	   6.632	 -18.722	  41.202
29	-101.399	10	  -1.120	 -14.436	  38.067
30	 -97.413	8	  -3.434	  -7.710	  30.240
31	 -96.156	5	   3.042	  -9.627	  26.690
32	 -90.460	9	   3.637	   5.168	  34.644
33	 -88.707	9	  27.278	 -17.392	  35.484
34	 -87.116	9	  15.463	 -27.778	  28.193
35	 -80.502	8	  35.674	  -0.972	  20.299
36	 -79.591	8	  28.439	 -23.761	  26.802
37	 -77.764	8	  25.313	  14.382	  20.813
38	 -64.150	6	  12.784	 -26.792	  36.722
39	 -53.807	3	  18.558	   7.864	  19.594
40	 -40.787	4	  17.315	  -4.379	   4.594
41	 -39.474	4	  31.757	   8.662	  22.555
42	 -36.782	4	  23.050	 -29.117	  33.596
43	 -30.988	2	  26.813	  -6.347	  23.594
44	 -19.198	2	  20.291	  -8.865	  44.594
45	 -18.080	2	  31.790	   5.652	   9.583
46	 -10.054	1	  20.813	  14.135	  12.594
47	  -9.093	1	  24.813	 -25.865	  18.594
48	  -8.903	1	   9.813	  14.135	  33.594
