1	-1577.823	146	  18.986	  10.344	   4.630
2	-1001.777	81	  33.932	   6.275	  13.447
3	-707.406	67	  26.650	   4.878	  10.330
4	-344.131	32	  35.885	  -6.082	 -10.991
5	-317.086	30	  32.731	  -8.901	  16.324
6	-302.447	29	   8.772	   9.010	   8.417
7	-267.583	24	  29.842	  16.131	  -3.722
8	-265.721	26	  27.181	   6.664	 -11.280
9	-262.611	26	  34.039	 -13.030	  -5.871
10	-241.475	19	  28.164	   6.929	  20.278
11	-237.648	22	  25.140	  -4.741	  11.033
12	-208.143	18	  43.256	 -11.635	   7.249
13	-186.437	18	  33.447	  21.345	   8.238
14	-185.262	17	  35.619	 -18.488	   2.894
15	-183.893	18	  20.012	   0.911	  19.586
16	-180.837	17	  43.234	   7.402	  14.514
17	-172.055	16	  37.755	   3.920	 -12.536
18	-170.671	17	  42.088	  -6.434	  17.547
19	-163.950	16	  47.457	   4.744	  -4.128
20	-161.137	16	  24.944	 -11.359	  -6.294
21	-145.102	14	  39.111	  18.354	  13.839
22	-135.502	13	  25.173	 -16.049	   3.604
23	-131.505	12	  43.685	 -10.343	  -3.077
24	-131.446	13	  20.866	  -9.562	   5.384
25	-129.698	13	   8.037	  17.353	  12.356
26	-129.668	12	  35.577	  16.898	  19.797
27	-120.879	12	  14.881	  -0.395	  -4.116
28	-118.278	12	  20.263	  20.568	  14.140
29	-115.506	12	  25.830	  -1.025	 -15.367
30	-115.326	11	  44.757	  11.264	   3.975
31	-102.329	9	   3.210	   7.305	  16.060
32	 -93.847	9	  41.120	   6.858	  22.721
33	 -91.994	9	  19.167	   1.792	 -12.778
34	 -90.208	9	  25.543	  13.136	  22.957
35	 -85.081	9	  39.057	  12.398	  -5.062
36	 -78.932	8	   7.455	  10.626	  22.925
37	 -73.459	4	  34.056	   5.378	   5.052
38	 -68.493	7	  25.036	  23.733	   9.041
39	 -56.600	6	  16.389	  -0.470	   4.696
40	 -49.992	5	  28.882	   1.944	  27.724
41	 -48.534	5	  13.241	  14.512	  20.329
42	 -48.443	5	  36.726	   3.502	  28.907
43	 -47.772	5	  17.658	 -10.293	  -3.427
44	 -39.789	4	  43.794	  -4.916	  -8.716
45	 -38.994	4	  34.048	 -19.191	  10.553
46	 -29.588	3	   6.736	   2.605	  23.185
47	 -28.203	3	  48.399	  -2.340	   6.881
48	 -20.428	2	  48.056	  -3.197	  -0.945
49	 -20.270	2	  21.056	  -7.193	 -15.459
50	  -9.150	1	  43.056	 -18.683	  -0.459
51	  -9.097	1	  31.056	  22.317	   0.541
52	  -9.014	1	  21.056	  18.317	  -1.459
