1	-1064.022	88	  35.570	  48.319	  35.841
2	-1034.258	94	  43.891	  37.347	  21.418
3	-1030.621	94	  16.875	  14.991	  32.537
4	-878.540	78	  41.992	  25.535	  42.571
5	-872.137	79	  31.774	  34.561	  41.071
6	-830.535	72	  19.570	  39.700	  35.626
7	-803.842	69	  33.244	  47.504	   7.437
8	-782.058	69	  40.381	   6.912	  43.474
9	-650.075	60	  21.123	  52.000	  22.193
10	-569.509	50	  15.007	  21.232	  30.126
11	-535.376	51	  46.651	  47.326	  25.008
12	-523.677	48	  43.883	   5.035	  30.674
13	-513.796	49	  12.577	  12.897	  18.055
14	-497.005	47	  13.608	  12.699	  41.968
15	-490.352	38	  24.001	  19.538	  48.434
16	-462.674	42	  47.303	  30.618	  24.582
17	-402.530	38	  49.007	  28.525	  10.231
18	-401.836	34	  30.373	  -0.982	  29.870
19	-363.057	35	  17.438	  27.012	  54.348
20	-348.784	28	  21.640	  27.117	  16.560
21	-347.701	31	  52.474	  21.752	  28.036
22	-344.652	31	  36.479	  56.207	  17.212
23	-344.345	29	  40.321	  18.421	  20.603
24	-329.999	29	  35.982	  10.926	  48.440
25	-328.979	32	  43.262	  46.934	  44.251
26	-321.437	30	  46.219	  24.049	  16.690
27	-312.190	29	  23.694	   1.856	  44.589
28	-299.825	28	  48.660	  10.348	  34.411
29	-283.612	24	  10.132	  30.192	  24.486
30	-280.956	26	  17.678	  44.141	  11.555
31	-279.065	28	  22.336	  -3.797	  34.451
32	-270.240	26	  51.101	  37.066	   6.320
33	-268.114	25	  12.719	  42.778	  18.514
34	-260.591	23	  16.017	  20.992	  18.472
35	-253.223	24	  50.977	  20.944	  38.091
36	-248.667	24	  10.076	   3.919	  22.547
37	-234.388	24	  30.318	  34.042	   4.818
38	-221.626	21	  48.443	  48.402	   8.176
39	-214.667	20	  24.412	  31.734	  46.612
40	-205.077	19	  10.190	  38.510	  29.253
41	-196.823	19	  30.254	  57.179	  33.092
42	-190.640	18	  50.966	  39.923	  18.894
43	-182.213	18	  51.157	  33.550	  45.187
44	-179.731	17	  30.241	   5.079	  19.352
45	-177.560	18	  38.362	  30.470	   4.952
46	-170.861	17	  12.862	  39.620	  40.373
47	-164.009	16	  21.840	   6.398	  17.375
48	-156.579	8	  30.802	  19.758	  12.324
49	-155.665	14	  30.411	  13.125	   7.082
50	-148.660	15	  27.095	  18.516	  55.037
51	-138.774	14	   8.554	  33.623	  43.062
52	-134.997	14	  54.153	  45.862	  41.963
53	-134.618	14	  39.369	  57.809	  24.166
54	-121.241	11	  32.820	  -5.344	  41.561
55	-119.965	11	  29.286	  57.158	  10.457
56	-119.563	12	  37.939	   9.218	  16.137
57	-116.723	11	  40.837	  37.603	  45.703
58	-111.868	10	  25.923	  10.806	  56.790
59	-110.327	11	  47.724	  48.406	  16.013
60	-103.265	9	   3.026	  24.561	  42.655
61	 -97.912	10	  55.791	  49.417	  31.188
62	 -97.625	10	  13.954	  48.317	  26.800
63	 -87.285	8	  31.797	  21.517	  48.600
64	 -85.551	9	   9.121	  20.637	  22.817
65	 -83.925	8	  22.538	  16.400	   8.525
66	 -83.034	8	  10.058	   9.944	  33.487
67	 -81.179	8	  45.589	  59.936	  30.554
68	 -79.144	8	  24.249	   3.403	  51.556
69	 -78.391	8	   5.762	  26.048	  50.488
70	 -77.174	8	  13.037	  -2.388	  29.465
71	 -77.042	8	   5.987	  16.482	  48.349
72	 -74.843	7	  58.737	  40.821	  33.987
73	 -70.811	7	  46.763	  16.431	  23.285
74	 -70.016	7	  37.920	  59.342	  36.571
75	 -69.283	7	  20.379	  51.488	   7.901
76	 -66.584	7	  48.637	  56.366	  39.235
77	 -61.817	6	  55.387	  27.367	  21.688
78	 -61.549	6	  14.257	   9.043	  54.367
79	 -61.070	6	  58.115	  34.484	  25.527
80	 -60.324	6	  47.579	  13.303	  44.134
81	 -59.603	6	  58.035	  26.796	  34.892
82	 -56.568	6	  22.083	  52.863	  30.983
83	 -50.950	5	  20.936	  -0.219	  22.783
84	 -49.410	5	  13.921	   4.192	  37.773
85	 -49.112	5	   3.698	  32.798	  31.818
86	 -48.241	5	  43.006	  -2.797	  35.023
87	 -46.592	4	   4.765	  22.788	  33.389
88	 -45.453	3	  48.241	  24.970	  32.063
89	 -40.194	4	  40.249	  40.034	   3.096
90	 -39.143	4	  21.277	  17.522	  59.834
91	 -39.091	4	   4.681	  15.091	  39.931
92	 -38.637	4	  33.430	  22.237	   4.315
93	 -29.793	3	  12.362	  19.033	  57.767
94	 -29.379	3	  14.072	  31.522	  15.202
95	 -27.860	3	  19.773	  31.178	   9.490
96	 -27.580	3	  42.752	  16.513	   8.501
97	 -18.788	1	  19.752	  16.522	  24.834
98	 -18.626	2	  26.265	  25.009	   1.321
99	 -18.202	2	  55.752	  33.522	  39.330
100	 -12.675	1	  34.752	  39.522	  19.834
101	 -10.883	1	  32.752	  -0.478	  50.834
102	  -8.951	1	  13.752	   6.522	  12.834
