1	-857.239	76	  35.708	  18.377	  10.336
2	-837.962	74	  31.407	  14.304	  14.816
3	-432.446	42	  42.980	  16.750	   8.380
4	-394.355	25	  30.632	   8.560	  -1.949
5	-384.810	32	  26.323	  15.499	  -4.117
6	-380.388	35	  32.141	  19.197	   3.351
7	-340.590	31	  19.016	   6.336	  -0.146
8	-327.027	30	  31.636	  20.315	  21.217
9	-258.997	24	  36.841	  12.818	  30.183
10	-238.650	23	  38.442	   9.111	  -7.843
11	-221.154	22	  46.887	   8.004	  -0.105
12	-214.570	21	  32.067	  -1.776	  -9.765
13	-165.671	16	  34.882	  22.869	  32.895
14	-144.620	14	  45.654	  27.424	  18.746
15	-142.034	13	  43.423	   4.691	  18.469
16	-135.763	14	  39.642	  28.377	  30.142
17	-128.666	11	  36.300	  30.383	  13.081
18	-126.086	12	  34.991	  -2.802	   9.393
19	-120.106	12	  34.124	  19.412	  -8.001
20	-118.516	12	  42.602	   6.172	  27.161
21	-109.328	11	  27.155	  -6.525	   5.116
22	-105.480	11	  43.917	  24.547	   8.969
23	 -90.126	9	  47.740	  20.063	  30.660
24	 -84.625	8	  16.501	   2.628	  10.087
25	 -76.826	8	  37.017	  -5.771	  -0.477
26	 -68.875	7	  32.956	   2.101	  19.462
27	 -58.659	6	  18.465	  10.982	  11.828
28	 -57.817	6	  48.633	   7.938	  11.066
29	 -51.159	5	  26.240	   8.246	 -12.400
30	 -49.815	5	  30.709	  11.050	  22.254
31	 -49.065	5	  50.914	  16.670	  18.860
32	 -29.623	3	  36.570	  26.964	   5.010
33	 -29.298	3	  49.110	   0.311	  -1.887
34	 -10.164	1	  22.110	   2.355	  17.419
35	  -9.611	1	  19.110	  -2.645	   3.419
36	  -9.428	1	  42.110	  22.355	  -1.581
37	  -8.994	1	  31.110	  28.355	  25.419
