1	-1124.125	104	  67.512	  10.944	  25.066
2	-993.243	85	  40.107	  -8.792	  -6.198
3	-964.666	83	  52.685	  -8.355	   8.287
4	-877.892	60	  30.664	 -14.142	  -1.420
5	-864.267	78	  42.414	  -4.002	   8.668
6	-620.400	55	  65.353	  19.802	  21.143
7	-617.575	53	  29.894	  -9.699	  12.057
8	-466.696	43	  55.641	   0.810	  10.060
9	-434.526	40	  24.551	 -16.340	 -11.001
10	-427.928	40	  40.658	  -8.781	  14.559
11	-423.281	36	  36.684	 -21.018	  -7.740
12	-398.163	35	  48.086	   4.732	  29.752
13	-380.299	34	  40.527	   1.721	  -0.761
14	-378.972	34	  22.159	 -18.359	  -1.262
15	-372.002	34	  24.432	   0.421	  11.700
16	-347.067	34	  17.115	  -2.694	 -11.272
17	-325.645	28	  48.011	  -1.754	  14.729
18	-324.204	31	  44.740	   4.399	  16.461
19	-313.649	29	  49.232	 -22.724	  16.337
20	-309.428	29	  63.286	  21.313	  28.649
21	-297.765	28	  39.070	  11.576	   3.494
22	-274.704	25	  47.429	  21.063	  23.930
23	-267.938	24	  51.775	 -11.764	  20.103
24	-267.451	18	  49.793	   9.934	  19.195
25	-250.042	24	  52.008	  25.684	  13.729
26	-235.113	22	  45.147	  16.877	  30.649
27	-233.730	22	  26.563	  -4.440	 -19.471
28	-221.766	21	  33.706	  11.047	  13.794
29	-216.366	21	  65.825	  -0.789	  16.381
30	-215.344	20	  38.041	   6.281	   8.946
31	-213.671	21	  44.292	  20.965	  17.717
32	-213.315	20	  56.420	  -7.101	  31.127
33	-192.901	18	  30.778	 -21.706	  17.916
34	-188.397	18	  54.020	  29.463	  27.089
35	-187.317	18	  57.481	  24.293	  38.046
36	-180.010	18	  49.601	   8.150	   7.800
37	-178.212	16	  33.353	  18.439	   6.349
38	-176.398	17	  68.793	   5.008	   7.532
39	-174.710	18	  60.024	  16.938	   1.411
40	-167.052	16	  16.460	  -8.924	   5.800
41	-166.572	16	  44.436	 -23.368	  -7.011
42	-164.723	15	  74.324	  11.393	  20.664
43	-164.091	15	  59.341	   6.183	   5.685
44	-160.604	16	  49.650	  -4.847	  23.168
45	-154.942	13	  71.751	  20.804	  12.086
46	-154.034	14	  29.128	 -11.777	 -18.678
47	-152.117	14	  17.056	 -12.927	  -4.062
48	-147.758	15	  69.908	  13.659	   4.273
49	-141.231	13	  36.612	 -29.825	  12.049
50	-140.973	13	  50.461	 -14.184	  -0.091
51	-140.468	14	  45.935	 -28.612	   0.395
52	-137.119	12	  45.873	  -8.249	  -0.057
53	-126.172	11	  48.881	  19.779	  -0.254
54	-120.337	12	  34.379	   3.371	  15.168
55	-118.211	11	  16.232	   2.305	   3.954
56	-112.925	11	  65.306	  11.917	  34.802
57	-104.627	10	  36.493	 -14.197	  17.783
58	-101.919	10	  67.357	   0.678	  24.990
59	 -99.823	10	  58.652	 -15.296	  21.611
60	 -95.440	10	  62.247	 -16.733	  15.230
61	 -95.344	7	  63.278	  -2.513	  31.102
62	 -89.925	9	  62.036	 -10.931	   9.437
63	 -76.890	8	  30.853	  13.603	  -0.585
64	 -70.983	7	  46.973	   9.554	  38.225
65	 -69.922	6	  33.436	   2.780	 -11.890
66	 -67.144	7	  55.149	   3.255	  38.358
67	 -62.517	6	  24.664	   9.987	  -3.793
68	 -60.244	6	  34.849	 -30.035	   0.683
69	 -59.490	6	  40.558	 -11.211	 -13.272
70	 -58.945	6	  23.827	 -26.873	   7.390
71	 -58.409	6	  37.207	  22.926	  13.224
72	 -52.510	5	  19.094	 -17.591	   7.781
73	 -50.672	5	  62.765	  24.396	  12.241
74	 -47.901	5	  12.149	  -6.803	  -5.018
75	 -44.118	4	  50.132	  16.921	  39.652
76	 -39.117	4	  57.810	 -27.159	  10.374
77	 -38.560	4	  64.561	 -11.408	  26.640
78	 -38.183	4	  21.305	 -18.918	  14.884
79	 -31.677	3	  77.932	   6.037	  13.787
80	 -30.869	3	  78.227	  12.363	   9.277
81	 -29.845	3	  72.282	   2.908	  19.421
82	 -29.317	3	  18.879	  12.231	   5.424
83	 -28.654	3	  29.899	 -22.735	  -3.601
84	 -28.040	3	  25.237	  17.919	  10.096
85	 -20.632	2	  59.009	  11.589	  38.850
86	 -19.818	2	  60.558	 -20.882	   5.399
87	 -18.685	2	  44.019	  26.081	   5.431
88	 -18.613	2	  22.070	  11.589	  12.911
89	 -18.411	2	  46.045	  25.589	  33.886
90	 -18.242	2	  18.069	  -4.411	  14.399
91	 -11.338	1	  43.558	 -29.411	   7.399
92	  -9.909	1	  57.558	  24.589	   3.399
93	  -9.849	1	  37.558	 -18.411	 -15.601
94	  -8.925	1	  18.558	   4.589	  -3.601
