1	-1191.836	100	  18.539	  26.408	  61.705
2	-667.741	48	  20.631	  27.988	  70.514
3	-645.063	56	  25.495	  40.067	  57.015
4	-606.520	56	  27.119	  25.425	  77.071
5	-527.040	45	  17.167	  25.231	  45.417
6	-507.322	45	  16.658	  38.364	  48.027
7	-479.360	46	  -4.923	  25.255	  74.557
8	-445.590	36	  13.204	  36.969	  83.878
9	-418.826	37	  12.685	  48.521	  71.233
10	-380.938	35	  30.861	  28.319	  59.002
11	-380.726	34	  33.205	  24.132	  68.180
12	-366.772	31	   1.293	  46.047	  65.669
13	-355.176	31	  19.767	  45.607	  80.198
14	-340.716	32	  -4.201	  40.582	  70.746
15	-307.127	28	  15.711	  17.835	  66.903
16	-304.165	27	   2.584	  39.015	  79.682
17	-268.155	27	   5.553	  51.829	  57.356
18	-259.727	25	  34.886	  32.413	  85.811
19	-256.103	25	  -2.819	  28.892	  86.630
20	-243.407	23	  -5.236	  41.381	  56.671
21	-238.851	21	   6.377	  17.367	  67.326
22	-220.899	21	  39.356	  29.793	  68.511
23	-212.962	21	   4.778	  26.335	  44.638
24	-212.788	21	  -0.757	  21.171	  59.169
25	-203.566	19	   3.218	  33.032	  90.015
26	-200.268	20	  32.931	  45.782	  64.368
27	-194.338	19	  23.350	  49.384	  67.986
28	-192.511	19	  25.689	  18.081	  68.242
29	-192.108	19	  31.303	  42.419	  88.132
30	-185.255	17	  -6.391	  30.956	  57.414
31	-151.824	15	   9.420	  46.781	  49.517
32	-143.417	13	  20.010	  34.466	  89.607
33	-137.243	13	  39.824	  43.052	  78.742
34	-135.970	13	   3.002	  19.333	  89.302
35	-132.686	12	  38.346	  39.728	  64.573
36	-103.359	10	  -7.697	  32.343	  72.432
37	 -99.383	10	  10.824	  15.780	  57.435
38	 -94.728	9	   1.265	  33.457	  46.578
39	 -92.840	8	  23.718	  45.458	  86.785
40	 -90.796	9	  27.818	  49.766	  76.647
41	 -88.985	9	  10.415	  28.611	  91.184
42	 -84.879	9	  23.363	  25.150	  88.257
43	 -83.813	8	  -1.087	  16.850	  71.625
44	 -83.585	9	  12.000	  14.322	  48.189
45	 -82.449	8	   9.282	  36.776	  47.760
46	 -79.107	7	  20.370	  16.566	  81.187
47	 -67.151	7	  19.415	  51.534	  56.987
48	 -66.516	7	   0.410	  17.677	  82.668
49	 -60.234	6	  11.126	  13.965	  80.398
50	 -55.255	5	  12.278	  19.975	  88.528
51	 -47.798	5	  10.916	  46.994	  81.309
52	 -37.267	4	  26.112	  33.715	  53.236
53	 -36.657	4	  -0.383	  40.481	  49.215
54	 -30.095	3	   3.773	  26.642	  93.969
55	 -28.754	3	  30.434	  18.292	  59.652
56	 -28.291	3	  42.428	  32.292	  77.969
57	 -28.185	3	  22.441	  43.405	  48.370
58	 -22.868	2	  25.666	  37.867	  71.523
59	 -20.485	2	  39.112	  39.430	  88.969
60	 -10.219	1	  12.112	  34.975	  70.969
61	  -9.830	1	  38.112	  48.975	  73.969
62	  -9.493	1	  20.112	  27.975	  78.969
63	  -9.452	1	  -4.888	  48.975	  57.969
