1	-1351.392	111	   6.635	  18.213	  20.459
2	-1152.875	95	  12.014	  34.258	  16.755
3	-922.967	79	  13.139	  25.932	  16.488
4	-670.660	60	  20.369	  22.058	  11.963
5	-492.930	43	   7.529	  30.333	  -5.350
6	-435.660	36	  23.824	  26.469	  17.658
7	-434.374	38	  20.351	  30.756	  23.515
8	-419.174	39	  15.158	  13.824	  19.194
9	-415.155	36	  -3.720	  25.884	  14.769
10	-321.748	28	  24.742	  27.901	  -4.575
11	-305.804	27	  20.672	  35.300	  -5.246
12	-251.549	24	  24.754	  35.463	   9.328
13	-249.067	24	  12.866	  10.622	  10.852
14	-234.764	22	   5.055	  19.291	  -4.238
15	-228.207	19	  18.781	  23.607	  -6.241
16	-201.926	19	  -3.993	  33.098	   9.690
17	-195.164	19	   6.879	  41.706	  20.427
18	-187.607	19	  20.845	  16.545	  -4.957
19	-156.561	15	  16.475	  42.064	  -0.707
20	-146.720	15	   0.759	   9.564	   6.072
21	-146.716	15	  -0.320	  14.853	  -1.347
22	-144.359	14	  10.854	  43.837	  11.959
23	-135.115	13	  13.718	  29.474	  31.125
24	-122.007	12	  -3.462	  24.661	  -1.229
25	-118.166	12	  -4.262	  18.266	   8.403
26	-105.215	7	   7.868	  30.621	  11.198
27	-103.342	10	  -1.847	  36.282	   0.637
28	-100.434	10	  -1.696	  33.298	  23.777
29	-100.208	10	  12.518	  13.687	  32.396
30	 -94.455	9	  20.541	  15.144	   8.959
31	 -88.100	8	  24.269	  19.446	   1.044
32	 -81.817	8	  14.397	   7.933	  28.670
33	 -80.416	8	   6.784	  38.502	  28.848
34	 -80.026	8	  19.143	  39.560	  27.543
35	 -77.768	8	  12.981	  18.289	  -7.016
36	 -74.969	7	   2.763	  41.389	   8.733
37	 -74.954	7	  16.438	   8.408	   1.860
38	 -73.391	7	  27.138	  21.006	  26.216
39	 -72.419	7	   6.374	  20.269	  31.378
40	 -72.206	7	   8.865	  40.289	  -5.508
41	 -40.684	4	  12.636	  31.971	 -11.920
42	 -31.053	3	  25.275	   8.925	  24.226
43	 -30.052	3	  18.724	  23.225	  32.290
44	 -28.790	3	  21.362	   9.561	  32.992
45	 -28.492	3	  18.690	  45.528	  21.648
46	 -27.545	3	   8.035	  10.528	  22.953
47	 -21.075	2	  28.486	  28.528	   4.511
48	 -20.962	2	  24.010	  40.528	   1.548
49	 -19.688	2	  23.539	  44.528	  13.987
50	 -19.077	2	  31.517	  40.519	  19.982
51	 -18.626	2	  -1.990	  39.012	  17.987
52	  -9.422	1	  -0.990	  21.528	  26.987
53	  -9.158	1	  30.010	  34.528	  23.987
54	  -8.917	1	  27.010	  18.528	  16.987
