1	-2096.417	168	  -3.625	   1.449	  31.464
2	-1294.214	106	  22.172	  26.831	  33.298
3	-1014.448	75	  15.662	  28.155	  30.828
4	-1005.838	94	   9.276	  14.730	  25.255
5	-896.328	64	   2.977	   1.481	  30.544
6	-693.783	51	  21.528	  31.446	  27.893
7	-676.535	61	  15.790	   4.640	  23.060
8	-631.252	57	   2.257	  24.551	  22.739
9	-578.454	49	  18.069	  38.457	   8.777
10	-542.313	45	  -0.054	  -8.622	   8.464
11	-512.306	43	  30.477	  20.467	  33.105
12	-423.050	36	   9.411	  18.275	   9.305
13	-396.904	37	   6.474	  39.264	  23.666
14	-391.879	36	   9.467	   8.371	  32.122
15	-387.877	36	  11.710	  -9.357	  23.665
16	-386.993	34	 -16.089	   7.630	  31.898
17	-381.320	38	  16.924	   9.220	   8.454
18	-375.299	28	 -19.195	  -3.534	  33.154
19	-365.020	27	  37.327	  33.224	  33.237
20	-357.764	33	   8.682	  21.542	  32.063
21	-357.610	32	 -17.890	  -0.500	  19.875
22	-354.027	30	   8.594	  11.143	   9.295
23	-337.518	30	  35.651	  30.317	  19.439
24	-335.805	28	  -1.653	   7.493	  42.471
25	-332.383	28	  19.747	  22.342	  42.624
26	-329.361	30	 -10.098	  -1.007	  46.157
27	-327.908	30	  28.217	  31.266	  46.218
28	-296.954	29	   1.955	   1.900	  -3.512
29	-295.372	30	   9.035	  15.468	  47.402
30	-293.651	29	   1.485	  20.157	   7.793
31	-283.347	27	  22.170	  25.455	  -0.713
32	-272.773	24	  34.645	  25.138	  11.924
33	-267.065	25	 -17.106	   3.458	   9.300
34	-265.486	25	  10.613	  -5.332	  39.752
35	-256.864	24	  26.684	   9.413	  22.613
36	-245.837	24	 -17.019	   7.299	  22.325
37	-235.727	19	  -8.039	  10.848	  33.841
38	-234.748	23	  34.490	  21.829	  22.336
39	-233.296	21	   7.936	  35.650	  39.850
40	-218.693	21	  -6.178	   4.026	   0.831
41	-210.615	20	  13.466	  -0.122	   9.507
42	-210.451	20	   4.636	  29.837	   9.565
43	-206.616	20	  15.777	  23.075	  53.448
44	-204.345	20	  14.950	  30.092	  -3.309
45	-203.259	20	  24.820	  22.968	  47.709
46	-190.634	19	  20.089	  51.025	  35.724
47	-187.659	18	  -6.873	 -16.468	  19.173
48	-186.666	17	  -8.655	  20.296	  22.322
49	-184.193	18	  -6.879	   6.807	  47.135
50	-178.984	18	  -1.795	 -20.849	  36.294
51	-172.980	15	  15.434	  17.732	  34.945
52	-172.858	16	  21.259	  32.700	  54.846
53	-170.752	16	  -2.541	  -2.959	  54.953
54	-169.733	15	   2.705	  12.293	  34.982
55	-167.114	16	  21.019	  41.719	  50.573
56	-165.985	16	  32.398	  40.303	  46.085
57	-165.012	16	  28.667	  41.791	  15.660
58	-159.669	16	  10.711	  19.842	   0.968
59	-148.110	14	 -13.909	 -10.643	  46.012
60	-142.575	14	  23.100	  47.168	  19.400
61	-141.663	14	 -14.223	  -6.706	  13.909
62	-139.769	14	  39.119	  25.123	  27.578
63	-139.503	14	   7.497	   9.965	   1.653
64	-136.407	14	   3.254	   4.834	  56.482
65	-135.187	13	  -2.939	 -11.890	  50.570
66	-130.200	10	   8.668	  34.528	  28.797
67	-125.847	12	  10.534	  41.875	  46.020
68	-121.410	12	  13.635	  46.135	  21.524
69	-120.693	12	  -8.252	  -4.182	  -0.395
70	-118.950	12	  26.124	  12.626	   4.348
71	-118.676	12	  -7.741	  17.101	   3.721
72	-110.379	8	   8.935	  -4.663	  28.335
73	-108.646	10	 -13.318	 -12.654	  24.486
74	-103.394	10	   7.720	 -11.698	  46.221
75	-101.802	10	  26.453	  33.795	  -0.378
76	 -97.377	10	   3.625	  27.285	  42.974
77	 -95.495	9	  32.847	  35.183	  13.275
78	 -91.618	8	 -15.689	   8.878	  14.021
79	 -91.448	6	  24.828	  33.947	  16.688
80	 -91.217	9	  35.275	  22.884	   5.120
81	 -88.186	8	   2.070	   8.633	  49.911
82	 -87.150	9	 -10.157	 -21.881	  34.931
83	 -86.646	9	  11.180	   2.456	  52.792
84	 -85.379	5	  -6.695	  -4.289	  16.639
85	 -83.395	7	  31.769	  41.362	  24.473
86	 -80.735	8	  -8.807	 -11.457	  12.551
87	 -79.578	8	  22.638	  18.346	   0.794
88	 -79.059	8	  28.427	  51.657	  35.170
89	 -78.170	8	   5.367	 -15.568	  19.160
90	 -73.443	7	  13.769	   4.361	  44.013
91	 -69.823	7	  20.618	  -2.085	  17.168
92	 -69.806	7	   7.205	  27.359	  53.015
93	 -67.460	4	  13.202	  19.258	  16.280
94	 -64.694	4	   4.865	  10.523	  16.182
95	 -62.773	6	  -2.848	  11.623	   0.886
96	 -59.988	6	  -2.411	  31.883	  17.181
97	 -59.606	6	  -8.466	  22.132	  14.042
98	 -58.800	6	  29.537	  14.877	  12.238
99	 -56.648	6	 -13.940	  -3.440	   4.544
100	 -56.636	6	  32.569	  33.373	   4.013
101	 -52.033	5	   2.427	 -17.987	  25.320
102	 -50.320	5	  26.517	   7.263	  14.978
103	 -40.360	4	  -2.476	  18.168	  31.500
104	 -40.347	4	 -11.400	  14.924	  12.563
105	 -40.284	4	  20.583	  11.663	  31.561
106	 -38.635	4	  13.333	  -3.861	  48.735
107	 -38.296	4	   4.565	  34.394	  48.026
108	 -37.588	4	   3.590	  28.447	  28.314
109	 -36.507	2	  18.068	  37.420	  38.029
110	 -35.097	2	   0.068	  -7.597	  38.029
111	 -32.522	3	  15.364	  -7.405	  11.029
112	 -32.243	3	   2.771	  37.198	  11.029
113	 -30.775	3	  30.369	  21.591	  41.422
114	 -30.714	3	 -12.223	   8.198	  41.437
115	 -30.125	3	  13.059	  37.243	  55.692
116	 -29.614	3	   5.406	  -7.423	  55.691
117	 -28.736	3	  36.396	  42.310	  32.460
118	 -28.407	3	  23.731	  20.560	  56.698
119	 -28.216	3	  31.049	  12.557	  28.710
120	 -28.178	3	  12.416	 -10.013	  32.054
121	 -28.019	3	 -12.947	  17.225	  28.670
122	 -27.994	3	  -5.967	   9.547	  56.362
123	 -19.847	2	 -17.932	 -12.731	  32.200
124	 -19.758	2	  25.546	  47.897	  44.029
125	  -9.821	1	  -6.932	 -18.103	  44.029
126	  -9.162	1	   0.068	  -7.103	  -4.971
127	  -9.065	1	   6.068	  41.897	  32.029
