1	-1298.778	108	 121.412	  47.905	  16.337
2	-760.104	63	 124.419	  25.537	  13.105
3	-755.995	60	  73.252	  17.959	  -7.095
4	-733.419	58	  68.632	  31.710	   6.988
5	-727.203	70	  92.792	  27.986	  21.082
6	-707.536	57	 102.148	  43.119	  11.260
7	-667.657	61	  73.503	  10.086	  -8.407
8	-641.931	60	  97.709	  20.181	  18.692
9	-632.027	56	  75.146	  -0.962	 -10.763
10	-618.885	39	 100.141	  38.843	 -11.280
11	-608.238	51	  78.477	  40.932	   4.590
12	-584.731	49	 119.127	  23.725	  22.553
13	-578.186	52	 111.111	  59.356	   1.653
14	-547.316	42	  70.820	  24.280	  15.023
15	-545.189	49	  96.745	  11.752	 -18.838
16	-533.729	51	 109.021	  14.157	   6.344
17	-501.009	42	 101.083	  61.342	   5.425
18	-484.740	33	  87.653	  20.340	  -1.075
19	-482.125	44	  85.500	  -2.192	  -3.295
20	-476.626	45	 102.879	  52.128	  -8.358
21	-459.096	44	  97.068	  14.453	   2.170
22	-449.653	35	  90.738	  24.769	 -16.522
23	-442.523	38	  88.208	  17.291	 -21.802
24	-430.788	36	 116.586	  24.722	   1.796
25	-426.610	35	 106.792	  65.268	  25.833
26	-422.694	40	  76.566	  20.887	  22.953
27	-408.974	36	 105.988	  55.955	  27.644
28	-398.753	36	  99.141	   1.752	  -5.564
29	-381.592	35	 124.982	  32.072	   1.043
30	-379.298	36	 110.607	  21.299	  29.137
31	-377.619	34	  88.900	  43.735	  14.868
32	-337.130	34	 101.389	  17.582	  -5.248
33	-320.426	31	  97.259	  52.972	   4.189
34	-317.276	28	  68.394	  28.879	  -3.170
35	-315.642	30	 100.254	  23.051	 -18.431
36	-315.529	29	 105.996	  -1.416	 -11.538
37	-312.841	28	 117.943	  59.650	  25.639
38	-311.665	31	  94.351	  17.681	  -3.606
39	-310.969	30	  99.280	  32.066	 -20.546
40	-302.350	27	 119.874	  33.580	  -5.043
41	-300.749	29	  92.592	   9.936	  -0.966
42	-293.991	18	  92.681	  39.246	   0.970
43	-291.064	28	 101.159	  24.367	  27.884
44	-288.504	26	 103.083	  46.022	  24.271
45	-284.798	26	  94.814	  40.470	  22.038
46	-276.975	27	  86.775	  18.353	  22.606
47	-268.384	24	  84.729	   4.739	 -26.857
48	-266.267	26	  99.950	  -3.194	 -20.124
49	-263.294	21	 119.921	  53.499	   7.479
50	-255.701	24	 114.392	  71.094	  10.741
51	-244.867	23	 127.363	  36.355	  10.220
52	-240.491	24	 111.678	  49.857	  31.728
53	-240.362	14	 109.444	  43.433	  14.372
54	-235.667	23	  91.497	  36.228	 -22.105
55	-234.156	18	  99.332	   9.669	  -8.507
56	-232.814	20	  78.829	  40.443	  -9.065
57	-231.376	22	  67.352	  16.211	  18.892
58	-227.946	21	  71.258	  39.237	  -3.058
59	-223.658	20	  76.149	  26.176	 -15.844
60	-222.987	14	  76.758	  14.986	  -0.823
61	-222.694	21	  92.110	 -11.377	 -11.097
62	-219.932	21	  90.440	  64.438	  14.258
63	-219.415	19	  98.049	  71.307	  24.650
64	-216.406	20	  80.386	   1.612	   2.691
65	-209.008	20	  94.516	  55.413	  21.949
66	-207.302	20	  88.326	  10.930	  17.499
67	-203.542	18	 119.119	  66.131	  18.323
68	-202.762	19	  83.871	  29.012	  23.911
69	-201.838	13	 103.572	  27.845	  -2.317
70	-201.043	19	  98.423	  71.266	  13.980
71	-200.437	20	 110.949	  38.935	  34.522
72	-196.735	19	  98.322	  12.250	  11.479
73	-196.070	19	  74.046	  34.295	  -9.235
74	-190.872	18	  98.965	  32.618	  29.805
75	-189.955	18	 119.819	  26.056	  32.655
76	-189.148	18	 110.835	  48.054	 -12.992
77	-177.958	16	  98.102	  -9.814	  -8.247
78	-177.231	18	  83.570	  -9.984	 -16.229
79	-175.298	16	  76.287	   2.949	 -20.227
80	-172.486	16	  82.086	  41.218	  17.242
81	-172.074	12	 108.320	  49.784	   0.326
82	-170.771	17	  76.450	   4.803	  13.087
83	-167.984	16	  74.983	  35.016	  22.221
84	-164.898	15	 112.328	  33.264	 -11.696
85	-159.774	15	 109.654	   5.228	 -18.215
86	-151.558	15	 120.444	  61.944	   6.416
87	-151.433	11	  96.840	  27.700	  12.475
88	-150.227	14	 106.786	  15.303	  22.354
89	-149.592	14	  88.534	  44.986	 -11.220
90	-148.224	14	 106.487	  27.240	 -12.286
91	-147.737	15	 101.778	   6.774	 -21.277
92	-147.109	13	  86.802	   7.941	   6.464
93	-144.756	15	 124.017	  37.448	  33.273
94	-140.794	14	 110.112	  21.243	  -0.437
95	-139.901	14	 122.431	  47.114	  -0.050
96	-136.810	8	  80.809	  15.605	 -14.862
97	-134.447	8	 116.240	  42.837	  19.797
98	-130.374	13	 102.093	  43.767	 -18.501
99	-125.407	12	  93.417	  48.576	  -5.663
100	-116.948	11	 100.626	  67.600	  30.469
101	-111.800	11	 129.453	  41.723	  25.402
102	-107.133	11	  62.348	  15.097	   9.559
103	-105.501	10	  93.645	  44.380	 -19.394
104	-104.397	10	 120.606	  49.386	  31.890
105	 -98.704	10	  61.980	  17.076	   0.001
106	 -94.287	9	  78.411	  12.309	 -24.317
107	 -93.959	9	 108.756	  41.020	 -18.741
108	 -93.619	9	  66.040	   6.571	   8.961
109	 -89.916	9	  75.016	  -4.957	 -23.499
110	 -88.277	9	  71.006	   1.413	  -0.233
111	 -86.863	8	 119.147	  74.112	  21.313
112	 -85.356	9	 128.545	  27.571	  22.057
113	 -83.589	5	 113.210	  39.128	   5.601
114	 -82.047	8	  86.591	  39.052	  24.472
115	 -80.347	8	  90.983	  -1.530	 -25.992
116	 -79.189	5	  98.516	  34.957	  -2.793
117	 -74.671	7	  86.178	  43.881	   5.728
118	 -70.327	4	  82.531	  27.242	  -4.818
119	 -69.843	7	  74.248	  10.524	 -17.718
120	 -69.452	7	  90.912	  66.070	  24.010
121	 -58.744	5	 111.179	  29.934	  34.360
122	 -47.893	5	 110.228	  76.732	  22.018
123	 -45.850	3	  83.979	  14.334	  -7.400
124	 -42.426	4	 122.563	  59.217	  14.283
125	 -40.749	4	  77.610	  35.570	 -18.198
126	 -40.528	4	 130.825	  39.721	  18.831
127	 -37.369	4	  89.626	  54.209	   8.786
128	 -33.194	3	 119.344	  16.257	   5.304
129	 -32.517	3	 113.833	  11.523	  17.633
130	 -29.574	3	 105.687	  66.254	   0.600
131	 -29.032	3	 123.344	  41.616	  -8.063
132	 -28.226	3	  81.660	  26.261	 -23.729
133	 -21.214	2	  90.913	  47.927	  20.600
134	 -19.730	2	  64.344	   7.927	   1.076
135	 -19.639	2	  88.857	  -9.073	 -21.913
136	 -19.060	2	 108.826	  -2.073	 -20.400
137	 -18.755	2	 120.344	  54.891	  -2.436
138	 -16.354	1	 110.344	  61.927	  11.600
139	 -10.271	1	  73.344	  18.927	 -16.400
140	 -10.154	1	 111.344	   7.927	  -9.400
141	  -9.497	1	 107.344	  72.927	   6.600
142	  -9.428	1	 112.344	  71.927	  27.600
143	  -9.395	1	  75.344	   8.927	  19.600
144	  -9.357	1	 125.344	  16.927	  10.600
145	  -8.930	1	  93.344	  10.927	 -27.400
146	  -8.909	1	  67.344	  39.927	  12.600
