1	-1331.907	109	 121.663	  48.251	  16.731
2	-1047.919	96	  95.792	  24.071	  19.651
3	-891.040	67	 104.078	  43.067	  11.988
4	-850.885	70	  73.555	  17.726	  -7.251
5	-722.362	60	 125.106	  25.823	  13.432
6	-719.285	64	  78.648	  41.148	   4.552
7	-717.021	65	  73.689	   9.249	  -8.536
8	-702.185	56	  69.184	  31.995	   7.029
9	-634.820	62	  94.851	  14.868	  -2.761
10	-591.892	43	  88.748	  20.296	  -1.115
11	-580.392	50	  96.510	  11.984	 -19.029
12	-542.364	48	  86.311	  42.231	  16.363
13	-536.721	47	  75.961	  -1.490	 -10.379
14	-519.454	48	 100.830	  16.548	  -5.975
15	-513.066	42	  70.700	  24.426	  14.860
16	-503.696	44	 116.543	  24.267	   1.747
17	-495.850	44	 111.501	  59.777	   2.053
18	-479.179	30	  99.795	  41.056	 -10.288
19	-471.668	41	  88.838	  16.828	 -21.900
20	-459.105	41	 118.769	  59.804	  25.436
21	-457.954	39	 119.835	  23.643	  22.046
22	-452.270	42	 109.105	  13.916	   6.677
23	-449.045	41	 109.430	  63.244	  27.485
24	-422.110	36	 101.396	  61.755	   5.844
25	-397.715	40	  97.699	  12.478	   4.199
26	-381.402	36	 102.440	  52.784	  -7.792
27	-380.806	34	  68.430	  28.856	  -2.836
28	-378.953	30	 119.986	  54.305	   7.334
29	-378.196	28	  90.864	  24.644	 -16.110
30	-368.959	32	  98.497	   1.384	  -5.664
31	-356.423	34	 115.295	  70.373	   9.892
32	-342.315	29	  76.934	  26.471	 -16.317
33	-336.305	32	  68.254	  15.075	  18.940
34	-332.880	31	  76.660	  19.838	  22.860
35	-326.436	31	 110.456	  22.215	  29.735
36	-307.637	30	 126.351	  28.161	   1.886
37	-297.326	18	  92.805	  38.939	   0.928
38	-296.513	28	  99.082	  31.177	 -20.421
39	-295.516	27	  84.793	  30.055	  23.439
40	-294.502	28	  94.484	  48.206	   7.560
41	-293.297	29	 106.407	  -1.312	 -11.540
42	-292.718	26	  78.677	  39.692	  -9.761
43	-287.754	23	 109.146	  51.116	  -1.268
44	-283.671	26	  84.299	   4.118	 -26.926
45	-279.671	25	  80.424	   1.761	   2.686
46	-275.581	27	 111.841	  49.621	  31.582
47	-268.990	26	  82.652	  -5.952	  -6.267
48	-266.251	24	 103.281	  46.142	  24.138
49	-265.550	26	  94.984	  55.790	  22.596
50	-265.105	23	  86.982	  -0.762	  -1.889
51	-257.163	23	 101.345	  24.661	  27.656
52	-256.935	24	  88.125	  11.233	  17.968
53	-254.923	24	 120.432	  26.658	  32.877
54	-252.510	24	  87.286	  18.859	  22.585
55	-249.335	25	  98.329	  54.162	   3.433
56	-244.006	24	  92.187	 -11.437	 -11.531
57	-241.825	24	 120.725	  65.069	  16.630
58	-241.186	24	  99.702	  -3.701	 -19.977
59	-238.428	23	 111.671	  38.823	  34.862
60	-227.823	20	 105.161	  55.218	  27.800
61	-221.120	21	 122.701	  48.011	   0.432
62	-220.449	20	  98.803	  71.960	  25.474
63	-218.956	21	 101.778	  40.540	 -19.910
64	-217.152	14	  76.851	  15.132	  -1.108
65	-216.731	21	  74.393	  34.067	  -9.710
66	-213.402	20	 120.880	  34.308	  -5.854
67	-210.320	20	 109.482	   5.301	 -18.727
68	-205.204	19	  87.549	   7.952	   5.211
69	-200.187	20	  76.500	   4.959	  13.142
70	-194.278	19	  91.759	  65.971	  14.764
71	-193.119	19	  93.013	  35.624	  23.386
72	-192.147	16	 100.871	   9.307	 -10.116
73	-191.560	19	 127.883	  37.121	   8.960
74	-189.677	14	  96.450	  27.955	  12.474
75	-185.226	17	  96.241	  42.376	  21.602
76	-182.794	13	 103.929	  28.241	  -2.282
77	-179.261	16	 105.938	  15.640	  20.712
78	-176.116	10	  80.925	  15.622	 -14.973
79	-175.960	17	  91.704	  36.153	 -22.041
80	-175.643	16	 123.402	  37.166	   0.516
81	-172.199	17	 100.210	  22.924	 -18.154
82	-164.785	16	 110.564	  48.129	 -13.398
83	-164.668	11	 101.286	  34.066	 -12.802
84	-162.012	16	 107.777	  70.473	  27.236
85	-157.835	16	  86.380	  45.439	 -11.997
86	-155.399	15	  97.511	  15.077	  15.612
87	-153.011	15	 106.496	  27.061	 -12.105
88	-152.780	10	 116.349	  42.905	  20.216
89	-143.747	14	  93.359	  43.839	 -19.479
90	-142.278	13	  99.145	  32.624	  29.626
91	-140.678	14	 124.951	  39.229	  32.861
92	-138.217	13	  93.607	  48.671	  -6.215
93	-130.836	12	  70.958	  39.074	  -2.490
94	-130.810	8	  83.092	  27.989	  -4.788
95	-127.095	12	 113.407	  11.580	  17.717
96	-126.567	12	  89.404	  -4.926	 -24.035
97	-124.857	12	 109.197	  41.604	 -18.203
98	-122.886	11	 113.646	  33.042	 -11.637
99	-121.180	12	  83.920	 -10.046	 -16.207
100	-118.884	12	  62.693	  14.974	   9.651
101	-110.422	11	  92.845	  64.952	  26.485
102	-104.006	10	 109.247	  21.318	  -1.389
103	 -98.889	7	  98.768	  34.996	  -2.910
104	 -98.325	10	  98.858	  -9.607	  -8.043
105	 -98.193	10	  62.228	  16.911	  -0.138
106	 -96.187	10	  75.890	  -5.308	 -23.810
107	 -82.891	8	  78.613	  13.377	 -24.369
108	 -81.856	8	  77.072	   3.759	 -24.185
109	 -81.206	8	  66.263	   7.034	   9.435
110	 -80.700	8	 121.381	  50.782	  30.918
111	 -76.908	8	 105.525	  66.221	   1.583
112	 -75.502	7	  86.727	  43.785	   5.571
113	 -72.727	7	 107.807	  75.224	  17.053
114	 -69.629	7	 131.023	  39.822	  21.266
115	 -69.607	7	  72.602	  33.563	  19.408
116	 -69.196	7	  71.057	   2.087	  -0.982
117	 -68.681	7	 101.292	   6.829	 -21.416
118	 -67.994	7	 118.065	  75.043	  21.157
119	 -67.433	6	  78.270	  35.158	  24.700
120	 -65.016	4	 113.605	  39.196	   5.852
121	 -59.547	6	  88.781	  59.071	  11.672
122	 -59.220	6	  97.219	  71.489	  15.372
123	 -54.076	4	  76.060	   1.841	 -17.562
124	 -48.735	5	 127.982	  30.844	  29.017
125	 -48.467	5	 130.605	  32.347	  17.393
126	 -47.482	5	 102.012	  47.333	 -16.633
127	 -44.244	4	 111.393	  30.178	  34.267
128	 -40.540	4	  74.654	  12.352	 -17.954
129	 -40.119	4	 117.078	  27.612	  -5.923
130	 -39.779	4	  87.102	  40.504	  24.571
131	 -38.985	4	 122.429	  43.143	  -8.858
132	 -38.374	4	  95.284	  10.955	 -26.221
133	 -37.767	4	 109.065	   7.934	  -5.122
134	 -36.431	2	  84.190	  14.550	  -7.417
135	 -29.502	3	 119.589	  45.332	  36.231
136	 -29.236	3	 120.605	  17.266	   3.969
137	 -28.418	3	 127.921	  45.607	  26.984
138	 -19.847	2	  77.605	  37.965	 -17.874
139	 -18.991	2	  93.131	   2.439	 -27.891
140	 -18.075	2	  82.604	  35.463	 -23.417
141	 -15.146	1	 110.605	  61.965	  11.583
142	 -13.935	1	 111.605	  49.965	  14.583
143	 -12.052	1	 103.605	  10.965	  14.583
144	 -10.121	1	  80.605	  25.965	 -23.417
145	  -9.725	1	 127.605	  25.965	  21.583
146	  -8.939	1	  74.605	   9.965	  20.583
