1	-970.194	75	  74.079	  17.372	  -6.107
2	-871.157	79	  93.851	  25.208	  19.506
3	-852.035	69	 102.158	  43.263	  11.434
4	-831.615	66	 122.073	  45.809	  14.668
5	-767.922	74	  95.091	  14.264	  -2.266
6	-699.684	55	  68.942	  32.244	   6.816
7	-654.393	58	 111.392	  60.152	   2.320
8	-633.082	58	  73.535	   9.919	  -8.289
9	-627.221	54	 125.046	  25.031	  13.534
10	-618.793	49	  70.525	  24.309	  14.845
11	-607.341	52	  78.416	  40.721	   4.308
12	-577.551	40	  88.012	  20.163	  -1.065
13	-551.097	49	 120.733	  51.549	  19.432
14	-542.329	44	 119.587	  23.911	  22.332
15	-538.847	48	  96.572	  11.770	 -18.976
16	-537.769	53	 100.651	  16.758	  -5.699
17	-521.257	48	 108.775	  14.043	   7.051
18	-517.333	45	 116.290	  24.239	   1.989
19	-497.953	48	  99.399	  18.010	  18.466
20	-467.320	30	  99.679	  41.446	 -10.327
21	-450.374	40	  74.762	   0.572	 -10.221
22	-443.006	42	 102.614	  52.087	  -8.292
23	-431.842	39	 118.504	  59.659	  25.328
24	-414.580	36	 100.983	  61.388	   5.610
25	-411.765	39	  97.289	  54.567	   5.017
26	-409.902	35	  88.933	  16.888	 -21.701
27	-401.832	29	  90.650	  24.249	 -15.417
28	-380.412	34	 102.523	  46.785	  23.511
29	-358.798	33	  95.920	  42.884	  20.639
30	-349.590	30	  76.975	  26.167	 -16.223
31	-342.604	31	  68.423	  28.425	  -2.893
32	-335.667	34	  97.534	  12.733	   4.234
33	-335.198	27	 119.987	  53.609	   7.917
34	-334.870	31	  99.219	   0.988	  -4.930
35	-330.347	32	  98.260	  30.316	 -20.517
36	-322.909	30	  84.093	  29.779	  23.537
37	-318.253	28	  84.844	  41.501	  16.640
38	-317.824	29	 110.992	  22.594	  30.182
39	-314.370	19	  92.598	  39.369	   0.702
40	-314.091	28	  86.579	  -0.435	  -1.890
41	-308.075	24	 108.988	  50.943	  -1.091
42	-306.478	27	  84.531	   3.778	 -26.904
43	-284.659	27	 106.342	  -1.563	 -11.660
44	-282.905	27	 120.138	  26.812	  32.892
45	-281.550	27	  91.514	  46.988	   9.858
46	-275.782	26	  75.987	  24.418	  22.807
47	-273.344	26	  67.651	  16.013	  18.950
48	-269.917	24	 114.445	  70.671	  10.231
49	-265.149	25	 111.599	  49.930	  31.439
50	-263.230	25	 119.733	  66.105	  18.000
51	-262.457	24	  78.182	  16.889	  22.699
52	-255.125	24	  80.525	   1.519	   2.529
53	-251.612	23	  81.935	  -5.249	  -7.259
54	-249.375	15	 109.470	  43.502	  14.433
55	-245.092	23	  78.817	  41.057	  -8.874
56	-243.648	23	 101.595	  24.575	  28.370
57	-234.592	22	  94.286	  53.913	  20.835
58	-230.459	22	 127.563	  36.789	  10.329
59	-228.788	22	 126.047	  28.152	   2.192
60	-222.989	21	 105.068	  55.658	  27.875
61	-221.245	20	 124.315	  35.543	   0.508
62	-214.187	21	 106.972	  27.482	 -12.674
63	-214.101	14	 103.766	  28.235	  -2.011
64	-213.976	21	  99.998	  -3.036	 -19.934
65	-213.141	20	 120.759	  34.858	  -5.546
66	-212.763	21	  93.043	  35.178	  23.380
67	-207.444	19	  87.671	   7.915	   5.129
68	-201.098	19	  86.713	  19.048	  23.027
69	-200.760	11	  80.944	  15.642	 -14.924
70	-195.808	19	  76.834	   5.261	  12.931
71	-192.885	18	  92.480	 -11.438	 -11.396
72	-191.477	18	  71.451	  38.954	  -3.601
73	-191.419	18	 110.684	  48.087	 -12.831
74	-191.320	18	  88.595	  -9.169	 -20.257
75	-190.824	12	 101.094	  34.601	 -12.894
76	-189.655	19	  95.128	  69.936	  14.239
77	-188.077	18	  91.418	  36.221	 -22.009
78	-186.572	18	  88.842	  11.250	  17.699
79	-186.119	17	 122.600	  47.464	   0.358
80	-186.111	18	 112.241	  39.794	  35.125
81	-176.171	17	 108.977	  60.985	  30.085
82	-171.605	12	  96.938	  27.780	  11.914
83	-168.956	16	 100.873	  22.884	 -17.911
84	-167.497	16	 109.579	   5.490	 -18.065
85	-164.932	10	 116.874	  43.121	  19.416
86	-159.916	15	  88.495	  44.944	 -11.338
87	-153.638	14	 107.802	  16.241	  24.235
88	-142.623	13	  98.940	  -9.762	  -9.012
89	-139.609	9	  83.024	  27.956	  -4.856
90	-132.987	13	  93.303	  48.342	  -4.856
91	-132.695	13	  74.174	  34.180	  -9.258
92	-131.817	13	 107.750	  72.013	  26.985
93	-124.028	12	  91.900	  65.643	  24.813
94	-121.336	12	  85.539	  43.133	   6.229
95	-116.295	12	  70.914	   2.311	  -0.666
96	-116.216	11	 124.809	  39.162	  32.792
97	-115.859	12	  62.718	  12.535	   1.466
98	-115.596	12	  82.928	  -9.685	 -14.595
99	-111.395	10	 111.489	  30.367	  34.813
100	-111.330	11	 101.368	  44.484	 -18.432
101	-109.395	10	 113.733	  33.149	 -11.229
102	-109.376	11	 108.957	  21.360	  -1.725
103	-105.234	9	  75.508	   2.100	 -17.875
104	-101.288	10	  77.373	   4.834	 -24.048
105	-100.191	10	  97.682	  71.552	  24.072
106	 -99.322	10	 110.048	  41.276	 -17.500
107	 -98.196	10	 120.902	  60.952	   5.198
108	 -97.040	10	  88.915	  60.012	  13.598
109	 -91.253	9	 120.994	  49.253	  31.833
110	 -89.052	9	  72.201	  33.932	  19.151
111	 -88.181	9	  77.099	  -6.315	 -23.951
112	 -86.845	9	 100.801	   6.743	 -21.725
113	 -84.116	6	  99.030	  35.125	  -2.770
114	 -81.195	8	  78.621	  13.017	 -24.356
115	 -80.774	8	 106.041	  66.265	   1.714
116	 -76.541	5	 113.357	  39.160	   5.610
117	 -70.582	7	 110.780	  11.402	  19.456
118	 -68.861	7	 118.310	  75.015	  21.766
119	 -65.398	6	  98.518	  32.133	  29.097
120	 -65.102	6	  78.163	  35.126	  24.902
121	 -63.989	6	 128.648	  30.041	  28.276
122	 -62.732	6	  66.347	   5.583	   8.704
123	 -60.379	6	 118.762	  16.308	   4.988
124	 -57.825	6	 122.658	  59.456	  13.612
125	 -56.951	6	  78.147	  36.672	 -18.572
126	 -56.850	6	  87.157	  40.957	  24.270
127	 -49.585	5	  61.492	  18.167	  11.184
128	 -49.006	5	  74.715	  11.135	 -18.580
129	 -44.289	3	  84.170	  14.385	  -7.397
130	 -39.155	4	 131.240	  41.242	  18.847
131	 -37.826	4	  93.746	  -1.704	 -24.933
132	 -37.768	4	 127.736	  45.698	  27.411
133	 -37.730	4	  73.492	  18.960	 -16.891
134	 -36.477	4	 128.992	  26.715	  20.334
135	 -31.832	3	 107.506	  75.267	  16.087
136	 -29.415	3	  93.445	  44.643	 -19.365
137	 -20.710	2	  63.036	  18.970	  -3.397
138	 -20.295	2	 123.492	  41.970	  -7.903
139	 -18.879	2	  82.469	  26.958	 -23.891
140	 -18.429	2	 107.492	  72.970	   6.099
141	 -18.200	2	  94.461	  10.478	 -26.412
142	 -10.823	1	 103.492	  10.970	  14.603
143	  -9.852	1	 111.492	   7.970	  -9.397
144	  -9.567	1	 119.492	  46.970	 -12.397
145	  -9.493	1	 120.492	  53.970	  -3.397
146	  -9.371	1	  62.492	  25.970	   8.603
