1	-1052.700	82	 121.215	  45.988	  15.293
2	-1018.205	86	  73.139	  16.721	  -7.681
3	-924.531	85	  93.734	  24.822	  19.301
4	-695.201	66	  94.762	  14.346	  -2.517
5	-673.699	53	  68.724	  31.759	   6.812
6	-639.896	58	 110.562	  60.766	   2.223
7	-580.712	50	 107.112	  64.586	  26.568
8	-576.734	52	  96.495	  11.858	 -18.799
9	-570.593	52	 100.465	  15.290	  -6.151
10	-556.857	45	  99.783	  44.288	  12.362
11	-543.518	46	 124.781	  25.301	  13.718
12	-542.806	44	 119.219	  23.663	  22.246
13	-534.735	47	 116.743	  23.497	   2.124
14	-527.036	47	  73.516	   7.849	  -7.466
15	-520.214	36	  87.493	  20.099	  -1.033
16	-508.637	43	  78.882	  40.139	   3.458
17	-493.612	42	  75.550	  -1.269	 -10.254
18	-487.870	44	 108.379	  14.159	   6.531
19	-481.193	34	 106.488	  41.427	  12.251
20	-472.796	37	  70.593	  24.333	  14.773
21	-437.388	38	  88.425	  16.920	 -21.661
22	-428.130	39	  76.544	  20.919	  23.032
23	-394.400	36	 118.426	  59.293	  25.091
24	-388.923	33	  88.920	  42.253	  15.742
25	-383.423	34	  99.096	   1.653	  -5.366
26	-381.475	34	 120.417	  51.400	  20.820
27	-380.546	35	 124.808	  31.817	   1.122
28	-368.550	24	  99.306	  41.780	  -9.797
29	-356.413	27	  90.308	  24.511	 -16.169
30	-355.234	30	  76.481	  25.766	 -16.051
31	-353.791	34	 103.799	  50.529	 -10.272
32	-350.475	33	  94.549	  39.802	  22.388
33	-350.327	35	  97.406	  54.394	   4.225
34	-347.404	32	 105.801	  -1.659	 -11.634
35	-346.201	28	 101.552	  60.906	   5.651
36	-339.405	33	 120.525	  27.328	  32.803
37	-337.559	30	 102.576	  46.477	  23.660
38	-335.367	26	 108.619	  50.738	  -1.255
39	-325.997	30	 106.629	  56.213	  28.374
40	-325.151	20	  92.524	  39.273	   0.881
41	-324.304	31	  96.854	  12.801	   3.602
42	-318.748	29	 110.706	  22.270	  30.015
43	-315.543	28	  68.129	  28.391	  -2.794
44	-300.411	29	  98.803	  30.100	 -20.593
45	-294.471	28	  83.588	  28.199	  24.015
46	-289.056	26	  80.375	   1.719	   2.748
47	-281.164	27	 100.282	  19.480	  20.298
48	-273.947	24	  86.269	  -0.518	  -1.954
49	-271.685	26	 121.918	  55.786	   6.099
50	-266.929	26	 101.548	  24.397	  28.259
51	-248.968	23	 113.953	  70.772	  10.430
52	-245.421	23	  67.501	  16.150	  19.074
53	-243.147	15	 100.704	  35.183	 -13.144
54	-238.562	23	  90.026	  45.791	   7.317
55	-233.604	22	  94.281	  53.956	  21.173
56	-229.293	22	 127.298	  36.742	   9.892
57	-229.152	20	 120.412	  34.504	  -4.970
58	-227.755	21	 122.312	  47.024	   0.331
59	-227.054	22	  74.196	  33.892	  -9.323
60	-225.106	22	 100.077	  -2.030	 -20.205
61	-219.962	20	  78.680	  40.419	  -8.941
62	-217.519	21	 111.008	  49.739	  31.140
63	-214.857	20	  71.291	  38.952	  -3.368
64	-212.514	20	 100.139	  71.608	  25.900
65	-211.717	20	 119.191	  66.605	  16.536
66	-210.256	20	  87.464	   7.707	   5.132
67	-210.188	20	 100.206	  54.505	  -4.252
68	-207.437	20	  91.999	 -11.604	 -12.075
69	-206.093	19	  84.241	   4.060	 -27.065
70	-193.780	19	  89.996	  11.865	  17.941
71	-193.293	18	 107.957	  15.931	  23.778
72	-192.831	19	  83.236	  -6.186	  -6.325
73	-190.359	18	  86.048	  18.070	  22.898
74	-188.414	12	 103.385	  27.541	  -2.595
75	-187.351	19	  89.510	  62.217	  14.778
76	-184.546	18	  96.536	  69.839	  13.155
77	-182.971	18	  64.901	   9.327	   9.243
78	-179.377	18	 108.987	  21.315	  -1.742
79	-177.810	18	  97.844	  14.234	  15.406
80	-166.548	16	  91.179	  35.931	 -22.170
81	-166.389	16	 110.984	  47.569	 -13.323
82	-166.030	15	  88.097	  44.807	 -11.509
83	-165.145	16	 111.973	  38.757	  35.016
84	-158.696	15	  82.113	  41.132	  17.186
85	-158.564	14	 113.181	  32.780	 -11.280
86	-154.779	15	 107.047	  27.443	 -12.311
87	-146.014	14	  93.453	  48.749	  -6.267
88	-142.093	14	  75.670	   4.818	  13.409
89	-141.548	8	  80.702	  15.556	 -14.832
90	-140.621	13	 109.659	   5.436	 -17.695
91	-139.645	14	  83.879	 -10.130	 -15.905
92	-136.580	9	  76.358	  14.973	  -0.574
93	-133.129	13	  92.461	  65.365	  25.670
94	-131.669	13	  78.485	   8.277	 -24.689
95	-130.286	13	 101.412	  44.268	 -18.328
96	-128.197	11	 111.092	  30.040	  34.579
97	-122.048	12	 100.862	  21.609	 -16.247
98	-118.770	9	  97.062	  27.296	  13.038
99	-117.961	12	 109.497	  40.451	 -17.979
100	-117.912	7	  82.679	  27.748	  -4.825
101	-115.585	11	  98.740	  31.809	  29.604
102	-112.126	11	 120.552	  49.799	  31.777
103	-104.180	8	  75.597	   1.015	 -17.693
104	 -99.832	10	 100.940	   6.796	 -21.313
105	 -96.040	9	  74.589	  43.317	   8.729
106	 -94.340	9	  98.671	  -9.982	  -8.711
107	 -87.291	9	  76.466	  -5.970	 -23.963
108	 -87.245	8	 124.962	  18.893	   9.798
109	 -86.632	8	  77.770	  35.261	  24.578
110	 -84.936	9	  61.244	  18.243	   8.177
111	 -83.426	8	 124.753	  38.291	  32.559
112	 -83.070	8	 113.450	  11.480	  17.268
113	 -81.042	5	  98.754	  34.734	  -2.838
114	 -76.348	8	  93.085	  -7.818	 -20.802
115	 -76.020	8	  92.509	  30.416	  24.615
116	 -71.206	6	 121.071	  58.928	  12.867
117	 -70.742	7	 110.348	  75.204	  15.292
118	 -70.135	7	  84.417	   8.378	  15.701
119	 -69.058	7	  62.136	  16.728	  -1.737
120	 -68.892	7	  93.081	  43.814	 -19.734
121	 -67.609	7	  86.198	  40.395	  24.273
122	 -66.008	7	  70.673	   2.215	  -1.099
123	 -64.544	4	 113.417	  38.998	   6.120
124	 -60.006	6	  72.389	  33.927	  18.910
125	 -59.667	6	  74.972	  17.745	 -19.473
126	 -55.987	6	 116.089	  76.127	  21.086
127	 -51.209	5	 130.433	  39.334	  20.825
128	 -50.224	5	 123.041	  41.599	  -7.398
129	 -40.552	4	  74.534	  10.784	 -18.407
130	 -40.356	4	 128.697	  27.023	  20.194
131	 -39.809	4	 129.009	  29.626	  27.316
132	 -38.925	3	  84.165	  14.714	  -7.407
133	 -38.836	4	  77.514	  35.416	 -18.218
134	 -38.438	4	 127.483	  44.794	  28.863
135	 -37.436	3	 110.601	  61.109	  11.593
136	 -30.639	2	 112.663	  51.212	  12.820
137	 -29.526	3	  64.551	   8.100	   0.625
138	 -19.204	2	  80.244	  26.265	 -23.407
139	 -18.966	2	 116.244	  25.793	  -5.916
140	 -18.955	2	 107.759	  -1.207	 -21.892
141	 -18.864	2	 106.745	   5.294	  -3.407
142	 -13.148	1	  71.244	  14.793	  11.593
143	  -9.913	1	  93.244	   1.793	 -27.407
144	  -9.804	1	 120.244	  53.793	  -3.407
145	  -9.688	1	 119.244	  46.793	 -12.407
146	  -9.462	1	 111.244	   7.793	  -9.407
147	  -9.329	1	 100.244	  65.793	  33.593
148	  -9.255	1	 107.244	  72.793	   6.593
149	  -9.141	1	 106.244	  59.793	  -4.407
