1	-1177.525	99	  93.267	  90.935	  63.880
2	-773.893	70	  87.347	  97.405	  71.181
3	-716.202	65	 104.012	 100.114	  52.615
4	-689.910	58	  80.447	 101.631	  38.420
5	-677.896	63	  76.809	  87.720	  35.482
6	-519.362	45	  88.901	  77.193	  73.963
7	-445.110	38	  91.226	 101.464	  39.323
8	-436.585	42	  73.067	  95.745	  75.962
9	-421.703	36	  80.539	  77.642	  81.046
10	-417.588	36	  72.351	  87.812	  44.438
11	-416.650	37	  98.360	  80.370	  67.534
12	-394.182	38	  79.270	 110.705	  67.753
13	-376.622	35	  68.259	  96.499	  45.779
14	-366.365	32	  65.343	 105.737	  57.661
15	-364.001	33	  91.206	  91.724	  33.823
16	-361.836	33	  90.636	  88.881	  71.014
17	-347.460	30	  90.385	 110.494	  46.194
18	-314.583	27	  96.952	 106.791	  67.964
19	-309.236	28	  95.966	 116.145	  57.945
20	-273.735	26	  66.584	  84.820	  74.274
21	-264.982	26	 108.424	  93.238	  57.901
22	-233.005	22	  68.578	  84.510	  52.215
23	-225.748	22	  88.132	  74.574	  39.135
24	-221.068	21	  82.496	  71.770	  69.431
25	-218.206	20	 103.346	  96.401	  41.389
26	-215.113	21	  88.125	  71.801	  54.279
27	-200.280	20	 103.169	  82.762	  42.800
28	-194.005	20	  77.278	  78.081	  42.523
29	-192.921	18	  92.920	  80.670	  35.944
30	-190.504	18	  88.431	  87.293	  80.930
31	-158.177	15	  76.247	  75.198	  53.694
32	-157.869	16	  69.840	 109.826	  45.679
33	-152.145	15	  83.109	  75.063	  47.093
34	-143.498	15	  84.742	 121.068	  53.592
35	-140.941	12	  66.431	  92.674	  59.510
36	-138.305	13	  66.683	  84.033	  61.992
37	-134.478	13	  71.311	  80.816	  82.313
38	-127.289	12	  88.859	  72.269	  65.091
39	-126.362	12	  94.280	  74.986	  56.081
40	-123.749	12	 103.931	  77.382	  56.655
41	-117.516	12	  70.726	  73.294	  66.966
42	-109.736	11	  65.542	  93.677	  67.836
43	 -99.940	10	  80.786	  86.319	  86.655
44	 -94.639	9	  97.709	 108.505	  45.414
45	 -92.017	9	 107.004	  83.459	  52.519
46	 -91.684	9	  73.477	  73.234	  74.773
47	 -87.582	9	 100.209	  73.957	  46.448
48	 -80.431	8	 102.230	 110.501	  56.040
49	 -79.594	7	  88.881	 114.163	  71.489
50	 -76.943	8	  71.350	 102.988	  38.426
51	 -74.374	5	  82.873	  88.962	  44.502
52	 -67.161	7	  83.748	  86.274	  31.106
53	 -66.561	7	  79.752	 117.922	  61.898
54	 -63.984	4	  83.471	 101.058	  61.511
55	 -63.220	6	  79.263	  70.206	  61.498
56	 -61.840	6	  84.573	 109.691	  40.998
57	 -57.305	4	  77.139	  85.238	  62.889
58	 -50.710	5	  76.934	 112.279	  42.810
59	 -48.340	5	  89.734	 120.202	  63.466
60	 -39.773	4	  71.785	 114.992	  58.323
61	 -37.826	4	  67.463	 103.790	  68.916
62	 -37.513	4	 101.975	  92.220	  66.491
63	 -35.913	3	  94.493	  92.751	  55.963
64	 -29.883	3	  96.120	 114.868	  66.342
65	 -27.174	3	  94.418	 117.498	  49.115
66	 -14.039	1	  84.748	 106.496	  55.781
67	 -13.179	1	  89.748	  92.496	  46.781
68	 -11.669	1	  76.748	  99.496	  51.781
69	 -10.931	1	  62.748	 107.496	  46.781
70	 -10.198	1	 100.748	  93.496	  33.781
71	 -10.189	1	  77.748	  92.496	  82.781
