1	-1004.041	87	  38.743	   1.088	  59.241
2	-729.688	61	  41.588	   6.946	  57.101
3	-712.573	65	  23.248	  18.191	  64.903
4	-702.296	62	  58.257	  19.059	  65.168
5	-646.649	53	  46.148	   0.074	  58.957
6	-633.856	59	  37.198	  15.658	  48.845
7	-589.117	54	  57.287	  -2.523	  55.692
8	-538.148	47	  45.310	 -12.932	  76.970
9	-472.819	44	  48.878	  25.730	  43.203
10	-404.067	36	  26.789	  -9.934	  58.182
11	-392.308	33	  37.626	 -15.438	  76.796
12	-390.933	34	  18.785	  11.696	  69.655
13	-378.977	35	  44.407	  -0.119	  73.610
14	-370.200	33	  23.849	 -14.933	  66.833
15	-369.958	34	  15.250	  -6.337	  54.860
16	-366.142	34	  34.440	  -9.545	  57.623
17	-353.288	33	  33.211	   8.297	  70.693
18	-348.295	32	  46.610	  13.214	  68.919
19	-346.471	34	  46.779	  32.198	  55.583
20	-329.233	30	  13.458	  -9.326	  65.940
21	-310.524	28	  23.015	  19.025	  50.343
22	-307.796	29	  59.421	 -17.097	  58.644
23	-307.572	27	  35.619	 -21.618	  64.867
24	-299.145	26	  36.885	  28.478	  51.051
25	-294.411	28	  63.149	 -13.753	  72.434
26	-283.339	25	  66.461	   8.601	  53.746
27	-273.354	24	  57.565	 -25.499	  70.497
28	-253.761	23	   7.252	   4.221	  58.934
29	-247.423	23	  13.065	  -3.149	  67.974
30	-245.453	23	  60.606	  30.482	  50.211
31	-237.251	23	  67.726	   0.319	  58.040
32	-212.965	21	  28.270	   1.137	  74.480
33	-203.979	18	  52.169	 -15.879	  81.291
34	-189.330	16	  64.060	  13.922	  66.326
35	-181.286	17	  67.222	 -12.747	  67.490
36	-177.284	17	  44.816	 -17.238	  87.811
37	-165.587	15	  53.158	   2.629	  72.022
38	-159.690	15	  29.767	  26.602	  59.904
39	-158.190	16	  66.562	 -17.840	  59.672
40	-153.316	15	  49.587	 -27.713	  79.887
41	-143.179	12	  39.819	  18.063	  65.594
42	-136.949	13	  72.463	  22.160	  68.807
43	-135.006	13	  69.064	  28.986	  60.879
44	-132.958	13	   7.066	  17.165	  65.636
45	-126.298	12	  11.886	  23.541	  60.104
46	-123.523	12	  29.850	  25.466	  49.704
47	-121.770	12	  11.722	  18.147	  52.031
48	-120.509	12	  38.534	  23.879	  43.633
49	-120.011	11	  28.107	 -14.303	  74.007
50	-118.553	12	  45.898	 -30.416	  68.301
51	-115.880	11	  36.623	 -26.359	  72.168
52	-115.437	8	  65.986	  -5.075	  62.894
53	-111.102	11	  57.505	  29.238	  66.041
54	-102.626	10	  71.494	  14.460	  57.190
55	-100.858	10	  66.718	   5.049	  67.327
56	 -98.388	10	  54.941	  14.036	  45.122
57	 -96.183	9	  64.148	  26.775	  71.045
58	 -95.222	9	  37.590	 -23.428	  85.585
59	 -92.953	9	  13.375	  26.616	  67.802
60	 -91.933	9	  20.073	  23.818	  55.416
61	 -83.823	8	  39.777	 -27.574	  79.450
62	 -81.296	8	  20.246	   2.274	  49.911
63	 -68.075	5	  40.964	   5.992	  67.908
64	 -67.472	5	  46.034	 -18.227	  70.452
65	 -65.563	6	  73.329	  20.824	  61.395
66	 -63.550	6	  48.329	 -18.684	  57.271
67	 -62.892	6	  70.158	  21.144	  49.866
68	 -62.742	6	  16.506	  18.324	  74.698
69	 -62.593	6	  59.303	  33.007	  57.236
70	 -60.537	6	  38.355	  29.131	  61.737
71	 -60.031	6	  25.149	 -17.218	  58.682
72	 -60.012	6	  56.249	  -3.148	  76.519
73	 -59.132	6	  50.347	   2.950	  51.477
74	 -58.055	6	  45.059	  25.137	  66.750
75	 -57.608	6	  15.582	 -15.035	  59.270
76	 -52.876	3	  34.247	   1.127	  66.411
77	 -47.832	3	  59.531	  18.913	  57.143
78	 -40.619	4	  50.276	  -8.292	  53.737
79	 -39.114	4	  32.760	   5.648	  49.477
80	 -38.121	4	  62.644	  24.168	  46.309
81	 -33.230	2	  18.531	  11.161	  60.193
82	 -31.898	3	  45.900	  10.866	  46.737
83	 -29.541	3	   7.531	   7.080	  67.371
84	 -28.709	3	  28.845	  -1.839	  51.111
85	 -28.165	3	  59.873	 -17.164	  79.399
86	 -27.935	3	  40.186	 -19.190	  56.747
87	 -27.836	3	  26.137	  -6.839	  75.381
88	 -27.805	3	  12.237	   2.127	  74.098
89	 -27.594	3	  13.857	   7.153	  48.411
90	 -27.148	3	  47.522	 -26.501	  59.737
91	 -20.361	2	  62.996	  -1.304	  73.202
92	 -18.354	2	   8.531	  10.161	  53.238
93	 -13.008	1	  30.531	  17.161	  55.737
94	  -9.460	1	  62.531	  17.161	  43.737
95	  -9.376	1	  19.531	  27.161	  62.737
96	  -9.268	1	  38.531	  -4.839	  78.737
97	  -9.204	1	  31.531	  17.161	  70.737
