1	-1461.816	128	  18.339	  25.176	  23.299
2	-439.396	38	   3.632	  22.041	  16.167
3	-439.180	40	  12.201	  16.733	  43.652
4	-368.139	36	  12.303	  32.127	  27.598
5	-351.810	34	  20.128	  28.887	  15.194
6	-342.471	31	  31.056	  25.510	  27.900
7	-246.193	21	   0.683	  21.995	  24.862
8	-236.825	23	  11.903	  26.169	  10.257
9	-220.281	20	  18.667	   8.581	  39.072
10	-218.624	21	   5.293	  29.184	  35.287
11	-206.790	17	  27.078	  27.869	  34.135
12	-195.364	19	  26.296	  16.843	  15.845
13	-195.166	17	   3.910	  14.627	  29.246
14	-163.940	16	  17.115	  20.741	   5.769
15	-158.794	16	   3.244	  20.308	  39.625
16	-153.325	15	  31.154	  15.585	  23.593
17	-119.453	11	  15.442	  26.817	  42.812
18	-116.371	12	  19.911	   9.404	  16.928
19	 -92.303	9	  -1.012	  28.133	  17.354
20	 -77.982	8	  29.562	  12.513	  37.843
21	 -73.883	6	  12.983	  20.525	  20.556
22	 -70.120	7	   9.595	  12.703	  20.315
23	 -64.157	6	  25.634	  35.104	  24.040
24	 -62.673	6	   6.917	  31.096	  14.443
25	 -56.835	4	  20.512	  20.650	  29.428
26	 -51.595	5	  24.304	   6.930	  31.012
27	 -40.944	4	  27.869	  21.211	  41.007
28	 -38.760	4	  31.491	  28.744	  17.831
29	 -28.573	3	  28.845	  26.962	   6.015
30	 -28.496	3	  15.849	   9.283	  27.660
31	 -21.275	2	  30.512	  22.964	  12.811
32	 -19.018	2	   5.512	   9.443	  37.820
33	  -8.968	1	  -1.488	  22.964	  32.341
