1	-1665.579	144	   0.602	  17.727	  19.649
2	-1613.397	142	   1.698	  46.548	  15.506
3	-904.293	80	   8.426	  53.403	  38.648
4	-889.029	69	  13.481	  17.614	  25.695
5	-887.276	68	  15.635	  46.825	  16.451
6	-826.636	65	  13.574	  32.141	  20.909
7	-765.521	63	   3.466	  42.019	  40.308
8	-756.867	64	  -9.699	  61.293	  27.640
9	-748.340	61	  14.520	  22.815	  -0.969
10	-722.266	61	  -3.250	   2.771	   3.736
11	-664.706	50	  -0.480	  66.042	  29.533
12	-632.305	48	   6.038	  -1.712	   6.329
13	-593.783	51	  19.166	  10.068	   4.516
14	-583.668	49	 -10.411	  22.081	  13.102
15	-566.523	50	   5.587	  14.321	  -5.568
16	-505.902	44	  -6.448	  49.464	  40.044
17	-500.514	45	  -4.459	  54.424	  10.964
18	-482.669	41	 -11.956	  41.691	  15.589
19	-476.842	44	   2.314	  30.247	  36.786
20	-409.988	38	  -8.078	  29.487	   7.618
21	-400.319	35	  10.975	  33.882	   1.161
22	-390.609	29	   9.233	  24.658	  30.533
23	-387.547	27	  14.076	  39.935	  10.508
24	-362.718	33	  -9.985	  10.511	  19.157
25	-352.439	32	 -11.822	  34.993	  21.559
26	-287.450	28	 -15.500	  35.780	  41.212
27	-286.383	26	  14.834	  12.612	  -1.128
28	-278.633	26	  12.467	  64.835	  11.354
29	-275.498	26	  -1.410	  27.907	 -11.258
30	-260.387	24	  26.355	  25.938	  11.811
31	-259.435	25	   5.055	  61.416	  35.288
32	-252.584	23	  20.494	  38.290	  34.743
33	-250.381	23	 -19.436	  38.890	  29.610
34	-239.679	22	  -1.840	   9.216	  33.580
35	-235.197	22	 -11.094	  25.111	  -3.022
36	-228.284	21	  20.682	  53.531	  36.461
37	-220.254	20	  11.473	   8.376	  32.176
38	-209.258	19	   6.084	  53.257	   0.513
39	-208.860	20	  -7.126	   8.793	  -2.832
40	-200.271	19	  18.429	  37.405	  17.763
41	-199.255	19	  -0.394	  22.242	  38.559
42	-196.707	19	  19.041	  -2.286	   9.770
43	-196.231	18	  27.395	  11.864	  10.308
44	-187.089	18	  13.206	  34.508	  37.799
45	-183.768	17	  -3.384	  10.406	  22.818
46	-181.155	16	  16.523	  26.706	  26.145
47	-180.234	17	   9.787	  41.642	  -1.928
48	-178.321	17	  12.390	   3.810	   3.245
49	-173.786	17	 -15.541	  55.287	  32.379
50	-171.672	16	  24.945	  48.051	  25.220
51	-170.678	17	 -14.077	  25.919	  31.946
52	-166.265	16	   8.382	  -0.369	  28.433
53	-164.803	14	  -5.119	  43.584	  19.180
54	-164.777	16	 -14.802	  59.457	  19.896
55	-160.438	15	  21.787	  29.999	   6.170
56	-158.797	16	  12.756	  50.702	   4.295
57	-154.063	15	  17.471	  56.082	  10.841
58	-148.381	15	   0.241	  -7.232	  13.542
59	-148.211	15	 -15.434	  43.141	  45.316
60	-147.508	14	 -11.705	   5.149	   8.055
61	-143.061	14	  12.842	  67.985	  32.677
62	-142.027	14	   7.978	  29.388	  -7.293
63	-140.418	13	  25.606	  16.475	  22.663
64	-134.724	13	  -5.444	  33.983	  42.550
65	-132.748	13	   4.558	  13.098	  34.978
66	-131.014	13	  -1.775	  71.405	  20.150
67	-127.597	12	   7.655	  58.901	   5.385
68	-125.297	12	   6.654	  72.336	  28.145
69	-123.123	12	   3.749	   3.543	  -3.212
70	-121.843	12	  10.790	  -8.012	  10.143
71	-120.085	12	 -14.609	  15.905	  -3.792
72	-118.613	12	  16.565	  -4.423	  19.936
73	-113.390	7	  -0.883	  32.046	  16.874
74	-111.075	11	  -9.419	  15.851	  27.922
75	-110.782	11	  15.010	  68.744	  21.690
76	-109.623	11	 -11.030	  50.033	   8.810
77	-107.945	10	   8.058	  20.855	  -7.903
78	-106.664	10	  -8.095	  17.962	 -13.720
79	-105.350	10	  -3.281	  48.247	   3.262
80	-104.781	10	  -3.194	  39.680	  -2.769
81	-101.971	10	  -4.581	  41.852	  43.433
82	 -96.673	10	  -0.925	  19.146	 -15.237
83	 -95.128	9	 -23.077	  48.163	  29.319
84	 -84.766	9	  -8.338	  36.200	   0.218
85	 -74.217	6	 -21.657	  47.057	  40.529
86	 -68.381	7	   5.175	  69.396	  15.344
87	 -66.724	7	 -16.428	  12.418	   5.565
88	 -64.592	6	  -9.053	  57.778	  38.700
89	 -61.468	6	  -2.992	  61.538	  37.449
90	 -61.375	6	  -7.160	  67.978	  32.782
91	 -59.139	6	 -14.908	  24.086	  19.409
92	 -58.196	6	  22.523	  61.713	  21.931
93	 -58.126	6	 -11.908	  40.795	   8.241
94	 -57.753	6	  20.724	  32.224	  22.571
95	 -57.616	6	  26.506	  23.318	  22.203
96	 -53.715	5	   4.657	  -4.872	  23.127
97	 -51.687	5	  -9.419	  66.773	  18.608
98	 -51.006	5	  24.374	   1.150	  17.799
99	 -50.983	5	   1.600	  -3.691	   0.256
100	 -50.056	5	   2.164	  41.529	  -6.728
101	 -47.439	5	  25.596	  15.960	   4.068
102	 -46.966	5	  22.362	   3.093	  24.637
103	 -41.993	4	 -20.173	  51.636	  20.011
104	 -41.386	4	  23.542	  59.946	  28.993
105	 -37.041	4	 -11.405	  27.372	  40.260
106	 -33.551	3	  -6.751	  -2.872	  10.276
107	 -30.393	3	  27.870	   7.796	  20.256
108	 -28.776	3	  25.253	  40.482	  22.256
109	 -28.715	3	  -9.428	  19.816	  38.579
110	 -27.593	3	  16.572	  48.129	  41.256
111	 -18.268	2	  -1.428	  66.619	  10.747
112	 -15.033	1	   6.572	  32.128	  12.256
113	 -10.990	1	  25.572	  42.128	  30.256
114	 -10.044	1	  -4.428	  -1.872	  22.256
115	  -9.660	1	  11.572	   6.128	  -4.744
