1	-544.330	47	   9.731	   1.789	  15.959
2	-503.679	48	  22.072	  -4.385	  36.815
3	-429.356	37	  20.999	  14.359	  11.233
4	-362.343	33	  16.491	  11.813	  37.055
5	-361.786	34	   9.909	  20.566	  27.483
6	-327.412	30	  32.095	  12.922	  31.786
7	-288.942	27	  -7.712	  12.199	  17.168
8	-252.586	23	   2.370	  10.191	  31.078
9	-252.184	23	  10.019	   3.200	  38.243
10	-247.151	25	  29.437	  -3.220	  18.386
11	-230.164	20	  22.417	 -13.770	  32.156
12	-221.069	20	  27.880	   7.516	  12.574
13	-218.565	21	  23.606	  13.276	  36.711
14	-212.248	20	   1.044	  20.085	  21.375
15	-203.422	18	  34.638	   6.695	  22.567
16	-201.526	19	   2.426	  -7.704	  29.406
17	-192.732	19	  29.738	  22.296	  26.764
18	-179.966	17	   8.195	  -7.177	  36.232
19	-174.117	16	  33.643	   0.312	  29.673
20	-172.551	14	   7.102	  22.091	   8.643
21	-141.758	14	  24.193	  -1.274	  11.078
22	-132.117	13	  16.933	  26.915	  14.332
23	-117.877	10	  16.616	   3.127	  12.737
24	-113.739	11	  30.105	   4.785	  40.630
25	-108.672	11	  19.112	  28.869	  24.116
26	 -99.307	7	   7.856	   7.081	  20.989
27	 -97.753	10	   1.337	  -1.428	  38.667
28	 -96.563	10	  -6.731	  16.760	   8.462
29	 -92.285	8	   3.808	  13.215	   5.690
30	 -91.511	9	   3.633	   5.112	   5.429
31	 -90.511	9	  14.039	  16.863	   8.073
32	 -82.928	8	  25.035	  20.554	  32.460
33	 -80.690	8	  25.854	 -11.257	  24.694
34	 -79.775	8	  17.821	 -14.446	  23.357
35	 -76.136	7	  32.575	  14.905	  15.712
36	 -67.115	7	  18.564	  19.952	  36.120
37	 -57.167	6	  -2.937	  23.833	  11.708
38	 -52.610	5	  23.698	 -12.667	  15.795
39	 -50.489	5	  17.120	 -11.029	  10.412
40	 -50.308	5	  -2.665	  -2.264	  47.215
41	 -44.358	4	  12.185	 -10.933	  17.096
42	 -39.841	4	  24.690	  20.577	  16.006
43	 -39.188	4	   4.030	  -7.707	  20.929
44	 -38.473	4	  -5.178	   5.257	  10.985
45	 -31.654	3	  -1.703	  -2.482	  20.011
46	 -29.443	3	   5.235	  30.456	  13.279
47	 -19.775	2	   6.297	  26.988	  21.997
48	 -18.475	2	  -2.209	   6.020	  22.499
49	 -10.245	1	  37.297	  17.518	  22.997
50	  -9.810	1	   7.297	  14.518	  34.997
51	  -8.915	1	  13.297	  33.518	  18.997
