1	-566.767	50	  32.747	  16.227	   0.961
2	-510.860	45	  30.462	  41.334	  23.793
3	-489.911	44	  17.195	  25.007	  11.846
4	-415.404	38	  28.363	  27.009	  23.650
5	-382.230	32	  28.939	  44.055	   0.682
6	-349.445	31	  12.875	  35.162	   9.605
7	-306.941	26	  40.612	  36.628	  -2.727
8	-306.023	27	  39.746	  45.049	   4.661
9	-296.697	29	  37.742	  20.858	  11.558
10	-274.377	27	  29.328	  52.201	  12.690
11	-269.588	17	  23.634	  30.184	  11.332
12	-246.012	21	  24.105	  37.117	  24.134
13	-235.747	23	   5.904	  44.435	  16.174
14	-234.530	21	  47.425	  36.145	   3.384
15	-232.284	23	  37.874	  43.075	  14.665
16	-216.473	20	  22.256	  17.685	  13.715
17	-216.369	21	  18.311	  34.786	   3.666
18	-214.520	20	  17.862	  45.851	   5.937
19	-202.658	20	  26.933	  33.536	  -4.821
20	-178.401	17	  25.838	  12.660	   5.930
21	-177.809	17	  31.063	  21.106	  15.425
22	-167.820	16	  22.312	  25.308	  -3.422
23	-161.855	15	  44.439	  32.185	  15.411
24	-160.934	16	  36.889	  28.831	  22.165
25	-145.164	13	  26.891	  49.764	  22.685
26	-134.423	13	  34.169	  50.304	   4.320
27	-121.178	12	  13.229	  24.072	   3.169
28	-109.773	11	   9.917	  38.042	  24.834
29	-101.688	10	  31.515	  18.963	  -7.164
30	 -82.025	8	  41.482	  21.447	  -1.387
31	 -79.666	8	  15.846	  49.763	  21.569
32	 -73.922	7	  20.538	  22.706	  22.212
33	 -70.564	7	   9.300	  17.979	   9.116
34	 -70.047	7	  33.972	  48.969	  19.708
35	 -69.572	7	  11.546	  27.574	  18.208
36	 -68.640	7	  22.543	  10.674	  -0.744
37	 -65.929	7	  15.624	  10.281	   4.990
38	 -65.674	7	  37.552	  27.405	  -7.019
39	 -49.685	5	  -0.605	  38.858	  16.772
40	 -49.452	5	  18.652	  16.179	  -6.164
41	 -46.451	5	  12.396	  49.970	   9.446
42	 -29.795	3	  48.328	  31.306	  -3.856
43	 -29.071	3	  33.346	  35.280	  28.836
44	 -28.874	3	  20.020	  53.331	  12.890
45	 -27.139	3	  42.691	  15.650	   3.505
46	 -26.544	2	  33.638	  24.968	   2.836
47	 -19.423	2	  13.896	  10.968	  -2.571
48	 -19.148	2	  40.575	  34.931	  24.281
49	 -10.557	1	   2.020	  31.968	  15.836
50	  -9.339	1	  35.020	  50.968	  -3.164
51	  -8.939	1	  33.020	  44.968	  -8.164
