1	-1016.875	97	  21.073	  35.654	  58.401
2	-383.005	35	  22.919	  40.679	  52.793
3	-364.151	33	  15.362	  25.542	  57.608
4	-300.294	29	   8.244	  35.859	  56.048
5	-287.411	27	  26.552	  38.236	  65.940
6	-264.676	25	  22.608	  46.914	  57.144
7	-240.297	21	  25.169	  47.376	  37.435
8	-227.174	20	  36.705	  31.569	  53.008
9	-219.958	21	  23.953	  31.657	  35.583
10	-214.144	21	  25.946	  51.323	  48.686
11	-200.383	18	  34.705	  47.474	  58.304
12	-155.209	15	  17.512	  26.110	  67.574
13	-143.482	14	  10.215	  32.541	  63.508
14	-128.089	13	  30.097	  21.448	  56.724
15	-112.104	11	   6.918	  29.149	  46.535
16	-106.634	10	  34.195	  35.322	  63.689
17	 -94.423	9	  41.496	  38.308	  55.000
18	 -89.791	9	  14.022	  35.109	  35.992
19	 -79.808	7	  34.122	  51.511	  51.443
20	 -77.572	7	  15.530	  49.125	  43.191
21	 -71.841	7	  12.027	  43.987	  39.971
22	 -60.764	6	  32.363	  31.127	  39.807
23	 -58.484	6	  24.540	  21.304	  61.803
24	 -51.740	5	  14.713	  46.454	  55.557
25	 -48.944	5	  29.370	  30.024	  68.808
26	 -48.288	5	  34.789	  27.396	  61.936
27	 -43.043	4	  27.483	  46.488	  63.649
28	 -41.230	4	  16.497	  34.338	  70.120
29	 -40.540	4	  10.028	  41.278	  61.962
30	 -39.229	4	  10.075	  28.444	  39.428
31	 -38.804	4	  20.707	  55.278	  38.692
32	 -31.059	3	  34.644	  39.968	  44.428
33	 -28.478	3	   6.994	  38.278	  41.420
34	  -9.926	1	  16.986	  21.278	  40.428
35	  -9.625	1	  17.986	  19.278	  53.428
36	  -8.985	1	  36.986	  48.278	  44.428
