1	-1031.693	93	  11.925	  21.172	  -7.862
2	-811.368	70	  33.871	  -0.334	   6.001
3	-715.555	58	  19.755	   4.197	  13.605
4	-679.025	55	  32.010	  12.598	  -6.933
5	-598.023	51	  16.726	   4.666	  -3.848
6	-482.145	45	  23.446	  17.176	  20.980
7	-458.246	42	  49.387	  13.619	  10.637
8	-451.310	39	  18.525	  17.392	 -12.459
9	-430.579	41	  39.664	   9.026	  19.581
10	-421.563	38	  28.161	  26.890	  -3.037
11	-317.651	29	  39.102	  18.678	  -9.906
12	-276.585	25	   5.462	   6.255	   7.474
13	-250.679	23	  12.372	   6.102	  19.862
14	-232.673	22	  25.956	  26.053	 -12.295
15	-225.755	21	  22.973	   2.097	  -7.069
16	-225.420	22	  32.455	   1.832	  21.515
17	-209.728	18	  41.820	   2.524	  12.398
18	-163.597	16	  12.924	  26.455	   0.033
19	-150.158	12	  11.922	   9.680	  -8.168
20	-139.313	12	  45.957	   8.975	   0.507
21	-132.854	13	  45.234	  21.180	  13.317
22	-127.318	12	   3.445	  16.820	   0.764
23	-127.001	12	  28.583	  -2.395	  13.869
24	-126.101	11	  25.985	  11.965	  27.052
25	-112.159	10	  38.090	   4.165	  -3.567
26	-109.899	10	  13.431	   0.535	   4.882
27	-103.068	10	  39.438	  24.913	   7.163
28	-102.089	10	   4.908	  10.840	  -6.920
29	 -90.670	8	  23.720	   8.181	 -11.462
30	 -78.696	8	   3.041	  16.491	   9.043
31	 -74.593	7	  12.092	  22.936	  11.459
32	 -58.905	6	  23.352	  22.487	  12.887
33	 -58.115	6	  29.452	  25.505	   5.729
34	 -57.761	5	  34.306	  23.862	  14.986
35	 -56.369	6	  18.061	  10.173	  28.724
36	 -53.063	5	  12.094	   2.666	 -12.011
37	 -46.983	5	  25.682	   4.458	  25.260
38	 -39.814	4	  10.377	  14.666	  17.795
39	 -29.964	3	  33.123	  27.015	 -13.916
40	 -29.263	3	  20.785	  28.309	  -4.570
41	 -28.662	3	  20.443	  -2.318	   3.713
42	 -24.834	2	  18.608	  26.666	   7.073
43	 -20.529	2	  40.112	  -5.899	   9.638
44	 -19.472	2	  40.666	  22.702	  -1.445
45	  -9.397	1	  31.112	   3.666	  -7.927
