1	-876.515	78	  11.717	  19.963	  -8.974
2	-801.213	69	  18.271	   3.842	  -4.519
3	-705.631	57	  19.890	   3.951	  13.607
4	-630.624	50	  32.558	  12.288	  -6.293
5	-574.673	49	  35.705	   0.827	   6.095
6	-459.585	40	  28.019	  27.002	  -2.840
7	-458.832	42	  22.961	  16.845	  20.980
8	-424.547	38	  40.772	   6.861	  18.980
9	-330.054	30	  49.311	  12.925	  10.306
10	-302.685	25	   5.331	   5.742	   7.442
11	-265.831	25	  29.328	  -3.346	   6.054
12	-254.928	25	  14.088	  26.468	  -1.460
13	-254.645	24	  39.677	  18.377	  -9.629
14	-243.650	24	  30.130	  -1.068	  16.764
15	-224.763	21	  23.663	  25.779	 -11.959
16	-193.707	18	  46.342	   9.632	  -0.452
17	-189.180	19	  47.346	  20.327	   9.351
18	-167.325	14	  42.381	   2.546	  12.066
19	-158.908	16	  19.811	  14.027	 -14.135
20	-157.697	15	   8.524	   8.879	  16.842
21	-156.062	14	  24.724	  11.415	  27.600
22	-154.474	15	  24.496	   9.808	 -11.568
23	-144.042	13	  13.996	   4.682	  20.868
24	-131.439	12	  38.149	   3.974	  -3.429
25	-128.023	13	   5.763	  19.947	  -3.081
26	-119.466	11	   2.780	  13.784	   1.265
27	-113.940	11	  39.427	  24.681	   7.500
28	-107.803	10	  13.537	   0.423	   4.991
29	-106.050	10	   5.142	  10.458	  -6.647
30	 -97.326	9	  14.312	  22.967	  11.891
31	 -91.548	8	   3.815	  17.224	   9.050
32	 -91.543	8	  11.964	   6.591	  -8.853
33	 -81.801	8	  35.290	  16.998	  21.984
34	 -68.702	7	  28.546	  24.942	   6.024
35	 -68.257	7	  33.085	   7.566	  26.141
36	 -66.068	6	  34.895	  23.861	  15.360
37	 -58.495	6	  25.014	  21.894	  12.936
38	 -56.993	6	  32.721	  26.180	 -14.093
39	 -39.569	4	  20.429	  29.500	  -4.914
40	 -33.688	2	  30.087	   8.275	  18.140
41	 -30.742	3	  38.745	  -7.329	  11.023
42	 -29.126	3	  40.659	  25.163	  -4.452
43	 -27.421	3	  31.955	   0.858	  -4.156
44	 -19.882	2	  13.955	  11.032	  26.618
45	 -15.687	1	  23.955	  19.554	  -5.860
46	 -11.791	1	  18.955	  26.554	   7.140
