1	-592.800	46	  10.845	   1.674	 -10.687
2	-445.041	41	  20.210	  -0.504	  15.093
3	-438.183	41	  11.134	   9.405	   5.235
4	-384.634	34	  19.536	  -0.249	 -15.251
5	-238.284	21	  20.253	  -8.996	  -4.702
6	-230.957	21	  15.453	  14.665	  -9.770
7	-222.076	20	   6.653	  13.204	 -11.725
8	-217.496	20	   9.589	  -4.354	   3.802
9	-185.742	18	   2.068	   5.304	 -14.946
10	-185.207	18	  11.661	   2.298	  12.840
11	-153.661	14	  25.609	  -7.351	   4.430
12	-137.333	13	  14.982	  15.078	 -20.563
13	-130.317	13	  -3.757	   3.062	  -7.734
14	-120.307	11	   9.833	  -6.589	  -5.233
15	-111.966	11	  15.279	  12.956	  11.854
16	-106.312	9	   4.900	   9.040	  -4.785
17	 -98.832	10	  24.167	  12.533	  -3.715
18	 -85.377	8	  21.789	  12.334	 -13.478
19	 -83.854	8	  29.208	  -3.331	  -2.463
20	 -81.343	8	  28.356	  -0.212	   7.224
21	 -80.919	8	  -2.517	  12.272	 -10.519
22	 -67.608	7	  23.867	  11.425	  14.548
23	 -67.180	7	  15.146	   6.991	  19.670
24	 -62.527	6	   5.395	   3.425	   1.143
25	 -51.282	5	  28.878	   9.751	   6.803
26	 -39.907	4	  15.847	  15.876	   2.275
27	 -38.390	4	  25.129	   5.629	 -16.955
28	 -37.593	4	  13.895	  -5.104	  12.278
29	 -20.572	2	  21.878	  -8.862	  11.473
30	 -19.043	2	  24.396	  15.585	   5.411
31	 -10.582	1	  16.878	   8.138	 -24.000
32	  -9.458	1	   2.878	  -4.862	  -2.000
33	  -9.409	1	 -10.122	   9.138	 -10.000
