1	-1742.574	156	  15.703	  16.943	  31.996
2	-1122.560	104	  45.132	  39.251	  22.230
3	-897.818	78	  19.590	  39.522	  35.796
4	-852.573	76	  41.945	  25.366	  42.367
5	-761.265	67	  40.273	   6.282	  43.237
6	-742.546	69	  31.193	  34.111	  40.961
7	-616.928	56	  20.937	  51.016	  22.176
8	-590.774	53	  46.927	  32.569	  24.712
9	-514.705	49	  12.207	  13.599	  18.452
10	-461.773	40	  29.727	  -1.062	  30.241
11	-460.759	45	  16.585	  27.151	  53.385
12	-430.713	38	  35.792	  10.788	  48.394
13	-413.391	34	  21.162	  26.735	  16.518
14	-408.000	36	  34.710	  48.453	   7.732
15	-385.441	36	  12.942	  12.043	  41.692
16	-385.046	32	  40.193	  18.052	  20.226
17	-351.153	33	  43.206	  47.155	  44.038
18	-308.465	30	  53.148	  35.923	   9.475
19	-306.676	29	  18.654	  42.591	  10.772
20	-301.216	30	  26.517	  19.539	  54.385
21	-299.902	26	  36.370	  56.285	  16.791
22	-299.480	30	  51.721	  28.827	  16.049
23	-298.337	29	   7.709	   7.233	  23.178
24	-292.485	28	  24.718	  30.929	  46.648
25	-292.255	27	  43.690	   1.717	  32.130
26	-290.745	28	  30.696	   5.672	  18.492
27	-285.545	26	  48.762	  10.295	  34.467
28	-273.015	24	  53.234	  21.080	  28.411
29	-262.944	25	  34.001	  51.516	  38.139
30	-262.639	25	  25.326	  -0.261	  44.409
31	-259.320	24	   9.820	  38.263	  29.321
32	-249.862	23	   5.092	  32.338	  34.300
33	-247.600	25	  20.082	   4.395	  46.901
34	-238.843	22	  47.051	  26.840	  10.008
35	-234.877	20	  25.609	  52.854	  28.245
36	-227.537	21	  12.341	  42.463	  18.421
37	-227.053	21	  50.995	  20.676	  37.377
38	-212.169	19	  15.833	  21.134	  18.328
39	-210.631	21	  29.555	  32.947	   5.285
40	-203.914	19	  47.623	  20.722	  24.105
41	-199.084	19	  28.771	  45.671	  37.214
42	-187.291	18	  13.867	  28.295	  19.421
43	-185.659	18	  49.706	  29.128	  44.960
44	-181.096	17	  45.189	  22.806	  17.336
45	-180.878	18	  22.376	  -3.104	  35.150
46	-178.968	17	  32.981	  59.148	  32.260
47	-178.792	17	  50.226	  47.220	  25.420
48	-159.199	15	   9.725	  10.031	  32.783
49	-159.140	15	   7.882	  30.938	  23.531
50	-154.238	16	  22.252	   6.382	  17.244
51	-152.110	15	  12.323	  39.048	  40.425
52	-147.276	13	  23.004	  16.970	   8.922
53	-139.203	13	  50.592	  45.372	  44.334
54	-136.678	14	  55.859	  48.648	  34.437
55	-135.017	13	  30.420	  13.813	   6.540
56	-131.082	13	  45.489	  59.299	  29.815
57	-130.645	13	  14.063	   9.086	  53.922
58	-129.264	13	  12.480	   0.969	  22.416
59	-124.601	12	  56.039	  29.516	  37.041
60	-123.900	12	   5.295	  17.286	  47.591
61	-123.337	11	  58.445	  41.214	  33.108
62	-103.379	6	  30.683	  19.658	  12.151
63	-102.686	10	  48.302	  38.848	   4.077
64	-100.803	9	  31.533	  20.925	  48.683
65	 -99.962	10	  38.375	  31.841	   5.529
66	 -96.605	10	  41.356	  10.203	  18.699
67	 -93.589	9	  39.713	  37.754	  45.106
68	 -91.481	8	  32.804	  -5.438	  41.450
69	 -91.475	8	  51.091	  40.768	  18.072
70	 -91.083	9	   2.620	  24.024	  41.955
71	 -88.472	9	  13.409	   5.168	  37.621
72	 -88.391	9	   5.067	  24.316	  50.611
73	 -82.629	8	  22.949	  -0.062	  24.546
74	 -81.784	8	  46.540	  49.548	  15.878
75	 -81.757	8	  11.562	  -1.370	  31.731
76	 -80.499	8	  34.246	  60.916	  22.965
77	 -77.212	8	  48.002	  55.970	  39.744
78	 -75.424	8	  34.986	  21.551	   4.979
79	 -74.942	7	  29.440	  56.249	   9.020
80	 -70.966	6	  27.029	  10.223	  55.828
81	 -68.889	7	   3.479	  21.454	  30.375
82	 -68.028	6	  13.321	  47.746	  25.603
83	 -64.845	7	  57.897	  34.015	  24.575
84	 -64.271	6	   7.151	  21.880	  23.542
85	 -61.967	6	  50.435	  46.604	   8.535
86	 -60.788	6	  47.598	  11.986	  43.341
87	 -58.899	6	  20.171	  51.555	   8.147
88	 -58.287	6	  20.228	  30.284	   9.226
89	 -57.535	4	  12.791	  29.914	  28.796
90	 -55.410	6	  39.623	  -5.413	  34.517
91	 -52.622	5	  40.952	  42.254	   3.485
92	 -51.833	5	  21.969	  56.331	  16.579
93	 -46.959	5	  44.225	  52.627	   8.882
94	 -45.846	3	  47.611	  25.109	  32.102
95	 -39.675	4	  51.093	  36.942	  45.621
96	 -38.470	4	  11.386	  35.163	  47.369
97	 -38.323	4	  11.621	  17.983	  57.109
98	 -29.510	3	  21.287	  17.764	  59.850
99	 -28.075	3	   4.257	  15.130	  40.561
100	 -21.126	2	  42.771	  54.419	  22.420
101	 -19.890	2	  12.790	   6.876	  13.850
102	 -19.767	2	  39.156	  57.419	  40.850
103	 -10.405	1	  18.620	  15.419	  24.850
104	  -9.066	1	  23.620	  53.419	  35.850
105	  -9.026	1	  42.620	  16.419	   8.850
