1	-681.606	64	  18.072	  24.507	  28.586
2	-635.154	56	  20.787	  30.666	  31.102
3	-572.496	51	  25.751	  37.861	  18.443
4	-389.688	37	  34.172	  49.644	  22.949
5	-318.881	30	   9.829	  37.970	  22.682
6	-310.106	29	   9.437	  33.831	  35.302
7	-246.752	24	  42.381	  24.683	  29.543
8	-224.454	21	  23.166	  46.486	  25.266
9	-212.866	20	   9.697	  21.515	  34.085
10	-204.770	18	  23.017	  39.350	  36.499
11	-198.303	20	  25.156	  16.596	  41.940
12	-179.440	16	  36.941	  21.289	  34.368
13	-157.265	15	  27.840	  23.819	  20.771
14	-154.329	14	  32.652	  14.051	  30.706
15	-133.194	13	  15.273	  42.825	  32.529
16	-111.474	8	  43.314	  34.869	  28.176
17	-100.127	10	  23.823	   9.203	  35.257
18	 -98.510	10	  38.407	  28.375	  39.902
19	 -96.715	9	  39.419	  41.300	  18.734
20	 -90.091	9	  42.985	  31.554	  21.308
21	 -88.677	9	  46.490	  34.388	  36.610
22	 -77.187	7	  35.415	  34.397	  38.260
23	 -69.115	7	  35.546	  18.864	  21.826
24	 -53.644	5	   6.137	  29.910	  26.400
25	 -49.906	5	  29.457	  45.272	  33.806
26	 -48.433	5	  15.735	  17.320	  43.484
27	 -41.369	4	  15.642	  11.683	  30.914
28	 -39.897	4	  38.139	  41.954	  38.564
29	 -30.566	3	  37.525	  26.683	  19.183
30	 -30.562	3	  25.189	  34.261	  42.207
31	 -21.948	2	  13.409	  24.213	  40.841
32	 -21.705	2	  26.873	  12.677	  23.410
33	 -21.544	2	  40.873	  47.318	  32.653
34	 -19.810	2	  29.379	  26.677	  45.335
35	 -19.197	2	   4.363	  40.167	  28.841
36	 -10.629	1	  30.873	  31.677	  16.841
37	 -10.052	1	  17.873	  30.677	  42.841
38	  -8.990	1	  15.873	  29.677	  18.841
