1	-458.477	43	  11.619	  28.743	  13.161
2	-388.750	35	  21.028	  26.174	   2.587
3	-322.163	32	  10.026	  24.847	  20.397
4	-279.314	26	  27.993	  34.895	  26.988
5	-242.609	23	  13.608	  18.205	   6.361
6	-223.498	21	  25.621	  39.885	   2.908
7	-188.308	11	  16.183	  34.490	  12.799
8	-183.214	18	  36.365	  21.294	  23.772
9	-180.492	16	  23.017	  47.364	  14.236
10	-179.854	16	  27.833	   6.973	  18.444
11	-174.958	18	  35.051	  13.127	  13.345
12	-128.337	13	  10.125	  38.923	  24.535
13	-121.437	10	  39.033	  27.234	   5.405
14	-120.135	11	  20.340	   9.227	  20.421
15	-112.722	11	  10.364	  41.856	  13.935
16	 -86.892	9	  17.262	  24.474	  30.258
17	 -84.324	8	  24.546	  42.449	  28.194
18	 -81.589	8	  10.000	  14.735	  23.545
19	 -75.683	7	  27.461	   7.043	   7.742
20	 -74.365	7	  11.036	  33.671	   5.512
21	 -73.676	7	  18.530	  46.458	   2.183
22	 -70.754	7	  25.259	  20.072	   0.936
23	 -68.498	7	  26.444	  16.619	  29.443
24	 -56.364	6	  19.220	   9.602	   7.148
25	 -50.031	3	  33.273	  31.153	  20.193
26	 -45.569	3	  30.574	  21.320	  11.255
27	 -43.123	4	  33.648	  13.326	  24.385
28	 -41.564	4	  42.539	  20.940	  12.173
29	 -41.174	4	  38.839	  36.087	  17.781
30	 -38.480	4	  27.245	  30.674	  -2.296
31	 -37.834	4	  17.302	  35.888	   1.421
32	 -37.353	4	  14.550	  48.648	  10.689
33	 -29.870	3	  17.936	  43.258	  21.530
34	 -29.377	3	  36.602	  36.648	   7.672
35	 -28.862	3	  40.810	  27.335	  19.030
36	 -28.160	3	  31.539	  46.971	  13.905
37	 -19.082	2	  30.039	  26.648	  30.927
38	 -18.479	2	  16.027	  34.648	  31.927
39	  -9.370	1	   3.539	  17.648	  13.927
40	  -9.133	1	  35.539	  20.648	   0.927
