1	-1804.939	146	  -3.460	   3.819	  19.595
2	-1328.628	112	   3.177	  11.939	  13.869
3	-1131.712	97	   6.450	   9.816	   5.037
4	-811.502	77	   6.540	  21.102	  13.976
5	-581.380	52	   4.388	   8.865	  27.383
6	-531.962	48	  -5.284	  -4.047	  27.702
7	-512.278	45	   6.964	  -0.242	   7.502
8	-471.789	43	  15.347	  -0.743	   7.206
9	-445.289	41	  10.272	  19.920	  29.455
10	-415.380	38	  18.320	  10.913	   4.892
11	-394.519	36	  -8.311	   8.632	  -0.756
12	-347.061	32	 -17.815	   4.465	  10.795
13	-345.540	31	  17.753	  20.643	  11.204
14	-332.788	30	  -5.342	  18.482	  -5.272
15	-328.220	33	  28.796	  12.721	  16.939
16	-316.447	29	  22.734	  23.878	  31.947
17	-275.582	27	  -3.060	   2.966	  30.030
18	-259.739	25	  -7.321	  32.177	  -1.714
19	-256.025	24	 -13.086	  23.439	  14.158
20	-239.757	22	  -9.593	  21.951	  22.230
21	-227.127	21	  15.845	   2.184	  30.794
22	-220.967	21	  14.372	  -3.617	  25.550
23	-220.925	16	  -8.093	  26.155	   7.163
24	-219.048	20	 -10.381	 -10.115	  12.130
25	-218.553	20	  26.586	  21.553	  15.202
26	-217.780	21	  -2.415	  24.798	  17.832
27	-196.781	19	  23.677	  -3.125	  13.753
28	-196.112	19	  28.189	  18.562	  23.819
29	-189.014	18	 -16.662	  17.729	  -3.626
30	-187.436	19	 -21.724	  13.458	   8.669
31	-187.324	17	 -16.353	  -8.072	  26.144
32	-168.496	16	  25.310	   7.256	  26.475
33	-167.873	16	   3.153	  36.419	   3.610
34	-160.747	15	   8.034	  26.439	  -1.677
35	-159.589	13	  15.667	  -6.033	  13.383
36	-144.819	13	  -5.872	  16.043	  29.282
37	-143.018	14	  12.557	  26.798	   4.984
38	-141.547	13	  12.373	 -11.422	  18.010
39	-137.784	14	 -16.784	  30.044	   5.675
40	-124.035	12	  15.454	  32.747	  17.472
41	-118.679	11	 -21.925	   6.673	  19.010
42	-112.093	11	   7.459	 -13.082	  22.823
43	-104.785	10	 -12.774	  -1.914	   5.230
44	-101.712	10	  24.861	  28.835	  19.191
45	-100.624	10	   9.962	  34.757	  26.213
46	 -97.702	10	   0.723	 -10.409	  10.117
47	 -92.865	9	  -0.399	 -14.966	  26.945
48	 -91.345	7	  -3.418	   2.118	   5.089
49	 -91.144	8	 -14.576	  25.179	  -0.942
50	 -91.059	9	  17.696	  36.390	  25.864
51	 -87.488	8	  -7.646	 -13.379	  18.750
52	 -82.519	8	  -2.515	  33.229	   7.961
53	 -78.664	8	 -20.206	  15.655	  20.380
54	 -70.607	7	   6.817	  18.099	  -3.235
55	 -67.794	6	   2.497	  31.952	  -4.689
56	 -67.630	7	   6.525	  28.301	  32.730
57	 -63.279	6	   3.322	  -2.936	  30.623
58	 -61.562	6	 -15.074	  14.359	  28.812
59	 -49.809	5	 -14.917	 -13.510	  21.610
60	 -48.116	5	  18.080	  11.271	  34.185
61	 -47.194	5	   6.334	  29.282	  13.203
62	 -46.988	5	   1.490	  20.093	  27.028
63	 -43.778	4	  -0.127	 -15.244	  15.672
64	 -40.541	4	  23.336	  -1.988	  21.871
65	 -39.997	4	 -23.164	  23.961	  11.095
66	 -38.204	4	 -25.837	  22.832	   2.516
67	 -28.661	3	 -17.586	  10.176	  -0.377
68	 -22.590	2	 -19.917	  -5.293	  17.514
69	 -18.603	2	   2.590	  33.997	  23.130
70	 -17.921	2	  28.083	   2.490	  17.122
71	  -9.646	1	  17.083	  33.490	  34.623
72	  -9.278	1	  16.083	  25.490	  20.623
73	  -9.133	1	 -17.917	   6.490	  28.623
