1	-1641.234	156	  27.694	  28.775	   1.450
2	-1539.551	142	  33.275	  29.974	  11.332
3	-1511.323	132	  54.211	  54.924	  12.035
4	-1344.369	118	  54.054	  22.420	   9.110
5	-1070.659	92	  17.168	   4.303	 -16.931
6	-784.436	72	   1.406	  18.208	  14.546
7	-743.608	55	  56.287	  46.468	  15.893
8	-740.663	65	  52.978	  35.862	 -15.899
9	-717.017	61	  52.283	  34.127	  36.729
10	-707.915	62	  18.362	  19.088	  24.696
11	-689.610	58	  27.357	  29.721	  23.525
12	-685.096	51	  53.934	  29.919	   4.653
13	-679.551	58	  40.770	  41.855	 -12.195
14	-660.525	48	  56.154	  57.336	  -1.945
15	-654.841	57	  64.350	  41.138	  34.686
16	-648.941	50	  62.669	  19.102	  21.144
17	-648.622	57	  17.552	   5.217	  23.191
18	-627.240	59	  23.940	   8.149	  -4.523
19	-598.862	53	  36.998	  45.615	  17.508
20	-573.611	52	  56.296	  79.314	  15.410
21	-557.058	49	  19.195	  -2.999	  -7.141
22	-523.013	44	  72.829	   9.927	  11.353
23	-494.084	44	  39.807	  35.610	  39.114
24	-475.105	42	  28.419	  38.911	  -8.608
25	-470.276	39	  42.359	  -5.744	   3.916
26	-463.071	42	  55.886	  -2.997	   3.940
27	-461.489	39	  53.427	  48.029	 -14.802
28	-456.573	39	  75.078	  67.285	   9.392
29	-450.988	43	  54.869	  14.732	  12.212
30	-442.680	42	  78.934	  55.736	  26.981
31	-440.112	41	  33.085	  34.707	  22.202
32	-432.961	37	  24.924	  27.278	  -9.607
33	-421.832	32	  18.620	   9.518	   3.621
34	-411.377	37	   3.484	  10.258	  23.292
35	-404.443	32	  47.988	  54.180	  17.364
36	-403.970	36	  17.051	  -6.222	  19.849
37	-403.866	38	  65.812	  44.061	 -13.671
38	-383.055	33	  18.324	  32.429	   7.638
39	-381.778	33	  45.531	  20.142	   7.142
40	-380.146	31	  34.083	  22.300	   4.054
41	-370.838	32	  28.646	  12.917	  -1.660
42	-369.047	35	  75.533	  33.268	  27.201
43	-367.825	34	  32.991	  -3.305	  13.192
44	-362.780	33	  43.088	  -7.168	  -9.213
45	-359.853	32	  75.436	  22.881	  -6.092
46	-355.425	33	  35.709	  17.780	  22.334
47	-354.463	30	  10.216	   4.222	   1.737
48	-353.794	34	   8.845	  -5.888	  -3.804
49	-351.546	29	  65.115	  30.028	  34.144
50	-349.288	35	  48.446	  14.947	 -10.052
51	-344.918	29	  58.950	  73.119	  29.203
52	-342.467	28	  51.742	   4.830	  -8.028
53	-342.161	32	  17.291	 -14.535	  12.459
54	-341.522	33	  40.749	  55.504	   5.717
55	-334.828	31	  13.030	 -14.837	   4.149
56	-330.439	28	  67.188	  67.421	   0.885
57	-327.059	30	  37.094	  29.592	  34.230
58	-326.935	32	  38.697	  23.349	  28.975
59	-325.500	29	  22.191	 -18.174	  -5.663
60	-318.433	28	  79.552	  54.698	  17.056
61	-317.182	30	  70.967	  22.341	 -14.276
62	-316.119	30	  62.148	  60.840	  33.072
63	-312.452	29	  36.792	 -16.509	   2.209
64	-311.009	29	  37.703	  13.349	  14.618
65	-311.002	27	  74.332	  46.387	  30.882
66	-300.862	27	  74.038	  53.346	  -3.705
67	-297.874	29	  42.126	   4.038	  -6.618
68	-297.216	25	  64.631	  31.086	 -16.631
69	-290.780	27	  52.553	  63.590	   9.208
70	-290.060	27	  27.914	  45.053	  -3.238
71	-286.309	27	  14.508	  -2.076	 -13.805
72	-285.130	27	  75.496	  21.239	  26.470
73	-284.748	27	  65.841	  56.526	 -12.457
74	-281.266	25	  20.757	  34.831	  20.344
75	-279.415	27	  73.912	  42.764	  -6.158
76	-277.790	26	  79.483	  35.367	  17.192
77	-276.939	26	  79.506	  23.957	  15.459
78	-276.396	26	  -6.025	  13.983	  14.310
79	-266.493	24	   9.283	 -11.404	 -21.513
80	-265.441	24	  45.891	  19.868	  19.865
81	-260.094	24	  43.711	  54.170	  -4.926
82	-259.622	25	  33.241	  26.313	 -14.689
83	-258.309	23	   9.061	  28.002	  10.500
84	-254.240	21	  22.594	 -14.610	 -13.037
85	-250.819	24	  16.281	  28.081	  -4.866
86	-248.130	24	  -1.762	  -5.432	  12.213
87	-246.201	23	  17.876	  15.487	  -8.446
88	-243.183	22	  37.370	  20.013	 -11.102
89	-239.840	21	  20.647	  -9.126	 -17.838
90	-239.436	21	  47.665	  55.329	  37.777
91	-236.880	22	  69.905	  75.135	  25.145
92	-224.267	21	  29.958	  40.232	   7.879
93	-223.434	21	  52.348	  21.862	  28.950
94	-222.118	21	  28.292	   4.435	 -11.312
95	-221.643	21	  80.939	  16.799	  17.104
96	-218.656	21	  81.701	  48.665	   7.524
97	-212.136	20	  63.965	   1.796	  -9.326
98	-207.097	19	  74.629	  61.046	  -5.799
99	-206.820	20	  35.304	  44.450	  31.369
100	-204.075	18	  75.220	  10.361	   0.313
101	-203.868	20	  47.787	  72.086	  18.535
102	-203.098	20	  46.895	   4.628	   4.473
103	-200.265	18	  34.735	  -6.654	 -16.166
104	-197.324	16	  30.782	   4.875	  17.103
105	-185.554	18	   7.092	  25.995	  22.832
106	-183.412	18	  46.498	  48.457	  42.535
107	-172.075	17	  40.570	  18.559	  -1.360
108	-171.673	17	   0.960	   0.092	  21.025
109	-169.513	16	  60.063	  25.321	 -18.600
110	-167.058	15	  64.386	   3.198	  11.677
111	-166.926	17	  41.570	  33.640	 -18.593
112	-166.839	16	  36.039	   4.662	  10.713
113	-166.820	16	  12.379	  10.401	 -22.794
114	-166.180	16	  45.533	  57.124	  28.256
115	-165.191	15	  13.353	  24.467	   3.964
116	-163.433	12	  57.253	  53.967	  34.555
117	-163.027	16	  26.319	  11.478	  26.607
118	-162.551	15	  12.232	  35.646	  19.348
119	-155.715	14	  60.570	  73.742	   6.019
120	-153.285	14	  62.834	  23.146	  31.506
121	-152.128	15	  81.580	  42.676	  -0.096
122	-150.809	14	  56.414	  18.270	 -16.432
123	-147.412	14	  31.654	  51.602	   0.136
124	-144.187	14	  68.022	  -1.007	  -1.057
125	-143.631	14	  53.488	  60.749	  31.743
126	-139.169	12	  47.440	  22.381	 -15.058
127	-136.677	9	  62.455	  43.076	   1.993
128	-133.893	13	  58.992	  -1.963	  10.608
129	-133.242	8	   2.606	   7.673	   7.420
130	-130.705	13	  24.539	  18.290	 -12.316
131	-128.363	12	  80.921	  32.233	  -0.424
132	-127.356	12	   7.705	   0.684	  23.691
133	-126.422	12	  53.128	  56.100	 -10.957
134	-125.685	9	  47.072	  -0.210	  -1.747
135	-124.412	12	  16.570	  -0.746	 -25.104
136	-123.091	12	   9.331	 -14.838	 -11.723
137	-122.060	12	  83.741	  35.745	   8.046
138	-121.282	12	  33.599	  12.938	   4.576
139	-120.927	8	  46.176	  28.654	   4.378
140	-118.636	11	   2.559	  10.851	  -0.054
141	-118.331	12	  -7.244	  -7.851	   3.799
142	-117.429	12	  75.179	  10.370	 -10.057
143	-112.128	11	  66.493	  71.758	  32.757
144	-110.608	11	  53.992	  -1.928	  -8.807
145	-106.120	7	  65.416	  23.819	  14.758
146	-104.951	6	  65.281	  34.346	  13.991
147	-104.442	10	  56.937	  43.818	  41.766
148	-102.403	10	  38.249	 -12.470	   9.907
149	-101.655	7	  62.235	  51.847	   3.451
150	-100.461	10	  36.867	  49.884	  38.630
151	 -94.001	6	  22.040	  15.799	   2.088
152	 -90.447	9	   8.052	  -1.500	 -25.060
153	 -89.797	8	  49.285	   3.697	  12.150
154	 -88.960	9	  35.951	 -18.273	  -6.307
155	 -87.815	9	  80.051	  68.312	  19.665
156	 -80.799	8	  -1.874	  19.720	   5.668
157	 -80.303	8	  71.868	  52.597	  35.029
158	 -79.606	8	  56.485	   4.330	 -14.444
159	 -77.888	8	  35.061	   3.594	 -14.896
160	 -76.147	8	   6.205	  20.042	   3.607
161	 -73.295	7	  28.180	 -10.519	  17.735
162	 -72.447	7	  49.878	  70.965	   8.671
163	 -68.621	7	  48.319	  64.462	  19.585
164	 -65.304	6	  75.193	  33.028	 -10.988
165	 -62.866	6	  81.567	  19.429	   7.891
166	 -62.463	6	  69.952	  78.629	  17.637
167	 -60.110	6	   6.581	 -12.423	  13.035
168	 -59.023	6	  35.960	   8.025	  -4.424
169	 -58.897	6	  74.073	  73.411	  13.596
170	 -56.808	6	  82.734	  45.391	  21.067
171	 -56.345	5	   6.381	  -6.208	  19.761
172	 -55.573	5	  -6.097	  11.540	   5.182
173	 -55.549	5	  11.865	  11.767	  27.963
174	 -53.943	5	  69.051	  16.543	  27.557
175	 -53.661	4	  15.977	   2.635	   8.663
176	 -52.639	5	  25.583	 -21.609	   2.026
177	 -50.493	5	  48.555	  40.165	  44.387
178	 -50.427	3	  59.353	  29.391	  14.909
179	 -50.408	3	  50.429	  46.391	  22.897
180	 -50.397	5	  62.579	  50.182	  40.971
181	 -49.404	5	   3.323	   0.255	  -1.389
182	 -48.220	5	  72.338	  61.007	  34.585
183	 -47.655	3	  59.009	  29.797	  -3.799
184	 -45.606	5	  28.150	   2.412	  24.813
185	 -41.122	2	  21.741	   0.391	   2.750
186	 -39.085	4	  51.243	  27.109	 -20.302
187	 -38.707	4	  62.266	  63.391	 -10.556
188	 -38.165	4	  32.262	 -14.645	 -13.515
189	 -37.401	4	  -0.764	  -5.605	  -0.799
190	 -37.369	4	  23.717	 -17.325	  13.219
191	 -37.058	4	  70.226	  36.417	  34.459
192	 -34.270	2	  56.219	  47.391	   4.201
193	 -31.986	2	  52.741	  34.391	  13.684
194	 -31.503	3	   8.375	   2.498	 -17.860
195	 -31.436	3	  63.025	  10.096	 -16.953
196	 -30.989	2	  51.153	  42.391	   8.613
197	 -27.973	3	  -6.584	   3.066	  18.876
198	 -22.276	2	  38.741	  52.391	  25.706
199	 -21.582	1	  62.741	  54.391	  19.201
200	 -20.648	2	  67.741	  77.391	   9.751
201	 -20.341	2	  52.299	  74.833	  27.759
202	 -19.731	2	  -6.841	   3.856	   0.713
203	 -19.050	2	  17.741	  39.886	  10.201
204	 -18.953	2	  32.650	  50.823	  10.678
205	 -18.814	1	  58.741	  22.391	   0.201
206	 -18.763	2	  56.741	   6.885	  15.201
207	 -18.180	2	  15.243	 -19.609	  -9.799
208	 -18.126	2	  20.764	   4.908	  -9.811
209	 -17.920	2	  62.741	  83.391	  13.700
210	 -12.043	1	  27.741	  19.391	  28.201
211	  -9.592	1	   2.741	 -12.609	   2.201
212	  -9.507	1	  64.741	  53.391	  -3.799
213	  -9.249	1	  -1.259	  29.391	  14.201
214	  -9.153	1	  48.741	  80.391	  12.201
215	  -9.098	1	  66.741	  55.391	  10.201
216	  -9.014	1	  38.741	  43.391	  43.201
