1	-1054.134	91	   1.570	  19.310	  15.895
2	-975.688	80	   7.600	  32.303	  11.510
3	-870.944	77	  -0.868	  34.143	   6.456
4	-700.092	56	   2.508	  30.203	   0.970
5	-691.443	65	   6.847	  48.481	   0.129
6	-610.750	52	   2.552	  20.121	 -10.738
7	-601.109	52	   4.951	  37.136	   2.839
8	-557.597	42	  -2.073	  23.488	   0.353
9	-537.890	50	  -8.882	  51.145	   9.392
10	-518.029	45	 -13.121	  25.160	  13.414
11	-446.523	39	  25.024	  41.643	  10.413
12	-440.920	38	  -6.881	  15.890	  10.997
13	-360.064	35	  -5.295	  27.217	  -4.700
14	-321.943	27	   9.614	  54.009	  26.094
15	-319.103	30	   6.353	  40.702	  29.619
16	-316.195	30	  19.454	  56.600	  13.280
17	-306.714	28	   4.788	  30.562	  26.465
18	-300.404	28	   3.250	  59.384	  11.280
19	-262.435	24	  -2.868	  45.434	   2.006
20	-256.472	25	  10.347	  26.613	  -5.892
21	-255.823	23	  16.378	  36.364	  17.026
22	-240.028	22	  16.660	  45.053	  29.959
23	-239.875	22	  12.634	  13.580	   8.452
24	-233.935	19	  -8.295	  20.931	   3.596
25	-230.567	21	  -6.203	  44.986	  21.052
26	-227.505	21	  -8.158	  26.648	  28.919
27	-216.417	21	 -16.682	  38.577	   6.955
28	-210.224	19	  15.753	  18.346	  -7.081
29	-205.224	21	 -13.370	  36.513	  28.657
30	-204.615	19	   4.433	  58.691	   2.418
31	-200.332	18	  -0.477	  49.379	  25.646
32	-198.740	19	  14.761	  34.203	   5.272
33	-190.182	18	  16.198	  28.787	   0.202
34	-183.651	16	  14.450	  55.386	  19.367
35	-172.966	17	  17.033	  52.184	   0.025
36	-153.267	15	  16.586	  10.523	  -2.623
37	-152.164	15	  19.373	  52.674	  26.371
38	-141.025	13	  25.834	  47.039	   3.947
39	-135.996	14	   1.230	  33.189	  -7.877
40	-125.538	12	  -3.214	  38.774	  -2.169
41	-114.948	11	  -1.190	  10.535	 -10.076
42	-111.082	11	  -5.561	   9.612	   0.366
43	-109.057	11	   3.410	  59.978	  22.927
44	-100.421	10	  17.090	  36.961	  24.181
45	 -99.785	10	  23.623	  42.314	  23.638
46	 -99.547	10	 -19.958	  32.513	   8.770
47	 -97.575	10	  -8.019	  19.906	  24.160
48	 -92.602	8	   5.349	   0.930	  -0.316
49	 -91.672	9	  12.546	  58.589	   4.341
50	 -79.023	8	 -19.265	  38.465	  20.102
51	 -77.186	8	  28.626	  54.059	  10.507
52	 -70.996	7	  27.886	  51.601	  17.387
53	 -67.058	7	   7.601	   6.586	  10.181
54	 -62.656	6	 -13.519	  27.636	   2.461
55	 -59.665	6	   0.312	   5.217	   9.566
56	 -54.993	5	   8.980	   8.454	  -9.205
57	 -52.122	5	  -4.754	  60.505	  15.383
58	 -47.238	5	  19.221	  22.722	   5.166
59	 -37.815	4	  -5.374	  52.628	  -2.590
60	 -37.663	3	   6.483	  22.944	   8.922
61	 -30.473	3	 -17.750	  28.395	  22.175
62	 -28.901	2	  -3.049	  35.366	  27.500
63	 -28.440	3	   9.950	  58.691	  -3.756
64	 -20.744	2	 -11.843	  17.691	  17.644
65	 -19.951	2	 -22.374	  31.691	  16.651
66	 -19.756	2	 -10.745	  40.148	  -0.368
67	 -18.608	2	  14.123	   3.188	   3.175
68	 -18.134	2	   1.128	  53.193	  -8.825
69	 -18.111	2	   4.126	  51.691	  31.675
70	  -9.442	1	  14.626	  27.691	  10.175
71	  -9.118	1	  -5.374	  54.691	  21.175
