1	-382.748	34	  29.932	   9.291	  -1.773
2	-347.402	33	   7.236	   6.984	 -13.083
3	-342.918	23	  14.945	  -0.085	 -18.936
4	-320.999	30	  16.310	  -3.241	 -25.537
5	-297.111	25	  34.423	  -0.027	  -9.400
6	-281.229	27	  18.997	 -11.359	  -8.223
7	-278.154	27	  10.626	  -8.672	 -16.974
8	-259.364	25	  20.213	  15.155	  -5.609
9	-242.139	23	  25.706	  14.859	 -18.397
10	-207.168	19	  19.009	 -11.684	 -19.700
11	-151.682	14	  15.077	  16.144	 -18.771
12	-142.037	13	  20.258	   6.261	   1.109
13	-124.697	9	  28.296	  -7.663	 -16.566
14	-123.258	12	  20.302	  -8.385	  -0.328
15	-116.453	10	  20.201	  11.970	 -23.412
16	 -94.681	9	   4.405	  -3.644	 -11.141
17	 -93.602	9	  15.540	   7.634	 -27.285
18	 -84.541	8	   8.522	   6.759	 -22.564
19	 -80.901	8	  13.540	  17.317	 -11.201
20	 -74.161	7	  31.801	  15.777	 -11.168
21	 -58.512	6	  28.097	  -3.515	 -27.329
22	 -57.468	6	  17.111	  -0.847	   2.346
23	 -49.524	5	  29.507	 -12.540	  -0.309
24	 -46.487	5	  35.450	  -2.195	   0.243
25	 -42.685	4	  11.268	   5.291	  -1.925
26	 -40.646	4	  25.802	   6.259	 -27.635
27	 -38.852	4	   4.767	  -1.452	 -23.432
28	 -37.972	4	  30.964	 -13.685	  -7.875
29	 -28.907	3	  34.571	   7.136	 -15.184
30	  -9.540	1	  10.257	  -5.194	  -2.169
