1	-1181.375	100	  28.961	  14.456	   5.910
2	-933.412	84	  34.373	  15.511	  31.498
3	-856.569	77	  30.857	  21.808	   2.363
4	-814.619	73	  40.641	   8.856	  30.001
5	-720.701	61	  25.494	  30.510	  31.477
6	-720.584	61	  40.652	  16.133	  28.586
7	-560.090	47	  17.904	   0.078	  12.568
8	-537.297	48	  28.982	  -9.871	   6.741
9	-464.385	41	  49.131	  29.586	  30.691
10	-456.236	43	  21.774	  20.502	  33.682
11	-447.521	37	  14.381	   5.926	  26.691
12	-423.754	39	  50.895	   6.677	  20.468
13	-422.194	39	  13.882	   9.719	  12.470
14	-405.590	37	  37.924	  39.374	  28.672
15	-388.558	34	  13.094	  23.379	  21.719
16	-385.732	32	  39.528	  13.567	 -11.128
17	-384.016	37	  21.805	   4.912	  30.508
18	-375.764	36	  19.693	  30.339	  12.484
19	-373.845	34	  29.075	  -1.432	   0.415
20	-366.657	34	  30.772	  47.900	  18.797
21	-364.399	33	  40.633	  32.431	  32.583
22	-351.563	31	  11.356	  13.901	  21.592
23	-343.162	33	  42.599	  24.942	  -3.115
24	-340.589	31	  51.776	  21.481	  15.954
25	-336.489	30	  44.645	  23.997	   3.601
26	-332.341	31	  30.658	 -17.442	  17.504
27	-319.044	29	  17.954	  26.990	   2.327
28	-317.891	30	  57.754	  15.343	  24.735
29	-304.517	27	  47.834	   9.560	   5.938
30	-304.321	28	  21.507	  13.712	   3.091
31	-301.575	27	  27.582	  40.382	  26.825
32	-288.682	27	  31.695	   2.796	  38.938
33	-271.020	26	  53.832	   4.955	  26.760
34	-257.769	25	  21.449	  -5.605	  24.207
35	-249.332	23	  46.948	  15.274	  -4.224
36	-242.866	22	  56.143	  16.807	  35.141
37	-239.061	21	  28.959	  -0.831	  31.618
38	-221.693	16	  38.608	  -7.483	   8.444
39	-215.027	18	  44.299	  37.422	  20.625
40	-214.208	21	  29.006	  31.001	  -1.898
41	-213.148	21	  42.720	   0.609	  34.668
42	-200.663	20	  40.540	  46.014	  15.821
43	-176.859	18	  44.637	   5.293	  -6.403
44	-164.724	16	  19.424	  36.050	  21.690
45	-161.285	16	  41.495	 -14.745	  14.957
46	-160.846	15	  16.102	   6.930	   3.280
47	-152.853	15	  20.065	  40.246	  12.640
48	-148.002	15	  42.073	  -1.248	  -0.057
49	-146.290	14	  29.159	  44.132	   6.285
50	-145.632	14	  22.115	 -10.451	  14.991
51	-141.805	14	  42.819	  23.924	  38.938
52	-140.490	13	  14.414	  24.093	  12.788
53	-136.974	14	  27.544	  -9.367	  31.063
54	-135.618	14	  55.984	  26.344	  26.530
55	-131.509	13	  28.653	  16.344	  -2.410
56	-127.531	11	  46.528	  16.189	  37.518
57	-122.994	11	  31.647	   3.571	  -5.913
58	-122.876	12	  23.212	  26.041	  -5.813
59	-113.540	11	  37.419	 -13.973	  27.922
60	-112.947	10	  29.872	  23.028	  38.910
61	 -98.873	10	  40.409	  37.406	   7.086
62	 -93.221	9	  14.830	  17.290	  31.461
63	 -92.285	9	  10.785	  16.571	   7.050
64	 -87.189	9	  36.777	  29.005	  38.887
65	 -70.936	7	  55.802	  26.744	  36.644
66	 -63.844	6	  23.395	  14.130	  39.238
67	 -60.316	6	  44.720	  -8.339	  19.055
68	 -58.706	6	  18.402	  35.778	   2.312
69	 -51.755	5	  46.522	  -4.234	  26.732
70	 -49.547	5	  33.580	  21.931	  -6.578
71	 -44.849	4	  35.092	 -15.781	   9.214
72	 -41.510	4	  38.366	  -9.482	  34.223
73	 -41.325	4	  46.584	  32.195	  12.482
74	 -40.927	4	  30.056	  15.022	  17.512
75	 -39.601	4	  37.341	  46.374	   8.161
76	 -39.455	4	  42.597	 -15.809	  22.499
77	 -38.479	4	  47.341	  -1.563	  13.191
78	 -37.554	4	  53.374	   6.435	  37.227
79	 -37.058	3	  48.253	  17.195	   6.238
80	 -31.630	3	  38.738	   4.534	  43.225
81	 -31.015	3	  35.011	  35.811	   0.208
82	 -30.468	3	  47.704	  36.508	  27.551
83	 -28.564	3	  39.354	   5.183	 -12.415
84	 -27.876	3	  19.376	   1.197	  -0.099
85	 -27.804	3	  47.014	   1.513	   6.265
86	 -23.671	2	  42.366	  13.698	  20.238
87	 -19.980	2	  52.366	  13.716	  14.238
88	 -13.669	1	  38.366	  17.195	   9.238
89	  -9.632	1	  26.366	  39.195	   0.238
90	  -9.630	1	  40.366	  -6.805	  42.238
91	  -9.462	1	  37.366	  -2.805	  22.238
