1	-1170.444	102	  26.663	  17.652	  62.539
2	-793.738	68	  19.833	   4.125	  70.625
3	-609.837	56	   9.462	  18.675	  33.118
4	-550.455	48	  10.930	   8.266	  78.241
5	-541.512	45	  20.017	  24.073	  69.911
6	-516.771	46	  38.777	  25.187	  51.143
7	-460.869	41	  24.090	  14.926	  68.740
8	-438.091	39	   6.068	  24.673	  72.230
9	-403.650	37	  20.853	  34.775	  40.535
10	-388.181	37	  10.473	   6.665	  41.798
11	-385.469	33	  29.112	   5.065	  64.294
12	-366.886	32	  27.463	  29.060	  36.717
13	-353.386	32	  -1.173	  14.021	  71.298
14	-330.009	28	   2.747	  39.369	  54.757
15	-317.063	24	  16.851	   2.441	  48.680
16	-305.245	28	  -0.646	  24.751	  65.297
17	-303.154	25	   3.460	  15.839	  42.949
18	-302.641	29	  11.620	  35.420	  37.931
19	-283.921	26	   3.829	  25.058	  41.999
20	-262.838	22	  -0.975	  31.189	  56.226
21	-257.112	25	   8.162	   1.644	  55.619
22	-244.266	23	  17.129	  40.071	  64.792
23	-232.011	23	   2.144	   4.895	  73.402
24	-219.302	14	  15.102	  17.442	  41.850
25	-213.813	20	  31.546	  36.567	  44.630
26	-209.247	20	  18.951	  47.982	  51.500
27	-190.887	18	  40.825	   8.103	  51.292
28	-187.181	18	  33.094	  43.423	  54.687
29	-184.965	16	   1.455	  30.895	  43.981
30	-172.238	14	  30.411	  31.318	  66.447
31	-168.607	16	  17.597	   1.110	  60.984
32	-151.046	14	   8.990	  40.634	  59.519
33	-146.601	15	   9.491	  21.597	  79.224
34	-140.990	14	  19.592	   3.359	  36.286
35	-139.086	14	  31.751	   3.216	  40.770
36	-134.091	13	  38.585	  15.209	  62.430
37	-129.204	12	  41.902	  19.743	  56.736
38	-126.990	12	  26.310	  17.698	  31.266
39	-126.917	13	  37.748	  14.224	  38.985
40	-126.614	11	  25.560	  35.223	  70.824
41	-119.486	11	  11.529	  29.433	  73.810
42	-118.076	12	  -0.884	  21.551	  53.524
43	-103.229	10	  37.089	  24.759	  40.340
44	-102.784	10	  17.490	  15.636	  28.303
45	-101.079	9	  40.400	  18.014	  48.390
46	 -97.454	10	   0.835	  12.974	  80.543
47	 -93.785	9	  37.844	  35.817	  58.884
48	 -88.813	8	   1.611	  35.335	  63.815
49	 -82.214	8	  28.076	  43.027	  65.705
50	 -79.992	8	   0.014	  39.252	  43.543
51	 -78.756	8	  15.844	  14.616	  83.585
52	 -78.066	8	  -1.355	  14.389	  58.076
53	 -70.991	7	  17.326	  27.307	  30.585
54	 -69.329	7	  33.630	   2.003	  56.294
55	 -65.400	7	  20.231	  19.809	  78.560
56	 -64.221	6	  27.287	   7.650	  33.413
57	 -61.835	3	  28.094	  19.609	  52.979
58	 -61.424	6	  27.059	  46.345	  47.289
59	 -61.313	6	   9.311	  28.266	  31.121
60	 -58.828	6	  12.293	   0.534	  69.008
61	 -53.375	5	  21.362	  11.034	  76.778
62	 -52.354	5	  14.909	  -1.552	  42.709
63	 -48.973	5	  24.349	   1.386	  53.372
64	 -48.693	5	  26.794	  -1.997	  43.048
65	 -47.433	5	  39.159	  28.213	  65.764
66	 -47.183	5	  35.335	   4.956	  47.026
67	 -41.230	2	  18.354	  29.003	  60.031
68	 -33.132	2	  23.806	  36.455	  55.585
69	 -31.425	2	   9.354	  13.168	  62.838
70	 -31.124	3	  41.354	   4.709	  60.179
71	 -29.244	3	   0.708	   5.940	  60.052
72	 -28.246	2	  21.997	  11.003	  39.228
73	 -20.766	2	   9.339	  43.032	  46.629
74	 -14.778	1	   9.354	  12.003	  46.585
75	 -10.493	1	  21.354	  47.003	  62.585
76	  -9.800	1	  39.354	  37.003	  51.585
77	  -9.681	1	  11.354	  10.003	  26.585
