1	-1162.439	100	  26.619	  17.638	  62.434
2	-759.343	65	  19.815	   4.105	  70.849
3	-580.831	53	   9.750	  18.329	  33.289
4	-544.175	47	  10.875	   8.342	  78.562
5	-528.152	47	  38.757	  25.203	  51.374
6	-515.262	47	   6.337	  24.314	  73.076
7	-467.940	40	  20.126	  24.168	  70.050
8	-409.514	38	  20.772	  34.818	  40.337
9	-389.760	37	  10.194	   6.784	  41.774
10	-376.742	32	  29.279	   5.349	  64.594
11	-370.585	34	  -1.097	  14.009	  71.434
12	-361.339	32	  27.156	  28.933	  36.369
13	-311.979	26	   2.698	  39.427	  54.750
14	-303.136	25	   3.535	  15.934	  42.966
15	-301.172	23	  16.876	   2.471	  48.716
16	-295.148	27	  -0.601	  24.665	  65.456
17	-288.773	26	   4.011	  24.757	  42.487
18	-269.195	26	  15.103	   1.226	  60.421
19	-265.577	25	  11.786	  35.657	  38.248
20	-249.558	21	  -1.011	  31.266	  56.328
21	-247.875	23	  17.153	  40.098	  65.016
22	-223.084	22	  32.988	  43.676	  54.607
23	-220.855	20	  31.179	  36.287	  44.582
24	-220.553	13	  15.072	  17.399	  42.055
25	-219.318	22	  39.235	   6.924	  50.089
26	-218.065	19	  21.691	  17.398	  68.627
27	-185.894	18	   2.026	   4.950	  73.595
28	-184.879	16	   1.452	  30.877	  44.099
29	-177.656	17	  27.142	  12.143	  69.328
30	-176.758	17	  19.071	  48.228	  51.756
31	-165.854	16	  23.979	   4.124	  35.687
32	-154.519	11	  30.147	  31.035	  66.047
33	-148.096	14	   9.048	  40.795	  59.571
34	-147.308	14	   6.362	   2.269	  53.279
35	-139.938	13	  11.763	  29.541	  73.795
36	-126.848	12	  41.941	  19.776	  56.826
37	-125.998	13	  31.752	   3.044	  40.939
38	-124.982	12	  26.912	  17.940	  31.422
39	-124.877	11	   2.041	  35.282	  63.634
40	-120.935	11	  40.880	  17.413	  48.888
41	-120.822	12	  37.736	  36.133	  59.455
42	-117.876	12	  -0.841	  21.585	  53.311
43	-114.152	10	  25.481	  35.210	  70.928
44	-111.572	11	  14.045	  28.067	  30.960
45	-110.923	11	  17.611	  15.126	  28.329
46	-108.958	11	  37.853	  14.350	  39.050
47	-100.585	10	  21.496	  14.276	  77.639
48	 -96.988	10	   0.703	  12.839	  80.563
49	 -93.399	9	  13.674	  21.988	  79.932
50	 -93.179	9	  37.506	  24.973	  41.001
51	 -89.977	9	  28.604	  42.838	  65.781
52	 -88.859	9	  -0.133	  39.383	  43.762
53	 -87.043	5	  28.197	  19.515	  53.207
54	 -82.351	8	  40.454	  13.624	  61.592
55	 -78.380	8	  -1.432	  14.327	  58.539
56	 -76.200	7	  34.728	  17.282	  63.420
57	 -73.975	8	  15.939	   4.565	  35.516
58	 -70.541	7	  27.059	  46.841	  47.542
59	 -68.402	7	  11.140	   0.374	  69.170
60	 -59.866	6	  33.737	   2.040	  56.351
61	 -53.005	5	  14.580	  -1.323	  42.438
62	 -52.340	5	  24.581	   1.441	  53.447
63	 -50.522	5	  15.067	  14.391	  83.852
64	 -48.816	5	  26.841	  -1.960	  43.125
65	 -46.529	5	  39.191	  28.843	  65.480
66	 -46.026	3	  18.397	  28.831	  60.246
67	 -36.852	2	  23.867	  36.510	  55.671
68	 -35.396	2	   9.397	  13.151	  63.004
69	 -32.911	3	  41.397	   4.765	  59.615
70	 -29.491	3	   4.095	  23.325	  32.369
71	 -28.618	2	  22.028	  11.040	  39.302
72	 -20.284	2	   0.904	   5.518	  61.208
73	 -19.054	2	  10.923	  10.514	  26.671
74	 -11.169	1	   9.397	  12.040	  46.671
75	 -10.658	1	  21.397	  47.040	  62.671
76	 -10.597	1	   8.397	  45.040	  49.671
77	  -9.185	1	  39.397	  37.040	  51.671
