1	-836.136	73	  33.756	  -0.360	   6.218
2	-755.063	61	  19.746	   4.037	  13.689
3	-691.395	56	  31.854	  12.529	  -6.976
4	-554.996	47	  16.758	   4.657	  -3.799
5	-455.256	41	  49.308	  13.638	  10.686
6	-452.783	40	  27.462	  26.702	  -3.232
7	-437.310	40	  18.540	  16.970	 -13.276
8	-401.995	38	  39.379	   9.113	  19.805
9	-329.121	30	   5.040	   6.879	   7.843
10	-294.872	27	  38.847	  18.691	 -10.357
11	-288.474	25	  26.358	  16.397	  20.277
12	-264.944	24	  12.413	   5.942	  20.005
13	-241.859	23	   9.526	  18.758	  -8.546
14	-233.150	22	  22.962	   2.106	  -6.824
15	-179.360	16	  13.519	  26.569	   0.450
16	-171.164	16	  45.890	   9.151	  -0.320
17	-168.879	16	  32.629	   1.969	  21.893
18	-163.310	13	  11.769	   9.760	  -8.133
19	-150.594	14	  26.209	  27.132	 -12.076
20	-137.587	13	  25.854	  11.797	  27.412
21	-132.777	12	  37.426	   4.166	  -3.978
22	-131.941	13	   3.052	  16.441	   0.924
23	-129.600	12	  13.644	   0.273	   5.326
24	-128.445	12	  38.998	  24.630	   7.698
25	-120.601	12	  45.223	  20.892	  13.615
26	-120.568	11	  18.678	  17.329	  21.963
27	-118.240	12	  46.333	   4.232	  12.043
28	-108.799	8	  39.494	   1.679	  13.265
29	-106.560	11	  28.162	  24.518	   7.257
30	-105.302	10	  28.645	  -2.847	  14.190
31	-104.529	10	   4.838	  10.886	  -6.731
32	 -95.754	9	  23.648	   7.993	 -11.405
33	 -70.898	7	  34.317	  24.090	  15.634
34	 -68.106	7	  25.969	  20.761	 -15.252
35	 -62.965	6	  11.686	  22.877	  11.485
36	 -60.617	6	   3.716	  17.716	   8.870
37	 -51.938	5	  12.013	   2.567	 -11.865
38	 -45.652	5	  25.832	   3.777	  24.792
39	 -39.997	4	  15.558	  26.790	  -8.077
40	 -38.274	4	  18.232	   9.108	  29.396
41	 -30.913	3	  40.292	  23.367	  -2.602
42	 -30.606	3	  10.390	  14.567	  18.123
43	 -29.721	3	  39.720	  -5.808	   9.546
44	 -28.356	3	  20.361	  22.246	  14.495
45	 -23.111	2	  18.562	  26.567	   7.171
46	 -18.776	2	  20.045	  -1.909	   1.647
