1	-872.986	75	  33.621	  -0.053	   6.032
2	-730.294	64	  18.311	   3.961	  -4.180
3	-678.486	53	  19.724	   4.197	  13.404
4	-618.848	48	  32.461	  12.534	  -6.444
5	-604.033	51	  14.163	  20.170	  -7.426
6	-513.999	47	  27.609	  27.102	  -3.260
7	-497.220	45	  24.027	  17.184	  20.745
8	-455.602	43	  32.813	   1.861	  20.976
9	-395.114	37	  49.046	  13.638	  10.791
10	-336.580	31	  12.699	   6.150	  19.742
11	-334.360	30	   5.157	   6.945	   7.476
12	-325.589	30	  37.922	  18.793	 -10.840
13	-312.372	30	  20.037	  15.735	 -14.238
14	-303.481	28	  39.923	   8.565	  18.964
15	-219.943	17	  11.900	  10.225	  -8.204
16	-194.335	18	  47.186	  10.950	   0.578
17	-194.043	18	  25.730	   9.769	  26.581
18	-191.954	17	  26.530	  26.578	 -12.476
19	-187.255	17	  38.787	   3.594	  -1.960
20	-143.201	14	  24.491	  10.091	 -11.554
21	-137.481	13	   3.732	  17.404	   0.253
22	-137.188	12	  42.748	  24.301	   8.090
23	-134.176	11	  39.612	  -0.280	  11.832
24	-127.719	12	  14.157	  26.661	  -0.611
25	-124.682	12	  35.845	  25.978	   5.748
26	-112.031	11	  24.751	  23.357	   9.595
27	-101.394	9	  28.601	  -2.705	  13.864
28	 -72.254	7	   3.681	  17.515	   8.707
29	 -67.034	6	  11.507	  15.363	  17.036
30	 -66.183	7	  17.562	  -1.319	   5.502
31	 -56.821	6	  46.249	   4.276	  11.703
32	 -56.059	5	  33.284	  24.370	  13.507
33	 -56.006	5	   4.132	  12.382	  -6.755
34	 -55.501	5	  11.927	  23.128	  11.207
35	 -52.529	5	  11.101	   1.586	   2.805
36	 -50.899	5	  12.245	   2.959	 -11.489
37	 -40.796	4	  44.338	  20.804	  15.266
38	 -35.907	4	  12.830	  13.039	  24.272
39	 -30.264	3	   7.082	  24.430	   3.334
40	 -19.920	2	  35.082	  18.240	  21.025
41	 -11.734	1	  19.082	  26.781	   7.025
42	  -9.939	1	  37.082	  -9.219	  15.025
43	  -9.802	1	  31.082	   3.781	  -7.975
44	  -9.170	1	  19.082	  26.781	  -8.975
45	  -8.916	1	  40.082	  26.781	  -5.975
