1	-611.437	42	  13.422	   4.646	  79.249
2	-591.846	55	  14.966	  -4.990	  88.722
3	-430.956	35	  21.400	   9.316	  63.740
4	-357.079	33	  32.645	   1.505	  92.825
5	-350.882	32	  18.245	   3.473	  87.214
6	-292.050	27	  37.022	  -1.640	  70.461
7	-274.590	23	  20.921	 -12.033	  91.156
8	-226.689	21	  27.676	   0.682	  60.892
9	-220.288	20	   5.953	   1.987	  82.881
10	-214.952	20	   5.172	  12.026	  66.597
11	-208.951	19	  14.784	  16.089	  77.501
12	-207.277	19	  33.000	   9.138	  65.221
13	-201.732	18	   8.347	 -10.576	  77.795
14	-177.187	17	   0.798	   0.161	  72.120
15	-158.819	15	  26.495	  16.986	  84.867
16	-157.699	14	  21.943	  -6.745	  63.912
17	-150.914	15	  43.441	  -0.812	  79.755
18	-150.040	15	  26.755	 -18.694	  73.038
19	-148.559	14	  23.103	  10.009	  88.241
20	-132.537	13	  38.371	 -13.001	  86.013
21	-126.293	12	   9.634	   2.494	  61.645
22	-123.296	12	  31.781	  14.428	  72.154
23	-116.177	11	  10.065	  -9.647	  68.284
24	-113.225	7	  25.468	 -12.774	  78.332
25	-110.882	10	  20.240	 -13.584	  69.688
26	-110.206	10	  26.289	  -6.257	  95.493
27	-105.128	8	  24.011	 -19.343	  81.941
28	-105.098	11	  38.457	  12.651	  79.220
29	-100.630	10	  32.539	 -10.956	  70.278
30	 -98.962	10	   2.907	  -5.939	  77.170
31	 -94.141	10	  11.129	  18.833	  64.926
32	 -93.397	9	  30.039	 -17.398	  89.548
33	 -89.759	9	  32.490	  11.601	  87.260
34	 -79.812	8	  35.491	  -9.280	  92.346
35	 -70.585	7	  33.029	 -19.266	  81.914
36	 -68.454	5	   8.070	   2.804	  71.677
37	 -60.880	6	  25.264	  19.501	  76.997
38	 -49.263	5	   0.815	   7.985	  73.048
39	 -37.977	3	  22.281	  11.111	  75.234
40	 -32.696	3	   1.903	   5.202	  63.956
41	 -31.483	3	  42.551	   4.311	  73.647
42	 -29.465	3	   7.281	  16.098	  74.920
43	 -20.418	2	  20.115	   0.844	  56.234
44	 -19.260	2	  43.100	  -4.057	  87.284
45	  -9.462	1	  44.625	   6.844	  86.234
46	  -9.366	1	  31.625	  -6.156	  63.234
