1	-1122.564	88	  38.567	  73.003	 -18.516
2	-698.425	65	  39.183	  69.300	 -11.582
3	-481.769	41	  35.777	  61.453	  -8.233
4	-372.989	34	  36.340	  56.361	 -20.705
5	-372.448	35	  65.272	  73.658	 -13.611
6	-348.186	33	  46.223	  67.046	 -31.745
7	-285.445	24	  64.156	  64.756	 -10.064
8	-284.137	26	  58.216	  56.255	 -18.885
9	-275.004	25	  25.250	  72.834	  -9.403
10	-249.062	24	  52.727	  80.667	 -24.381
11	-224.121	22	  35.874	  78.575	  -8.294
12	-223.285	21	  62.558	  65.566	 -21.709
13	-212.769	19	  61.978	  76.479	 -24.961
14	-193.027	18	  59.863	  64.584	  -4.203
15	-185.927	17	  48.284	  82.294	 -10.149
16	-181.054	17	  32.603	  73.450	 -27.080
17	-177.427	16	  41.410	  77.793	 -27.652
18	-176.365	17	  44.118	  55.209	  -0.168
19	-174.325	16	  56.630	  63.840	 -26.034
20	-165.387	16	  42.923	  57.075	 -26.582
21	-161.150	16	  54.125	  66.452	  -0.105
22	-145.757	14	  45.933	  72.819	  -6.203
23	-137.630	12	  26.328	  77.503	 -19.204
24	-132.675	13	  27.795	  63.702	 -23.895
25	-128.728	13	  37.458	  90.149	 -13.856
26	-126.814	12	  56.432	  56.406	  -1.205
27	-108.557	11	  49.393	  54.540	 -30.570
28	-101.007	10	  49.669	  49.709	 -13.227
29	-100.471	10	  23.727	  70.300	 -22.719
30	-100.387	10	  57.514	  82.674	 -13.358
31	 -94.673	9	  49.262	  49.191	  -2.729
32	 -81.221	8	  22.706	  64.645	  -8.417
33	 -80.836	8	  32.198	  54.190	  -8.848
34	 -71.236	7	  47.926	  87.321	 -19.585
35	 -62.248	6	  61.037	  75.915	  -3.189
36	 -52.977	5	  57.727	  72.091	 -30.310
37	 -49.065	5	  44.931	  63.925	  -0.131
38	 -47.894	5	  38.321	  62.301	 -31.753
39	 -42.321	4	  40.590	  90.216	 -21.317
40	 -40.868	4	  50.394	  52.012	 -22.347
41	 -38.575	4	  56.827	  56.990	 -31.307
42	 -32.237	3	  43.073	  46.919	  -7.839
43	 -27.874	3	  58.774	  50.161	  -6.927
44	 -19.213	2	  29.544	  66.495	  -2.560
45	 -18.853	2	  35.073	  84.971	 -24.075
46	 -18.294	2	  42.073	  85.008	  -4.560
