1	-1079.128	69	  73.556	  45.913	  51.853
2	-886.195	80	 105.883	  35.889	  64.115
3	-819.518	70	  73.886	  52.866	  46.069
4	-649.514	54	  74.665	  23.742	  53.434
5	-633.318	51	  44.100	  26.217	  44.544
6	-630.104	53	  94.049	  36.402	  69.888
7	-567.866	47	  54.651	  35.404	  33.920
8	-500.500	46	  85.337	  55.062	  55.823
9	-480.991	41	  43.857	  37.994	  36.232
10	-447.342	37	  52.880	  19.498	  47.412
11	-442.975	39	  81.932	  41.334	  73.770
12	-442.005	38	  52.999	  40.686	  56.569
13	-434.790	35	  93.418	  41.678	  47.270
14	-430.205	39	  59.057	  52.112	  28.200
15	-422.994	36	  91.983	  42.031	  75.468
16	-418.121	38	  84.971	  22.367	  59.568
17	-385.740	35	  65.769	  40.558	  29.635
18	-381.684	35	  72.189	  52.784	  58.746
19	-369.439	36	 103.265	  44.212	  71.391
20	-358.341	34	  61.246	  54.701	  49.407
21	-353.403	34	  93.660	  26.649	  64.777
22	-326.189	30	  87.866	  49.489	  46.300
23	-319.791	28	  55.101	  26.286	  38.586
24	-288.754	25	  55.535	  40.530	  27.895
25	-280.990	24	  88.495	  50.747	  76.301
26	-279.653	27	  73.273	  22.434	  43.802
27	-277.986	25	  67.616	  32.607	  63.756
28	-275.664	25	  79.358	  32.644	  38.801
29	-272.913	24	  85.355	  32.647	  67.742
30	-271.861	25	  43.206	  45.764	  32.596
31	-257.298	24	  48.191	  54.452	  31.600
32	-254.809	24	  41.802	  29.729	  54.687
33	-246.517	24	  45.171	  55.407	  47.373
34	-243.595	22	 106.628	  31.824	  49.900
35	-243.053	23	  58.967	  49.567	  57.060
36	-236.462	22	  38.356	  34.657	  41.341
37	-233.359	23	  43.202	  47.996	  56.522
38	-220.719	20	  67.767	  27.188	  38.382
39	-219.500	19	  62.734	  32.563	  35.418
40	-218.345	20	  89.485	  31.086	  41.190
41	-205.880	20	  72.975	  47.096	  33.608
42	-201.413	20	 104.041	  48.830	  47.358
43	-195.843	19	  82.135	  57.350	  66.839
44	-192.493	18	 111.653	  40.996	  54.319
45	-184.897	18	  73.803	  43.715	  70.484
46	-180.686	17	  61.537	  17.562	  47.586
47	-170.977	17	  59.878	  27.085	  62.782
48	-157.289	16	  54.767	  60.171	  38.931
49	-152.914	15	  73.601	  32.434	  69.543
50	-143.178	14	 101.280	  58.157	  55.776
51	-140.820	14	 102.234	  26.018	  47.757
52	-140.063	9	  69.780	  37.617	  51.421
53	-137.717	13	  93.192	  64.371	  57.177
54	-135.875	14	  77.237	  26.122	  65.259
55	-132.550	13	  92.715	  16.829	  53.736
56	-113.736	11	  46.175	  24.145	  55.226
57	-111.981	8	  58.659	  49.516	  46.180
58	-111.912	11	  35.354	  37.284	  49.055
59	-110.425	11	  89.736	  21.380	  42.111
60	-105.543	11	  62.504	  58.411	  39.620
61	-103.965	10	 105.708	  25.853	  56.327
62	-100.395	10	  96.856	  51.523	  79.187
63	-100.351	10	  93.024	  60.877	  66.976
64	 -99.885	10	  77.479	  51.181	  72.439
65	 -92.581	9	  56.045	  19.478	  58.735
66	 -90.388	9	  70.051	  23.404	  62.564
67	 -88.108	9	  98.623	  18.673	  56.879
68	 -79.013	8	  67.853	  52.000	  29.140
69	 -76.540	8	 102.067	  35.636	  42.595
70	 -73.951	5	  93.547	  28.607	  47.567
71	 -68.757	7	  39.097	  50.727	  41.929
72	 -66.685	7	 104.364	  55.020	  62.854
73	 -50.606	5	  73.176	  33.907	  32.318
74	 -40.846	4	  47.001	  30.350	  34.301
75	 -40.706	4	  47.284	  36.804	  27.210
76	 -40.696	4	  94.079	  54.536	  45.180
77	 -40.099	4	  94.780	  65.121	  49.027
78	 -39.350	4	  37.037	  42.826	  40.210
79	 -35.809	3	  58.780	  37.657	  58.769
80	 -28.280	3	  66.126	  41.314	  66.707
81	 -28.268	3	  79.470	  40.022	  35.385
82	 -22.818	2	  47.808	  48.326	  44.653
83	 -21.349	2	  48.342	  64.326	  43.695
84	 -20.878	2	 110.268	  47.396	  61.672
85	 -19.584	2	  86.292	  18.351	  49.207
86	 -18.434	2	  61.271	  19.817	  40.204
87	  -9.983	1	  64.780	  43.326	  47.695
88	  -9.579	1	  53.780	  49.326	  23.695
89	  -9.334	1	  79.780	  48.326	  39.695
90	  -8.905	1	  55.780	  62.326	  50.695
