1	-1322.520	124	   7.003	  -3.714	  15.880
2	-533.108	52	   2.425	   2.582	  10.629
3	-383.372	34	  28.707	  -9.302	  21.092
4	-369.393	36	  -1.092	 -10.680	  11.823
5	-353.267	34	  21.456	   5.091	  31.984
6	-331.661	29	  28.955	   4.639	  22.017
7	-327.272	31	   0.858	  -1.830	  32.404
8	-318.821	29	  17.260	   5.913	   8.964
9	-303.283	29	  11.344	  15.293	  17.882
10	-299.293	27	 -17.904	   6.193	   7.541
11	-282.076	24	  11.723	   6.231	  33.630
12	-267.906	22	 -18.585	   3.821	  22.597
13	-262.139	26	   8.193	  -1.839	   4.591
14	-250.068	22	  -1.337	  16.391	  22.795
15	-240.223	23	 -11.371	  14.180	  23.273
16	-229.949	21	  11.856	  -5.277	  28.242
17	-216.613	19	  -9.494	  -6.765	   5.735
18	-216.357	20	  -1.540	  12.419	  13.745
19	-206.511	20	  30.522	  -6.953	  11.070
20	-200.274	18	 -12.776	   1.917	  29.691
21	-199.391	19	 -18.330	  -5.328	   8.304
22	-163.513	16	  -5.310	  -7.946	  22.063
23	-158.339	16	   8.882	  15.969	  31.987
24	-157.797	14	  20.067	  -9.848	   7.350
25	-155.751	15	  28.315	   1.652	  11.461
26	-119.283	12	  -1.290	  14.435	  30.822
27	-111.010	11	 -20.676	  -4.052	  16.082
28	 -93.661	9	  18.085	  -0.839	   5.181
29	 -74.474	6	  23.277	  12.832	  21.394
30	 -60.620	6	  17.104	 -17.180	  13.372
31	 -56.276	6	  -7.278	  -0.213	  -1.573
32	 -53.506	5	 -10.822	  -6.933	  27.868
33	 -49.513	5	  28.196	 -15.723	  13.674
34	 -48.485	5	   0.047	  -8.336	   2.666
35	 -40.808	4	 -18.777	   0.012	   1.430
36	 -39.050	4	  27.651	   9.201	  11.281
37	 -31.799	3	  22.033	  -6.220	  27.263
38	 -29.974	3	 -14.091	  -8.304	  18.802
39	 -29.764	3	  -5.945	   7.450	  10.985
40	 -29.627	3	  16.390	  -8.844	  22.659
41	 -29.339	3	   8.389	 -10.545	   4.606
42	  -9.702	1	 -19.610	  -6.544	  25.263
43	  -9.164	1	   9.390	 -12.544	  17.263
44	  -8.968	1	  -7.610	   6.456	  34.263
