1	-569.937	49	  21.475	  16.026	   7.772
2	-335.745	33	  10.873	   3.391	  14.846
3	-307.173	26	   9.887	  21.198	   0.815
4	-254.113	17	   2.866	  18.145	  19.370
5	-237.414	21	  10.907	  23.746	  20.731
6	-236.100	22	   5.247	  15.373	  26.326
7	-202.506	19	  -0.217	  10.722	   9.299
8	-176.030	17	  15.203	   1.383	   4.214
9	-160.681	14	  18.022	   8.433	  23.227
10	-141.108	14	   3.666	  17.412	  -2.530
11	-138.378	12	   2.452	  24.867	  10.201
12	-128.255	13	  22.921	  19.193	  18.743
13	-118.502	12	  23.150	   5.742	  13.669
14	-100.472	10	  18.844	  24.357	   5.482
15	 -95.734	9	  -2.249	  17.511	   7.778
16	 -86.054	9	  10.644	  30.287	   4.932
17	 -75.469	7	   7.304	   6.911	  -1.304
18	 -71.642	7	   9.057	   3.460	  25.083
19	 -64.228	6	   2.902	   7.280	  15.659
20	 -41.735	4	  21.341	   8.947	   2.199
21	 -27.993	3	  12.130	  10.820	  30.100
22	 -19.376	2	   1.672	   5.775	  26.100
23	  -9.138	1	   4.149	   3.820	   9.100
