1	-1917.309	149	  51.696	  -0.255	  23.564
2	-1255.591	100	  31.033	  10.863	  28.741
3	-1220.550	102	  46.133	  -4.602	  32.541
4	-1219.277	100	  56.633	  -6.291	  15.403
5	-1163.739	92	  73.009	   8.145	  16.225
6	-800.910	67	  76.654	   5.559	  23.247
7	-756.302	64	  26.583	   6.635	  20.902
8	-739.733	60	  14.079	 -13.813	  10.518
9	-704.835	65	  51.282	 -15.860	  24.934
10	-682.039	50	  51.659	  12.197	  22.128
11	-658.890	57	  40.203	 -16.413	  22.111
12	-610.136	49	  88.838	 -13.364	  38.603
13	-607.055	55	  78.875	  -1.639	  42.603
14	-575.308	53	  55.777	  10.520	  12.327
15	-561.676	49	  62.019	 -16.495	  28.006
16	-552.051	50	  23.702	  -4.441	   4.909
17	-508.265	46	  80.645	   8.725	  41.033
18	-496.143	46	  48.635	  13.432	  31.593
19	-493.636	48	  95.621	  -7.625	  24.864
20	-435.565	40	  47.976	   5.690	  37.371
21	-428.987	41	  55.248	   1.878	   7.596
22	-413.750	41	  82.107	 -21.614	  21.032
23	-396.069	36	  86.903	  -5.067	  11.591
24	-393.701	37	  20.672	   3.885	  10.654
25	-379.539	32	  18.888	   7.696	  22.672
26	-363.627	31	  85.274	   5.427	  22.902
27	-355.953	33	  72.164	 -19.243	  30.595
28	-341.760	30	  24.155	   6.970	   3.359
29	-339.269	30	  16.365	   0.323	  34.811
30	-321.465	29	  68.236	   3.077	   6.963
31	-317.435	30	   7.353	  -6.792	  25.025
32	-313.503	31	  42.070	  24.678	   9.426
33	-313.115	30	  17.670	 -18.027	  29.395
34	-307.779	27	  69.054	 -15.191	  40.374
35	-307.501	29	  80.100	   5.539	  32.047
36	-303.371	29	  29.006	  16.885	  -1.345
37	-297.836	27	  30.371	 -19.019	  19.727
38	-275.030	26	  19.525	  -4.242	  40.873
39	-273.040	27	  31.046	   1.585	   1.198
40	-270.697	26	  73.214	   6.343	  45.138
41	-255.368	24	  62.844	   3.237	  46.388
42	-253.185	25	  48.375	   3.765	   0.153
43	-251.837	23	  40.020	  -0.875	   0.083
44	-250.200	24	  38.391	 -16.057	  29.850
45	-246.504	24	  73.233	  22.262	  32.860
46	-245.424	24	  40.143	   7.110	  -2.700
47	-240.843	23	  76.121	  19.474	  45.347
48	-240.048	23	  55.227	  19.735	  41.375
49	-235.409	23	  55.501	   8.404	  45.320
50	-232.719	19	  33.081	 -16.929	   9.841
51	-232.126	21	  35.914	   7.827	  38.235
52	-229.666	22	  62.772	  26.309	  31.987
53	-220.778	20	  66.095	 -15.243	   9.404
54	-217.091	19	  90.672	   2.978	  27.999
55	-209.077	19	  39.091	  18.342	  29.687
56	-197.592	19	  65.746	  11.571	  46.531
57	-196.976	19	  71.735	  -8.593	  46.159
58	-195.193	19	  36.871	 -11.331	  40.267
59	-194.355	19	  49.382	  15.603	   0.706
60	-191.215	18	  12.937	   4.664	  18.474
61	-179.084	18	  29.183	 -11.580	   2.466
62	-176.245	18	  88.807	 -17.913	  10.999
63	-176.191	16	  86.969	   2.009	  38.244
64	-171.762	15	  65.646	  15.521	  13.212
65	-171.668	17	   7.419	  -1.404	  19.793
66	-166.885	17	  31.786	  21.887	  11.067
67	-165.651	16	  62.074	  19.955	  18.170
68	-159.870	15	  82.135	 -10.004	   6.471
69	-158.813	15	  42.620	  21.382	  23.842
70	-158.684	16	  64.163	 -18.716	  20.165
71	-142.283	14	  43.928	 -14.481	   9.190
72	-137.118	13	  38.322	  23.271	  -0.779
73	-135.809	13	  85.956	  -8.043	  42.776
74	-131.662	13	  96.941	  -7.213	  15.554
75	-131.510	12	  89.734	 -18.774	  26.456
76	-131.295	13	  12.453	 -11.265	  38.283
77	-129.339	12	  10.915	 -16.428	  23.535
78	-127.450	12	  71.906	  -9.751	   5.220
79	-119.576	12	   6.356	  -6.837	  11.616
80	-118.286	12	  97.053	  -6.804	  35.811
81	-112.414	11	  30.874	  -4.555	  42.400
82	-104.951	10	  52.289	 -11.818	  35.505
83	-104.857	10	  24.960	  16.424	  19.501
84	 -94.674	9	  50.198	 -13.474	  13.148
85	 -91.090	9	  79.848	  15.361	  24.004
86	 -90.717	9	  81.007	 -18.425	   5.381
87	 -89.323	9	  24.112	  14.661	   7.465
88	 -89.273	9	  58.069	 -11.466	  39.924
89	 -88.067	9	  26.103	 -20.983	  30.261
90	 -86.975	8	  79.236	 -18.829	  39.246
91	 -85.804	9	  48.008	  17.737	  16.482
92	 -78.323	7	  22.547	 -19.466	  12.972
93	 -77.244	8	  52.029	  -2.430	  42.855
94	 -75.281	7	  68.403	  21.254	  48.856
95	 -67.737	7	  14.886	  -1.841	   5.210
96	 -63.245	6	   6.218	  -1.258	  33.751
97	 -59.368	6	  83.354	   8.195	  12.866
98	 -57.462	6	  50.355	  -6.193	   3.734
99	 -55.567	3	  61.664	  -1.595	  17.381
100	 -55.166	5	   9.214	   4.002	  27.266
101	 -54.831	4	  51.545	   4.758	  15.973
102	 -50.492	5	  85.238	 -15.774	  45.948
103	 -50.177	5	  23.578	   7.094	  39.685
104	 -49.461	5	  66.024	  27.219	  41.830
105	 -48.595	5	  81.250	   1.835	   6.967
106	 -48.592	5	  21.217	 -12.977	  44.580
107	 -47.440	5	  17.443	 -18.529	   4.392
108	 -45.946	3	  35.890	  15.051	  14.381
109	 -41.922	4	  94.223	   0.452	  18.589
110	 -41.567	4	  69.904	 -22.769	  13.913
111	 -41.294	4	  35.917	  16.188	  -6.604
112	 -39.566	4	  79.396	  16.462	  35.111
113	 -38.914	4	  20.913	  12.201	  31.616
114	 -38.737	4	  71.664	  21.471	  18.926
115	 -37.171	4	  46.128	  23.210	  -0.893
116	 -34.198	3	  59.326	  -0.851	  39.022
117	 -30.817	3	  30.843	 -18.941	  38.505
118	 -30.025	3	  39.729	  -1.170	  42.003
119	 -29.624	2	  68.262	  15.452	  29.381
120	 -28.348	3	  33.014	  23.802	  22.346
121	 -27.979	3	  56.997	  19.790	  26.386
122	 -24.111	2	  42.160	  -2.420	   9.133
123	 -20.495	2	  63.192	  -5.076	   5.381
124	 -20.241	2	   3.224	 -11.548	  18.941
125	 -19.288	2	  78.175	  16.452	  16.381
126	 -18.001	2	  98.177	 -18.035	  36.894
127	 -17.692	1	  81.664	  -5.548	  28.381
128	 -10.930	1	  32.664	  -2.548	  11.381
129	 -10.614	1	  72.664	 -17.548	   6.381
130	 -10.203	1	  71.664	 -10.548	  31.381
131	  -9.672	1	   6.664	 -19.548	  15.381
132	  -8.983	1	  19.664	  11.452	  -0.619
