1	-661.317	57	  21.197	  18.223	   9.321
2	-488.665	43	   8.736	  21.265	   0.411
3	-273.082	26	  10.503	   3.392	  11.547
4	-268.310	19	   3.473	  18.871	  19.828
5	-258.021	23	  13.840	  20.578	  23.449
6	-250.668	23	   5.593	  15.848	  26.486
7	-211.522	19	   1.136	  10.574	  11.887
8	-196.387	17	  18.700	   9.115	  23.557
9	-195.233	19	  22.910	  20.857	  18.292
10	-189.628	18	  11.347	   4.438	  18.205
11	-174.346	17	  16.962	   2.634	   4.590
12	-174.000	16	  18.750	  10.735	   1.761
13	-140.498	14	  23.583	   6.174	  13.639
14	-114.114	11	   2.455	  26.641	   9.291
15	 -99.482	10	   7.910	  27.817	  19.552
16	 -89.128	9	  -1.854	  18.359	   8.514
17	 -73.959	8	   0.690	  10.893	   1.186
18	 -71.410	7	   8.490	   4.377	  25.948
19	 -70.056	6	   8.085	   8.521	  -1.319
20	 -61.960	6	  11.001	  30.797	   5.122
21	 -61.563	5	  16.326	  28.559	  13.912
22	 -38.288	4	  18.542	  24.280	   5.770
23	 -21.579	2	  -2.004	  21.521	   0.830
24	 -19.688	2	  12.059	  11.521	  30.554
25	 -19.632	2	  28.057	  16.521	  12.046
