1	-1584.734	133	  17.111	  -0.763	  15.477
2	-548.471	52	  14.417	  -6.081	  23.172
3	-546.261	50	  -0.140	  -2.201	  15.323
4	-417.682	40	  14.131	  -8.939	   9.308
5	-414.234	39	  17.940	   9.489	  -4.344
6	-324.408	30	  21.067	   8.097	  25.261
7	-300.503	28	  30.609	  -1.627	  15.988
8	-281.924	24	  22.583	  15.742	   0.490
9	-271.648	26	  28.800	   7.536	  20.016
10	-181.907	17	   3.869	  -8.490	  19.680
11	-173.960	16	  11.157	  -5.497	  -1.048
12	-157.715	14	  29.758	  -2.648	   8.521
13	-122.365	12	  29.175	   3.522	   0.294
14	-117.581	10	  21.277	  -3.071	  -2.705
15	 -94.489	9	  30.550	  13.532	   6.607
16	 -86.894	9	  11.796	  12.652	  23.871
17	 -76.069	7	   4.793	   7.907	   6.358
18	 -73.629	7	  24.729	 -10.680	  17.185
19	 -71.692	7	   7.592	  -0.475	  29.465
20	 -59.800	6	  28.303	  -3.920	  24.366
21	 -56.739	6	   7.124	   4.386	  -4.104
22	 -47.937	5	  24.812	  17.914	  11.048
23	 -47.089	4	   4.236	   8.126	  16.582
24	 -44.893	4	  14.998	  13.834	  10.732
25	 -40.803	4	  15.248	   0.452	  -8.197
26	 -39.663	3	  20.477	   4.319	   8.496
27	 -28.969	3	  24.432	   2.036	  29.734
28	 -27.951	3	   9.433	  13.702	  -2.269
29	 -19.151	2	  22.453	 -10.298	   9.550
30	 -14.857	1	   3.447	  -0.298	   7.053
31	 -10.149	1	   2.447	  -1.298	  -0.947
32	  -9.371	1	  16.447	   6.702	  32.053
