1	-1668.048	149	  45.591	  44.646	  10.375
2	-1086.003	94	  58.217	  45.828	  24.294
3	-839.167	65	  51.456	  49.179	   9.729
4	-718.212	63	  67.565	  34.302	  17.521
5	-599.965	52	  46.915	  63.810	   5.967
6	-506.242	49	  34.164	  25.433	  23.810
7	-458.593	44	  62.297	  57.672	  21.659
8	-450.135	41	  51.188	  37.899	  -1.100
9	-435.260	38	  60.164	  23.563	  10.725
10	-416.470	32	  74.252	  51.198	  -0.239
11	-414.770	38	  61.502	  28.313	  -3.815
12	-402.372	36	  31.819	  41.808	  18.281
13	-334.375	31	  29.271	  39.315	   9.699
14	-283.537	26	  53.966	  24.666	  24.337
15	-269.680	24	  73.110	  35.611	  -1.379
16	-269.633	23	  59.630	  63.957	  12.019
17	-267.501	25	  54.820	  52.815	  -2.280
18	-261.291	24	  61.851	  32.330	  25.534
19	-259.295	25	  49.837	  16.110	  19.893
20	-256.724	24	  53.513	  66.199	  16.274
21	-253.849	25	  62.248	  37.951	  -6.600
22	-243.911	22	  81.861	  45.054	  13.302
23	-235.270	22	  43.706	  39.870	  28.371
24	-228.134	20	  44.036	  69.819	  15.264
25	-227.523	21	  37.862	  66.035	   6.388
26	-216.659	22	  48.365	  27.564	  -2.025
27	-215.465	21	  70.490	  32.493	   8.092
28	-212.354	22	  76.718	  38.092	  17.579
29	-204.576	16	  80.248	  44.705	   4.723
30	-202.117	19	  73.165	  51.960	  23.511
31	-197.423	19	  36.601	  25.368	   2.162
32	-193.291	19	  65.439	  53.969	  -2.677
33	-191.352	18	  51.688	  16.278	   8.457
34	-185.056	18	  32.382	  48.956	  22.656
35	-178.919	18	  46.093	  29.196	  29.611
36	-174.170	16	  45.738	  48.341	  -0.383
37	-171.164	16	  33.293	  56.232	   1.503
38	-170.431	16	  82.362	  50.178	  19.813
39	-169.626	16	  51.421	  36.382	  27.628
40	-166.961	16	  84.233	  56.601	   8.405
41	-164.508	15	  35.799	  13.862	  21.468
42	-161.297	15	  34.301	  34.190	   0.513
43	-156.546	13	  29.189	  34.028	  16.318
44	-156.435	15	  27.684	  49.674	   5.867
45	-144.537	15	  37.953	  47.150	  -0.022
46	-142.691	13	  43.489	  18.284	   7.487
47	-141.574	14	  37.405	  15.346	  12.355
48	-141.529	14	  45.134	  63.922	  25.214
49	-129.825	12	  31.184	  65.749	  10.115
50	-128.885	9	  38.784	  30.665	  24.368
51	-127.582	11	  68.160	  41.377	  25.980
52	-114.400	11	  56.776	  64.932	   0.322
53	 -95.385	10	  43.158	  58.018	  -0.388
54	 -93.406	9	  35.033	  68.490	  22.789
55	 -91.045	9	  71.706	  63.592	   7.560
56	 -84.743	8	  33.053	  58.332	  21.857
57	 -81.147	8	  42.448	  20.878	  31.347
58	 -79.042	8	  44.516	  14.508	  24.647
59	 -77.464	5	  37.657	  37.741	   6.602
60	 -67.353	7	  26.899	  23.327	  16.570
61	 -57.312	6	  39.900	  51.146	  32.520
62	 -53.456	5	  26.064	  60.606	  12.544
63	 -50.291	5	  36.265	  57.011	  28.650
64	 -49.554	5	  52.452	  60.948	  28.520
65	 -49.259	5	  34.467	  38.316	  27.520
66	 -47.905	5	  27.040	  29.653	   7.132
67	 -47.401	5	  50.662	  53.587	  31.315
68	 -46.793	5	  45.449	  45.156	  35.319
69	 -40.162	4	  64.386	  64.851	   3.311
70	 -38.114	4	  59.278	  44.479	  -4.709
71	 -31.577	3	  44.040	  57.949	  29.846
72	 -30.578	3	  57.663	  18.347	  16.274
73	 -29.540	3	  71.376	  59.302	   0.851
74	 -21.506	2	  76.040	  62.971	  14.971
75	 -21.090	2	  74.499	  47.971	  -9.480
76	 -19.986	2	  76.040	  42.971	  25.981
77	 -11.193	1	  66.040	  25.971	   5.520
78	  -9.535	1	  43.040	  38.971	  -1.480
79	  -9.197	1	  53.040	  41.971	  35.520
