1	-722.990	57	  10.368	  17.212	  27.619
2	-695.675	61	  17.838	   5.254	  -0.667
3	-672.775	54	  13.759	  10.450	  23.138
4	-580.284	55	  27.388	  -8.483	  32.442
5	-541.109	50	  28.820	  34.137	   5.021
6	-481.528	43	  35.099	  16.165	  21.157
7	-474.505	43	  36.805	   9.661	  18.337
8	-473.626	45	   9.951	   4.340	  26.465
9	-461.498	42	  27.920	  22.942	  32.805
10	-455.800	39	  12.577	  18.875	  34.664
11	-445.912	31	  15.149	   6.114	   6.743
12	-431.557	42	  12.619	  18.070	   5.387
13	-428.206	36	  15.378	  13.117	  10.137
14	-401.931	31	  18.650	  12.008	  17.026
15	-392.400	35	   1.931	  18.408	  19.248
16	-380.726	34	  31.790	   3.618	   5.088
17	-338.340	30	  37.667	  16.965	   5.688
18	-329.724	32	  20.990	  17.165	  35.108
19	-325.889	32	  27.582	   7.959	   0.852
20	-314.049	30	   3.995	   3.482	   9.729
21	-307.417	31	   9.926	  22.637	  -0.029
22	-292.033	27	  33.864	  33.372	  15.551
23	-289.920	27	   8.842	  33.681	   6.103
24	-286.921	28	   7.110	  -8.941	   5.743
25	-249.058	23	   9.095	 -10.767	  25.098
26	-247.852	24	  33.880	   8.484	  33.581
27	-244.878	21	  18.964	  30.755	   0.815
28	-232.302	23	   6.208	  -0.767	  31.822
29	-222.714	21	  -3.440	  -5.073	  10.227
30	-215.105	21	  11.536	  37.413	  22.486
31	-212.338	20	  34.803	  -8.496	  22.817
32	-209.040	20	   1.477	  31.992	  12.146
33	-208.170	21	  15.274	 -12.149	  18.597
34	-207.684	18	  17.063	  -5.901	  33.536
35	-202.469	19	   3.405	  31.242	  26.371
36	-193.596	19	  28.487	  36.240	  24.837
37	-189.889	19	  34.219	  27.606	   1.252
38	-185.865	17	  26.485	   5.923	  40.715
39	-184.341	18	   3.555	  -9.962	  17.280
40	-173.424	12	  17.081	  21.836	  12.476
41	-159.770	15	  33.204	 -10.530	  13.682
42	-158.643	16	  13.853	  35.748	  14.065
43	-156.720	12	  15.658	   1.653	  21.210
44	-155.312	15	  18.993	 -13.859	   8.519
45	-141.488	14	  21.428	  23.184	  -7.269
46	-137.981	14	  12.687	  28.483	  35.635
47	-132.642	13	  22.744	 -15.822	  19.734
48	-118.255	12	  22.284	  37.276	  30.453
49	-117.480	12	  34.785	  27.415	  21.775
50	-116.555	11	  -3.019	  19.890	   8.467
51	-115.643	11	  19.392	  40.415	  15.347
52	-108.923	9	  32.781	  18.170	  -2.596
53	-108.659	11	  -1.852	  29.745	  21.546
54	 -93.551	9	  -5.626	  26.780	  15.035
55	 -89.573	9	  21.401	  -5.244	  -1.706
56	 -89.123	9	  38.621	  -1.706	  17.263
57	 -82.120	8	  38.716	   2.269	   7.066
58	 -71.439	7	  37.031	  -1.248	  26.139
59	 -68.021	7	   7.734	  14.572	  11.708
60	 -66.934	7	  25.914	  42.578	  10.584
61	 -62.894	6	   2.890	   9.793	  35.789
62	 -60.163	6	  39.503	  20.153	  16.289
63	 -58.802	6	  10.500	  17.769	 -11.722
64	 -58.028	6	  13.742	   3.751	  41.756
65	 -52.737	5	   6.763	   7.552	  19.273
66	 -51.299	5	  -2.598	   1.170	  19.735
67	 -50.300	5	  28.751	 -12.253	   6.094
68	 -47.314	5	  26.624	 -17.088	  27.598
69	 -43.782	4	   9.838	  12.635	  -5.212
70	 -42.432	4	   0.877	   4.668	  42.272
71	 -41.185	4	   6.176	   0.375	   1.272
72	 -39.768	4	  28.653	  16.141	  36.566
73	 -38.983	4	  16.609	  41.877	   4.539
74	 -37.457	4	  32.635	  -2.822	  -1.187
75	 -30.697	3	  16.446	 -17.859	  29.900
76	 -29.921	3	   1.154	  21.614	  28.799
77	 -27.546	3	  18.613	  10.120	  -9.738
78	 -19.028	2	  37.350	  -7.859	   4.779
79	 -18.381	2	  25.835	  27.141	  38.294
80	 -18.322	2	  -6.630	  19.612	  19.274
81	  -9.579	1	  -0.650	  -6.859	  24.294
82	  -9.059	1	  34.350	  -1.859	  35.294
83	  -8.920	1	  10.350	  36.141	  34.294
