1	-1540.139	108	  -5.590	  -0.187	  31.943
2	-1159.798	92	  -6.652	  13.669	  31.375
3	-1051.336	87	  -5.344	 -14.834	  32.333
4	-901.279	81	  -8.054	 -21.523	  41.034
5	-896.200	81	   1.332	  23.057	  27.927
6	-767.801	63	   8.838	 -31.343	  20.961
7	-747.298	65	  14.954	  10.552	  18.644
8	-737.632	59	  14.056	 -10.909	  15.947
9	-651.975	54	 -23.647	  31.007	  35.428
10	-639.782	52	   9.580	  31.583	  22.338
11	-624.039	56	  13.592	  10.972	  29.946
12	-611.936	52	 -15.593	 -30.341	  47.821
13	-598.783	50	 -27.217	  -8.594	  21.072
14	-597.478	52	 -15.275	  22.015	  31.266
15	-586.274	53	  21.800	  24.452	  48.683
16	-581.137	52	  -0.028	 -22.554	  26.827
17	-570.156	51	   2.155	 -10.984	  14.933
18	-569.684	50	 -12.739	  -8.953	  50.667
19	-566.644	50	 -25.586	   9.124	  31.824
20	-560.249	50	  11.824	 -28.508	  -1.680
21	-559.555	51	 -12.714	 -25.406	   1.711
22	-554.542	48	  16.207	  -5.407	  39.901
23	-536.209	47	 -10.501	  18.315	  24.494
24	-527.222	44	 -10.078	 -19.585	  29.478
25	-504.921	42	  -9.405	   2.594	   6.306
26	-473.262	45	   9.298	 -24.565	  34.861
27	-467.680	41	  -5.443	   9.442	  53.666
28	-426.328	37	   8.267	  -0.138	  21.825
29	-424.538	39	  -7.299	  -1.385	  53.217
30	-423.959	40	  -6.681	 -10.470	  69.731
31	-406.102	40	 -17.040	 -22.418	  23.345
32	-401.135	34	 -26.457	  -9.570	  53.043
33	-390.578	34	  18.754	   4.112	  65.635
34	-390.122	36	  -3.170	  -4.304	  10.773
35	-385.612	32	   0.630	 -17.613	  37.517
36	-382.134	35	   4.049	 -16.122	  68.180
37	-362.995	33	 -12.651	  20.096	  50.521
38	-359.019	34	  15.208	   5.073	  37.076
39	-352.608	34	  -4.039	 -16.723	  -4.321
40	-352.470	32	   8.793	  28.452	  34.554
41	-348.126	31	  -3.933	 -28.009	  17.099
42	-347.865	32	 -22.480	  25.427	  24.805
43	-346.119	32	 -11.967	  11.596	   2.139
44	-343.699	32	 -35.184	  17.081	  10.214
45	-343.533	33	 -24.799	 -19.470	  -2.903
46	-339.194	30	 -31.572	  10.452	  44.625
47	-338.730	33	   7.153	 -35.360	   8.337
48	-334.517	31	   1.833	  25.772	  48.621
49	-333.848	31	  28.740	  17.725	  42.399
50	-333.267	31	 -17.354	 -25.732	  32.473
51	-331.335	30	  15.573	 -10.479	  69.400
52	-330.013	31	 -23.239	 -30.095	  62.491
53	-323.065	30	  32.281	  26.710	  24.298
54	-315.983	28	 -28.596	  30.889	  43.982
55	-313.824	28	  -0.662	  17.179	  10.216
56	-300.709	28	 -29.931	 -19.005	  18.151
57	-297.307	27	  -3.639	 -25.586	  51.197
58	-296.505	29	  -4.124	  24.859	  16.362
59	-295.752	27	  14.113	  25.863	  56.572
60	-292.035	28	  20.545	 -13.639	  48.262
61	-291.985	28	  -0.385	  19.674	  58.889
62	-291.556	28	 -33.813	  10.950	  -0.025
63	-290.503	27	 -41.633	   9.049	  22.921
64	-289.332	27	  10.672	 -21.714	  48.238
65	-281.450	26	 -25.891	   2.537	  25.827
66	-281.099	28	   6.872	 -18.649	  43.124
67	-275.938	25	  13.205	 -18.816	  62.046
68	-274.707	25	  25.158	  32.072	  19.711
69	-274.234	26	 -15.975	  21.693	  10.269
70	-271.906	27	 -21.702	  -0.587	  41.422
71	-266.594	25	 -46.428	  22.379	  36.574
72	-265.935	23	 -36.058	   0.190	  14.853
73	-264.230	25	 -25.223	 -19.654	  32.887
74	-259.730	23	 -24.099	 -31.073	  49.711
75	-256.630	22	  -3.848	  19.620	  36.970
76	-255.915	23	 -24.247	  10.218	  41.774
77	-254.741	24	 -28.017	  23.894	  15.454
78	-251.782	23	  24.415	   3.918	  49.895
79	-249.768	22	 -21.957	 -10.267	  46.663
80	-248.508	23	 -16.482	 -26.350	  71.142
81	-242.543	24	 -47.602	  12.794	  26.952
82	-240.955	23	 -39.204	  30.975	  38.945
83	-239.848	22	   3.746	 -23.674	  59.720
84	-239.206	22	  14.605	  30.466	  14.222
85	-237.565	23	 -23.735	 -22.434	  68.763
86	-235.200	23	  -3.981	   6.524	   8.668
87	-234.992	22	  19.652	  -2.365	  45.028
88	-234.984	22	 -21.446	 -25.640	   5.375
89	-233.840	23	 -15.318	   0.597	  -3.452
90	-231.791	23	  -1.932	  -3.456	  68.193
91	-231.534	22	 -38.751	   1.030	   5.986
92	-228.678	22	 -46.511	  27.615	  28.067
93	-226.404	21	  21.522	  18.658	  61.439
94	-225.734	21	  17.140	 -16.876	  34.616
95	-223.311	21	 -36.719	   5.336	  42.894
96	-222.107	21	  18.307	 -30.806	  18.490
97	-218.068	21	 -18.477	 -10.090	  -7.094
98	-216.605	21	  10.521	   2.485	  70.533
99	-216.479	21	 -31.925	 -21.289	  63.944
100	-212.967	19	 -27.004	  19.597	   4.039
101	-211.415	21	  23.361	 -21.180	   3.343
102	-201.835	20	 -27.463	  -9.959	  28.028
103	-200.720	20	 -31.269	  19.571	  52.495
104	-198.402	17	  16.982	 -30.881	   5.485
105	-194.032	19	 -30.245	  -6.802	  -2.409
106	-190.641	19	  -9.393	  25.617	  41.244
107	-189.449	18	  -4.740	 -23.724	  72.384
108	-185.520	19	 -34.844	 -10.070	  12.188
109	-184.462	18	 -25.060	  -5.485	  60.532
110	-183.997	18	  18.798	  35.618	  29.697
111	-182.209	18	 -35.605	  32.525	  29.423
112	-181.534	18	  16.562	  18.377	   7.598
113	-172.189	17	  34.314	  17.662	  34.492
114	-171.961	17	 -25.851	  12.396	  -4.233
115	-170.022	17	   6.610	  11.752	  68.623
116	-169.152	17	 -44.329	  20.913	  46.793
117	-168.336	16	   4.973	 -17.215	  -7.065
118	-164.608	16	 -14.998	 -12.644	  73.147
119	-162.440	16	  24.348	 -19.001	  18.386
120	-161.330	16	  30.792	  21.195	  13.623
121	-159.056	16	 -12.097	 -32.412	  62.377
122	-158.336	15	 -30.445	  28.158	  23.300
123	-151.713	15	  25.852	  -9.402	  61.937
124	-151.517	14	  29.753	  29.405	  41.091
125	-148.837	9	 -20.101	  -2.550	  11.860
126	-148.315	14	  -3.058	 -29.195	  -4.326
127	-147.821	15	 -28.399	  -2.964	  31.446
128	-147.162	14	 -41.219	   9.736	  16.030
129	-137.089	14	   7.121	   7.865	  10.899
130	-135.728	14	 -29.730	 -22.717	   5.631
131	-134.526	13	 -44.381	  22.970	  17.577
132	-134.369	13	   3.443	   4.374	  66.736
133	-132.034	8	  -7.299	 -16.696	  15.366
134	-131.448	8	   8.528	   2.367	  52.710
135	-130.413	13	  -0.975	 -10.855	   0.294
136	-129.779	13	  26.054	   9.068	  40.086
137	-128.224	13	  -0.574	  21.909	  43.057
138	-124.673	13	 -19.919	   3.876	  48.422
139	-123.022	12	  26.870	   7.527	  19.170
140	-120.297	12	 -45.975	   9.085	  40.798
141	-118.792	12	  16.661	  -7.030	   6.966
142	-118.678	12	 -33.150	 -18.281	  49.304
143	-115.978	11	  -0.576	  11.749	  60.042
144	-111.411	11	   7.893	  -6.179	   5.806
145	-110.922	11	  15.740	  30.208	  37.193
146	-110.808	11	  25.667	   8.695	  58.987
147	-109.496	11	 -37.019	 -15.091	   5.627
148	-109.457	11	  34.195	  14.141	  19.680
149	-109.255	11	  19.200	  -9.474	  28.785
150	-106.798	10	  -9.011	  -8.506	  -2.063
151	-104.040	10	  16.260	 -13.069	  -1.891
152	-103.689	10	  -4.914	 -28.024	  58.728
153	-102.649	10	 -36.130	   3.316	  32.341
154	-102.588	10	 -32.934	 -27.965	  45.198
155	-102.045	10	  13.228	  29.707	  44.917
156	-101.421	5	  -2.167	 -13.151	  51.441
157	-101.241	10	  -3.040	 -31.138	  10.493
158	 -99.046	10	  21.365	 -15.190	  59.746
159	 -98.862	9	  20.022	  10.412	  10.012
160	 -97.629	10	  25.355	  -3.009	  54.044
161	 -96.607	5	   9.228	  16.114	  38.639
162	 -96.373	10	   3.771	 -29.504	  26.929
163	 -95.541	9	  12.167	  25.293	   4.650
164	 -92.852	9	 -15.597	 -26.892	  18.148
165	 -91.362	9	 -29.401	 -10.494	  36.876
166	 -91.087	9	 -33.899	 -11.081	  53.947
167	 -87.942	8	 -24.191	  -1.256	  -7.213
168	 -87.836	9	 -34.150	  11.550	  51.936
169	 -87.340	9	 -32.532	   3.209	  -5.792
170	 -84.008	8	   5.659	  -3.951	  72.936
171	 -81.610	8	  23.609	 -10.765	  14.894
172	 -80.637	8	   5.229	  28.741	  56.843
173	 -77.665	7	  -2.778	   4.329	  59.618
174	 -76.861	8	  15.047	  -3.165	  24.179
175	 -76.602	8	 -11.341	  18.392	  14.957
176	 -74.119	4	 -23.060	  13.004	  22.486
177	 -71.558	7	 -45.069	   5.566	  32.703
178	 -71.001	7	 -37.017	  -7.530	   3.037
179	 -69.551	7	  26.630	   0.681	  60.989
180	 -67.862	7	  14.624	  17.893	  68.084
181	 -63.035	6	  28.911	  12.711	  54.044
182	 -60.102	6	  25.954	 -25.875	  24.027
183	 -57.078	6	 -14.437	  32.925	  41.673
184	 -51.970	5	 -13.711	  -3.443	  62.043
185	 -51.789	5	 -12.516	 -30.787	  10.281
186	 -48.230	5	   9.687	  22.984	  63.059
187	 -48.013	5	 -33.344	 -22.894	  55.850
188	 -46.881	5	  17.698	 -22.569	  54.837
189	 -46.781	5	 -31.954	 -21.106	  38.006
190	 -44.940	4	 -25.976	  28.026	  54.850
191	 -41.529	4	 -17.752	  11.265	  52.820
192	 -40.796	4	 -35.852	  25.004	  49.583
193	 -40.305	4	 -24.908	  -9.597	  69.298
194	 -40.261	4	  24.853	  19.329	   8.624
195	 -40.032	4	 -20.248	  23.218	   2.574
196	 -39.221	3	  -5.335	  -9.403	  39.628
197	 -39.185	4	  25.938	 -19.530	  10.882
198	 -38.898	4	 -18.579	  22.503	  55.359
199	 -37.672	4	  31.210	  35.004	  31.838
200	 -37.421	4	   7.464	  -1.940	  13.622
201	 -29.665	3	  16.155	  36.004	  20.175
202	 -29.622	3	   4.972	  30.325	   8.993
203	 -29.399	3	 -26.253	 -27.941	  14.487
204	 -28.907	3	 -21.511	   6.653	  -7.816
205	 -28.160	3	  22.122	   7.004	  33.175
206	 -26.897	3	 -14.523	 -31.996	  35.855
207	 -20.093	2	 -12.528	   0.004	  36.318
208	 -19.637	2	  23.956	 -16.480	  26.334
209	 -19.483	2	 -28.029	 -31.494	  39.346
210	 -18.738	2	 -18.562	 -34.996	  53.884
211	 -17.296	1	 -13.528	 -22.996	  53.850
212	 -16.038	1	   4.472	  -0.996	  34.850
213	 -10.645	1	  32.472	   9.004	  28.850
214	  -9.696	1	 -38.528	  31.004	  20.850
215	  -9.621	1	   5.472	   9.004	  31.850
216	  -9.504	1	 -22.528	  34.004	  48.850
217	  -9.464	1	  -1.528	  31.004	  19.850
218	  -9.338	1	  -7.528	 -30.996	   2.850
219	  -9.236	1	 -10.528	 -35.996	  54.850
220	  -9.037	1	  20.472	 -31.996	  26.850
221	  -8.958	1	  25.472	 -28.996	  11.850
