1	-1142.277	82	   7.789	  47.760	  25.821
2	-1068.502	85	 -11.482	  55.599	  38.097
3	-998.971	76	  -0.535	  48.000	  35.226
4	-966.297	87	  -3.470	  39.022	  29.480
5	-918.898	77	  20.074	  53.282	  40.428
6	-810.911	59	  -6.143	  52.665	  30.219
7	-807.416	50	 -16.371	  47.609	  47.482
8	-766.709	69	 -26.507	  37.094	  24.972
9	-746.352	56	  15.181	  44.657	  49.651
10	-696.762	67	 -11.503	  41.803	  20.530
11	-664.197	59	 -33.647	  61.314	  24.630
12	-639.293	59	  -5.444	  35.329	  50.284
13	-603.774	55	  13.775	  68.648	  46.564
14	-541.721	47	 -25.260	  68.123	  29.788
15	-540.023	53	  20.665	  33.335	  48.135
16	-538.677	44	 -10.421	  49.191	  58.465
17	-512.592	46	 -38.704	  53.163	  31.117
18	-428.512	40	  12.450	  52.011	   5.484
19	-406.856	39	   7.349	  18.521	  26.576
20	-402.851	35	   1.708	  24.387	  29.927
21	-402.396	37	   7.422	  52.821	  56.490
22	-395.660	35	  14.314	  41.381	  12.462
23	-380.238	37	 -11.763	  47.604	   1.177
24	-372.636	31	  -2.185	  39.143	  19.441
25	-371.137	34	 -13.830	  53.547	  11.425
26	-366.484	33	  13.143	  18.907	  30.496
27	-363.397	31	  -8.293	  65.112	  35.038
28	-360.551	34	 -11.338	  64.347	  54.726
29	-352.572	33	 -13.295	  26.251	  49.777
30	-336.222	29	   5.820	  24.249	  18.023
31	-325.352	29	 -24.583	  42.902	  14.379
32	-322.207	28	  14.245	  62.759	  27.562
33	-321.958	29	  11.743	  34.866	  50.429
34	-320.975	30	  -9.518	  58.660	  60.075
35	-306.713	28	 -31.856	  64.389	  41.070
36	-294.231	29	 -42.831	  49.186	  37.288
37	-288.071	27	  27.400	  32.255	  33.804
38	-286.239	26	 -21.115	  64.995	  46.644
39	-284.468	26	 -16.033	  68.793	  42.012
40	-282.323	26	  10.811	  67.937	  34.668
41	-279.735	23	  -3.042	  50.542	  56.933
42	-277.331	26	 -20.156	  57.601	  16.081
43	-270.883	17	  -7.499	  37.976	  38.568
44	-269.270	21	  -0.385	  62.988	  35.463
45	-265.655	23	   8.914	  21.986	  43.591
46	-247.140	25	  27.463	  50.713	  38.187
47	-241.716	21	  -5.915	  27.917	  38.722
48	-235.711	22	  13.130	  62.755	  17.833
49	-235.044	22	  19.711	  55.365	  12.225
50	-234.323	21	 -38.207	  36.600	  41.742
51	-232.770	22	 -20.895	  29.468	  35.066
52	-229.011	21	 -36.704	  31.197	  31.697
53	-226.515	19	 -21.078	  32.872	  52.148
54	-222.037	21	  -2.948	  20.638	  40.567
55	-221.767	21	  22.361	  46.472	  15.385
56	-219.566	21	  22.742	  24.649	  25.323
57	-210.167	19	  -6.225	  64.506	  21.706
58	-209.103	19	  21.101	  57.675	  24.084
59	-206.143	19	   1.604	  64.407	  17.365
60	-205.762	21	 -28.142	  36.311	  53.341
61	-201.205	20	   9.230	  17.438	  37.940
62	-199.746	19	 -18.257	  25.449	  42.730
63	-195.998	19	  -6.459	  35.758	  -1.212
64	-195.722	17	 -13.459	  66.455	  25.367
65	-194.851	19	 -27.867	  27.047	  30.990
66	-192.506	19	  -2.267	  76.350	  50.460
67	-191.783	19	   3.030	  54.440	   2.722
68	-191.623	18	   8.656	  66.250	  56.657
69	-191.493	18	 -23.088	  45.093	  56.864
70	-187.634	18	  -0.137	  30.233	  12.311
71	-184.614	17	  -7.220	  63.672	  11.583
72	-181.894	18	  -1.378	  62.548	  59.747
73	-179.279	17	   6.438	  44.434	  53.506
74	-178.656	17	 -16.385	  38.563	  11.502
75	-169.520	16	 -36.577	  43.610	  22.684
76	-166.687	13	 -35.985	  55.718	  51.760
77	-164.426	10	 -27.011	  46.389	  27.516
78	-161.095	15	 -30.052	  51.990	  15.479
79	-158.178	15	  31.215	  42.586	  24.933
80	-154.927	15	   4.430	  71.706	  36.273
81	-150.824	14	   3.607	  66.874	  27.817
82	-149.163	14	   0.089	  41.164	  52.221
83	-147.267	13	 -19.689	  55.779	  58.286
84	-138.313	14	 -40.590	  47.941	  51.138
85	-135.538	11	 -31.483	  30.668	  42.854
86	-133.093	13	  14.858	  58.429	  53.248
87	-132.090	13	 -12.466	  33.220	  34.857
88	-124.042	12	 -34.353	  43.770	  61.297
89	-122.471	12	  -0.568	  17.370	  26.540
90	-122.326	12	  -2.828	  59.400	   6.380
91	-120.066	12	  -8.236	  32.307	   9.824
92	-119.306	12	  30.656	  49.904	  29.667
93	-110.237	11	  18.686	  32.831	  14.946
94	-110.166	11	   5.648	  42.372	  -0.215
95	-100.197	10	  17.368	  21.613	  15.593
96	 -98.971	10	 -21.763	  68.739	  20.766
97	 -89.230	9	 -13.148	  39.667	  -2.918
98	 -88.872	9	  -4.568	  74.005	  41.180
99	 -86.986	8	 -11.988	  64.929	  17.062
100	 -85.856	8	  17.436	  62.536	  35.685
101	 -83.221	8	 -41.133	  43.966	  31.808
102	 -80.373	8	 -15.203	  40.171	  55.521
103	 -77.804	8	  20.671	  61.348	  46.066
104	 -77.502	8	  -1.529	  30.218	  22.229
105	 -76.889	8	 -23.290	  62.000	  55.909
106	 -73.216	7	  24.816	  58.015	  33.269
107	 -69.772	7	   5.386	  28.132	  52.825
108	 -66.809	7	 -27.280	  62.604	  16.711
109	 -66.717	7	  22.572	  22.609	  33.100
110	 -65.185	7	 -41.016	  34.921	  25.999
111	 -63.419	6	   9.560	  22.279	  11.533
112	 -61.452	6	 -41.141	  56.941	  40.571
113	 -60.433	6	   3.520	  31.595	   3.353
114	 -59.811	6	  12.676	  64.056	   3.998
115	 -57.140	6	 -12.916	  30.413	   2.346
116	 -50.889	5	 -30.441	  52.787	  59.061
117	 -50.606	5	  18.774	  63.188	  10.689
118	 -49.127	5	   6.958	  75.985	  45.679
119	 -47.566	5	 -38.391	  38.485	  51.861
120	 -47.489	5	 -25.776	  26.203	  50.209
121	 -45.292	4	   2.031	  38.398	  36.951
122	 -43.955	3	 -30.728	  49.985	  33.689
123	 -40.904	3	 -10.057	  51.790	  20.646
124	 -39.368	3	  -4.494	  57.589	  16.017
125	 -39.210	4	  30.799	  42.571	  42.689
126	 -37.468	4	  11.035	  30.095	   5.900
127	 -36.816	2	  22.062	  45.597	  38.689
128	 -35.429	3	  21.561	  35.542	  41.689
129	 -29.768	2	  -2.439	  42.249	  44.689
130	 -29.528	3	 -20.133	  41.209	   2.734
131	 -29.044	3	 -30.820	  63.907	  53.366
132	 -27.062	3	  -3.109	  74.263	  58.020
133	 -24.767	2	   8.561	  35.137	  39.689
134	 -20.494	2	  23.561	  50.076	  46.689
135	 -20.305	2	  27.104	  39.769	  18.775
136	 -19.181	2	  29.598	  31.634	  22.245
137	 -12.238	1	 -18.439	  51.597	  30.689
138	 -12.152	1	  22.561	  48.597	  27.689
139	 -10.285	1	   1.561	  12.597	  35.689
140	  -9.210	1	  33.561	  39.597	  35.689
141	  -9.148	1	 -35.439	  35.597	  18.689
142	  -9.148	1	 -31.439	  53.597	  40.689
143	  -8.905	1	  -0.439	  22.597	  51.689
