1	-909.263	78	   8.777	  14.268	  11.196
2	-851.076	77	  43.289	  20.140	  27.516
3	-850.227	73	   7.177	  10.006	  -2.642
4	-747.733	57	  38.043	  31.086	  12.607
5	-732.509	55	   7.747	   2.538	  13.101
6	-732.245	65	  17.365	  -1.284	  23.424
7	-726.014	62	  46.615	  21.362	  18.418
8	-710.904	58	  41.264	  14.723	   5.590
9	-676.883	61	  27.834	  27.345	  21.983
10	-668.306	60	  31.710	   7.610	   5.552
11	-605.767	45	  24.737	   8.168	  24.407
12	-590.708	44	  22.133	  24.146	   0.602
13	-578.037	50	  37.412	  21.352	  -0.397
14	-543.058	45	  24.150	  -0.592	   4.682
15	-499.501	43	  31.557	  31.404	   0.281
16	-494.812	35	  14.376	  26.831	   3.689
17	-477.348	44	  22.876	  -3.763	  14.269
18	-469.060	44	  21.332	  33.750	  32.293
19	-461.518	35	  34.369	   9.251	  13.378
20	-452.812	43	  19.424	  20.582	  16.290
21	-450.691	40	  27.979	  25.534	  14.047
22	-448.698	33	  23.125	  15.780	  12.517
23	-444.130	35	  10.066	   0.951	  -0.078
24	-432.853	33	  25.486	  10.105	   1.771
25	-419.532	30	  23.619	  14.792	  28.938
26	-419.066	34	  36.303	  13.544	  28.514
27	-418.807	36	  10.013	   3.670	  -7.460
28	-396.122	30	  34.907	  26.457	  18.729
29	-382.261	33	  15.187	  11.953	  14.965
30	-376.097	34	  19.272	   9.952	  37.693
31	-356.692	34	   0.407	  30.929	  13.724
32	-351.961	28	  12.567	  17.530	  -4.783
33	-315.832	27	  48.331	  15.324	  23.394
34	-307.657	29	  -2.828	  22.150	  14.661
35	-304.205	30	  33.174	  11.194	  35.950
36	-290.670	25	  25.443	  37.379	  23.498
37	-286.551	28	  14.212	  31.879	  13.946
38	-283.518	24	  24.879	  24.092	 -13.395
39	-282.972	26	  39.425	   3.304	   7.228
40	-258.908	25	  44.548	   8.109	  20.488
41	-253.111	24	  24.054	  -2.119	  31.235
42	-251.018	23	  14.106	  36.554	  -0.234
43	-250.530	25	  33.749	  -5.318	  16.810
44	-242.110	22	  15.488	  23.947	  24.446
45	-223.824	23	  46.831	   6.644	  13.529
46	-223.213	23	  34.225	  14.040	  -8.859
47	-221.339	21	  25.811	  31.478	  -8.539
48	-213.502	19	  -1.309	  14.195	   7.155
49	-208.162	20	  15.473	   9.433	  22.728
50	-206.402	18	  33.003	  -3.200	  29.205
51	-199.572	19	   8.121	  24.183	  18.737
52	-197.540	19	  23.311	  30.888	   8.348
53	-187.404	18	  35.737	  29.934	  29.842
54	-186.487	18	  18.800	   7.129	  -8.826
55	-178.842	17	  31.207	   3.134	  -1.724
56	-162.036	16	   1.128	  13.390	  -4.618
57	-160.845	15	   4.800	  31.152	   2.296
58	-160.298	11	   7.226	   6.869	   7.044
59	-156.934	15	  23.021	  18.953	  39.121
60	-156.772	14	  30.548	  35.765	  31.018
61	-154.976	15	  12.175	  23.641	 -10.102
62	-154.500	16	  25.975	   4.890	  -8.805
63	-147.272	13	  -0.093	  16.611	  19.074
64	-142.505	14	  49.905	  16.913	  10.100
65	-141.977	14	  16.762	  -4.859	  -0.791
66	-132.585	13	  16.807	  -7.804	   5.421
67	-129.275	13	  24.738	  29.008	  36.371
68	-125.500	11	  -3.140	   7.280	  16.155
69	-124.656	12	  32.904	  26.231	  -6.040
70	-124.359	13	  18.388	  17.486	 -16.130
71	-116.922	12	  21.822	  -0.847	  -6.968
72	-109.862	11	  42.847	  10.780	  33.556
73	 -89.988	6	  29.396	  16.571	  17.695
74	 -86.929	9	   3.744	  -2.145	   6.931
75	 -86.341	9	   9.008	  15.787	 -12.656
76	 -86.316	9	  40.955	   1.975	  31.018
77	 -78.739	8	   2.680	  -1.916	  17.636
78	 -74.977	8	  46.898	  29.684	  17.983
79	 -74.074	7	   8.726	  24.617	  31.910
80	 -73.502	5	  18.474	  14.268	   6.499
81	 -69.879	7	  35.140	  39.145	  23.729
82	 -69.505	7	   4.608	   1.965	  25.545
83	 -69.092	7	   4.295	  38.001	   8.641
84	 -68.602	7	  42.567	  31.258	   5.279
85	 -62.494	6	   6.992	  25.325	  -4.491
86	 -59.810	6	  32.110	  41.755	   7.480
87	 -52.109	5	  30.111	  23.464	  34.414
88	 -50.594	5	  14.410	  25.059	  38.885
89	 -49.421	5	  50.475	   9.704	  30.086
90	 -48.832	5	   9.100	  36.810	  17.352
91	 -46.538	5	  11.258	  16.532	  29.300
92	 -42.306	4	  29.299	  44.529	  27.178
93	 -40.209	4	  16.307	  28.453	 -13.845
94	 -39.959	4	  20.284	  37.765	   5.290
95	 -39.013	4	  -0.301	  21.013	   3.466
96	 -38.643	4	  32.885	   3.036	  37.880
97	 -28.455	3	  31.961	  20.957	 -12.628
98	 -20.376	2	  11.284	  -6.157	  15.165
99	 -19.860	2	   8.284	  32.859	  -7.759
100	 -19.668	2	   1.284	   9.769	  23.695
101	 -19.274	2	  39.284	  40.313	  11.229
102	 -19.227	2	  -7.693	  12.267	  20.160
103	 -19.210	2	  12.284	   8.844	  32.102
104	 -19.112	2	  11.225	   9.254	 -16.776
105	 -18.801	2	  -0.215	   7.313	   0.196
106	 -10.516	1	   3.284	   7.313	 -12.305
107	  -9.039	1	  29.284	  42.313	  16.695
