1	-1990.190	167	   8.646	  22.160	  32.043
2	-1288.472	113	   1.645	  16.998	  24.997
3	-1248.534	95	  37.727	  25.809	  33.642
4	-896.767	72	   7.127	  24.708	  12.458
5	-869.417	76	  14.671	  41.689	  28.213
6	-759.878	71	  43.897	  30.527	  70.269
7	-756.896	65	  25.829	  25.054	  28.467
8	-752.461	60	  33.116	  22.594	  26.890
9	-714.919	66	  28.547	   2.322	  50.720
10	-684.327	63	  14.309	  37.430	   5.769
11	-683.750	65	  53.286	  -3.176	  49.902
12	-607.856	55	  -2.151	  15.069	  35.795
13	-603.186	53	  53.359	  21.951	  22.486
14	-597.713	53	  42.845	  27.728	  58.655
15	-564.860	41	  14.375	  24.773	  46.929
16	-555.403	49	  42.167	  -1.576	  32.859
17	-554.360	51	  36.725	  32.347	   4.081
18	-552.819	45	  19.080	  30.699	  42.169
19	-552.461	49	  23.906	   1.821	  24.165
20	-550.710	50	  55.860	   6.352	  32.615
21	-549.159	47	  48.367	  13.228	  55.522
22	-530.237	47	  43.804	  40.599	  14.469
23	-526.670	49	   9.921	   1.861	  49.962
24	-525.939	49	  22.560	  24.268	   2.882
25	-508.720	49	  42.594	  29.151	  17.242
26	-503.761	46	  15.225	  -0.614	  30.540
27	-490.314	47	   6.739	  43.061	  23.082
28	-478.694	34	  20.434	  13.336	  37.951
29	-460.089	42	  30.464	  -4.173	  36.464
30	-449.474	40	  57.593	  25.471	  28.286
31	-433.386	41	  37.744	  36.344	  36.023
32	-408.988	39	  12.259	  21.347	  55.148
33	-408.075	33	  33.678	  -8.986	  50.559
34	-380.002	36	  11.007	  28.788	  39.716
35	-370.266	31	  11.710	   0.703	  39.471
36	-369.192	34	  22.744	  -6.050	  37.632
37	-368.204	33	  60.133	   4.617	  50.224
38	-349.672	32	  -1.557	  14.078	  57.967
39	-333.886	31	   4.687	  45.486	   7.556
40	-325.921	30	  64.499	  19.144	  33.311
41	-322.762	29	  19.754	  51.839	  26.577
42	-318.008	30	  32.061	  54.091	  27.402
43	-313.394	30	  42.178	   5.873	  19.771
44	-297.941	22	   7.635	   8.689	  28.014
45	-295.678	28	  22.764	  10.035	   7.522
46	-292.602	20	  20.363	  18.950	  44.859
47	-288.567	26	  20.217	  47.763	   3.709
48	-286.411	27	  13.301	  53.254	  18.638
49	-282.677	25	  18.491	  15.860	  54.533
50	-271.851	27	  44.701	   6.116	  54.197
51	-268.714	25	  29.705	  34.372	  43.237
52	-262.368	25	  58.106	  24.325	  51.590
53	-256.157	25	  38.106	  -8.955	  42.546
54	-251.053	25	  28.272	  45.233	  36.534
55	-248.954	24	   1.326	  34.647	  26.165
56	-245.368	23	  22.482	  26.399	  53.535
57	-243.929	22	  30.203	  24.729	  57.057
58	-231.592	23	  49.757	  22.520	  62.174
59	-231.054	22	  58.391	   7.209	  57.801
60	-223.427	20	  33.732	   8.388	  18.063
61	-222.622	21	  46.023	   2.859	  26.787
62	-215.274	20	  45.908	  32.368	  32.108
63	-214.461	20	  22.230	  -7.591	  47.205
64	-211.276	15	  35.625	  -2.287	  47.961
65	-210.830	20	  40.033	  38.958	  24.132
66	-193.821	19	  62.092	  14.699	  44.651
67	-192.751	19	   5.613	  31.465	   8.849
68	-186.160	17	  16.553	  36.939	  38.610
69	-183.683	17	  43.444	  42.790	   4.533
70	-178.202	17	  15.034	  -1.884	  54.896
71	-178.071	17	  35.963	   7.758	  58.184
72	-177.493	18	  -7.638	  18.069	  41.941
73	-168.517	12	  29.295	  24.508	  19.147
74	-166.432	16	   1.186	  20.187	  10.332
75	-166.390	16	  44.851	  -7.774	  55.455
76	-165.556	15	   2.520	  19.405	  63.161
77	-163.940	16	  26.976	  41.808	   1.241
78	-159.699	16	  26.023	  54.476	   8.901
79	-147.775	14	  17.758	  52.494	   9.358
80	-145.170	14	  12.580	  -7.101	  44.215
81	-141.207	13	  59.912	  30.977	  40.452
82	-140.732	14	  11.173	  10.601	  56.779
83	-139.948	14	  35.964	  24.541	  70.114
84	-136.872	13	  31.184	  56.954	  19.641
85	-135.536	13	  54.537	  31.486	  31.841
86	-133.726	14	   7.459	  38.905	  35.547
87	-133.189	13	  -0.682	   5.848	  31.319
88	-132.636	13	  20.841	  58.020	  18.571
89	-131.049	13	   3.189	   4.112	  23.464
90	-129.053	12	  39.901	  46.986	  23.161
91	-127.605	11	  42.521	  47.650	  11.616
92	-127.337	7	  38.095	  22.073	  18.544
93	-126.596	12	  64.265	  10.577	  52.204
94	-122.126	12	  57.155	   7.934	  18.745
95	-120.875	12	  49.076	  -6.483	  39.934
96	-117.795	12	   9.311	   0.414	  15.019
97	-117.681	11	  31.818	  28.869	  63.319
98	-117.390	10	  14.528	  18.755	   2.710
99	-113.547	11	  35.967	  52.820	  14.291
100	-109.202	10	  21.322	   5.464	  52.370
101	-107.131	10	   3.336	   1.485	  39.743
102	-104.926	7	  27.422	   7.246	  39.915
103	-104.694	10	  50.252	  13.589	  14.269
104	-103.011	9	   6.196	  48.611	  18.633
105	-101.892	10	  -3.681	  26.411	  53.171
106	-101.078	10	  57.811	  -0.024	  37.358
107	 -92.882	9	  -4.695	   7.168	  51.003
108	 -88.648	8	  36.451	  -4.586	  28.325
109	 -87.623	9	  -5.900	  18.458	  50.191
110	 -86.170	9	   8.921	   6.913	   5.038
111	 -83.588	8	  17.385	   1.878	  12.602
112	 -79.048	8	  29.150	  14.646	   5.850
113	 -76.941	8	  34.508	  51.205	   1.818
114	 -73.603	7	  -1.987	  24.153	  45.185
115	 -70.159	7	  47.623	  26.163	  24.202
116	 -70.098	7	  36.250	  39.916	   1.792
117	 -68.833	7	  47.212	  28.025	   5.206
118	 -68.166	6	  36.980	  19.289	  10.782
119	 -67.877	7	  65.813	  13.335	  17.346
120	 -66.473	6	  -6.194	   5.111	  43.076
121	 -64.563	6	  33.884	  18.489	  63.678
122	 -62.321	6	  25.574	   5.802	  16.277
123	 -61.247	6	  52.545	  31.743	  48.499
124	 -60.579	6	  19.068	  32.742	   0.351
125	 -59.126	6	   5.482	  28.747	  50.498
126	 -58.241	6	  32.218	  33.060	  49.856
127	 -56.446	6	  66.518	   8.586	  30.526
128	 -54.713	5	  21.750	  42.095	  42.548
129	 -51.682	5	  59.010	  18.526	  16.771
130	 -51.275	5	  34.330	  34.461	  58.385
131	 -46.768	5	  44.299	  22.302	  12.909
132	 -42.766	4	  40.169	   0.142	  55.346
133	 -40.057	4	   8.748	  47.529	  -0.126
134	 -39.114	4	  -2.535	  21.930	  21.192
135	 -38.998	4	  -0.253	  31.340	  16.896
136	 -37.804	4	  60.238	   5.485	  25.830
137	 -37.614	4	   0.012	   6.772	  16.107
138	 -34.133	2	  23.645	  30.561	  23.037
139	 -31.602	3	  21.518	  14.405	  20.313
140	 -31.055	3	  30.814	  20.048	  42.346
141	 -29.482	3	  51.833	  28.115	  71.974
142	 -28.312	2	   9.518	  18.743	  17.705
143	 -28.221	3	  43.542	  18.087	  64.346
144	 -20.850	2	  12.023	  26.743	   0.346
145	 -19.025	2	  14.518	  29.227	  55.346
146	 -18.865	1	   1.518	  12.743	  46.346
147	 -18.765	2	  69.518	  16.238	  25.346
148	 -18.743	2	   7.011	   1.743	  32.332
149	 -18.604	2	  45.098	  33.743	  45.798
150	 -18.229	2	  37.014	  38.743	  69.842
151	 -17.979	2	  11.518	  53.743	   3.845
152	 -17.959	1	  43.518	  12.743	  21.346
153	 -16.407	1	  34.518	  37.743	  19.346
154	  -9.571	1	   3.518	  43.743	  30.346
155	  -9.528	1	  50.518	  32.743	  12.346
156	  -9.279	1	  -2.482	  13.743	   8.346
157	  -9.195	1	   4.518	  21.743	   1.346
158	  -9.014	1	  65.518	   9.743	  39.346
159	  -9.007	1	  65.518	  16.743	  58.346
