1	-1264.458	109	  68.464	  50.073	  17.517
2	-1011.275	90	  55.896	  52.412	  17.260
3	-807.334	70	  85.661	  49.474	   3.554
4	-680.516	60	  78.116	  52.978	  28.482
5	-629.109	53	  51.652	  57.166	  20.168
6	-589.287	51	  64.996	  58.126	  32.561
7	-518.681	45	  93.259	  36.255	  15.393
8	-469.016	40	  56.089	  57.854	  41.245
9	-463.881	40	  83.709	  35.894	  -0.007
10	-456.491	43	  48.669	  40.084	  40.659
11	-442.199	41	  79.897	  47.873	  37.810
12	-436.648	40	  73.640	  60.914	  17.356
13	-431.625	40	  79.370	  47.135	  -5.316
14	-428.224	40	  74.828	  42.087	  22.266
15	-424.999	39	  75.512	  40.942	  -3.619
16	-420.709	33	  60.677	  50.544	  22.152
17	-420.516	36	  58.130	  46.950	   6.094
18	-412.785	37	  47.139	  33.964	  31.004
19	-398.358	38	  66.409	  59.450	  -3.812
20	-387.412	34	  82.718	  41.758	   9.615
21	-345.368	31	  55.036	  46.817	  44.796
22	-335.873	29	  88.445	  42.685	  -5.065
23	-325.633	28	  60.259	  41.064	  21.041
24	-322.372	29	  72.087	  43.414	  30.545
25	-312.098	29	  44.278	  52.202	  39.566
26	-309.693	30	  42.190	  39.485	  21.953
27	-304.634	28	  96.707	  34.136	  30.783
28	-299.692	29	  54.275	  68.031	  30.412
29	-297.471	26	  81.052	  54.109	  -3.394
30	-297.420	27	  85.506	  34.486	  25.028
31	-278.769	26	  88.287	  59.795	   3.196
32	-275.202	26	  84.810	  61.049	  24.424
33	-273.287	27	  61.663	  68.603	  13.091
34	-255.620	23	  94.814	  48.781	   9.558
35	-246.119	22	  96.015	  50.883	  40.855
36	-243.997	23	  80.627	  73.617	  14.381
37	-242.625	24	  44.689	  63.086	  37.887
38	-234.127	22	  71.079	  77.138	   8.843
39	-230.698	16	  67.199	  59.104	  13.259
40	-228.330	21	  85.932	  34.896	  32.478
41	-227.217	21	  93.999	  52.834	  18.622
42	-222.640	22	  55.836	  34.183	  25.131
43	-221.651	21	  74.005	  69.791	  11.737
44	-213.402	20	  96.391	  55.151	  34.737
45	-211.588	20	  74.321	  38.452	   4.342
46	-204.408	20	  97.070	  37.089	  -1.300
47	-200.259	19	  49.763	  43.779	  12.997
48	-192.519	19	  96.340	  41.582	  38.113
49	-182.625	18	  60.512	  62.671	   6.254
50	-175.930	18	  66.887	  43.058	  40.310
51	-170.616	16	  70.938	  48.996	  -8.676
52	-168.626	16	  40.757	  60.151	  22.890
53	-165.036	16	  86.405	  68.666	   6.644
54	-141.614	13	  98.669	  41.957	  24.247
55	-141.527	14	  70.155	  51.624	  38.969
56	-136.809	13	  84.517	  38.812	  40.553
57	-127.621	13	  46.424	  65.244	  22.247
58	-126.330	12	  85.305	  36.045	  17.779
59	-125.784	12	  34.060	  51.088	  26.287
60	-123.428	11	  56.795	  65.373	  21.792
61	-120.082	12	  63.650	  74.846	   0.267
62	-114.996	11	  65.631	  37.403	   5.081
63	-114.519	10	  65.134	  63.921	  21.212
64	-113.652	11	  40.757	  43.276	  36.940
65	-111.558	11	  74.111	  61.261	  -8.860
66	-105.646	10	  37.808	  42.664	  29.263
67	 -99.295	10	  98.775	  49.352	  28.161
68	 -94.470	9	  93.197	  33.077	   7.494
69	 -94.045	6	  61.273	  48.119	  36.993
70	 -93.945	9	  87.078	  79.798	  12.986
71	 -93.232	9	  87.780	  61.995	  40.614
72	 -89.903	9	  62.706	  39.582	  -4.555
73	 -88.496	9	  91.408	  31.026	  -6.399
74	 -88.265	8	  45.853	  51.097	  13.940
75	 -87.280	9	  60.625	  55.336	  -0.298
76	 -84.880	8	  82.914	  60.618	  35.417
77	 -83.904	8	  38.833	  49.439	  19.401
78	 -79.601	8	  89.332	  78.077	   5.377
79	 -77.757	8	  79.533	  65.153	  -5.668
80	 -77.399	7	  90.609	  61.038	  13.199
81	 -69.979	7	  68.187	  39.995	  12.326
82	 -59.135	6	  72.640	  53.899	  23.897
83	 -55.665	6	  69.846	  74.079	  -7.752
84	 -51.349	5	  83.826	  34.944	  -9.748
85	 -50.400	5	  98.431	  39.269	  10.413
86	 -47.960	5	  63.872	  69.742	 -10.012
87	 -47.310	5	  45.280	  30.656	  22.776
88	 -43.179	4	  80.751	  81.011	   5.261
89	 -41.971	4	  60.202	  40.741	  47.240
90	 -38.741	4	  97.472	  35.033	  21.563
91	 -38.458	4	  92.944	  57.064	  27.514
92	 -38.450	4	  57.730	  43.475	  -0.468
93	 -38.194	4	  87.491	  55.505	  44.510
94	 -28.787	3	  75.472	  39.231	  37.361
95	 -28.517	3	  36.148	  62.272	  29.764
96	 -27.420	3	  75.804	  78.610	  -1.248
97	 -20.487	2	  86.472	  68.815	  19.220
98	 -18.766	2	  53.986	  30.786	  17.707
99	  -9.727	1	  48.472	  35.272	  13.763
100	  -9.578	1	  63.472	  51.272	  -8.237
101	  -9.571	1	  89.472	  28.272	  17.763
102	  -9.563	1	  89.472	  27.272	  26.763
103	  -9.062	1	  93.472	  75.272	  12.763
104	  -9.006	1	  44.472	  69.272	  30.763
