1	-982.216	76	  13.862	  10.580	  22.908
2	-829.436	64	  16.492	  13.121	   9.506
3	-649.684	50	  14.808	   6.318	   5.565
4	-628.014	59	  27.510	  -8.698	  32.048
5	-587.650	51	  18.548	   4.697	  -1.001
6	-576.678	54	  28.654	  34.235	   5.037
7	-566.607	46	  10.512	  16.899	  27.005
8	-553.655	52	   9.826	   4.415	  26.558
9	-492.867	41	  11.952	  18.936	  34.137
10	-487.065	46	  12.484	  17.941	   4.865
11	-477.438	43	  36.679	   9.872	  18.285
12	-473.536	44	  36.200	  17.629	  20.930
13	-402.462	36	  33.991	   2.660	   5.538
14	-348.085	32	   2.253	  18.127	  19.403
15	-347.855	32	   4.290	   3.637	   9.796
16	-337.267	33	   7.162	  -8.367	   5.155
17	-337.007	31	   8.849	  33.182	   5.607
18	-307.145	28	  26.274	  22.671	  33.088
19	-305.495	29	  21.853	  16.946	  35.571
20	-285.923	28	  26.850	   7.809	   0.263
21	-283.641	26	   8.952	 -10.189	  24.785
22	-255.075	25	  33.047	  11.244	  33.679
23	-254.587	20	  19.667	  12.073	  17.058
24	-241.265	24	  33.799	   2.310	  34.164
25	-240.632	21	  18.944	  30.479	   0.643
26	-231.142	21	  35.016	  -8.013	  22.914
27	-225.546	22	  36.629	  24.799	   5.371
28	-224.605	22	   3.760	  31.370	  26.334
29	-215.055	19	  32.776	  34.723	  16.184
30	-213.630	21	  -3.233	  -4.800	  10.166
31	-209.624	20	  22.158	  21.393	  -6.938
32	-207.341	20	  36.925	  14.668	   5.120
33	-199.436	19	  12.158	  37.415	  23.979
34	-198.826	18	  16.460	  -5.729	  33.717
35	-196.416	14	  16.419	  21.569	  12.096
36	-196.257	20	   9.799	  23.206	  -0.358
37	-193.850	18	  19.016	 -13.661	   8.878
38	-190.881	18	   3.877	  -9.978	  16.582
39	-189.869	18	   1.045	  31.224	  11.670
40	-187.098	19	  13.989	  35.605	  13.773
41	-186.734	13	  16.091	   1.892	  21.170
42	-175.378	16	  -2.742	  19.703	   8.640
43	-168.999	17	  15.389	 -12.745	  18.443
44	-166.363	17	   6.114	  -0.657	  31.613
45	-147.627	15	  16.044	   4.589	  40.889
46	-144.483	15	  20.446	  -4.605	  -1.826
47	-138.273	12	  26.404	   7.343	  40.236
48	-122.545	11	  32.603	  19.122	  -2.724
49	-119.846	12	  33.110	  25.725	  32.192
50	-116.467	12	  13.015	  28.435	  35.505
51	-114.961	11	  -3.089	   1.367	  18.303
52	-114.101	12	   7.599	  13.831	  12.465
53	-110.960	11	  33.617	 -10.872	  13.970
54	-110.514	10	  19.617	  40.424	  15.468
55	-109.754	11	  28.478	  36.122	  24.287
56	-108.867	11	  -1.449	  29.242	  21.544
57	-104.655	10	  23.389	 -15.820	  19.234
58	-100.206	10	  35.928	  28.430	  16.808
59	 -93.748	9	  30.218	 -12.576	   7.571
60	 -92.031	9	  23.116	  37.938	  29.587
61	 -90.896	9	  -6.116	  25.495	  16.131
62	 -80.689	8	  38.768	  -1.689	  16.803
63	 -68.435	7	  19.181	  41.815	   5.145
64	 -62.303	6	  37.493	   0.030	  25.549
65	 -52.386	5	   3.233	  10.733	  36.369
66	 -49.035	5	   2.968	   4.959	  43.141
67	 -46.991	5	   7.630	  36.939	  18.030
68	 -43.217	4	   9.968	  12.087	  -5.870
69	 -40.191	4	  32.180	  28.605	  -1.280
70	 -39.140	4	   8.030	   0.594	   0.632
71	 -29.133	3	   9.393	  16.783	 -12.146
72	 -28.939	3	  27.050	  43.131	  12.511
73	 -20.670	2	  16.950	 -17.869	  29.174
74	 -19.918	2	  28.404	  -2.346	  39.174
75	 -19.709	2	  27.869	 -15.879	  28.184
76	 -19.388	2	   2.895	  22.131	  30.174
77	 -18.671	2	   5.404	  13.617	  43.688
78	 -18.365	2	  11.359	   9.575	  43.685
79	 -10.796	1	  30.404	  23.131	  25.174
80	  -9.294	1	  31.404	 -17.869	  20.174
81	  -9.288	1	  33.404	  -1.869	  -0.826
