1	-808.506	68	  18.908	  14.350	  14.490
2	-801.007	68	  15.597	  15.121	  24.133
3	-630.831	58	  19.584	  19.541	  31.569
4	-611.347	53	   0.791	  15.481	  14.662
5	-605.274	53	  -0.168	  35.018	  32.515
6	-600.615	54	  24.558	   9.573	  10.716
7	-592.260	50	   8.062	  -3.590	  -1.568
8	-584.174	55	   8.406	  21.491	   0.707
9	-546.018	52	  -0.839	   9.599	  30.159
10	-543.710	48	  16.785	  25.922	   0.348
11	-458.029	43	  -4.992	  32.070	  22.091
12	-446.521	40	   7.015	   4.667	  36.482
13	-406.928	39	  14.499	 -10.596	  17.158
14	-392.826	38	  16.973	  40.135	  21.316
15	-364.752	35	  -1.334	   2.149	   2.813
16	-329.928	31	  -1.848	  12.663	   4.879
17	-324.166	32	  22.011	  -7.311	   4.232
18	-313.799	30	  36.154	  -0.369	  16.498
19	-309.861	30	  29.244	  35.770	  11.764
20	-305.693	29	  17.749	  -0.742	  -2.300
21	-293.946	25	   0.937	  -8.557	  25.128
22	-290.805	26	  -3.166	  30.166	  14.449
23	-282.726	27	  25.321	  23.021	   8.643
24	-280.124	27	  20.397	  -7.152	  32.114
25	-270.490	26	  -5.862	  24.749	  32.112
26	-265.950	22	   9.411	  39.263	   6.476
27	-256.169	24	  27.327	   6.923	  28.504
28	-237.907	22	  16.601	  36.335	   2.877
29	-232.054	22	  31.038	  21.231	  18.086
30	-222.888	21	   4.874	  11.364	  -4.819
31	-219.943	21	   6.388	  30.844	  38.519
32	-219.794	21	  13.399	  38.961	  35.104
33	-217.496	19	  35.106	   6.572	  -0.151
34	-216.577	21	   4.864	  -5.995	  32.353
35	-209.592	18	  -5.856	   7.848	  11.653
36	-197.956	20	  32.469	  30.274	  31.529
37	-194.332	19	  23.316	   5.260	  -4.969
38	-193.167	19	  15.339	   7.214	  32.028
39	-185.743	17	  29.049	  27.553	  38.638
40	-181.459	18	  28.765	  -6.078	  14.293
41	-181.337	18	  -5.318	  21.733	  14.699
42	-173.975	16	  29.752	  -0.682	   6.032
43	-172.467	16	  32.113	  21.790	  33.293
44	-171.851	16	   9.784	  43.491	  23.710
45	-168.886	16	  -6.296	   3.166	  23.177
46	-167.814	16	   0.587	   2.046	  31.385
47	-166.979	16	  -7.107	  18.954	  22.155
48	-147.842	15	   7.443	  42.908	  14.341
49	-144.739	14	  19.993	  30.264	  38.447
50	-144.380	14	   0.579	  28.274	   4.378
51	-136.525	14	  35.932	  12.710	   6.131
52	-134.748	13	  -0.031	  -4.644	   6.192
53	-128.770	12	  30.032	  35.559	  22.881
54	-127.407	13	  29.775	  11.027	  21.187
55	-121.268	12	  25.227	  14.977	  41.500
56	-120.884	12	   2.461	 -12.046	  16.455
57	-120.253	12	  24.603	  35.070	  31.839
58	-118.504	11	   4.421	  22.642	  42.284
59	-110.345	11	  29.181	  20.524	  -2.063
60	-109.593	11	   9.185	  16.209	  46.457
61	-108.837	10	  38.865	   1.835	  25.223
62	-107.563	11	  30.710	  16.882	  25.394
63	-107.350	10	  19.328	 -11.975	  21.335
64	-104.928	9	  19.377	  21.460	  45.705
65	-101.673	9	  38.368	  25.479	  29.092
66	 -99.525	10	  17.780	  15.725	  -6.669
67	 -96.324	10	  36.916	   0.370	   9.271
68	 -95.377	9	  14.117	   9.282	  44.740
69	 -94.471	9	  26.997	  12.039	  -6.513
70	 -92.627	9	  -7.400	  17.343	  31.515
71	 -92.389	9	  28.193	  -7.539	  24.350
72	 -87.950	9	  34.517	   3.431	  32.895
73	 -80.533	6	  12.464	  22.146	  22.412
74	 -69.515	6	  14.011	   7.578	  14.345
75	 -67.737	7	  10.909	  26.573	  42.959
76	 -67.402	7	   8.374	 -12.431	   1.902
77	 -61.260	6	   5.645	  34.696	   1.841
78	 -58.540	6	  40.328	  22.521	  19.365
79	 -58.381	6	  -3.671	  -0.411	  11.294
80	 -55.884	5	  35.499	   7.627	  17.455
81	 -53.754	5	  27.688	  22.439	  46.666
82	 -52.167	5	  16.133	  -2.398	  36.843
83	 -51.471	5	  18.555	  43.882	   8.939
84	 -50.692	5	   9.045	 -14.296	  24.047
85	 -48.287	5	  26.530	  30.461	   4.051
86	 -37.725	4	  34.827	  24.398	  11.150
87	 -37.341	4	  39.796	  30.902	  22.161
88	 -36.539	4	   9.573	 -14.118	  11.413
89	 -20.132	2	  -2.674	  19.344	  39.128
90	 -19.665	2	   2.326	  44.882	  26.173
91	 -19.364	2	  10.812	   0.882	  -7.334
92	 -19.156	2	  27.813	  -5.118	  33.666
93	 -10.596	1	   6.326	  15.882	   7.666
