1	-875.325	73	  61.739	  42.985	  37.796
2	-774.924	70	  78.329	  45.101	  16.060
3	-761.138	64	  64.782	  20.913	  21.492
4	-634.156	59	  76.402	  23.006	  26.217
5	-498.610	39	  70.414	  55.641	  38.308
6	-489.457	38	  59.537	  32.069	   7.239
7	-489.360	45	  51.555	  54.033	  26.609
8	-412.402	40	  79.398	  35.414	  18.224
9	-337.965	26	  65.965	  37.271	  39.674
10	-335.294	29	  70.733	  59.372	  15.603
11	-308.685	26	  78.994	  58.249	  22.846
12	-302.747	28	  54.858	  22.588	  18.072
13	-299.553	27	  66.433	  38.649	   5.320
14	-284.845	25	  83.310	  39.877	  25.513
15	-284.257	28	  63.323	  15.700	  28.644
16	-268.216	24	  58.100	  27.224	  41.073
17	-251.650	23	  52.446	  51.425	  15.126
18	-229.030	21	  52.246	  35.515	   6.896
19	-208.818	20	  81.690	  30.414	  35.173
20	-189.150	18	  65.960	  26.304	  40.315
21	-180.365	18	  50.321	  25.988	  11.218
22	-175.087	17	  42.925	  32.793	  17.155
23	-159.804	16	  83.952	  45.979	  34.403
24	-159.692	15	  56.116	  45.190	   7.568
25	-153.433	15	  78.696	  38.063	  43.602
26	-146.838	14	  44.153	  39.404	  15.420
27	-146.064	14	  67.576	  25.319	  10.712
28	-140.335	13	  78.086	  58.546	  33.746
29	-132.600	12	  42.364	  43.353	  25.640
30	-125.751	12	  53.909	  39.133	  41.448
31	-124.104	12	  81.367	  29.276	  22.580
32	-120.568	12	  41.426	  34.246	  31.065
33	-118.228	7	  72.060	  28.335	  23.344
34	-117.287	12	  67.589	  47.549	   5.617
35	-113.134	11	  75.750	  23.030	  16.155
36	-107.458	10	  46.310	  25.427	  32.535
37	-107.163	10	  64.323	  63.194	  27.156
38	-102.511	10	  48.155	  29.424	  40.114
39	 -97.556	10	  45.515	  24.213	  23.848
40	 -95.510	9	  59.142	  52.447	  11.372
41	 -86.322	8	  58.768	  19.289	  36.189
42	 -79.826	8	  75.407	  21.250	  37.158
43	 -79.607	8	  59.653	  58.996	  19.825
44	 -77.592	8	  63.074	  59.898	  35.334
45	 -76.416	8	  79.730	  46.975	  42.127
46	 -70.888	7	  51.596	  19.117	  30.772
47	 -69.939	7	  84.957	  48.977	  23.156
48	 -51.175	5	  56.685	  54.978	  34.858
49	 -50.850	3	  64.262	  33.806	  14.183
50	 -50.028	5	  72.264	  64.250	  22.054
51	 -48.933	5	  72.654	  64.043	  31.201
52	 -46.992	5	  78.711	  55.415	  15.663
53	 -44.826	4	  74.452	  35.936	   3.826
54	 -40.251	4	  58.739	  39.250	   3.826
55	 -39.814	4	  74.866	  29.889	  44.319
56	 -37.652	4	  62.502	  51.441	  41.332
57	 -32.552	3	  44.988	  44.549	  34.398
58	 -30.274	3	  44.614	  48.950	  19.474
59	 -12.871	1	  49.262	  36.250	  31.826
60	  -8.941	1	  69.262	  41.250	  45.826
