1	-4123.254	351	  20.632	  27.536	  72.924
2	-2415.281	186	  11.743	  23.721	  56.628
3	-2377.029	181	  24.928	  38.017	  88.132
4	-2159.843	165	  16.040	  22.379	  90.936
5	-2099.521	164	  30.007	  25.314	  56.572
6	-1624.598	138	  10.913	  10.745	  80.336
7	-1521.627	124	  40.307	  27.970	  67.880
8	-1458.396	122	   0.241	  24.838	  68.818
9	-1454.469	110	  17.803	  38.511	  57.251
10	-1327.292	100	  28.778	   8.283	  61.168
11	-1323.980	98	   7.889	  43.873	  85.423
12	-1316.383	101	  -6.276	  41.992	  71.805
13	-1303.191	97	  17.845	  57.403	  65.721
14	-1292.579	97	  46.931	  13.545	  77.559
15	-1224.048	92	  32.934	  16.251	  90.657
16	-1157.989	88	  26.282	  44.180	  73.840
17	-1060.603	83	  22.832	  -2.212	  76.917
18	-1027.303	76	  32.801	  23.412	  88.782
19	-1019.681	79	  22.145	  10.944	  61.088
20	-980.781	85	  18.160	  24.116	  43.085
21	-946.873	87	  -5.990	  60.893	  75.776
22	-940.353	73	  12.947	  42.485	  53.677
23	-877.720	67	   8.146	  36.509	  86.357
24	-859.479	73	  32.043	  -7.063	  48.784
25	-815.151	74	  10.914	  51.845	  38.245
26	-805.616	70	  36.370	  41.947	  59.749
27	-791.640	72	   1.217	  61.925	  56.810
28	-775.651	70	  23.368	  20.332	 103.560
29	-773.284	60	  42.131	  -2.263	  63.821
30	-763.951	71	  39.387	 -10.862	  70.731
31	-741.866	69	  43.116	  35.662	  49.259
32	-741.645	66	  -2.031	  21.295	  35.228
33	-734.041	66	  44.226	  21.008	  36.100
34	-729.001	52	  20.739	   9.296	  76.084
35	-728.961	65	  16.448	  45.210	  99.410
36	-717.619	62	  55.819	   9.497	  77.169
37	-691.479	58	  30.633	  14.155	  46.612
38	-678.202	48	   3.675	  34.756	  71.836
39	-644.269	60	  46.844	  -2.663	  88.696
40	-641.958	52	  20.349	  30.215	 103.186
41	-622.569	58	  -6.187	  21.367	  62.228
42	-619.639	53	 -11.254	  28.724	  70.547
43	-618.217	54	  13.913	  20.216	 106.424
44	-614.744	56	  -2.683	  54.035	  98.245
45	-612.054	56	   1.232	  13.335	  98.574
46	-593.394	54	  10.257	  30.384	  42.495
47	-590.944	51	  34.306	  21.743	  42.338
48	-584.003	52	  10.927	  -3.333	  80.341
49	-582.946	53	  26.861	  45.230	 102.171
50	-577.704	50	  23.570	 -11.373	  79.475
51	-568.877	51	   6.627	   6.829	  88.419
52	-567.835	52	  29.238	  54.951	 106.706
53	-564.433	40	  -0.527	  52.166	  54.086
54	-559.703	50	   4.814	   9.344	  66.053
55	-545.025	47	  -2.634	  13.818	  52.208
56	-544.703	50	  10.502	  12.445	 113.588
57	-544.114	51	  34.215	  50.149	  78.696
58	-542.206	39	  19.526	  47.955	  67.592
59	-540.466	49	  40.515	  37.788	  81.362
60	-537.790	49	  16.951	  67.241	  66.325
61	-534.834	36	  35.852	  23.051	  72.180
62	-532.230	45	   0.444	  21.100	  83.866
63	-524.159	48	 -15.384	  47.442	  69.220
64	-515.998	48	  17.895	  39.698	 106.155
65	-508.877	32	  16.170	  42.018	  39.760
66	-508.531	45	  37.260	  -2.605	  94.675
67	-496.043	44	  27.737	  65.621	  61.026
68	-491.531	41	  17.982	  36.174	  30.350
69	-488.191	46	  47.782	  29.844	  60.674
70	-470.173	44	  25.371	  16.480	  39.634
71	-463.888	41	  31.789	  57.489	  68.796
72	-458.209	41	   6.592	  20.938	  42.355
73	-457.598	35	  25.343	   4.325	  36.239
74	-456.796	35	  39.479	  18.497	  76.682
75	-452.488	41	  15.511	  47.802	 110.412
76	-446.357	39	 -17.281	  37.628	  74.434
77	-443.090	38	  14.189	  69.581	  55.002
78	-439.368	38	  38.688	  48.545	  92.640
79	-431.966	38	  -7.449	  23.775	  88.089
80	-428.817	40	  10.649	  29.604	  33.288
81	-418.903	39	  51.539	   6.722	  68.798
82	-418.667	36	  13.650	 -13.501	  73.912
83	-417.706	40	  13.201	  65.931	  93.607
84	-412.093	34	  32.919	  24.104	 114.849
85	-411.983	39	  -2.820	  57.818	  47.799
86	-410.456	28	   9.373	  59.424	  62.508
87	-392.764	36	  23.249	  26.869	 110.174
88	-389.414	34	  52.329	  24.799	  71.219
89	-382.686	35	  27.716	  -7.600	  86.813
90	-368.288	35	  26.370	  -3.124	  40.709
91	-367.870	33	  20.129	  37.414	  99.142
92	-362.990	34	  -9.881	  46.064	  60.095
93	-360.308	33	  -7.622	  40.962	  43.699
94	-356.607	31	  57.372	   7.169	  98.146
95	-349.677	34	  -1.513	  65.806	  86.410
96	-348.616	35	  56.622	   2.167	  84.689
97	-343.558	30	  25.312	  21.544	  45.993
98	-342.892	21	  25.477	   2.563	  46.992
99	-339.986	30	  23.881	  -0.503	 104.318
100	-339.837	30	  48.879	  36.315	  86.762
101	-338.360	31	  52.037	  17.166	  56.343
102	-335.985	30	   5.822	  -3.253	  46.986
103	-333.016	32	 -18.292	  52.872	  78.107
104	-327.972	29	   5.920	  43.420	 111.871
105	-327.721	30	  24.414	  21.031	 115.131
106	-325.442	25	   3.510	  61.306	  81.249
107	-320.920	30	  50.067	  36.334	 103.361
108	-318.597	29	   3.590	  16.701	  75.036
109	-316.648	28	  42.925	   9.750	 107.899
110	-314.691	24	  32.780	   9.676	  76.364
111	-311.439	30	  55.961	  23.717	  64.521
112	-306.174	18	   4.049	  44.541	 100.457
113	-302.288	28	  -9.629	  29.620	 103.738
114	-301.617	24	  48.980	  13.374	  35.136
115	-297.043	28	  25.116	  62.563	  85.575
116	-297.033	26	  51.679	  22.395	  46.812
117	-290.912	21	  46.187	   4.843	  82.547
118	-285.267	27	  40.078	  18.029	 112.190
119	-284.480	25	  56.181	  18.683	  75.555
120	-283.849	26	  37.089	  38.392	  71.254
121	-283.732	20	  -5.375	  51.527	  73.839
122	-282.669	27	  45.185	  44.145	  93.655
123	-282.406	18	  33.138	  34.263	  48.632
124	-281.103	24	  13.558	  66.802	  44.839
125	-278.481	27	  -1.114	   5.980	  53.337
126	-277.845	25	  29.745	 -19.665	  59.678
127	-271.261	27	   7.605	   7.853	  41.152
128	-270.817	17	   8.833	  12.169	  52.835
129	-269.831	26	  -4.043	  18.626	  97.443
130	-268.275	23	  61.435	  19.442	  83.402
131	-264.988	17	  14.495	  58.130	  98.019
132	-263.225	25	  50.056	  24.947	 106.774
133	-260.006	24	  31.938	  12.047	  36.868
134	-252.379	18	  32.368	  -5.809	  74.829
135	-250.168	22	 -16.940	  54.714	  89.608
136	-249.233	21	  -7.500	  28.013	  31.906
137	-248.849	24	  13.808	  65.074	  76.311
138	-248.174	23	  27.745	  10.630	 123.984
139	-247.416	24	 -10.745	  32.469	  52.914
140	-242.330	16	  23.458	  34.638	  40.475
141	-241.930	22	  56.980	  23.791	  54.570
142	-234.186	22	  34.960	  36.704	  36.848
143	-233.971	15	  36.992	  20.799	 104.902
144	-232.805	22	   0.525	  49.853	 107.145
145	-232.144	22	   2.854	  28.051	 108.291
146	-231.859	23	  31.120	 -16.641	  74.285
147	-229.980	22	  36.045	  48.318	  38.928
148	-229.170	22	  15.865	  -0.571	  97.061
149	-227.458	21	  -9.750	  41.302	 103.026
150	-226.907	21	   7.796	  69.988	 102.490
151	-226.312	19	   4.660	  -0.242	  98.615
152	-224.256	21	 -10.738	  23.280	  46.017
153	-223.096	21	   2.415	   0.088	  61.952
154	-222.870	19	  15.742	   5.267	 117.552
155	-222.299	21	  39.323	  39.350	 106.337
156	-218.705	21	 -23.216	  44.615	  78.880
157	-217.120	21	  43.957	 -13.742	  63.119
158	-215.306	20	  12.542	  -4.814	  89.687
159	-211.233	14	  36.199	  38.009	  94.515
160	-210.634	14	  18.101	   9.974	  46.288
161	-210.258	19	  48.520	  31.933	  72.073
162	-208.630	17	   7.666	  45.424	  69.989
163	-208.590	21	  50.270	  -3.362	  42.139
164	-206.785	20	  14.707	  62.997	  87.316
165	-205.709	20	  24.019	  54.262	 116.859
166	-204.317	19	  39.188	  48.867	  52.787
167	-199.635	17	 -14.063	  33.076	  61.355
168	-197.379	18	  48.153	  -0.008	  50.893
169	-196.318	19	  63.524	  10.863	  85.921
170	-193.515	18	   4.722	  48.727	  24.469
171	-188.689	17	   9.988	  37.620	  21.684
172	-187.470	18	  34.842	  59.042	  76.837
173	-181.159	11	  -0.578	  37.453	  40.390
174	-179.376	11	  20.078	   8.128	  84.429
175	-175.671	17	  25.385	  52.405	  35.921
176	-174.793	15	  28.529	  63.238	  76.774
177	-174.584	15	  45.480	  13.480	 102.143
178	-173.543	11	  -2.305	  44.159	  53.045
179	-171.936	17	  45.901	  -5.136	  96.167
180	-170.948	11	   8.077	  34.735	 101.246
181	-168.417	16	  22.612	  65.063	 105.893
182	-167.920	16	  32.872	  60.276	  95.655
183	-165.712	16	 -14.622	  25.652	  64.353
184	-165.342	16	  34.788	  32.828	 113.502
185	-163.343	16	  19.842	  24.034	  29.532
186	-162.425	10	  32.872	  30.269	 103.323
187	-161.149	11	  41.194	  17.620	  67.109
188	-160.599	16	  39.810	   2.790	  29.468
189	-160.009	16	  14.063	  45.833	  30.972
190	-159.595	15	  35.290	  63.789	  86.351
191	-158.579	10	  25.438	   7.228	 107.515
192	-156.327	10	  -0.885	  35.177	  65.033
193	-156.140	15	  11.840	  60.376	 114.739
194	-155.098	9	  24.578	  23.291	  84.077
195	-155.014	11	  17.734	  49.803	  55.980
196	-154.768	15	  53.730	   1.592	 101.815
197	-152.225	12	  27.637	  -0.745	  94.031
198	-147.427	14	  43.632	  12.462	 119.653
199	-145.031	14	  31.242	  -2.170	 105.535
200	-144.876	14	   6.028	  64.984	  41.579
201	-144.144	9	  20.772	  52.022	  75.130
202	-142.839	14	  21.041	 -19.943	  71.389
203	-142.772	13	   7.744	   4.104	 104.421
204	-142.626	14	  15.884	  36.843	 116.089
205	-142.554	10	   4.851	  24.895	  96.693
206	-141.396	13	  34.576	  48.925	  70.290
207	-140.082	13	  -7.609	  46.774	  32.161
208	-138.221	14	  37.553	 -16.542	  55.965
209	-132.404	13	  22.908	  72.007	  56.755
210	-127.204	13	  39.044	  57.997	  54.892
211	-123.997	12	  26.058	  67.869	  45.682
212	-123.218	12	  20.423	  14.453	 124.006
213	-122.156	12	  49.340	   7.700	  52.982
214	-120.712	9	  -2.423	  42.275	  83.382
215	-120.418	7	  43.030	   6.143	  97.589
216	-120.377	12	  36.668	  58.495	  44.930
217	-120.127	9	  40.218	  25.541	  79.730
218	-118.418	12	  -4.306	  25.726	  23.768
219	-118.068	6	   4.523	  59.638	  93.726
220	-118.033	11	   7.363	  68.714	  63.077
221	-116.337	12	  41.561	  56.012	  84.318
222	-116.057	11	 -18.443	  31.017	  94.530
223	-115.819	11	  -4.404	  12.056	  42.555
224	-113.003	11	  15.935	  -8.753	  47.062
225	-111.831	11	  62.612	  16.925	  95.137
226	-107.454	8	  42.426	  17.467	  88.398
227	-106.669	11	 -17.287	  27.220	  80.898
228	-106.102	10	  45.939	  32.074	  39.764
229	-105.312	11	   3.803	   0.275	  75.919
230	-103.860	11	  18.887	  -0.340	 113.012
231	-103.850	10	  -7.466	  35.326	  26.946
232	-103.795	10	   0.654	  14.639	 108.349
233	-103.570	10	  58.394	  31.969	  95.555
234	-102.794	10	  14.280	  17.826	 121.242
235	-101.763	10	  44.800	  31.851	 111.306
236	-101.678	10	  40.375	   0.856	 113.373
237	-101.121	10	   5.110	  -2.506	  87.557
238	-100.931	10	  45.935	   7.914	  28.281
239	 -99.750	7	  23.673	   0.535	  64.631
240	 -98.352	10	  54.997	  16.429	 105.038
241	 -97.715	10	  45.503	  -7.335	  59.138
242	 -97.159	10	 -11.565	  62.159	  91.099
243	 -93.515	9	 -12.298	  56.755	  71.289
244	 -92.999	9	  32.287	 -10.904	  36.800
245	 -91.816	9	   1.751	  63.770	 112.166
246	 -90.539	6	  36.312	   4.256	 104.383
247	 -90.315	9	  14.531	   8.299	  35.739
248	 -89.714	9	  26.709	  62.121	 115.305
249	 -89.336	9	   2.835	  -5.255	  68.148
250	 -88.602	9	  -1.690	   2.745	  93.417
251	 -86.938	8	  37.078	   7.342	 123.289
252	 -85.707	9	  11.482	  10.268	 123.596
253	 -84.434	8	 -11.010	  33.695	  36.359
254	 -84.340	8	   2.632	  21.352	  26.996
255	 -80.571	8	  46.789	   1.731	 105.163
256	 -80.252	8	  14.802	  68.439	 107.695
257	 -79.639	8	  27.366	  -1.347	 117.261
258	 -79.343	8	  -9.483	  57.829	  62.320
259	 -79.096	8	   5.662	  55.423	 118.546
260	 -78.884	8	  19.818	  61.321	  37.594
261	 -78.058	8	  13.455	  22.528	  36.078
262	 -77.239	8	   3.763	 -13.515	  68.077
263	 -74.437	7	  -3.488	  57.447	 111.200
264	 -73.242	7	  40.651	 -11.638	  43.116
265	 -72.211	7	 -15.613	  15.592	  55.180
266	 -71.243	7	  26.385	  43.642	  30.684
267	 -71.008	7	  22.141	  16.794	  31.283
268	 -70.700	4	  39.994	  -2.038	  52.071
269	 -70.699	7	  15.690	 -19.618	  60.367
270	 -70.288	5	   5.194	  32.046	  61.481
271	 -67.873	7	  58.088	  31.893	  83.108
272	 -67.729	7	  53.086	   9.693	  42.652
273	 -67.360	6	  39.512	  51.515	 102.105
274	 -67.097	7	   4.946	 -12.880	  57.569
275	 -66.874	4	  24.785	  19.461	  64.071
276	 -64.757	3	  16.207	  35.122	  82.071
277	 -63.441	6	  41.660	  55.289	  93.083
278	 -62.031	6	  -3.475	  39.235	 110.215
279	 -60.173	6	  39.536	  -7.360	  32.613
280	 -59.830	4	  41.365	   5.966	  45.555
281	 -59.651	6	  31.242	   8.309	  30.751
282	 -59.525	5	  10.731	  36.771	  46.642
283	 -59.069	3	   7.321	  53.978	  48.284
284	 -58.392	6	  29.538	  29.612	  34.437
285	 -57.957	6	  23.302	  66.977	  98.751
286	 -52.447	5	  19.277	  63.323	 115.392
287	 -51.369	5	  14.161	  -2.930	  39.071
288	 -51.326	5	  50.921	  33.255	  47.497
289	 -51.310	5	   2.905	  67.609	  71.508
290	 -50.930	5	  39.123	  15.896	  26.880
291	 -50.509	5	  46.909	  15.657	  26.671
292	 -49.124	5	 -25.076	  34.538	  84.640
293	 -48.773	5	  34.613	  17.662	 124.864
294	 -48.254	5	  -2.473	  64.859	 102.697
295	 -48.089	5	 -15.991	  49.934	  97.935
296	 -45.945	3	  20.512	  46.189	  80.320
297	 -45.644	4	  43.108	   5.253	  60.225
298	 -44.424	4	   9.520	 -18.533	  68.585
299	 -40.815	4	 -22.416	  43.770	  91.071
300	 -39.446	4	  30.230	  40.227	 108.087
301	 -38.801	4	  22.517	  32.686	 116.076
302	 -36.823	3	  34.139	  -5.812	  58.766
303	 -33.749	2	  -2.488	  56.019	  88.071
304	 -32.952	3	   1.230	  39.186	  21.737
305	 -31.695	2	  17.133	  31.467	  62.071
306	 -31.047	3	 -15.878	  24.085	  55.701
307	 -30.712	2	  15.126	   7.081	  70.843
308	 -29.295	3	  50.144	  -6.192	  75.362
309	 -29.244	2	   1.512	  47.788	  42.750
310	 -29.184	3	 -17.133	  37.793	  97.071
311	 -29.158	3	   6.511	  33.792	 112.396
312	 -29.066	3	  -5.488	  47.442	 101.428
313	 -28.532	3	  -7.176	  48.142	  43.446
314	 -28.170	2	  45.840	  27.499	  94.415
315	 -28.131	2	  31.512	  39.870	  54.071
316	 -28.017	3	  19.823	 -17.171	  52.709
317	 -20.834	2	  -9.488	  13.467	  50.603
318	 -20.433	2	  49.982	   2.057	  36.071
319	 -19.454	2	  40.512	  25.954	 114.071
320	 -19.203	1	  24.512	  44.467	  63.071
321	 -19.005	2	  21.985	  59.467	  51.598
322	 -18.998	2	  30.012	  58.967	  41.071
323	 -18.822	2	  47.512	  -7.533	  49.553
324	 -18.637	1	  26.512	  -5.533	  57.071
325	 -18.182	2	  34.512	  -2.037	  27.071
326	 -15.123	1	  37.512	   0.467	  70.071
327	 -14.287	1	  25.512	  19.467	  56.071
328	 -13.927	1	  -4.488	  33.467	  94.071
329	 -13.332	1	   4.512	  43.467	  33.071
330	 -12.154	1	  29.512	  47.467	  47.071
331	 -12.027	1	   3.512	  54.467	  76.071
332	 -11.518	1	  37.512	  -1.533	  42.071
333	 -10.257	1	  12.512	  26.467	  50.071
334	 -10.088	1	  10.512	  12.467	 103.071
335	 -10.019	1	  11.512	 -13.533	  54.071
336	  -9.654	1	  36.512	  67.467	  51.071
337	  -9.567	1	  15.512	  42.467	  24.071
338	  -9.413	1	  55.512	  15.467	  91.071
339	  -9.369	1	  15.512	  74.467	  61.071
340	  -9.343	1	  14.512	  -5.533	  71.071
341	  -9.165	1	 -15.488	  64.467	  84.071
342	  -8.993	1	  59.512	  26.467	  77.071
343	  -8.961	1	  -8.488	  22.467	 107.071
344	  -8.934	1	  41.512	  24.467	  53.071
345	  -8.910	1	  37.512	   3.467	  86.071
