1	-1225.930	106	   6.246	  57.261	  31.574
2	-482.092	45	   4.679	  68.118	  43.169
3	-447.951	40	  29.128	  61.924	  43.572
4	-422.679	38	   9.328	  49.635	  35.367
5	-381.417	32	  24.867	  64.632	  34.740
6	-365.153	32	  17.039	  52.577	  47.532
7	-345.431	34	  11.337	  59.366	  54.636
8	-329.526	31	  25.695	  68.919	  25.862
9	-322.952	32	  22.644	  49.075	  32.204
10	-302.581	27	  14.862	  77.763	  31.497
11	-288.986	28	  26.131	  60.669	  54.408
12	-277.225	26	  17.843	  62.323	  15.553
13	-255.849	22	  12.695	  75.535	  40.975
14	-249.611	22	  29.742	  49.156	  43.124
15	-234.709	22	  -3.991	  51.658	  26.148
16	-226.636	22	   1.531	  51.807	  37.363
17	-211.690	19	  12.523	  67.503	  53.612
18	-205.525	19	  28.176	  54.716	  21.131
19	-193.277	16	  16.177	  49.691	  22.510
20	-186.609	18	  -3.226	  58.920	  35.718
21	-186.473	19	   5.752	  51.847	  50.023
22	-182.826	17	  28.755	  57.762	  31.237
23	-175.227	16	  14.170	  80.870	  20.334
24	-173.226	17	  20.398	  72.579	  47.804
25	-172.975	17	   3.595	  70.425	  19.235
26	-167.434	16	   0.089	  64.633	  49.352
27	-151.897	14	  21.397	  49.349	  39.378
28	-151.564	14	  15.713	  72.949	  16.659
29	-146.513	15	  33.700	  57.587	  49.623
30	-136.021	13	   9.543	  45.925	  45.664
31	-128.574	12	  -4.872	  65.131	  21.719
32	-127.783	13	   1.012	  72.089	  31.028
33	-125.412	12	  21.483	  49.835	  16.953
34	-112.343	10	   5.313	  44.799	  23.932
35	 -97.704	9	  21.000	  78.929	  26.060
36	 -86.182	9	   3.838	  68.963	  55.515
37	 -84.921	8	   1.529	  54.990	  13.263
38	 -81.748	8	   5.615	  77.188	  25.433
39	 -80.517	8	  24.318	  68.946	  18.561
40	 -80.126	8	   3.133	  60.131	  57.198
41	 -60.349	6	  22.626	  77.750	  34.404
42	 -47.777	5	   0.583	  62.624	  14.922
43	 -40.298	4	  10.414	  51.523	  12.142
44	  -9.409	1	  36.197	  48.066	  38.310
