1	-734.395	67	  -5.393	  20.551	  34.020
2	-583.963	49	   1.018	  39.080	  49.495
3	-529.515	46	   4.740	  32.078	  27.553
4	-474.241	28	   2.604	  39.227	  39.406
5	-410.958	29	 -14.967	  27.998	  55.464
6	-343.406	32	 -22.836	  34.684	  47.824
7	-341.572	32	 -22.865	  18.924	  42.495
8	-340.186	33	  10.215	  17.521	  36.566
9	-319.920	31	   2.547	  12.529	  39.140
10	-316.175	32	   0.981	  10.716	  46.097
11	-305.542	30	  -1.620	  44.545	  46.179
12	-282.827	25	 -16.160	  23.283	  31.497
13	-276.928	27	 -22.010	  31.773	  32.950
14	-256.488	24	  -5.687	  35.204	  26.691
15	-252.138	24	  -4.548	  19.463	  58.838
16	-239.315	22	   4.119	  31.464	  56.516
17	-222.869	21	  13.045	  39.581	  34.235
18	-214.628	21	  -3.277	  46.631	  35.616
19	-208.903	19	  16.987	  32.799	  39.794
20	-146.377	14	   6.071	  16.111	  27.672
21	-129.161	8	 -11.301	  25.445	  38.437
22	-122.391	12	 -22.062	  16.815	  53.943
23	-121.399	11	 -12.901	  39.377	  32.084
24	-115.861	12	  15.137	  16.445	  48.715
25	-114.447	11	 -11.060	  14.018	  39.741
26	-112.181	10	 -14.621	  42.276	  40.055
27	 -98.342	10	  15.280	  21.960	  54.065
28	 -91.229	9	  -2.772	  35.598	  59.399
29	 -89.819	9	 -18.082	  30.897	  26.091
30	 -89.583	9	 -14.241	  39.499	  57.551
31	 -81.100	8	  13.207	  26.535	  32.725
32	 -76.817	8	  -6.134	   8.176	  49.444
33	 -62.791	6	  -7.053	  28.997	  64.947
34	 -60.794	6	 -11.246	  16.360	  55.692
35	 -59.475	6	 -17.861	  12.449	  48.188
36	 -53.376	5	 -28.020	  25.719	  41.572
37	 -53.086	5	  17.960	  25.677	  45.699
38	 -49.845	5	   6.158	  23.555	  60.803
39	 -47.564	5	 -25.986	  22.882	  56.513
40	 -47.007	5	   7.385	  45.923	  31.766
41	 -40.166	4	  11.306	  24.067	  24.854
42	 -29.993	2	 -19.956	  30.866	  40.770
43	 -29.143	3	   4.916	  48.311	  39.320
44	 -20.497	2	 -10.401	  19.790	  47.325
45	 -18.976	2	  14.075	  30.835	  51.341
46	 -10.899	1	  -1.401	  11.311	  55.325
47	 -10.590	1	  -2.401	  28.311	  46.325
48	  -9.513	1	 -11.401	  44.311	  50.325
