1	-1498.274	127	  54.070	  53.838	  18.253
2	-939.866	77	  63.276	  50.876	  20.419
3	-787.012	74	  77.403	  52.875	  28.386
4	-678.968	62	  77.580	  43.133	  -4.385
5	-617.927	53	  69.303	  49.909	  15.999
6	-607.060	54	  83.332	  51.181	  -0.624
7	-542.812	49	  93.331	  36.096	  15.388
8	-528.292	46	  58.566	  47.247	   6.009
9	-511.943	45	  47.441	  33.922	  30.910
10	-458.511	42	  79.743	  47.638	  37.920
11	-454.125	43	  66.377	  59.974	  -3.794
12	-438.843	39	  87.985	  42.582	  -5.085
13	-418.500	37	  72.325	  43.642	  30.672
14	-414.946	38	  74.214	  42.965	  22.226
15	-395.007	34	  56.220	  57.942	  41.005
16	-393.699	33	  86.906	  49.138	   5.222
17	-387.396	35	  64.790	  59.465	  33.029
18	-376.308	34	  95.791	  51.400	  40.339
19	-369.780	32	  84.504	  35.367	   0.715
20	-360.810	34	  47.974	  39.465	  40.151
21	-357.376	30	  80.483	  73.858	  13.876
22	-353.115	34	  59.961	  66.575	  12.206
23	-323.184	27	  60.233	  41.427	  21.432
24	-321.183	29	  43.938	  52.225	  39.408
25	-317.334	28	  54.503	  66.264	  25.047
26	-309.373	29	  80.634	  39.907	   9.685
27	-309.365	28	  85.242	  34.386	  25.216
28	-299.507	28	  70.890	  70.181	  12.777
29	-295.646	28	  42.696	  37.678	  22.544
30	-280.949	27	  86.923	  65.962	   5.626
31	-277.221	28	  76.014	  62.997	  17.549
32	-276.500	26	  85.864	  34.893	  32.560
33	-269.906	22	  69.716	  59.203	  15.514
34	-269.066	25	  84.544	  60.730	  25.188
35	-253.940	25	  65.574	  41.959	  41.026
36	-247.329	24	  50.163	  42.994	  11.714
37	-246.814	23	  93.365	  49.576	   8.151
38	-245.958	22	  96.730	  33.994	  31.184
39	-237.794	22	  69.678	  48.534	  -8.278
40	-234.446	22	  96.483	  41.744	  37.939
41	-228.969	22	  72.378	  39.542	   0.379
42	-223.325	21	  40.737	  59.838	  22.305
43	-217.103	20	  53.225	  45.827	  44.067
44	-203.547	20	  39.065	  46.928	  20.295
45	-194.904	20	  54.125	  68.180	  31.834
46	-189.550	18	  97.588	  38.173	  -1.006
47	-180.379	16	  64.872	  62.846	  21.511
48	-177.979	17	  91.250	  60.065	  11.665
49	-175.487	16	  39.235	  42.693	  33.520
50	-172.728	16	  98.615	  41.851	  24.406
51	-171.261	17	  98.090	  49.754	  28.531
52	-170.931	17	  69.807	  51.766	  38.739
53	-170.410	16	  93.528	  53.874	  18.348
54	-168.477	17	  47.436	  65.947	  23.123
55	-161.386	16	  81.500	  65.227	  -2.841
56	-155.591	15	  84.002	  37.143	  39.627
57	-148.395	14	  59.614	  49.680	  45.959
58	-148.104	14	  54.999	  33.780	  26.516
59	-143.396	14	  61.156	  62.873	   5.449
60	-138.177	13	  95.869	  55.299	  33.062
61	-129.221	13	  84.859	  35.841	  18.046
62	-127.848	12	  72.159	  76.876	   9.699
63	-118.658	11	  87.507	  58.652	   1.739
64	-109.065	11	  86.844	  59.215	  42.378
65	 -97.258	9	  73.973	  61.611	  -8.858
66	 -95.497	9	  66.059	  37.678	   4.825
67	 -91.797	9	  33.670	  51.377	  26.334
68	 -91.218	9	  42.870	  65.499	  35.799
69	 -90.208	9	  69.248	  42.080	  14.670
70	 -88.581	9	  63.744	  70.855	 -10.046
71	 -86.430	9	  52.050	  33.334	  14.130
72	 -81.772	8	  63.570	  74.598	   0.116
73	 -81.758	8	  35.549	  58.804	  34.092
74	 -79.353	8	  82.003	  59.439	  35.392
75	 -78.502	8	  76.278	  54.206	  -7.267
76	 -77.937	7	  86.165	  79.262	  13.700
77	 -77.607	8	  72.636	  53.586	  22.731
78	 -77.253	8	  46.281	  50.052	  12.863
79	 -71.921	7	  62.860	  39.191	  -4.787
80	 -69.712	7	  58.562	  46.175	  -1.677
81	 -68.962	7	  94.215	  31.337	  -0.410
82	 -64.721	6	  72.224	  77.485	  -2.161
83	 -62.847	6	  83.269	  34.038	  -9.210
84	 -62.540	6	  93.641	  33.208	   7.833
85	 -60.870	6	  72.583	  70.031	 -10.411
86	 -60.332	6	  63.746	  39.244	  34.209
87	 -57.675	6	  47.086	  61.066	  39.724
88	 -56.833	6	  88.891	  76.908	   5.223
89	 -50.616	5	  61.222	  56.236	  -0.226
90	 -50.033	5	  98.013	  47.001	  13.765
91	 -49.957	5	  58.002	  38.617	  46.742
92	 -46.682	5	  57.992	  33.006	  34.554
93	 -42.388	4	  98.137	  39.219	  10.722
94	 -40.662	4	  92.711	  32.785	  -7.967
95	 -38.732	4	  91.716	  72.784	  12.454
96	 -30.989	2	  60.847	  48.208	  37.297
97	 -30.534	3	  91.096	  59.208	  28.063
98	 -22.123	2	  80.932	  81.208	   5.212
99	 -20.932	2	  86.411	  68.767	  19.174
100	 -19.423	2	  58.411	  55.144	   7.265
101	 -19.324	2	  45.411	  30.728	  21.692
102	 -19.121	2	  85.919	  48.192	  43.749
103	 -18.520	2	  61.906	  78.703	   6.228
104	 -17.794	1	  64.411	  53.208	  29.733
105	 -10.138	1	  89.411	  27.208	  26.733
106	  -9.777	1	  89.411	  28.208	  17.733
107	  -9.374	1	  66.411	  67.208	  28.733
108	  -9.239	1	  77.411	  43.208	 -13.267
