1	-907.744	71	  13.419	  12.297	  25.366
2	-898.803	71	  17.111	  12.076	  17.199
3	-833.877	72	  11.301	  18.415	  32.826
4	-692.870	54	  16.619	  13.339	   8.582
5	-635.057	61	   9.679	   3.451	  27.011
6	-629.941	59	  27.702	  -8.782	  32.164
7	-597.996	50	  14.880	   6.408	   4.747
8	-554.878	48	  18.801	   4.942	  -1.441
9	-523.844	49	  29.036	  34.274	   5.159
10	-518.162	48	  12.516	  18.962	   5.189
11	-437.534	39	  37.001	   9.936	  18.216
12	-422.299	38	  33.198	   3.100	   5.154
13	-418.620	39	   8.814	  33.004	   6.022
14	-409.438	38	  36.200	  17.119	  21.783
15	-341.894	30	  26.503	  22.150	  32.906
16	-340.156	34	   7.750	  -8.797	   4.847
17	-339.416	31	   4.781	   3.587	   9.448
18	-328.031	29	   8.988	 -10.275	  24.771
19	-306.716	28	   2.301	  18.462	  19.781
20	-297.823	29	  22.652	  16.960	  35.416
21	-251.610	23	  35.075	  -8.602	  22.787
22	-249.734	23	  33.011	  35.046	  16.692
23	-248.926	25	  27.596	   8.105	   0.668
24	-246.107	24	  37.508	  14.908	   5.165
25	-244.533	24	  33.461	  11.181	  33.838
26	-228.840	16	  16.696	  22.325	  12.455
27	-220.969	22	  33.967	   2.353	  34.087
28	-219.135	20	  16.978	  -6.249	  32.994
29	-210.336	18	  19.430	  30.119	   0.774
30	-203.651	20	  22.505	  21.664	  -6.877
31	-193.608	19	  12.611	  37.532	  24.994
32	-192.626	19	   3.284	  31.622	  26.055
33	-184.450	18	  14.569	  35.754	  13.089
34	-177.917	17	  36.897	  24.535	   5.458
35	-170.723	16	   1.373	  31.881	  12.724
36	-163.034	16	  28.655	  36.946	  23.965
37	-162.202	15	  19.046	 -13.573	   8.878
38	-145.669	14	  16.845	 -12.106	  19.767
39	-138.520	13	   3.871	  -9.962	  16.423
40	-136.477	13	  33.738	 -10.680	  13.616
41	-136.359	14	  12.836	  28.490	  35.535
42	-135.720	12	  26.266	   6.985	  40.320
43	-133.867	13	  20.865	  -5.329	  -1.751
44	-128.261	13	  15.442	   1.703	  41.320
45	-126.888	8	  18.964	   3.581	  21.108
46	-123.499	12	  23.477	 -15.989	  19.372
47	-112.237	11	  19.916	  40.513	  16.104
48	-110.969	10	  32.950	  18.905	  -2.647
49	-109.514	11	  34.116	  24.563	  31.756
50	-106.183	11	  39.143	  -0.669	  17.181
51	-103.742	10	  -2.392	  20.234	   8.323
52	 -93.288	9	  11.040	  11.532	  -6.546
53	 -93.210	7	  12.898	  -0.944	  21.087
54	 -88.471	9	  37.052	  29.282	  12.361
55	 -87.778	9	  35.256	  28.236	  21.269
56	 -86.785	8	  -2.522	   1.247	  19.243
57	 -81.422	8	  22.402	  37.973	  29.869
58	 -79.853	8	   6.896	   8.125	  17.686
59	 -77.854	8	   9.908	  24.202	  -0.622
60	 -70.014	7	  -2.518	  -6.268	  11.218
61	 -69.968	7	   7.597	  14.861	  11.391
62	 -68.899	7	   2.887	   4.602	  42.812
63	 -66.408	7	  12.199	 -13.997	  14.259
64	 -60.506	6	  -5.029	  27.608	  15.094
65	 -59.736	6	   8.868	   1.272	   0.930
66	 -58.508	6	   2.241	  19.983	  28.220
67	 -53.184	5	   3.451	  10.318	  36.243
68	 -52.999	5	  29.552	 -13.363	   7.510
69	 -51.484	5	  -1.436	  30.258	  20.939
70	 -50.824	5	  37.214	  -1.253	  26.029
71	 -50.541	5	  39.812	  20.655	  15.700
72	 -49.150	5	  20.983	 -17.862	  28.879
73	 -41.693	4	   8.154	  37.138	  17.305
74	 -39.154	4	   9.107	  17.155	 -12.231
75	 -38.489	4	  18.254	  41.861	   4.970
76	 -32.518	3	  32.627	  28.467	  -1.046
77	 -29.207	3	  -6.743	  21.629	  18.870
78	 -29.137	3	  30.887	 -16.917	  23.936
79	 -28.606	3	  37.627	  -7.862	   4.278
80	 -19.668	2	  29.033	  42.201	  12.312
81	 -19.125	2	  28.153	  -3.336	  39.249
82	 -12.188	1	  30.627	  23.138	  25.249
83	 -10.160	1	  34.627	  -1.862	  -0.751
84	  -9.256	1	   5.627	  14.138	  43.249
85	  -9.043	1	   9.627	  -7.862	  33.249
86	  -8.998	1	  25.627	  27.138	  39.249
87	  -8.937	1	  -0.373	  28.138	   4.249
88	  -8.914	1	  29.627	  34.138	  35.249
