1	-840.090	69	  18.580	  14.442	  14.442
2	-767.909	61	  14.734	  15.503	  24.172
3	-695.578	61	   0.729	  15.363	  14.696
4	-655.067	58	  24.695	   9.398	  11.119
5	-568.144	51	  16.871	  25.740	   0.337
6	-565.482	51	  18.932	  19.389	  31.152
7	-554.352	50	   7.195	   4.783	  36.649
8	-542.414	47	  -0.737	  34.067	  32.558
9	-516.708	44	   8.497	  -2.490	  -2.521
10	-486.565	47	   8.682	  21.098	   0.654
11	-452.388	42	  -0.674	   9.282	  30.455
12	-444.356	44	  -1.099	  -0.312	   4.396
13	-397.753	38	  17.033	  39.932	  21.048
14	-384.952	37	  16.454	 -10.224	  17.858
15	-381.005	36	  -5.075	  32.063	  21.671
16	-360.216	35	  22.051	  -8.184	   5.060
17	-338.420	32	  29.680	  35.266	  11.961
18	-307.651	30	  21.385	  -6.741	  32.889
19	-293.969	28	  28.909	  10.052	  24.081
20	-287.901	27	  17.701	  -1.170	  -2.341
21	-279.854	26	   6.160	  30.451	  38.318
22	-276.246	26	  36.958	   0.903	  13.658
23	-272.903	25	  31.288	  21.615	  17.979
24	-264.908	25	  -5.202	   9.356	  10.765
25	-257.458	25	  -6.438	  19.990	  33.245
26	-252.207	24	  28.473	  -0.615	   5.281
27	-251.892	22	   1.121	  -8.360	  25.320
28	-250.282	22	  14.911	   7.745	  31.743
29	-243.058	23	  30.565	  26.918	  36.812
30	-238.932	23	  13.302	  38.614	  34.898
31	-230.386	20	   9.292	  39.007	   6.434
32	-226.696	22	  21.460	  13.681	  23.663
33	-223.360	21	  23.434	  21.910	   8.604
34	-220.980	22	  31.827	  -4.668	  17.022
35	-220.763	21	  -6.669	   2.829	  22.461
36	-213.333	18	  -3.417	  29.251	  13.729
37	-211.757	20	  16.312	  36.095	   2.708
38	-201.101	18	  -0.976	  12.902	   3.166
39	-188.839	18	   1.696	   2.513	  32.063
40	-185.442	18	  21.396	  29.200	  38.222
41	-180.757	16	  34.962	   6.532	  -0.205
42	-170.017	16	   4.721	  11.125	  -4.592
43	-163.569	15	  30.386	  34.946	  22.614
44	-162.269	15	  -7.078	  18.079	  22.601
45	-159.915	16	   5.619	  -6.498	  32.562
46	-158.703	16	   6.200	  24.820	  42.406
47	-157.572	15	  -5.684	  21.277	  14.659
48	-154.046	15	  12.166	 -13.224	  10.518
49	-148.299	15	  29.821	  17.127	  25.617
50	-143.724	14	  25.626	  15.256	  41.291
51	-134.994	13	  36.110	  13.411	   5.994
52	-132.453	12	  24.305	  35.060	  31.660
53	-129.963	12	  37.755	  26.289	  29.109
54	-124.547	11	  35.273	   8.118	  17.851
55	-123.816	11	   1.517	  27.598	   3.923
56	-121.915	12	  29.540	   4.561	  33.971
57	-118.859	12	   9.602	  43.548	  23.331
58	-117.644	11	  31.584	  20.057	  32.502
59	-111.483	11	   2.491	   3.652	  -2.177
60	-109.393	11	  -3.697	   0.310	  10.904
61	-109.141	11	  29.650	  20.107	  -2.099
62	-108.895	11	  19.097	   8.714	  -6.224
63	-108.866	11	  24.873	   3.937	  -3.732
64	-102.288	10	  27.201	  -8.047	  23.426
65	-101.742	10	  27.355	  12.270	  -6.541
66	 -88.766	9	  -6.401	  27.228	  29.931
67	 -86.992	8	   9.131	  -8.870	   0.701
68	 -86.433	9	  31.422	  25.859	   8.786
69	 -82.207	8	  38.114	   0.770	  22.714
70	 -81.779	8	  27.992	  22.966	  46.740
71	 -80.144	8	   5.820	  42.519	  13.947
72	 -78.884	6	  13.917	   7.633	  13.923
73	 -77.628	8	   2.082	 -11.184	  13.976
74	 -76.456	7	  19.839	  22.052	  45.976
75	 -72.608	7	   6.205	 -13.380	  21.786
76	 -68.099	7	  25.921	  28.676	   3.130
77	 -66.404	7	   2.797	  15.679	  41.433
78	 -66.100	5	  11.958	  22.078	  22.754
79	 -61.905	6	  31.214	  31.870	  31.103
80	 -60.492	6	   2.503	  42.396	  30.634
81	 -58.755	6	  33.027	  -4.761	  29.215
82	 -55.711	5	  17.705	 -13.451	  24.740
83	 -51.295	5	  15.086	   9.451	  45.266
84	 -50.845	5	  10.589	  16.177	  47.510
85	 -50.081	5	   5.001	  34.268	   1.740
86	 -48.768	5	  23.374	  42.893	  16.545
87	 -48.344	5	  18.169	  -1.471	  37.130
88	 -45.810	5	  17.959	  20.435	  -6.673
89	 -20.707	2	  15.275	  43.893	  11.931
90	 -18.791	2	   5.410	 -14.107	   6.660
91	 -18.741	2	  -3.590	  -3.067	  28.300
92	 -18.057	2	  38.866	  31.893	  22.236
93	 -15.670	1	  19.370	   4.893	   1.740
94	 -12.418	1	   1.370	  14.893	  23.740
95	 -11.364	1	   6.370	  15.893	   7.740
96	 -11.207	1	  36.370	   8.893	  27.740
97	  -9.651	1	  40.370	  21.893	  20.740
