1	-1884.065	170	  10.263	  25.132	   5.531
2	-1038.089	90	  17.301	  19.438	   6.022
3	-449.349	41	  11.273	  36.207	  -6.645
4	-323.800	30	  30.381	  29.298	   6.728
5	-323.387	28	  21.881	   7.065	 -11.581
6	-317.262	28	  16.785	  40.771	  22.469
7	-315.161	28	   4.499	  39.604	  22.009
8	-306.175	28	   9.164	  39.271	   6.363
9	-299.872	28	  12.756	  16.669	  13.816
10	-251.890	23	   4.521	  16.721	   1.303
11	-230.074	20	  18.732	  17.239	 -18.196
12	-228.769	20	  10.222	   6.771	  -2.021
13	-219.013	19	  27.326	  20.056	   0.026
14	-206.852	18	  20.856	  43.505	   2.246
15	-195.895	20	  17.592	  46.340	   9.489
16	-187.273	18	  28.526	  24.107	 -13.100
17	-181.750	16	  30.642	  28.340	  -4.311
18	-180.135	16	   6.816	  23.110	  -7.542
19	-162.536	16	  -1.174	  33.100	  25.340
20	-159.800	16	  28.008	  35.479	  -8.064
21	-149.360	14	  16.932	   0.508	  -6.542
22	-140.411	13	  21.870	  24.222	  16.350
23	-138.441	12	   5.086	  23.595	  21.428
24	-137.400	11	  26.114	  37.889	  17.768
25	-135.278	13	  10.250	  13.119	 -16.927
26	-126.804	10	  15.646	  27.981	 -17.379
27	-112.041	11	  13.570	  35.089	  28.589
28	-110.866	11	  15.280	  20.974	  20.473
29	-100.783	10	  25.614	  29.783	  21.991
30	 -68.969	7	  19.591	   5.743	   2.234
31	 -60.903	6	   4.700	  15.282	  12.331
32	 -60.868	6	  28.914	  40.809	  -0.343
33	 -60.817	6	  23.514	  13.599	  -1.647
34	 -58.286	6	   6.016	  33.607	  28.995
35	 -55.079	5	  -2.117	  26.728	  15.716
36	 -50.861	5	  10.476	  26.073	  27.678
37	 -38.622	4	  27.346	  13.163	  -9.527
38	 -31.675	3	   7.455	  32.265	   1.091
39	 -31.464	3	   7.562	  27.138	 -14.632
40	 -28.162	3	  27.273	  43.629	  11.952
41	 -28.156	3	  12.528	   5.124	 -13.007
42	 -27.685	3	   5.533	  39.439	  13.001
43	  -9.266	1	  22.867	  27.443	 -20.322
44	  -9.089	1	  25.867	  37.443	  25.678
45	  -9.043	1	  10.867	  23.443	 -22.322
46	  -8.916	1	  33.867	  34.443	   0.678
