1	-2128.237	160	 124.485	  89.447	  23.871
2	-1295.326	102	 103.479	  90.640	  29.182
3	-1239.494	101	 120.016	 103.305	   8.367
4	-1086.990	87	 118.314	  74.080	   9.853
5	-782.031	74	 112.232	  93.145	  -2.063
6	-759.636	70	 102.729	  76.085	  11.864
7	-731.390	63	  92.462	  84.481	  25.190
8	-688.457	61	 108.597	  71.082	  13.054
9	-673.916	64	  98.616	  98.878	  15.559
10	-632.895	60	 120.507	  94.913	  -0.283
11	-612.485	55	 130.821	 100.849	  32.683
12	-598.781	53	 113.110	  74.621	  -3.085
13	-537.700	49	 101.294	 100.256	  22.066
14	-524.816	49	 137.638	 106.430	  13.228
15	-521.051	46	 139.184	  81.433	  19.948
16	-488.506	46	  94.923	  98.336	  26.870
17	-481.779	43	 113.557	  95.819	  43.776
18	-408.034	36	 127.562	  79.179	  34.410
19	-378.227	36	 118.827	 103.749	  -3.898
20	-377.931	33	 131.793	  65.940	  19.542
21	-356.293	32	 139.638	  89.809	  19.354
22	-346.979	33	 124.639	  63.578	   4.551
23	-345.969	32	 123.600	  86.474	  -0.683
24	-336.075	31	 105.231	  74.516	  23.338
25	-305.659	27	 125.479	  83.757	  39.926
26	-282.975	27	 131.104	 114.110	  21.856
27	-280.288	26	 116.795	  73.393	  25.135
28	-274.699	24	 130.349	  91.904	   7.439
29	-272.774	26	 128.539	  79.733	  -1.557
30	-268.300	26	 104.930	 103.654	  27.863
31	-260.947	24	 112.968	  81.892	  45.367
32	-259.395	24	 138.533	  72.192	  10.997
33	-259.221	24	 106.820	 110.832	   5.593
34	-258.389	22	 114.311	 102.520	  29.199
35	-244.174	24	 116.752	  75.542	  34.497
36	-238.926	24	 113.868	 115.687	  14.117
37	-228.185	21	  95.985	  89.413	  39.983
38	-228.123	23	  95.106	  87.962	  12.501
39	-200.582	20	 121.539	 107.626	  28.496
40	-198.207	19	 102.407	  74.728	  32.156
41	-196.019	18	 122.701	 117.619	   8.574
42	-195.487	19	 101.891	  97.857	   3.431
43	-192.117	19	 116.918	 114.060	  -3.682
44	-187.179	18	 103.939	  83.085	   1.628
45	-178.811	18	 107.226	  67.878	   4.677
46	-175.348	11	 111.839	  80.524	  21.762
47	-175.104	17	 129.911	  97.605	   2.035
48	-175.071	18	 136.368	  86.455	  11.187
49	-165.622	16	 106.938	 105.825	   0.471
50	-162.743	14	 128.885	 106.023	  27.258
51	-162.344	16	  87.704	  92.174	  33.294
52	-159.923	15	 113.611	  63.124	  -1.017
53	-159.669	15	 108.204	 107.894	  19.591
54	-158.060	15	 139.659	  77.368	  30.928
55	-157.256	11	 113.274	  98.983	  21.024
56	-156.453	15	 113.828	  59.391	  11.256
57	-152.645	14	 124.087	 114.941	   1.698
58	-151.716	14	 141.546	  89.707	  28.612
59	-138.796	13	 141.725	  98.530	  28.192
60	-129.458	13	 126.160	  59.534	  11.982
61	-126.847	8	 122.315	  88.871	   8.484
62	-124.118	12	 124.930	 101.946	  41.207
63	-118.684	12	 132.124	 113.671	   4.189
64	-117.545	12	 141.417	  71.279	  24.697
65	-106.486	10	 128.946	  92.297	  44.004
66	-105.824	10	 101.448	  93.559	  46.227
67	-104.327	10	 135.485	  94.255	  36.921
68	-104.262	10	 129.953	  70.443	   0.053
69	 -92.721	9	 114.953	 113.988	  21.794
70	 -92.471	8	 135.745	  82.960	  36.138
71	 -87.705	8	 110.602	  87.756	 -11.245
72	 -86.376	9	  98.292	  79.091	  37.629
73	 -80.487	4	 107.048	  89.414	  10.369
74	 -80.280	8	 137.184	  81.374	   4.560
75	 -75.910	8	 130.187	 107.297	  -3.188
76	 -75.569	8	  98.057	 100.620	  39.831
77	 -69.765	7	 120.967	  89.736	  49.370
78	 -67.625	7	 130.766	  71.142	  33.977
79	 -60.639	6	 141.886	 108.108	  23.105
80	 -54.695	5	  91.559	  74.383	  12.627
81	 -54.511	5	 100.576	  82.872	   9.452
82	 -45.361	3	 113.925	  89.638	  16.159
83	 -42.173	4	  93.949	 106.937	  10.281
84	 -39.142	4	 128.958	  68.222	  26.273
85	 -28.749	3	 133.616	 117.086	  14.129
86	 -21.088	2	 124.362	 116.414	  24.804
87	 -20.731	2	 110.460	  74.949	  41.804
88	 -20.105	2	 146.440	  95.929	  19.804
89	 -19.620	2	 111.925	  62.876	  18.266
90	 -18.253	2	 109.925	 102.905	  37.804
91	  -9.620	1	 120.925	  65.414	  23.804
