1	-906.108	81	  16.026	 -15.071	  10.186
2	-852.454	77	  23.113	  -3.621	  24.273
3	-755.376	66	  21.716	 -13.522	  19.729
4	-629.445	57	  52.935	  -9.119	  38.370
5	-599.573	56	  40.434	 -28.260	  32.294
6	-560.799	43	  34.037	  -8.094	  18.943
7	-552.275	35	  43.291	 -14.765	  19.913
8	-537.756	50	  11.280	   4.748	   6.149
9	-455.163	41	  68.643	   7.883	  23.667
10	-445.863	40	  36.599	  -0.779	  21.699
11	-436.219	40	  61.106	 -11.177	  22.042
12	-433.716	36	  51.740	   0.988	  13.354
13	-428.875	39	  30.500	 -17.439	  20.825
14	-410.286	38	  53.804	 -14.776	  16.413
15	-401.421	32	  11.244	  -5.486	  15.263
16	-396.700	37	  30.268	   8.662	   5.891
17	-359.421	30	  45.198	   0.111	  22.082
18	-354.106	32	  52.556	   6.485	  32.494
19	-341.041	32	  46.824	 -23.231	  34.979
20	-304.941	29	  71.635	  -5.251	  21.519
21	-291.096	28	  42.855	  -4.380	  12.107
22	-283.506	27	  27.806	  -0.640	  35.519
23	-277.803	26	  50.005	  10.527	  25.148
24	-272.387	23	  53.316	   1.741	  39.332
25	-262.806	25	  50.832	 -22.511	  25.857
26	-262.001	24	  47.930	  -2.321	  45.758
27	-257.647	23	  43.980	   4.393	  37.023
28	-256.822	24	  40.458	  -8.901	   0.726
29	-256.178	24	  62.873	   2.212	  36.357
30	-253.555	25	  22.483	 -19.210	  -1.064
31	-245.369	23	   9.948	  -6.346	   3.022
32	-245.139	22	  41.073	  -8.324	  44.787
33	-236.884	21	  31.681	 -16.752	  -0.555
34	-224.246	20	  18.295	  -7.689	  -4.978
35	-222.696	22	  54.824	  18.310	  18.449
36	-212.161	20	  26.051	   6.957	  18.485
37	-209.121	18	  50.397	 -15.694	  39.275
38	-205.973	18	  16.396	  -9.618	  30.125
39	-203.053	19	  36.258	 -21.971	  40.107
40	-199.716	15	  54.933	 -14.566	  29.393
41	-194.803	19	  29.485	 -29.676	  34.776
42	-185.272	19	  37.359	   1.253	  31.285
43	-184.899	18	  37.033	   2.283	  42.151
44	-183.393	17	  36.606	  -0.275	  -2.097
45	-180.499	18	  21.736	 -15.103	  43.063
46	-167.266	16	  25.301	  -7.931	  -6.968
47	-164.034	16	  36.646	 -15.899	  45.475
48	-154.004	15	  47.430	 -15.656	   5.195
49	-148.999	15	  63.009	  11.996	  10.703
50	-145.439	14	  41.391	   5.159	   7.465
51	-142.595	14	  19.672	   4.521	  -3.342
52	-127.028	11	  35.371	 -18.373	  10.311
53	-120.889	11	  22.165	 -28.179	  31.314
54	-119.870	12	  53.769	  -7.878	   8.029
55	-119.743	12	  48.684	  13.463	  11.077
56	-117.852	12	  66.605	  -7.322	   7.649
57	-111.081	11	  16.499	  11.357	  12.583
58	-108.042	10	  49.201	 -24.530	  17.786
59	 -98.452	10	  16.935	  -6.788	  37.671
60	 -97.035	9	  63.436	  16.398	  17.031
61	 -90.309	9	  38.688	  -2.208	  48.197
62	 -88.927	6	  53.022	  -6.883	  18.581
63	 -88.625	9	  65.490	   2.564	   6.466
64	 -83.876	9	  35.557	 -23.276	  17.619
65	 -83.033	8	  28.951	 -25.051	  43.761
66	 -81.540	8	  20.841	 -21.219	  11.116
67	 -70.597	7	  61.518	  12.664	  30.542
68	 -69.053	7	  61.889	 -12.951	  15.256
69	 -68.321	7	  17.158	   3.982	  20.702
70	 -67.267	7	  16.046	 -17.979	  28.508
71	 -60.483	6	  67.634	  -5.720	  27.918
72	 -54.489	5	  70.659	  -0.735	  32.835
73	 -49.842	5	  14.918	 -23.913	  34.423
74	 -49.059	5	  40.726	 -17.753	   3.877
75	 -47.155	5	  28.968	   0.783	  -5.998
76	 -44.063	4	  43.401	 -28.943	  23.169
77	 -42.120	4	  13.581	 -13.222	  -2.011
78	 -39.846	4	  34.833	 -28.963	  22.426
79	 -39.710	4	  28.289	 -22.734	   5.696
80	 -39.367	4	  73.550	   1.034	  25.480
81	 -38.713	4	  72.840	   0.262	  12.003
82	 -33.241	3	  38.226	 -11.336	   9.430
83	 -28.262	3	  34.623	   8.937	  15.424
84	 -27.494	3	  57.628	  11.616	   5.770
85	 -23.179	2	  46.856	   9.723	  18.430
86	 -19.338	2	  54.387	   2.747	   4.911
87	 -19.001	2	  27.313	 -27.223	  23.919
88	 -18.499	2	  71.341	   7.211	  14.916
89	  -9.565	1	  20.313	 -25.734	  41.430
90	  -9.274	1	  34.313	  -0.734	   6.430
91	  -9.216	1	   8.313	   2.266	  17.430
92	  -8.969	1	  31.313	  -6.734	  48.430
