1	-2078.187	176	  15.820	  14.977	  40.492
2	-1223.003	110	  12.822	  15.116	  26.020
3	-986.667	87	  16.823	  18.996	  20.903
4	-831.572	70	 -18.190	  18.756	  38.855
5	-831.095	75	  22.374	   8.946	  47.701
6	-827.287	71	  38.559	 -13.394	  31.908
7	-738.644	70	  13.590	   7.047	  45.824
8	-729.121	64	  -0.515	  29.025	  49.466
9	-710.368	61	  23.695	  -2.074	  17.848
10	-708.677	62	  51.108	   2.354	  20.178
11	-659.053	59	 -34.894	  29.438	  72.245
12	-618.927	49	  27.327	  10.472	  38.846
13	-613.162	56	 -14.377	  23.533	  25.981
14	-584.172	55	   6.743	  14.156	  22.447
15	-578.718	54	  45.715	 -24.145	  26.396
16	-562.293	45	  48.598	 -18.632	   7.184
17	-556.770	51	  32.463	  -8.109	  43.705
18	-556.164	50	  62.401	  -1.931	   2.928
19	-545.526	44	  -8.048	  41.652	  29.700
20	-545.512	44	  54.394	   1.296	  -0.996
21	-542.975	43	 -22.504	  13.395	  65.037
22	-539.828	44	 -26.155	  33.257	  74.470
23	-530.182	49	 -23.680	   7.598	  46.310
24	-529.563	48	  10.437	  45.118	  41.201
25	-512.915	41	   4.344	  50.082	  46.259
26	-509.277	46	 -24.545	  32.793	  34.224
27	-489.959	44	  44.100	   1.005	  37.816
28	-484.933	44	  32.378	 -19.459	  18.541
29	-472.917	41	  20.427	  -8.925	  46.445
30	-440.249	38	 -46.027	  28.979	  46.830
31	-438.610	37	  67.620	  -3.246	  30.419
32	-435.603	40	  16.591	  34.594	  37.325
33	-431.924	40	  21.581	  21.992	  40.885
34	-428.528	39	 -44.550	  28.155	  65.085
35	-426.917	42	 -28.071	  37.081	  50.366
36	-425.134	39	   4.734	   4.017	  26.249
37	-423.395	40	  70.407	  -4.107	  12.099
38	-416.548	35	   8.740	 -13.904	  24.534
39	-404.063	31	 -27.234	  32.341	  55.506
40	-383.178	34	  30.809	 -16.835	  28.522
41	-372.282	35	  51.727	  15.226	   1.678
42	-368.119	32	 -10.019	  12.720	  51.904
43	-366.878	35	 -23.749	  47.219	  70.981
44	-360.598	31	  -2.324	  -4.861	  15.310
45	-353.862	32	   7.151	  14.430	  31.584
46	-340.364	27	 -32.881	   5.797	  49.867
47	-327.308	28	  46.423	  -9.238	  34.727
48	-323.349	28	  77.288	   7.440	  20.514
49	-323.000	29	  74.203	   1.501	  24.219
50	-321.058	30	   5.550	  47.744	  60.568
51	-318.943	24	  -6.092	  23.818	  21.437
52	-315.886	28	 -26.351	  22.689	  37.529
53	-314.594	30	 -10.711	  14.123	  38.318
54	-300.006	28	  15.149	  27.915	  28.207
55	-297.999	27	 -51.387	  33.868	  53.517
56	-297.905	24	  54.916	 -26.323	  24.350
57	-291.452	28	  75.069	  19.759	  18.127
58	-289.530	28	  27.452	  28.245	  59.413
59	-288.863	26	   1.219	  -8.886	  20.819
60	-288.816	24	 -52.959	  39.806	  58.397
61	-276.105	23	  25.455	  26.218	  46.253
62	-272.802	26	   0.153	   5.726	   6.253
63	-269.975	25	 -31.465	  35.614	  41.610
64	-264.852	21	  -9.891	  53.332	  55.218
65	-264.167	25	 -21.045	  49.298	  55.080
66	-260.394	21	  -9.534	  37.464	  72.286
67	-255.074	23	  24.191	 -13.868	  16.754
68	-254.934	23	  52.064	   3.427	  31.828
69	-254.662	23	  22.814	  13.983	   2.837
70	-252.269	24	  -1.295	  33.337	  65.335
71	-252.113	24	 -50.089	  52.404	  59.756
72	-250.886	20	  34.526	  21.624	  14.203
73	-249.066	23	  -9.955	  17.938	  59.153
74	-244.617	23	  -0.729	  16.860	  50.586
75	-244.333	23	  27.658	   2.430	   2.626
76	-243.338	22	  35.208	 -14.137	  10.049
77	-238.393	19	  -7.009	  13.619	  45.045
78	-237.937	22	 -19.639	  40.515	  37.858
79	-233.513	22	  72.309	 -13.207	  18.476
80	-232.004	18	  37.980	   5.523	  -2.615
81	-228.974	22	 -50.067	  53.852	  43.596
82	-224.335	21	  40.074	   9.215	  33.080
83	-217.171	21	 -44.371	  18.255	  45.942
84	-214.512	21	  71.360	  21.638	  34.822
85	-209.555	20	  11.418	 -14.102	  35.795
86	-204.962	20	  66.187	 -13.779	  30.356
87	-203.856	19	  44.721	  17.311	  17.662
88	-203.643	20	  -0.719	  -3.533	   0.629
89	-200.042	18	   4.188	  -2.992	  34.263
90	-199.314	19	  15.800	  47.619	  52.905
91	-198.176	19	  23.112	  12.968	  62.458
92	-192.905	19	  -7.589	  54.169	  44.958
93	-190.801	18	   3.489	  14.072	  42.759
94	-188.300	18	  61.827	 -24.755	  27.903
95	-182.889	17	   3.890	 -18.454	   0.264
96	-179.699	17	 -40.146	   6.637	  48.478
97	-175.272	17	  71.738	  15.503	   7.993
98	-173.189	17	  48.460	  10.652	  22.724
99	-172.697	17	  24.299	  38.868	  54.834
100	-172.318	16	  59.156	  13.716	  31.987
101	-169.736	16	   8.714	  16.558	  11.700
102	-167.733	16	 -45.256	  48.338	  68.594
103	-165.823	10	   5.861	  26.231	  38.311
104	-164.627	16	   9.367	  16.769	  58.302
105	-160.436	16	  19.445	  19.169	   7.624
106	-159.321	15	  -9.354	  21.099	  68.239
107	-157.855	15	   1.208	  20.356	  20.050
108	-156.817	9	  15.841	  -4.929	  27.441
109	-156.205	16	  62.994	  24.197	  32.531
110	-155.661	14	  29.501	  22.304	  23.636
111	-153.566	14	 -17.007	  48.701	  40.979
112	-153.335	13	  19.785	 -15.764	  22.482
113	-152.015	14	 -27.675	  15.016	  72.354
114	-151.564	14	  38.603	  17.083	  29.720
115	-150.272	13	 -48.308	  20.907	  58.323
116	-150.077	9	  60.439	  -6.296	  21.774
117	-147.375	15	  74.796	  12.896	  37.916
118	-147.123	13	  72.029	   3.999	  35.118
119	-146.513	14	  55.051	 -24.266	   9.348
120	-144.739	13	 -14.749	  28.341	  74.842
121	-144.015	13	   4.315	 -19.215	  17.701
122	-142.393	12	  -0.900	  47.021	  28.883
123	-141.825	14	  44.770	 -25.730	  18.059
124	-141.380	13	 -37.480	  45.939	  43.515
125	-140.436	13	 -43.898	  11.915	  60.067
126	-139.936	13	  16.108	 -14.334	   6.919
127	-139.576	14	  10.587	 -14.922	  -3.374
128	-139.326	14	  79.088	  18.817	  28.624
129	-136.458	14	  16.912	  15.952	  67.151
130	-133.487	13	 -56.710	  49.537	  50.639
131	-133.398	12	 -37.086	  30.002	  41.265
132	-133.354	13	  25.854	  -4.326	   8.423
133	-132.702	13	 -49.319	  41.017	  66.433
134	-132.512	13	  26.035	  33.709	  48.419
135	-130.901	8	 -36.298	  25.576	  53.250
136	-130.581	11	  43.771	  -3.729	  -3.737
137	-128.913	12	  64.723	 -23.714	  15.209
138	-128.705	12	   4.307	  32.562	  19.996
139	-128.420	13	  48.439	  19.830	   9.866
140	-127.646	11	  57.438	  -1.830	  33.439
141	-126.823	11	  54.869	 -16.859	   1.151
142	-126.623	11	  36.158	 -10.657	   1.741
143	-125.839	13	 -54.639	  44.554	  40.580
144	-124.716	12	  -2.236	   2.746	  13.326
145	-122.147	11	 -51.556	  36.518	  43.274
146	-120.652	10	  22.400	  23.788	  30.286
147	-119.342	12	  30.208	  18.107	  55.468
148	-118.785	11	  20.540	   1.896	   5.562
149	-118.644	11	 -35.707	  41.693	  75.545
150	-116.912	11	   6.345	  32.282	  61.059
151	-116.826	8	  36.936	   6.794	  12.554
152	-115.932	12	 -34.454	  21.986	  39.913
153	-113.842	12	  -4.260	 -12.668	   1.337
154	-113.405	7	 -15.173	  28.328	  48.394
155	-112.602	11	 -14.792	  31.666	  24.384
156	-110.815	10	  63.993	   9.714	  -0.120
157	-110.713	10	  -4.299	  39.235	  22.556
158	-110.662	11	 -21.347	   6.123	  53.784
159	-110.345	10	  53.402	  15.497	  16.375
160	-110.158	11	  28.349	  19.947	  35.930
161	-108.427	10	  10.044	  -1.238	  43.948
162	-108.295	11	 -19.249	  52.781	  65.908
163	-107.133	10	 -29.466	   7.904	  64.575
164	-104.708	11	  27.676	  25.375	  13.092
165	-102.657	10	  -2.005	  26.775	  58.122
166	-101.730	10	   0.434	 -21.518	   8.105
167	 -98.693	10	  21.918	   1.464	  49.368
168	 -98.638	10	 -24.352	  42.455	  49.012
169	 -97.522	10	  -9.776	  53.639	  65.920
170	 -97.112	10	 -39.450	  55.433	  42.155
171	 -95.751	6	 -25.342	  31.872	  66.820
172	 -95.238	9	 -29.035	  47.799	  56.725
173	 -95.002	9	  15.715	  40.111	  60.483
174	 -94.638	6	  37.742	  -2.997	  22.289
175	 -91.468	6	  60.583	  -7.974	  11.889
176	 -90.679	9	  10.035	 -23.131	   4.764
177	 -88.941	9	 -46.643	  48.226	  36.894
178	 -88.559	9	  66.081	  16.173	  39.885
179	 -87.866	8	  63.914	  17.251	   7.041
180	 -85.194	8	 -35.988	  49.176	  69.693
181	 -81.866	8	  59.228	  22.090	  20.841
182	 -80.835	8	  12.759	  28.121	  65.870
183	 -80.619	5	   0.937	  42.878	  46.084
184	 -80.577	8	 -17.582	  17.071	  73.968
185	 -80.162	5	  52.243	  -0.316	   6.437
186	 -79.844	8	  46.071	 -15.192	  -2.460
187	 -79.297	8	  44.555	   6.988	  -6.580
188	 -78.870	8	  34.629	  15.383	  -2.502
189	 -78.268	5	   5.730	  36.242	  36.327
190	 -77.516	8	  -5.094	  31.832	  17.921
191	 -76.178	7	  75.606	   9.199	  12.203
192	 -75.312	8	  56.863	  19.366	  10.969
193	 -75.231	5	  15.412	   4.573	  29.474
194	 -74.156	7	  30.949	  -0.308	  46.417
195	 -73.982	5	  22.328	  11.811	  20.951
196	 -73.395	7	  10.432	  44.024	  32.824
197	 -73.111	7	  -8.530	  49.988	  30.808
198	 -73.048	7	 -44.709	  35.739	  37.971
199	 -73.046	7	 -35.377	  54.965	  53.859
200	 -72.111	5	 -10.939	  41.666	  60.387
201	 -71.474	7	   4.749	  49.681	  34.710
202	 -71.385	7	 -44.931	  58.918	  56.969
203	 -70.211	7	 -30.643	   3.466	  57.859
204	 -68.896	7	   1.177	  45.394	  68.109
205	 -67.569	4	 -34.546	  24.016	  62.651
206	 -67.479	6	  64.819	  -9.603	   3.133
207	 -67.361	4	 -12.765	  36.095	  55.159
208	 -64.615	6	   8.732	   9.212	   4.114
209	 -63.052	6	 -30.337	  22.455	  75.536
210	 -61.035	6	 -15.483	  37.706	  78.167
211	 -60.423	6	  55.170	 -28.617	  16.137
212	 -60.160	6	  -3.124	  56.380	  55.387
213	 -59.526	6	  -0.544	  14.722	  37.289
214	 -59.315	6	  55.704	 -10.118	  34.433
215	 -58.382	6	 -36.773	   6.361	  62.260
216	 -58.294	6	  64.048	   4.165	  39.237
217	 -58.099	6	 -30.894	  51.359	  63.005
218	 -57.579	6	  44.254	  20.550	   2.494
219	 -53.848	5	  70.727	  25.850	  19.109
220	 -53.691	5	  14.336	  -3.128	  -1.470
221	 -52.729	5	  15.923	   8.267	  58.729
222	 -51.817	5	  58.222	  -8.982	  -1.378
223	 -50.092	5	  19.745	 -16.684	  29.993
224	 -49.996	5	  -6.678	  47.239	  71.757
225	 -48.351	5	  34.548	 -23.333	  25.509
226	 -47.865	5	  43.135	  -6.922	  41.906
227	 -47.196	5	  16.366	   7.882	   1.917
228	 -42.158	4	  -5.143	 -12.800	  10.071
229	 -40.270	4	  36.744	  22.095	   3.839
230	 -40.103	4	  24.766	  29.323	  66.310
231	 -39.184	4	  -8.250	  13.872	  28.872
232	 -39.168	4	 -13.714	   8.165	  44.583
233	 -36.673	4	 -32.979	  12.115	  39.351
234	 -33.991	2	  -5.460	  34.467	  55.716
235	 -30.031	3	   0.742	  57.872	  49.134
236	 -29.281	3	  13.376	 -22.432	  16.493
237	 -29.259	3	  65.724	 -18.410	   6.060
238	 -28.299	3	 -57.970	  45.872	  58.705
239	 -28.027	2	   7.133	  41.655	  52.935
240	 -27.864	3	 -22.582	   9.872	  39.767
241	 -27.840	2	  56.072	   8.211	   7.448
242	 -21.185	1	  42.742	   8.872	  18.109
243	 -20.738	2	  51.262	 -20.128	  35.109
244	 -19.687	2	  -1.258	  54.872	  36.631
245	 -19.508	2	 -24.735	  25.349	  30.109
246	 -18.459	2	   1.245	  10.879	  18.116
247	 -18.430	2	  51.255	  -9.154	  -5.891
248	 -18.378	2	 -10.258	  53.872	  37.601
249	 -16.140	1	  30.742	   0.872	  11.109
250	 -14.833	1	 -29.258	  40.872	  66.109
251	 -11.482	1	 -27.258	  39.872	  80.109
252	 -11.073	1	  56.742	   7.872	  -6.891
253	 -11.059	1	 -22.258	  22.872	  78.109
254	 -10.964	1	  26.742	 -17.128	  40.109
255	 -10.770	1	  17.742	   9.872	  12.109
256	 -10.449	1	 -35.258	  14.872	  71.109
257	 -10.155	1	  28.742	  21.872	  64.109
258	 -10.027	1	  35.742	 -14.128	  41.109
259	  -9.916	1	  80.742	  13.872	  17.109
260	  -9.837	1	 -17.258	  17.872	  29.109
261	  -9.491	1	  -1.258	  52.872	  66.109
262	  -9.393	1	  32.742	  22.872	  50.109
263	  -9.167	1	  15.742	  23.872	  13.109
264	  -9.036	1	   5.742	  43.872	  26.109
265	  -8.924	1	   8.742	  55.872	  52.109
