1	-1386.211	128	   7.435	 -13.410	  -0.143
2	-1336.936	111	  15.427	  -6.281	   4.260
3	-1073.370	87	   9.713	 -11.891	 -19.581
4	-652.059	60	  22.025	   9.255	 -24.727
5	-644.980	61	  -3.222	 -17.173	   7.529
6	-613.197	58	  -2.806	 -13.481	  -6.862
7	-602.613	52	  32.246	  -0.506	 -12.676
8	-549.469	51	  10.759	  19.605	 -17.300
9	-517.745	46	   6.576	 -16.351	  -8.173
10	-511.254	48	  -3.133	 -15.739	 -16.730
11	-502.238	44	  -5.470	  -7.489	 -23.476
12	-494.270	44	  15.411	  15.713	   7.856
13	-468.761	43	  33.265	   2.438	  18.338
14	-460.952	41	  18.769	   2.329	  14.016
15	-397.362	38	  38.307	   0.374	  10.278
16	-368.568	31	  10.032	  23.797	   2.076
17	-354.823	33	  -7.044	  12.562	 -14.953
18	-352.576	33	  26.527	 -15.066	  -4.568
19	-351.760	32	  18.218	  -9.254	  15.209
20	-338.810	33	   1.867	  14.122	 -19.686
21	-331.756	28	  -9.128	  -7.178	 -13.229
22	-315.966	29	  -9.925	   3.192	 -10.292
23	-280.043	27	  -0.367	   7.297	   0.339
24	-270.200	24	   2.752	 -23.197	  -1.695
25	-268.254	25	  21.940	 -19.301	  10.097
26	-268.116	26	  33.522	  13.096	  -0.340
27	-267.394	25	   4.114	 -20.079	 -18.620
28	-263.671	25	  21.118	  21.657	 -13.713
29	-252.158	24	  27.562	  18.527	  -3.473
30	-252.049	24	  25.513	  -3.622	 -25.533
31	-250.034	22	  29.887	  -7.314	 -11.486
32	-239.492	22	 -15.565	  -0.381	 -17.309
33	-231.601	22	  13.045	 -18.457	  -0.957
34	-231.188	21	  -0.230	 -24.146	 -11.347
35	-223.173	21	  -3.355	 -24.848	  11.168
36	-211.718	21	  30.442	  10.450	   9.005
37	-195.638	17	  33.381	 -12.599	   6.885
38	-193.248	18	  23.718	   2.970	  19.744
39	-192.407	19	  -6.352	 -25.491	 -16.468
40	-189.680	18	  -8.370	   7.972	 -22.100
41	-169.172	17	  -6.831	  -7.370	  -0.233
42	-163.222	16	   5.395	   6.383	 -28.630
43	-159.861	16	   8.636	   1.443	 -34.290
44	-158.404	14	  14.500	  -5.374	 -29.547
45	-154.110	15	  29.001	  13.116	 -15.894
46	-152.667	10	  26.830	  -2.086	   8.142
47	-151.896	15	   0.747	  -0.735	 -30.168
48	-147.116	13	   2.535	  -5.713	   1.559
49	-145.935	14	  35.480	 -11.100	  14.475
50	-143.268	14	  15.223	 -13.725	   8.079
51	-133.213	13	   8.240	 -19.681	   8.905
52	-123.383	12	  12.231	  25.441	  -6.295
53	-118.920	12	  29.451	  -8.927	  24.090
54	-116.126	11	   7.342	   7.249	   6.005
55	 -96.166	10	 -11.383	 -17.181	   9.682
56	 -89.538	9	  -3.487	  17.058	  -4.377
57	 -88.240	9	  37.275	   8.560	  -8.298
58	 -85.536	8	  20.592	 -15.760	 -19.484
59	 -85.411	9	  20.075	  22.580	   4.098
60	 -83.601	8	  15.300	   6.542	 -31.273
61	 -73.816	7	   8.062	  -2.776	   6.298
62	 -73.648	7	  15.971	 -16.936	 -12.007
63	 -73.511	7	   0.946	  21.478	   2.335
64	 -72.706	7	  39.378	   8.172	  -1.088
65	 -69.725	7	  -5.059	 -15.495	 -25.046
66	 -67.790	4	  15.233	  12.071	 -18.373
67	 -67.343	5	  -3.405	  -0.799	 -12.575
68	 -65.966	5	   0.591	  -6.584	 -10.057
69	 -60.547	6	  30.876	 -17.086	  15.949
70	 -58.937	6	  21.870	  24.977	  -3.764
71	 -58.484	6	   4.164	  26.709	  -6.484
72	 -54.749	5	  32.777	  -9.137	  -2.464
73	 -51.635	5	  39.523	  -1.246	   2.168
74	 -48.755	5	  20.330	 -22.444	  -6.040
75	 -37.328	4	  23.052	 -16.647	  21.533
76	 -30.745	3	 -12.148	 -23.627	  14.133
77	 -29.662	3	   7.844	  -9.633	 -30.226
78	 -28.934	3	   2.142	 -17.648	 -28.579
79	 -22.109	2	 -10.936	 -15.646	  -0.226
80	 -19.975	2	   7.443	  19.246	  10.256
81	 -18.989	2	  21.012	  -3.646	  26.774
82	 -18.281	2	  41.515	   0.859	  -7.226
83	 -16.467	1	  21.515	 -10.646	   1.774
84	 -15.485	1	  25.515	   1.354	  -6.226
85	 -11.900	1	  21.515	  -7.646	 -19.226
86	 -10.475	1	  17.515	  20.354	 -24.226
87	  -9.762	1	  -3.485	 -28.646	 -22.226
