1	-1457.026	127	  39.073	  61.924	  21.661
2	-1362.504	119	  38.568	  71.715	   7.318
3	-1293.374	106	  23.948	  84.567	  10.906
4	-963.893	84	  23.411	  76.417	  14.884
5	-948.483	79	  16.032	  89.700	   7.651
6	-651.449	61	  28.174	  75.260	   0.914
7	-645.696	60	  35.114	  62.823	  27.470
8	-636.823	56	   7.615	  65.841	  14.920
9	-574.888	47	  47.359	  73.792	  11.175
10	-572.502	52	  45.811	  51.817	  13.209
11	-547.490	48	  27.635	  87.177	  30.403
12	-533.412	49	  52.646	  51.137	  31.383
13	-517.029	48	  29.757	  92.322	  20.609
14	-515.569	47	  46.317	  77.839	  29.093
15	-464.988	38	  29.577	  56.670	   9.030
16	-414.299	36	  12.321	  55.157	  15.117
17	-405.067	39	  21.419	  73.805	   7.836
18	-382.498	35	  23.610	  51.578	  29.376
19	-380.546	25	  39.540	  58.174	  11.794
20	-355.248	34	  67.783	  68.460	  12.633
21	-348.133	31	   8.446	  75.198	   7.766
22	-315.601	29	  28.723	  46.190	  10.275
23	-291.018	28	  46.489	  46.402	  20.083
24	-287.656	27	  41.808	  62.691	  31.721
25	-284.252	25	   5.277	  75.617	  25.554
26	-283.407	27	  63.790	  63.826	  22.311
27	-279.676	26	  34.982	 100.331	   5.645
28	-277.038	26	   9.315	  82.838	  34.308
29	-273.636	26	  60.138	  68.714	   2.355
30	-253.586	25	  19.429	  47.608	  16.380
31	-235.460	22	  58.557	  66.081	  29.223
32	-231.386	23	  36.636	  76.272	  38.669
33	-220.650	20	  60.823	  74.594	  10.185
34	-219.448	22	  42.466	  60.649	  -1.476
35	-216.644	20	  32.783	  40.447	  16.928
36	-215.771	20	  30.842	  63.925	   6.226
37	-209.595	20	  18.196	  97.116	  21.230
38	-203.447	18	  17.655	  81.614	  39.132
39	-196.464	19	  16.208	  62.253	  30.633
40	-188.756	18	  54.037	  56.481	  -2.578
41	-184.736	15	  27.740	  63.983	  35.890
42	-179.211	17	  17.906	  67.073	  38.978
43	-170.886	17	  36.405	  95.131	  -2.729
44	-167.806	14	  51.212	  79.831	  13.234
45	-167.190	15	  51.703	  68.975	  32.878
46	-165.501	15	   8.501	  96.665	  24.738
47	-164.291	15	  27.295	  73.191	  42.208
48	-163.548	16	  42.700	  70.831	  36.040
49	-163.393	15	   5.981	  89.861	   8.933
50	-159.666	15	  43.139	  43.160	   5.978
51	-152.956	12	  17.616	  65.825	   5.069
52	-152.325	15	  17.382	  81.072	   8.428
53	-151.006	15	  53.153	  59.676	  36.755
54	-150.950	14	  36.506	  56.562	   2.661
55	-149.835	14	  65.297	  59.077	  12.353
56	-144.731	14	   9.634	  65.304	  27.842
57	-144.051	14	  41.151	  79.979	   1.496
58	-143.391	13	   2.542	  94.885	  19.057
59	-140.128	14	  17.832	  94.669	  29.343
60	-135.795	14	  14.730	  89.119	  34.943
61	-132.458	13	   8.839	  75.386	  37.191
62	-131.424	13	  44.666	  42.253	  33.142
63	-128.474	13	   0.070	  83.461	  23.889
64	-127.901	12	  19.130	  96.150	   1.563
65	-126.140	12	  22.189	  38.958	  30.334
66	-123.863	12	  39.298	  85.311	  29.525
67	-122.517	11	  41.549	  84.305	  17.541
68	-121.033	12	  49.967	  43.852	  26.249
69	-120.903	12	  24.703	 102.275	   8.255
70	-119.631	11	   8.587	  56.340	  24.448
71	-116.957	12	  34.808	  55.537	  34.841
72	-111.165	11	  44.657	  47.422	  -2.928
73	-101.880	10	  56.113	  72.984	  25.642
74	-101.125	10	  59.013	  53.721	  11.179
75	 -99.893	8	  52.851	  51.753	  17.009
76	 -96.305	9	   2.914	  82.939	  11.500
77	 -93.145	6	  12.806	  73.810	  15.078
78	 -91.349	9	  59.318	  75.633	  18.064
79	 -90.881	9	  13.652	  59.826	   6.476
80	 -84.534	7	  15.369	  98.413	  14.383
81	 -79.956	8	  42.180	  88.323	  10.341
82	 -63.930	6	  44.681	  88.091	   2.608
83	 -60.584	6	  54.128	  51.163	   5.377
84	 -58.769	6	  10.890	  49.310	  20.093
85	 -57.182	3	  25.392	  56.533	  18.969
86	 -54.503	5	   0.613	  91.858	  31.169
87	 -52.731	5	  36.478	  40.799	   9.382
88	 -51.508	5	  48.589	  82.583	  21.620
89	 -51.332	5	  41.226	  96.619	   9.121
90	 -49.158	5	  28.688	  97.735	   0.162
91	 -48.314	5	  61.601	  55.430	  28.215
92	 -47.299	5	  48.803	  61.615	  -5.580
93	 -41.290	4	  45.904	  52.376	  36.840
94	 -40.786	4	  34.448	  38.373	  24.258
95	 -40.521	4	  61.157	  56.428	   2.720
96	 -40.181	4	  35.104	  49.357	   4.634
97	 -39.415	4	   0.392	  67.604	  20.362
98	 -38.803	4	  49.423	  69.124	  -0.374
99	 -37.765	4	  18.910	  75.390	  45.587
100	 -32.456	2	  31.392	  52.608	  21.895
101	 -31.982	3	  41.995	  38.608	  17.022
102	 -31.249	2	  46.625	  70.225	  22.603
103	 -29.269	3	  32.567	  40.607	  34.602
104	 -28.933	3	  24.426	  90.963	  -2.319
105	 -20.321	2	  24.948	  40.164	  22.827
106	 -18.651	2	  58.392	  48.084	  27.603
107	  -9.545	1	  24.392	  44.608	  34.603
108	  -9.382	1	  19.392	  82.608	  -2.397
109	  -9.201	1	  31.392	  83.608	  42.603
