1	-876.161	72	 107.865	  45.055	  11.596
2	-810.079	73	 120.407	  46.158	  31.089
3	-592.489	50	  95.033	  48.776	  24.753
4	-581.328	51	  85.864	  65.961	  29.575
5	-526.033	49	 102.391	  65.527	  41.016
6	-524.224	47	  78.206	  49.354	  33.212
7	-501.968	47	 110.943	  24.346	  33.456
8	-454.832	42	 108.955	  58.558	  38.384
9	-437.225	37	 119.545	  36.162	  22.895
10	-413.989	37	 115.233	  59.854	  27.920
11	-407.198	37	  89.947	  31.643	  29.391
12	-406.363	35	  98.308	  50.997	  15.789
13	-370.381	34	 102.385	  25.226	  29.693
14	-362.970	34	 111.343	  48.115	  48.128
15	-356.851	32	 111.443	  39.307	  49.029
16	-327.703	32	 104.339	  17.725	  11.377
17	-321.634	28	  91.572	  40.964	  17.207
18	-306.618	28	  77.397	  61.702	  26.039
19	-302.191	26	  95.983	  38.142	   7.247
20	-289.489	28	 101.778	  69.216	  17.865
21	-278.161	28	  92.678	  58.451	  15.641
22	-256.412	23	  86.960	  45.867	  28.054
23	-250.582	16	 101.146	  36.134	  26.575
24	-242.845	22	 111.233	  64.554	  32.213
25	-234.323	23	  80.111	  66.741	  17.679
26	-218.408	21	 123.578	  37.575	  33.250
27	-218.357	20	 119.178	  20.387	  20.422
28	-204.144	19	 103.086	  32.844	  46.920
29	-203.463	17	 115.525	  17.839	  14.582
30	-198.036	18	 108.023	  28.285	  39.679
31	-193.333	18	 114.679	  54.659	  40.098
32	-182.378	18	  98.842	  29.412	   4.202
33	-168.074	16	 111.487	  67.006	  19.879
34	-168.031	16	  81.222	  60.701	  41.646
35	-163.937	16	  88.913	  75.292	  21.737
36	-157.285	13	  96.359	  58.756	  47.926
37	-152.839	15	 116.575	  40.130	  16.465
38	-149.328	14	  90.590	  63.463	  46.560
39	-139.005	13	  83.099	  34.492	  19.358
40	-125.902	13	 120.149	  30.187	  13.155
41	-125.431	13	 113.254	  57.080	  13.803
42	-120.349	11	  82.543	  44.577	  47.765
43	-119.022	12	 119.094	  32.303	  41.158
44	-116.641	12	  81.269	  53.873	  22.948
45	-110.500	11	 118.676	  50.372	  20.605
46	-105.732	11	  73.101	  50.666	  44.209
47	-102.608	10	  98.204	  37.997	  48.684
48	 -98.327	10	  80.804	  30.792	  13.323
49	 -98.039	10	  95.054	  73.550	  32.013
50	 -87.429	9	  87.328	  39.184	  10.430
51	 -79.122	8	 112.364	  13.596	  22.079
52	 -73.262	7	  88.360	  28.668	   7.045
53	 -69.629	7	 121.108	  39.800	  46.547
54	 -69.142	7	 109.098	  32.960	   1.992
55	 -68.386	7	  85.297	  55.050	  51.718
56	 -67.759	7	  90.357	  44.855	  52.771
57	 -62.452	5	  99.669	  41.042	  16.835
58	 -61.455	6	  96.188	  54.708	  55.442
59	 -53.206	5	  94.860	  22.148	  25.828
60	 -51.285	5	  77.087	  42.708	  39.773
61	 -50.660	5	 107.812	  23.670	   3.996
62	 -48.326	5	  94.327	  22.229	  10.852
63	 -48.255	5	  92.350	  38.042	  43.802
64	 -39.275	4	 114.421	  26.480	   5.748
65	 -38.404	4	 100.290	  74.985	  27.855
66	 -37.210	4	 100.437	  47.815	  54.985
67	 -34.095	2	  83.102	  55.648	  32.429
68	 -29.973	2	 100.669	  53.081	  32.408
69	 -28.793	3	 121.986	  22.431	  28.030
70	 -28.261	3	  93.699	  71.423	  39.338
71	 -20.932	1	 116.669	  39.081	  35.996
72	 -20.522	1	  89.669	  56.081	  24.996
73	 -19.911	2	 104.669	  56.064	  50.013
74	 -19.702	2	  89.139	  24.611	  19.877
75	 -19.253	2	 116.669	  36.574	   9.489
76	 -19.234	2	  98.163	  47.081	   6.996
77	 -18.426	2	  92.620	  72.081	  13.972
78	 -12.111	1	  98.669	  44.081	  36.996
79	 -10.796	1	 107.669	  73.081	  27.996
80	  -9.666	1	  98.669	  30.081	  36.996
81	  -9.250	1	  83.669	  35.081	   3.996
82	  -9.087	1	 105.669	  42.081	  53.996
