1	-564.306	52	  -5.058	  21.332	  33.115
2	-560.117	48	   4.466	  31.923	  27.656
3	-521.726	45	 -10.600	  20.494	  37.891
4	-478.346	40	   1.093	  38.206	  49.553
5	-460.364	31	 -14.799	  27.597	  55.266
6	-399.582	25	   2.727	  39.121	  39.370
7	-399.404	37	 -22.972	  34.175	  48.091
8	-331.513	32	  -6.422	  34.902	  26.213
9	-320.076	31	   2.314	  12.328	  38.920
10	-314.154	29	  10.288	  17.519	  36.746
11	-286.896	26	  16.618	  31.950	  39.287
12	-253.823	24	  -5.198	  19.034	  58.795
13	-249.387	24	  -2.231	  43.624	  46.498
14	-244.229	23	 -24.416	  18.833	  42.634
15	-226.684	21	 -16.836	  22.570	  32.074
16	-224.335	22	 -16.171	  17.514	  39.437
17	-220.587	20	  12.846	  39.307	  34.354
18	-217.963	20	   3.923	  31.172	  56.293
19	-196.487	19	   1.312	  10.605	  46.363
20	-170.767	17	 -19.415	  32.358	  29.261
21	-170.283	17	 -24.009	  29.404	  33.903
22	-148.336	14	 -12.804	  39.154	  31.847
23	-141.691	14	  -4.645	  46.230	  36.532
24	-137.547	12	  16.733	  22.461	  46.093
25	-137.016	14	  -5.811	   7.881	  46.310
26	-132.442	12	 -14.972	  41.912	  39.429
27	-130.096	13	 -24.029	  18.778	  54.715
28	-117.592	12	  -2.101	  34.678	  59.356
29	-117.075	11	   5.811	  15.987	  28.217
30	-109.264	11	  13.835	  22.940	  53.851
31	 -92.362	9	  -6.325	  28.453	  65.039
32	 -89.778	9	 -14.202	  39.300	  57.439
33	 -80.007	8	  12.546	  24.496	  32.732
34	 -79.923	8	 -28.723	  25.377	  41.388
35	 -75.431	7	 -18.163	  12.176	  48.206
36	 -64.214	7	   7.967	  13.452	  52.506
37	 -49.968	5	 -12.370	  14.255	  54.023
38	 -49.748	5	  11.162	  22.915	  24.294
39	 -46.694	5	   5.015	  45.234	  31.854
40	 -36.048	3	 -19.924	  30.341	  40.559
41	 -19.014	2	  12.881	  30.053	  51.735
42	 -18.450	2	 -12.602	  25.019	  25.725
43	 -18.262	2	   2.908	  48.019	  38.218
44	  -9.776	1	 -10.602	  19.019	  47.218
