1	-877.977	75	  18.045	  14.670	  15.403
2	-859.382	76	  18.631	  20.667	  33.520
3	-734.936	60	  15.381	  14.860	  24.333
4	-722.327	57	  25.460	  12.822	   2.272
5	-676.550	59	   0.369	  15.371	  14.522
6	-602.381	54	   6.023	   4.325	  35.285
7	-590.921	52	   0.011	   7.373	  30.667
8	-561.040	52	  24.563	   8.422	   9.514
9	-543.503	49	   8.721	  22.057	   0.318
10	-490.400	48	  -0.942	   0.935	   3.061
11	-469.718	37	  14.319	  15.173	  38.154
12	-445.411	36	   8.946	  39.089	   6.879
13	-410.993	38	  30.876	  26.431	  36.127
14	-402.318	36	  15.949	  39.446	  20.576
15	-397.274	36	  18.131	  24.902	  -0.494
16	-386.939	35	  -0.331	  31.773	  35.139
17	-367.823	33	  20.918	  -7.145	  31.606
18	-348.236	31	  16.190	   6.572	  30.984
19	-333.778	32	  30.307	  21.115	  17.674
20	-328.645	32	  14.232	 -10.300	  16.306
21	-315.898	30	  27.640	  36.235	  11.601
22	-310.731	30	  23.167	  22.283	   8.905
23	-293.763	28	  16.385	  -0.625	  -2.372
24	-292.407	27	  -4.440	  32.474	  22.555
25	-291.098	29	  21.574	  -8.221	   4.344
26	-279.506	26	  -5.110	  10.237	  11.164
27	-260.786	26	   9.799	  29.816	  40.545
28	-254.605	24	   5.310	  -6.150	  32.232
29	-250.836	18	   4.418	  34.596	  13.976
30	-249.714	23	  27.693	   6.706	  27.935
31	-245.713	24	  31.677	  10.018	  20.046
32	-243.461	22	   7.793	  -2.018	  -2.789
33	-237.490	23	   9.435	  43.116	  25.152
34	-237.319	22	  37.231	   1.579	  13.195
35	-236.986	23	  31.532	   1.877	   4.562
36	-233.811	16	   1.333	  -3.180	  16.937
37	-228.195	22	  13.527	  38.458	  34.568
38	-219.432	22	  27.085	  17.140	  25.131
39	-217.110	21	  -2.203	  13.010	   4.662
40	-207.142	20	  27.995	  32.805	  25.330
41	-206.124	17	   1.126	  -7.926	  24.798
42	-204.653	18	  -4.187	  29.415	  14.782
43	-204.113	19	   0.734	  38.490	  31.209
44	-202.022	20	  35.232	  12.363	   6.565
45	-200.840	19	  19.811	 -11.139	  20.374
46	-185.022	18	  27.289	  -4.801	  20.245
47	-163.300	16	  -5.547	   0.377	  24.270
48	-156.423	15	   9.700	  29.940	   1.113
49	-152.043	14	  36.914	   6.912	  -0.042
50	-151.504	14	  -6.886	  15.974	  32.213
51	-144.290	14	  -5.479	  20.193	  14.500
52	-140.419	13	   4.888	  20.635	  42.445
53	-140.354	14	  16.011	  36.158	   3.099
54	-135.981	13	  22.807	  22.226	  46.159
55	-134.992	13	  22.374	  40.694	  19.941
56	-126.752	13	  17.723	  12.761	  -6.498
57	-115.077	11	  21.080	  29.281	  38.416
58	-114.497	11	  37.314	  -0.079	  21.392
59	-111.067	11	  23.802	   5.425	  -5.302
60	-110.719	11	  -4.815	  21.756	  36.632
61	-108.701	10	   7.328	   9.901	  -6.584
62	-107.270	11	  30.121	  -4.937	  13.350
63	-105.411	11	  23.888	  34.788	  33.279
64	-104.661	10	  -7.587	  20.053	  21.770
65	 -97.696	10	   4.270	  42.356	  16.048
66	 -96.560	9	   1.590	  27.506	   3.648
67	 -95.622	10	  -4.826	   1.818	  10.064
68	 -94.723	9	  27.377	  12.698	  -6.776
69	 -90.073	9	  12.486	  16.955	  47.245
70	 -88.830	9	   2.807	  14.309	  -2.604
71	 -84.398	8	  27.971	  21.124	  -2.359
72	 -80.531	8	  13.783	   0.819	  36.813
73	 -78.884	8	  29.669	  28.859	   6.756
74	 -77.610	8	  38.150	  22.648	  18.195
75	 -69.361	7	  34.301	  -2.232	  29.916
76	 -66.861	5	  14.618	   8.450	  14.614
77	 -66.738	6	  13.745	   8.609	  43.980
78	 -65.146	5	  12.190	  21.884	  22.037
79	 -63.342	6	  26.739	  -8.650	  26.660
80	 -63.211	6	   2.047	  13.461	  40.940
81	 -59.985	6	   3.399	 -11.342	   5.277
82	 -58.750	6	  -6.467	  27.536	  29.440
83	 -53.002	5	  24.285	   0.825	   2.179
84	 -50.677	5	   9.892	 -13.116	  10.561
85	 -46.072	5	  11.425	 -12.109	   0.211
86	 -42.656	4	  -8.447	   2.905	  16.633
87	 -42.328	4	  38.418	  31.442	  21.854
88	 -42.119	4	  37.838	  25.118	  28.886
89	 -41.647	4	   5.925	 -13.316	  20.582
90	 -41.181	4	   2.121	 -10.922	  14.267
91	 -40.742	4	  25.068	  14.657	  40.851
92	 -28.495	3	  35.035	  32.884	  13.618
93	 -21.879	2	  31.524	  19.379	  31.612
94	 -20.853	2	  13.557	  43.884	  12.028
95	 -12.002	1	  19.029	  28.884	  15.612
96	 -11.841	1	  11.029	 -14.116	  28.612
97	 -10.006	1	  15.029	   0.884	  23.612
98	  -9.802	1	  35.029	   8.884	  28.612
99	  -8.954	1	   7.029	  15.884	   7.612
