1	-1039.382	83	  26.447	  12.458	  81.982
2	-417.629	36	  17.743	  -5.487	  85.683
3	-361.087	36	  16.167	  14.259	 105.201
4	-334.007	30	  13.501	   1.110	 108.724
5	-298.412	29	  27.702	  16.873	 100.856
6	-289.716	26	  16.022	  -9.836	  98.562
7	-268.627	25	  29.397	  -1.735	  84.952
8	-249.598	25	   6.910	   9.974	 101.756
9	-227.190	21	  35.571	   6.260	 107.801
10	-226.844	22	  21.484	  20.716	  86.837
11	-198.829	19	  22.967	  -7.702	 105.518
12	-188.289	18	  21.629	  19.590	  76.489
13	-167.575	16	  31.284	  17.304	  94.009
14	-150.666	14	  14.392	  15.725	  92.613
15	-149.521	15	  26.229	   4.333	 113.492
16	-142.871	14	  31.110	  -3.934	  99.304
17	-126.145	12	   6.161	  -1.408	  98.364
18	-124.633	12	  21.939	  -9.983	  93.254
19	-103.083	10	  38.528	   3.688	  97.685
20	 -97.478	10	  24.983	  14.587	 110.776
21	 -91.623	9	  36.629	   2.568	  88.872
22	 -89.482	9	  14.224	   6.806	  83.040
23	 -83.194	8	   7.815	   1.097	  87.756
24	 -80.163	8	   7.317	   8.690	  91.027
25	 -80.054	8	  31.373	  -4.431	 109.292
26	 -79.599	8	  39.269	  15.576	  97.510
27	 -68.521	6	  21.717	   4.419	  78.735
28	 -41.201	4	  32.262	  21.223	  84.685
29	 -30.968	3	  17.284	  -4.343	 110.712
30	 -27.816	3	  35.345	  14.416	 105.889
31	 -12.079	1	  20.775	   7.710	  92.166
32	 -10.229	1	  18.775	  11.710	  74.166
33	  -8.907	1	  13.775	  15.710	  79.166
