1	-829.673	76	  18.184	  34.781	  21.683
2	-452.459	39	  20.863	  25.908	   8.084
3	-403.888	38	   4.245	  40.494	  11.965
4	-280.662	26	  16.050	  52.232	   6.094
5	-262.529	19	  19.009	  45.651	   3.395
6	-247.608	25	   1.784	  30.405	  15.637
7	-229.394	21	  10.327	  37.831	   1.377
8	-197.258	17	   9.085	  49.151	  18.844
9	-160.710	17	  22.828	  41.975	  20.779
10	-159.683	14	  21.183	  48.965	  13.424
11	-117.251	10	  10.959	  27.313	  18.586
12	-107.699	11	   4.090	  49.412	   9.158
13	-105.910	11	   6.961	  39.554	  24.265
14	-105.539	10	  25.892	  36.594	   2.467
15	 -95.973	8	  29.294	  39.570	  16.584
16	 -90.117	9	  18.537	  34.470	  -1.724
17	 -86.009	9	  28.049	  45.239	   8.593
18	 -74.439	7	   7.637	  24.711	   8.113
19	 -74.074	7	  18.486	  47.029	  24.722
20	 -68.773	7	  31.213	  31.294	  10.178
21	 -28.418	3	  24.943	  30.564	  18.009
22	 -28.352	3	   9.006	  30.528	   0.339
23	 -18.508	2	  21.118	  25.244	  -1.816
24	  -9.945	1	  11.620	  56.241	  11.686
