1	-544.531	46	  27.336	  16.000	  13.524
2	-362.956	33	  34.558	  22.360	  24.243
3	-356.687	32	  34.780	  34.897	  10.534
4	-340.386	31	  14.987	  14.726	  15.779
5	-306.350	28	  13.796	  23.454	  24.188
6	-254.528	24	  20.805	  28.928	  31.992
7	-248.836	24	   6.904	  37.408	  24.024
8	-228.850	22	  19.613	  45.262	  16.851
9	-208.560	21	  30.918	  45.529	  23.652
10	-207.760	18	  14.601	  41.827	  23.008
11	-204.603	19	  23.905	  44.196	  26.239
12	-202.733	18	  26.586	  41.514	   9.731
13	-199.169	19	  27.130	  26.430	   5.045
14	-196.708	18	  22.103	  20.191	  26.699
15	-185.124	18	  12.088	  32.526	   8.477
16	-170.728	16	  18.591	  21.166	   5.129
17	-148.197	14	   9.473	  32.107	  27.060
18	-143.399	14	  36.446	  37.004	  29.275
19	-124.008	12	  28.281	  22.740	  31.501
20	-116.604	11	  28.064	  34.791	  34.208
21	 -92.948	9	   8.072	  41.784	  12.591
22	 -91.655	9	  36.733	  28.536	  27.772
23	 -90.690	9	  21.733	  33.489	   5.723
24	 -82.729	8	  40.357	  26.064	  17.259
25	 -79.038	8	  36.517	  19.912	  12.127
26	 -69.923	7	   6.334	  19.540	  14.153
27	 -68.849	7	  40.160	  36.025	  17.932
28	 -59.875	6	  34.968	  43.136	  12.504
29	 -59.747	6	  21.627	  10.276	  20.899
30	 -39.686	4	   4.237	  27.431	  13.197
31	 -29.582	3	  30.012	  11.471	  22.383
32	 -19.153	2	  11.293	  19.648	   6.129
