1	-1391.663	111	  11.941	   0.605	  60.550
2	-1335.549	107	   2.594	  11.381	  68.275
3	-1296.144	102	   6.584	   8.512	  29.980
4	-1058.010	89	  15.472	  -9.568	  73.774
5	-1029.724	93	  -0.318	   8.095	  59.964
6	-950.188	64	  11.643	   4.806	  50.158
7	-945.871	71	   2.430	  -6.349	  43.032
8	-932.643	71	  17.796	  17.935	  57.205
9	-887.595	77	   4.945	 -14.067	  74.557
10	-875.449	77	  -1.344	  -5.165	  64.931
11	-871.641	77	  13.879	   7.612	  35.680
12	-862.439	66	   1.726	   2.578	  53.847
13	-814.461	60	  11.556	  14.174	  45.009
14	-809.754	70	  31.739	  13.517	  27.160
15	-802.802	75	  28.555	   2.719	  34.548
16	-760.808	65	  16.369	  -9.746	  32.036
17	-750.998	66	  23.250	   7.999	  71.281
18	-720.644	65	 -18.160	   0.991	  54.703
19	-717.714	65	   7.646	  32.829	  41.675
20	-667.375	60	   6.429	  11.810	  39.002
21	-652.630	58	  23.098	  14.670	  36.759
22	-647.103	56	  22.278	  -0.832	  69.843
23	-635.562	59	   5.270	   5.230	  64.992
24	-633.203	42	  32.516	   4.427	  25.107
25	-622.091	45	  17.102	   3.338	  43.472
26	-552.990	44	   6.120	  -8.370	  56.665
27	-545.715	50	 -10.887	  14.157	  81.296
28	-510.473	45	   2.130	  18.117	  14.431
29	-509.254	46	  25.720	   7.225	  48.209
30	-505.713	46	  15.642	 -12.122	  49.420
31	-490.392	44	  24.324	  -5.705	  33.883
32	-446.789	44	  -8.540	  -4.519	  54.949
33	-444.489	37	 -10.523	   4.517	  46.707
34	-422.861	39	   6.753	   1.722	  17.078
35	-392.005	37	   9.215	  17.313	  35.511
36	-387.831	35	  -7.613	  13.183	  23.878
37	-383.319	35	  19.391	  21.493	  33.478
38	-377.335	31	   6.420	  24.893	  50.768
39	-368.542	33	 -11.778	  26.931	  60.206
40	-360.023	30	 -13.557	  23.221	  46.595
41	-341.940	30	  -7.216	  23.780	  70.602
42	-340.157	32	   1.073	  -4.191	  28.359
43	-337.154	32	  16.709	  25.543	  41.575
44	-335.626	32	 -18.839	   0.716	  74.996
45	-322.827	22	   2.876	  11.287	  48.823
46	-322.706	31	  10.769	  -2.988	  87.620
47	-318.571	30	  26.884	   2.743	  15.181
48	-287.251	26	  11.054	  30.055	  20.597
49	-278.649	26	   6.760	  15.363	  81.563
50	-272.446	26	  -5.569	  17.096	  17.283
51	-267.611	23	 -20.893	  16.962	  65.813
52	-257.803	24	  29.419	  10.745	  13.242
53	-255.768	25	 -21.885	  -8.425	  65.056
54	-240.464	21	 -23.203	  23.534	  59.724
55	-238.413	22	   2.036	  26.914	  19.313
56	-237.322	24	 -22.021	   5.011	  69.279
57	-236.587	19	  -6.577	  28.748	  27.151
58	-231.582	23	  10.882	  -7.114	  20.753
59	-229.271	22	 -17.888	  11.816	  75.005
60	-228.720	21	  11.651	  20.250	  71.443
61	-225.882	22	   3.892	  33.511	  27.146
62	-213.414	21	  16.996	  38.268	  30.041
63	-208.756	20	 -23.262	  13.742	  40.275
64	-204.753	19	  19.930	  -1.899	  90.056
65	-204.258	19	  26.586	  -6.068	  13.844
66	-203.880	20	 -10.007	  21.968	  77.604
67	-202.442	18	 -14.682	  29.072	  31.706
68	-202.113	18	  -8.120	  10.628	  30.942
69	-199.938	20	  16.643	  13.186	  81.042
70	-196.379	19	 -15.161	  18.186	  35.730
71	-190.493	18	   2.941	  20.840	  66.070
72	-185.269	17	  17.323	  -9.118	  62.867
73	-184.803	17	  -8.424	  36.201	  51.081
74	-183.684	18	  37.733	   0.577	  29.280
75	-182.347	17	  21.807	 -13.765	  14.368
76	-181.809	18	  -2.123	  10.246	  86.469
77	-181.379	18	 -11.302	 -11.479	  82.387
78	-179.795	18	  26.907	  27.106	  16.954
79	-179.084	18	  35.699	 -12.027	  25.793
80	-177.523	18	   4.588	  -6.108	  90.276
81	-177.321	17	  11.374	 -14.825	  36.978
82	-173.897	16	  17.418	  -8.010	  55.345
83	-169.844	16	  -2.339	   6.940	  21.627
84	-163.194	16	  20.211	  39.934	  37.212
85	-160.884	14	  -0.967	   5.879	  30.990
86	-139.712	14	  26.870	  13.401	  66.253
87	-137.651	13	  22.745	 -15.702	  80.487
88	-135.974	13	  31.186	 -18.047	  21.690
89	-130.942	13	 -23.100	   7.916	  59.140
90	-130.483	12	  -3.694	  24.330	  63.749
91	-128.503	12	  25.307	  30.288	  33.118
92	-126.560	12	  -0.772	  34.640	  38.847
93	-125.419	12	  20.178	   3.436	  10.943
94	-123.576	11	  29.034	  -9.860	  81.524
95	-119.964	8	  -5.428	  17.250	  47.706
96	-117.211	11	  17.790	 -16.847	  73.364
97	-114.943	11	  -1.290	   0.770	  90.837
98	-114.918	12	  17.182	  28.875	  14.328
99	-110.522	11	  12.254	  28.861	  46.995
100	-108.751	11	  -5.566	  -3.347	  40.469
101	-105.661	10	  29.901	  -4.417	  75.318
102	 -99.289	10	  14.520	 -21.660	  23.683
103	 -96.122	10	 -15.983	  -1.967	  83.134
104	 -95.089	10	   5.846	   6.817	  88.491
105	 -92.578	8	  25.304	  -7.975	  42.159
106	 -92.225	9	 -13.684	  18.995	  27.980
107	 -91.725	9	  15.169	  10.533	  10.445
108	 -91.543	9	   1.253	 -13.028	  86.843
109	 -90.868	9	 -14.342	  32.021	  42.954
110	 -87.853	9	  13.567	  20.277	  10.088
111	 -87.615	8	  -0.402	  21.208	  76.253
112	 -83.755	8	   7.953	  12.232	  11.058
113	 -81.150	7	  -0.038	  31.050	  54.123
114	 -79.932	8	  -9.775	   4.114	  87.156
115	 -79.380	8	  27.237	   0.085	  41.148
116	 -78.964	8	 -22.081	  21.106	  46.587
117	 -78.900	8	 -26.651	  15.872	  47.495
118	 -77.964	7	  33.374	   5.633	  82.272
119	 -77.930	7	  24.606	   6.278	  90.581
120	 -76.996	8	  27.951	  19.759	  35.653
121	 -74.261	7	 -20.946	 -12.780	  74.391
122	 -74.074	7	 -16.525	   6.337	  39.773
123	 -68.248	7	  30.023	  -2.553	  89.893
124	 -68.154	7	  35.083	   8.997	  34.945
125	 -67.920	4	  21.216	  13.825	  46.057
126	 -67.518	6	  22.881	  37.353	  22.343
127	 -67.458	7	   4.212	 -15.130	  42.786
128	 -66.171	7	  26.106	  19.222	  58.876
129	 -65.879	7	 -20.077	  -6.131	  78.512
130	 -63.618	6	  25.998	  -2.814	  61.521
131	 -61.923	6	 -13.694	 -13.938	  66.441
132	 -59.257	6	  40.696	  -4.151	  20.716
133	 -58.947	6	  -9.926	  37.200	  41.646
134	 -58.910	6	  33.045	  19.851	  23.030
135	 -57.096	6	  23.082	 -19.142	  27.007
136	 -56.272	6	  -0.967	 -13.112	  64.841
137	 -56.147	6	  36.390	   4.884	  16.861
138	 -51.946	4	  -9.784	   9.917	  75.015
139	 -51.884	5	 -23.986	   8.296	  49.330
140	 -49.683	5	  26.623	  15.866	  77.340
141	 -49.303	5	 -10.297	 -16.710	  73.855
142	 -42.422	4	  27.216	   3.139	  55.526
143	 -40.073	4	  27.407	  20.643	  11.528
144	 -37.890	4	  -2.278	 -17.373	  78.035
145	 -37.436	4	  29.424	 -15.372	  14.011
146	 -31.332	3	  23.847	  11.654	   7.528
147	 -29.982	3	 -25.799	  -5.145	  56.222
148	 -29.659	3	  31.543	  14.870	  84.848
149	 -29.366	3	  34.590	   4.684	  89.407
150	 -29.364	3	  19.874	  22.525	  68.528
151	 -29.128	3	 -19.784	 -12.780	  57.842
152	 -28.366	2	   4.888	  19.870	  21.528
153	 -27.790	3	  29.895	   6.202	  64.857
154	 -25.349	2	 -10.147	   0.233	  72.528
155	 -21.197	2	  13.746	  23.870	  24.528
156	 -19.035	2	  24.780	 -23.592	  17.990
157	 -18.913	2	  26.708	 -13.130	  31.528
158	 -18.787	2	  17.725	  -6.130	  11.528
159	 -18.426	2	  22.706	  18.360	  83.528
160	 -18.396	2	  30.216	  29.870	  25.018
161	 -16.426	1	  16.216	   0.870	  35.528
162	 -12.917	1	   3.216	   0.870	  72.528
163	  -9.554	1	  -5.784	  34.870	  59.528
164	  -8.956	1	   8.216	 -15.130	  20.528
