1	-1715.151	155	   1.745	  24.641	  -2.983
2	-1187.612	100	  -5.235	  24.921	   6.433
3	-793.766	68	  -9.688	  12.089	   3.344
4	-617.749	57	  -8.106	  40.424	  22.742
5	-431.272	39	   1.467	  27.007	  27.172
6	-425.851	34	  -0.524	  15.175	  23.449
7	-393.818	34	 -15.006	  43.456	  21.032
8	-390.494	34	   3.095	   5.979	  -2.182
9	-377.806	32	 -11.036	  37.066	  -0.068
10	-373.064	34	  15.255	   6.713	   1.187
11	-360.578	32	  20.626	  24.868	   7.817
12	-359.882	33	  -1.892	  35.242	  25.295
13	-322.604	28	  12.996	  40.872	  12.501
14	-321.775	29	  -2.446	  12.552	 -11.538
15	-318.827	30	  12.485	  42.299	  -3.490
16	-304.817	28	 -20.891	  29.568	  23.182
17	-296.566	28	 -15.474	  11.934	   8.897
18	-283.445	19	  -9.421	  15.817	  14.498
19	-279.261	23	 -16.898	  26.383	  14.961
20	-271.859	26	  17.282	  36.479	  -2.091
21	-263.089	25	   3.414	  37.395	 -10.480
22	-221.866	19	  12.965	  29.659	  20.101
23	-207.159	20	  -5.969	   6.226	  18.477
24	-176.412	17	 -22.553	  36.267	  14.602
25	-176.216	17	  -8.535	   3.486	  -6.324
26	-173.619	17	  20.853	  14.660	  11.087
27	-173.596	16	 -15.716	  21.526	   5.851
28	-172.232	16	   9.303	   4.938	  11.406
29	-171.348	16	  -4.416	  47.618	  12.116
30	-171.042	16	  -3.621	   0.671	   4.323
31	-157.590	16	   9.558	  46.836	   3.544
32	-153.453	15	  -4.257	  37.655	  -6.533
33	-148.338	15	  20.805	  32.808	   8.873
34	-147.988	14	  11.278	  14.950	  22.227
35	-142.361	14	  -7.056	  21.856	  32.019
36	-139.392	13	  12.907	  10.439	  16.280
37	-126.181	12	 -15.256	  30.240	  31.347
38	-123.768	12	   5.136	  19.930	  27.513
39	-123.681	11	  -6.825	  18.409	  -6.825
40	-121.592	12	 -13.081	  15.620	  25.120
41	-120.157	12	   6.592	  -0.073	   6.511
42	-112.963	11	 -13.432	  16.100	  -4.285
43	-104.406	10	 -16.489	  31.160	   7.143
44	-101.741	10	 -10.577	  46.850	   6.677
45	-100.876	10	  20.046	  18.456	  -0.746
46	 -93.272	10	  14.331	  21.918	  23.872
47	 -87.658	9	  12.771	  31.143	  -9.326
48	 -81.886	8	  11.215	  37.047	  18.495
49	 -78.556	5	   4.832	  29.080	  10.029
50	 -71.857	7	   8.506	  43.737	  -9.992
51	 -70.747	6	   4.113	  47.218	   8.767
52	 -70.452	7	   9.990	   9.630	  -6.287
53	 -64.289	4	  -3.945	  12.237	   9.280
54	 -53.708	5	  -7.933	  44.233	  -2.406
55	 -50.863	5	  -6.652	  33.575	  33.176
56	 -39.249	4	 -15.784	  12.227	  18.367
57	 -37.607	4	 -20.017	  39.703	  28.265
58	 -31.804	3	  20.932	  26.063	  18.071
59	 -29.004	2	   1.362	  14.415	  -4.792
60	 -28.756	3	   0.238	   2.404	  11.436
61	 -23.611	2	   2.716	   6.904	  20.776
62	 -21.187	2	   7.704	  16.938	  -9.224
63	 -19.182	2	   5.732	  41.409	  22.779
64	 -18.580	2	   3.716	  28.393	 -10.202
65	 -16.740	1	   3.227	  39.415	   6.776
66	  -9.919	1	  20.227	  14.415	  20.776
