1	-1439.826	127	  32.920	  33.931	  14.579
2	-1375.350	122	  28.624	  11.218	  33.727
3	-1322.375	117	  11.349	  13.897	   9.432
4	-843.697	64	  16.119	  26.862	  25.648
5	-786.471	75	  27.869	   2.358	  19.860
6	-704.962	67	  40.599	  29.760	  20.334
7	-694.894	66	  41.616	  19.949	  16.993
8	-686.597	66	  24.967	  16.931	   1.648
9	-597.553	56	  24.711	   3.605	  28.679
10	-564.996	50	  17.614	  35.120	  39.085
11	-532.469	46	  15.953	   1.383	   5.818
12	-523.200	48	  37.736	  29.771	   1.682
13	-519.093	48	  16.865	  19.118	   2.219
14	-516.927	45	  41.964	   7.763	  30.825
15	-441.618	40	  -4.634	  23.956	  12.709
16	-433.139	40	  36.013	  45.979	   8.930
17	-402.253	36	  -0.505	  22.790	  29.287
18	-379.054	34	  31.526	  32.856	  31.123
19	-359.462	31	  28.210	  48.148	  25.009
20	-349.038	31	  11.766	  29.423	   9.326
21	-347.775	31	   4.628	  22.313	  34.287
22	-326.336	30	  26.836	  24.903	  49.139
23	-326.250	29	  33.121	   7.040	  45.553
24	-325.566	29	  13.491	  10.553	  31.349
25	-325.072	29	  16.203	  14.565	  46.809
26	-309.308	29	  -5.417	  13.145	  21.739
27	-305.188	31	  24.449	  37.416	   1.076
28	-303.938	26	   6.249	  37.238	  20.802
29	-300.807	28	  18.982	  49.553	  14.152
30	-267.883	24	  15.207	   3.707	  22.431
31	-250.669	24	  29.272	   8.704	   6.382
32	-239.843	22	   9.723	  43.218	  24.528
33	-233.055	22	  23.539	  30.733	  41.029
34	-223.816	20	  39.809	  23.622	  29.689
35	-219.481	20	  20.938	  28.804	   3.421
36	-207.277	20	  38.512	   7.631	  17.807
37	-186.976	18	  44.273	  29.839	  11.241
38	-183.890	17	   0.529	   8.564	   2.947
39	-177.457	17	  38.013	  17.191	   6.451
40	-173.046	17	  20.973	  43.898	  37.808
41	-172.495	17	  11.955	  37.148	  11.846
42	-164.476	10	  17.353	  12.202	  23.579
43	-147.695	9	  19.801	  26.252	  11.534
44	-147.042	14	   9.991	  20.480	  -1.638
45	-146.001	13	  15.852	   9.162	  -1.389
46	-144.593	14	  45.932	  42.499	  17.571
47	-144.248	8	  29.719	  14.848	  15.055
48	-142.984	14	   6.829	   3.947	  -3.117
49	-140.366	14	  25.050	   5.342	  48.796
50	-140.004	14	  38.291	  -0.579	  40.166
51	-139.961	14	  45.494	  39.801	   5.245
52	-137.692	14	   5.530	  12.446	  29.904
53	-133.134	13	   1.034	   3.589	  10.530
54	-132.675	13	   8.173	  -0.097	  15.846
55	-131.948	11	  12.630	  46.181	  32.343
56	-131.115	11	  13.412	  42.314	  17.712
57	-129.363	11	   7.959	  29.151	  44.925
58	-129.331	8	  31.343	  24.700	  26.358
59	-124.600	13	  38.333	  26.122	  38.663
60	-121.609	12	  41.457	  19.099	  37.615
61	-119.574	12	   5.412	   2.558	  22.935
62	-115.820	11	   3.516	  19.846	  41.986
63	-110.215	10	  25.598	  -1.366	  33.719
64	-105.003	9	  -4.022	  32.814	  26.532
65	-101.742	10	  -3.420	  15.687	   2.239
66	 -96.390	9	   2.140	  38.609	  28.619
67	 -96.219	9	   2.635	  30.744	  37.530
68	 -93.530	8	  10.695	  39.469	  37.792
69	 -90.829	8	   4.089	  14.668	  -4.556
70	 -78.505	8	  38.375	  49.224	  16.576
71	 -77.234	8	  15.709	  44.704	   7.839
72	 -76.988	7	  28.046	  -2.842	  42.334
73	 -72.283	7	  38.398	  16.014	  44.899
74	 -69.850	7	  13.662	  25.544	  51.379
75	 -68.617	7	  18.222	  52.828	  24.985
76	 -67.272	7	  20.933	  -0.877	  40.822
77	 -61.191	6	  28.155	  46.873	   4.976
78	 -60.706	6	  -2.725	  38.082	  18.942
79	 -60.705	6	  -9.581	  25.898	  22.362
80	 -57.736	6	  34.236	  -1.408	  30.427
81	 -55.543	5	  26.624	  -6.748	  13.986
82	 -39.335	4	  25.221	  17.633	  53.093
83	 -37.869	4	  23.817	  26.677	  -2.918
84	 -37.813	4	  15.307	   4.944	  38.842
85	 -37.773	4	  -8.424	  11.663	  14.564
86	 -37.484	4	  49.016	  22.683	  25.299
87	 -36.227	3	  24.067	  20.149	  19.517
88	 -35.325	3	  32.067	  19.115	  -6.804
89	 -29.707	3	  36.733	  40.397	   1.804
90	 -29.395	3	  45.111	  12.276	  16.535
91	 -28.233	3	  36.670	  41.125	  27.833
92	 -20.313	2	  36.612	  15.953	  -1.185
93	 -19.114	2	  29.537	  -1.592	   8.815
94	 -18.758	2	  52.067	  14.939	  20.325
95	 -18.522	2	  40.586	   7.927	  41.296
96	 -10.509	1	   3.067	  27.408	   5.815
97	  -9.499	1	  30.067	  54.408	  16.815
