1	-1288.253	105	  63.593	  41.666	  38.006
2	-755.182	64	  65.430	  20.808	  21.342
3	-746.653	66	  78.807	  44.902	  15.909
4	-642.149	60	  77.514	  23.453	  25.866
5	-522.220	42	  70.843	  55.804	  38.069
6	-411.096	31	  60.794	  32.215	   7.058
7	-329.974	32	  52.935	  54.638	  26.486
8	-317.736	30	  55.490	  22.606	  17.971
9	-309.673	27	  80.060	  57.769	  23.247
10	-307.093	27	  58.704	  27.315	  40.926
11	-302.696	25	  71.207	  59.275	  15.207
12	-301.183	28	  53.158	  34.539	   6.795
13	-277.888	26	  66.307	  42.525	   5.203
14	-276.823	27	  78.708	  35.410	  16.548
15	-274.978	26	  53.002	  52.169	  15.867
16	-246.559	15	  73.155	  29.045	  22.766
17	-243.980	21	  84.280	  39.979	  25.762
18	-235.388	22	  82.489	  30.597	  35.277
19	-217.453	21	  65.222	  15.528	  29.374
20	-188.157	18	  68.530	  25.735	   9.815
21	-178.309	18	  82.547	  33.757	  21.677
22	-172.983	17	  44.364	  38.821	  15.830
23	-166.739	16	  78.523	  58.934	  33.180
24	-166.413	16	  50.528	  25.835	  11.792
25	-162.520	16	  68.759	  35.764	   4.158
26	-161.874	16	  73.630	  22.663	  38.968
27	-152.815	15	  55.799	  45.742	   7.969
28	-139.418	13	  76.575	  35.306	   5.253
29	-137.738	13	  66.342	  25.621	  40.564
30	-134.245	12	  43.087	  42.230	  24.696
31	-132.906	13	  54.828	  39.108	  41.364
32	-128.174	12	  79.883	  38.003	  43.097
33	-126.099	12	  42.749	  32.476	  19.301
34	-110.547	11	  64.927	  63.736	  26.603
35	-101.620	10	  47.339	  30.520	  38.391
36	 -98.410	9	  59.829	  52.052	  11.018
37	 -90.871	9	  63.485	  60.162	  34.794
38	 -89.047	8	  47.070	  25.412	  32.307
39	 -87.697	9	  52.063	  19.082	  30.977
40	 -84.980	8	  41.928	  34.721	  30.337
41	 -84.443	8	  59.533	  19.333	  35.944
42	 -79.626	8	  60.158	  58.903	  19.453
43	 -72.926	7	  82.509	  51.107	  32.937
44	 -72.640	7	  76.292	  22.993	  16.196
45	 -70.457	7	  85.311	  43.674	  36.392
46	 -61.835	6	  46.738	  24.153	  22.754
47	 -60.456	6	  57.438	  54.435	  34.917
48	 -58.801	6	  59.439	  16.990	  24.047
49	 -51.209	5	  85.470	  49.123	  22.804
50	 -47.922	5	  81.113	  45.876	  42.165
51	 -46.589	5	  79.297	  55.511	  15.353
52	 -42.409	4	  73.177	  64.510	  21.543
53	 -38.654	4	  73.157	  64.067	  30.799
54	 -38.327	4	  76.408	  28.781	  43.813
55	 -36.565	2	  64.909	  33.746	  14.010
56	 -32.117	3	  44.466	  44.873	  33.286
57	 -29.902	3	  69.589	  50.993	   6.936
58	 -29.831	3	  45.252	  48.977	  19.221
59	 -29.215	3	  58.881	  39.300	   3.564
60	 -20.331	2	  71.909	  28.767	   3.097
61	 -20.119	2	  50.909	  24.300	  41.042
62	 -19.085	2	  70.439	  41.300	  45.094
63	 -12.255	1	  49.909	  36.300	  31.564
64	 -11.053	1	  52.909	  43.300	  34.564
65	 -10.339	1	  45.909	  32.300	  10.564
