1	-1650.139	126	  -0.102	   3.673	  10.632
2	-1286.499	95	   5.964	   1.098	  11.683
3	-513.962	48	  -3.680	   8.289	  26.868
4	-486.437	42	  13.313	  16.922	  28.247
5	-486.212	42	   3.148	   2.618	   0.664
6	-404.535	37	  13.516	  -0.177	  -0.210
7	-401.007	35	  -5.076	  -6.124	   0.285
8	-348.043	31	  -7.851	   9.081	   8.593
9	-302.724	29	  10.004	  15.991	  -5.160
10	-285.137	25	  22.136	   6.299	  11.270
11	-279.118	27	  -3.510	   6.022	   0.635
12	-276.424	25	   4.282	 -14.377	   5.696
13	-240.639	22	  -3.050	  14.996	   3.843
14	-235.615	20	   2.119	  27.859	  13.588
15	-221.207	21	  24.932	  12.402	  16.071
16	-218.699	20	 -10.216	  -3.837	  18.386
17	-214.495	20	  14.830	  32.035	  23.505
18	-214.038	20	  -4.878	 -19.865	   9.771
19	-213.883	19	  17.999	   8.180	   3.393
20	-213.439	20	   8.102	 -19.310	  12.171
21	-192.691	19	   8.279	  30.610	   3.833
22	-191.127	19	  19.669	   6.360	  25.281
23	-167.116	17	   5.441	 -15.431	  25.686
24	-159.301	15	   1.174	  -9.374	  -0.448
25	-149.657	15	  23.278	  24.483	  24.519
26	-147.654	15	  19.842	  27.841	  17.227
27	-138.133	12	  -7.378	   6.277	  19.753
28	-135.342	14	   6.203	   6.181	  32.456
29	-133.310	13	 -17.558	 -12.100	   8.530
30	-132.482	13	 -12.700	 -15.932	   1.099
31	-132.270	13	  23.000	  15.559	   6.688
32	-124.538	8	  17.907	  -5.201	   9.264
33	-115.120	11	  -6.423	  16.484	  15.324
34	-112.079	11	   7.141	  33.833	  16.495
35	-110.767	9	  18.546	  -2.065	  21.140
36	-103.882	10	   0.453	  25.118	  25.327
37	 -91.612	9	  14.164	   2.822	  30.135
38	 -85.720	9	   4.743	  -8.950	  30.180
39	 -85.472	8	  17.060	 -11.027	   4.615
40	 -84.831	7	  24.967	  20.406	  15.473
41	 -78.803	8	   3.190	  21.670	  31.625
42	 -77.134	5	   2.490	  20.820	  10.331
43	 -74.458	8	  22.542	   2.226	   5.074
44	 -73.990	7	   0.808	  23.237	  -5.952
45	 -73.318	7	  15.902	  31.691	  11.898
46	 -72.894	7	 -16.445	  -1.712	  11.304
47	 -72.875	5	  14.461	   9.999	  18.995
48	 -72.409	7	  -7.909	  20.653	  23.898
49	 -60.189	6	  -7.527	 -11.811	  22.615
50	 -51.994	5	   2.850	  -0.298	  30.778
51	 -50.312	4	 -14.598	  -2.961	   2.163
52	 -49.948	5	  17.615	  20.034	   2.419
53	 -47.066	5	 -16.762	  -9.132	  15.614
54	 -37.352	4	  13.341	  23.084	  -3.865
55	 -29.342	3	 -10.574	 -20.180	  15.911
56	 -28.830	2	  -0.192	  -6.180	  17.055
57	 -28.104	3	  19.830	  27.798	   4.928
58	 -20.481	2	  -6.722	   0.820	  26.604
59	 -18.618	2	  14.326	 -15.180	  24.086
60	 -10.188	1	  14.808	 -19.180	  15.604
61	  -9.863	1	   8.808	   6.820	  -6.396
62	  -9.777	1	  16.808	  -6.180	  30.604
63	  -9.619	1	 -21.192	  -5.180	   3.604
64	  -9.223	1	  18.808	 -12.180	  17.604
65	  -9.057	1	  18.808	  27.820	  31.604
66	  -9.042	1	   0.808	  26.820	   4.604
