1	-1731.924	153	   8.977	   7.515	  10.214
2	-941.755	79	  -5.521	   6.430	  23.110
3	-841.727	65	   2.571	   3.412	   9.776
4	-713.196	62	 -12.726	  18.359	  18.057
5	-501.403	46	  19.115	  25.148	  24.372
6	-486.425	43	   0.049	  14.537	  27.052
7	-475.452	44	  -5.032	  29.714	  10.467
8	-464.700	46	  -5.261	  -3.204	  23.258
9	-457.410	41	   3.476	  13.944	  -0.768
10	-425.499	39	  -6.681	  24.193	  -3.261
11	-399.947	33	   5.268	 -12.249	   7.853
12	-398.660	30	 -19.755	   0.405	  -0.129
13	-353.427	33	 -19.482	  15.544	  -2.002
14	-335.322	29	  -5.453	 -11.389	  11.809
15	-330.229	30	  25.141	  12.265	  10.150
16	-306.088	28	  22.577	   8.201	  17.068
17	-303.610	28	 -10.987	  -1.338	  -2.080
18	-286.266	27	   9.783	  12.572	  27.427
19	-276.519	26	 -15.786	  19.833	   8.336
20	-271.458	25	  24.256	  16.512	  17.917
21	-262.011	25	   0.668	  31.193	  21.538
22	-242.999	23	   0.727	 -13.786	  16.298
23	-239.733	23	  13.134	  35.338	   9.902
24	-228.218	22	 -29.742	  -3.092	   6.766
25	-226.711	23	  -8.036	  13.236	  -6.564
26	-224.518	21	  -1.437	   4.722	  -2.472
27	-218.968	20	  16.056	 -13.902	   6.316
28	-216.792	21	   9.495	 -17.851	  15.042
29	-216.177	21	 -15.875	  11.216	  25.948
30	-211.920	17	 -26.217	   8.250	   4.325
31	-210.246	20	 -21.901	  14.792	  18.035
32	-208.560	21	 -28.306	   1.526	  19.661
33	-207.565	20	  18.283	  38.297	  22.535
34	-207.248	20	 -19.232	   1.697	  23.285
35	-201.418	19	   5.007	  36.980	  17.943
36	-200.795	18	   3.908	  36.502	   9.658
37	-182.680	17	  25.983	   2.275	   4.687
38	-179.690	16	 -27.483	   8.022	  13.099
39	-175.670	17	  -2.094	  25.109	  26.788
40	-173.154	16	 -13.308	  -5.557	  19.144
41	-170.018	17	   7.979	  -9.744	  27.073
42	-169.388	17	   3.465	  24.813	  -2.359
43	-169.141	16	  17.950	  26.369	   2.341
44	-165.961	15	  21.192	  -4.036	   1.189
45	-163.217	16	   7.766	  23.243	  29.707
46	-159.811	16	  21.647	   1.664	  22.653
47	-144.774	13	  18.902	  16.195	   2.350
48	-144.374	14	  24.440	 -11.592	  10.326
49	-139.562	14	  17.431	   4.965	   0.272
50	-129.490	13	 -17.192	 -10.891	   6.904
51	-125.668	12	   9.400	  37.451	  24.358
52	-118.749	12	 -20.177	 -10.665	  14.919
53	 -91.080	9	  -2.431	 -12.363	  -0.495
54	 -87.475	9	  22.452	 -15.534	  16.775
55	 -86.376	8	   6.996	  31.049	   2.616
56	 -83.861	8	   8.828	   3.778	  -0.147
57	 -79.790	8	  25.141	  29.663	  20.996
58	 -76.772	7	  11.794	  32.112	  31.431
59	 -69.897	7	  -9.688	 -12.868	   3.097
60	 -68.592	6	  20.148	  -8.599	  21.143
61	 -50.589	5	  27.228	  22.583	   7.505
62	 -49.148	5	   9.421	   8.672	  35.332
63	 -48.392	5	   2.833	  -1.772	  30.930
64	 -47.386	5	  26.021	  31.997	  10.700
65	 -46.880	5	  10.641	  -9.583	   1.756
66	 -40.157	4	  19.462	  11.007	  27.303
67	 -40.009	4	 -23.077	   4.651	  -7.082
68	 -39.431	4	  12.737	   0.716	  32.271
69	 -38.049	4	  10.966	  23.213	  -1.202
70	 -30.428	3	  26.228	   0.296	  13.407
71	 -28.371	3	  -2.772	  -4.775	  -4.463
72	 -23.639	1	  14.228	  18.220	  17.537
73	 -21.687	2	  11.709	  11.245	  -0.463
74	 -20.687	2	  16.725	  -8.283	  28.537
75	 -19.255	2	   4.741	  -7.216	  -4.489
76	  -9.909	1	 -24.772	  -6.780	   0.537
77	  -9.096	1	  15.228	 -17.780	  25.537
78	  -8.929	1	 -33.772	   2.220	   9.537
