1	-833.812	71	  15.679	  15.180	  24.771
2	-822.413	68	  18.496	  14.469	  14.999
3	-675.412	62	  25.102	  10.053	  10.396
4	-602.341	51	  -0.560	  34.531	  32.471
5	-560.304	51	   4.824	   4.372	  35.084
6	-558.489	52	  19.012	  19.256	  31.551
7	-540.187	47	   0.731	  15.242	  14.590
8	-539.592	50	  -0.850	   9.310	  30.075
9	-503.005	42	   8.273	  -3.396	  -1.755
10	-484.757	46	   8.760	  21.277	   0.814
11	-481.260	46	  15.500	 -10.398	  17.755
12	-474.591	43	  29.969	   0.887	   5.289
13	-456.244	43	  17.493	  39.987	  20.540
14	-452.418	40	  18.311	  25.448	   0.298
15	-399.393	36	  25.303	  27.918	  38.401
16	-398.734	39	  -1.112	  -0.215	   4.129
17	-361.632	35	  -4.459	  32.593	  22.030
18	-353.745	34	  21.390	  -6.713	  32.405
19	-328.421	32	  -6.456	  21.419	  32.276
20	-303.050	26	   0.792	  -8.471	  25.143
21	-295.604	28	  16.800	  36.258	   2.915
22	-294.382	26	   9.270	  39.104	   6.493
23	-274.925	26	  -5.731	  21.845	  14.164
24	-273.534	26	   4.977	  -6.136	  32.386
25	-273.219	26	  30.697	  21.118	  18.233
26	-272.725	26	  21.487	  -8.106	   4.671
27	-271.788	26	  31.786	  10.182	  20.534
28	-271.391	25	  23.201	  21.485	   8.779
29	-270.293	25	  17.892	  -0.691	  -2.176
30	-266.061	26	  13.111	  39.736	  34.023
31	-259.415	25	  15.208	   7.003	  32.009
32	-256.767	24	  28.896	  35.624	  11.532
33	-228.426	22	  -4.628	  11.064	  10.249
34	-225.436	21	   6.138	  31.042	  38.547
35	-224.581	20	  -3.155	  30.123	  13.843
36	-224.035	22	   2.272	  29.463	   3.181
37	-220.521	21	  31.861	  21.839	  33.687
38	-219.957	20	  36.898	   1.271	  14.361
39	-217.007	21	   5.154	  10.834	  -5.055
40	-212.857	21	  31.294	  -4.961	  15.824
41	-204.153	20	  -5.671	   1.352	  24.560
42	-198.277	18	  30.216	  34.710	  22.827
43	-194.941	19	  -6.986	  18.643	  22.121
44	-183.174	17	  19.829	  22.233	  45.618
45	-177.169	17	  27.344	   7.482	  27.647
46	-166.396	15	  -1.046	  12.955	   3.339
47	-158.974	15	  24.564	  15.091	  41.394
48	-155.766	15	  36.796	  26.649	  30.017
49	-155.132	14	  36.283	   6.751	  -0.282
50	-138.693	14	  28.093	  12.394	  -6.351
51	-137.823	13	  38.198	   1.361	  24.004
52	-136.404	14	   6.304	  42.638	  14.295
53	-133.724	13	  -4.670	   2.292	  10.806
54	-128.765	13	  24.030	  35.110	  32.145
55	-127.202	12	   9.659	  43.608	  23.133
56	-122.087	12	  27.038	  -8.097	  24.246
57	-121.196	12	  31.110	  31.791	  30.939
58	-117.735	12	  30.630	  25.496	   8.793
59	-113.093	11	   3.110	 -12.307	  16.849
60	-110.959	11	  30.187	  17.094	  25.519
61	-109.782	11	  35.716	  13.119	   6.072
62	-104.326	10	   3.481	  22.677	  42.291
63	-102.529	10	  12.098	 -13.116	  10.048
64	-102.113	10	  28.800	  20.682	  -2.599
65	 -98.181	9	  11.309	  28.356	   0.986
66	 -95.001	9	  18.711	   8.560	  -6.468
67	 -90.357	9	   8.611	 -14.123	  23.795
68	 -90.060	9	  15.773	  32.778	  38.247
69	 -82.025	8	  25.157	   4.251	  -3.499
70	 -77.429	8	   1.671	   3.012	  -2.165
71	 -76.190	7	  27.362	  21.450	  46.585
72	 -76.152	8	  34.732	   7.017	  30.575
73	 -75.203	7	  11.328	  17.125	  47.220
74	 -66.899	7	  25.587	  28.685	   3.247
75	 -60.702	6	  18.231	 -14.123	  24.258
76	 -59.107	6	   2.630	  13.379	  42.376
77	 -55.058	4	  21.285	   4.156	  16.427
78	 -50.120	5	  24.448	  43.071	  16.690
79	 -49.215	5	  39.706	  21.119	  20.506
80	 -48.078	4	  14.085	   7.877	  15.004
81	 -47.772	5	  17.627	  -1.558	  37.093
82	 -47.158	5	   3.090	  43.875	  30.096
83	 -42.391	4	  -8.456	   2.658	  17.740
84	 -41.534	4	  14.715	   8.877	  44.208
85	 -40.191	4	  -8.715	  26.160	  23.161
86	 -38.322	3	  12.854	  21.877	  22.100
87	 -38.234	4	  11.498	   1.124	  -7.543
88	 -38.216	4	  39.283	  31.381	  21.978
89	 -38.028	4	  12.046	  26.613	  43.204
90	 -37.707	4	  11.282	 -11.661	  -0.025
91	 -37.575	4	  17.035	  18.650	  -7.296
92	 -32.380	2	  10.717	  14.877	  17.704
93	 -29.155	3	  15.233	  44.195	  12.747
94	 -19.029	2	  -4.191	  -4.599	  16.131
95	 -16.953	1	   9.285	  24.877	  35.704
96	 -12.091	1	   6.285	  15.877	   7.704
97	 -10.370	1	  25.285	   3.877	  36.704
98	  -9.984	1	  33.285	  -5.123	  28.704
99	  -9.443	1	  12.285	   2.877	  39.704
100	  -9.438	1	  -1.715	  29.877	  38.704
101	  -9.279	1	  10.285	  35.877	  24.704
102	  -8.951	1	  22.285	  42.877	   5.704
