1	-810.286	68	  18.427	  14.489	  15.084
2	-720.070	61	  15.590	  15.059	  24.312
3	-644.777	59	  -0.357	   8.314	  30.318
4	-624.212	53	   0.886	  15.504	  14.489
5	-607.282	58	   8.330	  21.453	   0.653
6	-585.146	52	  16.833	  25.928	   0.315
7	-558.298	47	  -0.522	  34.278	  32.444
8	-546.273	50	  19.226	  19.810	  30.642
9	-534.139	46	   8.437	  -2.782	  -2.403
10	-463.069	42	   6.296	   4.477	  36.157
11	-446.705	43	  17.111	  39.991	  21.003
12	-434.489	39	  24.592	   6.940	  12.684
13	-433.572	41	  29.560	   0.199	   5.691
14	-382.203	36	  14.257	 -10.596	  17.574
15	-367.969	36	  -6.311	  20.132	  17.966
16	-352.580	34	  20.523	  -7.242	  32.286
17	-351.604	34	  -0.484	  -1.601	   4.691
18	-345.087	32	  30.361	  26.340	  36.980
19	-339.600	31	  36.491	   2.194	  14.268
20	-336.983	31	  -5.250	  31.210	  22.276
21	-309.885	28	  17.019	  -0.904	  -2.551
22	-304.922	29	  -1.813	  12.724	   5.013
23	-294.701	28	  29.718	  35.296	  11.789
24	-290.289	25	   9.392	  39.272	   6.554
25	-285.497	27	  21.225	  -8.309	   4.662
26	-255.814	24	  23.721	  21.964	   8.793
27	-251.708	24	  30.965	  21.435	  17.650
28	-249.289	24	   6.314	  30.604	  38.486
29	-245.434	23	  24.095	  13.174	   8.358
30	-242.015	23	  16.940	  36.257	   2.961
31	-240.488	23	  13.196	  38.942	  35.070
32	-237.328	23	  27.261	   6.599	  28.555
33	-235.994	23	  -6.396	  20.196	  33.102
34	-232.598	20	  -3.374	  28.760	  13.315
35	-232.161	22	  15.113	   7.107	  31.775
36	-222.424	22	   4.138	  -6.732	  31.587
37	-206.789	19	  30.551	  35.283	  22.350
38	-204.228	19	   4.651	  11.029	  -4.848
39	-198.708	19	   3.341	  29.612	   2.920
40	-183.345	17	  19.958	  29.296	  38.316
41	-178.412	17	   9.995	  43.456	  23.584
42	-175.879	17	  -5.589	   1.776	  24.704
43	-166.954	13	   0.745	  -7.938	  24.705
44	-160.573	16	  34.857	  -3.129	  18.993
45	-159.892	15	  11.565	 -13.046	   9.906
46	-159.139	16	  24.289	  34.935	  32.079
47	-152.309	14	  37.775	  26.582	  28.958
48	-144.643	12	  33.129	   7.665	  -1.319
49	-131.469	13	  35.515	  13.384	   5.675
50	-129.962	12	  -5.463	   9.506	  11.931
51	-123.362	12	  29.164	  20.335	  -2.093
52	-111.929	11	  25.022	  15.072	  41.334
53	-111.679	10	  19.607	  21.757	  45.543
54	-108.416	11	  27.701	  28.097	   4.685
55	 -99.370	9	  38.660	   1.494	  24.379
56	 -98.767	10	   6.245	  42.582	  14.426
57	 -93.783	9	  19.097	  10.463	  -5.892
58	 -92.372	9	  27.844	  -6.528	  12.121
59	 -91.640	9	  24.899	   4.295	  -4.138
60	 -90.023	9	  26.892	  -8.508	  24.305
61	 -88.088	9	  -3.803	   5.110	   2.784
62	 -85.252	9	  11.346	  26.572	  42.979
63	 -85.026	8	   2.060	 -11.438	  16.021
64	 -82.061	8	   4.331	  23.098	  42.272
65	 -81.738	8	   2.082	   3.661	  -2.319
66	 -81.155	8	  28.326	  12.147	  -6.351
67	 -79.497	8	  -3.824	   0.194	  11.166
68	 -78.390	8	  28.846	  16.797	  24.931
69	 -78.375	8	   9.403	  15.873	  46.643
70	 -74.001	8	   8.560	 -13.108	   2.157
71	 -73.808	7	  14.291	   9.260	  44.592
72	 -70.613	7	  31.851	  31.594	  30.842
73	 -70.493	7	  17.002	  -1.906	  37.061
74	 -68.535	7	  -6.407	  27.769	  29.486
75	 -67.772	7	   2.891	  43.427	  29.408
76	 -67.193	7	  30.508	  10.591	  20.309
77	 -65.807	6	  31.314	  19.271	  31.655
78	 -64.644	6	  18.994	 -12.566	  22.123
79	 -60.974	6	  -1.308	  38.044	  20.838
80	 -60.509	6	  -8.680	   3.219	  17.665
81	 -56.977	6	  15.961	  18.231	  -7.175
82	 -54.785	4	  13.880	   7.887	  14.398
83	 -53.374	5	   8.925	 -14.113	  24.186
84	 -53.147	5	  39.606	  31.145	  22.241
85	 -52.212	5	  40.547	   5.687	   2.271
86	 -51.720	5	  34.072	   4.369	  32.939
87	 -51.598	5	  27.698	  22.491	  46.654
88	 -49.311	5	  40.498	  22.826	  19.308
89	 -37.822	3	  12.646	  22.132	  22.233
90	 -29.452	3	  15.266	  44.202	  12.717
91	 -28.365	3	  23.349	  42.887	  16.332
92	 -28.352	3	   1.313	  12.292	  41.293
93	 -20.865	2	  34.632	  -3.794	  29.973
94	 -20.158	2	  34.851	  24.887	  10.654
95	 -18.653	2	  26.313	   3.887	  36.150
96	 -15.667	1	  19.313	   4.887	   1.654
97	 -12.921	1	   6.313	  15.887	   7.654
98	 -10.147	1	  38.313	  17.887	  26.654
99	  -9.734	1	  -0.687	  35.887	  12.654
