1	-1322.480	107	   5.864	   8.662	  30.276
2	-1309.298	106	   2.767	  11.683	  68.397
3	-1098.710	96	  14.276	   6.773	  35.684
4	-1086.902	84	  13.290	   1.355	  60.146
5	-1039.735	83	   1.504	   2.480	  54.328
6	-1025.909	88	   6.567	 -14.208	  75.542
7	-1013.462	71	  11.737	   4.612	  50.142
8	-940.063	85	   6.890	  13.111	  38.155
9	-926.534	82	  23.318	   3.030	  69.873
10	-909.673	69	  11.591	  14.385	  44.819
11	-905.096	68	  18.519	  17.496	  57.209
12	-894.821	80	 -17.453	   0.576	  54.806
13	-893.328	65	   2.819	  -6.369	  43.292
14	-881.954	74	  17.245	  -9.732	  32.593
15	-848.740	77	  20.213	  18.552	  34.298
16	-716.534	63	  -1.615	  -5.611	  65.681
17	-683.119	62	  15.532	  -9.401	  68.880
18	-681.535	62	  25.755	  11.028	  45.581
19	-674.532	60	   1.841	   9.122	  59.645
20	-645.156	59	   7.764	  33.192	  41.179
21	-645.039	58	  14.306	 -11.083	  51.131
22	-632.930	48	  34.192	   8.325	  25.377
23	-612.824	53	  -7.850	  12.133	  27.318
24	-612.689	56	   6.138	   5.090	  65.454
25	-549.891	49	  30.655	  15.426	  27.431
26	-511.574	45	   1.817	  17.794	  14.449
27	-482.715	35	  14.815	  -9.895	  77.831
28	-438.692	39	  24.962	  -5.570	  33.696
29	-430.215	38	 -11.246	  26.553	  60.448
30	-406.865	34	 -13.185	  23.160	  47.050
31	-394.731	35	  -6.676	  23.589	  71.098
32	-389.775	38	  23.471	   2.562	  13.246
33	-382.498	35	 -10.161	  14.280	  81.713
34	-380.379	37	  -8.036	  -5.478	  56.665
35	-377.026	34	   6.183	   1.550	  17.455
36	-373.889	26	   5.696	  -7.757	  55.566
37	-362.546	31	  10.767	  29.885	  20.575
38	-340.341	32	  28.992	   2.111	  32.403
39	-334.952	23	  17.431	   1.934	  44.652
40	-330.698	32	   9.430	  -6.708	  86.846
41	-328.128	28	   5.249	  25.421	  50.012
42	-326.917	29	  27.826	   2.853	  58.620
43	-318.335	27	  27.038	   3.435	  39.479
44	-314.872	29	   7.375	  15.201	  81.965
45	-310.593	28	 -17.734	   1.486	  75.621
46	-309.241	29	  -3.177	   5.230	  62.723
47	-307.651	29	  12.912	  20.151	  70.953
48	-303.073	30	 -21.933	   5.242	  68.693
49	-300.551	28	   1.775	  26.711	  19.333
50	-294.768	28	  11.341	   0.102	  89.458
51	-291.912	18	   2.731	  11.248	  48.977
52	-289.066	26	 -17.265	   9.894	  76.037
53	-288.659	28	  16.796	  25.727	  41.645
54	-284.574	27	 -14.564	  18.405	  34.548
55	-280.410	26	   1.036	  -4.312	  28.363
56	-277.113	27	  17.162	  38.183	  31.014
57	-255.393	24	  29.922	  11.191	  13.464
58	-255.269	18	  31.015	   1.725	  24.626
59	-249.603	24	 -22.871	  14.775	  40.178
60	-247.469	23	  -5.999	  17.685	  18.230
61	-247.201	22	 -10.557	   4.442	  46.587
62	-242.071	23	 -10.367	  21.824	  77.734
63	-236.199	23	 -20.245	  -9.282	  66.225
64	-226.535	19	  -6.632	  28.924	  27.344
65	-218.093	20	  18.967	  -7.489	  58.897
66	-217.598	21	  10.455	  -7.376	  21.119
67	-207.325	20	   3.094	  20.798	  66.347
68	-201.574	19	  -7.858	  36.259	  51.691
69	-198.071	18	  -1.230	   5.641	  31.330
70	-197.748	18	  25.218	  -6.242	  13.564
71	-195.383	19	  23.311	  12.328	  74.134
72	-191.932	17	 -15.018	  29.118	  32.169
73	-190.193	18	  10.101	   9.557	  11.819
74	-182.988	18	  16.850	  13.348	  81.013
75	-182.905	18	  27.432	  14.421	  64.744
76	-182.684	18	  -0.747	   0.188	  91.203
77	-182.376	16	 -22.038	  24.430	  60.617
78	-181.893	16	 -22.190	  15.044	  65.130
79	-179.421	17	  20.089	 -16.363	  75.440
80	-173.026	17	  23.719	 -14.740	  13.491
81	-166.799	16	  25.374	  27.128	  16.088
82	-163.261	15	  24.307	   5.491	  90.233
83	-159.642	13	  24.690	  -6.788	  42.554
84	-159.243	16	   0.436	 -13.969	  67.180
85	-158.308	15	 -23.033	   8.518	  52.494
86	-151.448	14	  -2.221	   6.779	  21.922
87	-149.443	15	   4.949	  32.620	  25.173
88	-147.802	15	  -6.075	  -3.000	  41.132
89	-147.172	14	   0.248	  34.683	  35.561
90	-146.243	14	  11.461	 -14.679	  37.081
91	-140.316	14	  12.639	  24.739	  56.104
92	-134.046	14	   5.344	   6.183	  89.225
93	-129.995	13	  36.367	 -11.428	  24.264
94	-128.889	13	 -14.021	  31.975	  44.082
95	-125.943	12	  39.243	  -3.004	  24.277
96	-125.837	12	  -0.039	  21.152	  76.716
97	-122.781	12	 -11.346	 -14.057	  80.052
98	-115.389	7	  -5.222	  17.176	  48.032
99	-114.806	10	 -17.725	  19.754	  68.935
100	-111.923	11	  23.408	  37.031	  22.183
101	-109.803	11	  30.537	  -5.850	  75.518
102	-107.829	11	   1.542	 -13.578	  86.721
103	-107.109	11	  -9.388	 -13.011	  65.061
104	-105.963	10	  -5.700	 -12.046	  85.680
105	-104.580	10	  25.563	  29.637	  33.157
106	-100.048	10	  24.337	  -4.603	  91.738
107	 -99.974	10	  11.683	  28.843	  47.110
108	 -96.986	9	  -2.878	  24.383	  63.729
109	 -93.745	9	  -7.893	   6.139	  87.390
110	 -92.710	9	  26.639	 -18.665	  24.369
111	 -86.715	9	  13.915	 -21.687	  23.210
112	 -80.237	8	  26.029	 -13.744	  83.223
113	 -77.960	8	  14.221	  25.105	  11.836
114	 -73.356	7	  18.737	  12.462	   8.538
115	 -73.272	7	 -21.305	 -11.856	  74.950
116	 -72.549	7	  32.891	  14.571	  83.942
117	 -70.353	7	  16.721	 -14.550	  83.744
118	 -69.883	7	   1.017	  31.719	  55.500
119	 -68.679	7	 -15.768	   0.394	  83.787
120	 -68.664	7	  18.704	  32.402	  17.197
121	 -67.048	7	  -1.623	 -17.003	  78.494
122	 -66.356	7	   4.413	 -15.152	  42.709
123	 -60.953	6	  28.197	  19.499	  35.117
124	 -59.269	6	 -26.641	  15.719	  52.283
125	 -58.536	6	 -12.955	  -7.833	  84.288
126	 -58.438	6	  -9.082	  37.343	  42.356
127	 -56.341	4	  -9.641	  10.064	  74.729
128	 -54.383	5	  36.719	   2.829	  31.640
129	 -51.784	5	 -23.068	  21.593	  49.010
130	 -50.408	5	  35.729	   6.886	  87.033
131	 -50.056	5	 -16.319	   6.841	  39.846
132	 -50.055	5	   0.883	  13.166	  86.845
133	 -48.843	5	  27.500	 -12.776	  31.598
134	 -47.208	5	 -19.633	  -5.565	  78.845
135	 -45.791	5	  21.359	  39.852	  38.251
136	 -44.776	3	   4.979	  20.080	  21.872
137	 -43.904	4	  26.079	   1.707	  49.098
138	 -40.670	4	  33.827	  -1.969	  84.237
139	 -39.599	4	  32.779	  -9.152	  13.640
140	 -38.729	4	 -20.136	 -13.152	  58.611
141	 -38.560	4	  14.838	  34.379	  43.150
142	 -38.196	4	  27.584	  19.866	  11.389
143	 -36.885	4	  35.609	   4.114	  17.133
144	 -29.871	3	  20.688	  22.165	  68.323
145	 -29.180	3	  12.072	  42.205	  37.962
146	 -28.981	3	  25.435	 -23.081	  17.259
147	 -28.779	3	 -26.309	  -5.820	  57.622
148	 -28.749	3	  20.997	 -14.152	  38.327
149	 -20.019	2	  10.359	 -17.219	  69.241
150	 -19.068	1	   3.359	   0.848	  72.640
151	 -19.045	2	  31.359	  11.380	  52.172
152	 -16.155	1	  -9.641	  -0.152	  72.640
153	  -9.479	1	  24.359	  17.848	  85.640
154	  -9.469	1	  -7.641	   2.848	  34.640
155	  -9.187	1	 -28.641	  18.848	  58.640
156	  -9.049	1	  17.359	  -7.152	  12.640
157	  -8.998	1	  37.359	  11.848	  16.640
