1	-1295.700	107	 -11.100	  75.499	  95.681
2	-1284.043	109	  19.943	  57.840	  85.794
3	-1119.519	91	   8.346	  34.255	  42.996
4	-890.993	68	  23.927	  45.097	  61.968
5	-879.619	71	   5.728	  80.281	  73.503
6	-797.719	70	  -9.339	  79.760	  67.692
7	-770.827	67	   4.807	  60.034	  95.069
8	-770.676	69	   7.411	  31.857	  91.755
9	-710.732	59	  12.628	  36.669	  67.993
10	-662.259	60	  26.855	  49.116	  83.115
11	-661.596	53	  11.452	  67.065	  53.166
12	-578.570	51	 -17.994	  70.755	  48.547
13	-562.540	52	   8.508	  61.883	  63.686
14	-514.213	49	  13.971	  62.604	  91.986
15	-511.850	45	  15.100	  55.505	  67.745
16	-494.019	37	 -14.667	  77.779	  48.040
17	-489.479	43	  13.135	  77.051	  82.867
18	-451.996	43	  -2.375	  57.366	  50.469
19	-427.318	37	   7.764	  67.462	  71.286
20	-419.160	37	  22.452	  32.814	  96.559
21	-417.736	41	   2.292	  53.306	  43.677
22	-414.300	38	   6.870	  40.355	  37.925
23	-387.268	33	  22.612	  41.064	  68.703
24	-386.732	36	  -7.886	  87.861	  50.168
25	-381.157	33	   8.475	  79.210	  55.685
26	-352.434	32	  -4.854	  72.833	 101.655
27	-348.374	29	  21.781	  38.086	  80.676
28	-343.955	33	  12.548	  72.891	  67.360
29	-331.681	31	  10.544	  69.081	  44.841
30	-317.964	29	  26.187	  56.394	  62.080
31	-317.307	30	  11.243	  59.793	  74.881
32	-305.581	28	  16.153	  59.436	  57.386
33	-303.759	31	   2.277	  54.085	  88.682
34	-299.777	27	  11.767	  80.072	  41.677
35	-297.516	24	  -2.150	  83.241	  57.230
36	-295.873	28	  22.113	  32.588	  44.968
37	-295.099	29	  14.632	  87.150	  88.632
38	-294.100	28	  -5.037	  88.111	  93.342
39	-279.817	25	  23.063	  53.841	  52.295
40	-274.611	25	  -0.053	  84.164	  39.892
41	-271.028	25	  14.093	  67.842	  81.161
42	-266.410	26	  -9.830	  73.291	  74.788
43	-265.374	21	  15.581	  51.989	  44.588
44	-265.209	24	   8.632	  43.705	  65.398
45	-262.127	23	  11.130	  90.763	  81.197
46	-261.448	25	  15.398	  26.092	  87.939
47	-260.262	24	  22.135	  29.172	  59.311
48	-251.080	25	  24.657	  57.430	  71.913
49	-244.338	23	  33.941	  43.389	  53.969
50	-243.613	22	  10.507	  61.714	  45.886
51	-239.211	24	  20.364	  56.511	  95.266
52	-232.028	22	  -9.520	  86.706	  38.254
53	-229.828	20	  -0.251	  36.641	  92.011
54	-227.875	22	   2.996	  30.713	  60.209
55	-227.855	21	  28.861	  51.138	  96.010
56	-221.875	21	  21.429	  40.764	  99.568
57	-219.851	21	  31.030	  50.723	  48.218
58	-213.768	20	  30.529	  41.591	  44.295
59	-213.115	21	   8.833	  86.358	  47.239
60	-203.892	20	  23.736	  48.998	  70.953
61	-200.436	19	 -18.949	  64.548	  59.812
62	-196.360	19	  -3.757	  35.283	  82.574
63	-187.223	17	  27.059	  33.491	  87.775
64	-186.209	19	 -12.065	  78.949	  38.201
65	-183.067	18	  -0.664	  85.275	  66.564
66	-177.665	14	   8.526	  72.420	  92.989
67	-176.862	17	  13.108	  35.227	 100.433
68	-169.477	16	  13.327	  27.862	  47.050
69	-165.748	16	  -0.615	  42.595	  58.891
70	-161.665	16	   3.435	  91.474	  90.856
71	-159.419	16	   3.952	  87.411	  74.625
72	-157.863	15	   7.173	  75.540	  99.273
73	-156.558	15	   0.063	  66.462	  35.988
74	-150.713	14	   3.536	  31.387	  49.041
75	-150.312	14	  -6.239	  88.775	  72.197
76	-147.995	14	  -2.202	  48.519	  51.529
77	-141.705	14	  15.192	  47.264	 103.916
78	-140.582	14	  23.383	  48.302	  39.452
79	-138.781	14	  14.729	  32.307	  73.984
80	-137.196	14	   5.759	  51.057	  71.229
81	-135.609	13	 -10.488	  60.993	  59.800
82	-134.094	13	   9.352	  29.105	  79.910
83	-131.459	12	  14.422	  75.546	  55.480
84	-131.052	13	  -5.528	  45.965	  95.525
85	-121.182	11	  -7.648	  90.511	  81.084
86	-120.669	12	 -14.685	  74.718	  66.333
87	-116.933	11	  -1.349	  45.102	  80.583
88	-116.117	11	  -4.379	  67.357	  75.519
89	-114.431	11	  -9.342	  63.501	  81.579
90	-114.016	11	   0.907	  48.968	 105.024
91	-112.483	11	  32.355	  43.427	  92.153
92	-110.256	11	  -1.292	  90.780	  43.007
93	-109.936	11	  20.880	  73.473	  58.366
94	-109.129	11	  -5.513	  58.624	  89.241
95	-105.895	10	   5.618	  36.633	  99.054
96	-105.789	10	   9.554	  56.067	 102.814
97	-105.680	10	  26.471	  28.425	  52.178
98	-104.971	11	  -2.039	  63.188	  65.961
99	-102.550	10	 -15.056	  83.255	  91.492
100	-101.784	10	  28.231	  55.663	  77.822
101	 -94.822	9	  -2.619	  73.944	  33.590
102	 -93.261	9	 -20.859	  75.727	  80.142
103	 -92.673	9	 -13.923	  56.331	  45.965
104	 -91.623	9	   5.449	  37.956	  73.252
105	 -88.637	9	 -14.666	  62.384	  90.087
106	 -85.730	8	  14.634	  80.044	  75.203
107	 -85.475	8	  30.082	  35.915	  49.602
108	 -84.867	9	 -14.368	  65.316	  99.302
109	 -81.834	8	 -22.379	  83.963	  80.717
110	 -81.270	8	 -15.690	  70.287	  40.837
111	 -79.840	8	 -16.702	  84.326	  55.879
112	 -71.513	7	 -22.304	  80.853	  51.353
113	 -59.316	6	  24.895	  62.866	  80.551
114	 -58.871	6	   5.671	  40.852	 106.542
115	 -58.021	6	  -4.761	  36.898	  50.825
116	 -50.528	5	  13.959	  48.000	  37.273
117	 -50.516	5	  22.784	  32.944	  69.201
118	 -49.696	5	   7.195	  58.960	  39.411
119	 -49.564	5	  -9.793	  59.136	  34.216
120	 -49.445	5	   1.830	  52.334	  60.075
121	 -49.299	5	  11.964	  20.735	  60.386
122	 -48.749	5	   6.396	  80.132	  63.580
123	 -39.353	4	  15.596	  31.717	  35.751
124	 -38.555	4	  -5.863	  44.781	  44.942
125	 -38.158	4	  -4.868	  79.295	 105.172
126	 -37.718	4	  28.156	  36.300	  61.905
127	 -34.287	3	   2.623	  84.372	 101.374
128	 -32.887	3	 -23.604	  70.508	  58.411
129	 -29.242	3	  -3.707	  89.742	 101.485
130	 -28.733	3	 -16.604	  61.906	  35.762
131	 -28.713	3	  24.396	  39.529	  34.411
132	 -28.369	3	  17.501	  22.532	  51.122
133	 -28.362	3	   5.377	  24.883	  85.060
134	 -27.969	3	 -11.916	  68.873	  33.064
135	 -22.527	2	   0.396	  61.063	  77.411
136	 -20.135	2	  12.937	  25.532	  97.411
137	 -20.070	2	  10.396	  85.055	  98.888
138	 -18.796	2	   0.344	  32.110	  75.411
139	 -18.335	2	   7.449	  30.992	  35.951
140	 -18.058	2	 -12.604	  74.035	 105.411
141	 -14.265	1	   1.396	  70.532	  44.411
142	 -13.089	1	  -0.604	  83.532	  81.411
143	 -11.919	1	  21.396	  38.532	  56.411
144	  -9.998	1	 -20.604	  59.532	  47.411
145	  -9.729	1	 -12.604	  65.532	  65.411
146	  -9.505	1	 -13.604	  87.532	  71.411
147	  -9.502	1	 -22.604	  71.532	  87.411
148	  -9.237	1	  -1.604	  36.532	  40.411
149	  -8.998	1	  17.396	  25.532	  66.411
150	  -8.987	1	   2.396	  22.532	  53.411
