1	-982.497	87	 104.945	  35.643	  63.535
2	-738.477	63	  93.148	  37.192	  70.305
3	-680.604	61	  41.396	  35.702	  39.209
4	-619.337	52	  73.746	  52.989	  45.869
5	-592.043	40	  73.488	  45.352	  51.433
6	-585.719	52	  65.120	  41.347	  29.821
7	-568.341	51	  85.403	  23.479	  59.910
8	-538.308	47	  84.965	  55.051	  54.718
9	-518.073	44	  92.822	  42.191	  46.126
10	-486.660	46	  75.003	  22.468	  53.479
11	-486.462	42	  72.056	  52.964	  58.018
12	-474.243	43	  53.199	  34.347	  33.374
13	-464.615	44	  62.249	  55.746	  48.873
14	-461.625	41	  62.453	  23.079	  42.073
15	-429.965	37	  55.387	  40.020	  28.368
16	-417.658	38	  54.366	  26.362	  38.179
17	-385.766	34	  81.618	  42.780	  73.443
18	-380.496	32	  53.544	  41.297	  55.296
19	-351.590	33	  73.892	  46.237	  69.501
20	-350.920	32	  93.022	  27.575	  64.202
21	-329.903	31	  86.602	  52.937	  75.213
22	-318.413	30	  44.528	  29.176	  40.927
23	-296.777	29	  58.233	  49.559	  57.146
24	-292.967	27	  66.037	  29.954	  36.798
25	-291.853	27	  50.504	  18.823	  46.092
26	-290.410	28	  78.052	  33.141	  37.876
27	-264.485	24	  59.645	  52.584	  27.960
28	-260.259	25	 101.449	  21.421	  56.106
29	-251.697	23	 107.181	  31.504	  50.920
30	-247.834	24	  87.995	  50.339	  45.883
31	-236.175	22	  73.288	  46.359	  33.709
32	-235.693	20	  85.771	  33.004	  67.214
33	-228.106	22	  44.007	  45.715	  31.100
34	-225.531	21	 102.807	  48.505	  71.504
35	-220.110	20	  67.947	  32.896	  63.807
36	-216.773	20	  79.569	  28.607	  65.273
37	-211.459	21	 103.759	  49.597	  47.057
38	-200.498	21	  44.121	  56.250	  46.652
39	-192.626	17	  41.558	  30.278	  53.109
40	-176.817	17	  90.481	  21.268	  42.833
41	-171.391	17	 102.155	  26.640	  47.585
42	-169.123	16	  42.319	  24.169	  46.840
43	-163.951	16	  61.944	  16.949	  52.293
44	-152.102	14	  71.333	  22.972	  44.088
45	-150.420	15	  90.123	  46.299	  77.996
46	-148.542	15	  92.594	  17.269	  53.278
47	-146.376	15	  61.960	  58.091	  36.191
48	-146.358	14	  89.070	  30.512	  40.616
49	-144.948	14	  55.588	  46.448	  24.347
50	-142.552	13	 111.866	  41.887	  54.393
51	-141.351	14	  58.905	  21.080	  60.721
52	-132.982	13	  46.503	  54.987	  32.631
53	-132.045	12	  59.405	  30.076	  61.095
54	-129.844	13	  83.010	  58.084	  67.696
55	-125.113	12	 100.640	  56.748	  67.647
56	-122.770	12	  78.764	  52.115	  74.655
57	-122.730	12	  54.188	  60.526	  37.896
58	-121.959	11	  35.608	  38.278	  48.651
59	-116.520	12	  90.564	  61.706	  63.880
60	-115.866	11	  97.576	  51.775	  78.689
61	-112.074	11	  47.145	  25.269	  56.437
62	-110.596	11	  69.975	  22.793	  61.260
63	-109.875	10	 101.256	  38.190	  72.734
64	-106.808	11	  45.741	  33.610	  60.787
65	 -99.913	10	 103.642	  34.075	  43.512
66	 -96.634	9	  58.427	  39.235	  59.779
67	 -95.354	9	  42.192	  44.734	  55.850
68	 -88.614	9	 110.449	  47.774	  60.719
69	 -77.833	8	  44.918	  51.875	  56.766
70	 -76.963	8	 102.720	  58.144	  56.930
71	 -71.064	5	  93.274	  29.153	  47.210
72	 -69.892	7	  97.297	  63.293	  62.483
73	 -61.725	6	  73.585	  32.321	  68.451
74	 -59.005	6	  40.256	  51.283	  38.298
75	 -58.220	6	  68.263	  52.251	  28.802
76	 -49.529	5	  98.614	  55.391	  45.261
77	 -49.007	5	  36.594	  45.080	  41.900
78	 -48.807	5	  47.979	  50.371	  24.249
79	 -45.119	4	  45.199	  37.262	  30.126
80	 -37.108	4	  69.536	  35.569	  29.923
81	 -31.709	3	  48.293	  64.785	  44.114
82	 -30.000	3	  92.823	  65.400	  51.874
83	 -29.361	2	  58.273	  49.464	  47.759
84	 -27.858	3	  51.594	  64.118	  52.771
85	 -19.618	2	  65.612	  42.257	  65.947
86	 -19.209	2	  85.112	  18.303	  48.956
87	 -18.926	2	  79.083	  23.317	  40.906
88	 -11.296	1	  69.594	  42.785	  40.438
89	  -9.795	1	  89.594	  24.785	  53.438
90	  -9.573	1	  54.594	  27.785	  55.438
91	  -9.234	1	  62.594	  51.785	  40.438
92	  -9.138	1	  47.594	  17.785	  53.438
93	  -9.054	1	  79.594	  48.785	  39.438
