1	-1312.071	110	  62.476	  42.063	  38.275
2	-721.877	65	  78.034	  45.367	  16.217
3	-721.621	60	  64.414	  20.922	  21.747
4	-515.153	48	  75.607	  22.606	  26.484
5	-499.007	46	  51.563	  54.321	  25.747
6	-438.677	34	  59.461	  32.195	   7.294
7	-390.588	36	  83.002	  39.157	  25.194
8	-318.863	30	  78.210	  36.600	  17.867
9	-315.055	29	  51.609	  35.116	   7.022
10	-308.143	27	  70.834	  59.016	  15.131
11	-286.636	24	  69.911	  55.971	  38.591
12	-284.347	27	  54.651	  22.696	  18.436
13	-279.134	24	  79.236	  57.579	  23.598
14	-268.668	25	  65.250	  42.794	   5.499
15	-265.111	24	  55.169	  52.044	  13.210
16	-233.872	20	  57.740	  27.147	  40.935
17	-210.548	21	  54.234	  46.257	   8.761
18	-201.767	19	  67.668	  25.630	  10.474
19	-197.339	19	  64.890	  15.423	  30.091
20	-196.711	12	  72.128	  29.277	  22.814
21	-190.802	18	  65.801	  26.840	  40.396
22	-182.605	17	  81.460	  30.758	  35.579
23	-169.485	15	  78.071	  58.719	  33.891
24	-151.786	15	  78.573	  38.273	  43.632
25	-144.427	14	  49.897	  25.793	  11.701
26	-134.615	12	  41.952	  42.715	  25.317
27	-134.582	13	  41.946	  32.696	  19.521
28	-133.479	13	  67.167	  35.577	   4.619
29	-119.037	12	  41.143	  34.460	  31.164
30	-117.145	11	  45.947	  25.690	  32.571
31	-105.338	10	  64.459	  63.915	  26.837
32	-104.424	11	  59.030	  16.643	  25.269
33	-100.849	9	  79.744	  27.769	  23.056
34	 -99.816	10	  74.392	  37.945	   4.024
35	 -99.501	10	  59.139	  58.519	  18.867
36	 -97.051	10	  75.571	  21.161	  36.703
37	 -93.976	9	  43.677	  39.443	  16.406
38	 -91.000	9	  47.702	  29.497	  40.203
39	 -84.170	8	  53.639	  39.253	  41.609
40	 -82.765	8	  58.147	  19.897	  36.607
41	 -81.785	8	  75.434	  23.169	  16.561
42	 -81.420	8	  78.855	  33.057	  11.116
43	 -78.744	8	  45.510	  24.297	  23.928
44	 -70.336	7	  85.118	  48.216	  21.794
45	 -69.850	7	  72.009	  64.845	  22.438
46	 -69.691	7	  83.968	  44.181	  36.078
47	 -60.263	6	  62.839	  60.271	  35.251
48	 -56.719	6	  81.650	  50.951	  32.895
49	 -55.657	6	  70.294	  48.805	   7.062
50	 -50.346	4	  70.026	  38.405	  42.048
51	 -49.776	5	  51.959	  18.894	  31.053
52	 -48.984	5	  79.261	  47.273	  42.597
53	 -48.473	5	  56.579	  55.645	  34.510
54	 -48.462	5	  72.226	  64.444	  31.670
55	 -42.229	4	  44.988	  32.757	  11.896
56	 -37.910	4	  78.751	  55.423	  15.899
57	 -37.900	4	  58.673	  39.208	   3.901
58	 -35.315	2	  63.988	  33.888	  14.345
59	 -27.725	3	  48.610	  41.084	  37.601
60	 -19.849	2	  44.491	  49.444	  19.398
61	 -13.787	1	  48.988	  36.444	  31.901
62	  -9.760	1	  62.988	  54.444	  41.901
63	  -9.041	1	  76.988	  26.444	  43.901
64	  -8.969	1	  40.988	  46.444	  31.901
