1	-1332.559	106	  28.298	  13.981	  87.344
2	-988.890	84	  38.909	  46.543	  65.978
3	-780.280	63	  40.088	  14.398	  86.150
4	-769.429	69	  20.835	  17.389	  53.713
5	-741.454	53	  35.615	  32.564	  69.710
6	-636.546	57	  47.792	  21.178	  57.092
7	-632.101	53	  22.916	  36.561	  84.467
8	-586.156	48	  50.133	  35.754	  66.567
9	-559.817	48	  46.939	  41.042	  60.907
10	-550.565	47	  42.205	  12.360	  67.914
11	-536.213	47	  46.930	  35.154	  52.732
12	-516.789	47	  41.349	  35.137	  44.186
13	-506.302	43	  44.608	  47.535	  91.001
14	-491.212	36	  34.363	  64.188	  78.618
15	-488.338	34	  26.293	  35.960	  74.845
16	-480.719	44	  17.163	  41.205	  91.561
17	-477.915	38	  30.494	  31.805	  93.693
18	-464.963	43	  34.778	  32.567	  36.794
19	-430.716	41	  16.461	  41.892	  58.403
20	-424.335	36	  36.419	   7.798	  67.011
21	-390.096	37	  13.033	  37.853	  74.918
22	-388.477	37	   7.783	  30.397	  85.357
23	-381.143	35	  43.576	  39.552	  99.261
24	-375.416	34	  37.211	  61.742	  92.256
25	-372.606	27	  36.890	  49.520	  95.821
26	-372.364	35	  29.348	  13.779	  47.880
27	-370.901	34	  46.822	  45.558	  54.193
28	-357.366	29	  20.971	  38.496	  42.291
29	-351.829	34	  54.372	  22.767	  72.616
30	-345.459	29	  55.859	  40.427	  84.716
31	-321.783	20	  27.885	  22.096	  60.883
32	-319.857	29	  34.749	  43.513	 103.218
33	-310.205	29	   4.721	  15.577	  86.550
34	-308.267	27	  57.714	  29.093	  80.264
35	-303.180	28	  19.439	  41.350	  81.516
36	-291.440	27	  12.259	  14.025	  68.375
37	-280.222	28	  28.658	  50.554	  57.315
38	-276.854	26	  14.596	   4.553	  81.583
39	-263.603	24	  26.502	   7.600	  56.658
40	-260.048	23	  34.113	   3.399	  77.271
41	-253.167	23	  30.415	  69.775	  88.568
42	-252.916	25	  19.386	  31.668	  96.289
43	-249.896	25	  55.675	  29.687	  89.450
44	-240.940	22	  49.978	  42.508	  88.555
45	-239.344	23	  49.351	  17.052	  92.345
46	-236.540	22	  23.311	  16.957	  94.570
47	-230.850	23	  45.528	  25.755	  44.968
48	-229.233	21	   9.871	  30.739	  57.390
49	-224.890	20	  22.687	  47.361	  70.454
50	-223.460	22	  48.559	  34.753	  93.491
51	-223.120	21	   8.887	  11.812	  79.971
52	-219.711	22	  49.554	  56.125	  83.505
53	-217.869	22	   6.730	  18.505	  73.709
54	-216.878	21	  48.070	  52.680	  74.267
55	-211.242	18	  43.233	  55.114	  91.093
56	-210.334	16	  41.546	  38.107	  90.579
57	-209.362	18	  40.226	  20.351	  94.742
58	-206.661	19	  46.207	  61.887	  77.290
59	-193.434	19	  14.476	  59.505	  87.203
60	-186.024	18	  25.730	  20.360	  37.119
61	-180.461	18	  24.562	  62.313	  73.788
62	-175.923	17	  32.192	  21.492	  30.628
63	-175.500	18	  58.987	  32.555	  71.074
64	-161.110	16	  19.728	  54.099	  98.905
65	-160.083	16	  49.964	  10.584	  82.024
66	-156.848	14	  49.595	  25.742	  93.918
67	-154.731	15	  22.452	  69.348	  81.521
68	-152.824	14	  27.699	   4.757	  88.688
69	-152.260	15	  30.831	  49.814	  46.298
70	-151.152	14	  23.368	   0.150	  77.947
71	-150.381	15	  37.298	  26.797	  98.870
72	-149.462	12	  31.808	  20.734	  91.251
73	-146.910	11	  51.651	  18.605	  80.125
74	-146.158	14	  33.118	   8.920	  51.102
75	-139.319	14	  26.519	  35.918	  37.097
76	-137.425	7	  34.753	  43.065	  59.580
77	-135.930	13	  45.313	  27.672	 100.357
78	-133.531	13	  44.404	  11.772	  52.473
79	-127.910	12	  16.201	  48.814	  80.551
80	-124.551	12	  17.914	  24.168	  43.521
81	-114.267	11	  43.872	   7.755	  78.819
82	-111.033	11	  24.395	  45.223	 103.368
83	-110.703	11	   3.915	  28.276	  74.752
84	-110.313	11	  17.406	   6.858	  90.648
85	-107.781	11	   8.221	  26.014	  93.299
86	-105.098	11	  28.016	  34.780	 100.096
87	-104.389	11	  59.309	  37.267	  76.928
88	-101.702	10	  29.428	   3.246	  63.095
89	 -98.605	9	  49.955	  45.458	  70.792
90	 -93.459	10	  48.488	  10.925	  73.675
91	 -91.298	5	  44.519	  28.989	  60.580
92	 -89.482	8	  16.523	   6.111	  70.167
93	 -86.570	8	  22.400	   3.772	  66.330
94	 -80.987	8	  34.930	  31.003	  30.008
95	 -80.033	8	  38.041	  34.021	 106.562
96	 -72.938	7	  32.021	  41.025	  40.020
97	 -72.652	7	  10.582	  15.234	  58.837
98	 -70.213	7	  12.449	  12.719	  95.112
99	 -69.508	7	  57.278	  27.629	  58.464
100	 -68.208	7	  58.446	  24.658	  66.627
101	 -59.875	6	  43.262	  59.836	  68.935
102	 -59.175	4	  15.978	  26.076	  82.545
103	 -58.012	6	  28.970	  60.069	 100.463
104	 -57.673	6	  12.096	  24.470	  99.581
105	 -52.806	4	  30.753	  15.389	  61.945
106	 -52.688	5	  52.267	  16.386	  68.501
107	 -52.139	5	  29.021	  50.489	  66.234
108	 -51.752	5	  39.829	  23.675	  35.987
109	 -47.461	5	  46.830	  64.231	  89.359
110	 -39.684	4	  37.806	  53.633	  51.427
111	 -38.812	4	  41.275	  70.659	  73.837
112	 -38.659	4	  36.017	  66.590	  69.537
113	 -38.079	4	  57.936	  17.670	  86.314
114	 -37.479	4	  22.606	  53.633	  49.425
115	 -37.305	4	  18.222	  32.431	  36.299
116	 -31.627	3	  40.053	   4.633	  59.885
117	 -28.660	3	  18.056	  47.610	  44.947
118	 -21.821	2	  18.922	  66.633	  93.081
119	 -20.290	2	  42.927	  46.139	  46.580
120	 -19.928	2	   2.913	  23.633	  81.580
121	 -19.823	2	  15.958	  56.170	  75.580
122	 -19.630	2	  34.955	  17.167	  38.580
123	 -19.067	2	  33.895	  59.261	  63.580
124	 -18.032	2	  42.399	  72.128	  82.096
125	 -16.879	1	  17.421	  32.633	  48.580
126	 -10.479	1	  22.421	  75.633	  89.580
127	  -9.588	1	   4.421	  30.633	  66.580
128	  -9.500	1	  11.421	  34.633	  93.580
129	  -9.390	1	  38.421	   2.633	  85.580
130	  -9.301	1	  56.421	  21.633	  92.580
131	  -8.915	1	   8.421	  24.633	  49.580
