1	-1163.281	98	  43.349	  30.044	  19.018
2	-1135.924	97	  68.082	  52.209	  61.066
3	-725.106	68	  59.591	  55.830	  50.705
4	-653.759	57	  57.427	  72.559	  64.566
5	-631.696	58	  44.227	  66.482	  46.661
6	-580.676	50	  74.639	  71.922	  51.074
7	-569.717	47	  35.200	  89.459	  46.166
8	-545.128	44	   8.599	  67.822	  30.705
9	-544.935	50	  41.193	  58.410	  53.676
10	-523.018	47	  24.063	  43.300	  16.017
11	-505.486	47	  39.824	  57.543	  26.222
12	-501.145	45	  17.651	  34.971	   7.820
13	-475.974	44	  30.623	  72.076	  25.600
14	-464.710	42	  52.499	  49.965	  -0.616
15	-435.440	41	  36.947	  40.115	  28.808
16	-418.915	36	  22.866	  25.144	  29.048
17	-409.927	37	  47.365	  45.368	  80.774
18	-403.861	37	  50.905	  48.932	  24.236
19	-397.128	37	  10.533	  72.358	  45.520
20	-395.971	37	  48.739	  47.124	  55.932
21	-387.265	36	  26.127	  62.925	  16.725
22	-382.077	33	  86.655	  54.064	  70.984
23	-377.325	33	  35.737	  70.530	  60.099
24	-374.269	34	  23.374	  69.904	  52.229
25	-363.247	33	  61.047	  60.263	  90.135
26	-361.888	34	  92.744	  64.173	  67.170
27	-357.915	34	  61.578	  68.523	  52.344
28	-347.474	32	  34.034	  71.562	  35.850
29	-341.920	31	  30.875	  87.799	  31.644
30	-341.862	32	  18.546	  57.989	  30.892
31	-336.566	31	  64.368	  77.582	  73.125
32	-327.922	32	  42.495	  76.841	  45.630
33	-308.487	30	  29.158	  59.726	  33.647
34	-307.144	30	  14.701	  86.751	  38.875
35	-307.130	29	  29.549	  13.880	  27.259
36	-305.174	30	  85.637	  64.463	  53.421
37	-303.273	28	  72.943	  79.797	  70.001
38	-290.692	28	  43.898	  38.000	  28.476
39	-289.687	28	  45.391	  57.195	  75.597
40	-288.435	28	  20.842	  88.659	  48.607
41	-285.738	25	  33.693	  22.676	  33.107
42	-285.583	28	  49.481	  56.504	   6.804
43	-282.488	27	  69.320	  81.584	  60.602
44	-281.640	23	  39.687	  11.989	   9.205
45	-281.574	28	  54.808	  47.963	  89.906
46	-281.383	24	  45.645	  25.306	   9.630
47	-281.034	26	  14.265	  32.257	  19.415
48	-280.790	26	  30.287	  51.232	  14.604
49	-277.927	26	  28.644	   6.586	  12.963
50	-277.364	27	  57.754	  35.823	  -5.058
51	-269.147	25	  61.488	  49.590	  92.738
52	-266.894	22	  72.070	  49.759	  70.555
53	-263.611	24	  39.110	  85.225	  55.067
54	-261.017	24	  41.214	  48.623	  73.762
55	-260.539	24	  69.964	  69.487	  81.867
56	-259.226	23	  60.041	  38.480	  70.247
57	-256.589	25	  64.196	  39.484	  85.274
58	-253.447	23	  18.451	  65.356	  15.655
59	-253.032	24	  27.144	  28.685	  -1.915
60	-247.454	25	  82.642	  65.314	  78.827
61	-243.758	23	  26.722	  35.694	  28.788
62	-243.225	22	  55.736	  74.447	  52.729
63	-241.991	22	  50.543	  66.054	  65.746
64	-237.757	23	  39.084	  84.550	  39.721
65	-232.622	22	  34.190	  68.129	  51.435
66	-231.550	22	  54.317	  67.173	  77.430
67	-228.642	21	  33.915	  63.744	  29.461
68	-226.231	20	  75.912	  62.984	  45.682
69	-223.816	18	  41.582	  23.336	  28.446
70	-215.207	21	  51.406	  41.166	 -10.584
71	-215.165	21	  34.018	  79.966	  61.216
72	-214.142	20	  70.877	  47.012	  84.807
73	-210.196	20	  15.750	  43.530	  20.755
74	-209.303	20	  20.329	  54.329	  16.209
75	-208.075	19	  25.774	  43.405	  26.733
76	-204.786	19	  49.284	  39.844	  66.440
77	-202.614	18	  21.107	  65.293	  42.798
78	-200.829	19	  57.876	  47.188	  13.464
79	-198.063	18	  57.922	  36.629	   9.857
80	-187.841	18	  10.759	  79.076	  37.937
81	-184.560	18	  85.100	  76.227	  59.815
82	-183.267	16	  47.319	  26.050	  -4.387
83	-183.099	17	  40.412	  51.734	   1.432
84	-182.001	18	  53.593	  35.438	  20.856
85	-181.067	17	  48.429	  32.624	 -12.877
86	-180.940	18	  13.445	  61.413	  22.388
87	-178.528	17	  67.317	  40.002	  75.869
88	-178.064	17	  44.652	  42.279	 -10.356
89	-175.358	18	  13.032	  81.963	  27.928
90	-175.246	14	  22.755	  86.634	  39.174
91	-170.022	15	  35.466	  47.471	   6.957
92	-169.877	13	  74.912	  53.836	  51.487
93	-169.020	16	  39.891	  59.875	  63.119
94	-165.531	15	  47.923	  83.818	  53.142
95	-162.421	15	  55.823	  29.778	   4.881
96	-162.363	15	  60.040	  43.161	  57.557
97	-160.789	16	  29.811	  15.605	   1.832
98	-157.044	15	  39.036	  58.557	  16.239
99	-156.709	15	  51.071	  62.142	  73.768
100	-154.129	15	  16.340	  23.462	   9.901
101	-153.578	14	  35.380	  48.578	  -3.936
102	-152.093	15	  48.181	  75.545	  63.192
103	-151.859	15	  25.760	  77.469	  59.326
104	-146.357	15	  28.394	  37.730	  -4.543
105	-146.288	15	  59.544	  80.311	  57.879
106	-139.263	14	  35.558	  22.822	  -3.645
107	-138.748	13	  18.652	  81.226	  60.292
108	-137.763	13	  34.042	  50.546	  33.403
109	-126.915	12	  41.597	  19.428	   2.822
110	-126.702	11	  35.404	  78.999	  32.749
111	-125.246	11	  13.858	  52.930	  24.282
112	-121.313	12	  19.787	  12.178	  20.392
113	-120.240	12	  27.721	  44.779	   4.368
114	-120.030	12	  29.516	  65.467	  45.898
115	-119.144	12	  20.822	   9.157	  12.469
116	-115.532	12	  40.642	  54.831	   8.357
117	-115.427	11	  84.864	  52.304	  55.761
118	-113.218	11	  49.273	  61.188	  84.461
119	-109.891	11	  54.931	  28.905	  -3.150
120	-109.612	11	  17.636	  46.355	  29.358
121	-100.642	10	  21.722	  89.535	  27.766
122	 -98.430	10	  51.867	  53.666	  50.927
123	 -98.374	9	  25.387	  52.636	  36.712
124	 -98.040	9	  43.665	  46.239	  29.215
125	 -95.208	9	  75.645	  58.996	  83.981
126	 -93.349	9	  51.147	  80.345	  46.822
127	 -92.072	9	  22.641	  17.645	   3.555
128	 -83.362	8	  77.339	  51.706	  77.721
129	 -83.145	7	  12.940	  81.192	  46.701
130	 -81.279	8	  18.909	  91.740	  58.723
131	 -79.568	8	  60.412	  39.549	  16.934
132	 -78.984	8	   9.920	  73.986	  18.610
133	 -78.020	7	  35.656	  43.257	 -11.312
134	 -75.609	8	  84.034	  75.078	  72.148
135	 -75.041	7	  91.590	  66.710	  57.019
136	 -72.429	7	  11.851	  86.969	  18.124
137	 -71.973	7	  42.113	  14.236	  24.540
138	 -70.990	7	  92.232	  71.618	  67.201
139	 -70.279	6	  63.801	  46.780	  20.058
140	 -69.014	7	  15.098	  62.250	  38.435
141	 -68.961	7	  62.142	  66.656	  85.566
142	 -63.498	6	  10.660	  82.916	  57.742
143	 -60.653	6	  45.520	  18.794	  19.153
144	 -60.635	6	  41.518	  40.865	  59.054
145	 -60.446	6	  74.835	  56.029	  42.936
146	 -59.740	6	  36.250	  35.889	 -12.509
147	 -59.551	6	  55.883	  36.378	  63.840
148	 -57.663	6	  15.671	  74.079	  56.392
149	 -55.391	5	  56.258	  38.378	  84.578
150	 -54.217	5	  77.895	  49.037	  62.166
151	 -52.223	5	  65.611	  42.222	  63.528
152	 -49.291	5	  30.467	  90.766	  57.700
153	 -49.100	5	  28.787	  82.284	  21.017
154	 -48.106	5	  37.283	  17.000	  31.712
155	 -43.588	4	  71.081	  56.540	  91.501
156	 -42.647	4	  48.961	  33.631	  59.954
157	 -41.106	4	  25.691	  75.427	  16.489
158	 -40.747	4	  17.897	  36.440	  24.420
159	 -40.566	4	  35.142	  93.858	  36.192
160	 -39.907	4	  50.951	  38.883	  52.990
161	 -38.038	4	  18.193	  27.549	   0.956
162	 -37.709	4	  72.800	  77.292	  79.234
163	 -37.412	4	  59.659	  44.650	   3.707
164	 -36.967	3	  27.672	   7.067	  24.003
165	 -31.116	3	  36.380	  30.033	  40.712
166	 -29.087	3	  44.343	  29.411	  34.679
167	 -28.978	3	  21.307	  89.686	  18.674
168	 -28.549	3	  82.029	  58.117	  48.399
169	 -28.464	3	  44.672	   9.057	  16.719
170	 -28.365	3	  58.350	  48.720	  27.712
171	 -28.323	3	  58.013	  55.042	  20.715
172	 -28.142	3	  17.642	  75.370	  17.682
173	 -26.659	2	  76.227	  60.823	  53.822
174	 -20.841	2	  25.672	  84.837	  60.712
175	 -20.113	2	  16.184	  19.355	  21.247
176	 -19.950	2	  68.672	  58.872	  38.712
177	 -19.740	2	  50.145	  58.378	  17.605
178	 -19.616	2	  20.672	  81.907	  15.712
179	 -19.516	2	  38.672	  49.378	  63.198
180	 -19.225	2	  49.672	  38.378	  77.193
181	 -19.056	2	  51.270	  83.247	  60.245
182	 -18.777	2	  62.753	  63.939	  46.192
183	 -18.328	2	  14.239	  40.918	  13.172
184	 -17.864	2	  34.673	  27.876	  -8.789
185	 -17.855	1	  43.672	  42.378	  15.712
186	 -15.893	1	  22.672	  83.378	  31.712
187	 -10.615	1	  93.672	  55.378	  63.712
188	  -9.654	1	  58.672	  81.378	  68.712
189	  -9.516	1	  88.672	  49.378	  63.712
190	  -9.435	1	  82.672	  68.378	  61.712
191	  -9.331	1	   9.672	  90.378	  53.712
192	  -9.308	1	  37.672	   4.378	  16.712
193	  -9.180	1	  54.672	  65.378	  48.712
194	  -9.172	1	  58.672	  55.378	   8.712
195	  -8.960	1	   3.672	  65.378	  37.712
