1	-1343.627	114	  61.106	  39.704	  23.021
2	-1042.242	89	  56.822	  35.789	  13.945
3	-851.431	54	  69.620	  30.550	  25.588
4	-758.476	71	  60.878	  16.454	  13.477
5	-678.942	65	  58.180	   8.217	  12.750
6	-660.739	59	  76.075	  38.685	  20.394
7	-578.693	49	  85.275	  16.467	  31.761
8	-500.575	43	  71.629	  18.633	   4.283
9	-474.227	45	 101.233	  27.014	  23.198
10	-463.506	43	  98.455	  39.483	  18.612
11	-389.675	36	  71.166	  15.343	  41.300
12	-376.852	36	  40.744	  24.431	   9.828
13	-376.650	35	  40.118	  25.667	  27.051
14	-362.120	32	  54.818	  31.109	  35.872
15	-359.259	33	  83.385	  37.931	  22.900
16	-342.879	33	  61.280	  -8.156	  29.100
17	-342.500	33	  94.664	  36.553	   4.164
18	-339.593	30	  64.368	  31.300	  40.808
19	-322.317	27	  74.117	  -4.957	  22.032
20	-310.675	27	  49.711	  33.595	   7.410
21	-305.301	30	  46.445	  -1.296	  17.903
22	-304.862	28	  38.623	   8.767	  25.129
23	-293.198	27	  45.459	  39.080	   2.168
24	-292.076	26	  91.113	  39.834	  37.453
25	-282.917	24	  57.353	  26.088	   7.400
26	-254.394	24	  94.031	   7.191	  19.495
27	-253.086	24	  81.203	  35.888	  16.218
28	-250.064	24	 103.500	  17.854	  10.419
29	-248.347	22	  95.639	  23.793	  -2.930
30	-243.767	24	  58.016	  16.783	  40.763
31	-242.497	23	  40.365	  22.721	  18.537
32	-240.918	23	  58.488	  43.847	  37.380
33	-223.540	22	  37.461	  47.876	  24.032
34	-221.716	22	  47.980	  25.846	  35.560
35	-221.455	21	  91.023	  12.478	  27.838
36	-215.214	19	  57.607	   3.014	  35.477
37	-212.290	19	  80.708	  12.277	  -1.241
38	-212.011	19	  91.292	  29.477	  31.125
39	-208.690	20	  54.791	  48.135	  30.887
40	-204.703	19	  94.441	  10.652	   5.211
41	-204.216	19	  85.231	  36.245	   5.919
42	-202.089	18	  87.495	  44.258	  28.317
43	-200.600	19	  65.453	  -0.457	   7.201
44	-199.993	18	  88.679	  18.149	  -3.760
45	-199.757	18	  46.133	  16.530	  35.570
46	-189.598	17	  54.476	  42.848	   4.923
47	-187.985	18	  51.847	  38.960	  37.871
48	-186.904	17	  74.679	   2.105	   5.720
49	-181.707	18	  83.242	   0.610	  12.029
50	-179.873	15	  77.857	  27.737	  40.231
51	-178.294	17	  47.323	  54.180	  20.133
52	-176.737	16	 107.671	  26.077	  12.303
53	-170.786	17	  35.358	  33.648	  11.725
54	-164.428	9	  67.880	  11.149	  20.892
55	-163.926	16	  68.321	  44.538	  43.209
56	-162.478	16	  68.070	  39.240	  12.869
57	-156.246	14	  75.271	  30.724	   3.240
58	-150.477	15	  41.848	  53.414	  11.860
59	-147.039	14	  73.658	  -4.135	  13.569
60	-144.058	14	  70.637	  26.826	  39.372
61	-142.622	9	  48.945	  25.578	  20.858
62	-141.222	14	  43.584	  12.301	  11.617
63	-140.602	12	  90.072	  38.560	  15.729
64	-135.846	13	  36.429	  16.232	  19.302
65	-134.266	12	  55.862	  -4.510	  23.597
66	-134.086	13	  82.494	  45.692	  44.312
67	-130.072	13	  97.803	  17.984	  22.866
68	-123.401	12	  65.803	  11.895	   7.312
69	-122.929	10	  48.870	   3.824	  32.567
70	-118.288	11	 104.861	  35.458	   6.787
71	-114.144	10	  65.389	  27.003	   4.601
72	-112.009	11	  82.218	  23.378	  -4.919
73	-109.233	11	  77.667	  51.499	  33.486
74	-109.194	11	  41.843	  35.235	  34.385
75	-102.551	10	  81.670	  35.548	  46.796
76	 -98.306	9	  86.703	   6.714	  -0.062
77	 -87.010	9	  66.057	  49.633	  29.168
78	 -85.339	8	  41.818	  47.185	   3.565
79	 -83.192	8	  74.255	  36.606	  48.589
80	 -81.635	8	  86.216	  -0.137	  26.683
81	 -79.395	8	  62.781	 -11.499	  17.799
82	 -79.180	8	  35.705	  45.998	   9.989
83	 -70.620	7	  42.534	  32.392	   4.406
84	 -60.862	4	  78.932	   8.864	  11.300
85	 -59.475	6	  69.601	   2.427	  40.951
86	 -56.559	6	  38.596	  42.788	  29.446
87	 -55.390	6	  57.754	  51.640	  18.146
88	 -48.303	5	  82.623	  15.844	  39.595
89	 -47.869	5	  69.604	  -3.912	  35.819
90	 -45.095	4	 106.481	  27.029	   2.006
91	 -42.807	3	  75.118	  15.384	  16.097
92	 -42.636	4	  50.365	  14.463	   6.777
93	 -40.335	4	  80.363	   6.719	  39.788
94	 -38.465	4	  81.111	  -1.796	  32.768
95	 -38.187	4	  75.688	  37.425	   5.767
96	 -32.067	2	  69.682	  27.001	  13.881
97	 -29.788	3	  55.908	  10.131	  39.805
98	 -29.053	3	  48.606	   0.825	   8.481
99	 -28.972	3	  99.234	  10.463	  10.745
100	 -28.933	3	  57.606	  49.463	   9.566
101	 -22.661	2	  87.606	  29.993	  39.805
102	 -21.474	2	  64.606	  -1.960	  26.228
103	 -19.092	2	  36.606	   1.463	  16.308
104	 -18.288	2	  98.606	  37.959	  31.805
105	 -11.474	1	  84.606	  28.463	  11.805
106	  -9.978	1	  71.606	  46.463	  23.805
107	  -9.559	1	 110.606	  34.463	  15.805
108	  -9.308	1	  33.606	  40.463	  20.805
109	  -9.233	1	  54.606	  55.463	   4.805
110	  -9.082	1	  48.606	  39.463	  15.805
