1	-1031.360	83	  -0.188	  -5.456	  28.643
2	-1009.743	91	  42.052	   5.906	  17.719
3	-939.462	82	  16.237	  14.613	  11.244
4	-851.997	67	  20.354	   4.740	  19.222
5	-768.242	63	  23.930	  -8.320	  16.787
6	-724.062	68	  21.987	 -13.395	  10.873
7	-633.444	59	  30.083	  16.324	  39.089
8	-630.361	52	  23.730	 -13.036	  23.532
9	-610.099	56	  39.104	 -10.316	  -3.324
10	-606.042	57	 -28.047	  -2.122	  16.877
11	-587.833	55	   1.452	  21.782	  24.845
12	-571.423	47	  28.730	 -18.099	  25.447
13	-555.113	53	  14.710	   7.578	  24.934
14	-502.841	48	 -25.110	  15.580	  31.507
15	-443.384	32	  17.128	   6.579	  12.969
16	-407.250	39	  36.862	  18.919	  21.186
17	-396.149	34	  40.881	  -9.483	  27.531
18	-385.513	36	  39.644	   9.973	  37.503
19	-372.472	34	  32.172	  16.836	   6.611
20	-368.320	27	  26.424	  -1.525	  17.837
21	-367.524	33	   9.351	  -1.138	  10.960
22	-363.719	29	 -22.837	  10.192	  36.394
23	-348.148	35	   5.275	  12.651	  19.379
24	-337.122	33	   8.604	   4.011	  -1.721
25	-330.142	32	  46.576	  -7.694	  14.435
26	-326.120	33	   8.516	   9.586	  27.944
27	-324.900	32	  16.355	 -13.739	  38.975
28	-306.561	28	 -18.738	  -8.542	  18.111
29	-304.447	29	 -13.217	 -10.059	  34.646
30	-298.103	27	  12.599	  -9.953	  25.694
31	-290.442	28	  36.823	 -15.273	  22.710
32	-284.272	25	  -4.409	   9.854	  32.220
33	-274.905	25	  19.482	 -13.350	  -3.412
34	-250.273	24	 -18.296	  10.696	  14.602
35	-249.144	23	  41.085	   1.493	  -3.811
36	-248.781	24	  -2.643	  18.971	  17.118
37	-248.746	23	 -24.389	  17.212	  15.480
38	-239.127	21	  -9.672	  -4.351	  14.816
39	-239.100	22	  -9.389	  23.415	  30.619
40	-238.050	22	  13.763	   5.808	  40.752
41	-230.143	20	  45.164	  -6.979	  33.306
42	-201.949	19	 -32.522	  10.635	  44.884
43	-201.010	20	  27.287	  18.632	  13.652
44	-196.369	19	   9.103	  -2.905	  38.948
45	-196.199	19	  -6.409	   9.965	  12.195
46	-195.701	17	  43.566	 -16.981	  13.116
47	-193.870	18	  30.789	 -16.386	   1.012
48	-192.453	17	 -36.433	  -3.110	  32.898
49	-191.406	17	 -19.442	  29.122	  28.512
50	-190.940	18	  19.609	   5.069	  -7.528
51	-181.901	18	  32.093	  22.218	  32.235
52	-181.754	16	 -31.137	   8.986	  21.007
53	-181.661	18	 -32.299	  -6.515	  23.963
54	-174.993	17	  23.656	  -5.559	  -5.270
55	-173.185	12	 -18.942	  10.587	  27.484
56	-171.761	16	  45.140	 -12.164	   3.258
57	-167.071	17	 -30.212	  18.935	  26.196
58	-163.044	17	  -8.975	  -0.944	  39.129
59	-159.372	15	  18.504	  15.239	  36.857
60	-156.010	15	   4.991	  -8.376	  35.452
61	-154.445	15	 -29.480	  -9.316	  34.487
62	-153.323	15	  10.970	  -9.693	  -1.979
63	-152.333	15	  21.720	   2.389	  41.136
64	-150.593	14	  25.689	  -7.278	  43.882
65	-146.370	9	  22.792	   3.695	  28.226
66	-144.300	14	  43.182	   3.587	   2.566
67	-139.842	14	  35.066	 -23.084	   8.514
68	-138.173	13	  16.769	  22.428	  26.027
69	-127.150	13	  16.830	  15.995	   0.661
70	-127.128	13	  -5.485	  25.887	  19.176
71	-125.033	11	   6.769	 -12.830	   9.663
72	-124.195	12	 -11.110	  30.812	  22.397
73	-122.427	11	  27.821	  24.227	  22.247
74	-121.405	12	  27.792	   3.428	  45.975
75	-120.433	12	  35.213	   8.036	  -6.327
76	-117.030	7	  27.009	  -4.419	   9.396
77	-115.787	11	   2.796	  -6.371	   3.049
78	-114.991	11	 -27.442	   2.743	  41.638
79	-114.645	11	  -0.362	  -0.783	  13.818
80	-114.313	11	  38.575	   0.451	  42.570
81	-114.210	11	 -16.545	  23.515	  16.696
82	-113.390	9	  -0.927	  -6.347	  20.727
83	-107.360	11	 -38.699	   8.481	  29.935
84	-104.277	10	  28.735	  -2.028	 -10.073
85	-103.666	10	  29.662	 -18.293	  34.951
86	 -91.466	9	   2.005	   4.792	  31.855
87	 -88.396	9	  43.573	   4.953	  32.784
88	 -83.897	8	 -21.301	  -2.594	  38.676
89	 -79.956	8	 -15.579	   4.310	   9.941
90	 -78.558	8	  20.852	 -19.336	   2.089
91	 -76.781	7	 -11.046	 -10.291	  24.229
92	 -74.716	8	  34.499	  -6.199	  45.169
93	 -70.647	7	 -13.248	  16.526	  12.666
94	 -69.873	7	  21.951	 -24.488	  18.716
95	 -69.090	7	  25.152	 -30.707	  11.409
96	 -68.297	7	  15.036	  -2.088	  20.304
97	 -60.560	6	  18.583	  -4.079	  43.798
98	 -59.536	6	  46.406	   3.617	  10.800
99	 -58.695	6	 -15.862	   5.491	  38.068
100	 -58.444	6	 -14.221	  16.694	  35.753
101	 -57.774	6	   2.735	  13.172	  29.624
102	 -57.677	6	  31.154	 -11.985	 -11.202
103	 -57.010	6	   5.352	 -13.683	  29.747
104	 -54.749	6	   8.893	  24.965	  24.637
105	 -52.524	5	  43.563	  11.843	  25.274
106	 -49.896	5	  17.969	 -17.713	  27.843
107	 -48.959	5	   6.918	  -6.124	  21.214
108	 -48.153	5	  16.723	  -2.689	  -7.202
109	 -48.014	5	  30.740	 -12.729	  44.174
110	 -44.966	4	 -35.484	  19.593	  38.717
111	 -39.436	4	   5.270	   5.857	   8.263
112	 -39.035	4	  37.159	  -3.457	 -11.741
113	 -38.922	4	  33.676	  10.235	  47.324
114	 -37.309	4	  23.302	  12.563	  47.279
115	 -37.197	4	  28.234	   9.057	  -9.692
116	 -28.787	3	 -26.609	   5.018	   8.798
117	 -20.303	2	  38.198	  18.756	  12.261
118	 -19.761	2	  42.735	 -15.707	  32.256
119	 -19.110	2	   8.736	  20.290	  14.298
120	 -18.791	2	  -6.760	   1.798	  10.303
121	 -18.513	2	  42.735	  13.790	   4.295
122	 -18.502	2	  15.252	  23.810	  15.866
123	 -18.451	2	 -20.755	  -2.217	   7.798
124	  -9.088	1	 -28.265	  16.293	  41.798
125	  -9.060	1	  28.735	  22.293	   1.798
126	  -9.040	1	  50.735	   0.293	  23.798
