1	-1710.460	151	   6.673	  -7.123	  31.456
2	-1089.416	88	  13.742	  24.340	  16.110
3	-870.429	72	   9.352	  12.895	  38.766
4	-867.249	74	  15.527	 -14.591	  -9.341
5	-789.932	64	  10.020	   0.374	  10.949
6	-762.616	71	  20.888	  -5.902	  18.793
7	-712.586	56	  21.510	  17.417	  51.106
8	-702.836	61	  29.307	   4.836	  27.646
9	-677.093	58	  -9.718	  10.624	  21.481
10	-670.225	58	  -5.331	   7.246	  35.822
11	-651.936	58	  32.694	  12.636	  45.010
12	-646.602	59	  26.151	   6.734	  -1.023
13	-639.180	51	  -1.601	  -1.227	  -1.882
14	-587.559	53	  -0.554	  20.439	  61.895
15	-579.632	50	   3.284	  -8.060	  -6.515
16	-518.736	44	 -13.208	   3.309	   3.665
17	-474.346	43	  -1.197	  29.681	  39.617
18	-463.537	37	  28.283	  -3.873	  49.452
19	-461.143	41	  14.757	  17.749	  57.648
20	-453.672	34	 -15.100	 -10.279	  12.834
21	-444.175	41	   9.561	  -3.639	  56.671
22	-432.074	39	 -15.815	  27.430	  44.567
23	-396.299	39	  19.374	   3.089	  13.313
24	-390.452	34	   6.765	  19.668	  63.405
25	-385.328	36	  36.529	  -3.848	   1.311
26	-379.160	35	  -6.675	  19.079	   6.942
27	-375.766	35	   0.853	 -22.199	  10.647
28	-372.867	35	  32.408	  19.967	  30.371
29	-372.370	34	  -5.991	 -10.504	  30.709
30	-368.062	35	  -1.611	  14.323	  57.230
31	-351.600	34	  -0.142	  13.410	  34.276
32	-341.530	29	  17.048	 -15.092	  -0.486
33	-336.894	32	   4.687	  29.843	  65.738
34	-336.498	32	  -2.910	  35.873	  43.039
35	-328.344	33	   8.379	  32.144	  28.903
36	-324.990	29	   8.918	 -14.600	  12.819
37	-324.764	32	  18.967	  18.962	   4.745
38	-320.396	29	   4.446	   2.686	  48.466
39	-311.834	30	  15.287	  33.362	  37.938
40	-283.056	27	  -7.875	 -18.550	  22.520
41	-279.084	25	 -18.096	  -2.399	  15.719
42	-274.450	25	  25.889	  19.571	  20.944
43	-274.094	27	  25.191	  27.402	  42.205
44	-272.951	26	  29.187	  -7.622	   7.004
45	-272.886	27	  27.387	  -2.224	 -18.416
46	-269.262	26	   1.313	  11.754	  45.709
47	-250.763	24	  12.246	  14.401	  -4.383
48	-249.030	24	   4.929	   6.913	  59.603
49	-244.586	22	   8.864	 -18.621	   2.684
50	-242.749	23	   6.327	  -0.076	  -8.622
51	-233.343	23	  16.162	  -8.060	   8.551
52	-231.745	22	  -9.666	  16.875	  45.241
53	-230.307	22	  16.419	 -12.486	  48.129
54	-223.492	20	  15.190	 -13.400	  38.329
55	-219.233	19	  33.206	  -1.653	  42.355
56	-211.574	20	 -14.471	  13.774	  13.167
57	-203.985	20	  -8.837	  23.092	  62.879
58	-199.655	18	  14.580	  30.391	  19.519
59	-197.181	18	 -18.034	  -0.592	   7.743
60	-194.702	17	  -0.045	  22.643	  16.909
61	-193.893	17	  14.917	  25.763	  53.068
62	-192.497	19	  22.026	  -6.875	  59.100
63	-188.992	18	  -1.176	  13.449	  -3.208
64	-181.903	17	 -15.364	 -10.806	   2.046
65	-180.791	14	  -7.592	  11.739	   4.038
66	-180.642	18	  20.575	 -13.515	  33.634
67	-177.673	17	 -14.453	  27.091	  34.720
68	-172.708	17	  35.243	   4.224	  46.763
69	-171.719	16	   1.223	  22.129	  26.088
70	-163.043	16	  -1.500	  38.570	  53.444
71	-159.930	15	  29.544	   5.811	  -8.179
72	-156.026	14	  28.095	  -4.259	  22.319
73	-156.014	15	   3.707	 -19.757	  -4.416
74	-149.234	15	  23.680	 -12.614	  25.194
75	-147.253	14	  28.559	 -15.998	 -10.159
76	-145.817	14	  29.943	   4.252	  56.536
77	-141.908	14	  -5.418	  37.732	  61.537
78	-141.193	13	  35.768	   9.465	  31.189
79	-139.648	13	  -0.866	  -1.767	  37.189
80	-137.534	13	  -8.790	  33.213	  37.899
81	-132.229	12	  22.274	  12.084	  14.660
82	-130.219	13	  13.992	  -9.796	 -18.322
83	-127.912	12	   5.933	 -15.370	  26.062
84	-127.383	12	  -3.885	  27.622	  67.382
85	-123.437	10	  30.229	  19.415	  38.658
86	-118.545	11	 -13.096	  34.054	  50.238
87	-116.791	11	 -20.028	  -1.582	  27.188
88	-114.577	11	 -13.411	 -20.496	   8.777
89	-109.091	10	  30.007	 -13.442	  32.173
90	-107.124	10	  27.254	 -11.877	  42.511
91	-103.160	10	   0.965	  20.562	  34.045
92	-102.233	6	  19.662	  15.730	  36.852
93	 -98.513	10	  35.291	  -3.375	  -9.259
94	 -98.094	10	  23.984	  18.713	  10.582
95	 -96.857	10	   6.975	   7.545	 -10.347
96	 -94.513	9	  30.936	  27.883	  33.029
97	 -89.308	8	 -15.994	 -11.004	  23.569
98	 -88.279	9	  13.434	  34.611	  46.706
99	 -85.598	8	  34.663	  -8.263	  35.963
100	 -84.636	8	  11.966	  10.581	  64.916
101	 -83.703	5	   1.179	   7.472	   9.151
102	 -82.719	8	   1.310	  24.997	  -0.913
103	 -80.218	8	  -8.198	  -2.077	  35.249
104	 -79.704	8	  19.131	  -4.893	 -22.641
105	 -78.277	8	 -16.119	  21.305	  54.351
106	 -77.480	8	  24.526	   5.467	 -14.294
107	 -77.068	7	  36.552	   6.453	   2.332
108	 -76.173	7	   3.898	  -6.857	  45.369
109	 -70.316	7	   8.539	  34.664	  59.098
110	 -68.843	7	  -7.783	  19.833	  16.775
111	 -67.116	6	  14.758	 -10.265	  23.956
112	 -62.042	6	  18.152	   2.063	  64.464
113	 -61.706	6	  -7.872	   4.654	  -2.020
114	 -61.116	6	  33.478	 -14.141	  -2.569
115	 -59.785	4	  14.789	  12.853	   6.694
116	 -58.517	6	  26.631	  10.887	  61.183
117	 -57.955	6	  -5.173	 -20.801	  -1.573
118	 -56.831	6	  21.205	  15.115	  -5.501
119	 -54.207	4	  12.233	  15.045	  21.840
120	 -49.328	5	   3.065	  30.608	  23.535
121	 -46.481	3	   1.071	  -8.465	   5.240
122	 -43.898	4	  28.254	   1.305	  13.144
123	 -38.739	4	  38.473	   2.279	  35.888
124	 -38.714	3	   9.483	  -1.011	   2.349
125	 -37.468	4	  -9.232	 -12.415	  -5.826
126	 -35.889	3	   9.054	  25.846	  32.976
127	 -34.137	3	 -17.517	   5.561	  29.830
128	 -33.045	2	  10.024	  17.846	  45.846
129	 -31.437	3	 -20.517	   4.892	  17.304
130	 -29.871	3	  25.490	  34.180	  32.250
131	 -29.400	3	   8.827	  30.827	  10.918
132	 -29.034	3	 -20.172	   8.155	   8.933
133	 -28.615	3	  24.161	  31.506	  22.267
134	 -25.992	2	  15.483	   9.239	  50.929
135	 -25.807	2	   9.887	   3.846	  28.333
136	 -21.391	2	  12.006	  26.800	   5.360
137	 -21.254	2	  11.954	  -1.154	 -16.542
138	 -20.056	2	  -8.517	 -24.154	  13.440
139	 -19.973	2	  24.483	 -13.678	 -19.547
140	 -19.808	2	 -13.018	  14.347	  54.433
141	 -19.586	2	  28.483	 -18.154	   2.408
142	 -19.337	2	  24.970	  26.819	  12.336
143	 -18.857	2	   7.988	  21.351	  -2.071
144	 -18.748	2	   1.404	 -21.180	  19.389
145	 -18.295	2	  37.979	   3.846	  -6.575
146	 -17.683	1	   9.483	   9.846	  13.929
147	 -12.116	1	 -13.517	   3.846	  37.929
148	  -9.495	1	  36.483	  -2.154	  27.929
149	  -9.456	1	 -13.517	  17.846	  38.929
