1	-788.752	71	   5.789	  -8.535	  37.323
2	-497.151	46	   8.062	  10.514	  40.349
3	-452.980	37	  18.693	   7.531	  41.394
4	-445.467	42	  24.207	 -16.123	  43.156
5	-428.546	39	  22.557	   0.289	  41.745
6	-302.405	28	  -1.669	 -18.009	  41.129
7	-300.239	29	  19.734	 -14.790	  29.964
8	-265.399	25	   6.523	   2.862	  23.362
9	-253.565	25	  19.311	 -26.967	  49.832
10	-239.728	23	  13.896	  -7.238	  64.165
11	-236.850	22	  17.381	  11.122	  49.134
12	-232.196	22	   2.722	 -27.085	  56.068
13	-229.919	21	  11.964	 -23.964	  62.158
14	-220.568	20	  -8.947	 -11.951	  61.092
15	-211.275	19	   1.533	  -4.270	  62.030
16	-208.772	20	   8.867	 -27.045	  46.272
17	-205.483	20	  -3.322	 -16.906	  65.095
18	-192.086	18	   6.210	 -22.791	  39.741
19	-185.415	13	  15.841	 -11.567	  35.192
20	-173.937	17	   5.346	 -21.062	  64.388
21	-159.600	16	  24.080	 -17.372	  56.750
22	-147.996	15	  15.939	   0.167	  55.452
23	-143.445	13	  10.712	   8.381	  54.661
24	-142.909	13	  10.218	 -17.135	  31.794
25	-141.369	14	  17.105	 -24.009	  38.698
26	-140.543	14	  21.597	  -0.778	  28.759
27	-132.398	13	  -9.451	  -7.137	  51.329
28	-130.918	13	 -10.054	 -15.247	  47.804
29	-130.468	13	  18.417	   8.918	  31.164
30	-121.348	12	   5.445	   5.384	  50.867
31	-120.941	12	  -7.410	  -0.896	  40.533
32	-115.860	11	  22.439	 -12.012	  62.978
33	-113.759	10	  -4.551	 -26.932	  49.168
34	-105.448	10	  23.359	  -4.629	  55.386
35	-102.022	10	   5.232	  -9.476	  25.034
36	 -99.900	10	  -7.846	 -22.011	  58.647
37	 -79.432	8	  -0.683	   4.750	  41.863
38	 -76.471	8	  -2.009	  -1.461	  24.997
39	 -75.722	8	  16.316	  -5.337	  18.336
40	 -69.708	7	   8.208	 -13.374	  67.921
41	 -61.859	6	  26.081	  -7.600	  47.928
42	 -61.659	6	  18.346	 -20.873	  65.101
43	 -57.984	6	  -1.429	   0.107	  51.913
44	 -55.868	5	  10.213	   7.559	  30.140
45	 -49.000	5	   8.224	  -7.510	  16.851
46	 -46.759	5	  -3.379	  -7.319	  29.867
47	 -30.703	3	   8.219	   0.279	  59.247
48	 -28.000	3	  18.217	 -22.386	  31.247
49	 -27.635	3	   1.907	 -30.721	  42.262
50	 -21.729	2	  14.683	   2.728	  25.798
51	 -21.261	2	  25.234	  -5.765	  35.769
52	 -18.325	2	  13.737	 -31.224	  57.744
