1	-1085.920	94	  20.177	  26.068	   7.650
2	-934.855	85	  15.109	  21.073	  12.508
3	-759.655	66	  43.406	  32.037	  23.660
4	-594.262	54	  12.028	  39.414	  -2.983
5	-556.351	52	  17.683	  17.728	   6.329
6	-546.507	48	  34.087	  30.844	  -3.637
7	-536.452	50	  28.479	  37.518	  22.394
8	-453.390	45	  10.587	  12.798	   9.901
9	-396.151	35	  20.668	   9.971	  16.272
10	-367.237	32	  18.688	  18.305	  19.583
11	-314.143	29	  17.087	  31.546	  25.128
12	-310.415	28	   3.641	  30.141	   3.995
13	-299.932	29	  33.660	  43.435	  -7.517
14	-298.025	27	  18.220	  39.826	 -17.801
15	-294.611	26	  19.526	  26.565	 -18.209
16	-279.882	26	  34.684	  28.118	  36.292
17	-273.455	27	  40.906	  19.859	  19.160
18	-262.068	24	  23.196	  47.274	   2.520
19	-240.481	23	   6.983	  18.062	   1.571
20	-239.069	22	  12.898	  18.900	 -10.871
21	-238.973	20	  22.789	  48.495	 -12.256
22	-228.818	21	  39.860	  19.222	   8.681
23	-227.720	20	   9.856	  32.789	 -19.064
24	-220.713	22	  41.875	  34.027	   7.434
25	-219.046	20	  28.145	  30.847	  33.661
26	-205.168	19	  27.651	  34.824	 -15.265
27	-202.970	18	  42.847	  24.991	  30.412
28	-201.417	19	  32.541	  11.935	   4.164
29	-201.140	20	  24.213	  51.456	  -6.443
30	-200.085	19	  -1.302	  14.308	  13.507
31	-196.814	19	  20.813	  14.409	  -2.412
32	-158.405	15	  22.707	  20.183	 -10.804
33	-151.256	15	  -1.475	  24.998	  11.616
34	-140.753	14	  30.857	  19.072	  -4.098
35	-135.594	13	   9.223	  24.691	  26.013
36	-129.704	12	   9.376	  16.951	  19.309
37	-125.500	12	  22.609	  16.174	  25.276
38	-117.647	11	  37.836	  17.645	  35.168
39	-113.322	10	  20.326	  26.436	  32.078
40	-109.523	11	  17.942	  41.425	  11.487
41	-108.964	11	  33.017	  43.644	   5.031
42	-107.740	11	   5.233	  31.468	  -7.305
43	-107.519	10	  46.215	  29.004	  16.456
44	-101.746	10	   6.994	  23.239	  -5.787
45	 -95.684	9	  31.996	  12.251	  28.229
46	 -93.080	9	  14.182	  36.837	  17.968
47	 -90.266	9	   4.691	  31.274	  20.332
48	 -82.479	8	  12.078	  42.526	   4.600
49	 -77.644	8	  32.852	  14.366	  12.984
50	 -76.066	7	  15.681	  45.322	  -8.448
51	 -61.788	6	  30.932	  43.388	  13.054
52	 -58.640	6	  38.262	  22.524	   2.076
53	 -57.523	6	  38.873	  41.412	  30.102
54	 -55.140	6	  44.941	  31.580	  34.227
55	 -53.946	5	  -0.180	  19.792	  21.170
56	 -40.424	4	  27.679	  25.649	 -11.671
57	 -38.769	4	  38.704	  42.386	  18.751
58	 -38.553	4	   5.223	  37.909	   9.839
59	 -37.860	4	  38.422	  39.382	   0.497
60	 -37.140	2	  25.942	  27.909	  -1.058
61	 -31.334	3	  36.942	  36.589	  -9.772
62	 -29.164	3	  22.948	   4.909	   7.558
63	 -29.162	2	  12.493	  32.358	   6.109
64	 -28.246	3	  30.304	  18.196	  36.164
65	 -20.135	2	   2.476	  10.909	   3.024
66	 -19.388	2	  -0.524	  33.443	  14.024
67	 -18.569	2	   6.436	  39.909	 -15.936
