1	-1638.821	138	  30.796	  43.204	  60.378
2	-722.527	61	  12.412	  55.750	  57.394
3	-706.404	62	  11.036	  45.443	  67.728
4	-681.239	63	  36.315	  43.021	  65.968
5	-602.931	55	  36.887	  47.406	  49.811
6	-550.514	50	  28.651	  34.387	  73.693
7	-549.340	50	  56.149	  31.213	  57.626
8	-548.609	50	  17.767	  49.321	  47.500
9	-459.176	40	  25.323	  68.772	  68.056
10	-417.741	35	  37.579	  36.586	  41.109
11	-394.978	35	  42.477	  45.485	  72.426
12	-392.178	37	  32.496	  35.190	  33.495
13	-382.546	37	  34.397	  36.827	  76.407
14	-378.708	34	  43.638	  39.094	  46.885
15	-360.377	31	  27.527	  61.620	  61.773
16	-339.978	30	  45.721	  28.196	  80.479
17	-339.400	31	  24.834	  26.834	  67.550
18	-329.109	30	  29.319	  23.650	  48.611
19	-316.951	29	  17.409	  43.921	  78.517
20	-315.356	29	  39.977	  22.356	  73.604
21	-284.800	26	  48.844	  22.022	  63.194
22	-282.680	25	  33.171	  27.315	  42.385
23	-263.253	23	   8.673	  42.957	  56.520
24	-262.739	24	  12.847	  36.640	  48.693
25	-260.950	23	  57.418	  28.839	  66.430
26	-257.000	24	  38.797	  50.141	  57.878
27	-244.368	23	  39.415	  20.126	  54.889
28	-243.988	22	  53.591	  31.278	  73.803
29	-238.296	22	  22.995	  28.199	  34.438
30	-237.439	23	   9.446	  66.771	  62.265
31	-216.062	21	  53.246	  42.867	  76.683
32	-198.606	20	  21.225	  66.402	  60.706
33	-189.283	16	  28.198	  55.801	  84.445
34	-175.660	17	  10.638	  49.986	  74.970
35	-170.949	15	  23.413	  35.739	  27.013
36	-169.685	16	  24.915	  73.997	  74.199
37	-168.201	15	   8.382	  51.044	  62.549
38	-165.762	16	  31.145	  55.707	  50.467
39	-164.373	15	  14.535	  33.337	  74.240
40	-158.077	16	  33.176	  48.668	  73.647
41	-147.804	14	  22.767	  25.621	  58.848
42	-146.738	14	  58.724	  46.265	  56.904
43	-142.893	12	  13.897	  36.976	  36.140
44	-141.082	14	  13.534	  54.751	  80.956
45	-140.318	14	  47.083	  24.436	  49.110
46	-139.130	13	  32.214	  27.096	  74.507
47	-137.046	13	  35.203	  49.889	  40.674
48	-133.156	13	  62.552	  38.456	  62.781
49	-133.034	13	  12.888	  74.011	  72.228
50	-122.937	11	  16.979	  28.322	  50.515
51	-121.128	11	  37.923	  21.424	  66.291
52	-118.613	12	   4.468	  54.186	  68.812
53	-116.494	12	  33.778	  69.245	  82.295
54	-112.446	11	  28.994	  48.955	  80.503
55	-109.452	11	  21.536	  57.129	  40.271
56	-105.994	11	  18.364	  44.629	  34.359
57	-105.867	11	  21.974	  60.753	  49.424
58	-105.528	10	  37.405	  60.343	  79.670
59	-104.954	11	  52.094	  33.713	  46.396
60	 -98.435	10	  27.508	  19.197	  57.886
61	 -97.374	10	   8.344	  63.291	  76.397
62	 -91.853	9	  14.167	  61.774	  83.889
63	 -89.157	9	  37.711	  58.806	  71.414
64	 -87.189	6	  26.892	  49.785	  56.931
65	 -84.238	7	  26.238	  46.931	  32.348
66	 -81.698	8	   3.723	  61.942	  70.587
67	 -81.446	8	  49.087	  52.801	  65.489
68	 -81.326	8	  50.477	  52.577	  55.182
69	 -79.437	8	  49.115	  49.374	  47.255
70	 -77.052	8	  58.840	  37.443	  48.982
71	 -75.189	4	  26.622	  41.697	  52.887
72	 -69.197	7	  11.270	  32.681	  63.630
73	 -68.845	7	  35.516	  43.369	  35.279
74	 -68.583	5	  23.013	  50.605	  67.972
75	 -66.907	7	  32.693	  56.646	  59.038
76	 -62.093	6	  40.696	  24.989	  44.037
77	 -61.350	6	  21.385	  25.687	  41.810
78	 -61.240	6	  29.552	  65.833	  88.136
79	 -58.427	6	  61.368	  42.800	  69.143
80	 -57.326	6	  21.383	  70.616	  84.200
81	 -53.560	5	  20.006	  28.712	  79.541
82	 -40.172	4	  39.368	  34.463	  85.136
83	 -28.608	3	  13.689	  29.371	  34.495
84	 -28.442	3	  10.705	  28.687	  41.769
85	 -19.608	2	  14.949	  36.263	  28.611
86	 -19.188	2	  50.850	  21.164	  71.613
87	 -18.184	2	  53.388	  52.191	  73.121
88	 -18.162	2	  23.373	  39.169	  80.642
89	 -10.103	1	  35.373	  70.687	  70.136
90	  -9.745	1	  49.373	  35.687	  83.136
91	  -9.143	1	  44.373	  41.687	  86.136
92	  -9.002	1	  23.373	  60.687	  90.136
93	  -8.978	1	  29.373	  27.687	  28.136
