1	-819.951	63	 -37.796	 -30.585	  41.121
2	-618.260	46	 -39.974	 -25.249	  18.400
3	-555.897	53	 -29.947	 -30.715	  34.048
4	-527.608	49	 -50.403	 -38.097	  30.743
5	-500.259	42	 -56.703	 -25.085	  30.364
6	-495.334	46	 -33.967	 -26.866	  47.195
7	-479.057	28	 -48.839	 -38.054	  41.279
8	-447.973	40	 -54.369	 -21.928	  44.511
9	-427.093	38	 -49.538	 -14.151	  23.537
10	-368.941	35	 -33.062	 -17.593	  13.295
11	-326.505	32	 -43.412	  -8.316	  46.533
12	-308.887	30	 -48.894	 -36.006	  52.052
13	-303.933	29	 -21.622	 -22.835	  39.805
14	-303.415	28	 -42.219	 -40.683	  29.464
15	-298.886	27	 -32.307	 -13.577	  50.218
16	-287.296	28	 -45.855	 -18.386	  15.526
17	-274.346	27	 -46.386	  -7.911	  30.788
18	-273.536	26	 -30.517	 -36.665	  40.801
19	-270.028	25	 -41.804	 -42.067	  40.157
20	-254.056	25	 -47.823	 -33.233	  20.810
21	-238.111	21	 -59.829	 -12.156	  31.147
22	-227.249	21	 -46.785	 -26.761	  56.598
23	-223.093	20	 -26.957	 -30.627	  25.142
24	-218.439	21	 -49.375	 -23.284	  19.822
25	-203.969	18	 -18.320	 -20.595	  33.070
26	-201.941	20	 -31.646	  -8.246	  42.472
27	-198.950	18	 -50.132	  -7.837	  42.032
28	-185.839	18	 -32.581	 -41.281	  27.390
29	-182.936	16	 -57.729	 -32.381	  40.419
30	-163.027	16	 -56.941	 -15.274	  42.528
31	-150.262	13	 -33.608	  -2.111	  38.403
32	-141.035	14	 -36.744	  -2.592	  28.934
33	-125.616	7	 -43.258	 -33.535	  45.295
34	-122.710	11	 -22.249	 -10.158	  29.111
35	-113.779	11	 -36.149	  -7.995	  16.687
36	-111.280	11	 -21.710	 -20.877	  47.460
37	-105.951	10	 -25.883	 -12.319	  39.888
38	 -90.060	8	 -25.956	 -12.511	  21.234
39	 -76.510	8	 -29.521	 -44.277	  36.423
40	 -71.180	7	 -46.768	 -17.606	  53.856
41	 -70.493	7	 -22.850	 -23.841	  24.158
42	 -67.164	7	 -37.368	 -16.331	  55.060
43	 -58.535	6	 -41.899	   2.458	  37.170
44	 -50.075	3	 -42.280	 -19.866	  45.075
45	 -48.312	5	 -29.329	  -3.554	  25.178
46	 -47.565	5	 -63.698	 -19.734	  35.421
47	 -38.719	4	 -20.805	 -29.840	  32.252
48	 -37.834	4	 -38.525	 -26.304	  55.833
49	 -27.651	2	 -35.751	 -26.554	  29.588
50	 -18.944	2	 -21.798	 -37.554	  35.588
51	 -18.564	2	 -31.765	 -28.554	  11.588
52	  -9.541	1	 -33.280	 -35.554	  17.588
53	  -9.311	1	 -45.280	 -24.554	  29.588
54	  -9.161	1	 -43.280	 -40.554	  48.588
55	  -8.975	1	 -65.280	 -17.554	  25.588
