1	-1305.969	106	  22.613	  -6.760	  27.499
2	-613.497	57	  28.347	  -3.640	   7.445
3	-531.765	42	  10.193	 -18.509	   9.825
4	-529.439	46	  16.068	 -29.823	  27.158
5	-515.351	48	  34.203	 -17.824	   8.272
6	-497.897	46	  20.763	 -25.780	   4.314
7	-484.404	46	  34.978	   5.351	  26.031
8	-476.188	43	  12.305	  -3.050	   7.856
9	-444.183	40	  15.684	 -12.077	   0.799
10	-367.833	33	  24.694	 -14.774	  -0.067
11	-367.738	33	  10.277	 -25.908	  35.077
12	-310.737	30	   0.740	 -10.733	  28.953
13	-308.479	29	  20.678	   7.808	  29.846
14	-305.396	26	  11.246	 -26.023	  18.605
15	-278.760	24	  31.768	  -9.360	  26.636
16	-268.711	19	  32.478	  -1.808	  13.905
17	-268.624	26	  38.562	  -5.786	  30.192
18	-260.587	26	  -2.249	 -18.438	  33.637
19	-245.552	21	  32.660	 -21.871	  21.358
20	-242.530	24	  23.730	 -10.996	  33.716
21	-240.525	23	  16.472	  -7.048	  40.060
22	-232.015	21	   6.710	 -16.005	  42.357
23	-231.079	22	   6.441	  -4.299	  36.800
24	-228.318	21	   5.924	  -9.485	  11.395
25	-227.241	21	  17.967	   7.222	  11.798
26	-205.744	20	  38.980	  -9.851	  16.370
27	-204.265	17	  25.554	 -26.559	  25.574
28	-196.034	19	   4.784	  -3.325	  15.230
29	-159.070	16	  34.335	   7.572	  16.405
30	-153.679	14	   3.893	 -17.343	  19.320
31	-148.894	14	   9.593	 -33.182	  24.371
32	-128.116	12	   2.983	 -25.806	  23.173
33	-119.135	12	  26.510	 -31.463	  18.883
34	-118.005	11	   0.627	 -10.426	  20.385
35	-116.683	11	  28.783	 -28.724	   8.416
36	-109.898	11	  11.221	 -22.635	   1.644
37	-101.929	9	  13.117	   1.364	  34.911
38	-101.667	10	  21.184	  -0.257	   1.412
39	 -98.494	9	  28.087	   6.495	   6.843
40	 -91.023	9	  13.086	  -5.546	  -0.878
41	 -90.954	9	  29.470	  -4.587	  38.172
42	 -73.988	7	  22.156	  10.613	  22.232
43	 -67.819	7	  35.581	 -24.359	  14.700
44	 -66.979	6	  22.814	  -0.659	  37.349
45	 -66.251	7	   8.527	   7.342	  23.987
46	 -52.316	5	   4.119	 -23.443	  39.291
47	 -50.992	5	  26.418	 -17.840	  30.101
48	 -47.890	5	  35.081	   1.635	  38.871
49	 -43.535	4	  21.502	 -19.723	  35.905
50	 -37.768	4	  25.301	  12.853	  13.086
51	 -35.342	3	  26.273	  -5.787	  18.134
52	 -30.108	3	  12.977	 -28.642	  10.769
53	 -29.778	3	  38.298	 -17.290	  18.418
54	 -18.048	2	  32.306	   7.862	  34.597
55	 -10.525	1	  16.298	 -20.642	  42.109
56	  -9.510	1	  42.298	  -1.642	  21.109
57	  -9.169	1	  24.298	 -34.642	  11.109
