1	-550.755	51	  44.648	  -5.151	   6.250
2	-423.784	40	  36.126	 -15.226	   7.618
3	-381.247	35	  25.079	   7.835	   2.013
4	-325.348	30	  21.712	   4.837	  13.255
5	-283.405	26	  35.205	  12.296	  19.406
6	-280.656	27	  30.400	   1.216	  -7.599
7	-220.955	22	  25.485	  -2.565	  -4.699
8	-218.680	22	  24.761	  13.726	  12.574
9	-207.811	19	  39.768	  14.210	   5.246
10	-205.852	19	  45.503	   4.102	  21.539
11	-195.505	19	  22.439	  -8.038	   4.047
12	-195.150	19	  22.640	  -5.778	  19.394
13	-194.860	18	  34.655	 -21.310	  -1.960
14	-194.806	18	  31.244	  -7.871	  -3.985
15	-186.022	17	  31.138	 -11.472	  26.556
16	-179.144	18	  37.208	  -4.458	  32.546
17	-175.950	17	  35.738	   5.510	  -0.879
18	-167.974	15	  43.978	   3.167	   2.291
19	-144.313	13	  40.960	 -15.505	   1.029
20	-143.030	15	  21.660	  -4.520	  10.331
21	-132.060	11	  49.723	   1.861	   9.306
22	-127.039	12	  39.758	 -14.476	  19.290
23	-107.273	10	  43.679	  -1.695	  29.365
24	 -95.412	10	  42.735	  11.584	  19.437
25	 -91.480	9	  30.711	 -14.333	  -0.172
26	 -91.419	9	  30.807	 -15.128	  15.026
27	 -90.515	9	  29.311	   7.600	  26.781
28	 -72.445	7	  46.813	 -12.969	  14.877
29	 -69.885	6	  32.435	   4.885	  34.892
30	 -66.952	7	  24.796	 -14.051	  21.568
31	 -63.821	6	  39.278	  16.051	  14.282
32	 -48.516	5	  47.048	  11.273	   8.931
33	 -30.906	3	  37.592	  -4.397	  -1.880
34	 -20.496	2	  37.613	  10.081	  27.100
35	 -20.271	2	  32.135	  21.081	  14.601
36	 -10.221	1	  33.654	  19.081	   5.120
37	  -9.853	1	  28.654	  -4.919	  31.120
38	  -8.958	1	  36.654	 -23.919	 -11.880
