1	-1220.145	111	  35.966	   3.529	  -1.654
2	-705.264	67	  15.937	  -0.232	  -4.628
3	-314.159	30	  18.619	   6.904	 -24.239
4	-255.247	25	  30.989	  11.990	   4.185
5	-254.153	23	  26.276	  15.063	 -18.543
6	-220.714	21	  33.023	  -2.667	  -6.344
7	-162.358	16	  24.245	  -1.460	 -15.235
8	-160.071	16	  36.014	   6.612	 -16.294
9	-146.719	14	  12.231	  13.762	 -16.078
10	-143.746	13	  27.651	   1.687	   1.542
11	-140.221	14	  29.441	   3.964	   8.869
12	-132.376	13	  20.936	  14.511	  -1.807
13	-124.879	11	  32.265	  17.065	 -10.131
14	-111.859	11	  12.089	  11.891	  -3.584
15	-107.787	10	   8.434	   5.446	 -23.284
16	 -79.599	7	   7.601	   5.625	 -15.369
17	 -68.489	7	  17.616	  18.943	 -18.986
18	 -52.384	5	   5.502	   0.206	  -8.207
19	 -38.611	4	  18.615	  19.210	  -8.326
20	 -29.430	3	  38.153	  -6.938	   1.523
21	 -22.305	2	  26.082	  19.813	  -4.808
22	 -20.201	2	  24.038	  -5.607	  -3.808
23	 -18.450	2	  34.985	  -1.124	 -15.291
24	 -10.034	1	  13.502	  -1.607	 -19.808
25	  -9.070	1	   9.502	  -5.607	   1.192
