1	-665.083	54	  17.039	   9.857	  14.427
2	-662.579	58	   7.275	  33.324	   7.372
3	-623.271	59	   4.697	  33.639	  -0.791
4	-493.347	42	  13.514	  22.161	   2.257
5	-474.251	45	   6.615	  17.130	   3.362
6	-380.273	38	  25.974	  13.766	  17.153
7	-371.140	35	  15.891	  12.634	  23.745
8	-337.518	31	  25.642	  26.096	  30.905
9	-317.105	29	  10.594	  10.302	   7.019
10	-307.107	26	  29.391	  34.856	  26.542
11	-287.862	28	  34.631	  25.334	  19.596
12	-285.693	26	  -3.439	  31.090	  11.360
13	-267.645	26	  18.156	  33.437	  32.203
14	-262.105	25	   1.040	  34.138	  24.495
15	-253.229	25	  -5.578	  29.797	  17.868
16	-242.714	23	  17.954	  41.531	  14.162
17	-239.180	24	   1.403	  21.944	  27.065
18	-213.097	20	  31.825	  27.360	   3.817
19	-198.830	18	   7.221	  10.858	  14.433
20	-189.520	18	   7.555	  12.434	  -1.433
21	-184.596	18	  10.499	  39.566	  14.109
22	-138.220	14	  26.547	  19.103	   6.084
23	-138.054	14	  35.401	  32.641	  10.849
24	-132.031	12	 -10.626	  24.441	   3.071
25	-130.427	13	  27.733	  37.598	   4.338
26	-124.104	10	   0.872	  12.737	   9.937
27	-124.082	12	   5.324	   0.390	 -19.055
28	-122.801	12	  -8.957	  17.644	  13.133
29	-120.502	12	  22.088	  40.320	  22.591
30	-106.743	9	  15.134	  19.540	  29.496
31	-100.517	10	  25.217	  32.470	  -0.852
32	 -87.036	7	  30.673	  38.851	  12.561
33	 -84.655	8	  -5.016	  18.467	  -1.468
34	 -81.022	8	   6.614	   3.021	  -9.875
35	 -80.939	8	   7.915	  23.942	  31.406
36	 -80.483	8	  20.045	  13.910	   2.182
37	 -80.438	8	   4.302	  47.162	   0.394
38	 -76.769	8	  -7.907	  32.246	   0.385
39	 -73.547	7	   8.342	  12.540	 -11.126
40	 -73.370	7	  17.223	  38.692	   3.596
41	 -71.484	7	   9.674	   8.469	 -17.671
42	 -71.192	7	  11.067	  46.072	  -3.335
43	 -65.559	7	  15.399	  29.802	  -1.330
44	 -62.698	6	  13.646	  49.034	 -10.343
45	 -62.651	6	  -0.361	   5.474	 -10.306
46	 -61.760	6	   5.413	  11.395	  22.670
47	 -60.619	6	  -0.587	  34.547	  -7.330
48	 -59.983	6	  21.667	  22.784	   0.883
49	 -59.111	6	  -1.727	  14.479	  19.692
50	 -49.631	5	  -1.676	  41.245	   1.845
51	 -41.021	4	   0.224	  46.237	  -8.337
52	 -39.955	4	  34.242	  15.349	  18.396
53	 -38.964	4	   2.441	  53.052	  -9.357
54	 -37.983	4	   8.484	  58.887	  -7.171
55	 -32.277	2	   4.461	  22.291	   9.101
56	 -29.633	3	  25.938	  17.238	  27.720
57	 -29.450	3	 -11.062	  22.812	  19.335
58	 -28.494	3	   7.924	  41.814	 -10.662
59	 -28.470	3	   6.964	  16.436	  32.325
60	 -19.209	2	  -5.553	  12.305	   5.670
61	 -18.905	2	  14.413	  40.240	  23.768
62	  -9.694	1	   1.938	  10.814	 -17.330
63	  -9.560	1	  14.938	  55.814	 -15.330
64	  -9.398	1	  -6.062	  22.814	  27.670
