1	-800.244	65	  26.173	   8.253	 124.861
2	-570.874	49	  25.131	  10.337	 102.014
3	-498.932	46	  30.608	   4.038	 120.586
4	-430.673	40	  24.073	  -1.455	 103.031
5	-425.865	34	  34.691	   8.494	 114.559
6	-397.764	34	  12.074	  17.988	 131.373
7	-372.882	33	  36.188	  -5.062	 137.025
8	-306.664	24	  25.541	  27.678	 118.714
9	-298.396	28	  32.482	  23.711	 125.430
10	-293.717	29	  27.343	 -13.427	 124.732
11	-287.257	27	  15.683	  34.327	 119.800
12	-284.778	27	  33.806	   7.577	 152.476
13	-284.069	27	  36.358	  14.815	 109.000
14	-263.907	26	  11.050	  16.965	 140.997
15	-263.768	24	  14.293	  28.806	 133.766
16	-260.993	24	  38.284	  -2.982	 118.041
17	-255.143	26	  44.065	   0.432	 108.942
18	-249.225	25	  15.754	  23.554	 107.193
19	-235.085	23	  39.265	 -10.566	 128.167
20	-233.050	22	  21.302	  -2.949	 116.993
21	-229.172	21	   8.543	  25.807	 111.532
22	-206.415	19	  34.817	 -11.130	 116.043
23	-192.211	18	   9.705	  10.142	 119.132
24	-191.206	17	  33.785	  14.780	 146.479
25	-186.521	19	   8.048	  11.050	 127.508
26	-182.864	18	  13.362	  -2.279	 128.062
27	-163.314	16	  16.356	   4.798	 148.567
28	-160.461	16	  26.369	  25.604	 104.624
29	-156.546	15	  34.596	  18.639	 118.529
30	-142.751	14	  19.565	   0.851	 108.810
31	-141.720	14	  24.259	  31.235	 109.382
32	-133.935	13	  23.377	 -13.053	 135.972
33	-133.888	13	  16.240	  14.826	 104.058
34	-123.439	12	  11.410	  -1.268	 139.151
35	-116.995	11	  29.472	  -4.320	 142.013
36	-115.223	11	  24.983	   0.032	 147.108
37	-111.439	10	  36.963	   7.900	 142.086
38	-110.353	11	  23.609	  13.938	 153.133
39	-107.531	11	  38.477	   8.417	 135.131
40	-106.984	10	  33.590	 -12.845	  97.935
41	-101.444	10	   8.057	  18.306	 122.793
42	-101.055	10	  34.912	   1.067	 144.347
43	 -99.875	10	  36.550	   4.769	 127.524
44	 -88.692	9	   6.194	   6.240	 136.128
45	 -82.418	8	  40.257	 -17.029	 101.255
46	 -77.254	8	  20.006	  21.045	 101.101
47	 -76.051	7	  26.582	  28.448	 129.259
48	 -72.998	7	  24.979	   4.992	 154.358
49	 -70.961	7	  42.107	 -14.202	 109.299
50	 -68.988	7	  33.089	 -20.581	 134.164
51	 -68.805	7	  14.544	  33.505	 110.739
52	 -64.003	6	  11.976	  10.561	 111.530
53	 -62.936	6	  29.354	 -19.321	 101.829
54	 -62.223	6	  31.839	  23.146	 111.690
55	 -60.113	6	  38.413	   7.356	  96.324
56	 -58.622	6	  29.609	  21.181	 145.180
57	 -54.118	5	  19.960	  28.515	 139.453
58	 -51.367	5	  39.336	  -3.108	  98.356
59	 -49.505	5	  21.880	  23.325	 144.524
60	 -48.948	5	  33.853	 -16.855	 121.345
61	 -42.975	4	  21.187	  -7.485	 125.912
62	 -38.341	4	  44.741	   6.740	 101.033
63	 -38.256	4	   9.008	  25.291	 126.610
64	 -37.386	4	  26.233	  -8.217	  97.089
65	 -30.179	3	  28.496	 -10.826	 112.622
66	 -28.806	3	  30.812	   3.002	  97.333
67	 -28.318	3	  26.502	 -22.807	 130.649
68	 -23.410	2	  35.496	  13.515	 124.862
69	 -22.706	2	  44.496	  -7.485	 102.905
70	 -22.668	2	  21.496	  30.998	 124.333
71	 -20.233	2	   6.966	  16.576	 109.924
72	  -9.194	1	  38.496	 -24.485	 105.333
73	  -9.125	1	  27.496	 -16.485	 142.333
