1	-834.483	76	  14.850	   6.523	  28.079
2	-802.811	71	   0.829	 -14.533	  35.175
3	-706.486	64	   8.484	  12.839	  26.858
4	-616.504	57	  -6.133	   7.432	  26.165
5	-605.543	58	  25.051	  -7.683	  19.422
6	-525.610	46	  -8.935	  -5.476	  25.495
7	-447.152	38	   8.216	 -28.832	  30.693
8	-409.055	34	  -9.100	  -9.440	  13.945
9	-367.293	34	  15.057	   2.521	  33.728
10	-365.389	22	  18.526	   3.881	  15.069
11	-360.618	35	  26.888	   1.935	  33.638
12	-356.223	34	  20.370	 -21.890	  20.735
13	-335.612	31	   8.860	  15.023	  15.860
14	-312.778	28	   1.652	   1.968	   9.974
15	-308.437	28	  -1.767	  -9.931	   6.979
16	-304.691	30	  -6.669	  -7.131	  33.448
17	-303.622	27	   8.132	 -20.809	  14.577
18	-301.853	26	   5.834	 -23.377	  22.265
19	-290.437	27	  12.056	  -5.232	  39.001
20	-284.577	25	  14.477	 -16.488	  14.384
21	-279.912	22	  -0.160	  -1.581	  33.305
22	-262.172	25	  21.250	  -7.352	  35.473
23	-256.846	16	  15.779	  -7.150	  28.071
24	-247.321	24	  -2.175	 -23.106	  24.444
25	-244.814	24	  28.050	  12.308	  30.067
26	-240.824	23	  21.699	  18.960	  14.462
27	-232.147	22	  12.378	  -8.202	   8.390
28	-206.683	19	  25.983	 -26.694	  32.700
29	-204.387	15	  19.137	   0.203	  25.526
30	-202.251	18	  21.295	 -17.139	  36.347
31	-202.200	19	  24.732	 -13.914	  30.751
32	-188.688	17	  12.217	   8.329	   9.851
33	-167.502	16	   2.203	 -17.399	  10.353
34	-165.708	16	  31.250	  -2.252	  21.411
35	-158.239	13	   8.550	  -1.041	  33.131
36	-154.651	15	   2.006	 -23.894	  37.409
37	-132.130	12	  -5.246	  12.894	  18.929
38	-130.425	13	  17.449	   3.225	   4.981
39	-128.114	13	  33.416	   9.419	  26.264
40	-112.648	10	 -10.127	 -16.214	  26.238
41	-111.711	12	  30.774	  12.924	  15.718
42	-108.888	10	  11.095	 -27.809	  19.194
43	-107.773	11	  23.085	  24.305	  26.048
44	 -85.285	8	  30.988	  -1.096	  13.381
45	 -83.548	8	  18.513	 -23.534	  41.522
46	 -83.073	8	  12.659	 -30.092	  40.429
47	 -77.780	7	  20.899	  11.224	   9.078
48	 -77.753	8	  18.396	   5.535	  41.749
49	 -77.678	8	  28.017	   4.225	   8.634
50	 -67.368	7	  14.946	  24.756	  29.915
51	 -62.987	6	   6.448	   6.667	  32.541
52	 -48.908	5	  -7.394	  -5.067	   6.899
53	 -48.596	5	  10.410	  23.089	  14.855
54	 -47.084	5	  -3.327	   7.056	  34.720
55	 -46.257	5	  10.994	  15.078	  34.113
56	 -43.279	4	  15.996	  28.498	  18.360
57	 -38.832	4	   0.044	  15.516	  30.635
58	 -38.776	4	  25.236	  28.265	  18.136
59	 -37.047	4	  22.544	 -31.753	  28.174
60	 -32.309	2	   6.780	  -8.502	  31.271
61	 -30.646	3	  -3.545	   7.804	  10.899
62	 -30.264	3	  -5.146	 -19.121	  14.518
63	 -28.749	3	  20.471	  -9.811	   7.586
64	 -28.605	3	  23.094	 -13.151	  15.888
65	 -21.444	2	  23.780	  -2.502	   8.402
66	 -20.946	2	  22.331	  16.049	  26.899
67	 -19.677	2	  36.285	  14.498	  20.899
68	 -12.126	1	  12.780	 -17.502	  42.899
69	 -10.104	1	  29.780	  20.498	  25.899
70	  -9.208	1	   9.780	  23.498	  22.899
