1	-752.053	55	  -2.432	   6.498	  20.554
2	-442.700	40	  -1.188	  -2.548	  10.303
3	-434.402	40	   2.421	  -1.470	  19.045
4	-377.354	33	   4.620	  -5.191	   4.390
5	-318.919	28	  17.048	  -5.662	  19.248
6	-315.641	30	  21.978	  15.161	  15.376
7	-313.501	28	  -2.595	   7.558	  30.314
8	-292.677	24	   5.212	  23.626	  24.199
9	-279.340	24	  11.879	  25.420	  16.794
10	-279.149	27	  12.478	  -9.228	  12.247
11	-217.610	20	   5.701	  22.584	   9.353
12	-212.467	19	  -7.437	   8.297	   5.516
13	-202.450	19	 -10.589	  19.475	  28.043
14	-199.259	19	  10.150	   1.915	  33.621
15	-181.316	18	  27.516	   6.568	  15.033
16	-180.164	17	  17.331	  20.932	  25.437
17	-169.139	14	  -9.404	   3.058	  18.038
18	-168.322	16	  11.285	  13.773	  -2.073
19	-161.514	15	 -14.854	  14.186	  15.932
20	-151.855	15	  15.390	  -1.518	  -1.691
21	-141.948	14	  20.608	  -3.298	   4.534
22	-140.817	14	  -6.620	  24.382	  18.757
23	-129.322	12	   7.319	  -2.166	  25.760
24	-122.377	12	  15.809	  14.077	  30.308
25	-119.797	8	   9.743	   7.848	   3.273
26	-118.214	12	  23.631	   7.778	  28.146
27	-117.502	11	  -5.088	  18.803	   6.860
28	-115.139	12	  16.345	  -1.261	  27.436
29	-108.148	10	   4.311	  16.474	   2.305
30	 -94.992	7	   8.270	   4.211	  -3.341
31	 -86.366	7	   6.110	  20.215	  30.162
32	 -76.049	8	 -13.560	   7.883	  10.687
33	 -72.151	7	  17.382	  17.289	   7.688
34	 -60.083	6	   1.817	  14.330	  35.474
35	 -54.400	3	  -7.939	  14.912	  18.494
36	 -46.811	5	 -13.557	  10.699	  24.394
37	 -40.526	4	  18.387	  14.123	   1.302
38	 -39.501	4	  -6.355	  22.607	  33.148
39	 -28.640	3	  25.518	   5.174	   2.859
40	 -27.856	2	   6.254	  10.912	  26.793
41	 -21.301	2	  26.315	  -2.088	  13.793
42	 -20.173	2	   4.294	  29.912	  16.793
43	  -8.951	1	  24.829	  16.912	  24.793
