1	-618.776	59	  41.827	  30.642	  56.157
2	-462.586	46	  44.459	  39.123	  46.396
3	-419.179	36	  50.359	  50.534	  54.814
4	-349.177	33	  46.190	  35.462	  64.054
5	-262.478	25	  24.470	  40.777	  43.489
6	-184.998	19	  53.372	  37.270	  57.025
7	-181.654	16	  35.068	  27.675	  68.407
8	-167.614	15	  31.895	  43.817	  50.177
9	-157.634	16	  38.256	  50.789	  53.884
10	-155.415	14	  51.091	  42.342	  47.062
11	-150.391	15	  25.720	  48.828	  55.644
12	-148.338	14	  23.092	  32.868	  48.008
13	-136.759	13	  21.602	  38.905	  56.649
14	-121.613	11	  34.640	  46.752	  66.655
15	-113.580	11	  39.781	  45.156	  47.600
16	-110.126	10	  50.123	  48.668	  62.689
17	-109.275	11	  42.989	  53.425	  61.241
18	 -76.396	8	  37.008	  37.324	  40.469
19	 -67.485	7	  38.014	  39.889	  70.103
20	 -58.603	6	  18.651	  45.581	  49.008
21	 -58.075	6	  41.953	  29.512	  42.682
22	 -56.696	6	  34.037	  24.870	  50.345
23	 -50.823	5	  26.090	  45.255	  64.225
24	 -47.737	5	  51.657	  50.524	  47.064
25	 -39.737	2	  34.169	  35.524	  48.191
26	 -31.261	3	  26.344	  29.967	  65.688
27	 -27.359	3	  22.974	  31.192	  58.666
28	 -27.288	3	  24.978	  23.845	  55.682
29	 -17.862	2	  41.640	  51.024	  69.161
30	 -10.099	1	  56.639	  45.524	  53.661
31	  -9.196	1	  25.639	  37.524	  68.661
