1	-824.318	60	   9.319	   8.304	  24.806
2	-744.332	68	  25.241	  -1.436	  30.605
3	-524.110	46	   8.095	   2.414	  17.724
4	-481.949	44	  15.693	  25.181	   8.440
5	-460.354	40	  29.249	   9.072	  37.744
6	-369.124	34	  35.709	   9.261	  18.262
7	-368.722	35	  10.321	  -8.551	  24.528
8	-356.285	34	   4.726	  18.552	  22.198
9	-355.163	31	  26.206	  19.655	  35.802
10	-351.364	32	  28.594	   2.695	  13.351
11	-350.231	33	  25.478	  12.243	   5.901
12	-341.797	29	  13.555	  33.426	  24.685
13	-335.908	32	  11.371	  18.368	   8.017
14	-321.840	31	   6.563	  26.629	  25.866
15	-318.203	30	  32.583	  19.317	  26.720
16	-293.504	29	  33.487	  20.181	  11.491
17	-242.703	21	   3.036	   6.299	  34.941
18	-232.753	23	  10.043	  16.325	  40.511
19	-185.973	18	  17.048	  11.195	  41.240
20	-184.798	18	   5.639	  21.553	  34.583
21	-182.698	18	  14.946	   3.889	   7.107
22	-172.035	15	  14.615	  29.596	  35.884
23	-163.431	16	  17.754	  -1.783	  36.592
24	-156.844	14	   9.369	  30.079	  14.147
25	-152.332	15	  23.896	  34.684	  21.162
26	-149.124	14	   1.958	   9.925	  25.814
27	-139.763	9	  19.456	  24.932	  28.430
28	-135.728	12	  31.953	  31.036	  20.388
29	-133.062	13	  38.360	  10.906	  27.382
30	-129.252	8	  10.410	   3.151	  33.482
31	-108.819	10	  21.892	  33.242	  33.246
32	-107.514	11	  17.779	  -7.452	  19.536
33	 -98.508	9	  29.153	  27.315	  31.561
34	 -89.662	6	  11.144	  -1.055	  26.835
35	 -83.728	8	   4.395	  22.775	  13.070
36	 -73.741	7	  34.741	  -1.912	  22.805
37	 -72.614	7	  27.700	  -2.026	  19.360
38	 -67.279	7	  11.279	  -6.829	  34.158
39	 -67.259	6	  27.965	  28.917	   8.551
40	 -61.113	6	  31.842	   1.922	  37.171
41	 -54.721	5	  19.766	  19.049	  41.257
42	 -39.965	4	  18.742	  33.454	  14.621
43	 -30.839	3	   7.335	  32.400	  35.230
44	 -28.819	3	   3.325	  -1.887	  32.513
45	 -21.137	2	  19.505	 -10.546	  32.879
46	 -20.462	2	  -2.016	  16.984	  27.879
47	 -19.597	2	  17.984	   4.454	  18.364
48	 -19.341	2	  35.984	  11.051	  10.347
49	 -18.759	2	  10.563	   1.422	  41.847
50	 -10.056	1	  21.984	  15.454	  29.879
51	  -9.045	1	   4.984	  13.454	  13.879
