1	-1866.268	141	  -5.864	   3.092	  23.193
2	-1178.174	96	 -14.947	  11.131	  26.217
3	-559.398	50	 -20.916	  21.975	  13.842
4	-502.051	48	   3.959	   7.714	   6.856
5	-491.762	43	  -8.959	  12.142	   0.839
6	-411.253	37	 -15.478	  29.797	  29.596
7	-401.749	34	  -9.440	  22.041	  40.184
8	-388.483	35	  -3.659	   5.823	  44.274
9	-359.421	32	 -28.423	   3.847	  13.408
10	-347.672	31	 -28.874	  13.862	  24.477
11	-343.076	29	   4.660	  23.490	  34.542
12	-342.642	30	 -28.988	  20.149	  17.149
13	-324.340	28	  -3.881	   1.738	   2.338
14	-321.147	30	 -21.296	   8.155	   2.823
15	-314.391	29	 -16.637	   7.813	  43.705
16	-278.295	26	 -25.784	  18.015	  32.141
17	-261.674	25	 -18.865	   1.744	  18.509
18	-258.622	24	 -10.273	  31.337	  22.406
19	-254.963	23	 -22.888	   0.245	   5.053
20	-244.102	23	   7.910	  24.501	  27.330
21	-238.723	23	 -15.670	  29.627	  17.485
22	-223.619	22	  -1.590	  22.801	   8.833
23	-216.464	21	  11.392	  12.511	  34.748
24	-216.294	19	  -7.185	  -3.045	   8.566
25	-203.214	20	   9.646	  17.408	  22.841
26	-201.014	19	   1.175	  -2.262	  28.660
27	-200.880	19	  -2.382	  29.668	  19.232
28	-200.044	19	  -8.875	  16.503	  47.424
29	-192.238	18	   2.684	  18.932	  41.440
30	-186.945	18	 -16.231	   5.675	  35.073
31	-185.832	18	  -0.810	  17.825	   2.428
32	-128.607	13	 -24.468	  25.918	  25.318
33	-125.791	12	   2.155	  31.303	  28.744
34	-125.012	12	   2.086	  12.956	  46.524
35	-122.387	12	  -6.980	  -1.471	  33.977
36	-118.031	11	 -17.049	  18.845	  44.238
37	-115.108	11	 -13.556	   4.946	  -3.866
38	-105.016	10	   7.876	   3.718	  36.502
39	 -94.003	9	   6.766	  24.147	  17.394
40	 -88.962	9	  -6.318	  30.507	  36.529
41	 -88.391	8	   3.922	  -0.704	  14.937
42	 -88.249	8	   5.624	  19.206	  10.430
43	 -85.292	9	 -16.578	  18.428	   4.753
44	 -80.255	8	  11.235	  10.289	  14.424
45	 -77.712	8	 -33.249	   9.082	   6.702
46	 -69.842	7	 -20.462	   7.236	  27.246
47	 -68.603	7	 -13.160	   3.971	  25.797
48	 -65.167	3	  -6.554	  16.521	  20.668
49	 -56.440	4	   2.545	   5.439	  25.959
50	 -47.270	5	  11.273	   5.701	  25.073
51	 -37.245	4	 -15.617	  -3.263	   4.094
52	 -29.685	3	 -19.425	  23.498	  37.633
53	 -27.832	3	 -14.541	  -3.495	  37.285
54	 -22.763	2	 -10.889	   0.521	  14.517
55	 -19.024	2	 -34.889	   9.037	  14.959
56	  -9.840	1	 -23.889	  11.521	  39.959
57	  -9.703	1	 -11.889	  -6.479	  17.959
58	  -9.338	1	 -12.889	 -10.479	  42.959
