1	-1433.716	115	  -1.741	  94.319	  66.383
2	-980.797	80	  -7.016	  88.172	  60.112
3	-779.285	61	 -21.807	 106.646	  71.463
4	-757.392	62	 -27.298	 103.170	  75.400
5	-676.021	60	 -21.687	  83.901	  56.703
6	-661.394	58	  -4.586	 103.297	  82.185
7	-660.029	59	 -21.649	  74.687	  81.672
8	-594.383	57	 -36.042	  96.586	  83.347
9	-506.553	42	 -43.242	  94.051	  67.195
10	-495.230	31	 -17.301	  87.343	  63.884
11	-449.137	31	 -44.718	  90.168	  78.219
12	-443.727	39	 -21.424	  68.311	  74.589
13	-426.878	39	 -10.735	  85.776	  84.592
14	-410.455	37	 -27.577	  95.404	  55.525
15	-409.864	36	 -33.835	  82.664	  84.263
16	-394.651	34	 -17.457	  77.012	  65.634
17	-393.369	35	   5.357	  75.812	  77.208
18	-382.035	33	  -3.332	  76.262	  83.507
19	-377.846	34	  -7.780	  92.494	  86.198
20	-365.326	33	   4.630	  95.957	  52.585
21	-347.568	30	   8.913	 101.892	  61.506
22	-332.054	30	 -17.920	  84.738	  86.306
23	-331.561	29	   2.414	  63.132	  65.429
24	-310.486	29	   3.428	 110.145	  77.310
25	-297.807	29	  -7.742	  64.312	  69.484
26	-295.882	27	  -0.360	  87.886	  83.539
27	-286.081	23	 -36.151	 109.935	  68.679
28	-285.734	27	 -37.024	  74.099	  61.812
29	-275.764	26	 -44.825	  84.633	  65.185
30	-269.408	24	 -42.350	 104.220	  67.736
31	-259.192	24	 -15.695	 112.756	  73.462
32	-247.923	25	  -0.153	 115.191	  71.630
33	-244.122	23	 -21.753	  97.067	  49.968
34	-244.056	22	  -7.078	 113.331	  56.112
35	-230.826	21	   2.748	 106.140	  51.121
36	-222.240	21	 -31.016	  73.014	  79.489
37	-218.226	18	 -40.282	  80.239	  82.203
38	-216.470	19	 -47.282	  77.944	  75.097
39	-211.852	20	  11.174	  94.548	  67.908
40	-203.813	19	 -21.708	  68.629	  65.134
41	-201.125	11	 -18.268	  95.914	  65.364
42	-179.518	18	  -6.334	  67.350	  80.935
43	-178.204	18	 -30.894	  67.385	  67.361
44	-177.360	17	  -9.832	  75.293	  61.422
45	-173.989	17	 -39.656	  98.117	  57.360
46	-165.375	16	   2.887	  61.393	  73.631
47	-164.414	15	  -5.356	 114.215	  66.254
48	-164.358	16	 -19.323	 104.392	  52.998
49	-155.325	15	 -14.263	  90.566	  43.586
50	-150.514	14	 -21.977	 102.696	  84.055
51	-146.429	14	   3.273	 112.960	  59.407
52	-141.732	14	   9.105	 108.606	  67.110
53	-141.152	14	  -0.875	  99.743	  41.758
54	-141.039	10	 -10.255	  90.578	  70.011
55	-139.531	14	 -28.696	  72.158	  59.390
56	-128.096	13	   2.352	  87.242	  47.365
57	-127.728	12	 -40.079	 110.181	  61.914
58	-127.112	13	 -27.422	  84.091	  89.068
59	-125.895	13	 -40.284	  71.311	  75.405
60	-122.391	13	   6.282	  97.058	  81.274
61	-117.581	11	   0.965	  71.235	  58.536
62	-107.943	11	 -14.364	  98.217	  87.796
63	-106.093	9	  -0.418	  78.749	  61.540
64	-102.017	10	  -9.899	 113.810	  79.546
65	 -93.238	9	  -9.135	  94.725	  40.299
66	 -88.940	8	 -30.525	 104.278	  59.634
67	 -82.742	8	  -7.784	 104.927	  40.749
68	 -80.716	8	   6.240	  84.710	  63.386
69	 -80.006	8	  11.096	  81.133	  72.840
70	 -78.254	8	 -25.110	  97.186	  89.953
71	 -77.691	5	 -19.199	  85.394	  73.792
72	 -75.241	7	 -17.247	 109.911	  61.505
73	 -68.816	5	  -2.564	  93.780	  50.313
74	 -68.730	7	 -15.640	  72.320	  86.509
75	 -64.810	6	  11.120	  67.192	  66.800
76	 -63.475	6	 -37.965	 106.501	  78.198
77	 -61.193	6	 -17.988	  88.141	  49.386
78	 -59.039	6	 -32.468	  83.497	  54.442
79	 -55.159	6	 -45.492	 100.872	  74.233
80	 -50.792	5	   7.975	  75.577	  63.172
81	 -50.548	5	  10.878	 101.115	  73.889
82	 -49.788	5	  12.692	  90.131	  73.862
83	 -48.596	5	  -0.232	  85.330	  54.868
84	 -47.178	5	   8.491	  94.710	  60.091
85	 -39.698	4	  -8.244	  82.800	  49.599
86	 -39.373	4	 -17.506	 109.291	  82.544
87	 -38.981	4	   2.732	  67.765	  81.576
88	 -37.898	4	  -3.002	 111.022	  48.576
89	 -32.741	2	 -35.075	  82.521	  74.087
90	 -30.024	3	 -51.501	  93.521	  74.057
91	 -19.438	2	 -49.501	  83.521	  82.569
92	 -11.434	1	 -33.501	  96.521	  66.087
93	  -9.671	1	 -14.501	 112.521	  50.087
94	  -9.287	1	  -2.501	  86.521	  40.087
95	  -9.155	1	 -32.501	 103.521	  83.087
96	  -9.131	1	 -44.501	 111.521	  69.087
