1	-1284.727	104	  27.598	  58.123	  50.918
2	-907.618	80	  13.682	  50.805	  41.399
3	-559.018	49	  23.312	  48.387	  61.277
4	-447.295	39	   5.733	  65.053	  61.058
5	-340.552	33	  14.325	  71.897	  57.492
6	-304.458	28	  23.552	  60.654	  60.998
7	-288.174	29	  10.846	  59.437	  68.148
8	-287.840	27	   6.501	  44.609	  56.170
9	-282.609	28	  20.352	  42.828	  44.566
10	-233.429	21	   4.436	  55.157	  49.107
11	-231.934	21	   6.495	  70.160	  46.520
12	-191.953	18	  17.672	  63.841	  66.163
13	-181.758	17	   7.313	  50.192	  66.078
14	-179.928	17	  14.363	  68.699	  35.323
15	-165.199	16	  19.874	  75.208	  46.564
16	-157.496	16	  23.980	  71.850	  39.953
17	-149.733	14	   5.850	  59.594	  41.677
18	-137.931	11	  29.993	  65.241	  39.664
19	-135.190	14	  31.856	  72.251	  53.806
20	-114.202	11	  15.062	  45.104	  67.541
21	 -89.969	8	  26.258	  76.043	  58.414
22	 -80.853	8	  20.602	  50.857	  35.055
23	 -68.155	7	  32.271	  51.189	  58.316
24	 -66.091	6	  21.487	  63.242	  34.008
25	 -64.098	6	  25.348	  41.406	  51.840
26	 -62.292	6	  35.494	  68.499	  46.853
27	 -50.141	5	  31.679	  49.026	  47.746
28	 -49.538	5	  13.318	  42.470	  50.951
29	 -48.208	5	  21.652	  72.140	  63.148
30	 -47.317	5	  12.534	  74.643	  49.954
31	 -39.613	4	  17.483	  40.133	  61.927
32	 -37.787	4	  31.000	  54.342	  40.201
33	 -20.047	2	  28.966	  76.861	  45.148
34	 -18.626	2	  27.494	  46.861	  38.668
35	 -18.052	2	  -0.506	  64.360	  48.148
