1	-1228.412	100	  -3.181	  28.035	  21.825
2	-704.273	45	  -0.561	  24.926	  14.703
3	-557.481	50	  18.792	  21.091	  30.805
4	-459.369	40	   3.152	  37.210	  11.118
5	-434.848	40	  11.870	  18.508	  11.756
6	-402.989	35	  17.268	  36.796	  29.865
7	-309.799	29	  20.032	  30.165	   8.830
8	-293.427	25	  18.541	  40.982	  12.303
9	-269.917	26	  19.160	  19.434	  22.332
10	-244.120	24	  11.548	  44.748	  16.825
11	-232.753	23	  10.059	  32.070	  35.144
12	-225.914	22	   1.663	  36.755	  23.763
13	-215.918	20	   4.263	  22.579	   5.466
14	-212.768	20	  -2.067	  15.411	  33.045
15	-190.368	18	  23.625	  33.940	  27.604
16	-157.360	16	   8.527	   9.454	  30.807
17	-154.975	14	   7.866	  13.920	  17.079
18	-151.345	14	  16.187	  42.260	  24.353
19	-141.929	14	   6.399	  21.270	  37.027
20	-124.980	12	  -5.209	  31.994	  30.757
21	-120.403	11	  -6.585	  16.056	  26.478
22	-118.891	12	   2.204	   9.816	  25.575
23	-110.604	11	   8.265	  41.159	  27.945
24	-107.053	11	  -3.175	  32.433	  38.694
25	 -92.293	9	 -10.774	  23.924	  31.426
26	 -62.947	6	   0.937	  29.896	   4.119
27	 -55.229	6	  -4.196	  19.009	   9.397
28	 -51.952	5	   2.045	  26.093	  40.469
29	 -50.557	5	  12.375	  26.841	   5.930
30	 -38.213	4	  -5.081	  36.712	  13.892
31	 -28.573	3	   9.967	  37.069	   3.241
32	 -19.033	2	  -7.391	  16.771	  18.914
33	 -19.004	2	  -5.369	  21.706	  40.376
34	  -9.287	1	  25.631	  36.706	  18.892
35	  -9.190	1	  18.631	  13.706	  29.892
