1	-1080.264	92	  32.413	   2.291	  32.995
2	-403.312	36	  29.300	  -4.895	  42.360
3	-395.449	37	  40.779	  18.419	  38.403
4	-376.457	32	  34.511	   3.130	  44.028
5	-326.954	30	  51.937	  -2.790	  49.654
6	-280.702	26	  45.740	   6.658	  24.516
7	-262.205	26	  48.593	 -14.162	  32.643
8	-247.007	22	  57.707	  -9.009	  36.009
9	-212.494	20	  34.375	  13.391	  40.198
10	-211.746	21	  30.270	  -8.048	  28.561
11	-182.912	17	  47.806	   6.686	  53.584
12	-176.668	17	  42.843	  18.344	  49.529
13	-161.571	15	  51.963	 -14.156	  42.745
14	-151.438	15	  54.285	   2.902	  26.263
15	-146.031	14	  59.528	   4.673	  43.060
16	-133.196	14	  31.561	 -13.417	  37.856
17	-129.104	12	  34.934	 -10.238	  49.646
18	-124.270	12	  58.311	  11.171	  36.733
19	-114.272	11	  39.296	  -5.319	  22.306
20	 -97.838	9	  42.093	  14.050	  31.746
21	 -90.154	9	  37.901	   2.547	  55.339
22	 -78.235	8	  56.612	  -5.070	  27.054
23	 -75.527	7	  45.186	 -10.614	  48.518
24	 -72.215	7	  54.457	  19.173	  40.845
25	 -58.389	5	  39.927	  -8.238	  54.241
26	 -48.756	5	  42.789	 -18.491	  38.894
27	 -47.869	5	  53.407	  13.608	  49.560
28	 -37.859	4	  49.018	  15.800	  31.171
29	 -37.574	4	  38.760	  10.780	  54.437
30	 -28.653	3	  54.769	  19.572	  33.020
31	 -18.318	2	  37.239	  11.839	  24.695
32	 -10.741	1	  49.758	   5.320	  40.683
