1	-755.915	61	   8.058	  48.863	  57.026
2	-648.924	57	   5.208	  39.961	  58.679
3	-643.217	58	  -5.067	  34.153	  53.436
4	-463.375	38	  16.248	  49.794	  61.073
5	-350.646	33	   5.229	  25.911	  55.594
6	-341.318	32	  -4.450	  27.636	  39.028
7	-299.864	28	  14.009	  63.019	  57.487
8	-258.645	23	  19.404	  55.377	  42.287
9	-250.001	24	  25.083	  45.321	  38.579
10	-233.803	21	  14.489	  38.583	  60.757
11	-231.537	22	  17.198	  38.068	  34.575
12	-231.103	21	  24.123	  38.212	  58.197
13	-226.514	21	  13.589	  24.935	  54.137
14	-221.386	21	  -6.714	  50.872	  49.533
15	-215.496	19	  16.142	  51.070	  33.723
16	-211.465	20	   1.925	  51.738	  61.276
17	-204.893	18	   6.257	  51.654	  35.706
18	-201.249	19	   2.624	  23.202	  42.111
19	-181.610	18	  20.927	  30.501	  54.392
20	-171.804	17	  -2.287	  40.108	  32.655
21	-164.776	15	  24.942	  56.125	  52.833
22	-148.621	15	  17.566	  26.740	  37.887
23	-126.780	12	   8.286	  41.114	  33.318
24	-117.217	12	   0.041	  62.368	  50.744
25	-116.893	12	  26.946	  43.438	  47.274
26	-114.503	7	  -0.432	  38.001	  40.439
27	-112.579	11	  -1.849	  56.781	  43.117
28	-101.523	10	   6.839	  24.839	  33.815
29	 -97.241	9	   9.189	  62.978	  44.605
30	 -92.439	9	  -9.212	  46.881	  39.697
31	 -83.143	8	  25.856	  34.931	  36.992
32	 -81.420	8	 -11.512	  37.763	  42.219
33	 -78.396	8	  26.802	  32.253	  45.684
34	 -60.767	6	  -9.158	  43.490	  55.794
35	 -51.148	5	  -0.408	  47.453	  37.147
36	 -49.028	5	   7.256	  67.636	  52.923
37	 -47.914	5	  21.817	  64.457	  52.909
38	 -47.235	5	  13.664	  20.446	  42.745
39	 -39.151	4	  23.793	  50.695	  60.567
40	 -30.609	3	   4.418	  33.330	  30.078
41	 -28.953	2	  19.432	  46.636	  51.704
42	 -28.160	3	  -4.976	  56.273	  55.759
43	 -20.024	1	   6.044	  58.636	  52.704
44	 -18.858	2	  14.044	  59.123	  34.704
45	 -13.382	1	   3.044	  41.636	  49.704
46	  -9.416	1	 -12.956	  38.636	  50.704
47	  -9.346	1	   6.044	  62.636	  60.704
48	  -8.932	1	  23.044	  22.636	  41.704
49	  -8.917	1	  26.044	  51.636	  42.704
