1	-1492.355	124	   0.738	  -2.775	  23.499
2	-893.049	79	  -7.265	   0.468	  15.069
3	-476.913	42	  -0.714	   1.310	   4.970
4	-470.224	43	 -16.118	  19.782	  20.549
5	-439.643	40	  -3.603	  18.761	   2.090
6	-425.504	39	  -3.596	  15.840	  21.245
7	-416.854	38	 -22.153	  22.308	  13.219
8	-385.009	36	   3.563	  19.656	  12.348
9	-369.818	35	 -18.450	 -10.637	   1.634
10	-319.005	26	 -18.343	  -5.961	  12.985
11	-313.792	29	   0.766	   3.203	  34.583
12	-312.321	29	 -27.178	  -5.557	  -8.842
13	-310.885	29	   1.412	   7.804	  -2.509
14	-296.622	24	 -12.878	  -5.995	  -0.900
15	-264.618	26	 -28.047	  -7.078	   1.850
16	-264.404	24	   5.133	  11.489	  28.820
17	-258.261	24	 -11.404	   3.540	  -4.853
18	-254.664	24	  -4.430	  20.807	  13.133
19	-241.879	20	  10.023	  15.309	   8.096
20	-238.712	23	 -16.623	   9.695	  24.433
21	-235.741	22	 -14.573	  13.372	   0.051
22	-227.445	22	 -18.683	  -6.819	  -9.885
23	-173.943	16	  -6.060	  -1.527	   1.147
24	-171.461	16	 -28.252	  -4.009	  16.861
25	-170.449	17	  12.527	   7.999	  28.814
26	-161.840	15	 -23.357	 -12.560	 -10.732
27	-159.240	16	  10.578	   2.156	  35.803
28	-157.546	15	 -15.031	  24.118	   9.500
29	-154.655	15	 -29.916	  11.102	   8.272
30	-150.922	14	   5.984	  -8.802	  14.194
31	-125.160	11	  15.164	  -8.669	  26.294
32	-119.214	11	   6.881	  16.795	   1.149
33	-118.907	12	 -32.418	  -5.534	  10.743
34	-118.046	12	  17.046	   6.225	   9.912
35	-108.950	11	  11.442	  -0.203	   6.698
36	-108.182	11	 -12.479	  -2.114	  22.566
37	-103.359	10	 -12.421	  -7.142	   8.477
38	 -98.971	9	   5.557	  -9.765	  28.976
39	 -96.258	9	  10.538	  16.032	  21.560
40	 -94.461	9	  17.066	   0.667	  20.940
41	 -91.226	9	  12.699	  -6.459	  10.768
42	 -90.131	9	 -20.901	   8.908	   1.573
43	 -89.282	9	 -28.763	  12.274	  20.563
44	 -83.786	7	  11.502	  -7.324	  19.391
45	 -81.559	8	 -26.124	   2.451	  21.303
46	 -73.868	7	 -10.122	   4.161	  28.262
47	 -69.125	6	 -25.150	 -12.277	  10.120
48	 -68.186	7	 -27.165	   3.074	  -1.569
49	 -59.322	6	  13.639	   6.132	   1.834
50	 -52.546	5	  -5.191	  -6.956	  33.369
51	 -50.414	5	 -31.995	   3.921	   5.940
52	 -40.926	4	  18.207	   6.373	  16.527
53	 -20.341	2	 -23.522	  16.824	   1.976
54	 -20.210	2	   6.498	 -14.685	  21.976
55	 -18.763	2	 -20.531	  -3.685	  22.976
56	 -18.710	2	  -2.539	 -10.669	  21.976
57	 -16.034	1	  -2.031	  10.315	  14.976
58	 -13.284	1	   5.969	   0.315	  28.976
59	  -9.839	1	  10.969	  -5.685	  33.976
60	  -8.905	1	 -21.031	   4.315	  -9.024
