1	-623.082	51	  20.354	  16.250	  30.132
2	-285.188	26	  24.748	  23.087	  35.949
3	-280.223	26	  24.162	   2.664	  21.576
4	-275.874	26	  17.313	  -3.436	  28.797
5	-268.454	25	  29.364	 -10.528	  28.237
6	-238.994	21	  14.307	  10.762	  40.702
7	-221.374	20	  37.731	  -0.089	  32.329
8	-202.563	18	   9.200	  15.423	  34.340
9	-199.770	18	  14.348	   1.693	  32.851
10	-188.014	17	  34.500	   8.870	  27.928
11	-167.400	17	  26.290	  -7.939	  37.054
12	-156.660	15	  10.502	  15.974	  19.563
13	-155.740	15	   3.199	  16.648	  27.301
14	-135.107	13	  20.444	  14.575	  45.609
15	-126.376	12	  27.045	  11.789	  22.105
16	-109.920	9	  30.443	  16.367	  36.613
17	-109.487	10	  21.771	  -9.082	  25.311
18	-105.076	9	  16.241	   5.453	  23.780
19	-103.631	10	  14.677	  23.259	  44.379
20	 -94.900	9	  16.330	  -9.283	  34.025
21	 -93.403	9	  11.891	  20.352	  24.959
22	 -79.309	8	  26.849	   4.275	  44.405
23	 -78.049	8	  18.421	   5.478	  44.189
24	 -77.267	7	  11.423	   9.729	  28.848
25	 -51.999	5	  35.547	  -3.324	  24.741
26	 -43.290	4	  20.584	  -2.517	  44.061
27	 -40.396	4	  10.734	  23.177	  31.778
28	 -39.940	4	  36.007	   4.171	  38.783
29	 -31.620	3	  26.195	  20.724	  43.984
30	 -19.282	2	   1.070	  19.181	  18.846
31	 -18.234	2	  28.028	 -12.286	  19.313
