1	-2118.265	176	  30.007	  11.162	   1.454
2	-608.208	54	  31.992	  21.331	  -1.903
3	-567.999	46	  20.652	   8.339	 -17.597
4	-475.477	44	  37.426	  14.754	   5.509
5	-471.398	44	  19.457	   8.177	  12.263
6	-471.212	44	   8.484	  14.848	   0.519
7	-399.190	37	  19.465	  16.789	  19.881
8	-392.870	33	  14.032	  -0.169	  -0.151
9	-374.369	34	  30.712	  17.744	 -15.071
10	-346.078	31	  40.491	   9.492	  -0.542
11	-291.760	27	   6.989	   4.667	  -9.707
12	-285.579	27	  26.125	  26.100	  15.944
13	-258.448	24	  17.744	  20.316	 -10.170
14	-231.050	21	  34.066	  24.431	  11.245
15	-214.404	20	  13.388	  32.321	   2.680
16	-208.337	20	  22.947	  29.001	   6.045
17	-200.786	19	  27.254	   0.218	 -11.950
18	-197.011	19	  12.237	  18.770	  15.786
19	-194.695	19	  18.069	  30.602	  -4.364
20	-173.553	15	  32.100	  27.548	   3.955
21	-161.163	16	  24.780	  -1.748	   2.397
22	-158.991	16	  19.204	  -3.334	  -7.756
23	-157.359	15	  35.568	   0.872	 -15.198
24	-148.891	15	  19.861	  16.518	 -20.343
25	-134.910	13	   7.131	  13.678	   8.513
26	-128.699	13	  33.644	  11.439	 -21.414
27	-119.959	12	  39.894	   0.372	  -4.229
28	-114.686	10	  10.467	   5.586	   7.471
29	-112.024	11	  26.981	  26.326	  -6.926
30	-111.057	11	  12.445	  -0.185	 -13.725
31	-103.769	10	   6.767	   2.157	   1.575
32	 -71.233	7	  11.839	  12.384	 -17.432
33	 -71.109	7	  29.068	  19.777	  20.027
34	 -63.186	6	   4.782	  22.781	   5.369
35	 -60.147	6	   9.789	  22.411	  -5.156
36	 -51.465	5	  17.060	   1.865	   8.583
37	 -47.339	5	  29.484	  -4.921	  -7.226
38	 -38.327	4	  38.588	  -1.436	   4.485
39	 -29.412	3	   9.404	  32.269	  10.834
40	 -28.557	3	  16.730	  28.941	  12.178
41	 -19.206	2	  32.605	  11.269	  13.190
42	 -19.153	2	   6.107	  24.783	  14.704
43	 -18.929	2	  39.603	  17.755	 -12.296
44	 -18.311	2	  12.608	   9.750	  18.694
