1	-1079.574	81	 -26.089	  70.502	-130.554
2	-585.934	46	 -15.262	  53.523	-102.362
3	-578.578	52	  -7.976	  58.684	-112.288
4	-487.746	45	 -26.815	  65.979	-137.038
5	-462.341	38	  -3.441	  58.829	-121.046
6	-449.521	41	  -4.905	  63.857	-140.262
7	-445.902	41	 -26.470	  73.368	-147.921
8	-388.609	39	 -19.531	  61.309	-115.869
9	-358.921	31	 -23.774	  65.692	 -91.329
10	-354.287	32	 -15.552	  63.167	 -90.689
11	-346.866	33	  -6.977	  56.914	-131.591
12	-313.169	31	 -19.709	  51.990	-115.373
13	-291.372	26	 -12.261	  60.880	-141.843
14	-275.151	26	  -1.731	  69.452	-110.240
15	-274.779	27	 -10.448	  85.438	-144.496
16	-260.012	24	 -14.859	  72.857	-115.853
17	-252.920	25	 -26.913	  42.244	-108.373
18	-221.058	21	 -29.040	  60.135	-128.533
19	-218.832	19	   1.152	  63.457	-126.290
20	-218.281	20	  -7.622	  78.713	-125.897
21	-216.658	19	 -19.408	  58.642	-138.947
22	-206.839	19	 -20.152	  48.295	 -90.718
23	-198.077	18	 -16.651	  45.966	-108.430
24	-197.657	18	 -21.967	  61.417	-103.404
25	-196.138	19	 -29.235	  54.874	 -95.506
26	-184.036	18	 -21.579	  87.406	-140.019
27	-178.470	18	 -38.439	  48.451	 -93.142
28	-170.328	16	  -6.250	  79.439	-134.239
29	-160.397	16	  -9.546	  53.263	-120.452
30	-149.127	12	   0.552	  68.631	-132.355
31	-134.931	13	 -19.287	  55.797	-131.612
32	-133.256	13	  -2.191	  78.190	-120.930
33	-129.030	12	 -21.216	  62.930	 -83.432
34	-121.249	11	 -33.973	  79.393	-143.406
35	-119.526	12	  -8.521	  73.984	-146.367
36	-113.778	11	 -19.381	  67.667	-148.119
37	-111.144	11	 -34.622	  50.692	-107.071
38	-110.963	11	 -33.829	  71.257	-142.893
39	-108.658	11	 -36.887	  57.554	 -92.604
40	 -93.675	9	 -25.269	  82.742	-146.198
41	 -89.434	9	 -29.669	  40.732	 -97.429
42	 -87.504	8	  -6.094	  78.263	-112.055
43	 -83.518	8	 -20.079	  36.735	 -99.429
44	 -80.150	8	 -10.670	  54.735	 -94.802
45	 -79.100	8	 -15.880	  85.253	-131.589
46	 -77.773	8	 -28.123	  79.491	-134.096
47	 -71.510	7	 -23.516	  54.697	-123.216
48	 -71.027	7	 -15.212	  81.804	-120.513
49	 -68.805	7	 -10.080	  64.514	-106.660
50	 -41.937	4	 -18.863	  37.565	-108.175
51	 -41.504	4	 -22.109	  78.685	-126.488
52	 -31.170	3	 -17.363	  83.002	-147.769
53	 -19.940	2	 -17.363	  54.454	 -83.700
54	 -19.544	2	 -11.363	  52.386	-109.706
55	 -18.439	2	 -22.931	  72.413	 -84.261
56	 -16.241	1	 -19.363	  63.386	-125.234
57	 -13.957	1	 -18.363	  77.386	-140.234
58	 -11.113	1	   4.637	  68.386	-118.234
59	  -9.580	1	 -29.363	  46.386	-116.234
60	  -9.263	1	 -31.363	  74.386	-127.234
