1	-1261.169	106	  16.147	   8.270	  31.454
2	-799.281	72	  40.687	  23.932	  43.774
3	-572.822	53	   0.919	   3.444	  35.091
4	-494.539	44	   4.580	  15.634	  56.428
5	-490.273	40	  26.730	  14.383	  30.806
6	-460.138	38	   2.126	   8.349	  51.455
7	-416.243	39	   4.236	  24.759	  39.107
8	-352.856	30	   9.226	  23.792	  54.328
9	-324.269	30	  11.183	  -2.365	  51.203
10	-314.322	28	  32.220	  21.965	  31.355
11	-310.026	28	  31.403	   7.422	  63.404
12	-308.506	28	  35.956	  12.664	  57.883
13	-305.226	28	  18.585	  18.893	  64.640
14	-274.716	26	  20.867	  -2.757	  54.357
15	-267.784	25	  39.929	  23.035	  30.483
16	-258.584	23	  40.717	  32.298	  32.920
17	-228.451	22	  37.469	   8.697	  33.392
18	-217.148	22	  22.000	  26.880	  29.102
19	-211.329	21	  29.940	  29.158	  31.661
20	-203.239	19	  14.905	  20.613	  31.788
21	-197.437	18	  -4.608	   9.602	  39.281
22	-193.485	19	  29.741	  28.411	  48.500
23	-188.270	18	  16.835	  -2.153	  31.023
24	-170.508	16	  36.947	  23.490	  54.001
25	-168.825	16	  21.438	  -3.490	  38.485
26	-167.276	16	  46.958	  14.857	  48.106
27	-167.012	17	  37.636	   3.203	  50.020
28	-146.083	14	  -2.379	  19.967	  40.732
29	-145.165	14	  10.376	  20.796	  63.383
30	-139.498	14	   5.970	  -2.513	  44.940
31	-138.531	13	   6.590	   2.862	  24.443
32	-136.443	13	  18.759	  10.204	  68.725
33	-134.578	12	  10.014	   7.622	  63.871
34	-121.973	12	  29.001	  15.592	  66.800
35	-120.070	12	  12.754	  28.851	  38.997
36	-117.401	11	   8.685	  -1.264	  33.481
37	-117.280	12	  28.765	  24.226	  58.167
38	-106.566	10	  10.285	  30.550	  47.308
39	-103.148	10	   8.479	  12.286	  26.526
40	 -94.975	9	  30.294	   2.722	  31.740
41	 -93.663	9	  49.895	  23.163	  35.746
42	 -89.859	9	  15.141	  -6.454	  43.694
43	 -78.049	8	  18.332	   0.984	  63.093
44	 -73.568	7	  -1.182	  18.877	  32.712
45	 -69.183	7	   1.621	  16.197	  26.541
46	 -69.003	7	  30.048	  -2.697	  47.968
47	 -62.163	6	  15.766	  -1.721	  23.799
48	 -59.247	6	  31.172	  30.588	  23.004
49	 -57.232	6	  22.851	  30.415	  45.325
50	 -53.706	5	  34.145	  -0.583	  41.961
51	 -40.514	4	  46.358	  14.107	  36.715
52	 -39.440	4	  41.707	   5.939	  42.220
53	 -38.940	4	  20.083	  26.584	  53.704
54	 -37.389	4	   2.377	  -0.168	  53.960
55	 -34.523	2	  19.355	  13.864	  46.703
56	 -29.548	3	  -5.522	  18.510	  49.097
57	 -20.395	2	  30.804	  30.042	  39.423
58	 -12.066	1	   9.355	  12.593	  48.974
59	  -9.861	1	  26.355	  35.593	  27.974
60	  -9.712	1	  -2.645	  27.593	  49.974
61	  -9.194	1	   8.355	   6.593	  36.974
