1	-864.657	69	 -11.306	 169.287	  33.797
2	-742.175	64	  -1.943	 155.395	  22.703
3	-677.175	57	 -28.100	 164.773	  39.585
4	-551.076	50	 -25.041	 181.210	  13.786
5	-541.711	44	 -23.461	 189.447	  13.149
6	-538.508	49	 -22.209	 158.605	  29.901
7	-533.491	49	  -0.431	 165.542	  26.970
8	-493.416	45	 -10.866	 171.770	   9.648
9	-488.087	43	 -20.869	 164.008	  22.029
10	-483.836	44	 -16.724	 151.019	  28.714
11	-473.121	44	 -10.013	 206.130	  19.460
12	-468.066	44	  -6.238	 158.046	  11.118
13	-433.017	39	 -14.774	 164.565	  10.279
14	-399.405	35	   1.087	 144.430	  19.710
15	-338.503	30	 -24.242	 172.436	  41.532
16	-331.694	30	 -12.019	 198.846	  26.387
17	-315.344	31	 -25.880	 171.912	  18.005
18	-300.991	27	  -5.452	 177.366	  26.205
19	-265.277	25	 -29.854	 181.191	  30.765
20	-237.880	22	  -8.586	 141.239	  25.951
21	-231.462	20	  -1.873	 175.194	   9.567
22	-224.781	22	 -23.543	 193.919	  19.386
23	-207.514	20	  -5.257	 151.090	  30.770
24	-196.812	16	 -35.303	 172.505	  35.922
25	-190.627	19	 -19.964	 184.096	   5.108
26	-179.790	16	 -25.782	 187.165	  22.651
27	-176.187	16	 -28.720	 163.647	  23.882
28	-169.361	15	 -13.666	 149.578	  20.024
29	-165.425	16	 -34.747	 162.726	  36.957
30	-163.095	14	 -28.884	 154.953	  32.524
31	-161.191	16	 -36.224	 160.527	  29.617
32	-156.771	15	 -26.083	 205.710	  18.745
33	-154.361	15	 -19.008	 198.477	   4.933
34	-147.695	14	  -1.987	 196.154	  12.487
35	-136.587	12	 -22.380	 153.748	  38.678
36	-133.607	13	 -17.633	 191.030	  26.227
37	-131.033	13	 -11.119	 182.705	  30.450
38	-130.860	10	  -5.357	 184.289	   7.779
39	-121.472	12	 -14.019	 157.315	  37.430
40	-111.412	11	  -0.712	 167.105	  11.474
41	-110.269	11	 -13.192	 206.198	   8.033
42	-110.082	11	  -0.081	 177.590	  18.991
43	 -96.957	10	 -23.454	 180.918	  34.711
44	 -87.897	5	  -9.539	 170.868	  21.433
45	 -86.564	9	  -1.574	 187.823	  19.632
46	 -85.912	8	  -5.425	 204.121	  12.728
47	 -73.637	7	  -9.842	 141.771	  17.506
48	 -71.720	7	 -21.053	 205.659	  27.538
49	 -68.527	7	  -4.044	 159.053	  38.166
50	 -63.293	6	  -8.706	 196.292	   6.317
51	 -59.224	6	 -15.432	 150.255	  12.277
52	 -47.325	5	 -17.880	 166.206	  43.678
53	 -41.401	4	   3.133	 157.950	  15.177
54	 -38.418	4	  -2.773	 135.282	  24.200
55	 -34.369	2	 -16.867	 182.206	  21.051
56	 -30.908	3	 -39.867	 173.213	  27.136
57	 -19.087	2	  -4.867	 165.698	   4.982
58	 -13.052	1	 -14.867	 189.206	  17.474
59	 -10.336	1	 -32.867	 170.206	  43.474
60	  -9.747	1	  -7.867	 175.206	   0.474
61	  -9.248	1	 -23.867	 161.206	  12.474
62	  -9.002	1	   0.133	 179.206	   3.474
