1	-899.349	70	   2.896	  25.713	  13.819
2	-694.257	61	   8.134	  20.050	  19.670
3	-655.305	56	  -4.716	  30.065	  21.957
4	-595.211	53	  10.595	  28.266	  -1.809
5	-516.324	42	  -1.689	  31.093	  16.138
6	-514.631	46	  15.845	  17.426	   5.732
7	-508.197	47	   0.590	  39.036	  -0.557
8	-487.713	45	 -14.805	  12.477	  20.471
9	-449.948	42	  -2.851	  36.482	  31.963
10	-413.152	36	   7.344	  19.714	  28.063
11	-406.182	38	 -17.495	  12.388	   7.420
12	-372.950	34	  17.029	  45.294	   1.008
13	-361.578	31	   1.118	  30.046	  42.474
14	-352.879	32	 -12.134	  13.701	  33.069
15	-311.667	30	  -3.116	  13.166	  -8.122
16	-308.623	26	  18.567	  40.704	  25.828
17	-284.468	28	   7.858	  46.972	  14.678
18	-262.334	25	  28.269	  33.340	  12.479
19	-260.690	25	  24.077	  21.413	   6.292
20	-256.095	24	 -10.140	  32.712	   7.948
21	-253.627	22	  -6.370	  20.476	  46.111
22	-246.899	23	 -17.631	  27.565	  14.569
23	-238.212	22	  -0.045	  19.724	 -10.723
24	-232.051	20	 -15.413	  21.226	  -0.335
25	-226.082	19	  -3.764	  13.704	  25.777
26	-223.024	18	  24.744	  39.519	  21.179
27	-222.700	20	   9.807	  12.340	  11.071
28	-217.887	19	   1.630	  10.044	  37.391
29	-212.090	21	 -14.091	  24.672	  25.302
30	-208.058	19	  19.230	  47.263	  12.457
31	-207.360	19	 -11.656	  10.949	  -0.605
32	-198.928	19	  10.663	  37.447	  -5.474
33	-177.130	18	  10.701	  39.729	  30.489
34	-171.080	17	 -11.768	  15.672	  -9.103
35	-164.466	16	  -2.306	   8.101	   9.179
36	-159.381	16	  14.103	  26.934	  34.346
37	-156.060	14	 -10.000	  28.809	  30.249
38	-154.505	15	  26.512	  32.189	  21.552
39	-133.740	13	  27.366	  22.748	  23.125
40	-129.125	13	 -12.829	  27.441	  43.267
41	-120.253	12	   0.919	  10.002	  16.321
42	-118.004	12	  -0.429	  43.684	  20.565
43	-114.137	12	   4.177	  22.287	  46.350
44	-108.696	10	  10.065	  18.185	  37.888
45	-105.278	10	 -25.263	  18.210	  15.112
46	-102.759	10	 -22.060	  20.617	  26.008
47	-101.799	10	  -0.846	  45.239	   8.945
48	 -98.416	9	  -9.907	  32.307	  -3.923
49	 -93.910	6	   3.795	  36.106	  15.554
50	 -85.314	9	  -2.977	   8.462	  -3.075
51	 -83.270	8	 -10.500	  25.695	  -7.625
52	 -82.314	8	  24.609	  29.196	  -0.374
53	 -78.922	7	   7.076	  43.558	  24.466
54	 -64.499	6	  18.052	  22.789	  -2.751
55	 -63.802	6	 -14.923	  17.777	  42.765
56	 -60.634	6	  23.927	  12.090	  12.639
57	 -59.729	6	  32.543	  24.218	  16.929
58	 -59.086	6	   9.545	  36.469	  37.026
59	 -56.440	6	 -23.092	  22.766	   7.388
60	 -51.938	5	 -17.736	  25.323	  34.405
61	 -50.761	5	   7.249	  11.014	   3.833
62	 -48.029	5	  19.030	  32.754	  -5.002
63	 -39.140	4	  25.502	  38.373	   5.466
64	 -31.739	3	  12.235	  17.559	  -2.114
65	 -30.742	3	  22.250	  14.614	  21.524
66	 -24.390	2	   7.235	  30.936	   5.832
67	 -21.094	1	  16.235	  25.936	  17.202
68	 -19.759	2	 -17.287	  29.371	   5.115
69	 -19.254	2	   0.597	  11.936	  47.619
70	 -18.825	2	  -7.765	  33.456	  38.202
71	 -18.446	2	  28.744	  42.918	  15.675
72	  -8.991	1	   8.235	  46.936	  -1.798
