1	-1725.983	132	  -2.996	   8.545	  40.019
2	-1014.142	84	   7.446	   6.737	  29.163
3	-968.390	89	   1.447	   4.643	  16.514
4	-824.616	70	  -8.662	  -5.367	  12.975
5	-663.528	62	  -1.226	  16.617	  47.675
6	-511.686	45	  -9.415	  19.898	  28.697
7	-507.448	44	   4.713	  11.126	  42.038
8	-470.451	44	  -7.050	  -0.308	  -6.806
9	-390.281	30	  -4.506	   0.020	   6.587
10	-387.456	33	  -7.870	 -14.809	   7.841
11	-360.597	34	 -19.449	  -7.508	  41.407
12	-354.062	29	 -11.752	   8.857	  26.377
13	-349.481	32	   7.008	  -2.898	  18.130
14	-333.251	31	  -3.084	 -16.857	  31.392
15	-321.249	30	  -1.480	 -15.854	   0.774
16	-315.401	30	  15.405	  -2.496	  32.240
17	-310.514	29	 -24.789	 -16.534	   0.770
18	-305.563	29	 -12.585	   0.813	  27.682
19	-277.245	26	  -9.291	  22.522	  48.249
20	-273.900	26	  -6.360	  -9.540	  50.675
21	-270.622	26	 -15.461	   7.125	   2.697
22	-265.720	23	 -21.617	  -5.287	   7.352
23	-259.551	24	  -5.704	   8.040	   0.345
24	-255.214	24	  -0.063	  17.054	  23.190
25	-239.239	23	   5.822	   1.105	  57.935
26	-230.722	23	  -6.068	  20.194	  17.018
27	-220.721	21	 -13.184	  -8.323	  25.574
28	-214.927	21	  -8.800	   5.122	  64.704
29	-213.998	21	  15.096	  16.770	  41.858
30	-213.024	18	 -16.635	  24.050	  45.274
31	-206.628	20	 -19.158	   4.101	  36.026
32	-205.114	20	 -22.070	  17.724	  44.235
33	-196.369	19	   8.399	 -12.107	  21.630
34	-193.083	17	  -2.262	 -14.714	  39.072
35	-192.413	17	  -2.106	  15.793	  62.880
36	-191.668	18	  -7.181	 -13.187	  18.676
37	-190.727	18	   8.415	  15.657	  56.063
38	-187.105	17	 -12.506	  -1.195	  18.576
39	-179.766	17	 -18.424	  -7.593	  52.462
40	-179.123	17	  -5.829	 -16.977	  -7.918
41	-179.009	17	  -0.887	  18.537	  38.138
42	-172.980	16	 -20.741	   5.758	  46.363
43	-172.600	17	 -23.679	 -10.157	 -10.189
44	-158.919	15	 -20.764	   6.372	  56.246
45	-156.658	15	  17.219	   8.003	  54.008
46	-154.174	15	  15.254	  -6.936	  40.172
47	-153.918	14	 -15.474	 -18.149	  -8.955
48	-152.145	14	 -11.228	 -12.288	 -16.719
49	-151.439	15	  -8.802	 -14.433	  43.755
50	-149.855	15	   6.166	 -15.979	  34.605
51	-147.731	12	 -17.532	  -1.272	  58.506
52	-147.620	8	  -8.312	  13.698	  19.535
53	-132.767	13	   2.269	  20.964	  53.306
54	-124.027	12	  24.113	  13.155	  44.044
55	-122.215	12	 -17.403	  18.145	  61.551
56	-119.785	12	 -14.035	  10.391	  66.714
57	-118.554	12	 -17.080	   3.994	  -7.204
58	-117.357	11	  10.149	 -10.616	  44.167
59	-109.383	11	 -21.580	 -14.041	  13.092
60	-109.287	11	   5.810	  12.356	  23.107
61	-106.055	10	  -8.304	  24.960	  38.958
62	-103.236	10	  -8.688	  26.646	  56.397
63	 -94.439	9	 -13.765	 -24.531	  -4.482
64	 -91.068	9	 -18.394	 -21.290	   8.639
65	 -90.546	9	 -15.470	  24.989	  34.325
66	 -81.725	8	   3.853	  -9.928	  49.711
67	 -75.213	7	 -12.688	 -15.428	  37.651
68	 -72.043	7	 -15.488	   3.399	  11.937
69	 -67.906	7	 -15.764	  15.118	  20.639
70	 -62.535	6	 -11.450	  16.356	  11.258
71	 -60.974	6	  23.641	   5.547	  47.652
72	 -59.911	6	 -25.216	  22.620	  34.638
73	 -59.204	6	  21.177	   8.783	  34.979
74	 -58.946	6	  22.098	   0.294	  39.005
75	 -57.981	6	  -2.043	  -6.011	  58.272
76	 -57.186	6	 -20.019	 -12.192	 -17.878
77	 -57.158	6	 -24.370	   1.481	  -3.380
78	 -54.531	5	  -5.899	 -25.575	   1.880
79	 -50.022	5	   1.091	 -11.635	  15.641
80	 -49.246	5	  14.708	  18.334	  50.072
81	 -48.699	5	 -20.515	  18.494	  53.896
82	 -48.212	5	 -14.706	 -29.040	   3.233
83	 -39.986	4	   9.897	  -4.263	  52.112
84	 -31.054	3	   1.420	   7.619	  63.632
85	 -26.054	2	 -14.428	  14.489	  46.167
86	 -21.280	2	   6.101	   9.960	  10.115
87	 -21.138	2	  -1.899	  -8.040	 -13.806
88	 -20.103	2	   1.577	   4.008	   2.638
89	 -19.831	2	 -28.899	  22.960	  42.113
90	 -19.010	2	 -19.899	  -0.984	 -16.250
91	 -18.369	2	  11.101	   9.458	  63.638
92	 -18.366	2	   4.609	  20.950	  28.638
93	  -9.649	1	 -12.899	   1.960	 -14.362
94	  -8.972	1	 -22.899	 -25.040	   0.638
