1	-791.451	68	   5.329	 -35.144	  84.468
2	-690.004	56	  11.493	 -47.999	  92.520
3	-628.066	52	   8.860	 -50.754	  68.270
4	-548.112	49	  25.092	 -33.002	  70.308
5	-490.487	41	   6.756	 -54.984	  80.916
6	-348.628	28	  -7.403	 -43.777	  74.193
7	-337.458	31	  20.279	 -52.900	  80.830
8	-319.538	32	  -2.074	 -44.594	  84.100
9	-285.849	25	  -3.133	 -39.703	  65.969
10	-283.129	26	  25.737	 -43.483	  71.899
11	-262.916	25	 -11.311	 -32.880	  82.610
12	-256.616	24	  28.819	 -39.410	  82.136
13	-249.527	23	  16.980	 -58.612	  89.033
14	-245.508	22	   4.012	 -23.552	  86.946
15	-243.586	21	  -2.374	 -52.119	  68.713
16	-237.681	23	  -7.395	 -22.160	  72.288
17	-219.438	22	   0.825	 -34.910	  62.415
18	-209.330	20	  17.979	 -25.352	  66.110
19	-205.265	20	   5.947	 -17.053	  77.360
20	-204.835	19	  19.830	 -21.004	  77.017
21	-195.977	19	  26.401	 -47.559	  89.260
22	-195.382	18	   8.789	 -27.879	  61.807
23	-186.388	18	  29.624	 -32.634	  84.090
24	-174.635	16	  25.828	 -26.798	  75.405
25	-171.038	17	  25.300	 -39.006	  99.642
26	-147.923	14	  14.409	 -17.903	  89.748
27	-139.950	14	  14.753	 -44.140	 101.675
28	-134.860	13	 -10.168	 -34.677	  69.726
29	-129.948	13	  22.014	 -50.032	 100.805
30	-128.021	12	  -3.533	 -15.106	  76.023
31	-112.729	12	   6.716	 -37.477	  94.351
32	-111.302	11	  31.328	 -39.628	  92.719
33	-106.310	10	  -0.656	 -30.645	  87.252
34	 -87.698	9	   8.685	 -21.363	  71.584
35	 -82.471	8	   5.974	 -45.478	  61.112
36	 -76.297	7	  17.765	 -42.372	  63.013
37	 -74.754	8	  34.107	 -26.362	  91.162
38	 -74.572	7	  16.592	 -36.606	  99.791
39	 -71.111	7	  21.872	 -17.945	  86.943
40	 -70.915	7	 -10.778	 -19.029	  79.389
41	 -68.998	7	  -7.360	 -52.511	  79.098
42	 -62.793	6	  26.520	 -24.386	  94.969
43	 -42.809	3	  15.584	 -34.696	  77.160
44	 -38.537	4	  23.856	 -46.236	  81.913
45	 -38.236	4	 -10.053	 -20.456	  87.445
46	 -37.944	4	   2.854	 -13.502	  85.667
47	 -37.646	4	   9.054	 -64.491	  82.412
48	 -29.644	3	  13.136	 -35.246	  60.160
49	 -29.584	3	  27.639	 -21.533	  83.147
50	 -29.244	3	  20.017	 -47.919	  68.833
51	 -27.714	3	  29.973	 -50.264	  95.479
52	 -20.251	2	  16.400	 -60.722	  77.208
53	 -19.481	2	   2.892	 -53.327	  87.160
54	 -18.649	2	  21.371	 -33.227	  95.160
55	 -17.886	2	   9.347	 -57.256	  94.653
56	 -16.006	1	   6.352	 -46.246	  82.160
57	  -9.833	1	  11.352	 -24.246	  93.160
