1	-468.336	45	  74.760	  65.011	  22.895
2	-235.562	22	  79.166	  53.773	 -10.757
3	-232.088	24	  87.866	  68.317	   9.223
4	-187.787	18	  83.246	  66.615	  -7.823
5	-183.141	18	  76.850	  70.126	   9.731
6	-175.125	18	  70.522	  64.405	  -7.918
7	-169.099	15	  66.055	  62.502	  18.759
8	-146.085	15	  86.157	  61.495	   1.542
9	-142.325	14	  63.471	  60.125	  -9.727
10	-136.063	13	  70.322	  63.710	  11.411
11	-130.082	13	  67.682	  51.889	  13.666
12	-105.491	11	  88.173	  60.765	  19.910
13	-100.616	10	  74.110	  51.200	  21.760
14	 -87.319	9	  92.396	  68.974	  19.712
15	 -84.465	8	  69.615	  55.099	  -1.613
16	 -79.323	8	  75.937	  63.685	  -3.372
17	 -67.014	7	  84.215	  55.200	  15.182
18	 -65.570	6	  65.549	  72.578	  -7.105
19	 -62.119	6	  89.969	  75.569	  15.826
20	 -60.340	6	  77.339	  61.034	  10.117
21	 -60.213	6	  79.796	  68.726	   2.418
22	 -50.708	5	  87.017	  65.588	  27.941
23	 -41.814	4	  78.173	  46.513	  -1.016
24	 -39.315	4	  77.194	  57.180	  25.307
25	 -29.663	3	  71.283	  72.784	  18.989
26	 -28.442	3	  62.047	  65.032	  -2.119
27	 -19.668	2	  85.814	  49.904	  -4.419
28	 -19.368	2	  56.328	  71.978	  -2.905
29	 -18.521	2	  80.814	  75.907	  22.581
30	 -10.135	1	  73.814	  77.409	  13.581
31	  -9.620	1	  88.814	  73.409	  25.581
32	  -9.413	1	  80.814	  43.409	  -7.419
