1	-785.855	72	  13.019	  15.356	  24.186
2	-750.282	69	   6.798	  17.121	  21.692
3	-578.053	53	   2.198	  10.114	  15.000
4	-550.616	51	  -0.077	  -0.209	   7.275
5	-541.185	50	  -3.664	  -8.608	  13.852
6	-480.551	42	  14.892	   8.794	   3.381
7	-421.313	39	   1.220	  -2.473	  26.034
8	-344.908	32	   8.505	  -5.148	  -2.334
9	-336.835	33	  25.335	  -2.580	  27.962
10	-336.235	33	   6.705	 -15.271	   7.348
11	-308.138	30	   9.227	   1.231	  33.157
12	-298.611	29	  15.287	 -14.026	  24.791
13	-286.947	27	  10.728	   9.237	  35.746
14	-260.771	24	  16.934	 -15.576	  12.708
15	-249.471	25	  -5.624	   9.228	  22.216
16	-243.940	23	  24.128	   5.511	  19.371
17	-205.977	18	 -14.586	 -11.005	   3.853
18	-199.300	19	  -3.442	 -14.096	   4.300
19	-187.337	17	  10.518	 -15.155	  15.954
20	-147.340	14	   7.614	   3.079	  -0.980
21	-146.944	14	  26.415	 -11.139	  19.311
22	-130.278	13	  17.750	  14.622	  36.989
23	-126.376	12	  21.025	  13.790	  15.945
24	-123.536	13	  -5.945	   4.923	  35.559
25	-107.699	10	  20.891	  -3.076	   7.549
26	-105.016	10	  19.327	  13.373	  27.964
27	 -87.441	8	 -10.374	  14.302	  30.264
28	 -85.070	9	  25.091	  -6.273	  13.073
29	 -71.165	7	  17.600	  21.677	  18.104
30	 -68.112	6	  17.714	 -11.389	   5.190
31	 -65.026	6	   5.271	  10.937	   6.433
32	 -57.797	6	  -7.103	  -6.574	   1.057
33	 -52.577	5	  18.178	   3.412	  39.042
34	 -50.849	5	  13.960	 -13.506	  31.255
35	 -50.235	5	   4.720	  17.712	  32.702
36	 -48.581	5	  -9.267	 -15.103	  11.249
37	 -39.805	4	 -11.552	   6.195	  30.100
38	 -29.487	3	   8.733	  -6.886	  32.042
39	 -28.608	3	  22.411	   3.730	   9.470
40	 -28.095	3	   2.772	 -11.593	  23.042
41	  -9.157	1	   1.733	 -15.914	  16.042
42	  -9.057	1	  16.733	  -7.914	  36.042
43	  -8.971	1	  -5.267	  14.086	  39.042
44	  -8.943	1	  18.733	  -4.914	  -0.958
45	  -8.933	1	 -14.267	 -20.914	   5.042
