1	-833.873	73	  -8.383	   5.880	 -26.325
2	-464.273	42	 -10.022	 -12.910	 -10.697
3	-400.838	38	   9.276	   5.499	 -20.629
4	-375.789	32	 -22.567	  -8.756	 -20.014
5	-311.218	26	  -6.148	 -15.115	 -23.333
6	-305.004	27	   0.663	  -6.587	  -5.701
7	-289.636	25	  -2.736	   2.510	 -14.432
8	-249.224	24	  -3.472	  12.113	 -22.381
9	-249.107	25	  10.221	  -8.151	 -31.891
10	-236.633	22	  -9.935	   0.382	 -16.813
11	-199.095	17	   4.898	   6.053	 -12.824
12	-189.337	17	 -11.306	  -4.976	 -32.960
13	-167.407	15	  16.047	  -1.556	 -23.558
14	-155.416	15	  13.504	   0.787	 -10.465
15	-140.744	14	 -20.357	  -5.408	 -30.999
16	-139.505	13	 -14.696	 -14.264	 -26.338
17	-118.061	12	 -13.012	  -2.010	  -8.040
18	 -95.631	10	   0.926	   7.463	 -34.952
19	 -90.510	9	   3.270	 -13.753	 -10.091
20	 -85.158	8	   9.362	   4.603	 -34.730
21	 -79.001	8	  -4.705	  21.243	 -25.638
22	 -75.193	8	 -11.422	 -18.476	 -17.369
23	 -71.597	7	  10.054	  12.173	 -29.439
24	 -70.574	7	  16.509	  -5.064	 -16.923
25	 -69.800	7	 -14.372	  14.193	 -26.361
26	 -68.162	7	  -0.133	 -11.044	 -32.824
27	 -64.304	6	  11.562	  -8.745	  -8.627
28	 -59.552	6	   2.970	  18.078	 -30.429
29	 -59.333	6	   2.586	  -5.469	 -38.212
30	 -55.724	5	  -4.433	  -3.247	 -35.995
31	 -46.275	5	 -21.512	  -5.803	 -11.644
32	 -42.516	4	  11.387	 -13.278	 -15.743
33	 -40.060	4	 -19.640	  -0.757	 -24.966
34	 -39.055	4	 -12.126	 -10.987	  -3.021
35	 -37.893	4	 -16.851	 -14.270	 -14.040
36	 -28.586	3	  -0.196	 -19.757	 -16.602
37	 -20.742	2	   3.587	 -16.221	 -22.800
38	  -9.049	1	 -10.877	  11.243	 -20.264
39	  -9.000	1	 -16.877	   7.243	 -23.264
