1	-722.160	65	  17.820	  11.872	   8.343
2	-644.200	47	   7.263	  20.292	  11.996
3	-636.144	58	  14.623	  10.199	  21.143
4	-608.333	55	  15.440	 -14.053	  11.128
5	-543.796	47	  16.516	  13.221	   0.876
6	-490.232	45	  27.615	   9.287	  14.070
7	-419.037	37	   1.597	  -8.586	   7.528
8	-355.231	32	  -2.578	   9.974	   6.431
9	-339.481	31	  13.308	   2.781	  29.406
10	-318.598	30	   7.388	 -11.069	  16.394
11	-292.182	26	  26.874	 -11.519	  19.246
12	-284.730	27	  -2.861	   2.052	  17.383
13	-274.960	25	   2.077	  -0.354	  27.173
14	-272.511	25	  27.047	  11.650	   0.881
15	-267.399	26	  10.430	  17.915	  26.802
16	-262.955	25	  11.858	  23.519	   5.430
17	-255.875	25	   0.793	   8.640	  27.592
18	-253.061	24	  19.802	   6.818	  24.808
19	-252.699	22	   9.937	 -11.406	  -3.206
20	-240.229	24	  28.644	   4.179	  -5.471
21	-215.121	20	  20.510	 -14.624	  23.759
22	-196.048	19	  31.162	  -8.253	   6.700
23	-181.246	17	  35.385	   5.852	   8.683
24	-175.157	17	  21.098	  -7.192	  -7.366
25	-174.020	17	  11.649	   4.573	  -6.782
26	-153.879	14	   5.514	 -10.217	  25.309
27	-134.228	13	  33.671	  -6.570	  19.247
28	-129.712	13	  -4.525	   9.255	  14.614
29	-121.368	12	  12.376	 -13.039	  28.654
30	 -92.783	9	  11.609	  11.113	  30.413
31	 -82.177	8	  25.632	 -12.303	   0.722
32	 -79.973	8	   2.056	  17.991	  -0.215
33	 -70.881	7	  -1.448	  -0.886	   1.681
34	 -70.717	7	  19.473	  22.702	  13.523
35	 -68.210	7	  11.728	  -3.816	  -8.679
36	 -67.001	7	  -1.879	  14.577	  31.867
37	 -62.610	6	  -6.811	  20.623	  28.544
38	 -60.858	6	  23.484	 -15.574	  13.115
39	 -59.795	6	   8.353	  12.949	  -4.468
40	 -52.114	5	  19.043	 -14.214	  -2.860
41	 -51.457	5	  -2.908	  -5.836	  22.682
42	 -51.078	5	  -0.290	  21.949	   9.525
43	 -49.695	5	  29.554	   7.270	  26.593
44	 -49.212	5	  24.143	  -0.090	  32.072
45	 -47.584	5	   1.827	  24.156	  29.790
46	 -39.691	4	  16.292	  -3.463	  33.722
47	 -38.453	4	  37.428	  -0.183	  11.485
48	 -37.911	4	  -3.484	  25.234	  21.429
49	 -32.815	3	   7.655	 -13.415	   7.730
50	 -31.790	3	  -8.337	  14.259	  20.106
51	 -30.869	3	   2.654	   4.521	  -4.923
52	 -29.364	2	   9.316	   1.577	  21.722
53	 -19.250	2	  34.136	   0.577	  22.722
54	 -18.025	2	  -7.337	  18.071	   8.216
55	  -9.376	1	   2.663	  -8.423	  -3.278
56	  -9.008	1	  37.663	  -4.423	   3.722
