1	-1782.217	160	  36.185	  56.864	  12.654
2	-1153.704	103	  20.234	  47.585	  -0.679
3	-505.307	46	  20.965	  64.315	  -4.065
4	-463.717	43	  44.823	  47.072	  -2.614
5	-378.132	33	  20.821	  41.137	   7.979
6	-365.406	32	  33.457	  66.219	  12.331
7	-309.437	29	  28.946	  54.138	  25.318
8	-303.989	30	  34.246	  42.412	  22.484
9	-299.548	27	  37.800	  37.575	  -1.106
10	-262.610	22	  35.177	  51.813	   6.732
11	-259.054	20	  37.323	  66.549	   5.954
12	-253.014	22	  46.051	  31.915	   4.639
13	-251.283	24	  45.604	  47.755	  16.999
14	-230.428	20	  49.578	  49.877	   6.520
15	-210.947	19	  13.175	  70.505	   7.832
16	-202.657	17	  20.782	  75.604	   5.329
17	-185.411	19	  45.638	  58.836	   0.383
18	-178.878	18	  34.469	  71.510	  -2.816
19	-177.376	18	  26.015	  42.443	  -9.006
20	-171.279	16	  51.693	  37.863	  11.818
21	-164.984	15	  33.630	  32.854	  16.275
22	-158.739	15	  34.313	  46.824	  -9.321
23	-155.510	15	  46.074	  30.368	  12.479
24	-142.299	14	  26.100	  52.944	 -10.654
25	-135.981	13	  49.185	  39.212	   0.675
26	-135.049	14	  40.478	  52.267	  23.599
27	-129.113	13	  34.757	  32.460	   2.796
28	-118.170	12	  12.035	  60.199	   3.802
29	-113.873	12	  21.018	  63.062	  22.523
30	-112.950	11	  25.142	  37.547	  14.851
31	-106.888	10	   8.719	  61.549	  12.916
32	-105.557	11	  41.495	  38.851	  22.787
33	-100.391	8	  27.060	  35.760	  -1.552
34	 -81.286	8	  16.999	  47.798	  19.045
35	 -79.754	8	  32.416	  61.869	  -9.763
36	 -78.771	8	  13.315	  68.460	  17.596
37	 -69.472	7	  16.172	  57.225	  19.347
38	 -51.974	5	  36.427	  74.541	   4.279
39	 -51.373	5	  18.703	  77.393	  13.294
40	 -47.391	5	  47.264	  61.168	   8.274
41	 -30.381	3	  25.577	  44.299	  22.571
42	 -29.197	3	  53.191	  47.663	  -0.776
43	 -29.116	3	  33.156	  63.295	  21.563
44	 -28.263	3	  28.202	  69.645	  21.522
45	 -19.752	2	  26.312	  31.525	   8.956
46	 -19.095	2	  38.849	  54.470	  -9.118
47	 -15.924	1	  25.849	  59.988	   3.882
48	 -11.280	1	  27.849	  76.988	   1.882
49	  -9.157	1	  17.849	  36.988	  -0.118
