1	-520.743	49	  12.572	   7.398	  65.951
2	-425.101	38	  -8.668	  -1.180	  66.595
3	-383.724	34	  17.278	  -4.399	  62.432
4	-356.582	33	  -7.150	  -0.990	  51.705
5	-330.439	29	 -14.170	  20.253	  67.141
6	-294.773	27	  16.890	   4.520	  57.306
7	-292.051	28	 -13.701	  12.712	  52.976
8	-231.133	22	  -4.114	  18.077	  63.047
9	-204.462	19	 -17.925	   5.229	  65.996
10	-196.778	19	 -10.265	   4.698	  73.107
11	-178.261	18	  -6.483	  -4.614	  60.883
12	-169.753	16	  11.483	  -8.903	  56.961
13	-141.108	14	  -2.654	   4.388	  47.870
14	-124.243	13	   1.901	  -6.968	  56.386
15	-122.525	10	  18.411	  -2.410	  51.910
16	-118.242	12	  -1.817	  -2.436	  70.996
17	-107.833	11	   6.574	   0.396	  71.435
18	-100.256	10	  -0.453	   5.636	  73.273
19	 -82.198	8	   4.008	  13.682	  53.708
20	 -80.508	8	   4.052	  14.500	  66.341
21	 -76.223	8	 -17.908	   2.036	  58.914
22	 -67.513	7	   7.064	 -10.140	  63.260
23	 -60.867	6	 -24.641	  19.176	  60.201
24	 -57.242	6	  -6.314	  12.972	  71.469
25	 -48.325	5	 -16.743	   5.229	  51.991
26	 -46.164	5	   9.854	   8.769	  48.378
27	 -40.312	4	 -23.638	  11.571	  55.755
28	 -38.797	4	 -19.294	  26.492	  61.987
29	 -20.907	2	   7.850	  -7.441	  69.987
30	 -19.944	2	   9.850	  -3.450	  49.461
31	  -9.461	1	  11.850	  11.024	  55.987
32	  -9.248	1	 -14.150	  24.024	  53.987
33	  -9.188	1	  20.850	  -9.976	  55.987
