1	-942.397	82	 -17.755	  16.085	  18.180
2	-817.160	60	   4.353	  16.038	  19.069
3	-750.428	67	   9.348	   3.178	  26.091
4	-708.561	55	  -6.589	  13.155	  29.471
5	-539.474	50	   1.013	  12.562	  31.343
6	-524.184	47	  -0.854	  34.514	  32.275
7	-520.303	46	 -13.020	  13.566	   6.020
8	-518.681	44	 -12.838	  -3.144	  36.697
9	-493.440	47	   9.041	  10.699	  13.314
10	-458.852	45	 -17.535	   4.161	  41.910
11	-456.125	39	  -1.100	   4.265	  31.623
12	-438.171	41	 -23.119	  18.484	  31.780
13	-412.860	38	 -28.888	 -10.954	  -9.419
14	-392.896	36	   8.668	  23.839	  22.701
15	-368.406	34	  -1.586	 -10.792	  18.197
16	-355.321	33	 -15.522	  34.006	  31.851
17	-347.404	31	  -6.096	   8.163	  37.515
18	-302.034	26	   3.454	  13.554	   8.834
19	-271.610	25	  -8.412	  39.789	  19.077
20	-262.264	26	   3.798	  -8.494	  12.024
21	-247.991	23	  13.799	  -4.674	  20.832
22	-234.827	22	 -24.664	  32.420	  22.087
23	-225.152	22	   3.979	  25.268	   8.345
24	-224.104	23	  -7.808	  23.836	  47.710
25	-221.992	21	  -4.316	  -8.606	   4.715
26	-212.978	20	   2.307	  36.851	  13.324
27	-211.967	19	  -3.178	  19.443	   5.507
28	-203.662	20	 -17.172	  10.413	  45.669
29	-200.174	18	 -18.737	  23.261	  48.272
30	-188.021	18	 -17.203	  -3.432	  12.716
31	-186.972	18	   7.847	  36.788	  19.206
32	-169.381	17	 -21.783	   5.313	   6.761
33	-165.915	16	 -23.408	   8.868	  36.415
34	-161.713	16	 -27.625	  18.892	  45.059
35	-156.591	16	  -3.379	  43.858	  15.163
36	-155.790	15	   4.890	  30.434	  38.699
37	-151.243	14	 -14.016	  30.496	  44.246
38	-151.017	14	 -24.201	  27.809	  40.800
39	-150.205	14	 -33.883	  -1.083	  -8.903
40	-148.943	14	  -3.048	  37.006	  25.958
41	-144.016	14	   5.115	  22.460	  37.332
42	-129.819	13	 -20.341	   0.366	  -9.628
43	-129.512	12	  10.094	 -10.963	  27.928
44	-127.199	12	 -17.386	  38.615	   5.498
45	-125.770	12	 -19.050	  29.223	   4.815
46	-117.733	11	  13.668	   3.339	  12.780
47	-107.508	10	 -22.872	 -14.541	 -12.648
48	-107.473	11	 -22.389	  -4.493	  -1.545
49	-105.852	10	 -27.065	   2.184	   1.650
50	-101.753	10	 -24.012	  -2.745	 -15.652
51	 -99.382	10	 -13.998	  24.569	   3.672
52	 -98.538	10	  -6.458	 -11.859	  11.712
53	 -97.370	10	 -21.787	   8.924	  27.986
54	 -96.336	10	  -3.421	  -4.564	  32.276
55	 -93.269	9	  -6.996	  -8.511	  26.644
56	 -89.620	9	 -13.927	  -8.423	   3.449
57	 -80.529	8	 -21.578	   3.698	  19.517
58	 -79.044	8	  -3.424	  32.798	   5.038
59	 -78.408	8	   9.503	  13.103	  24.791
60	 -77.686	8	 -26.345	  21.523	  17.442
61	 -77.568	8	  -7.078	  32.652	  42.691
62	 -71.018	7	 -22.212	   8.674	  -2.790
63	 -69.681	7	  -1.292	  29.540	  47.072
64	 -62.699	6	   4.249	   0.526	   3.812
65	 -62.584	5	 -22.631	  24.357	  12.655
66	 -62.170	6	  -6.068	  14.357	  43.697
67	 -60.383	6	  -9.031	  -1.491	   0.182
68	 -58.308	6	 -14.900	 -11.229	  26.077
69	 -55.268	5	 -20.289	   1.165	  29.853
70	 -51.854	5	 -13.547	  17.333	  50.672
71	 -50.805	5	   7.556	  19.476	  29.542
72	 -48.550	5	   9.697	  28.312	  16.910
73	 -45.723	5	 -31.126	  29.886	  29.512
74	 -40.735	4	   1.984	  -7.954	  26.130
75	 -37.806	4	 -25.205	  32.053	   6.141
76	 -37.283	4	 -33.786	  -4.670	   1.155
77	 -36.499	4	 -14.957	  44.308	  12.918
78	 -35.925	4	  10.239	  33.545	  26.672
79	 -33.623	2	 -17.063	  32.987	  18.119
80	 -31.947	3	   4.188	 -16.460	  19.378
81	 -31.184	3	 -15.837	 -11.455	 -16.660
82	 -29.745	3	 -24.543	  41.568	  10.057
83	 -20.371	1	 -15.510	   8.540	  36.672
84	 -18.211	1	 -16.510	  19.540	  37.672
85	 -17.955	2	 -15.021	 -13.971	  -9.314
86	 -13.430	1	  -7.510	  23.540	  35.672
87	  -9.245	1	 -33.510	   6.540	  -6.328
88	  -9.098	1	 -28.510	  33.540	  13.672
