1	-808.500	70	 -35.342	-128.220	 177.241
2	-629.851	57	 -42.513	-128.720	 156.882
3	-601.464	50	 -42.411	-121.076	 197.949
4	-489.628	43	 -61.619	-125.883	 166.583
5	-467.292	42	 -34.119	-122.518	 183.413
6	-464.351	43	 -63.583	-137.630	 176.184
7	-462.755	38	 -37.512	-146.604	 188.279
8	-371.349	33	 -37.375	-110.948	 179.739
9	-363.782	35	 -49.771	-149.180	 169.058
10	-359.093	32	 -50.069	-152.158	 187.658
11	-331.937	32	 -38.442	-148.164	 164.321
12	-315.694	29	 -46.434	-139.276	 156.859
13	-313.351	31	 -55.082	-144.587	 162.983
14	-300.320	27	 -26.617	-126.551	 166.311
15	-280.898	24	 -27.054	-117.395	 167.296
16	-272.040	26	 -40.565	-107.288	 172.570
17	-266.515	26	 -64.710	-130.546	 181.127
18	-263.629	26	 -28.495	-144.483	 173.787
19	-263.443	25	 -33.335	-109.150	 168.552
20	-254.039	24	 -64.518	-128.112	 190.357
21	-236.638	23	 -43.546	-108.682	 187.193
22	-235.797	22	 -37.785	-112.590	 159.416
23	-224.596	19	 -57.574	-112.113	 171.242
24	-223.490	21	 -44.922	-118.448	 159.268
25	-218.505	20	 -53.242	-116.597	 195.578
26	-213.299	19	 -49.512	-129.624	 201.815
27	-210.906	19	 -36.715	-139.139	 160.050
28	-208.475	20	 -49.964	-153.191	 176.548
29	-197.980	19	 -49.839	-107.223	 180.446
30	-196.947	19	 -66.573	-131.664	 167.991
31	-192.018	18	 -44.533	-141.177	 202.434
32	-187.162	18	 -43.196	-149.998	 192.477
33	-175.596	18	 -33.008	-130.606	 188.669
34	-175.187	17	 -64.511	-121.003	 179.684
35	-167.818	16	 -41.893	-152.657	 180.572
36	-166.688	16	 -30.075	-142.702	 186.509
37	-158.112	16	 -62.573	-112.306	 181.008
38	-153.180	15	 -55.738	-148.433	 194.667
39	-145.744	14	 -57.413	-118.940	 161.958
40	-139.949	14	 -40.527	-153.873	 170.771
41	-135.200	13	 -35.295	-137.831	 196.831
42	-128.811	11	 -56.847	-151.101	 183.009
43	-125.357	12	 -57.719	-139.980	 198.282
44	-120.280	12	 -31.362	-128.057	 158.655
45	-108.581	11	 -41.791	-130.073	 204.223
46	-107.994	11	 -26.740	-132.670	 176.616
47	-107.777	10	 -51.693	-112.371	 164.111
48	-105.618	10	 -56.901	-129.738	 157.833
49	 -92.297	9	 -65.544	-144.473	 182.810
50	 -88.485	9	 -59.152	-149.713	 174.504
51	 -85.592	5	 -50.778	-144.686	 188.771
52	 -84.651	8	 -32.338	-150.161	 179.836
53	 -84.282	9	 -59.812	-138.327	 157.410
54	 -81.079	8	 -67.440	-141.921	 164.242
55	 -80.591	8	 -62.192	-119.153	 195.758
56	 -79.589	8	 -33.568	-114.690	 189.438
57	 -76.941	5	 -35.662	-134.303	 167.323
58	 -75.223	7	 -56.685	-109.084	 189.803
59	 -73.631	5	 -35.078	-138.039	 176.388
60	 -60.929	6	 -51.488	-146.080	 200.516
61	 -60.515	6	 -27.357	-120.617	 177.084
62	 -59.700	6	 -34.632	-128.632	 197.521
63	 -46.423	5	 -63.853	-137.918	 195.696
64	 -44.016	2	 -46.944	-137.303	 191.516
65	 -30.757	3	 -33.449	-154.330	 168.912
66	 -30.754	3	 -26.783	-111.598	 176.141
67	 -29.496	3	 -25.795	-134.689	 166.864
68	 -18.744	2	 -58.947	-133.822	 203.516
69	 -18.442	2	 -63.453	-132.330	 161.002
70	  -9.247	1	 -57.453	-104.303	 174.516
71	  -9.039	1	 -28.453	-118.303	 157.516
