1	-1153.761	100	  63.910	  14.282	   8.197
2	-1097.375	94	  68.149	  -1.123	  -0.920
3	-845.563	73	  73.189	  15.040	  12.943
4	-602.426	52	  65.538	  -2.661	  17.310
5	-549.616	43	  76.403	  -0.116	  -4.677
6	-542.304	45	  58.034	   0.799	  10.095
7	-515.047	40	  84.258	 -11.546	  10.392
8	-508.714	41	  69.796	  10.159	  -9.202
9	-499.248	46	  76.101	  -9.895	  15.780
10	-495.242	44	  64.474	  15.548	  -7.455
11	-455.332	37	  90.743	  -1.795	  17.937
12	-428.967	42	  87.050	  28.051	  16.218
13	-404.800	36	  64.545	   4.543	  10.329
14	-392.856	37	  56.108	  -4.835	  -1.795
15	-391.887	36	  40.359	  -0.607	  25.064
16	-362.627	33	  46.900	  13.480	   7.273
17	-361.759	34	  30.785	   8.098	   9.325
18	-358.922	22	  88.317	  22.524	   8.993
19	-340.180	32	  64.543	   3.269	 -10.861
20	-321.547	27	  97.469	  17.047	  13.970
21	-319.297	27	  87.841	   1.236	  -4.201
22	-314.653	29	  52.606	  -4.087	  10.688
23	-294.231	29	  95.460	  17.423	   5.213
24	-287.962	26	  90.144	  20.393	  26.272
25	-280.366	27	  96.390	   6.828	   2.701
26	-258.282	23	  98.556	   1.836	  13.252
27	-257.243	24	  58.125	   3.474	  -6.023
28	-243.793	23	  41.632	  -7.011	   5.079
29	-233.576	22	  80.242	  30.513	   1.774
30	-224.048	20	  77.105	   0.694	  20.791
31	-220.890	21	  50.206	   5.847	  -4.661
32	-207.387	20	  56.558	  15.649	  -2.771
33	-205.163	20	  56.150	   2.786	  19.029
34	-205.152	19	  83.521	   5.892	  28.214
35	-198.109	19	  74.873	  24.465	  -3.608
36	-197.780	19	  96.888	   8.165	  27.099
37	-197.020	17	  49.009	  -4.496	  21.800
38	-195.129	18	  74.021	  10.074	  20.343
39	-191.503	18	  77.806	  -8.871	  -2.669
40	-189.340	16	  61.507	 -11.811	  14.164
41	-189.210	18	  72.831	  25.022	  22.138
42	-182.433	18	  80.220	   6.715	 -10.850
43	-179.056	18	  27.408	 -10.264	  18.538
44	-175.331	17	  57.551	  -8.547	   6.308
45	-171.279	16	  89.283	  18.714	  -3.999
46	-162.780	15	  34.749	   5.898	  18.574
47	-158.053	15	  72.212	  27.831	  10.348
48	-157.106	16	  79.875	  30.903	  12.547
49	-143.987	14	  62.349	  22.667	   9.072
50	-132.434	13	  72.032	  18.927	  -8.057
51	-130.617	13	  95.867	  -1.536	   5.420
52	-129.577	13	  28.317	  -3.908	  13.061
53	-118.269	12	  65.467	 -16.531	   6.544
54	-116.479	11	  39.047	   3.318	  -4.296
55	-114.885	11	  50.873	   9.449	  16.514
56	-106.735	10	  36.785	  -7.204	  17.111
57	-106.219	10	  65.148	 -18.466	  16.053
58	-105.419	10	  91.243	  27.675	   2.480
59	-100.380	10	  82.461	 -15.992	   0.139
60	 -99.939	9	  40.253	  11.001	  16.380
61	 -99.462	10	  45.740	   9.124	  24.173
62	 -93.120	9	  37.464	  16.384	   5.093
63	 -89.919	9	  76.525	 -18.663	   2.944
64	 -79.085	8	  98.653	  20.650	  22.769
65	 -74.829	4	  75.654	  -6.767	   7.038
66	 -70.315	6	  31.522	  -3.250	   1.333
67	 -68.639	7	  78.136	  14.218	  32.881
68	 -67.942	7	 101.097	   8.023	  11.396
69	 -61.272	6	  87.234	  16.162	  32.800
70	 -60.904	6	  73.067	  15.179	  27.477
71	 -60.166	6	  92.895	 -12.642	   6.350
72	 -59.194	6	  89.377	  -7.693	  -1.119
73	 -58.179	6	  81.175	  21.297	  -8.312
74	 -56.575	6	  75.544	 -20.837	  12.861
75	 -52.629	4	  44.293	  -8.946	  17.221
76	 -51.419	5	  96.871	  -5.645	  12.794
77	 -51.265	5	  67.039	  26.253	  -3.755
78	 -49.048	5	  92.495	  28.861	  10.624
79	 -38.525	4	  58.933	  10.485	  12.511
80	 -37.990	4	  80.353	  30.239	  24.038
81	 -37.929	3	  79.208	   0.797	   8.375
82	 -30.181	3	  68.352	 -17.020	  22.742
83	 -30.169	3	  96.871	   9.849	  -3.634
84	 -18.539	2	  82.871	  23.485	  27.530
85	 -13.860	1	  43.871	   2.485	  17.038
86	 -10.420	1	 102.871	  14.485	  20.038
87	  -9.723	1	  88.871	  13.485	 -11.962
88	  -9.233	1	  62.871	  -4.515	  -6.962
