1	-1566.208	124	  96.378	  -1.153	  -3.436
2	-765.990	63	 103.362	   2.437	 -24.137
3	-600.644	54	  76.440	  40.207	   2.684
4	-575.021	49	  75.246	  14.508	  -4.698
5	-527.736	49	 103.521	  -0.634	  -8.527
6	-481.359	45	  94.974	  26.419	   4.720
7	-447.589	36	  89.325	  13.475	 -18.821
8	-434.920	40	  93.246	  12.974	  15.652
9	-412.775	37	 102.213	   9.118	   9.296
10	-410.475	36	  77.911	 -10.786	 -17.257
11	-398.733	37	  89.707	  -6.335	 -26.928
12	-393.331	38	  92.860	  17.216	 -12.134
13	-364.059	34	  80.481	  -2.135	   2.219
14	-361.701	33	  88.978	  31.563	  -1.718
15	-360.314	30	 103.998	   9.217	  -2.242
16	-340.960	32	  75.071	  -1.519	 -20.868
17	-298.625	25	  83.249	  23.144	  -8.179
18	-253.833	23	  77.104	  36.805	  15.839
19	-249.184	24	 102.654	  10.117	 -29.948
20	-239.649	22	  84.630	 -28.004	 -11.933
21	-237.905	21	 103.988	  -7.102	 -17.247
22	-233.763	21	 109.215	  12.595	 -11.249
23	-232.020	22	  99.778	  18.408	  -8.548
24	-231.955	20	 105.134	  -3.656	   9.720
25	-226.323	21	  76.267	   7.915	   1.960
26	-224.978	22	  85.418	  25.750	  13.323
27	-208.233	20	  68.239	  18.559	  -7.063
28	-207.152	20	  85.121	 -19.135	   2.860
29	-206.180	18	  85.954	   7.984	 -27.108
30	-200.441	19	  69.610	  16.186	  10.087
31	-196.140	19	  98.580	 -15.134	 -18.057
32	-194.479	19	 103.650	 -11.361	   8.703
33	-193.116	19	 112.788	   1.282	 -17.518
34	-192.070	18	  98.220	  20.373	  15.737
35	-185.114	18	  87.600	 -23.681	 -23.467
36	-184.904	18	  87.876	   0.391	   9.843
37	-182.890	17	  80.656	  11.245	 -17.641
38	-178.224	16	  74.105	  -5.532	 -11.015
39	-175.974	17	 105.108	  -8.484	  -1.658
40	-175.866	17	  80.431	  20.489	  17.075
41	-166.126	16	  79.997	 -16.159	 -23.496
42	-161.614	15	  99.250	 -20.377	 -11.105
43	-159.001	16	  92.995	  22.626	  -7.858
44	-155.284	15	  62.796	  19.268	   4.596
45	-149.792	15	  71.118	  27.905	  16.272
46	-138.245	12	 103.637	  20.115	   9.516
47	-136.708	13	  80.434	   2.194	 -28.023
48	-133.702	12	  99.095	  19.754	 -23.946
49	-130.014	13	  82.818	   6.524	  11.174
50	-128.711	10	  79.050	  31.814	  -9.810
51	-127.295	12	  61.869	  30.567	  -3.030
52	-124.594	12	 103.693	 -20.643	  -1.784
53	-124.100	9	  89.271	 -15.078	 -10.924
54	-123.914	13	 113.814	  13.885	 -23.085
55	-120.853	12	  81.803	  15.609	 -11.674
56	-120.253	11	 107.264	  -0.748	   2.843
57	-116.748	10	  78.110	 -27.823	 -23.233
58	-116.372	10	  72.260	  25.710	 -10.567
59	-111.883	10	  93.547	 -25.199	  11.088
60	-111.432	10	  92.590	 -28.281	 -14.800
61	-109.173	11	 108.710	  18.932	 -20.300
62	 -99.520	10	  93.932	 -26.247	   1.327
63	 -91.799	9	  93.931	  -4.885	  12.010
64	 -90.770	9	  76.313	  14.628	  15.347
65	 -84.560	8	  66.140	  40.842	   8.170
66	 -83.012	8	  98.832	 -19.451	  12.311
67	 -80.862	8	 109.938	  13.554	 -32.090
68	 -80.511	8	  73.420	   1.804	 -13.180
69	 -77.430	7	  78.071	 -17.385	  -8.078
70	 -66.511	6	  81.944	  -7.340	 -24.956
71	 -66.357	7	 104.116	 -12.170	 -11.679
72	 -61.219	4	  93.625	   4.087	   4.689
73	 -49.587	5	  63.530	  40.279	  -0.818
74	 -49.586	5	  96.338	   0.117	 -28.756
75	 -47.540	5	  68.090	  12.087	   2.081
76	 -46.842	5	  91.742	   4.878	 -32.539
77	 -45.194	3	  89.105	  -9.401	   2.854
78	 -41.008	4	  80.084	 -13.638	   0.771
79	 -37.783	4	  94.615	 -20.964	  20.541
80	 -37.728	4	  94.866	  13.917	 -28.186
81	 -36.528	4	  76.115	 -25.433	  -9.683
82	 -33.062	3	  98.823	 -25.875	  -5.585
83	 -28.382	3	 108.143	   2.448	 -30.949
84	 -23.123	2	  80.105	  25.527	   7.051
85	 -22.438	2	 115.607	   8.087	 -29.447
86	 -20.398	2	  62.035	  31.481	  11.375
87	 -19.512	2	  70.714	  38.087	  -9.471
88	 -19.200	2	  79.105	  40.087	  -5.458
89	 -18.782	2	  86.583	  36.087	  13.051
90	  -9.975	1	  85.105	 -11.913	   9.051
91	  -9.438	1	 105.105	 -18.913	   6.051
92	  -9.426	1	  74.105	  11.087	 -22.949
93	  -9.233	1	  87.105	  35.087	  -8.949
94	  -9.227	1	  89.105	  20.087	  18.051
95	  -9.027	1	  76.105	  -4.913	 -28.949
96	  -8.957	1	  93.105	 -13.913	 -27.949
97	  -8.927	1	  70.105	  48.087	   4.051
