1	-878.259	75	  -0.260	  13.298	  -8.137
2	-791.935	69	  -5.360	   1.222	   1.671
3	-748.980	73	 -16.840	   5.860	  -5.714
4	-547.775	45	 -10.573	  12.208	  -8.654
5	-519.676	41	 -11.553	 -11.444	 -15.020
6	-358.840	33	  -2.664	  -9.041	 -17.814
7	-347.927	33	 -15.257	 -14.733	  -0.462
8	-338.479	31	  -3.976	  10.663	 -18.323
9	-295.193	26	  10.198	 -12.893	  -7.374
10	-277.901	26	  16.948	  -9.357	 -10.986
11	-254.925	26	  13.117	  -7.127	   7.882
12	-246.328	23	  -9.120	  -8.642	   5.487
13	-236.365	22	  -7.191	  -3.666	 -20.670
14	-221.449	20	   7.403	  -5.086	 -16.742
15	-197.479	19	  -2.216	 -15.271	 -12.269
16	-195.001	19	  10.796	   9.651	 -12.706
17	-182.364	17	  -6.933	  14.776	   0.832
18	-176.659	15	  20.823	  -8.759	   8.788
19	-167.081	14	  21.134	  -2.059	  -2.400
20	-165.145	16	 -21.018	  -5.287	  -7.316
21	-153.862	15	  -2.126	 -20.384	  -2.834
22	-153.500	15	  -6.143	 -18.653	   5.710
23	-152.748	15	   9.422	   0.588	   4.601
24	-149.813	14	 -17.967	   5.025	 -17.331
25	-124.691	12	   4.530	 -15.698	   6.805
26	-115.106	11	  10.243	 -15.577	  -0.102
27	-114.606	11	  -9.055	   3.090	 -23.199
28	-101.610	10	  -9.525	 -18.523	 -10.210
29	 -90.090	9	  14.936	   3.477	 -15.099
30	 -83.082	8	  18.789	 -16.495	   5.971
31	 -76.496	8	  21.903	   4.258	  -7.298
32	 -75.148	4	  -3.325	   5.513	  -6.399
33	 -71.643	7	  20.312	 -14.815	  -2.848
34	 -65.145	6	   4.940	   3.601	 -19.973
35	 -62.903	6	   8.327	  12.281	   2.846
36	 -59.766	6	 -17.616	  10.520	   2.690
37	 -49.275	5	  -5.443	  19.744	 -10.725
38	 -38.846	4	  -5.054	   9.483	   8.462
39	 -28.351	3	  16.842	   6.419	   3.459
40	 -28.294	3	  18.829	  12.417	  -6.602
41	 -19.796	2	   2.177	  18.261	   5.944
42	 -19.452	2	   9.682	  18.238	  -4.538
43	 -10.316	1	 -18.823	  -4.257	 -17.538
44	  -9.752	1	 -20.823	  -2.257	   2.462
45	  -9.590	1	   1.177	   1.743	  10.462
46	  -9.552	1	   5.177	   8.743	   8.462
