1	-1137.951	95	  46.302	  10.006	  -8.911
2	-630.106	53	  55.098	  11.323	   4.842
3	-551.675	48	  38.200	  -1.503	   6.871
4	-349.251	33	  29.295	   7.590	  10.189
5	-333.264	31	  42.774	   8.540	  10.743
6	-256.324	25	  57.043	  11.327	  -7.861
7	-236.720	22	  39.732	  22.877	 -13.812
8	-217.214	18	  37.308	   7.180	 -20.330
9	-206.293	20	  33.379	  18.165	   3.704
10	-198.735	17	  43.950	  13.986	 -17.890
11	-169.729	16	  42.078	  23.071	   6.499
12	-161.404	14	  45.674	  30.444	  -0.862
13	-158.745	14	  53.268	   4.778	   0.812
14	-153.911	15	  24.482	  -4.227	  -7.002
15	-150.746	15	  58.236	  27.187	 -14.758
16	-150.382	14	  62.513	  16.900	  -1.691
17	-144.003	14	  31.296	  -3.103	   9.193
18	-139.903	12	  49.795	  28.589	   6.619
19	-135.035	13	  62.772	  19.902	 -12.438
20	-134.299	13	  26.247	   5.612	 -16.539
21	-123.737	11	  45.205	   5.987	 -17.899
22	-119.619	12	  20.850	   5.343	  -6.035
23	-109.564	11	  26.656	  -4.404	 -15.040
24	-107.882	11	  45.337	  -1.631	   2.164
25	 -99.885	9	  53.757	  18.215	 -18.468
26	 -98.193	10	  34.374	  -7.861	 -15.351
27	 -95.800	9	  57.558	  26.464	   7.528
28	 -91.338	9	  34.540	  19.748	  -7.885
29	 -87.655	8	  46.785	  -2.032	  -5.750
30	 -80.860	8	  56.072	  36.718	  -8.516
31	 -65.663	7	  35.008	  -8.164	  -7.481
32	 -56.881	6	  25.036	  12.434	  -7.841
33	 -49.002	5	  52.230	  21.277	  13.177
34	 -42.552	4	  22.063	  -5.176	   2.053
35	 -38.793	4	  34.034	  13.706	 -21.920
36	 -38.090	4	  30.074	  -8.472	   0.683
37	 -37.960	4	  21.839	   9.482	   2.065
38	 -31.049	3	  49.218	  24.254	 -16.532
39	 -30.663	3	  57.372	  29.366	  -0.306
40	 -28.816	3	  27.500	  15.898	  -0.804
41	 -18.936	2	  45.417	  -4.665	 -12.755
42	 -18.636	2	  61.339	  27.782	  -6.205
43	 -18.507	2	  42.323	  31.209	 -11.149
44	 -10.991	1	  51.856	   4.254	  -6.194
45	 -10.209	1	  31.856	   3.254	  -0.194
46	  -9.855	1	  60.856	  13.254	 -16.194
