1	-740.463	62	   5.772	  28.963	  22.210
2	-628.061	47	  22.389	  30.670	  20.601
3	-383.461	36	  18.250	  42.068	  10.890
4	-378.260	32	  30.565	  21.816	  18.019
5	-349.521	32	  12.402	  23.619	  35.223
6	-344.427	31	  17.087	  26.855	   8.680
7	-330.669	28	  30.134	  35.125	  14.041
8	-312.824	26	   7.013	  24.017	  29.154
9	-304.565	29	   5.617	  37.204	  35.405
10	-302.375	29	  20.891	  32.179	  38.783
11	-290.433	26	   6.297	  37.756	  23.161
12	-274.360	25	   7.464	  23.672	  16.204
13	-271.996	24	  21.590	  25.539	  31.950
14	-265.105	25	  30.286	  43.700	  34.337
15	-250.841	21	  18.040	  45.372	  31.902
16	-245.377	24	  14.767	  39.338	  40.592
17	-238.154	21	  26.877	  35.333	  31.386
18	-194.563	17	  13.174	  48.013	  21.337
19	-171.070	16	   4.802	  29.193	  37.436
20	-159.635	16	  28.440	  29.607	  26.447
21	-147.498	14	  42.056	  32.027	  24.676
22	-132.840	13	   9.066	  36.217	   9.959
23	-129.104	12	  39.533	  43.670	  24.637
24	-121.211	12	  15.721	  17.786	  22.011
25	-103.350	10	  27.103	  47.024	  22.614
26	 -82.550	8	  21.259	  17.376	  28.080
27	 -77.561	8	  35.657	  32.744	  29.081
28	 -76.328	8	  22.475	  18.119	  13.382
29	 -71.926	7	  29.759	  18.817	  28.658
30	 -68.688	7	  10.440	  47.461	  30.556
31	 -67.785	7	  36.058	  39.803	  16.947
32	 -62.634	6	  37.037	  38.879	  35.503
33	 -48.955	5	  37.064	  27.491	  14.844
34	 -42.320	4	  21.942	  40.740	  37.529
35	 -28.845	3	  27.236	  23.231	   8.068
36	 -20.318	2	  36.926	  24.231	  25.549
37	 -18.858	2	   9.449	  45.231	  15.077
38	  -9.878	1	  18.926	  52.231	  27.077
39	  -9.580	1	  18.926	  23.231	  39.077
