1	-877.272	76	  12.568	 -10.076	  21.640
2	-555.874	46	  -7.524	   2.217	  16.369
3	-492.903	48	  -3.984	  12.603	  14.706
4	-452.869	33	  10.969	   2.050	  37.557
5	-392.428	33	   3.044	  18.180	   5.770
6	-374.965	34	  10.925	  15.474	  -2.227
7	-363.894	33	   2.255	  13.414	  23.950
8	-355.341	33	  23.268	   7.766	   1.471
9	-355.073	35	  23.965	 -12.384	   6.274
10	-314.766	27	  -8.285	  -7.378	  16.157
11	-268.612	25	  21.232	  -4.158	  34.751
12	-235.305	22	  30.375	   2.128	  25.256
13	-210.312	20	   2.346	  16.781	  -1.315
14	-203.250	18	  25.698	  15.015	  11.654
15	-196.080	17	  29.912	  -2.177	  16.168
16	-188.942	19	  -3.842	   0.895	  29.236
17	-188.401	16	  -6.838	   1.954	   3.064
18	-185.684	18	  22.394	  12.571	  24.554
19	-183.293	18	  28.036	 -10.731	  20.003
20	-182.497	18	  11.807	 -14.278	  29.438
21	-182.167	17	  17.603	   3.521	  44.240
22	-181.952	18	   7.575	 -20.931	  12.388
23	-174.643	16	   0.775	  -8.079	  -0.732
24	-163.655	16	   9.842	  12.753	  33.026
25	-156.137	15	   8.497	  -4.665	  -2.993
26	-152.984	15	  -8.411	   9.866	   4.328
27	-148.293	15	  11.489	 -18.407	   4.406
28	-142.277	13	  21.800	   8.302	  31.924
29	-137.011	13	  17.101	 -17.651	  14.468
30	-130.882	12	  -0.813	   1.196	  -3.986
31	-129.835	12	  19.080	  18.765	   2.066
32	-123.562	9	  -0.685	 -18.192	  17.510
33	-120.183	11	  29.636	   7.521	  15.874
34	-116.720	12	  -4.172	  -6.423	  30.095
35	-112.599	11	   4.587	   8.811	  -8.836
36	-110.853	11	  17.755	 -12.693	  -3.751
37	-110.232	11	  15.352	  -0.245	  -2.699
38	-110.076	11	  20.058	  18.181	  18.211
39	-110.065	10	   3.569	   7.367	  33.218
40	-106.011	9	  -7.218	  -2.510	   9.128
41	-103.079	10	  -6.264	 -12.958	   5.307
42	-100.735	9	   6.125	 -13.049	  36.437
43	 -99.510	6	  22.570	   5.229	  12.014
44	 -95.905	9	   6.099	  -5.327	  40.281
45	 -87.840	9	  -0.769	 -18.520	  28.298
46	 -84.875	8	   8.318	 -22.209	  20.957
47	 -83.232	8	  -8.195	 -17.138	  13.966
48	 -62.871	6	  27.929	  -0.171	   3.556
49	 -62.395	6	  11.280	  20.790	  14.136
50	 -61.634	6	  -5.821	   9.479	  24.769
51	 -53.052	5	  -0.589	 -20.177	   6.840
52	 -39.943	4	  14.503	   6.289	  -5.978
53	 -38.244	4	   5.502	 -13.144	  -1.518
54	 -30.320	3	  28.287	  -7.323	   4.917
55	 -10.664	1	  13.480	  10.006	  18.750
56	  -9.038	1	  25.480	 -17.994	  14.750
