1	-973.551	83	 -35.255	   8.071	  38.655
2	-547.587	50	 -33.200	  15.478	  39.813
3	-491.529	46	 -55.108	  22.208	  27.716
4	-470.896	41	 -47.702	   6.611	  33.056
5	-457.554	43	 -19.725	  12.583	  22.756
6	-448.272	41	 -32.728	   4.926	  21.118
7	-426.137	40	 -31.374	  20.485	  16.952
8	-368.439	32	 -53.318	  13.977	  22.971
9	-275.150	27	 -24.165	  23.205	  31.069
10	-242.919	23	 -31.357	  -2.778	  29.457
11	-230.965	22	 -23.193	   2.782	  30.825
12	-222.654	20	 -55.322	  20.173	  17.756
13	-190.951	18	 -44.074	  11.867	  11.298
14	-184.477	17	 -47.642	  23.189	  13.905
15	-163.794	16	 -34.185	  15.199	  49.220
16	-158.874	16	 -57.837	  26.155	  23.069
17	-149.705	14	 -48.178	   9.519	  39.911
18	-147.539	13	 -43.642	  31.462	  29.477
19	-126.099	12	 -46.946	  24.637	  36.081
20	-120.480	13	 -25.881	   7.941	  37.810
21	-109.426	8	 -34.062	   9.169	  31.441
22	-107.882	10	 -46.073	  17.625	  41.411
23	 -94.292	10	 -54.676	  14.886	  32.730
24	 -92.393	9	 -31.841	   7.873	  48.674
25	 -86.370	9	 -40.255	   8.360	  48.125
26	 -79.783	8	 -29.337	  27.902	  25.690
27	 -66.707	7	 -14.811	  13.632	  29.273
28	 -55.485	5	 -46.182	   0.506	  39.829
29	 -49.024	5	 -52.342	  11.062	  15.088
30	 -48.578	5	 -49.400	   6.546	  25.785
31	 -39.549	4	 -39.211	  30.176	  19.816
32	 -38.375	4	 -50.929	  30.346	  19.478
33	 -32.108	3	 -36.494	  27.838	  31.399
34	 -28.284	3	 -28.273	   9.888	  14.998
35	 -21.124	2	 -38.746	  -4.098	  34.044
36	 -19.817	2	 -34.209	  15.409	  11.017
