1	-1293.605	115	  21.472	  14.249	  14.430
2	-1149.712	102	  23.441	  11.339	  23.597
3	-1093.275	94	  15.848	  10.394	  32.643
4	-1081.968	92	  34.188	   4.338	  26.811
5	-972.984	72	  20.855	   2.054	  34.783
6	-634.588	52	  25.519	  -0.151	   8.499
7	-545.567	48	  13.857	  10.547	   3.170
8	-435.968	39	  26.631	  21.936	  19.267
9	-414.495	38	  36.900	  25.002	  15.036
10	-361.050	30	  36.015	   9.154	   2.490
11	-332.154	30	  20.081	  30.069	  10.387
12	-295.129	27	  43.693	  10.215	  11.580
13	-294.672	26	  17.235	  17.154	   2.811
14	-293.676	26	   3.966	  15.043	   8.255
15	-283.250	25	  17.921	  19.548	  27.263
16	-281.812	24	  11.139	  -3.744	  31.371
17	-277.302	24	   6.611	  25.452	  22.831
18	-244.866	21	  17.340	   2.812	   1.660
19	-243.166	22	   8.246	  26.225	  14.750
20	-234.378	21	  28.028	  10.585	  11.688
21	-229.947	18	   4.042	   9.595	  31.440
22	-225.076	21	  44.179	   3.114	  21.519
23	-214.021	17	   4.568	  17.798	  37.009
24	-212.280	20	  39.663	   6.785	  32.118
25	-207.287	18	  26.277	  -8.185	  20.863
26	-206.521	19	  28.474	  -8.648	  10.855
27	-203.460	20	  38.196	  12.416	  19.535
28	-202.293	18	   9.491	  -0.761	  15.854
29	-195.690	18	  32.500	   5.453	  40.490
30	-195.477	18	  32.425	  -0.937	   0.697
31	-194.476	18	  15.620	  19.557	  -4.096
32	-193.981	16	   5.029	  22.802	  29.682
33	-184.406	17	  28.479	  16.763	   3.934
34	-164.522	12	   7.507	   7.267	  13.284
35	-162.158	14	  14.902	  -5.072	  20.324
36	-160.788	14	   3.539	  14.252	  24.706
37	-160.052	16	  32.234	   4.008	   6.175
38	-159.402	14	  18.212	  -7.307	   9.581
39	-153.579	13	   6.600	  30.923	  34.296
40	-147.598	14	  11.008	  -3.543	   6.005
41	-121.628	11	  14.129	  27.382	  30.946
42	-120.271	12	   9.092	   5.298	  40.167
43	-119.842	10	  37.717	  -5.318	  13.521
44	-116.303	11	  45.501	  10.571	  -0.817
45	-112.003	10	  44.396	   0.741	   8.834
46	-107.758	10	   8.251	  24.041	  43.411
47	-105.174	11	   6.175	  12.857	  -4.841
48	 -96.781	10	  35.412	  -3.150	  39.488
49	 -91.581	8	  20.713	  26.807	  23.299
50	 -91.033	8	  44.602	   1.662	  37.955
51	 -91.018	8	  41.125	  -6.106	  35.265
52	 -90.315	8	  28.520	  -9.173	  38.908
53	 -87.990	8	  11.947	  26.151	  -1.174
54	 -86.107	8	  15.533	   1.159	  42.199
55	 -85.337	8	  18.338	  -8.101	  -2.897
56	 -84.360	8	  45.093	  -4.560	  -3.343
57	 -80.380	8	  49.829	   4.146	  33.244
58	 -67.649	7	  12.084	  16.794	  40.327
59	 -64.884	6	  27.056	 -10.055	   3.566
60	 -60.269	6	  50.173	  -3.284	  28.332
61	 -59.429	6	  24.108	  -8.936	  45.899
62	 -58.635	6	  25.585	  12.013	  35.200
63	 -57.545	6	  33.641	  20.946	  -0.673
64	 -47.268	5	  49.327	   4.112	  -6.915
65	 -40.269	4	   4.616	   2.028	  26.726
66	 -38.658	4	  43.576	  -5.728	  25.001
67	 -37.449	4	  17.833	  -9.206	  40.273
68	 -30.275	3	  37.246	  -8.510	   4.095
69	 -29.674	3	  10.733	  -1.845	  -3.608
70	 -29.144	2	  14.712	  19.527	  11.508
71	 -28.557	3	  22.656	  -1.831	   1.212
72	 -28.182	3	  36.310	  -9.151	  27.802
73	 -20.387	2	  35.897	  25.320	  22.949
74	 -20.074	2	  10.338	  -5.473	  38.976
75	 -18.904	2	  40.338	   1.527	  -6.995
76	 -18.738	2	  42.768	  20.050	   4.844
77	 -16.367	1	  29.338	  -1.473	  24.508
78	 -10.562	1	  17.338	  34.527	  20.508
79	  -9.742	1	  26.338	  32.527	  16.508
80	  -9.199	1	  11.338	  28.527	   7.508
81	  -9.167	1	  26.338	   0.527	  46.508
82	  -9.164	1	   3.338	  20.527	   2.508
83	  -9.056	1	   5.338	   1.527	   0.508
84	  -9.035	1	  24.338	 -11.473	  28.508
85	  -8.951	1	  30.338	  27.527	   4.508
86	  -8.939	1	  23.338	  22.527	  -4.492
