1	-712.671	61	 -26.767	   2.128	 -10.695
2	-649.750	59	 -29.607	 -10.395	 -11.384
3	-593.001	56	 -16.529	  -8.333	 -24.657
4	-552.731	52	  -7.077	  10.808	 -17.518
5	-496.424	45	 -38.577	   7.009	 -28.487
6	-483.672	45	 -13.649	 -14.769	 -17.823
7	-464.715	44	 -20.793	 -20.383	 -20.773
8	-452.966	38	 -42.207	  21.147	 -27.463
9	-390.037	36	 -25.833	   0.821	   1.406
10	-373.137	33	 -24.001	  -3.749	 -27.812
11	-367.809	34	  -1.646	   5.401	  -5.541
12	-366.828	32	 -23.571	 -18.319	  -1.312
13	-344.127	29	 -37.067	  17.918	 -37.724
14	-315.536	27	 -23.933	  -5.764	   7.973
15	-309.287	29	 -34.414	 -11.575	 -16.882
16	-303.568	26	  -6.477	  -5.377	 -11.414
17	-293.722	27	 -42.423	   0.689	 -21.505
18	-287.860	27	 -25.634	  -2.691	 -40.627
19	-276.801	24	  -6.566	  -2.691	   4.360
20	-269.689	26	 -34.117	   8.667	 -34.759
21	-265.823	25	 -27.540	  15.859	 -24.313
22	-253.054	24	 -10.529	 -11.162	   3.977
23	-251.880	23	  -8.458	 -14.843	  -7.154
24	-250.807	25	 -29.534	  21.200	 -34.099
25	-244.977	24	 -25.964	   9.134	 -41.973
26	-237.282	24	 -32.049	  -4.570	 -30.964
27	-228.473	21	 -17.303	  -0.085	 -47.966
28	-221.322	21	 -30.086	 -13.539	 -30.012
29	-201.456	18	 -14.111	 -15.813	  -0.051
30	-201.406	20	 -26.010	   5.574	 -29.793
31	-189.470	19	 -15.625	  13.230	 -23.778
32	-187.022	17	 -30.212	 -18.861	 -23.917
33	-177.483	18	 -19.586	  -8.286	 -33.515
34	-174.306	16	 -45.940	  -6.597	 -22.894
35	-157.967	14	 -15.849	  13.878	   1.009
36	-144.707	14	  -4.845	   5.087	   5.323
37	-143.637	14	  -2.491	  12.407	 -12.407
38	-140.329	14	  -5.852	  -5.711	 -19.475
39	-132.177	13	 -10.072	  11.445	   4.619
40	-128.481	13	 -31.989	 -23.463	 -12.549
41	-112.091	11	 -17.641	   5.292	 -25.279
42	-105.355	10	 -38.352	 -13.441	 -24.361
43	 -99.828	10	 -38.469	   0.698	 -39.962
44	 -96.714	10	 -22.996	  15.889	 -50.673
45	 -92.756	9	 -34.094	  13.415	 -22.163
46	 -91.599	9	 -23.840	  15.455	 -12.408
47	 -91.176	8	 -48.053	  17.464	 -31.182
48	 -85.432	8	 -34.148	  -9.830	   1.413
49	 -85.351	5	 -24.603	 -14.057	 -20.869
50	 -77.774	8	 -52.406	  14.021	 -25.861
51	 -72.110	7	  -6.330	  15.919	  -2.273
52	 -70.093	7	 -27.057	  22.941	 -45.089
53	 -69.221	7	 -15.332	   1.839	   9.027
54	 -67.932	7	 -13.900	   4.507	 -38.405
55	 -64.563	6	 -31.876	  -1.127	 -20.465
56	 -61.825	6	 -50.384	   7.163	 -29.643
57	 -58.956	6	 -52.735	   1.345	 -23.223
58	 -54.451	5	 -17.537	  18.557	  -4.495
59	 -51.893	5	 -48.043	  10.800	 -37.008
60	 -40.074	4	 -43.984	 -10.612	 -15.640
61	 -36.985	4	 -25.528	  11.617	   3.324
62	 -36.983	4	 -30.043	  -0.369	   8.298
63	 -30.935	3	 -43.043	   8.406	 -21.681
64	 -30.188	3	 -42.680	  -1.292	 -31.340
65	 -28.604	3	 -15.042	  15.701	 -47.020
66	 -28.414	3	  -0.692	  -2.929	  -0.365
67	 -20.269	2	 -15.574	   9.369	 -52.681
68	 -19.748	2	 -52.043	  -2.693	 -15.150
69	 -18.890	2	 -36.043	  21.887	 -21.693
70	 -18.061	2	 -11.043	   6.369	 -46.692
71	 -13.041	1	 -24.043	   7.369	 -18.681
72	 -10.785	1	 -17.043	  18.369	 -16.681
73	 -10.076	1	 -15.043	 -25.631	 -12.681
74	  -9.106	1	 -28.043	  14.369	  -3.681
75	  -8.972	1	 -42.043	  -3.631	 -11.681
76	  -8.963	1	 -27.043	 -26.631	 -19.681
