1	-592.532	54	  19.305	   7.831	  28.352
2	-592.197	50	  41.400	  11.777	  16.379
3	-548.831	52	  12.130	  11.857	  -5.548
4	-446.410	40	  31.854	 -15.275	  28.987
5	-444.176	35	  24.452	  13.679	  16.844
6	-439.073	40	  17.055	   6.499	  17.100
7	-438.888	38	  24.100	   9.794	  34.065
8	-397.620	38	  23.423	 -13.167	  18.594
9	-384.313	35	   4.517	  20.284	   1.434
10	-382.298	35	  23.299	   2.490	  46.746
11	-378.104	37	  17.116	  18.891	   0.540
12	-346.236	32	  43.748	   0.235	  21.907
13	-343.524	33	  47.809	   8.695	  28.695
14	-335.213	30	  21.738	   9.509	  -6.756
15	-330.443	31	  16.247	  -7.422	  17.478
16	-295.098	28	   9.755	  12.140	  38.676
17	-291.952	28	  15.427	 -10.064	  40.676
18	-285.954	27	  33.935	  11.642	  38.423
19	-233.141	22	  32.578	  -8.894	  38.528
20	-232.136	23	  26.461	  -3.212	   8.350
21	-223.653	22	   8.814	   0.306	  44.418
22	-223.053	21	  -4.327	  21.180	   2.705
23	-207.020	21	  20.120	  10.846	   4.366
24	-192.129	18	  35.277	  21.231	  25.794
25	-181.653	18	  11.251	  27.120	  -4.656
26	-179.084	18	  33.075	   0.501	  43.793
27	-167.345	16	  42.520	  16.433	  33.416
28	-161.531	16	  12.149	   0.516	  -4.558
29	-161.278	15	   3.968	  -8.916	  37.045
30	-157.461	15	  10.432	 -18.268	  29.623
31	-149.056	13	   5.124	  -1.100	  22.844
32	-138.484	14	  19.522	 -19.982	  27.072
33	-137.398	13	  17.443	   5.136	   6.814
34	-134.315	13	  40.866	  -1.301	  37.744
35	-131.840	13	  13.909	  17.385	 -10.923
36	-128.663	12	  35.834	  18.553	  16.247
37	-123.736	12	  -6.862	  23.330	  -5.663
38	-123.660	12	  -2.952	  10.087	  -6.537
39	-119.321	10	  24.736	  17.803	  23.608
40	-112.565	11	  24.233	  17.704	 -11.098
41	-112.127	11	  10.820	 -13.335	  19.849
42	-111.843	11	  37.989	   5.977	   9.004
43	-110.651	11	  28.588	  22.146	  32.672
44	-108.333	10	   0.065	  28.292	  -4.534
45	-104.377	10	   2.207	   3.457	  29.351
46	-103.223	10	   0.028	  27.177	   4.467
47	-100.863	10	  25.517	 -13.686	  37.777
48	 -97.328	10	  40.158	  -3.513	  11.073
49	 -93.907	9	   3.898	 -14.029	  31.251
50	 -92.401	9	  43.151	  -4.751	  30.241
51	 -90.756	9	   3.152	   5.176	 -15.085
52	 -88.277	9	  11.229	  12.651	 -15.174
53	 -87.082	9	  44.099	  21.585	  21.313
54	 -84.747	8	  12.632	   2.794	  20.676
55	 -83.909	8	  33.166	  12.672	   9.037
56	 -83.434	8	   1.650	   4.739	  38.164
57	 -79.378	8	  19.354	  15.105	  37.965
58	 -77.211	8	   7.751	   8.054	   2.907
59	 -72.948	7	  43.122	   6.066	  38.714
60	 -70.819	7	  21.950	   1.885	 -18.053
61	 -68.906	7	  37.253	  -9.663	  19.438
62	 -68.601	7	   1.254	  -9.370	  22.203
63	 -67.400	7	  16.013	  31.153	   3.120
64	 -59.046	6	  27.592	 -17.261	  23.523
65	 -58.134	6	  25.865	  11.392	  48.084
66	 -49.392	5	   6.309	  32.920	   4.773
67	 -45.689	5	  11.306	  10.570	  12.168
68	 -41.007	4	  24.818	  -6.879	  44.407
69	 -38.949	4	   0.028	  20.680	 -10.808
70	 -38.230	4	  30.619	   2.923	   5.426
71	 -30.541	3	  22.110	   0.616	  -9.844
72	 -29.994	3	  13.472	  25.920	   7.477
73	 -21.150	2	   1.110	   1.920	  -3.352
74	 -16.327	1	  27.110	   9.920	  25.177
75	  -9.975	1	  -0.890	   7.920	   2.177
76	  -9.343	1	  12.110	   7.920	  48.177
77	  -9.086	1	  42.110	 -11.080	  26.177
78	  -9.042	1	  24.110	  13.920	 -17.823
