1	-763.502	69	  24.960	  12.528	  24.930
2	-522.207	48	  17.509	   8.205	   9.265
3	-492.876	42	  -3.565	 -11.541	  34.336
4	-452.692	34	  -5.179	  -2.178	  29.675
5	-442.702	38	  -6.770	 -12.370	  17.416
6	-406.145	39	   0.762	  12.466	  37.718
7	-395.399	34	  23.745	  15.009	   5.155
8	-380.073	34	   1.293	  -6.277	  19.390
9	-368.627	32	   9.568	  -3.889	  18.003
10	-348.261	21	  15.475	   1.223	  31.109
11	-336.196	31	  11.853	 -18.664	  38.494
12	-335.451	30	   9.567	   2.703	  19.911
13	-334.715	31	  23.023	  -0.278	  16.282
14	-320.893	29	  -0.064	   3.906	  43.161
15	-312.213	31	   0.743	  18.076	   5.780
16	-310.307	23	   1.489	   3.288	  26.950
17	-279.980	21	  23.591	  -0.496	  36.872
18	-278.917	25	  25.619	  19.735	  15.348
19	-271.337	25	   7.703	 -20.557	  14.677
20	-262.747	24	  13.528	   3.589	  44.081
21	-262.049	22	  23.743	 -14.104	  24.854
22	-261.501	24	   9.375	  28.112	  26.558
23	-260.474	25	   3.138	 -19.645	  33.964
24	-258.212	22	   6.652	  -3.835	  43.338
25	-241.313	21	   2.152	  26.456	  19.013
26	-229.776	22	  21.305	  21.685	  29.188
27	-214.524	21	  21.553	  26.765	  19.743
28	-211.468	20	  26.814	  -1.787	  24.697
29	-209.588	21	   3.983	   7.937	  16.311
30	-200.859	19	  16.423	  19.585	  -4.327
31	-197.671	18	  -5.020	  -0.556	  39.480
32	-187.211	17	  10.777	  26.840	  -0.552
33	-173.420	17	  25.547	   9.698	  12.732
34	-167.524	17	  25.191	   9.168	  37.864
35	-157.270	16	  -5.651	 -19.901	  22.652
36	-154.190	15	 -10.707	 -14.600	  27.985
37	-147.012	14	  -4.563	  10.498	  30.349
38	-139.140	13	   7.081	  12.960	  42.893
39	-138.986	13	   6.875	  33.315	  11.976
40	-138.450	13	  27.749	 -10.989	  11.588
41	-133.151	12	  12.325	  24.218	  31.942
42	-131.941	13	  16.755	  -4.120	  45.283
43	-120.892	11	  19.339	  17.874	  36.806
44	-115.653	11	   2.029	  21.563	  35.129
45	-101.875	10	  18.912	 -22.753	  17.995
46	-101.043	10	  16.150	  34.097	  12.944
47	 -94.119	9	   4.823	 -11.350	  10.869
48	 -91.091	9	  -2.475	  17.557	  26.446
49	 -87.163	8	  20.721	  28.505	   4.115
50	 -84.769	8	   0.243	  28.095	  11.414
51	 -76.768	8	 -14.200	 -10.583	  20.198
52	 -75.796	7	  14.030	 -23.759	  27.065
53	 -74.348	7	   9.038	  20.806	  39.509
54	 -70.401	7	 -14.230	  -4.916	  29.648
55	 -69.610	7	  21.756	  -9.984	  42.499
56	 -61.568	6	  20.216	 -13.143	   7.120
57	 -49.608	3	   8.689	  10.233	  24.110
58	 -46.169	5	   2.842	   8.924	  47.387
59	 -40.234	4	  19.812	 -21.550	  32.986
60	 -37.846	4	   5.578	   9.381	   2.325
61	 -37.571	4	  13.602	 -19.308	   7.794
62	 -30.446	3	  24.063	 -19.722	  13.155
63	 -30.249	3	  23.351	   8.971	  -3.546
64	 -30.245	3	   9.752	  33.593	   2.803
65	 -29.957	3	  -0.326	 -21.386	  14.484
66	 -26.057	2	  14.636	 -12.074	  21.803
67	 -19.103	2	  13.050	  -5.559	  11.318
68	 -12.287	1	  -1.950	  18.926	  17.803
69	 -10.624	1	  18.050	  15.926	  13.803
70	 -10.465	1	   1.050	 -13.074	  41.803
71	 -10.286	1	   8.050	  21.926	  11.803
72	 -10.244	1	  16.050	  15.926	  43.803
73	  -9.031	1	  24.050	 -15.074	  36.803
74	  -9.001	1	 -11.950	  -1.074	  21.803
