1	-783.488	69	  11.171	  77.329	  45.229
2	-648.026	60	  13.532	  70.662	  24.399
3	-639.747	53	   7.318	  97.613	  23.463
4	-568.808	52	  -2.472	  88.702	  27.016
5	-547.343	52	  23.207	  70.547	  32.197
6	-529.048	41	  14.616	  85.559	  41.514
7	-343.192	32	  -6.524	  76.013	  38.956
8	-298.624	29	  26.215	  85.432	  36.645
9	-297.485	30	  -3.434	  63.401	  22.892
10	-295.586	26	  29.542	  86.539	  24.871
11	-274.972	23	  14.526	  93.210	  39.566
12	-262.102	24	  14.409	  76.775	  15.778
13	-260.197	25	   5.390	  74.297	   7.661
14	-253.162	22	  15.193	  61.854	  35.454
15	-243.378	23	  17.520	  98.240	  21.951
16	-229.453	22	  -1.809	  91.347	  15.953
17	-215.720	20	   5.692	  97.048	  36.926
18	-207.700	20	  10.642	  84.719	   8.776
19	-184.405	18	  -9.978	  79.980	  32.562
20	-182.814	17	  25.437	  77.942	  21.399
21	-159.081	15	  -1.500	  82.267	  44.819
22	-145.922	14	  -9.950	  74.807	  18.730
23	-141.732	14	   4.975	  65.304	  16.453
24	-136.510	14	   5.602	  94.872	   9.987
25	-128.571	12	  20.380	  95.895	  14.347
26	-123.518	12	   5.645	  66.035	  43.273
27	-119.938	11	  19.902	  60.284	  27.131
28	-116.508	11	  -3.887	  88.722	  34.383
29	-114.253	11	   0.293	  92.434	  41.016
30	-109.285	11	  26.022	  94.335	  27.889
31	-101.536	10	   0.032	  72.367	  46.641
32	-101.206	6	   3.759	  73.680	  18.252
33	-100.216	10	  17.392	  99.594	  30.243
34	 -95.360	9	  21.535	  83.198	  13.181
35	 -88.883	9	  -5.086	  74.842	   9.001
36	 -87.035	9	  24.668	  69.971	  21.320
37	 -82.846	8	  32.152	  77.037	  26.443
38	 -69.504	7	  -5.216	  65.443	  36.480
39	 -68.514	7	   1.777	  58.789	  32.524
40	 -63.827	6	 -10.733	  71.542	  28.514
41	 -57.445	6	  -9.741	  85.518	  20.456
42	 -48.359	5	   1.094	  84.797	   6.121
43	 -40.400	4	  11.229	  61.925	  25.955
44	 -38.699	4	  20.919	  77.265	  42.066
45	 -28.535	3	   3.288	 100.020	  14.376
46	 -19.358	2	  -5.569	  65.013	  15.320
47	 -19.014	2	 -10.087	  83.013	  11.823
48	 -17.986	2	  23.913	  96.513	  35.820
49	 -12.691	1	   8.913	  76.013	  38.320
50	 -10.376	1	  -1.087	  98.013	  24.320
51	  -9.832	1	  22.913	  87.013	  43.320
52	  -8.941	1	  20.913	  91.013	   6.320
