1	-686.155	64	  70.636	  29.801	  68.670
2	-556.720	45	  72.974	  66.563	 105.298
3	-544.211	42	  47.193	  15.352	  93.943
4	-538.462	46	  71.652	  41.778	  68.323
5	-523.095	49	  52.191	  24.819	  86.837
6	-506.367	48	  36.578	  21.480	  98.296
7	-484.598	45	  33.979	  22.444	  73.169
8	-460.232	41	  79.688	  39.819	  81.100
9	-429.595	38	  65.402	  53.769	  91.179
10	-418.592	35	  25.312	   7.622	  81.974
11	-413.777	40	  66.439	  31.201	  86.402
12	-402.650	37	  50.807	   9.362	  67.415
13	-400.605	37	  66.509	  19.460	  77.465
14	-383.647	37	  68.649	  79.460	  97.064
15	-374.627	35	  45.594	  21.913	  75.389
16	-373.620	36	  74.462	  76.967	  90.019
17	-367.930	36	  25.944	  13.225	  73.522
18	-314.729	30	  63.325	  55.787	  80.772
19	-304.762	27	  51.101	  49.175	  70.225
20	-295.556	26	  56.855	  39.450	  62.320
21	-292.497	26	  64.278	  23.990	  60.367
22	-290.911	28	  77.994	  64.595	  89.580
23	-285.517	27	  47.013	  28.499	  61.583
24	-277.312	22	  53.952	  19.655	  59.183
25	-276.593	21	  60.856	  23.483	  84.516
26	-271.182	25	  48.423	   3.334	  88.448
27	-247.571	22	  53.869	  37.317	  82.930
28	-234.353	22	  80.420	  65.901	  98.048
29	-232.185	22	  65.739	  65.748	  93.228
30	-221.106	20	  37.111	  24.705	  79.922
31	-217.129	20	  84.092	  44.516	  92.409
32	-211.870	20	  32.428	   4.223	  78.377
33	-204.255	18	  75.524	  59.219	 102.785
34	-204.122	19	  70.421	  51.420	  66.991
35	-197.194	19	  57.016	   8.951	  85.981
36	-196.810	19	  57.201	  47.282	  86.732
37	-195.718	19	  62.016	  67.566	 100.010
38	-194.614	19	  59.800	  54.370	  66.440
39	-194.310	18	  65.515	  15.095	  68.409
40	-193.045	18	  85.128	  55.049	  83.379
41	-191.462	19	  81.855	  54.777	  96.230
42	-190.140	19	  19.598	  22.500	  84.005
43	-189.652	18	  35.662	   1.074	  87.164
44	-183.553	17	  63.406	  35.535	  59.938
45	-182.594	17	  63.128	  11.319	  80.093
46	-180.977	17	  43.723	  23.182	  83.256
47	-166.804	16	  32.876	   6.873	  68.407
48	-165.361	16	  23.391	  25.348	  96.544
49	-156.790	15	  42.482	  18.961	  65.754
50	-155.590	15	  37.258	  30.966	  94.301
51	-152.279	14	  69.507	  56.736	  75.384
52	-150.679	15	  20.918	  16.407	  78.093
53	-147.734	15	  37.668	  13.173	  65.741
54	-147.131	14	  58.270	  31.734	  88.202
55	-144.582	15	  57.848	  16.662	  87.147
56	-143.996	14	  58.408	  76.257	  98.132
57	-143.331	14	  77.161	  31.854	  79.549
58	-141.918	14	  73.537	  36.637	  92.509
59	-141.869	13	  30.289	   8.551	  94.223
60	-141.688	14	  49.273	  39.528	  63.571
61	-132.876	13	  55.779	  30.158	  55.686
62	-130.477	12	  43.957	  11.277	 100.303
63	-125.085	13	  59.728	  44.620	  96.727
64	-121.756	12	  48.145	  38.811	  75.162
65	-120.678	12	  22.162	  14.937	  94.875
66	-113.673	10	  47.016	  29.189	  74.249
67	-112.082	11	  80.522	  77.870	  99.922
68	-112.059	11	  57.796	  38.397	  91.399
69	-111.951	11	  63.944	  55.813	 100.676
70	-101.919	10	  77.386	  50.240	  74.243
71	 -99.974	10	  73.648	  51.498	 100.838
72	 -83.204	6	  49.521	   2.794	  77.341
73	 -72.028	7	  70.630	  61.340	  84.374
74	 -70.155	7	  74.683	  75.099	 106.881
75	 -69.865	7	  25.275	  31.839	  88.259
76	 -58.785	6	  69.619	  69.257	  86.766
77	 -52.884	5	  62.328	  43.846	  59.229
78	 -51.623	5	  65.920	  82.197	  88.166
79	 -48.431	5	  59.489	   7.211	  69.509
80	 -46.021	4	  60.411	  83.424	  93.905
81	 -40.664	4	  84.842	  47.456	  80.560
82	 -39.991	4	  43.922	  27.382	  90.581
83	 -39.784	4	  44.900	   3.662	  70.108
84	 -38.152	4	  25.621	  27.659	  72.577
85	 -37.918	4	  74.134	  43.938	  97.581
86	 -37.623	4	  60.369	  74.155	  90.362
87	 -37.245	4	  41.119	  -2.081	  81.821
88	 -29.117	3	  82.416	  82.116	  92.951
89	 -28.858	3	  88.758	  54.433	  91.231
90	 -27.080	3	  66.435	  43.422	 100.249
91	 -20.670	2	  60.645	  34.351	  73.971
92	 -20.012	2	  19.520	  12.129	  88.052
93	 -18.452	2	  28.594	  34.921	  80.581
94	  -9.336	1	  70.108	  76.424	  83.581
95	  -9.205	1	  45.108	   2.424	  97.581
