1	-1505.045	138	 103.279	  -2.854	  57.422
2	-1078.062	89	 103.617	   8.287	  34.539
3	-749.740	69	  92.736	 -15.292	  30.559
4	-746.432	63	  85.717	  -5.034	  30.487
5	-576.343	54	 127.870	   1.413	  35.229
6	-538.499	42	  82.249	  12.168	  47.278
7	-535.610	44	 123.371	  -4.878	  42.382
8	-511.635	35	  99.548	   0.579	  22.841
9	-437.769	41	  88.448	  -8.296	  57.048
10	-437.409	40	 110.877	 -17.345	  38.087
11	-407.618	39	 105.668	  21.005	  39.163
12	-388.224	34	  86.806	   4.436	  61.271
13	-351.632	22	  91.249	   2.501	  25.135
14	-348.364	33	 110.443	  22.622	  51.120
15	-342.506	31	  98.219	  -9.477	  11.999
16	-335.096	29	 113.159	  -9.497	  28.418
17	-333.942	32	  89.574	  -5.070	  14.369
18	-333.917	32	  98.499	 -18.003	  35.464
19	-282.344	25	 123.634	   0.810	  55.296
20	-278.248	25	  95.191	   9.727	  68.779
21	-275.689	26	 122.207	  14.689	  52.296
22	-274.279	26	  84.492	  -5.110	  38.205
23	-271.352	24	  89.476	  15.523	  56.879
24	-269.654	25	  87.801	  21.192	  48.503
25	-264.367	24	 120.063	 -12.221	  50.291
26	-251.148	24	  90.508	  23.027	  42.100
27	-248.960	22	 115.294	 -12.053	  58.115
28	-240.579	21	 105.227	 -19.467	  44.151
29	-232.740	22	  83.508	  19.730	  34.778
30	-228.276	19	 113.915	  -6.575	  20.412
31	-219.572	20	  94.130	 -16.186	  46.406
32	-216.429	20	 114.018	  21.853	  59.827
33	-210.158	19	 100.603	 -24.053	  28.392
34	-206.909	21	  84.231	  -5.712	  20.787
35	-200.389	13	 103.188	   3.476	  50.197
36	-192.002	18	 104.628	   1.503	  64.658
37	-188.701	17	 107.982	 -16.050	  15.276
38	-188.041	19	  83.199	   2.634	  40.565
39	-187.712	19	 116.802	   6.129	  67.694
40	-184.563	18	  99.075	  17.049	  31.689
41	-184.135	15	 104.998	 -17.001	  53.840
42	-180.757	17	  89.061	   9.539	  23.213
43	-167.085	16	  95.687	 -26.715	  21.215
44	-160.494	16	 108.770	  16.186	  68.538
45	-157.691	14	  97.916	   9.336	  23.651
46	-148.228	15	 122.571	  12.259	  34.124
47	-147.294	14	 110.649	   9.565	  31.261
48	-144.181	15	 127.405	   3.871	  45.583
49	-144.154	14	 112.966	  -5.278	  12.778
50	-131.970	13	 119.264	  -0.109	  24.191
51	-123.487	12	 108.043	 -20.986	  24.812
52	-121.449	12	 119.235	 -10.998	  37.791
53	-119.404	12	 122.129	  17.224	  42.154
54	-117.362	11	 103.124	  25.829	  48.010
55	-111.358	11	  78.797	  13.354	  38.341
56	-109.990	10	 118.855	   7.371	  28.902
57	-103.197	10	  92.188	  21.621	  31.508
58	 -98.545	10	 123.854	  11.313	  58.469
59	 -98.034	8	 115.107	  -3.436	  63.399
60	 -97.739	10	  85.224	 -21.418	  29.696
61	 -97.649	9	 106.188	  -0.012	  16.900
62	 -93.145	7	  82.399	 -16.050	  20.489
63	 -88.036	8	  97.133	  -6.472	  60.088
64	 -81.941	8	  84.840	 -15.526	  11.735
65	 -76.514	8	 116.044	  14.922	  36.491
66	 -70.454	7	  94.170	  20.708	  60.141
67	 -67.163	7	  96.122	   1.006	  66.167
68	 -66.274	6	  83.677	   6.956	  28.317
69	 -51.072	5	 102.079	 -24.652	  11.373
70	 -47.766	5	  80.326	 -14.615	  32.608
71	 -47.141	5	 105.267	  23.376	  60.712
72	 -38.916	2	 113.282	   0.574	  28.447
73	 -38.748	4	 104.265	 -27.427	  21.211
74	 -38.146	4	 112.309	   6.574	  23.003
75	 -38.054	4	  84.531	  -8.213	  48.972
76	 -37.561	4	 125.282	   5.048	  24.735
77	 -31.078	3	  81.644	   7.287	  54.022
78	 -30.032	3	  76.282	  21.574	  41.726
79	 -20.577	2	 106.764	  -9.426	   9.735
80	 -20.173	2	  91.282	 -12.916	   7.735
81	 -19.954	2	  95.815	  26.107	  50.670
82	  -9.508	1	 131.282	   7.574	  30.735
83	  -9.100	1	  92.282	 -22.426	  11.735
84	  -9.008	1	 101.282	   9.574	  74.735
