1	-799.972	70	  27.407	 -18.144	  70.058
2	-711.029	65	  36.165	 -12.625	  74.288
3	-574.225	55	  35.586	  -0.055	  85.328
4	-397.795	36	   3.822	  -8.983	  73.762
5	-367.114	30	   8.239	   3.056	  76.828
6	-352.171	32	  10.863	 -16.065	  64.686
7	-320.471	30	  31.628	 -21.905	  84.295
8	-307.895	23	  26.303	 -12.146	  64.237
9	-303.977	29	  17.261	 -11.020	  61.550
10	-291.726	27	  22.464	  12.374	  57.884
11	-285.998	27	  14.295	  -7.548	  84.274
12	-274.218	27	   8.495	  -4.688	  59.841
13	-261.207	26	  16.616	  16.017	  66.574
14	-260.978	24	  32.353	  11.849	  74.715
15	-255.133	23	  13.856	  -0.337	  53.718
16	-244.312	22	  39.319	   9.984	  82.476
17	-243.307	23	  12.068	 -29.024	  63.881
18	-229.701	19	  33.778	  -3.562	  63.752
19	-229.283	20	  21.243	   1.864	  84.967
20	-228.526	20	   1.115	   0.679	  67.988
21	-221.306	21	  26.939	 -28.294	  69.019
22	-216.615	16	  23.183	  12.049	  79.034
23	-204.803	20	  23.454	  -1.899	  54.143
24	-178.747	17	  18.609	 -16.827	  85.176
25	-177.498	18	  16.383	   7.502	  80.476
26	-174.749	17	  27.186	 -32.019	  90.019
27	-174.694	17	  16.250	 -35.059	  73.259
28	-167.517	16	   6.094	 -20.626	  71.261
29	-154.591	15	  25.804	 -34.304	  75.862
30	-146.179	14	  31.613	   3.163	  63.340
31	-143.825	14	  40.585	   4.337	  74.986
32	-133.847	12	  15.901	   9.589	  51.990
33	-127.275	12	   4.140	   9.214	  63.800
34	-115.080	11	  11.890	  12.203	  58.870
35	-106.985	9	  32.722	 -22.283	  72.874
36	-104.504	10	  24.992	  -6.905	  86.738
37	-102.125	10	   9.117	  15.191	  71.438
38	 -96.598	10	   6.312	 -19.632	  79.858
39	 -91.044	9	  10.600	 -29.715	  81.527
40	 -90.341	9	  -2.440	   1.695	  76.915
41	 -70.194	7	  30.653	  -9.707	  59.204
42	 -67.828	7	  19.034	 -26.120	  86.430
43	 -65.105	7	   6.817	 -13.032	  85.052
44	 -63.869	6	  16.058	 -21.013	  59.231
45	 -57.076	6	  29.213	  13.545	  85.502
46	 -54.525	3	  12.936	 -15.657	  76.101
47	 -50.805	5	  25.788	   6.061	  53.256
48	 -46.807	5	  21.814	 -36.966	  86.687
49	 -46.361	5	  31.021	 -12.993	  87.236
50	 -40.707	2	  24.740	  -2.994	  62.041
51	 -37.556	4	  22.840	  18.415	  68.935
52	 -30.477	2	  22.212	  -1.576	  77.459
53	 -29.745	3	  21.910	 -27.994	  63.738
54	 -19.271	2	  37.736	 -11.470	  84.041
55	 -18.896	2	  32.212	 -30.477	  82.558
56	 -10.099	1	  24.212	 -12.994	  77.041
57	  -9.641	1	   9.212	 -34.994	  70.041
58	  -9.010	1	  44.212	  -1.994	  77.041
59	  -9.008	1	   6.212	  -2.994	  84.041
