1	-1368.537	122	  86.751	  17.516	  59.450
2	-1182.939	101	  89.074	   2.608	  27.608
3	-1009.645	90	  71.236	  -2.486	  47.507
4	-926.782	85	  54.277	  22.018	  40.686
5	-833.321	73	  64.725	  13.362	  74.591
6	-817.285	54	  66.653	  23.591	  43.532
7	-771.256	64	  75.397	  28.953	  53.233
8	-725.785	65	  82.941	  -2.761	  70.165
9	-672.809	56	  71.743	   5.248	  32.393
10	-665.458	62	  78.166	  -8.538	  34.835
11	-518.236	44	  86.532	  15.015	  34.854
12	-518.173	45	  61.334	  24.202	  75.861
13	-488.771	45	  95.469	  -0.215	  45.340
14	-484.317	41	  96.211	  23.160	  49.232
15	-475.032	28	  78.907	   7.288	  53.900
16	-474.632	40	  53.969	  20.652	  51.533
17	-439.044	39	  70.698	  24.108	  31.327
18	-434.744	41	  48.386	  33.973	  40.726
19	-431.312	40	  77.599	 -11.873	  47.173
20	-415.939	35	  92.285	  -6.545	  62.654
21	-414.279	39	  93.896	   6.316	  36.661
22	-409.449	39	  82.088	  25.662	  35.659
23	-399.486	36	 102.244	  12.616	  49.245
24	-398.991	36	  70.463	   2.340	  74.439
25	-386.037	37	  81.374	   9.574	  27.159
26	-373.889	34	  65.607	  38.643	  40.488
27	-338.034	32	  81.812	  30.446	  62.943
28	-335.955	33	  75.883	  31.554	  46.823
29	-331.931	28	  75.002	  31.880	  36.365
30	-326.332	30	  73.621	 -11.426	  59.221
31	-313.953	27	  65.216	  40.164	  70.752
32	-306.020	30	  52.694	  31.726	  74.345
33	-295.033	28	  75.290	  36.960	  67.655
34	-292.568	26	  64.121	  -8.949	  54.303
35	-292.437	26	  62.503	  -0.287	  42.228
36	-282.989	27	  67.000	  -4.443	  38.722
37	-281.173	23	  62.268	  -0.307	  66.669
38	-274.809	26	  82.868	  15.845	  65.986
39	-269.997	25	  57.377	  41.084	  67.293
40	-264.142	25	  84.459	  25.849	  69.876
41	-255.041	23	  58.278	   9.779	  48.018
42	-246.822	22	  80.560	  33.819	  76.833
43	-243.721	22	  95.878	  -5.913	  51.386
44	-234.064	22	  68.182	  20.325	  83.106
45	-230.935	22	  79.484	   7.760	  75.761
46	-225.100	22	  52.916	  14.147	  71.025
47	-220.618	21	  59.060	  37.123	  78.448
48	-220.551	20	  44.956	  35.390	  64.705
49	-217.529	19	  55.604	  -4.796	  49.529
50	-207.635	20	  85.317	 -13.609	  50.086
51	-204.834	12	  70.373	  31.076	  67.261
52	-197.496	19	  53.410	   6.138	  57.057
53	-192.270	19	  53.137	  47.641	  48.246
54	-188.456	18	  69.924	  38.756	  78.689
55	-185.520	18	  63.471	  29.319	  24.566
56	-181.544	18	  57.443	  37.313	  33.946
57	-173.573	16	  42.571	  35.540	  51.612
58	-172.016	16	  61.235	  41.309	  58.886
59	-163.530	15	  79.569	  16.668	  76.525
60	-159.935	14	  89.708	  32.040	  55.835
61	-159.335	15	  64.070	   7.743	  34.928
62	-151.945	14	  41.133	  28.032	  55.472
63	-149.529	12	  47.910	  24.451	  68.340
64	-149.516	14	  98.131	  -0.681	  59.277
65	-144.825	13	  81.524	  25.263	  80.892
66	-139.953	13	 100.699	  16.493	  57.899
67	-138.048	13	  88.209	  -3.186	  33.727
68	-125.885	12	  88.261	   9.913	  67.365
69	-117.952	12	  68.639	  14.140	  30.995
70	-113.059	9	  50.021	  19.791	  58.984
71	-111.138	10	  57.367	  12.501	  39.506
72	-109.822	11	  61.540	  26.150	  83.826
73	-108.957	11	  69.019	  34.947	  85.711
74	-108.637	9	  99.748	   5.577	  53.487
75	-107.466	11	  89.961	   4.109	  71.577
76	-107.374	11	  56.999	  15.456	  31.154
77	-106.067	10	  56.115	  29.246	  26.516
78	 -97.684	10	  69.733	  26.239	  90.435
79	 -97.032	10	  84.900	  -6.042	  26.062
80	 -91.398	8	  68.792	  -4.283	  68.373
81	 -89.903	9	  47.369	  12.595	  62.274
82	 -83.207	8	  46.364	  43.829	  53.813
83	 -80.612	7	  84.297	  29.090	  49.506
84	 -79.252	8	  73.772	  -5.507	  23.461
85	 -74.932	7	  66.385	  -1.587	  31.501
86	 -73.137	7	  68.397	  33.726	  31.913
87	 -68.467	7	  92.455	  25.957	  40.211
88	 -65.698	7	  69.880	   3.880	  22.512
89	 -61.842	6	  46.666	  26.950	  45.343
90	 -60.828	6	  53.230	   3.482	  49.316
91	 -60.067	6	  55.246	   7.292	  67.582
92	 -59.010	6	  47.902	  22.623	  32.240
93	 -50.272	5	  65.057	  19.523	  25.958
94	 -49.599	5	  41.514	  28.418	  63.948
95	 -48.827	5	  76.108	  30.126	  87.401
96	 -47.668	5	  99.689	   8.828	  64.996
97	 -41.416	4	  65.433	  42.635	  51.061
98	 -40.394	3	  75.361	  23.069	  69.549
99	 -39.020	4	  79.406	   0.931	  17.378
100	 -38.194	4	  89.908	 -11.300	  40.618
101	 -34.444	3	  63.928	  11.276	  62.378
102	 -30.385	3	  97.244	  -1.052	  68.042
103	 -28.676	3	 100.243	  16.297	  42.382
104	 -27.420	3	  45.916	  31.283	  30.374
105	 -22.370	2	  90.908	 -12.046	  57.895
106	 -16.698	1	  64.908	  20.954	  55.378
107	 -11.212	1	  76.908	  16.954	  30.378
108	 -11.200	1	  74.908	   0.954	  61.378
109	  -9.132	1	  58.908	   1.954	  75.378
110	  -9.126	1	  92.908	  24.954	  63.378
111	  -8.927	1	  69.908	 -13.046	  39.378
