1	-719.490	55	  47.430	  13.649	  10.877
2	-613.109	56	  48.700	  10.669	  39.337
3	-492.209	44	  61.815	   8.218	  12.453
4	-439.022	40	  62.480	  15.387	  65.637
5	-379.142	34	  45.833	   4.665	  28.783
6	-374.888	34	  73.593	  10.234	  65.778
7	-363.374	35	  42.777	  18.833	  36.782
8	-334.399	31	  54.203	   1.080	  55.220
9	-324.905	31	  42.153	  12.552	  33.691
10	-308.085	29	  55.643	  -4.539	  42.008
11	-306.108	28	  54.205	  17.299	  21.369
12	-304.705	28	  66.147	  -5.806	  26.171
13	-300.524	29	  40.963	   9.158	  20.321
14	-284.198	26	  44.257	  -1.492	  19.383
15	-268.215	25	  60.296	  -6.871	  60.512
16	-264.386	25	  79.593	   5.934	  52.970
17	-263.199	25	  60.577	  12.947	  42.199
18	-256.083	24	  72.728	  -4.729	  67.208
19	-236.429	23	  71.629	  -6.035	  34.158
20	-220.707	19	  52.599	   4.652	  -1.051
21	-216.024	21	  64.518	   2.687	  69.833
22	-183.523	17	  66.718	   7.200	  21.598
23	-182.477	16	  76.302	   3.643	  62.416
24	-180.153	18	  60.527	  10.771	  56.712
25	-176.212	16	  51.444	  -0.840	  30.978
26	-173.756	16	  76.469	  -6.049	  53.425
27	-169.167	16	  55.561	  13.464	  31.594
28	-165.681	16	  61.419	 -10.602	  46.682
29	-154.253	14	  70.245	   7.072	  28.944
30	-150.759	14	  64.204	  -1.399	  19.699
31	-131.791	13	  49.387	  -3.840	   1.697
32	-124.633	11	  55.609	  -6.249	  10.441
33	-122.553	12	  40.367	   2.857	   4.121
34	-119.414	11	  47.327	  16.402	  26.237
35	-112.619	11	  76.327	  -6.904	  44.449
36	-108.535	11	  43.276	  18.119	  18.879
37	-101.266	10	  48.422	   1.666	  43.403
38	-100.885	10	  64.817	  12.999	  30.091
39	 -99.098	10	  68.835	  12.078	  37.240
40	 -87.778	9	  79.251	   0.704	  41.869
41	 -86.495	9	  51.732	  27.550	  64.349
42	 -86.219	8	  62.731	  15.372	  21.714
43	 -85.442	8	  19.738	  33.709	  31.037
44	 -84.738	8	  38.022	  18.662	  28.226
45	 -80.551	8	  64.517	  -1.222	  10.095
46	 -79.106	8	  51.528	  13.408	  45.682
47	 -73.583	7	  70.641	   0.170	  23.951
48	 -71.807	6	  67.045	 -10.686	  58.399
49	 -70.866	7	  26.675	  23.753	  27.106
50	 -59.306	6	  27.120	  26.981	  34.574
51	 -58.409	6	  69.681	  -9.649	  41.159
52	 -52.776	5	  55.907	  -9.520	  25.308
53	 -48.489	5	  17.922	  31.481	  21.216
54	 -43.092	4	  77.522	  -7.061	  61.326
55	 -39.138	4	  72.321	  13.143	  45.846
56	 -30.942	3	  56.521	  19.635	  58.824
57	 -28.541	3	  71.834	  17.320	  61.144
58	 -18.958	2	   8.517	  41.167	  19.313
59	 -18.559	2	  14.509	  41.177	  12.295
60	 -18.444	2	  58.521	   4.144	  62.824
61	 -12.303	1	  12.521	  31.660	  26.824
62	  -9.530	1	  61.521	  -1.340	   1.824
63	  -8.940	1	   7.521	  37.660	   8.824
