1	-1265.984	107	   5.911	  15.516	  25.533
2	-804.306	69	  32.654	   8.553	  18.075
3	-653.728	59	  28.281	  -8.334	  18.612
4	-517.240	46	  39.123	   1.235	   7.471
5	-395.965	35	  39.400	  -2.017	  -2.597
6	-391.578	32	  22.720	  24.455	  34.862
7	-359.914	31	  21.516	   3.790	  31.660
8	-356.384	33	  14.497	  31.006	  14.845
9	-313.955	24	  20.201	  -2.115	   9.070
10	-309.982	29	   0.095	  24.960	  24.933
11	-302.069	29	  30.167	  14.782	  10.580
12	-287.070	28	  24.687	  18.315	   9.124
13	-281.575	26	  29.622	   6.136	  28.497
14	-275.255	24	  26.259	  28.580	  20.318
15	-274.375	25	  25.031	 -20.580	   7.532
16	-263.117	23	  10.386	   8.884	  33.412
17	-259.464	24	  34.893	 -19.037	  -3.790
18	-251.780	25	  12.810	  15.296	  11.563
19	-234.001	23	  14.110	   1.860	  12.561
20	-222.274	21	  23.582	   8.824	   3.202
21	-208.417	20	  36.338	  -0.279	  20.303
22	-190.680	17	  22.652	  -2.878	  -2.762
23	-173.473	17	  27.039	  28.411	  28.067
24	-170.075	17	  31.842	  16.860	  33.665
25	-155.249	15	  25.911	 -20.400	  -5.234
26	-151.888	15	   5.195	  18.843	  33.635
27	-137.279	13	  18.121	 -13.562	   2.785
28	-129.721	13	  13.270	  26.014	  37.267
29	-117.668	11	  34.727	  15.512	  20.263
30	-114.275	11	  12.952	  31.539	  29.119
31	-114.236	11	  33.556	  23.796	  18.072
32	-106.841	11	  27.822	  -8.820	  -9.099
33	-102.723	10	  29.555	 -18.280	  17.027
34	 -94.289	8	  15.373	  -1.383	  25.271
35	 -78.590	8	  32.004	  25.079	  34.046
36	 -75.608	8	  33.613	  23.208	  25.528
37	 -74.511	8	  39.759	  -9.689	   4.427
38	 -74.105	8	  -0.866	  18.896	  17.455
39	 -69.370	7	  32.034	   8.987	  -1.263
40	 -68.697	6	  36.364	 -17.430	  12.223
41	 -68.158	7	  32.628	  29.851	  11.800
42	 -65.505	7	  20.757	 -13.948	  13.333
43	 -63.318	6	  19.234	  18.746	  40.924
44	 -50.473	5	  20.151	  -6.566	  19.282
45	 -48.491	5	  32.022	   2.091	  -9.117
46	 -45.380	4	  29.290	   1.716	  22.017
47	 -40.981	4	  -0.988	  17.148	  28.304
48	 -39.952	4	  35.666	  -8.554	  -4.253
49	 -39.084	4	  32.178	 -20.529	 -12.730
50	 -30.504	3	  23.083	  32.434	  14.752
51	 -30.440	3	   9.435	   7.414	  15.067
52	 -28.407	3	   6.105	  25.764	  15.721
53	 -18.944	2	  26.759	  11.962	  40.067
54	 -18.668	2	  38.286	   8.925	   4.504
55	 -18.662	2	   9.244	   4.890	  26.097
56	  -9.293	1	  16.759	  23.434	   9.067
57	  -9.105	1	  19.759	 -10.566	  -5.933
