1	-579.274	53	  -4.379	  60.977	  10.305
2	-468.865	44	  -3.907	  41.919	  -0.290
3	-457.229	43	   4.944	  49.747	   4.515
4	-447.621	38	  12.235	  50.970	   0.024
5	-420.337	36	  -0.017	  68.276	 -11.557
6	-410.798	25	  -2.901	  67.773	  -1.357
7	-296.533	27	   6.122	  62.549	  11.048
8	-295.081	28	 -10.468	  46.861	   1.068
9	-288.587	26	 -16.991	  60.890	  -2.306
10	-282.404	19	  15.668	  56.343	 -17.859
11	-280.130	26	  23.531	  62.305	 -10.187
12	-252.985	25	   0.694	  61.179	 -21.657
13	-232.112	22	 -12.829	  68.200	   3.128
14	-223.251	21	   5.398	  73.602	  -6.022
15	-204.216	20	  19.045	  46.715	  -2.623
16	-187.831	19	 -14.022	  54.382	 -14.342
17	-171.423	17	  -7.061	  41.902	 -12.739
18	-170.658	15	  -5.122	  61.137	 -16.542
19	-168.650	16	  26.312	  47.520	  -7.234
20	-164.453	16	  12.636	  66.114	 -20.555
21	-164.094	16	   4.520	  47.958	 -21.027
22	-160.931	15	   8.116	  43.494	  -0.672
23	-143.816	15	   3.239	  37.202	  -7.544
24	-141.307	14	  24.574	  47.677	 -17.444
25	-135.391	12	  17.855	  50.713	   5.244
26	-133.268	13	  24.603	  58.136	   3.184
27	-132.679	13	  15.133	  70.526	  -1.848
28	-122.906	12	   2.932	  74.939	   3.318
29	-120.296	12	  15.822	  66.437	   5.514
30	-118.187	12	  -5.216	  44.437	   9.773
31	 -98.240	10	  -6.442	  72.501	  -9.052
32	 -89.536	9	 -12.944	  54.852	   5.098
33	 -88.899	9	  11.624	  43.349	 -17.060
34	 -78.139	7	 -17.522	  53.166	  -7.423
35	 -74.249	7	  18.407	  41.125	 -10.575
36	 -68.914	7	  -1.106	  42.815	 -18.916
37	 -60.232	6	  28.436	  53.506	  -3.285
38	 -59.812	6	  -6.562	  73.686	   7.481
39	 -51.736	5	  19.403	  58.712	  11.222
40	 -40.118	4	   8.098	  37.712	 -13.566
41	 -39.086	4	   6.124	  58.469	 -27.031
42	 -36.950	4	  -0.147	  68.702	  14.441
43	 -30.594	3	  21.252	  67.378	  -4.202
44	 -30.270	3	  -5.180	  52.399	 -23.139
45	 -29.908	2	  10.101	  48.712	 -11.549
46	 -19.468	2	  12.601	  53.712	  11.918
47	 -12.636	1	  20.601	  58.712	  -3.550
48	 -10.719	1	  -4.399	  76.712	  -0.550
49	 -10.440	1	 -11.399	  53.712	  13.450
50	  -9.587	1	  11.601	  35.712	  -6.550
