1	-997.218	86	  18.127	 -50.312	  22.716
2	-630.183	57	  18.091	 -58.467	  23.550
3	-600.964	52	  17.259	 -58.772	  11.435
4	-600.130	46	  18.473	 -39.822	  14.576
5	-566.491	52	   2.340	 -34.125	  25.933
6	-543.731	47	  -1.498	 -55.839	  33.138
7	-502.560	45	   8.610	 -40.174	  36.123
8	-486.486	43	  20.967	 -52.062	  34.550
9	-430.481	40	  -4.792	 -61.088	  23.066
10	-399.823	38	   8.802	 -36.017	  20.754
11	-354.915	33	  27.895	 -55.316	  18.764
12	-324.625	29	  12.120	 -59.119	  34.224
13	-322.985	29	   0.188	 -45.099	  15.941
14	-299.610	28	  -6.542	 -46.248	  34.279
15	-280.111	27	  10.036	 -50.704	   8.848
16	-277.176	27	  15.627	 -55.528	  61.432
17	-259.246	25	  14.698	 -50.024	  44.069
18	-214.686	21	  17.132	 -56.812	  42.485
19	-178.522	16	  -6.540	 -37.085	  24.041
20	-178.308	18	   3.700	 -63.739	  24.030
21	-177.457	15	  21.020	 -45.384	   6.175
22	-170.300	15	  18.346	 -43.102	  30.227
23	-164.166	16	  24.364	 -60.770	  13.543
24	-141.458	14	  -1.938	 -35.228	  16.242
25	-140.086	13	  20.867	 -38.113	   6.350
26	-121.475	12	   5.152	 -59.500	  36.834
27	-111.546	10	  11.559	 -36.273	  13.939
28	-110.672	11	  27.255	 -49.883	   8.507
29	-102.652	10	   1.305	 -40.685	  40.430
30	 -99.075	10	  16.336	 -43.454	  39.950
31	 -88.197	9	  19.782	 -58.752	  53.369
32	 -86.596	8	  23.761	 -57.867	   2.128
33	 -76.983	8	  17.235	 -53.714	   2.678
34	 -71.133	7	   8.343	 -62.765	  47.410
35	 -57.577	6	  30.794	 -58.503	  30.004
36	 -55.972	5	   3.870	 -53.718	  50.862
37	 -55.930	5	  -6.717	 -52.207	  28.950
38	 -53.018	5	  11.820	 -40.489	   6.349
39	 -52.040	5	  15.342	 -52.049	  53.695
40	 -48.487	5	  17.636	 -35.621	  24.074
41	 -39.541	4	   1.205	 -61.281	  44.432
42	 -37.845	4	  17.764	 -65.339	  59.559
43	 -32.201	3	  -3.911	 -52.761	  15.080
44	 -29.843	3	  20.920	 -61.675	  33.321
45	 -29.709	3	   3.854	 -41.049	   9.342
46	 -29.697	3	   1.880	 -57.178	  11.992
47	 -27.630	3	 -10.526	 -53.723	  21.369
48	 -20.200	2	  27.474	 -42.603	  13.695
49	 -19.034	2	  31.962	 -57.072	   9.183
50	 -10.629	1	  12.474	 -54.049	  17.695
51	  -9.956	1	  -4.526	 -56.049	  46.695
