1	-950.248	79	  32.979	   6.385	   9.089
2	-855.040	75	  33.645	  -1.294	  16.045
3	-422.050	40	  32.078	   9.599	 -11.799
4	-384.172	36	  28.618	   8.018	  26.459
5	-368.719	34	  31.558	  21.558	  16.987
6	-288.536	27	  22.610	   8.987	  -2.798
7	-282.154	26	  21.128	  -3.668	   1.785
8	-262.486	24	  22.104	  13.440	   6.169
9	-219.411	20	  41.080	  21.450	  -4.555
10	-200.842	18	  27.585	  -9.199	   7.487
11	-183.029	18	  24.457	  21.488	  -5.500
12	-179.167	17	  30.780	   0.393	  -6.350
13	-172.721	16	  40.532	   3.358	   2.547
14	-162.181	14	  44.323	  14.391	   3.777
15	-161.018	15	  32.476	  28.467	  -2.544
16	-134.224	13	  38.852	  28.619	   6.408
17	-124.796	12	  40.456	   3.860	  24.778
18	-113.930	11	  21.790	  -3.602	  11.039
19	-109.137	11	  41.318	  10.814	  -8.815
20	-101.758	10	  24.032	  21.847	   8.342
21	-101.124	10	  45.361	   6.908	  14.467
22	 -85.518	8	  35.741	  -6.662	  -0.699
23	 -78.686	7	  44.962	  15.628	  22.766
24	 -77.973	7	  25.821	  28.015	   3.804
25	 -74.511	7	  38.777	   9.474	  29.158
26	 -71.386	7	  19.296	   9.616	  17.726
27	 -70.765	7	  43.366	  20.803	  16.534
28	 -69.166	7	  39.255	   2.778	  -9.546
29	 -52.502	5	  36.796	  -7.054	   7.364
30	 -47.243	5	  26.089	  -0.538	  20.037
31	 -41.545	4	  27.737	  27.955	  10.967
32	 -39.122	3	  24.504	  15.505	  13.501
33	 -36.997	4	  45.701	  22.664	   1.510
34	 -28.061	3	  23.372	  -2.400	  -5.091
35	 -27.805	3	  24.369	 -10.678	  -2.063
36	 -10.663	1	  18.702	   4.655	   6.261
37	  -9.923	1	  25.702	  16.655	 -12.739
38	  -9.793	1	  37.702	  14.655	  19.261
39	  -9.700	1	  36.702	  20.655	  25.261
