1	-1329.285	122	  12.622	 -26.189	  33.431
2	-519.925	45	  18.262	 -20.462	  28.994
3	-469.869	37	  25.116	 -10.822	  21.182
4	-455.999	41	  45.631	 -11.571	   5.483
5	-437.039	40	  19.450	 -28.349	  31.193
6	-433.555	41	   5.721	 -23.716	  40.774
7	-394.572	36	  20.511	 -16.980	  13.865
8	-379.018	33	  25.616	 -37.447	  37.857
9	-338.637	32	  44.287	  -3.160	  13.977
10	-305.414	28	  16.658	 -17.863	  41.997
11	-281.992	26	  28.539	 -30.222	  14.419
12	-278.095	26	  32.478	 -34.418	  31.961
13	-269.827	26	  18.158	 -32.613	  42.230
14	-268.829	26	  38.898	 -16.247	  30.108
15	-252.099	22	  34.825	 -22.511	  35.957
16	-237.614	21	  29.878	  -2.502	  19.059
17	-237.019	22	  22.199	 -38.998	  27.017
18	-232.849	23	   1.632	 -30.679	  27.032
19	-225.358	20	   4.357	 -37.358	  44.422
20	-225.133	22	  38.455	  -6.650	  31.253
21	-215.528	20	  35.544	  -8.072	  -1.393
22	-195.540	19	  22.186	 -25.499	  38.234
23	-187.373	18	  10.643	 -32.215	  19.284
24	-182.969	18	  11.855	 -37.410	  49.251
25	-167.339	17	  34.026	 -36.690	  39.880
26	-157.676	15	  12.443	 -43.093	  32.966
27	-148.572	14	  40.645	 -29.338	  13.320
28	-148.313	15	  48.832	 -21.518	  12.960
29	-146.903	14	  43.387	 -30.027	  23.215
30	-144.416	14	  25.217	 -43.275	  45.711
31	-133.496	13	  46.758	 -11.412	  22.237
32	-129.395	12	  17.986	 -12.583	  36.694
33	-127.689	13	  23.071	  -7.008	  28.195
34	-122.212	12	  24.705	 -13.826	  -2.526
35	-120.563	12	  34.005	 -25.825	   8.064
36	-120.470	12	  37.457	 -18.218	  -3.814
37	-112.726	11	  30.476	 -19.777	   1.996
38	-110.600	11	  35.679	 -34.970	  21.014
39	-109.375	8	  27.178	  -6.956	   9.614
40	 -99.322	10	  40.788	 -23.984	   1.923
41	 -93.053	8	  13.008	 -43.804	  41.275
42	 -90.753	9	  18.222	 -24.765	  14.761
43	 -89.879	9	  26.137	  -6.966	  38.620
44	 -87.743	8	  14.861	 -14.139	  25.831
45	 -86.669	8	  28.920	 -29.294	  37.501
46	 -82.567	8	  36.820	  -0.877	   9.229
47	 -72.459	7	   3.172	 -18.948	  27.408
48	 -68.343	7	  50.616	 -11.021	  13.886
49	 -66.921	7	  26.440	 -35.783	  47.829
50	 -65.445	7	  10.408	 -39.526	  22.164
51	 -62.268	6	  34.870	 -11.065	  41.108
52	 -59.688	6	  35.538	 -43.879	  46.351
53	 -54.829	5	  40.615	   1.350	  21.842
54	 -50.458	5	   1.228	 -29.336	  39.274
55	 -42.277	4	  41.537	 -24.486	  30.568
56	 -39.845	4	   3.636	 -41.831	  36.057
57	 -37.540	4	  19.526	 -33.987	  16.597
58	 -33.839	2	  24.029	 -25.776	  25.842
59	 -29.134	3	  40.346	 -45.229	  36.524
60	 -28.360	3	  50.346	 -24.909	  22.481
61	 -20.360	2	  12.008	 -16.208	  17.863
62	 -19.506	2	  26.572	 -12.599	  48.212
63	 -18.644	2	  29.114	 -21.272	  46.235
64	 -18.351	2	   6.517	 -21.717	  19.354
65	  -9.638	1	  24.029	  -7.229	   1.842
66	  -9.539	1	  25.029	 -20.229	   7.842
67	  -9.450	1	  41.029	 -38.229	  41.842
