1	-789.950	72	   1.795	 -22.233	  74.637
2	-517.917	47	  14.562	 -17.104	  72.759
3	-510.722	42	   4.782	  -2.532	  54.810
4	-465.189	41	   4.943	  -9.439	  46.225
5	-431.991	37	  -4.074	 -22.053	  46.138
6	-431.504	31	   7.310	 -12.406	  63.891
7	-418.249	38	 -13.758	  -4.082	  64.795
8	-415.243	38	   6.478	 -35.584	  52.046
9	-409.044	34	  17.627	 -19.049	  53.553
10	-370.654	35	   7.319	 -19.399	  44.934
11	-350.643	31	 -14.834	 -18.103	  47.247
12	-349.668	32	  -9.881	  -1.358	  52.209
13	-304.419	27	   1.661	 -29.812	  68.137
14	-301.768	28	 -11.791	 -27.453	  75.172
15	-297.884	27	 -21.823	  -9.604	  61.721
16	-271.228	24	   3.175	 -12.629	  72.442
17	-259.911	24	  -9.851	 -11.695	  76.981
18	-251.367	24	  13.976	  -6.918	  65.483
19	-198.339	18	  -7.334	 -13.004	  46.130
20	-189.079	12	 -13.137	  -9.534	  55.321
21	-179.267	18	  -7.070	 -32.827	  68.070
22	-175.198	15	  17.021	 -26.716	  62.941
23	-170.422	17	 -18.077	 -30.877	  61.727
24	-169.746	16	 -16.426	 -20.929	  73.648
25	-152.335	13	   9.447	 -11.577	  39.929
26	-148.964	13	  -4.829	 -38.017	  55.091
27	-125.215	11	  12.074	   1.172	  47.976
28	-121.784	12	  19.768	  -8.276	  57.715
29	-115.802	11	  17.537	  -6.191	  43.472
30	-110.213	10	 -16.233	  -8.985	  47.932
31	-108.598	11	   5.628	   5.822	  49.780
32	-106.159	10	 -23.743	 -23.594	  69.972
33	 -97.955	10	 -22.549	 -23.020	  56.725
34	 -97.558	10	   8.881	   4.885	  39.564
35	 -95.558	10	   0.020	 -33.460	  42.340
36	 -95.118	9	  16.904	 -15.284	  42.765
37	 -94.991	9	  10.756	  -3.006	  37.111
38	 -90.620	9	  -4.175	   6.373	  50.219
39	 -88.276	9	 -15.415	 -33.929	  72.786
40	 -86.975	8	  -7.963	   1.443	  64.380
41	 -86.481	9	   0.020	  -0.418	  41.115
42	 -85.484	8	  13.904	  -3.189	  54.845
43	 -77.045	8	   7.570	 -25.566	  75.753
44	 -70.288	6	 -13.824	 -31.272	  50.231
45	 -68.760	6	   0.071	  -6.823	  65.836
46	 -67.167	5	   3.693	 -29.944	  48.841
47	 -61.443	6	  10.168	 -33.542	  60.491
48	 -59.222	6	  -0.741	  -4.294	  74.840
49	 -47.416	5	  21.928	 -10.915	  48.855
50	 -46.580	3	  -4.072	 -15.142	  54.874
51	 -40.978	4	 -10.795	 -20.308	  78.871
52	 -40.215	4	  20.667	 -12.310	  64.588
53	 -38.015	4	 -10.591	 -34.554	  42.625
54	 -37.559	4	  17.859	 -22.880	  44.565
55	 -37.545	4	  -0.825	   3.705	  61.359
56	 -31.746	3	 -13.072	 -34.985	  57.563
57	 -29.456	3	  11.566	 -30.346	  41.874
58	 -28.784	3	 -21.132	 -22.674	  47.934
59	 -18.305	2	 -20.561	 -11.327	  73.896
60	  -9.676	1	  19.928	 -28.305	  49.874
61	  -9.212	1	  23.928	 -18.305	  58.874
