1	-1861.339	159	  42.341	  48.811	  36.206
2	-1743.302	119	  45.119	  43.012	  44.401
3	-768.646	68	  30.529	  55.481	  44.292
4	-495.268	42	  51.250	  39.748	  55.470
5	-487.662	40	  40.787	  33.084	  28.365
6	-356.915	32	  57.837	  30.577	  34.749
7	-348.961	35	  37.834	  48.791	  31.150
8	-346.574	29	  56.992	  57.401	  37.605
9	-344.273	33	  37.036	  48.358	  65.134
10	-331.486	30	  37.006	  39.757	  22.696
11	-319.557	29	  48.625	  31.306	  53.559
12	-306.028	29	  44.516	  61.021	  53.060
13	-306.026	27	  28.071	  39.282	  36.587
14	-304.808	25	  56.231	  42.237	  28.958
15	-275.744	26	  58.226	  60.142	  48.177
16	-271.486	26	  32.684	  26.780	  39.245
17	-271.371	27	  56.300	  25.674	  45.662
18	-269.321	25	  26.989	  32.336	  40.485
19	-252.088	25	  53.558	  50.143	  25.759
20	-222.946	21	  54.621	  55.386	  56.538
21	-216.123	18	  42.070	  61.178	  46.174
22	-213.262	19	  39.239	  23.651	  45.497
23	-203.530	19	  46.971	  57.140	  29.970
24	-165.100	16	  65.098	  46.417	  46.006
25	-162.152	16	  26.411	  39.494	  57.680
26	-159.626	15	  24.374	  45.373	  53.015
27	-153.526	14	  29.441	  27.507	  53.107
28	-134.861	13	  59.460	  41.145	  55.804
29	-125.153	12	  23.783	  44.825	  40.944
30	-117.485	11	  34.728	  60.832	  56.264
31	-114.223	11	  22.860	  31.499	  54.680
32	-107.631	11	  46.328	  24.327	  51.300
33	-106.233	11	  48.981	  44.448	  64.364
34	 -97.445	9	  64.164	  33.652	  45.398
35	 -94.100	8	  49.824	  64.830	  43.377
36	 -86.011	8	  30.185	  53.598	  58.069
37	 -85.707	8	  28.866	  44.948	  25.849
38	 -82.719	7	  61.715	  52.151	  29.248
39	 -77.187	8	  22.959	  38.018	  49.987
40	 -72.420	7	  39.950	  61.064	  36.058
41	 -72.229	7	  33.631	  32.888	  60.781
42	 -71.069	7	  61.311	  50.705	  57.083
43	 -68.217	7	  43.637	  56.742	  64.422
44	 -66.551	6	  63.239	  53.915	  44.692
45	 -61.298	6	  41.342	  24.712	  31.743
46	 -60.449	6	  48.126	  28.089	  26.981
47	 -59.237	6	  22.472	  52.483	  39.931
48	 -58.722	6	  65.081	  40.096	  38.124
49	 -57.013	5	  28.672	  34.215	  25.828
50	 -55.771	5	  46.322	  42.224	  22.119
51	 -42.410	4	  40.819	  30.805	  59.398
52	 -40.500	4	  21.418	  52.943	  48.770
53	 -36.946	4	  38.736	  37.655	  64.582
54	 -24.829	2	  41.440	  50.834	  57.828
55	 -20.837	2	  48.440	  21.405	  35.301
56	 -18.739	2	  58.953	  33.405	  54.828
57	  -9.237	1	  23.440	  30.405	  67.828
58	  -9.170	1	  36.440	  66.405	  49.828
