1	-854.190	79	  14.254	  39.778	  16.359
2	-647.717	59	   0.045	  42.013	  19.384
3	-597.512	51	  14.217	  30.346	  13.014
4	-592.800	52	  -0.511	  29.584	  17.183
5	-567.578	53	  28.038	  43.175	  13.049
6	-562.073	53	   6.353	  34.726	  20.819
7	-555.924	51	   4.775	  43.481	  12.404
8	-553.098	51	 -20.872	  34.981	  15.637
9	-533.540	45	 -11.183	  23.739	  12.207
10	-526.672	47	  20.611	  29.713	  33.942
11	-480.556	42	   1.720	  56.552	  10.781
12	-475.714	43	  -9.902	  15.571	  14.246
13	-463.273	44	 -18.719	  31.168	   8.213
14	-436.807	38	   9.181	  12.904	  17.879
15	-404.017	35	  31.484	  32.843	  22.856
16	-403.631	36	  -8.760	  17.371	  28.428
17	-399.899	36	  -7.738	  34.593	  11.648
18	-397.915	38	  18.139	  20.163	  35.698
19	-381.396	35	 -19.064	  38.690	  22.390
20	-366.191	31	   3.936	  27.413	  39.287
21	-364.673	34	  16.441	  35.048	   2.063
22	-339.734	29	  -1.469	   4.739	  21.846
23	-329.209	31	  33.096	  31.643	   9.207
24	-329.187	33	  27.938	  28.526	   1.361
25	-327.018	30	   7.243	  27.837	 -12.533
26	-323.236	32	   8.337	  24.944	   8.351
27	-315.985	28	  23.644	  20.341	  25.672
28	-314.765	28	  12.724	  -3.643	  -0.501
29	-313.835	30	  -1.379	  42.878	  35.234
30	-294.830	27	 -16.376	  51.483	   7.807
31	-293.083	29	 -12.279	  51.298	  -1.437
32	-285.646	28	   3.367	  35.869	 -21.852
33	-273.262	22	  25.426	  19.773	  17.555
34	-271.317	25	  -5.431	  37.632	  -8.065
35	-269.129	25	  -1.233	  55.682	  -1.520
36	-268.903	27	  -6.445	  53.295	  21.466
37	-256.059	23	   1.586	  48.666	  18.934
38	-255.964	24	  17.929	  38.121	  29.559
39	-255.368	26	   6.563	   5.090	  15.913
40	-253.677	23	  19.984	  18.685	   4.630
41	-253.427	23	  -8.003	  29.261	  36.434
42	-247.164	23	 -16.356	  38.600	  -0.005
43	-245.375	24	  -1.899	  38.514	   6.841
44	-244.863	23	  12.497	  11.117	  27.415
45	-231.229	22	  15.187	  43.504	  -9.063
46	-231.227	22	   7.415	  19.439	  33.882
47	-228.972	21	  -4.890	  23.470	   7.635
48	-214.686	21	  -0.252	  12.823	   7.342
49	-205.703	19	 -18.130	  39.594	  30.960
50	-187.269	17	  15.033	  36.000	  -5.517
51	-186.918	17	   6.766	  43.846	 -16.333
52	-172.465	17	  17.171	  47.713	  -2.963
53	-170.001	15	   7.847	  36.907	   1.010
54	-165.360	15	 -23.462	  26.220	  19.848
55	-162.303	16	  14.509	  28.604	 -17.656
56	-162.107	14	 -16.531	  48.880	  23.639
57	-161.798	15	  27.933	  42.721	  -0.605
58	-160.042	14	  -4.808	  10.843	  27.512
59	-156.705	16	  10.392	  12.762	   8.343
60	-151.973	14	   9.497	  56.461	  10.726
61	-142.827	13	  -8.529	  57.851	   6.428
62	-140.313	13	  -9.047	  45.886	  -8.583
63	-136.769	13	 -16.963	  31.413	  32.384
64	-135.505	13	 -17.308	  19.184	  24.549
65	-123.210	11	   7.592	  40.263	  36.630
66	-118.747	10	  22.294	  50.810	   8.167
67	-116.652	11	 -13.462	   9.247	  22.668
68	-115.441	11	  -5.200	   2.841	  13.533
69	-107.233	10	   3.943	  51.468	  -7.500
70	-103.526	10	 -15.020	  56.375	  16.558
71	-103.020	10	  11.659	  35.616	 -26.868
72	-102.507	10	 -18.472	  21.588	  14.132
73	-102.098	10	 -23.113	  46.078	   9.619
74	-100.765	10	   0.946	  35.696	 -12.047
75	 -97.586	10	  13.074	  57.670	   1.896
76	 -97.409	9	 -10.221	  47.927	  30.776
77	 -90.838	9	   8.014	  34.154	  42.542
78	 -84.329	8	   8.494	  -3.867	   8.603
79	 -69.456	7	   6.888	  33.006	  -6.628
80	 -68.996	7	  -2.346	  44.483	 -15.260
81	 -68.087	7	  31.227	  20.778	   4.255
82	 -61.344	6	  28.632	  20.644	  11.928
83	 -61.068	6	   1.562	  23.183	 -19.450
84	 -59.484	6	   5.874	  44.376	  25.238
85	 -56.931	6	   7.345	   4.645	   0.532
86	 -55.212	4	  19.019	  16.464	  11.840
87	 -51.567	5	  12.936	  26.673	  42.413
88	 -51.192	5	 -21.649	  46.193	  17.858
89	 -49.788	5	  -6.997	  61.268	  15.202
90	 -40.202	4	 -15.662	  21.767	  35.035
91	 -39.331	4	  13.081	  48.998	  17.789
92	 -38.715	4	  10.094	  55.522	  -5.690
93	 -38.422	4	  10.596	  24.755	 -23.962
94	 -31.274	3	   0.728	  -1.512	   7.746
95	 -28.423	3	  31.024	  26.831	  29.362
96	 -18.944	2	   2.351	  34.488	 -31.462
97	 -18.659	2	  36.351	  40.488	  16.540
98	 -17.984	2	  15.331	   2.998	   5.545
99	  -9.718	1	   2.351	  13.488	  31.035
100	  -9.102	1	  20.351	   0.488	  -3.965
101	  -9.069	1	  13.351	  22.488	  14.035
102	  -8.997	1	 -16.649	  42.488	  -8.965
