1	-1035.718	84	  65.641	  -2.471	  22.893
2	-598.795	52	  54.607	  14.189	  35.209
3	-413.596	40	  71.508	  17.571	  34.660
4	-311.519	29	  56.799	   0.443	  10.399
5	-299.921	28	  61.317	  17.827	  24.099
6	-274.474	27	  69.647	  -1.216	  13.673
7	-263.459	24	  50.242	  -5.588	  41.717
8	-254.434	24	  77.847	  11.447	  28.780
9	-240.217	22	  46.084	   4.700	  20.739
10	-238.981	24	  69.460	  16.737	  16.137
11	-217.143	21	  57.737	  -8.035	  25.321
12	-204.669	20	  50.627	  -8.475	  26.369
13	-202.539	20	  75.607	   7.774	  42.937
14	-200.688	20	  69.479	  -6.409	  43.019
15	-195.788	19	  43.559	  -6.096	  23.992
16	-194.038	18	  44.987	   4.271	  28.931
17	-175.916	16	  58.623	 -11.588	  42.728
18	-162.290	15	  59.654	   6.722	  48.027
19	-158.892	16	  46.052	   7.168	  38.997
20	-147.294	13	  60.311	  19.380	  31.861
21	-136.804	14	  54.661	  10.539	  12.890
22	-129.512	11	  64.857	  10.853	   9.188
23	-120.663	12	  60.124	 -11.529	  33.716
24	 -98.717	10	  63.981	  -8.235	  16.217
25	 -97.158	10	  47.159	  14.494	  28.216
26	 -87.773	9	  58.946	  16.018	  17.122
27	 -83.130	8	  72.639	  -3.774	  27.853
28	 -70.772	7	  54.924	  13.038	  44.032
29	 -70.005	7	  48.229	  13.711	  16.622
30	 -63.933	6	  67.818	  14.920	  42.767
31	 -55.585	6	  79.168	  -0.412	  31.211
32	 -52.915	4	  49.464	  -6.771	  17.351
33	 -49.029	5	  76.606	  -1.945	  18.358
34	 -48.732	5	  77.080	  13.634	  20.162
35	 -40.722	4	  44.104	  -2.896	  33.584
36	 -37.804	4	  50.176	   3.866	  46.632
37	 -18.707	2	  57.323	 -12.402	  14.065
38	 -18.188	2	  75.834	   8.598	  10.576
39	 -14.334	1	  62.345	   7.598	  36.087
40	 -10.987	1	  53.345	  18.598	  23.087
41	  -9.984	1	  66.345	   3.598	   5.087
42	  -9.175	1	  58.345	  -4.402	  52.087
43	  -8.930	1	  67.345	  -0.402	  51.087
