1	-494.061	47	  20.209	  33.489	  16.930
2	-276.858	27	   6.695	  19.681	   1.557
3	-270.293	24	  27.162	   9.799	  28.898
4	-253.304	24	   7.356	  36.533	  15.386
5	-196.217	19	  20.904	  19.125	  15.514
6	-185.118	17	  21.729	  23.159	  30.807
7	-177.693	18	  12.212	  23.102	  27.577
8	-169.756	16	  10.235	  31.975	   7.285
9	-162.751	16	  -4.204	  27.165	   8.977
10	-157.405	16	  28.200	  22.488	  18.403
11	-153.228	14	   0.521	  34.072	   3.473
12	-151.895	15	  -3.193	  20.408	  15.430
13	-133.075	13	  14.103	  11.777	  23.888
14	-132.563	13	  11.727	  33.528	  24.781
15	-129.387	13	  -0.360	  22.180	  23.695
16	-125.038	11	   4.254	  14.842	   9.235
17	-107.095	10	   4.022	  16.783	  18.766
18	 -97.739	10	  33.579	  22.952	  22.799
19	 -93.510	10	   6.680	  32.180	  -2.589
20	 -80.245	8	  16.202	  25.787	   4.643
21	 -79.627	8	  28.740	  33.589	  24.484
22	 -76.833	8	 -12.168	  22.243	  22.626
23	 -68.405	7	  -3.398	  30.855	  23.096
24	 -66.579	7	  12.723	  13.919	  12.421
25	 -63.789	6	  23.864	  26.097	  13.912
26	 -47.209	5	  -1.867	  14.620	   0.557
27	 -43.651	4	  24.074	  11.118	  19.211
28	 -38.016	4	  -8.456	  15.065	  16.972
29	 -30.636	3	 -17.839	  15.058	  15.509
30	 -30.220	3	  -2.168	  22.551	  -3.755
31	 -18.458	2	  -8.935	  20.085	   3.214
