1	-595.942	52	  90.391	  48.455	 -12.624
2	-441.188	39	  90.335	  69.366	   4.946
3	-398.974	37	  86.880	  35.824	  -8.262
4	-377.687	36	  78.330	  55.183	   1.661
5	-366.055	32	 102.767	  64.325	  -8.515
6	-345.178	32	 101.245	  60.385	  12.777
7	-312.930	27	  86.982	  59.607	   8.972
8	-296.784	28	  96.970	  36.247	  -0.148
9	-270.302	23	 124.318	  60.869	   4.502
10	-254.580	24	  82.401	  64.893	  -4.901
11	-250.209	23	  67.986	  41.238	  -2.583
12	-248.212	24	  97.550	  72.503	  -9.888
13	-234.001	21	 103.691	  55.983	   5.405
14	-228.175	21	  83.978	  44.748	   2.611
15	-219.720	21	  93.292	  70.598	  12.789
16	-211.368	20	 107.313	  50.484	   1.671
17	-209.488	18	 106.396	  69.119	  -4.188
18	-198.340	19	  69.791	  55.832	  -4.172
19	-198.001	18	 101.245	  51.751	  -9.463
20	-190.707	17	  80.986	  60.724	 -11.301
21	-173.953	17	  80.627	  48.258	 -18.925
22	-158.751	15	 114.662	  58.624	   3.781
23	-150.284	15	 104.603	  76.031	   8.059
24	-149.738	14	 121.613	  68.854	  -2.349
25	-142.119	14	  71.196	  42.158	 -17.941
26	-141.160	13	 117.211	  70.897	   6.521
27	-141.049	13	 107.472	  70.120	  17.584
28	-131.791	13	  96.523	  36.024	 -12.038
29	-117.903	11	  65.994	  50.262	 -14.683
30	-116.316	12	  91.771	  51.927	   8.371
31	-116.008	11	  74.450	  55.753	 -16.745
32	-113.969	11	 100.489	  45.288	  10.590
33	-100.257	10	  74.452	  31.595	 -13.510
34	 -99.097	8	  97.154	  75.607	   4.265
35	 -94.736	9	  88.925	  67.705	  -5.060
36	 -91.949	9	  91.180	  41.320	   8.646
37	 -91.402	9	  83.274	  35.929	 -18.223
38	 -88.571	9	 117.869	  61.281	  10.280
39	 -86.070	5	 110.865	  66.444	   6.383
40	 -70.314	7	 105.415	  39.108	  -3.086
41	 -68.448	7	  74.103	  30.227	  -5.828
42	 -60.083	6	  65.842	  42.259	 -12.635
43	 -49.125	5	 112.829	  71.255	 -10.363
44	 -40.255	4	 118.180	  68.074	 -17.463
45	 -39.709	4	  82.791	  34.071	   2.091
46	 -37.900	4	 124.590	  76.189	 -13.368
47	 -37.402	4	  95.731	  61.588	 -13.907
48	 -31.207	3	 106.710	  47.225	  -6.335
49	 -28.587	3	 112.973	  74.060	 -19.819
50	 -27.679	3	 114.989	  60.411	  -4.821
51	 -24.192	2	  84.565	  51.074	   5.852
52	 -19.774	2	  94.462	  44.074	  -1.684
53	 -19.228	2	  74.465	  41.074	   3.319
54	 -19.225	2	  90.998	  69.074	 -13.623
55	  -9.367	1	  65.998	  59.074	 -11.148
56	  -9.246	1	 105.998	  75.074	 -17.148
