1	-532.404	49	  25.352	  68.531	  35.946
2	-439.761	42	  15.657	  55.517	  52.523
3	-415.678	37	  23.443	  58.597	  55.413
4	-329.175	30	  34.718	  59.979	  45.376
5	-257.039	23	  37.759	  77.783	  44.606
6	-248.277	23	  14.600	  78.768	  46.419
7	-234.559	20	  30.713	  57.398	  38.599
8	-194.591	17	  20.076	  70.143	  62.399
9	-187.468	19	  34.436	  65.554	  51.120
10	-182.358	17	  10.984	  73.401	  39.489
11	-175.656	17	  13.653	  65.804	  37.368
12	-157.875	15	   6.258	  68.636	  49.039
13	-151.599	14	  28.712	  80.721	  43.176
14	-148.420	14	  19.581	  60.516	  35.905
15	-141.015	13	  38.464	  72.933	  32.415
16	-132.634	13	   5.738	  64.723	  58.562
17	-124.929	12	  15.207	  54.930	  64.940
18	-113.747	11	  10.186	  72.692	  58.945
19	-110.842	11	  28.169	  69.034	  62.250
20	-110.054	11	  40.798	  69.185	  40.011
21	 -95.412	9	  12.094	  63.083	  66.964
22	 -79.318	8	  19.005	  51.187	  39.577
23	 -68.995	7	   6.445	  55.563	  54.086
24	 -60.292	6	  21.676	  85.917	  50.957
25	 -51.133	5	  37.616	  62.575	  35.211
26	 -50.413	5	  34.088	  71.399	  59.032
27	 -50.409	5	  18.647	  38.997	  67.299
28	 -48.288	4	  28.872	  78.596	  57.906
29	 -39.018	4	  37.609	  76.545	  53.482
30	 -38.023	4	  21.549	  79.624	  38.987
31	 -37.205	4	  29.630	  76.103	  34.176
32	 -36.646	4	   6.080	  57.065	  65.729
33	 -31.245	3	  20.114	  79.935	  60.791
34	 -30.573	3	  15.988	  40.596	  56.851
35	 -29.601	3	  18.069	  50.602	  57.852
36	 -28.989	3	  23.423	  52.793	  34.540
37	 -28.857	3	  30.715	  83.596	  51.430
38	 -19.514	2	   8.609	  47.676	  56.393
39	 -18.447	2	  22.069	  48.596	  45.966
40	  -9.435	1	   9.069	  49.596	  64.473
