1	-482.377	43	  29.878	 -14.594	  -5.786
2	-440.707	41	  41.845	  -8.871	  -6.570
3	-394.225	37	  26.557	  14.699	  -3.063
4	-363.177	34	  32.632	  -3.877	  15.879
5	-347.635	31	  33.636	  -9.942	   7.422
6	-294.895	28	  33.097	  -7.517	  -6.684
7	-293.746	25	  24.731	  -8.093	  10.531
8	-266.111	25	  36.208	  10.515	  -9.419
9	-236.703	23	  43.797	 -15.649	  -0.735
10	-188.407	18	  43.293	 -22.294	 -10.793
11	-184.552	17	  17.547	   3.464	  -5.560
12	-147.219	13	  20.210	  11.371	   9.243
13	-128.201	12	  25.555	  -6.604	  -6.396
14	-124.560	12	  42.613	  15.211	  -0.008
15	-118.103	12	  19.870	  11.598	  -7.454
16	-108.249	11	  17.291	  -4.849	   5.903
17	-104.066	10	  26.843	  15.007	   9.577
18	 -95.585	9	  29.944	   5.700	  17.545
19	 -90.460	8	  25.651	   3.484	  -9.558
20	 -90.146	9	  34.892	  11.790	  11.333
21	 -81.147	8	  22.136	 -16.102	   7.385
22	 -80.353	6	  37.707	 -13.279	  -1.344
23	 -79.893	8	  42.513	  -1.991	  11.546
24	 -79.152	8	  43.882	   6.714	   4.794
25	 -73.299	7	  45.184	  -5.938	   3.859
26	 -72.853	7	  20.461	  -0.168	  12.394
27	 -69.534	7	  31.840	 -22.593	   3.418
28	 -67.220	7	  41.159	   2.216	  -9.714
29	 -47.578	5	  37.943	 -17.654	 -12.528
30	 -40.917	4	  16.189	   5.466	   5.711
31	 -32.868	3	  45.911	  -2.212	  -3.236
32	 -27.889	3	  40.258	  22.484	  -4.246
33	 -19.962	2	  50.450	 -13.594	  -6.645
34	 -19.507	2	  20.911	 -17.516	  -0.071
35	  -8.970	1	  30.911	  21.484	  -0.567
