1	-520.217	44	  -6.454	 -20.742	  14.452
2	-512.363	45	 -12.921	 -23.280	   7.332
3	-502.086	45	  14.551	   5.646	   9.802
4	-416.130	38	 -25.447	  -9.676	   8.970
5	-404.656	39	   5.867	  -7.663	  -0.371
6	-362.274	32	  -0.593	   0.664	  15.906
7	-353.726	33	 -15.795	 -19.918	  -4.033
8	-313.969	27	  -5.722	  -8.275	  -1.413
9	-273.953	27	   7.589	  -6.739	  28.302
10	-259.471	23	 -10.300	  -8.151	  23.180
11	-259.368	24	 -17.947	 -12.172	  14.380
12	-251.712	22	  12.413	 -13.343	   9.061
13	-237.196	24	  -2.212	 -18.916	  -3.659
14	-208.163	19	 -10.050	  -0.120	   5.770
15	-206.991	20	   2.099	   3.997	   3.447
16	-203.374	16	  12.106	  13.783	  -1.525
17	-176.877	15	  -3.422	 -12.534	  26.634
18	-150.658	15	  -7.166	   1.080	  12.586
19	-146.504	13	  14.142	 -12.639	  24.686
20	-144.695	14	 -26.019	 -12.111	  -1.923
21	-121.873	12	 -25.463	 -21.641	   4.030
22	-121.615	12	 -16.583	  -4.588	   0.762
23	-108.884	11	  21.015	  -8.292	  11.504
24	-108.229	11	  19.720	  -5.607	  22.365
25	-106.511	10	   7.224	   1.651	  20.041
26	 -96.849	6	   2.201	  -6.187	   9.699
27	 -88.186	9	   8.652	  10.235	  -7.975
28	 -77.746	8	  -3.517	 -21.976	  23.055
29	 -70.193	7	   4.402	 -20.801	   9.124
30	 -61.198	6	  21.252	   0.237	   9.532
31	 -61.147	6	 -21.732	   0.174	   5.360
32	 -60.121	6	  18.235	 -15.005	  18.699
33	 -51.653	5	 -30.323	  -7.100	   3.372
34	 -46.686	5	   7.859	  -0.142	  -1.553
35	 -45.944	4	 -10.636	 -25.379	  -2.302
36	 -39.320	4	  19.630	  10.248	  -1.164
37	 -37.445	4	  -5.639	  -5.802	  30.046
38	 -29.675	3	   8.601	 -21.662	  17.840
39	 -20.355	2	 -26.370	 -21.774	  12.371
40	 -19.879	2	 -17.871	   0.190	  12.337
41	 -19.453	2	  15.712	   0.691	   2.459
42	 -18.468	2	 -13.865	 -11.320	  -4.175
43	  -9.800	1	   4.630	 -17.309	  -1.164
44	  -8.943	1	   4.630	 -23.309	  24.836
