1	-641.122	56	  45.773	  22.022	  37.886
2	-531.892	47	  54.802	  48.252	  44.069
3	-527.592	47	  41.218	  53.943	  51.238
4	-515.487	45	  57.282	  43.356	  37.818
5	-476.892	41	  39.661	  26.268	  45.350
6	-393.929	38	  36.879	  41.212	  45.043
7	-346.315	30	  43.742	  47.497	  39.467
8	-334.852	30	  64.367	  31.032	  44.072
9	-316.183	27	  36.760	  32.820	  38.136
10	-302.786	27	  51.214	  24.184	  49.444
11	-184.705	17	  59.733	  52.397	  51.301
12	-168.038	16	  49.668	  51.687	  56.472
13	-167.601	16	  48.752	  28.434	  31.987
14	-153.214	15	  69.576	  47.968	  44.714
15	-147.823	15	  53.978	  19.843	  41.219
16	-129.622	12	  35.298	  17.867	  41.194
17	-126.926	12	  59.064	  27.165	  37.938
18	-114.052	11	  64.566	  49.570	  34.813
19	-106.304	10	  66.159	  44.800	  57.258
20	-103.674	11	  33.521	  30.908	  44.828
21	-102.744	9	  56.960	  46.334	  58.450
22	 -95.751	9	  68.290	  54.637	  42.444
23	 -90.879	9	  29.314	  25.400	  37.108
24	 -87.368	9	  52.089	  30.896	  56.447
25	 -86.280	8	  45.422	  38.463	  32.203
26	 -65.488	7	  39.604	  32.573	  55.705
27	 -56.812	6	  51.085	  38.506	  62.463
28	 -49.344	5	  35.688	  40.257	  52.866
29	 -49.146	5	  66.258	  35.271	  51.926
30	 -39.868	4	  49.381	  58.055	  49.673
31	 -39.021	4	  60.375	  33.345	  58.441
32	 -37.763	4	  47.640	  53.575	  40.202
33	 -28.357	3	  59.835	  33.993	  32.750
34	 -18.676	2	  37.878	  24.815	  33.441
35	 -13.933	1	  47.878	  39.320	  40.441
36	  -9.770	1	  56.878	  40.320	  46.441
37	  -9.153	1	  39.878	  19.320	  47.441
