1	-1503.765	126	  -0.468	  25.785	  43.277
2	-832.290	73	  -7.318	  32.657	  47.019
3	-651.904	58	   9.935	  28.491	  34.377
4	-399.127	37	   2.255	  40.569	  53.495
5	-319.470	30	  -3.771	  49.906	  41.118
6	-248.257	25	   5.185	  14.798	  41.020
7	-241.922	24	 -11.399	  29.676	  23.137
8	-237.485	24	 -12.745	  36.598	  31.069
9	-229.749	22	   7.302	  48.532	  44.372
10	-227.247	20	  -9.256	  13.986	  36.306
11	-224.497	20	   0.636	  13.348	  24.925
12	-208.503	19	 -13.177	  44.459	  42.834
13	-202.112	19	  -6.319	  45.117	  34.126
14	-198.592	19	  -3.896	  28.335	  51.669
15	-186.006	18	   6.796	  35.402	  27.863
16	-146.067	14	  12.877	  16.447	  28.888
17	-143.721	13	  -2.052	  34.885	  20.144
18	-113.713	11	  -6.319	  47.033	  54.489
19	-110.205	11	  13.813	  39.695	  48.486
20	 -93.391	9	   3.287	  24.770	  18.604
21	 -85.225	8	  14.754	  43.929	  39.799
22	 -82.071	8	  -1.594	  41.013	  26.140
23	 -80.932	8	   6.871	   7.496	  31.265
24	 -77.554	8	  -8.564	  19.611	  19.248
25	 -76.316	8	 -15.664	  23.419	  39.843
26	 -73.172	7	   4.923	  22.278	  47.190
27	 -67.577	7	 -14.029	  18.318	  27.289
28	 -66.856	7	   5.566	  46.820	  33.451
29	 -63.069	6	 -12.191	  39.392	  54.908
30	 -57.664	6	 -15.836	  31.693	  43.500
31	 -57.372	6	   9.117	  27.589	  26.964
32	 -57.143	6	  -5.550	  13.442	  43.277
33	 -42.532	4	 -16.631	  25.508	  32.368
34	 -29.768	3	 -10.189	  10.600	  28.530
35	 -20.246	2	   9.117	  32.199	  52.090
36	 -10.344	1	  14.117	  31.254	  43.604
37	  -9.115	1	  13.117	  37.254	  34.604
