1	-868.740	80	  35.015	  43.291	  28.420
2	-857.536	77	  48.662	  41.498	   5.880
3	-669.034	61	  47.320	  34.611	  -4.832
4	-636.090	52	  39.946	  46.485	   7.355
5	-548.534	49	  33.909	  45.966	  -1.565
6	-514.205	47	  51.409	  56.435	  14.536
7	-398.904	38	  42.739	  56.484	   6.153
8	-390.822	34	  38.948	  46.173	 -19.214
9	-385.175	35	  41.026	  57.366	  28.602
10	-325.205	30	  52.715	  51.632	  29.778
11	-312.133	30	  52.644	  52.312	   1.180
12	-290.666	29	  36.488	  42.454	  14.301
13	-284.883	27	  32.390	  48.878	 -11.435
14	-281.097	23	  46.267	  37.087	  16.942
15	-272.966	25	  60.115	  37.802	  28.759
16	-253.491	25	  54.370	  31.431	 -10.088
17	-245.160	22	  38.025	  60.127	  18.953
18	-229.994	21	  30.576	  49.402	  16.498
19	-211.256	19	  49.888	  47.775	  39.386
20	-208.614	20	  59.594	  48.272	   8.931
21	-203.907	17	  34.004	  52.766	  30.341
22	-194.108	17	  34.309	  37.608	  -8.699
23	-190.795	18	  61.788	  48.271	  26.121
24	-187.998	19	  59.307	  34.712	   7.445
25	-168.899	16	  38.943	  56.639	  -3.450
26	-163.119	16	  30.675	  44.960	  44.890
27	-159.475	16	  32.142	  54.662	   9.635
28	-158.794	15	  56.596	  25.706	  -4.236
29	-132.770	10	  49.259	  35.612	  28.869
30	-123.657	10	  55.893	  28.473	   9.363
31	-122.778	12	  27.862	  46.418	  33.989
32	-120.416	12	  45.344	  40.280	 -19.518
33	-115.188	11	  52.355	  33.822	  36.052
34	-114.980	11	  42.520	  58.067	 -10.424
35	-108.075	11	  50.052	  53.454	 -11.559
36	-105.015	10	  60.026	  46.974	  38.638
37	 -92.661	9	  59.928	  44.408	  15.071
38	 -91.255	9	  65.079	  33.092	  -0.615
39	 -87.548	9	  41.148	  49.992	  43.867
40	 -86.148	9	  27.558	  42.720	 -12.266
41	 -85.259	9	  39.985	  34.267	 -17.728
42	 -77.129	8	  44.663	  37.580	  40.933
43	 -74.531	7	  38.159	  36.679	  -0.104
44	 -69.100	7	  57.341	  56.503	  24.748
45	 -58.629	6	  63.983	  27.464	 -10.694
46	 -58.172	6	  32.037	  37.564	 -17.516
47	 -52.432	5	  43.328	  33.792	  22.901
48	 -49.254	5	  51.283	  43.464	  -9.633
49	 -44.777	3	  45.527	  41.200	  24.333
50	 -40.400	4	  29.876	  57.437	  26.058
51	 -39.623	4	  55.251	  30.725	  19.926
52	 -29.659	3	  37.585	  54.542	  38.738
53	 -28.896	3	  45.229	  55.183	  37.388
54	 -19.893	2	  48.353	  29.676	  17.533
55	 -19.098	2	  60.396	  26.200	   3.057
56	  -9.908	1	  56.877	  40.200	  44.057
57	  -9.655	1	  29.877	  43.200	   7.057
58	  -9.440	1	  55.877	  31.200	  28.057
59	  -9.339	1	  48.877	  26.200	   6.057
60	  -9.047	1	  43.877	  28.200	   0.057
