1	-1365.371	119	   9.451	  18.440	   4.611
2	-580.164	47	  18.126	  18.479	   4.770
3	-548.062	50	   2.834	   8.021	  30.995
4	-492.824	45	 -12.912	   8.552	  11.383
5	-478.159	44	 -13.952	  28.464	  19.556
6	-399.121	35	  18.299	  17.602	  20.644
7	-379.207	35	  20.986	  12.042	  11.905
8	-376.650	36	  -8.445	  15.588	  28.712
9	-341.689	31	  15.733	  -2.953	  20.436
10	-334.597	31	  -2.767	   3.092	  23.542
11	-322.822	30	  14.428	   9.672	   1.270
12	-283.857	26	  -0.888	  32.754	  24.433
13	-281.124	28	   4.811	   7.748	  -1.858
14	-263.189	24	  19.877	  25.250	  31.084
15	-250.956	25	  -6.886	  25.430	  30.960
16	-232.934	22	   5.995	  -3.078	  29.922
17	-210.666	19	  11.548	   2.128	   5.049
18	-209.834	20	 -17.578	  23.196	   5.726
19	-203.835	18	  -5.890	  19.193	  -1.529
20	-196.237	19	  14.471	  19.260	  36.326
21	-193.660	19	 -21.158	  18.853	  17.446
22	-184.117	18	   5.019	  -0.415	  12.669
23	-174.710	17	  21.131	  11.074	  29.781
24	-172.353	17	  16.602	  32.524	  26.062
25	-159.082	16	  -2.502	  26.490	   2.884
26	-156.969	15	  -0.572	  32.081	   9.050
27	-147.470	15	   7.982	  27.894	  34.734
28	-142.625	14	  13.577	   9.760	  37.756
29	-141.090	14	  -9.873	  32.047	   7.227
30	-133.474	14	  11.999	  35.840	  19.130
31	-126.019	12	   2.293	  16.430	  37.037
32	-123.469	12	  21.813	  28.347	  12.399
33	-118.649	12	   7.801	  -2.761	  20.843
34	-115.960	10	  11.904	  30.946	  12.640
35	-111.924	11	  -6.823	  32.023	  17.198
36	-107.319	10	  21.476	  27.587	  20.201
37	 -89.173	9	  18.264	  25.767	  -2.235
38	 -87.229	9	  25.921	   3.712	  12.615
39	 -79.747	6	   9.837	  28.407	  25.302
40	 -78.137	7	 -12.722	  13.455	   1.406
41	 -75.057	7	 -17.117	  16.496	  25.543
42	 -70.905	7	  -0.264	  16.520	  -6.698
43	 -69.578	7	  -5.489	   3.320	   1.651
44	 -58.268	6	   6.954	  29.057	   5.942
45	 -58.073	6	  22.210	  -5.521	  29.944
46	 -52.164	5	  26.518	   6.483	  27.886
47	 -50.887	5	  25.028	  -1.865	  21.482
48	 -50.114	5	  -4.732	   2.050	  15.484
49	 -50.086	3	  10.145	  17.897	  15.910
50	 -43.824	4	  16.628	  16.417	  -4.698
51	 -35.679	2	   3.742	  12.014	  17.302
52	 -29.008	3	   6.834	  20.758	  -6.357
53	 -28.221	3	  22.145	   6.428	   6.302
54	 -21.679	2	 -13.855	   8.954	  22.302
55	 -19.086	2	  13.676	   0.886	  37.771
56	  -9.447	1	  19.145	  -4.583	  11.302
57	  -9.101	1	 -18.855	  15.417	   7.302
