1	-1043.038	85	  65.156	  29.573	 115.656
2	-724.466	61	  56.548	  34.034	 104.174
3	-595.076	38	  58.340	  31.164	 118.640
4	-531.481	46	  59.919	  12.161	 100.745
5	-336.968	31	  70.192	  17.349	 128.087
6	-288.690	26	  50.689	  26.091	 124.840
7	-287.841	27	  47.995	  35.064	 117.847
8	-282.543	25	  59.180	  19.521	  95.792
9	-279.944	25	  48.470	  14.438	 112.473
10	-255.925	25	  42.256	  26.326	 103.623
11	-244.663	23	  70.711	  12.186	 119.998
12	-238.254	22	  61.472	  29.096	 129.211
13	-237.908	23	  66.852	  12.296	 105.585
14	-222.380	21	  63.075	   9.165	 126.723
15	-212.037	21	  73.439	  26.924	 112.341
16	-208.764	20	  68.256	  24.773	 101.108
17	-171.227	17	  60.883	   5.200	 115.948
18	-159.189	16	  45.696	  25.918	 116.215
19	-131.624	9	  63.451	  30.051	 103.283
20	-129.537	13	  49.078	  30.147	  96.220
21	-125.255	11	  59.058	  21.660	 131.321
22	-121.194	12	  66.593	  31.948	 122.829
23	-102.472	10	  47.392	  35.284	 101.341
24	 -98.028	9	  42.814	  19.739	 107.202
25	 -77.665	8	  63.594	  38.330	 110.174
26	 -65.152	6	  50.088	  21.877	  94.985
27	 -59.231	6	  57.437	  27.977	  95.084
28	 -57.554	6	  79.456	  17.759	 110.693
29	 -53.956	5	  75.809	  28.566	 123.434
30	 -39.444	4	  44.129	  35.365	 108.479
31	 -38.292	4	  79.369	  18.348	 118.239
32	 -38.261	4	  56.079	  40.084	 121.272
33	 -28.548	3	  44.489	  17.051	 100.178
34	 -20.202	2	  71.038	  18.516	 101.891
35	 -19.149	2	  50.633	  14.099	 126.009
36	 -18.814	2	  63.615	   3.570	 103.019
37	 -18.759	2	  52.618	  34.084	 128.505
