1	-1511.183	123	  16.559	   3.080	  22.509
2	-1146.757	96	  10.829	  11.254	  26.742
3	-1033.032	85	   9.582	  13.641	  34.676
4	-963.294	85	  21.398	  23.594	  24.532
5	-868.334	77	   3.809	  25.323	  13.195
6	-865.402	72	  -4.730	  15.087	  13.325
7	-790.206	73	  11.599	   1.597	  31.792
8	-466.600	41	  -2.713	 -14.030	  30.128
9	-444.107	42	   4.444	  -9.940	  38.287
10	-434.781	39	  24.913	 -10.161	  16.898
11	-377.445	34	   8.318	  37.233	  13.228
12	-372.782	33	  25.083	   2.161	  14.611
13	-368.781	36	  14.735	  18.375	   2.320
14	-367.358	34	   7.538	  -0.720	  25.349
15	-342.623	31	  16.664	  -9.345	   7.685
16	-330.366	29	  18.700	   7.278	  45.471
17	-326.345	31	   5.437	  18.535	   3.620
18	-315.312	29	  -8.273	  14.675	   4.947
19	-312.964	28	  -2.400	   0.366	  22.156
20	-308.387	28	  10.245	 -14.071	  11.149
21	-297.560	28	   3.772	 -26.493	  43.867
22	-271.258	27	   2.746	  16.339	  24.248
23	-268.424	23	   9.772	 -21.903	  20.688
24	-253.104	24	  23.452	   9.654	   9.589
25	-253.010	23	  29.234	  10.694	  24.518
26	-243.807	24	  26.032	  17.192	  14.481
27	-242.118	23	  14.297	  27.050	  31.588
28	-238.724	22	  26.204	  -3.096	  40.618
29	-234.771	22	  30.593	  19.330	  36.617
30	-218.363	21	   1.664	 -14.014	  12.494
31	-215.076	21	 -12.029	   8.026	  17.172
32	-206.126	20	  11.594	  -0.026	  39.503
33	-204.251	20	 -10.481	 -11.094	   9.655
34	-197.295	19	   0.309	   8.472	  24.040
35	-194.187	18	  23.552	  -0.415	  25.575
36	-193.371	19	  21.874	  16.508	  45.966
37	-191.298	17	  20.018	  38.335	  11.594
38	-189.417	18	 -13.000	 -10.523	  20.311
39	-185.852	18	  19.358	  -2.504	   4.444
40	-183.086	18	  23.153	  28.571	   6.101
41	-182.040	18	  28.066	  23.201	  30.330
42	-180.245	18	  -6.400	   1.181	   3.032
43	-177.286	17	  19.783	 -15.229	  13.501
44	-176.676	17	  -3.161	  -8.461	   5.829
45	-175.482	17	  18.939	 -26.294	  26.306
46	-175.172	16	   2.104	 -21.419	  26.983
47	-166.573	15	  21.147	 -14.196	  31.954
48	-156.921	15	   7.768	   9.034	  -1.934
49	-154.610	15	  12.344	 -26.994	  38.524
50	-152.670	14	  29.578	   5.068	  38.620
51	-150.551	15	  13.769	  30.284	   2.895
52	-146.464	15	  13.531	  31.745	  22.404
53	-144.023	14	   9.704	  -2.141	   0.304
54	-132.974	14	   7.589	  23.153	  39.103
55	-123.637	12	  15.237	  20.322	  38.377
56	-122.902	12	  32.430	  30.152	  17.528
57	-121.921	11	   4.453	  18.875	  31.895
58	-101.300	10	 -13.728	   0.423	   8.614
59	-100.486	9	 -12.662	  -1.678	  17.822
60	 -94.770	8	  12.433	  24.159	  20.666
61	 -94.376	8	   5.632	   6.295	  35.752
62	 -90.437	7	   6.066	 -13.157	  45.592
63	 -89.490	9	  27.635	   4.850	  50.032
64	 -81.668	8	  33.657	  10.380	  33.738
65	 -80.785	8	  14.927	  -8.978	  42.195
66	 -76.372	7	   8.506	  18.917	  45.662
67	 -74.718	8	  12.977	 -30.446	  29.735
68	 -72.967	7	  15.165	   6.164	   3.269
69	 -72.930	7	  16.570	 -18.858	  40.408
70	 -72.792	7	  29.906	  -0.963	  30.179
71	 -67.981	7	   5.643	 -28.914	  35.180
72	 -67.226	7	   1.783	 -19.051	  18.872
73	 -63.555	6	  -2.208	   7.443	   0.200
74	 -62.247	6	  23.089	  35.251	  18.634
75	 -60.114	6	  11.565	 -20.144	  48.039
76	 -57.454	6	  34.281	  25.293	  12.622
77	 -53.291	5	  24.793	 -17.634	  23.976
78	 -51.583	5	   3.953	  11.445	  43.025
79	 -51.419	5	  -6.471	 -17.760	  25.279
80	 -50.498	5	   3.826	  -7.147	   1.848
81	 -48.720	5	  -0.348	 -17.990	  44.457
82	 -40.444	4	  24.352	  -8.529	  27.009
83	 -39.091	4	 -11.288	 -11.130	  30.130
84	 -29.449	3	  20.116	  35.465	   4.457
85	 -29.104	3	  32.702	  11.828	  46.888
86	 -18.121	2	   6.948	  26.292	  28.961
87	  -9.557	1	   8.452	   7.796	  17.457
88	  -9.199	1	   0.452	  19.796	  39.457
89	  -9.068	1	  22.452	  20.796	   4.457
90	  -8.985	1	  -8.548	  13.796	  21.457
91	  -8.958	1	   1.452	  -4.204	  35.457
92	  -8.913	1	   2.452	 -23.204	  53.457
