1	-1164.237	100	  26.971	  -2.390	  -7.734
2	-1134.941	84	  20.702	   7.010	   2.749
3	-865.310	73	   6.030	   1.955	   7.510
4	-693.538	63	  -4.817	 -12.006	  -0.197
5	-461.782	43	  12.800	 -10.868	  -8.901
6	-430.414	41	  20.003	  23.918	  -6.444
7	-419.919	36	  -3.488	  -4.688	   6.294
8	-331.012	30	  31.989	  12.744	   7.078
9	-322.539	31	  15.353	 -22.284	   6.184
10	-308.671	28	  20.111	 -14.674	  14.046
11	-308.022	29	  20.086	  -5.189	 -11.174
12	-273.153	26	  12.228	  24.601	   0.360
13	-260.600	24	  31.728	  -5.664	   2.537
14	-254.983	24	   9.559	   4.374	  -8.537
15	-242.591	22	  20.948	  15.403	  12.525
16	-226.381	20	  13.165	  -1.582	  15.516
17	-207.284	20	  21.611	  26.722	   0.910
18	-182.058	17	  36.650	  15.584	  -6.567
19	-175.960	17	  23.264	  -0.323	  14.391
20	-172.115	16	  16.998	 -23.304	  -7.065
21	-168.118	15	  37.753	  10.106	   3.413
22	-155.575	14	   8.305	 -18.405	  -4.987
23	-154.538	14	  18.497	  15.639	 -10.940
24	-143.145	13	  26.221	  15.122	 -13.241
25	-142.508	14	  36.504	  -0.665	  -2.476
26	-123.523	12	  28.977	  21.703	  -6.843
27	-121.321	12	  -4.490	 -11.168	   9.864
28	-119.917	11	  25.034	 -13.853	 -13.064
29	-116.907	11	  31.486	 -17.600	   4.952
30	 -85.801	9	   5.348	  15.836	  -0.917
31	 -79.436	8	   1.048	   7.243	  -2.704
32	 -78.470	8	   0.778	 -23.452	   7.859
33	 -77.079	7	  -5.448	 -18.219	   4.066
34	 -71.255	7	   1.238	  -4.481	  -9.273
35	 -70.973	7	   0.218	 -17.435	  -3.885
36	 -68.311	7	  11.034	  14.746	  17.255
37	 -65.809	7	   8.677	 -15.999	  14.808
38	 -65.267	6	  27.677	 -22.813	   0.034
39	 -63.554	6	  -1.944	  -1.645	  -2.921
40	 -59.942	5	  10.489	  19.733	   7.196
41	 -58.317	6	   9.919	   5.857	  19.355
42	 -57.937	6	  12.188	  22.998	 -10.685
43	 -51.967	5	  34.379	   4.552	  -8.376
44	 -50.563	5	  36.395	   0.487	   5.109
45	 -40.634	4	   5.889	  -8.410	  12.740
46	 -38.113	4	  15.879	  21.130	  13.001
47	 -37.651	4	   9.894	 -24.392	  13.768
48	 -36.973	4	   2.367	  12.819	  11.021
49	 -31.896	3	  26.709	  -9.140	  12.806
50	 -29.667	3	  29.655	  20.753	   5.044
51	 -29.161	3	  26.393	 -22.810	  -7.798
52	 -28.490	3	  21.048	   3.173	 -13.792
53	 -20.142	2	  18.393	  10.387	  17.521
54	 -18.673	2	  25.882	 -21.140	   8.521
55	  -9.100	1	  16.393	  31.860	  -3.479
