1	-687.562	58	   8.133	   3.458	  91.694
2	-567.151	47	  15.881	   6.717	  69.341
3	-466.014	44	  21.748	  13.863	  83.063
4	-425.299	40	   9.269	 -10.362	  65.721
5	-386.701	28	  12.001	   8.541	  94.970
6	-365.491	33	  18.550	  -4.242	  67.577
7	-359.666	31	  -0.239	  15.777	  98.642
8	-309.106	30	  23.501	   8.974	  93.115
9	-287.880	25	   2.351	   0.680	  87.354
10	-285.547	26	  -3.481	  18.003	  85.895
11	-285.440	27	   9.797	  23.770	  93.735
12	-272.301	25	 -10.368	  -9.046	  77.077
13	-260.732	25	   7.758	  21.219	  84.080
14	-249.101	22	  -7.072	   5.598	  71.557
15	-237.605	23	  31.624	   4.867	  80.731
16	-230.511	19	  -4.765	  16.984	  76.371
17	-226.560	22	  19.694	  16.944	 101.038
18	-226.479	22	  21.342	  -9.330	  78.373
19	-219.202	21	  11.799	  13.474	 101.968
20	-213.282	21	  -8.307	   0.061	  86.048
21	-187.276	18	  -1.393	   1.544	  93.465
22	-180.423	16	   2.329	  -6.303	  64.586
23	-177.978	18	  17.279	  -9.067	  88.519
24	-171.996	17	 -11.457	  10.056	  80.138
25	-151.505	14	   1.763	 -15.956	  82.940
26	-151.086	14	   5.730	   6.403	 102.694
27	-140.533	14	  -6.072	  13.706	  92.456
28	-139.902	14	   5.290	   8.061	  64.512
29	-132.869	13	  18.304	 -15.923	  71.636
30	-129.156	13	   6.243	  -0.800	  59.907
31	-126.396	12	  -4.299	   1.357	  64.479
32	-119.884	11	  25.388	  -0.498	  74.101
33	-109.886	10	   8.487	 -19.839	  78.576
34	-108.866	10	  -4.598	  -9.372	  67.011
35	 -91.916	9	   3.381	 -15.434	  69.668
36	 -91.698	9	   7.433	 -15.462	  89.649
37	 -85.660	8	  17.609	 -18.807	  81.943
38	 -82.013	8	  -6.367	   6.686	  95.833
39	 -81.699	8	  19.461	   0.743	  90.678
40	 -80.242	7	  10.626	  13.798	  72.960
41	 -79.109	8	  16.260	   8.347	 105.724
42	 -78.734	8	 -10.040	  -0.885	  74.327
43	 -70.154	7	  -7.026	  15.171	  69.226
44	 -49.829	5	  23.720	   4.964	  69.002
45	 -48.038	5	  28.567	  12.543	  75.432
46	 -47.318	5	   3.338	  17.200	  71.803
47	 -43.679	4	  16.582	  18.711	  85.215
48	 -40.822	4	  20.980	  20.988	  90.982
49	 -37.893	4	  -3.136	 -18.039	  76.969
50	 -28.819	3	  18.430	   3.847	  99.865
