1	-1372.821	124	   6.676	  34.030	  -3.148
2	-1357.293	110	   7.675	  24.694	  -2.801
3	-945.931	90	   5.726	  34.659	 -17.501
4	-824.224	71	  20.783	  27.710	  20.076
5	-706.441	60	 -12.260	  27.258	  -9.662
6	-671.992	58	  18.248	  33.484	 -10.268
7	-663.264	59	  -8.098	  20.833	  23.609
8	-639.987	52	   8.161	  40.205	  -9.777
9	-540.739	48	 -17.583	   9.051	  -5.773
10	-525.185	49	  -0.342	  14.086	   2.719
11	-515.128	44	  -1.095	  36.939	   5.213
12	-481.334	42	   1.369	  12.391	  -6.250
13	-471.938	41	 -21.457	  24.450	  11.320
14	-425.263	37	  19.313	  24.235	 -14.840
15	-414.102	39	  -3.691	  42.157	  -5.130
16	-388.728	36	  -9.447	  19.825	 -17.261
17	-368.508	31	  32.428	  27.075	   7.343
18	-355.272	35	  -7.569	  38.652	  17.353
19	-353.635	32	   5.706	  27.986	 -33.266
20	-352.456	31	  22.615	  16.787	   6.505
21	-342.349	32	  -1.389	  35.629	 -20.292
22	-341.403	33	  -8.860	   7.440	 -10.870
23	-333.585	26	   0.990	  23.995	  -1.589
24	-306.926	29	  22.448	  40.777	   1.563
25	-277.351	26	  14.264	  31.280	 -23.044
26	-272.139	23	  15.643	  15.789	  -5.688
27	-258.733	24	 -19.176	  36.670	   3.864
28	-256.382	24	  19.790	  16.717	  20.018
29	-241.563	21	  -0.111	  30.467	  23.324
30	-235.417	21	 -10.602	  34.566	 -10.745
31	-234.518	21	  35.631	  18.141	   5.560
32	-234.133	22	  -3.714	   6.887	   6.433
33	-234.120	20	   9.911	  26.337	  20.378
34	-227.133	20	  18.670	  42.408	  12.047
35	-226.039	21	  28.758	  27.738	  -5.703
36	-221.355	22	 -20.657	  16.707	  -0.991
37	-220.543	20	 -17.222	   8.296	   7.227
38	-218.535	20	  -5.751	  17.825	 -23.212
39	-216.369	20	   8.778	  13.206	   9.996
40	-213.595	21	   2.781	  13.787	  20.140
41	-208.501	20	  -5.047	   6.194	  17.000
42	-206.209	18	  -9.161	  37.578	   2.910
43	-200.351	20	  16.158	  12.309	  14.560
44	-187.768	16	 -15.945	  16.427	  20.579
45	-187.269	18	 -21.340	  17.817	  16.292
46	-187.256	18	 -11.178	   8.340	  21.988
47	-184.729	18	   5.764	  40.586	 -21.788
48	-182.613	18	  18.962	  20.094	 -28.845
49	-182.439	18	  12.990	  11.105	 -13.562
50	-181.562	17	  25.701	  17.502	  -1.261
51	-179.915	16	  34.134	  22.079	  -3.324
52	-179.135	16	   2.591	  43.248	  11.974
53	-178.997	16	   8.933	  15.975	   1.271
54	-167.129	14	  29.081	  23.756	  17.498
55	-154.772	15	   2.784	  46.321	   0.683
56	-144.469	14	 -22.393	  31.533	  -3.853
57	-135.024	13	 -24.825	  23.901	   1.972
58	-125.956	13	  15.992	  39.572	  18.873
59	-118.599	11	   2.735	   9.291	 -21.118
60	-111.522	11	  27.511	  36.767	  15.996
61	-110.490	11	  -9.756	  40.679	 -15.818
62	-108.758	11	 -10.865	  31.592	  25.750
63	-104.251	11	  -5.855	  20.679	 -30.926
64	-103.862	10	  10.904	  11.601	 -24.907
65	 -94.799	9	 -19.172	  24.360	  -4.241
66	 -92.570	9	  -1.004	  38.381	 -30.754
67	 -89.154	9	  14.914	  48.810	   0.593
68	 -82.715	8	   0.958	  17.415	 -29.646
69	 -82.281	8	   9.507	  51.695	  -9.387
70	 -78.325	8	  -8.227	   2.742	  -2.247
71	 -65.716	6	 -14.671	  37.874	  -4.870
72	 -63.769	6	  -1.636	  49.726	 -11.227
73	 -59.927	6	 -19.592	  25.230	  25.061
74	 -58.634	6	  20.319	  16.581	 -19.126
75	 -52.970	3	  10.959	  18.192	 -12.497
76	 -52.146	5	   7.122	  36.466	  23.130
77	 -49.040	5	  -9.473	  33.494	 -20.942
78	 -45.631	5	 -16.435	  12.848	 -16.627
79	 -41.824	4	 -26.559	  31.419	   9.772
80	 -37.948	4	  27.383	  14.874	  15.781
81	 -36.929	3	 -10.735	  19.189	   7.772
82	 -31.473	3	 -19.631	   9.573	  16.471
83	 -30.584	3	  15.606	  43.578	  -9.287
84	 -29.560	3	  10.616	  16.225	 -35.228
85	 -28.917	3	  10.959	  13.552	  20.110
86	 -28.197	3	 -21.017	  34.921	  19.796
87	 -20.332	2	 -19.041	  20.874	 -12.706
88	 -20.102	2	  14.469	  38.874	 -16.228
89	 -19.901	2	 -24.041	  14.422	   9.224
90	 -18.800	2	   9.458	  47.375	  10.772
91	 -10.262	1	  -1.041	  29.874	 -35.228
92	  -9.380	1	   8.959	  34.874	 -32.228
93	  -9.128	1	  13.959	  27.874	 -30.228
