1	-1296.923	108	   5.553	  28.829	  17.653
2	-768.818	69	  15.654	  33.869	   3.436
3	-697.059	64	   6.656	  25.599	  40.561
4	-529.023	45	   1.791	  45.010	  25.501
5	-505.912	44	  -1.659	  25.527	  21.996
6	-502.695	38	  15.248	  15.169	  10.575
7	-462.436	44	 -18.060	  31.164	  38.154
8	-442.037	41	  24.441	  29.974	  30.866
9	-410.251	39	  16.987	  20.401	   1.094
10	-387.809	36	  17.786	  23.770	  40.116
11	-386.972	34	 -14.475	  28.838	  28.432
12	-338.138	29	  11.973	  43.294	   8.538
13	-329.084	31	   3.253	  16.221	  17.011
14	-328.779	29	   3.201	  41.877	  33.782
15	-304.616	27	  13.127	  35.711	  38.644
16	-278.845	26	  10.225	  42.279	  33.906
17	-275.481	27	 -17.362	  22.564	  43.173
18	-242.239	20	   1.211	  34.348	   8.484
19	-235.972	23	  -3.114	  48.723	  32.148
20	-229.376	17	   8.139	  20.289	   8.899
21	-220.517	22	 -15.590	  37.200	  27.369
22	-215.328	21	  -0.528	  16.784	  34.042
23	-213.411	20	  24.776	  17.951	  28.596
24	-189.538	18	  -6.862	  46.696	  41.479
25	-187.743	18	  21.930	  38.759	   8.509
26	-185.548	18	   7.525	  37.206	   1.600
27	-180.150	17	  28.455	  27.390	  22.750
28	-177.698	17	  25.934	  28.745	  10.768
29	-172.500	15	  -0.980	  15.080	  -1.701
30	-164.700	16	  -5.288	  35.209	  44.512
31	-157.803	16	  21.146	  41.047	  30.211
32	-157.497	15	  -5.578	  18.289	  28.701
33	-156.070	14	  -8.430	  22.306	  21.551
34	-151.699	15	 -10.380	  19.411	  37.552
35	-141.675	14	  17.857	  40.331	  18.364
36	-140.370	14	  21.288	  34.471	  38.775
37	-139.190	13	   7.190	  19.649	  -1.131
38	-138.404	13	  22.482	  14.358	   6.685
39	-130.287	12	   1.016	  35.172	  40.766
40	-128.999	13	  31.620	  23.569	  17.089
41	-122.334	10	  -7.223	  31.019	  19.161
42	-111.500	11	  14.876	  12.113	  36.318
43	-109.063	11	  18.896	  14.084	  20.433
44	-108.188	11	  -9.749	  47.624	  23.557
45	-107.768	11	  27.555	  15.243	  16.912
46	-107.615	10	 -15.602	  29.496	  19.691
47	-105.864	10	 -10.587	  40.969	  19.136
48	-105.020	11	   8.110	  12.330	  27.052
49	-102.989	10	  -4.104	  27.906	   8.594
50	-101.576	9	 -15.203	  26.695	  50.517
51	 -94.380	9	 -15.850	  41.926	  38.048
52	 -92.095	9	  -1.616	  13.327	  10.575
53	 -91.133	9	  -1.996	  23.872	  -0.395
54	 -89.653	9	   0.966	  30.551	   1.323
55	 -88.372	9	 -12.321	  49.425	  31.248
56	 -82.972	8	  -8.153	  17.900	  45.602
57	 -76.895	8	  -7.425	  20.283	   6.058
58	 -64.763	6	  25.570	  18.381	  39.165
59	 -62.463	6	  -7.597	  26.885	  50.293
60	 -60.386	6	   6.966	  14.878	  39.987
61	 -59.438	6	  28.143	  27.681	   0.064
62	 -58.624	6	  29.299	  22.414	   9.695
63	 -55.289	5	  12.336	  41.375	  24.531
64	 -49.901	5	  -8.162	  12.230	   2.027
65	 -41.248	4	  -3.001	  47.773	  17.786
66	 -39.922	4	  -0.481	  41.773	   4.932
67	 -34.420	3	   4.476	   9.484	   4.932
68	 -19.929	2	  -3.524	  41.773	  12.759
69	 -19.243	2	  20.061	   9.773	  30.818
70	 -18.745	2	   5.978	  49.773	  15.735
71	 -18.154	2	  16.981	  43.274	  39.233
72	 -12.826	1	   1.476	  36.773	  16.233
73	 -10.619	1	  16.476	  11.773	   1.233
74	 -10.373	1	  -0.524	  18.773	  47.233
75	 -10.234	1	  11.476	  28.773	   0.233
