1	-1123.177	95	  33.477	  39.751	  70.840
2	-810.301	77	  15.807	  68.421	  46.235
3	-702.939	64	  17.739	  63.449	  56.277
4	-649.151	61	   3.282	  63.696	  26.897
5	-604.893	53	  24.899	  52.602	  54.065
6	-560.538	51	  41.832	  42.914	  73.803
7	-531.758	48	   5.395	  48.427	  40.092
8	-493.832	44	  34.270	  54.835	  52.373
9	-455.262	44	  15.088	  45.938	  31.759
10	-402.320	27	  15.989	  53.555	  35.948
11	-394.791	34	  -3.404	  55.324	  47.973
12	-391.458	37	  26.832	  61.370	  67.803
13	-382.459	34	   1.801	  69.265	  33.370
14	-375.145	33	  11.986	  74.332	  25.175
15	-370.448	34	   9.064	  60.096	  21.546
16	-369.508	34	  29.360	  33.593	  51.951
17	-359.420	33	  17.236	  49.665	  56.448
18	-347.887	28	  32.651	  56.694	  66.487
19	-334.709	32	  24.570	  33.276	  76.511
20	-328.601	30	  16.714	  41.794	  61.518
21	-322.359	28	  25.993	  36.235	  61.036
22	-312.812	30	  33.736	  52.149	  41.841
23	-307.769	29	  -0.415	  50.506	  18.040
24	-304.296	29	  26.644	  50.000	  44.747
25	-277.515	27	  25.222	  42.924	  38.846
26	-275.962	25	  37.126	  57.699	  60.117
27	-263.736	26	  21.721	  45.819	  82.494
28	-258.345	25	  11.682	  76.485	  38.225
29	-249.865	25	  22.646	  57.667	  22.784
30	-249.581	25	  49.268	  37.847	  62.751
31	-247.331	23	  47.244	  55.416	  61.632
32	-202.004	19	   7.088	  55.938	  56.710
33	-183.981	17	   4.526	  42.715	  29.442
34	-182.307	18	   6.957	  59.884	  68.049
35	-179.478	17	  29.225	  68.908	  33.668
36	-173.605	16	  39.897	  30.999	  53.923
37	-173.035	17	   7.948	  70.324	  57.409
38	-171.853	16	  24.611	  42.193	  46.586
39	-164.009	11	  12.985	  58.657	  27.430
40	-160.266	14	  30.677	  32.085	  65.407
41	-158.008	15	  18.409	  78.760	  36.001
42	-154.952	15	  44.203	  43.822	  45.950
43	-153.836	15	  13.446	  54.820	  15.234
44	-151.164	14	  11.566	  37.396	  68.980
45	-150.732	15	  50.980	  49.029	  68.815
46	-147.370	14	   8.167	  53.302	  47.782
47	-146.341	14	  21.186	  69.410	  41.400
48	-146.128	14	  23.893	  59.026	  41.803
49	-140.711	13	   9.903	  49.577	  73.988
50	-138.251	14	   3.886	  69.373	  45.933
51	-138.172	14	  16.096	  52.540	  45.642
52	-129.904	12	  22.613	  76.861	  29.540
53	-124.201	13	  23.657	  56.146	  81.199
54	-120.618	12	  39.810	  31.762	  65.975
55	-120.044	12	  15.802	  62.789	  77.973
56	-117.525	11	  44.587	  55.576	  72.186
57	-111.447	11	  -5.057	  64.308	  49.051
58	-110.043	10	  28.258	  62.377	  77.337
59	-109.724	10	  25.017	  40.305	  53.934
60	-106.591	11	   2.100	  61.322	  58.114
61	-105.841	10	  38.311	  45.735	  36.557
62	-105.013	10	  34.070	  54.357	  76.419
63	-102.353	10	  27.858	  43.064	  32.148
64	 -96.994	10	  -3.246	  60.570	  26.490
65	 -96.574	9	  15.790	  70.943	  68.174
66	 -94.808	9	  -1.075	  65.945	  41.376
67	 -85.609	8	  35.354	  62.903	  29.920
68	 -82.881	7	  -4.582	  52.534	  29.852
69	 -81.583	8	  31.220	  34.136	  40.489
70	 -80.758	8	  29.601	  55.670	  25.196
71	 -79.157	6	  31.872	  61.464	  37.933
72	 -79.127	8	  20.288	  68.406	  73.743
73	 -75.757	7	   5.855	  79.737	  26.089
74	 -75.607	8	  -8.039	  58.570	  37.717
75	 -71.810	7	  41.158	  49.724	  43.318
76	 -68.179	7	  39.322	  57.360	  32.771
77	 -65.843	6	  44.933	  52.812	  53.841
78	 -55.090	6	  31.477	  49.531	  81.634
79	 -54.058	5	  33.668	  40.425	  79.651
80	 -53.332	5	  10.078	  66.426	  73.878
81	 -50.619	5	  26.048	  69.020	  24.368
82	 -50.331	5	  15.267	  68.850	  22.660
83	 -50.317	5	   6.077	  45.861	  15.474
84	 -49.128	5	  -4.524	  48.434	  37.445
85	 -44.352	4	  21.150	  31.586	  69.272
86	 -40.583	4	   2.466	  79.041	  33.234
87	 -37.919	4	  -1.780	  73.038	  26.441
88	 -37.478	4	  51.194	  40.526	  70.209
89	 -28.772	3	  15.801	  46.066	  20.130
90	 -28.516	3	  44.774	  36.580	  55.250
91	 -28.068	3	  21.802	  35.064	  83.843
92	 -20.675	2	  50.456	  41.521	  55.994
93	 -19.497	2	  16.084	  82.498	  28.931
94	 -19.298	2	  11.456	  41.573	  78.474
95	 -19.052	2	  15.400	  55.569	  79.946
96	 -18.853	2	  41.943	  34.015	  42.500
97	  -8.932	1	  37.456	  37.041	  35.474
