1	-1050.197	86	  48.549	  97.219	  -3.013
2	-672.572	59	  29.652	 100.274	  -9.843
3	-523.651	46	  33.896	 109.106	   1.150
4	-522.387	47	  57.897	 112.333	  -7.908
5	-508.919	43	  61.762	  88.280	 -21.013
6	-404.404	38	  44.553	  90.523	 -21.357
7	-404.031	36	  41.083	 109.918	 -24.218
8	-315.431	27	  41.633	 120.542	  -7.425
9	-261.683	26	  32.769	 108.978	 -14.913
10	-247.638	21	  57.090	 102.768	 -25.807
11	-239.823	22	  64.969	 104.177	 -21.969
12	-213.628	20	  24.250	  98.738	  -2.794
13	-210.026	21	  41.689	 100.915	   7.916
14	-196.899	19	  30.722	  85.256	   0.551
15	-191.815	16	  33.369	  84.266	  -8.030
16	-184.770	19	  39.084	 100.380	 -24.034
17	-178.859	15	  61.359	  88.602	  -8.303
18	-172.834	16	  33.793	  90.730	 -17.886
19	-170.976	16	  57.004	  93.865	 -26.352
20	-167.186	16	  45.629	 119.686	 -20.116
21	-147.929	14	  46.832	 115.906	   2.826
22	-145.618	15	  51.064	 102.225	   4.055
23	-141.183	13	  59.035	 106.507	   4.581
24	-139.889	14	  34.872	 115.660	  -8.459
25	-129.572	13	  63.668	 111.379	 -15.393
26	-122.806	12	  67.013	 103.558	  -5.189
27	-108.268	11	  34.474	 112.864	  12.484
28	-102.341	10	  57.612	 115.197	 -21.192
29	-100.529	9	  48.969	  83.177	 -12.920
30	 -94.739	9	  28.504	  93.172	  13.387
31	 -90.174	9	  67.396	  93.993	  -9.904
32	 -88.697	9	  54.512	  82.325	 -21.804
33	 -86.654	8	  27.412	 103.804	   8.213
34	 -80.006	8	  54.043	 118.105	 -12.767
35	 -78.369	8	  24.402	  89.637	  -5.377
36	 -71.243	7	  21.414	  96.023	   6.061
37	 -69.627	7	  45.958	  89.732	  -2.836
38	 -63.515	6	  45.427	 108.698	   6.950
39	 -57.904	6	  62.372	  94.134	  -1.691
40	 -57.173	6	  21.427	  88.384	   2.898
41	 -47.746	5	  56.263	  82.989	  -9.502
42	 -43.957	4	  39.900	  85.525	   3.571
43	 -40.052	4	  36.169	  98.954	  14.774
44	 -38.187	4	  39.127	  81.014	 -13.186
45	 -28.781	3	  42.721	  81.676	  -5.687
46	 -28.237	3	  56.406	 109.375	 -29.363
47	 -27.182	3	  51.766	 119.640	  -1.998
48	 -18.990	2	  38.406	  92.989	   7.812
49	 -18.138	2	  70.406	  92.989	 -24.195
50	 -17.963	1	  62.406	 103.989	 -14.687
