1	-411.803	35	  12.340	  -9.599	   6.571
2	-410.999	34	  13.682	   8.002	   4.852
3	-354.653	29	   4.684	  -1.091	  -0.256
4	-286.304	28	  12.208	   9.363	  14.938
5	-260.003	24	  19.060	   0.441	  14.429
6	-204.166	20	  -9.002	   1.715	   3.561
7	-139.320	14	  -4.909	  -8.957	   4.274
8	-130.262	13	   2.754	   7.018	  -0.328
9	-127.654	12	   7.605	 -11.715	  14.240
10	-124.428	12	  -2.949	   2.140	  15.776
11	 -87.476	9	  20.946	   3.039	   2.871
12	 -78.529	8	  -2.222	  12.401	   9.926
13	 -78.017	8	  12.278	  -3.458	  -2.583
14	 -65.437	6	  19.987	  -4.471	   6.237
15	 -62.425	6	  -1.320	  -9.157	  13.919
16	 -59.739	6	  11.269	  -4.641	  18.405
17	 -56.734	6	   2.783	  10.769	  15.213
18	 -41.512	4	   8.328	  14.749	   9.633
19	 -37.785	4	   3.320	 -12.680	   2.111
20	 -20.037	2	  22.559	   9.283	  11.375
21	  -9.142	1	  -8.888	   6.283	  11.375
