1	-671.892	58	   5.217	  -4.449	   5.536
2	-650.352	55	   6.267	  -5.679	  24.883
3	-534.499	46	 -25.312	  -1.004	  32.177
4	-523.868	43	  -4.913	   2.102	  15.037
5	-493.732	43	   4.616	 -11.561	  15.389
6	-468.024	43	 -16.917	  -9.845	  37.391
7	-415.267	36	  11.634	  -0.851	  13.448
8	-385.604	35	 -11.684	   6.735	  31.070
9	-359.198	31	 -25.982	   6.756	   6.025
10	-323.068	30	   0.006	  10.937	  25.641
11	-274.414	26	 -23.984	 -12.541	  15.826
12	-258.608	25	   3.642	 -12.150	   7.288
13	-255.634	24	  -6.771	  -1.916	  37.960
14	-249.425	24	 -19.560	   0.112	  -2.654
15	-244.600	22	 -12.860	 -19.094	  16.687
16	-231.809	22	 -12.969	  18.215	  13.282
17	-225.961	17	  -9.346	 -10.453	  -3.027
18	-221.014	22	 -27.063	  -4.995	  14.972
19	-209.304	19	  -2.280	  -9.671	  31.009
20	-182.776	18	  -9.523	   9.735	   7.311
21	-177.907	18	  -5.977	  20.855	  21.584
22	-172.193	15	 -25.666	  12.855	  14.135
23	-167.946	15	 -18.417	   7.309	  34.135
24	-146.463	14	   2.704	  -8.406	  -6.681
25	-137.214	13	 -23.474	   9.711	  28.134
26	-134.137	13	  13.872	   1.491	  23.999
27	-130.770	13	 -16.610	 -14.709	  26.121
28	-124.188	13	   1.621	   1.369	  -4.596
29	-122.291	12	  -8.597	   4.366	  -6.027
30	-115.391	12	   8.318	   3.789	  28.835
31	-112.452	11	  -4.543	 -16.833	   1.754
32	-108.019	11	  -6.360	 -19.626	  19.819
33	-105.444	11	 -28.019	   3.839	  18.515
34	-102.888	10	 -12.878	   9.877	  -0.348
35	-101.089	9	 -24.652	  -2.120	   5.229
36	 -93.146	9	  -1.906	   3.603	  34.607
37	 -85.422	8	 -20.098	 -14.063	   1.571
38	 -69.861	7	   6.724	   7.553	  20.606
39	 -68.944	7	   2.111	   6.374	  13.304
40	 -65.803	5	  -2.936	 -12.655	  23.011
41	 -59.996	6	  -8.374	 -16.688	  33.198
42	 -52.410	5	  13.979	  -8.203	  18.637
43	 -49.822	5	  -4.623	  -4.937	  -8.010
44	 -48.116	5	  -0.456	   4.085	   2.356
45	 -46.608	5	  -9.237	 -21.501	   7.973
46	 -41.398	4	 -15.045	  -7.420	  -6.089
47	 -38.497	4	 -17.558	  -0.665	  41.651
48	 -28.757	3	 -13.163	 -17.395	  -0.830
49	 -18.839	2	  -8.326	  15.781	  30.170
50	 -17.987	2	 -19.334	 -20.710	   6.671
51	 -12.945	1	 -17.835	  11.290	  12.170
52	 -10.694	1	 -16.835	  17.290	  24.170
53	  -9.678	1	 -24.835	  -9.710	  31.170
