1	-1278.319	112	   8.770	  18.369	   7.365
2	-1088.956	98	   5.915	  31.878	  -3.711
3	-675.980	62	   8.652	  15.688	  15.131
4	-518.973	46	  18.534	  14.114	  -5.314
5	-401.185	36	  30.664	  25.071	   6.135
6	-378.118	35	  20.210	  23.831	  27.408
7	-371.849	34	  -4.443	  22.112	   1.655
8	-320.153	31	  38.227	   4.544	  11.048
9	-303.184	28	  15.660	  39.448	   2.298
10	-292.516	28	  30.245	   9.948	   0.128
11	-276.395	24	   6.188	  42.317	   6.797
12	-273.563	26	  16.981	  28.502	  -6.413
13	-256.954	25	  24.748	   7.564	  -4.155
14	-244.880	23	  20.317	  36.527	  25.402
15	-237.555	22	  31.840	  32.166	  19.181
16	-218.859	20	  24.066	  26.763	   0.091
17	-212.185	21	  -6.082	  26.344	  21.527
18	-191.161	18	   9.327	  16.770	  -2.241
19	-188.692	18	 -14.384	  26.410	   1.648
20	-178.468	18	  -4.885	  43.901	   0.718
21	-174.783	16	   2.663	  35.257	  25.738
22	-174.352	17	  14.390	  12.241	  24.295
23	-163.229	16	  10.164	  29.697	  29.938
24	-162.432	13	  36.443	  12.027	  17.365
25	-160.601	15	  -8.857	  29.570	  -8.173
26	-155.600	15	   7.407	  45.112	  14.358
27	-152.684	15	 -14.139	  31.287	  13.256
28	-151.438	15	  18.408	  47.257	  11.732
29	-141.840	13	   6.079	  18.971	  24.186
30	-132.021	13	  30.332	  27.298	  27.417
31	-118.728	12	 -13.242	  35.957	   0.464
32	-117.036	10	  37.315	  17.077	   9.272
33	-115.806	11	  16.161	   2.444	  19.041
34	-114.466	11	  34.849	  27.273	  15.363
35	-109.991	11	  19.640	  -2.680	   5.609
36	-108.055	10	  -1.288	  22.875	  -8.475
37	-107.644	11	  -5.738	  36.176	  24.590
38	-105.036	10	  -6.207	  43.509	   9.388
39	-100.609	10	  -1.628	  37.278	  -9.092
40	 -96.672	10	   9.933	  43.302	  22.816
41	 -91.557	9	  22.962	   8.900	  23.841
42	 -80.302	8	 -13.746	  39.060	   9.570
43	 -80.016	8	  29.029	  15.682	  24.244
44	 -68.422	7	   0.971	  15.343	  16.550
45	 -63.607	6	  32.421	   7.921	  22.067
46	 -58.941	6	  12.710	   1.483	  -0.101
47	 -58.658	6	 -12.182	  16.880	  -4.101
48	 -54.350	5	  32.325	   0.276	   4.165
49	 -52.502	3	  21.611	  13.881	  17.198
50	 -49.682	5	  25.166	  -1.848	  12.876
51	 -37.209	2	  16.611	  11.741	   2.046
52	 -31.582	3	  26.611	  17.430	  -0.880
53	 -29.819	3	   9.611	   6.760	  16.403
54	 -29.673	3	  30.268	  -0.602	  19.404
55	 -28.867	3	   4.619	   8.733	   8.721
56	 -18.789	2	  23.606	  -0.756	  -0.602
57	 -18.378	2	  -2.440	  44.216	  17.386
58	 -18.132	2	  24.118	  41.221	  17.416
59	 -18.095	2	   1.611	  26.246	  28.403
60	 -11.118	1	  -5.389	  17.741	  23.403
61	 -10.198	1	   9.611	   5.741	  -5.597
62	  -9.273	1	 -10.389	  20.741	  16.403
63	  -9.044	1	  26.611	  38.741	   6.403
