1	-942.392	72	  17.090	  -0.287	   9.176
2	-591.860	52	   7.682	  22.800	  14.883
3	-588.209	45	   4.430	  18.101	  24.383
4	-559.965	52	  -5.304	  19.044	  31.926
5	-520.402	43	   6.862	   0.716	  12.332
6	-516.662	49	  26.338	  -0.251	  18.566
7	-502.675	46	  34.309	  18.867	  15.143
8	-499.967	46	   7.892	  24.941	   6.114
9	-482.903	43	  12.751	  15.033	   0.091
10	-475.295	45	  13.729	  -4.028	  18.827
11	-468.969	42	  20.819	  24.081	  43.025
12	-391.416	36	  30.168	   8.188	  14.437
13	-383.986	35	  -3.058	   8.342	  25.045
14	-359.706	32	  22.901	   5.528	  32.115
15	-357.077	31	  -2.026	  17.928	  40.219
16	-342.108	32	  -2.292	  23.324	  26.397
17	-335.899	32	   6.459	   9.425	  40.920
18	-322.202	29	  11.827	  31.903	  23.270
19	-285.619	28	  12.167	   1.167	  28.380
20	-265.488	26	  37.047	  18.412	  28.150
21	-250.966	23	  31.122	   9.443	  22.954
22	-243.787	23	   4.826	  14.235	   5.397
23	-227.834	21	  30.294	  11.018	   4.372
24	-221.489	21	  21.582	  33.728	  15.088
25	-201.307	19	   7.851	  30.838	  34.402
26	-193.227	18	  14.597	  16.414	  41.977
27	-181.763	17	  32.442	  21.991	   3.168
28	-180.031	17	  15.634	   7.214	  -0.649
29	-178.885	16	  22.451	  10.747	  38.414
30	-175.502	16	  31.023	  22.599	  34.579
31	-174.554	17	   8.283	  23.174	  43.073
32	-170.342	16	  14.947	  34.435	  32.129
33	-168.825	17	  28.076	  31.251	  22.420
34	-168.029	16	  -0.817	  29.107	  30.367
35	-162.669	16	  13.199	  30.649	  12.092
36	-157.866	15	  25.187	  12.075	  -2.619
37	-151.807	14	   1.232	   7.553	  13.486
38	-146.718	15	  21.028	  27.483	   2.302
39	-133.432	13	   3.930	  34.491	  22.926
40	-132.113	13	  21.582	  32.895	  35.596
41	-111.789	11	   3.902	  27.371	  20.672
42	-106.747	11	  -9.708	  26.183	  35.350
43	 -77.563	8	   8.112	  -0.174	   4.062
44	 -76.966	7	  27.872	  30.827	   7.277
45	 -62.505	6	  23.925	  -4.729	   7.031
46	 -49.298	5	  -5.338	  11.391	  42.644
47	 -46.647	5	  11.687	   3.833	  35.293
48	 -42.384	4	  26.538	  16.841	  41.120
49	 -40.583	3	  10.882	  13.198	  15.732
50	 -39.703	4	  -2.229	  18.609	  20.413
51	 -36.712	4	  -0.494	  17.367	  11.676
52	 -23.303	2	  34.249	  26.058	  25.674
53	 -19.780	2	  24.229	  -7.901	  16.164
54	 -19.729	2	  27.738	  29.609	  42.674
55	 -19.609	2	 -11.751	  11.105	  32.674
56	 -19.522	2	  17.738	  -5.391	  25.163
57	 -13.256	1	  14.249	  24.609	  36.674
58	 -10.147	1	  45.249	  12.609	  26.674
59	  -9.118	1	  31.249	  12.609	  36.674
60	  -9.068	1	   9.249	  -6.391	  11.674
61	  -8.929	1	  -6.751	   4.609	  37.674
