1	-717.557	55	 -21.257	 -22.436	 -15.407
2	-393.941	37	 -25.388	 -17.131	 -29.535
3	-309.600	29	 -19.572	 -28.444	 -10.786
4	-290.059	27	 -17.663	 -19.424	 -31.853
5	-284.275	28	 -14.039	  -7.312	 -24.957
6	-277.464	25	 -29.571	 -36.144	 -15.828
7	-250.456	24	 -33.407	 -30.057	 -27.159
8	-245.708	21	  -8.719	 -16.626	 -27.833
9	-239.506	21	 -10.707	 -26.109	 -20.345
10	-210.754	20	 -12.553	 -27.840	  -1.419
11	-201.396	19	  -0.435	 -16.458	 -12.157
12	-181.295	18	 -23.154	 -10.583	 -18.509
13	-177.982	10	 -27.257	 -27.450	 -17.193
14	-166.471	16	  -3.821	 -23.136	 -11.730
15	-165.195	15	 -13.695	 -28.196	 -28.569
16	-160.884	15	  -5.473	  -9.368	  -7.406
17	-158.907	15	  -8.943	 -30.339	 -12.300
18	-122.084	12	 -34.874	 -29.517	 -18.407
19	-119.501	12	  -6.320	 -18.413	  -1.153
20	-117.692	11	 -26.363	 -38.304	 -24.069
21	-116.256	11	 -12.524	 -14.141	  -2.226
22	-108.168	10	 -31.203	 -18.893	 -20.206
23	 -94.531	9	  -2.150	  -8.746	 -16.802
24	 -92.699	9	  -2.602	 -15.587	 -22.184
25	 -78.613	8	 -14.852	 -34.633	 -18.234
26	 -77.686	8	 -10.505	  -6.699	 -16.077
27	 -76.975	8	 -19.179	 -36.693	 -25.255
28	 -59.349	6	 -19.008	 -11.980	  -7.068
29	 -47.977	5	 -23.889	 -29.652	 -33.657
30	 -18.511	2	 -22.524	  -7.311	 -27.229
