1	-1081.021	97	 -22.199	  17.397	  14.994
2	-873.147	79	 -30.031	  -6.846	  17.181
3	-445.591	43	 -23.207	  -5.849	   8.320
4	-426.915	39	 -44.597	 -12.300	  18.481
5	-423.309	39	 -29.593	 -19.244	  17.931
6	-414.766	39	 -39.727	   7.457	  32.399
7	-357.798	32	 -39.185	  10.427	   8.022
8	-350.598	34	 -43.627	 -11.018	   7.943
9	-349.617	33	  -5.500	  -6.914	  17.545
10	-335.805	31	 -18.272	 -13.338	  33.175
11	-327.986	31	 -26.511	   8.226	   3.050
12	-308.946	28	 -23.267	   9.129	  31.878
13	-308.483	27	 -27.294	 -15.921	  27.161
14	-234.734	20	 -24.916	  18.346	  34.511
15	-222.173	21	 -11.496	 -18.841	  28.689
16	-221.299	21	 -20.461	   3.859	   3.884
17	-210.283	20	 -12.359	  11.646	  10.642
18	-200.975	20	 -47.162	   7.885	  19.862
19	-192.685	18	  -8.296	   3.732	  14.697
20	-191.215	18	 -37.943	  20.242	  18.811
21	-187.401	18	 -49.732	  -0.654	  31.359
22	-186.410	18	 -12.790	  -1.224	  27.929
23	-175.160	16	 -30.089	  24.045	  25.652
24	-174.078	16	 -21.933	  23.593	  22.083
25	-171.400	16	 -41.026	 -12.443	  25.653
26	-163.388	16	 -12.349	   6.292	  21.918
27	-161.576	15	 -27.917	   2.169	  33.354
28	-158.968	15	  -7.960	  -8.020	  27.032
29	-153.239	15	 -32.306	 -10.550	  10.516
30	-151.182	14	 -17.649	  15.084	  28.134
31	-140.001	13	 -38.610	  -5.736	   0.869
32	-132.498	13	 -32.777	  -4.174	  32.479
33	-110.251	11	 -16.039	 -15.040	   6.297
34	 -89.090	9	 -47.999	  -0.523	  18.472
35	 -88.547	9	 -32.037	  19.111	  38.051
36	 -87.043	9	 -44.903	  14.025	  27.695
37	 -86.608	9	 -19.253	 -23.537	  25.465
38	 -83.742	8	 -16.697	 -21.485	  12.621
39	 -69.508	7	 -21.226	  -3.378	  34.547
40	 -67.162	6	 -26.715	  21.259	   9.166
41	 -60.468	6	 -11.342	  -2.523	   1.422
42	 -56.740	6	 -33.987	   3.813	   1.094
43	 -56.557	6	  -6.550	  -7.361	   6.378
44	 -49.243	5	 -44.653	  -9.840	  33.043
45	 -42.663	4	 -35.640	  23.056	  10.306
46	 -38.784	4	  -9.391	 -18.430	  11.735
47	 -37.683	4	 -54.174	   8.793	  27.037
48	 -29.953	3	 -50.502	  -4.552	  10.306
49	 -28.978	3	 -20.157	  13.499	   2.261
50	 -27.401	3	 -41.159	  -0.873	  34.261
51	 -21.985	2	 -39.098	  18.381	  31.790
52	 -19.380	2	 -24.157	 -14.701	   7.261
53	 -19.088	2	 -26.152	 -26.706	  22.760
54	 -18.610	2	 -43.652	   4.793	   9.766
55	  -9.596	1	 -49.157	   6.793	  36.261
