1	-627.297	54	   4.438	  -2.258	   6.359
2	-565.598	49	   3.728	 -11.980	  12.860
3	-480.596	43	   6.556	  -5.635	  24.051
4	-441.441	39	 -25.319	  -1.566	  31.183
5	-402.013	36	 -11.646	   6.006	  31.390
6	-389.766	31	  -4.855	   2.013	  14.613
7	-352.564	30	 -25.605	   7.352	   5.767
8	-340.591	32	 -17.061	  -9.651	  37.016
9	-335.114	31	  -0.249	  10.801	  25.882
10	-312.228	29	 -11.614	  14.998	   9.351
11	-292.181	29	 -24.255	 -12.397	  15.711
12	-290.946	23	 -11.993	 -10.095	  -3.363
13	-227.364	22	 -19.406	   0.308	  -3.182
14	-224.628	20	 -12.886	 -18.952	  16.724
15	-220.008	17	  11.461	  -1.323	  13.871
16	-211.484	20	  -1.865	  -9.793	  30.908
17	-198.762	20	 -27.285	  -4.708	  14.933
18	-180.187	17	 -25.201	  -2.440	   5.523
19	-148.549	15	   8.180	  -7.948	   2.109
20	-144.779	14	 -12.037	   8.527	  -2.837
21	-142.076	13	 -17.911	   7.248	  34.226
22	-132.646	14	   1.877	   1.112	  -5.320
23	-129.590	13	  -5.584	 -18.494	   4.432
24	-128.360	12	   2.384	  -8.549	  -6.556
25	-126.532	12	  14.139	   2.008	  22.703
26	-120.469	12	  -5.085	   3.150	  35.072
27	-116.647	11	 -25.718	  13.828	  13.242
28	-103.972	10	  -6.275	  20.951	  21.391
29	-103.164	11	   7.188	   4.405	  29.268
30	-101.281	9	 -19.990	 -14.112	   1.662
31	 -99.216	10	  -6.613	   6.962	   8.068
32	 -99.062	10	 -21.437	  11.700	  28.840
33	 -97.826	10	  -6.349	 -19.989	  20.144
34	 -96.451	10	 -28.142	   4.307	  18.778
35	 -93.799	9	  -4.831	  -4.402	  -7.634
36	 -92.446	9	 -17.357	 -14.445	  25.993
37	 -91.712	9	  -7.633	 -15.987	  33.141
38	 -84.585	6	  -2.953	 -11.824	  22.083
39	 -83.873	8	 -15.292	  20.160	  17.023
40	 -80.818	8	  -5.241	  -5.304	  38.372
41	 -70.177	7	  -1.942	   4.865	   1.250
42	 -67.874	7	  -7.116	   2.484	  -6.574
43	 -66.513	7	  13.866	  -9.634	  17.755
44	 -50.870	5	   3.006	   4.936	  11.968
45	 -49.116	5	 -15.844	   0.706	  41.118
46	 -41.895	4	 -26.834	   6.541	  27.342
47	 -34.217	3	   6.797	   7.317	  20.430
48	 -32.648	3	 -25.510	   4.650	  35.770
49	 -28.738	3	  -0.157	  15.614	  16.831
50	 -28.040	3	 -12.490	 -17.001	  -0.882
51	 -20.368	2	  -3.843	 -14.199	  -2.882
52	 -18.745	2	  -8.342	  16.317	  30.118
53	 -13.668	1	 -16.843	  17.317	  24.118
54	 -12.610	1	   1.157	  -1.683	  30.118
55	  -9.678	1	 -18.843	  11.317	  12.118
56	  -9.484	1	 -23.843	  -7.683	  38.118
57	  -9.360	1	 -17.843	 -21.683	   9.118
58	  -9.213	1	   2.157	  -0.683	  38.118
