1	-446.590	38	  50.900	  84.550	  30.003
2	-431.426	37	  34.540	  75.173	  12.660
3	-420.581	38	  60.809	  97.731	  30.076
4	-410.020	33	  28.657	  88.368	  17.151
5	-389.255	36	  50.600	 103.123	  34.208
6	-383.335	34	  41.305	  85.394	   6.229
7	-365.315	32	  58.937	  95.311	   5.359
8	-326.665	30	  33.895	 105.724	  28.340
9	-304.137	28	  47.588	 113.887	  26.608
10	-290.037	27	  60.368	  83.981	  18.075
11	-282.537	28	  31.357	 106.326	  17.010
12	-248.604	22	  41.074	 110.803	  11.818
13	-213.104	20	  44.670	  90.962	  35.173
14	-176.836	15	  36.993	  94.467	  31.602
15	-169.877	15	  25.426	  78.304	   5.578
16	-165.090	16	  64.936	 101.158	  13.324
17	-163.894	16	  56.749	 115.817	  20.532
18	-150.799	14	  40.142	  76.706	  24.638
19	-148.409	13	  39.172	 102.193	   8.755
20	-146.640	15	  41.569	  84.090	  32.356
21	-144.379	14	  49.045	 113.805	  18.773
22	-139.294	14	  21.022	  86.080	   8.201
23	-139.090	14	  68.103	  95.925	  24.194
24	-138.149	14	  67.463	  87.052	  20.365
25	-134.528	12	  39.543	  94.756	   6.596
26	-131.292	12	  53.202	  79.061	   9.825
27	-129.581	12	  41.457	 106.262	  31.668
28	-128.535	12	  39.430	 113.161	  26.458
29	-125.204	12	  57.794	  86.213	   8.006
30	-123.250	10	  37.002	  82.763	  14.882
31	-114.111	12	  28.042	 100.497	  24.189
32	-113.781	11	  63.153	 110.812	  15.700
33	-103.102	10	  46.135	  75.085	   9.686
34	 -96.751	9	  50.108	 101.732	   2.403
35	 -89.397	9	  33.222	  84.756	  28.244
36	 -87.577	9	  55.426	 108.278	   3.327
37	 -71.315	7	  62.031	 108.321	  30.361
38	 -69.214	7	  51.012	  78.471	  22.123
39	 -65.003	4	  58.663	  94.336	  23.647
40	 -44.684	4	  25.044	  81.277	  14.068
41	 -40.122	4	  36.148	 114.951	  19.134
42	 -38.146	4	  61.905	 106.163	   8.876
43	 -34.624	2	  45.396	  88.974	  17.205
44	 -32.476	3	  17.396	  79.310	   5.997
45	 -18.931	2	  51.895	  90.974	  37.647
46	  -9.883	1	  28.396	  75.974	  20.647
47	  -9.241	1	  26.396	  93.974	  12.647
48	  -9.012	1	  60.396	  85.974	  33.647
