1	-577.647	52	  32.290	  18.146	   4.565
2	-567.642	51	  34.374	  12.891	  10.858
3	-436.715	39	  20.930	  13.508	   3.744
4	-372.677	35	  20.298	  23.412	  14.825
5	-339.818	33	  25.817	  -0.076	   5.758
6	-319.432	28	  16.969	   4.213	  13.256
7	-271.050	26	  35.226	  25.377	  24.139
8	-234.551	22	  26.582	  22.947	  26.148
9	-226.563	20	  27.279	  30.021	   5.843
10	-213.306	20	  32.875	  34.303	  13.386
11	-194.622	18	  27.264	   6.800	  25.963
12	-153.652	14	  14.304	   6.398	   6.755
13	-152.407	15	  18.515	  12.785	  22.498
14	-119.766	12	  22.565	  22.406	   0.033
15	-114.987	11	  45.103	  17.881	   8.152
16	-107.094	11	  42.173	  33.480	  10.753
17	 -91.549	9	  31.585	   2.120	  11.005
18	 -84.836	8	  23.629	   0.856	  19.767
19	 -83.043	7	  31.962	  14.233	  26.325
20	 -70.187	7	  14.022	  15.456	  11.285
21	 -61.531	6	  47.556	  26.655	   6.373
22	 -60.289	6	  43.291	  16.750	  21.260
23	 -57.526	6	  40.362	  30.632	   2.419
24	 -51.605	5	  44.711	  24.428	  20.705
25	 -38.455	4	  23.770	  14.721	  29.247
26	 -38.347	4	  17.809	   5.174	  -0.469
27	 -32.802	3	  18.631	  -3.444	  11.750
28	  -9.742	1	  40.283	  34.208	  17.770
29	  -9.360	1	  36.283	   9.208	  19.770
