1	-1232.113	105	  13.530	  27.794	  18.106
2	-1145.092	96	   9.073	   2.413	   7.861
3	-669.375	61	  16.129	   1.385	  26.750
4	-638.532	56	  38.706	  19.436	  16.307
5	-560.390	52	  33.806	  18.978	  29.492
6	-504.054	44	  20.560	  36.677	  23.250
7	-463.556	44	  23.201	  -2.683	  -7.906
8	-447.991	41	  19.007	  32.047	   9.233
9	-422.478	38	  33.750	   6.867	   6.139
10	-395.931	36	  25.688	  -2.097	  12.627
11	-369.026	32	   9.289	  22.709	  31.753
12	-356.094	34	  33.960	  31.503	  -2.206
13	-344.943	34	  38.041	  28.633	   9.835
14	-329.607	34	  28.208	   6.854	 -13.832
15	-293.185	27	  30.356	  -2.176	   0.578
16	-272.277	26	  20.439	  13.771	 -13.412
17	-263.300	25	  19.838	  15.023	  35.957
18	-257.165	24	  25.611	  41.938	  14.653
19	-253.858	24	  38.249	  15.212	   2.876
20	-253.387	23	  40.511	  24.356	   0.950
21	-248.598	24	  39.140	  39.102	  14.504
22	-243.442	24	   3.922	   6.725	  26.490
23	-238.746	23	  26.031	  38.259	 -14.255
24	-237.756	22	   8.491	  12.088	  34.535
25	-235.710	22	  27.002	  43.370	   1.862
26	-232.597	22	   2.110	   5.027	  19.359
27	-229.143	21	  32.445	  37.713	 -10.041
28	-223.092	20	  31.728	   4.247	  -5.459
29	-221.123	21	  12.107	   7.330	 -11.633
30	-221.070	21	  17.335	  22.207	  39.126
31	-220.817	20	   2.985	  11.055	   9.779
32	-187.972	17	  32.998	  18.757	 -10.074
33	-180.024	17	  18.551	  30.177	  -2.296
34	-174.827	17	  19.835	  32.132	  31.749
35	-174.499	17	  23.134	  -7.530	   5.248
36	-163.534	16	   6.396	   9.338	  -1.619
37	-161.607	16	  32.140	  36.668	   3.285
38	-159.495	15	  28.521	  36.501	  28.827
39	-156.753	14	   5.742	  20.552	   7.694
40	-147.269	14	  14.800	  -4.006	  -5.629
41	-139.002	14	  34.555	   4.801	  18.584
42	-134.903	12	  11.484	  -5.918	   2.190
43	-123.156	13	  10.974	  28.930	   7.567
44	-121.985	12	  33.064	   7.726	  28.023
45	-119.741	11	  17.423	  19.743	  -7.059
46	-118.451	12	   0.164	  23.673	  18.474
47	-115.296	10	  23.257	  40.305	  -5.640
48	-111.634	11	  17.830	  -6.490	  15.988
49	-102.418	10	  33.984	  11.783	  -7.618
50	-102.136	10	  30.092	  29.496	  33.606
51	 -89.585	9	  25.995	  50.424	  -7.416
52	 -85.162	9	   5.173	   1.196	  -0.372
53	 -83.483	8	  28.169	  25.536	 -12.692
54	 -77.939	7	   3.807	  30.030	  12.843
55	 -74.795	7	  41.006	  18.044	  -8.724
56	 -72.565	7	  33.215	  44.017	  10.234
57	 -71.535	7	  18.902	   3.751	 -16.994
58	 -68.559	7	  36.079	  28.529	 -13.727
59	 -66.810	7	  40.025	  28.821	  -6.055
60	 -65.060	7	  29.246	  -1.014	  23.416
61	 -62.690	6	  28.386	   9.992	  33.335
62	 -57.990	6	  30.252	  43.626	  21.442
63	 -53.962	5	  19.199	 -10.465	  -1.399
64	 -51.343	5	  18.439	   5.717	  32.835
65	 -49.000	5	  34.068	  45.309	  -6.001
66	 -48.046	5	   0.473	  15.703	  21.035
67	 -46.224	5	   5.281	  -2.116	  21.047
68	 -40.079	4	   8.819	  30.443	  25.514
69	 -39.334	4	  38.582	  30.086	  24.243
70	 -30.821	2	  23.687	  25.086	  19.825
71	 -29.304	3	   2.068	  30.592	  23.005
72	 -28.952	3	   2.094	   3.030	  10.855
73	 -18.839	2	  10.560	   4.086	  34.825
74	 -10.527	1	  30.068	  11.086	  13.825
75	  -9.832	1	  37.068	  37.086	  22.825
76	  -9.578	1	  27.068	  32.086	  19.825
77	  -9.477	1	  11.068	  20.086	  -2.175
78	  -9.280	1	  25.068	   0.086	  30.825
79	  -8.980	1	  32.068	  48.086	 -14.175
