1	-459.326	42	  20.627	  68.984	  34.517
2	-456.273	35	  -2.802	  65.149	  24.746
3	-421.489	40	  13.078	  74.137	   8.430
4	-376.582	29	  13.027	  65.021	  37.508
5	-356.304	33	   9.251	  73.261	  34.471
6	-352.503	33	  12.261	  50.215	  33.276
7	-309.352	30	  19.137	  70.079	  11.568
8	-281.815	26	  23.320	  53.812	  31.169
9	-263.050	25	  20.837	  58.298	  16.131
10	-249.714	23	   8.729	  46.690	  18.051
11	-244.579	23	  25.241	  71.519	  21.210
12	-242.162	21	  -0.745	  52.096	  23.703
13	-218.519	18	  -2.689	  74.234	  27.420
14	-215.283	21	   3.216	  74.694	  15.898
15	-206.254	20	  11.830	  62.029	  11.064
16	-150.960	15	  -3.118	  67.061	  36.706
17	-145.413	14	  17.735	  80.184	  14.858
18	-144.883	14	  28.988	  56.531	  25.991
19	-130.072	13	   2.331	  47.381	  28.928
20	-128.226	13	  27.160	  64.795	  20.440
21	-128.171	12	   5.604	  64.600	  40.869
22	-125.795	12	  16.530	  52.764	  14.786
23	-120.560	12	  -8.226	  61.400	  29.938
24	-108.033	11	   3.597	  49.127	  37.421
25	 -93.588	9	   6.449	  79.000	  26.365
26	 -86.472	9	  14.065	  77.568	  28.027
27	 -86.298	9	  29.116	  63.148	  37.412
28	 -85.259	8	  20.946	  57.725	  40.495
29	 -57.731	6	  -1.176	  59.535	  18.994
30	 -56.589	5	  31.553	  67.808	  30.398
31	 -20.156	2	   0.798	  66.546	  11.832
32	 -19.792	2	  22.292	  78.507	  21.364
33	 -19.676	2	  14.287	  41.013	  22.832
34	 -19.626	2	   0.332	  57.968	  41.855
35	 -18.688	2	   8.315	  53.013	  44.315
36	 -10.067	1	  23.798	  50.013	  20.832
