1	-1287.367	111	   5.116	 -21.052	   2.272
2	-888.142	81	  12.811	 -21.146	 -23.305
3	-548.472	50	  31.304	  -6.885	 -12.422
4	-477.046	43	  28.602	  -9.066	   5.441
5	-459.010	43	  28.583	 -25.681	   7.071
6	-425.035	41	  28.263	 -19.429	   9.886
7	-414.054	39	  10.026	 -31.830	  11.010
8	-410.352	34	  22.466	 -33.988	 -11.503
9	-404.730	34	  11.301	  10.268	  -9.677
10	-376.447	36	  18.168	   0.033	   6.806
11	-361.627	36	  35.398	 -22.736	 -11.153
12	-357.642	32	  14.182	 -32.066	 -19.586
13	-324.810	30	  18.652	 -39.651	  -5.763
14	-321.897	31	   2.697	 -15.768	 -14.135
15	-306.669	28	  10.080	   7.282	 -18.742
16	-302.085	28	  30.721	 -16.068	 -21.371
17	-294.573	30	  23.784	 -34.160	   3.563
18	-276.734	25	   2.912	  -9.465	  16.999
19	-260.411	26	  -1.312	   6.106	   0.681
20	-259.103	23	  15.658	   8.252	   1.729
21	-257.597	25	   8.370	  -0.868	 -26.811
22	-254.408	23	   3.496	  -9.936	   2.569
23	-248.976	23	  22.098	   8.513	 -10.083
24	-245.211	22	  20.617	   7.735	 -25.760
25	-237.832	23	  14.234	 -36.434	 -14.452
26	-237.722	22	  30.615	  -3.589	 -22.855
27	-233.534	20	   6.097	 -20.723	  14.774
28	-221.288	23	  35.123	 -23.093	   1.555
29	-214.043	19	   7.221	  13.652	   4.012
30	-212.580	19	   3.433	  -1.425	  -1.617
31	-209.764	21	  27.922	   3.222	 -15.457
32	-209.649	20	  13.948	 -18.069	  21.937
33	-187.721	18	   0.295	  16.015	   0.632
34	-181.522	17	  24.985	 -24.513	 -24.305
35	-181.095	17	   7.115	   4.725	  10.399
36	-166.807	16	   9.353	 -37.700	   2.346
37	-157.254	15	  22.249	  12.265	  -2.045
38	-156.347	16	   8.730	  -8.178	  23.266
39	-147.588	14	  26.749	   0.912	  -4.626
40	-146.843	14	  27.910	 -30.125	 -16.517
41	-144.964	13	  18.405	 -12.087	  22.237
42	-141.701	14	   3.252	 -33.652	  -7.770
43	-139.638	14	  -6.129	  16.726	  10.738
44	-132.540	13	  17.283	 -38.175	   7.769
45	-120.525	12	   4.547	 -27.333	 -18.575
46	-103.682	10	  -0.391	 -14.335	  -6.496
47	-100.876	10	  17.946	  -7.282	 -31.853
48	-100.068	10	  19.440	 -27.913	  17.397
49	 -99.019	9	  12.055	 -26.152	  17.437
50	 -97.602	10	  23.731	  -1.735	 -28.896
51	 -93.924	10	   8.014	 -38.619	  -6.010
52	 -91.776	9	   8.491	  -0.126	  17.376
53	 -87.273	9	   2.071	  12.381	  13.211
54	 -83.668	8	   0.482	  -1.751	   9.127
55	 -81.606	7	  -5.363	 -20.013	  -4.441
56	 -75.849	7	   4.828	   2.145	 -13.705
57	 -74.730	7	  19.107	 -15.276	 -31.726
58	 -71.531	5	  17.984	 -12.934	   0.413
59	 -69.308	7	   2.339	  -4.418	 -11.830
60	 -67.175	7	  20.061	  -4.302	  14.684
61	 -60.970	6	  24.865	 -14.266	  16.006
62	 -51.380	5	   5.904	 -13.709	 -23.731
63	 -45.555	5	  -4.400	 -26.417	 -10.992
64	 -43.755	4	  -1.109	 -27.709	   1.087
65	 -38.945	4	  -1.535	 -11.776	   8.652
66	 -36.879	4	  10.463	 -10.778	 -32.598
67	 -29.620	3	   4.137	  13.232	  -5.598
68	 -21.364	2	  18.206	 -15.014	 -14.095
69	 -19.695	2	  27.666	   5.605	   2.942
70	 -10.687	1	  -5.794	 -21.014	   3.402
71	  -9.875	1	  32.206	  -8.014	 -30.598
72	  -9.863	1	  -5.794	   7.986	   8.402
73	  -9.029	1	  14.206	  18.986	  -2.598
