1	-1423.171	130	  16.028	   2.831	  -7.963
2	-854.457	73	   4.953	  16.225	 -20.103
3	-713.122	65	   7.266	  23.758	   8.681
4	-649.836	56	  10.718	  22.500	 -11.263
5	-522.307	47	  -8.244	   9.486	  -5.274
6	-461.522	44	   6.288	   3.392	 -27.437
7	-442.770	38	  -4.185	   2.159	 -20.105
8	-434.952	41	  18.213	  18.085	  14.848
9	-407.621	39	  23.450	   7.577	  -3.693
10	-406.997	37	  -1.414	   4.895	   6.025
11	-405.420	35	  -2.176	  18.331	 -14.800
12	-343.130	29	  -1.270	  28.286	   2.469
13	-328.502	30	  -8.471	  20.688	   8.031
14	-313.592	28	   8.177	  -4.502	 -18.729
15	-298.061	28	  12.936	  -7.414	  -6.891
16	-270.608	27	  12.445	  -3.417	  11.807
17	-263.739	26	  22.678	 -13.992	   6.608
18	-255.610	25	  18.859	  24.111	  -2.934
19	-234.664	23	  25.079	  -4.990	 -11.521
20	-218.634	20	  11.330	   9.370	  14.811
21	-212.652	18	  -8.851	  10.483	   9.098
22	-208.333	19	  12.129	 -13.385	   2.681
23	-206.331	20	  23.564	   0.814	  15.595
24	-192.481	18	  18.125	  -6.614	 -16.640
25	-189.901	19	  27.216	  -4.753	  12.069
26	-189.812	18	  20.636	 -16.266	  -6.051
27	-178.111	15	  20.117	   8.837	 -21.119
28	-159.866	15	  24.960	  15.830	  -0.378
29	-157.358	16	   0.021	  -1.946	  -6.201
30	-155.195	13	  -1.095	  11.642	  13.071
31	-145.728	14	  30.140	  -3.959	  -3.123
32	-143.312	15	  32.738	   2.919	   0.962
33	-140.145	14	  -0.324	  21.954	  14.273
34	-139.069	13	  14.008	  14.777	 -25.175
35	-138.208	12	  -4.512	  24.427	  -5.134
36	-122.322	12	  22.647	   5.621	 -11.837
37	-121.377	12	  23.344	  10.635	  18.321
38	-112.638	11	  15.368	   3.819	 -31.935
39	-107.656	11	 -14.848	   9.634	   4.809
40	-103.676	10	   8.583	  30.744	   5.079
41	-102.455	5	   2.586	   6.956	  -5.182
42	 -95.726	9	   7.275	  12.825	 -29.111
43	 -90.104	8	  12.904	  31.648	  -3.446
44	 -81.676	8	 -11.270	  16.557	  -5.192
45	 -81.559	8	  21.380	  16.633	 -19.863
46	 -80.476	8	  18.301	  -7.199	  14.146
47	 -77.166	8	  33.055	   4.452	  10.745
48	 -73.738	7	   5.584	   1.573	  12.934
49	 -64.186	6	   4.093	  -5.495	   4.980
50	 -60.602	6	  19.135	  -3.301	 -28.066
51	 -52.244	5	   3.938	  31.923	  -5.302
52	 -50.116	5	  -6.525	  10.365	 -23.473
53	 -40.283	4	  -4.358	  18.326	 -25.044
54	 -30.367	3	  22.747	  23.886	   6.097
55	 -28.681	3	  22.746	   1.845	 -20.565
56	 -24.398	2	  23.417	   0.546	   6.995
57	 -19.729	2	  31.417	  14.039	   9.407
58	 -14.117	1	  16.417	   9.546	   4.407
59	  -9.643	1	  33.417	  -4.454	   7.407
60	  -9.358	1	  25.417	  13.546	 -10.593
61	  -9.122	1	  14.417	  20.546	 -18.593
