1	-701.028	66	 -16.169	  35.534	  13.779
2	-572.507	50	  -9.554	  52.769	 -12.123
3	-528.481	50	 -17.527	  50.894	  30.859
4	-432.819	36	  -8.028	  31.308	  15.588
5	-429.370	39	  -1.789	  38.375	   5.738
6	-424.051	38	 -33.286	  47.267	  -2.272
7	-419.743	32	 -15.784	  39.763	   8.059
8	-387.861	35	  -1.461	  55.055	  14.640
9	-369.400	32	 -14.309	  57.507	   8.249
10	-363.352	35	 -30.686	  37.032	  -4.465
11	-326.525	32	 -17.799	  24.828	  10.336
12	-317.697	31	 -28.576	  48.616	 -11.295
13	-308.284	24	  -0.434	  47.226	  25.762
14	-308.107	24	 -22.826	  53.066	 -11.594
15	-300.905	29	 -23.915	  30.659	  -8.144
16	-294.765	27	 -10.431	  26.889	   9.333
17	-281.313	27	 -19.877	  50.280	  23.238
18	-258.680	26	  -1.422	  40.604	 -10.695
19	-258.447	23	 -12.502	  60.738	  -7.780
20	-252.863	24	  -6.423	  57.319	   5.567
21	-251.236	24	  -7.975	  32.570	 -13.670
22	-230.723	22	 -18.796	  35.867	  20.475
23	-215.691	20	 -16.420	  28.450	  -9.518
24	-202.400	20	  -5.266	  55.966	  28.097
25	-200.476	18	 -21.488	  23.295	   3.562
26	-186.610	18	 -18.404	  38.348	 -19.296
27	-165.840	16	 -25.963	  39.979	  17.103
28	-159.295	16	   3.047	  38.586	  25.110
29	-151.499	14	 -16.782	  48.238	 -18.836
30	-144.337	14	  -4.982	  26.100	  -6.238
31	-141.409	14	   1.414	  41.239	  14.460
32	-136.846	13	 -28.958	  26.966	   8.407
33	-126.103	13	 -16.656	  61.889	   1.274
34	-125.364	12	 -10.912	  42.953	 -19.337
35	-120.407	12	 -35.902	  46.765	   8.725
36	-116.638	12	 -36.902	  40.807	   1.190
37	-115.730	11	 -21.704	  56.891	  12.905
38	-113.772	10	 -27.719	  47.794	  14.145
39	-110.532	11	 -19.801	  31.751	  31.139
40	-109.260	11	  -7.472	  16.451	   0.778
41	 -96.380	10	  -8.340	  48.352	  35.884
42	 -95.042	9	 -29.621	  55.172	  -2.142
43	 -94.750	9	 -28.962	  43.115	 -18.766
44	 -76.991	8	  -5.863	  24.035	  21.644
45	 -72.295	7	  -1.851	  22.838	   0.999
46	 -69.876	7	 -24.249	  59.662	  -6.130
47	 -67.177	7	  -1.287	  51.293	  -0.048
48	 -67.032	7	 -33.808	  31.801	   4.674
49	 -63.217	6	   3.026	  51.293	  19.795
50	 -62.182	6	   1.833	  30.020	  22.496
51	 -60.072	6	 -13.043	  22.013	  -5.357
52	 -53.104	5	 -10.160	  58.184	  15.514
53	 -47.953	5	  -5.763	  36.276	  31.734
54	 -41.769	4	  -6.450	  18.276	   7.640
55	 -40.142	4	 -22.446	  38.760	  32.368
56	 -38.490	4	 -20.393	  26.983	  18.396
57	 -30.972	3	 -11.834	  25.885	  30.448
58	 -30.170	3	 -13.318	  62.180	  24.644
59	 -29.607	3	 -29.971	  29.872	  17.470
60	 -29.330	3	  -4.974	  58.524	  -5.834
61	 -28.093	3	 -24.982	  50.187	 -19.858
62	 -27.759	3	 -26.322	  56.183	   6.808
63	 -20.446	2	   2.026	  30.524	  -5.334
64	 -18.797	2	 -15.024	  40.949	  38.092
65	  -9.963	1	 -28.974	  33.524	 -14.858
66	  -9.330	1	 -33.974	  36.524	  16.142
