1	-668.859	64	 -47.038	  -5.599	  -8.409
2	-511.715	48	 -30.468	 -23.015	 -13.988
3	-493.416	46	 -20.704	 -22.618	  -5.846
4	-469.966	42	 -39.825	  -3.489	  -3.122
5	-382.258	36	 -36.928	 -26.690	 -12.061
6	-341.795	30	 -52.558	 -21.725	  -9.783
7	-334.785	30	 -28.333	 -26.782	   3.895
8	-323.259	28	 -20.777	 -10.575	 -12.285
9	-319.077	29	 -27.054	 -10.708	 -16.332
10	-318.324	28	 -47.875	  -2.739	 -25.727
11	-314.958	29	 -49.225	  -6.828	  -1.175
12	-283.543	25	 -30.666	  -4.725	   0.425
13	-250.405	24	 -19.199	 -17.819	   1.615
14	-247.310	23	 -40.449	 -27.237	  -5.285
15	-204.933	19	 -22.463	 -10.569	   6.023
16	-203.073	20	 -26.489	 -17.958	   9.623
17	-201.973	19	 -22.192	  -1.735	  -7.995
18	-191.187	18	 -50.285	 -17.229	   2.690
19	-175.061	17	 -32.705	 -18.091	 -32.579
20	-174.161	16	 -52.092	   4.502	  -9.786
21	-170.788	17	 -56.442	 -10.942	  -5.907
22	-167.851	17	 -39.954	 -10.827	   4.364
23	-167.154	16	 -30.647	 -26.489	 -25.163
24	-145.688	15	 -53.338	 -11.046	 -14.142
25	-140.630	14	 -50.407	 -26.552	  -4.808
26	-139.813	13	 -28.078	  -0.263	 -17.318
27	-137.761	13	 -46.779	   4.349	 -18.002
28	-133.930	10	 -51.208	 -13.290	 -21.363
29	-131.127	12	 -46.896	 -32.391	 -12.440
30	-128.820	12	 -50.497	 -23.548	 -26.836
31	-118.148	11	 -34.793	   0.928	 -21.403
32	-115.034	11	 -41.728	   2.237	 -23.262
33	-110.586	11	 -44.996	   8.198	  -4.152
34	-104.649	10	 -29.277	 -14.682	 -24.281
35	-101.743	10	 -43.442	 -25.804	   1.723
36	 -98.598	10	 -39.191	 -19.821	   7.964
37	 -88.280	9	 -41.508	   7.957	 -13.722
38	 -79.231	8	 -30.139	   4.406	  -8.097
39	 -69.848	7	 -36.763	 -32.229	 -25.980
40	 -63.106	6	 -55.721	  -4.278	 -22.198
41	 -62.543	6	 -40.598	 -16.302	 -34.733
42	 -60.366	6	 -38.040	   6.648	  -5.738
43	 -41.220	4	 -35.869	 -10.036	 -28.483
44	 -38.987	4	 -40.940	 -29.831	 -32.488
45	 -38.667	4	 -50.957	 -31.069	 -25.745
46	 -27.309	3	 -47.042	  -8.489	 -31.078
47	 -22.730	2	 -14.233	 -11.341	  -7.232
48	 -12.204	1	 -42.721	 -29.829	 -20.744
49	  -9.209	1	 -34.721	 -32.829	 -17.744
