1	-1036.686	93	   7.846	  24.725	  -6.641
2	-911.030	70	   2.282	  31.558	 -10.513
3	-485.717	46	   3.184	  17.155	  11.808
4	-427.305	37	  14.637	  34.099	  -6.426
5	-315.662	28	  11.156	   9.095	   4.421
6	-283.945	25	   3.849	  42.759	  -4.881
7	-276.792	26	  18.451	  23.623	 -10.330
8	-244.465	22	  10.190	  30.235	   6.184
9	-225.982	22	   1.407	  14.745	  -2.948
10	-220.491	22	  -6.588	  30.536	   6.668
11	-211.588	20	  -8.573	  31.888	  -6.122
12	-181.382	18	   1.989	  27.899	  13.772
13	-171.958	16	  21.886	  16.146	   8.032
14	-169.284	16	  19.432	  24.803	   4.113
15	-165.481	16	  14.327	  35.326	   1.610
16	-157.763	15	  19.326	   9.334	  -2.754
17	-135.148	14	   9.305	  11.951	  -6.473
18	 -68.458	6	   3.380	  40.348	 -14.639
19	 -57.606	6	  -6.098	  20.485	   4.108
20	 -30.397	3	  22.717	  16.186	  -8.197
21	 -27.956	3	  11.408	  38.512	 -12.197
22	 -27.889	3	  26.400	  23.190	  -5.197
23	  -9.590	1	   2.069	  10.842	   3.803
24	  -9.538	1	   9.069	   8.842	  15.803
25	  -9.408	1	  26.069	   8.842	   2.803
26	  -9.402	1	  -2.931	  22.842	  -9.197
27	  -9.085	1	  -4.931	  39.842	  -3.197
