1	-814.606	70	  65.068	  10.677	  26.698
2	-710.411	56	  54.374	  -2.689	  24.788
3	-632.708	54	  66.445	  -4.628	  38.971
4	-619.376	55	  39.961	  24.555	  30.924
5	-594.559	51	  77.877	   6.409	  42.758
6	-563.890	46	  68.534	  10.484	  17.062
7	-555.410	49	  35.949	   0.467	  21.465
8	-530.515	48	  78.705	  16.854	  19.128
9	-526.419	48	  39.289	  24.218	  14.256
10	-503.569	44	  85.855	  -0.747	  35.389
11	-428.333	32	  79.961	   6.996	  12.422
12	-416.357	35	  46.154	  11.506	  11.845
13	-407.658	39	  53.723	  18.415	  35.401
14	-405.024	37	  32.002	  13.322	   5.636
15	-359.745	33	  90.762	   9.625	  39.104
16	-341.551	31	  86.405	   2.679	  17.584
17	-325.351	29	  60.791	   4.557	  47.558
18	-324.556	31	  82.514	 -11.707	  33.319
19	-308.960	27	  31.508	  17.643	  31.876
20	-287.274	28	  50.159	   5.003	  44.639
21	-279.648	24	  69.173	  20.521	  29.729
22	-266.460	24	  43.172	  -6.135	  25.730
23	-256.476	24	  32.575	   6.003	  38.685
24	-247.416	23	  41.128	  -4.700	  33.593
25	-243.419	22	  40.690	   3.424	  14.054
26	-237.972	21	  77.693	  22.851	  29.041
27	-219.798	20	  57.104	  12.162	  19.743
28	-218.411	21	  56.174	  -7.424	  16.964
29	-217.789	19	  53.219	   3.478	  15.237
30	-215.386	19	  35.165	  23.250	  22.503
31	-204.869	20	  65.433	   1.882	  10.898
32	-199.332	19	  25.837	  10.946	  26.601
33	-197.834	19	  91.653	  19.044	  37.079
34	-193.864	18	  64.112	 -14.220	  31.233
35	-191.816	19	  94.325	   9.216	  28.814
36	-182.941	17	  50.603	  29.576	  35.510
37	-163.571	16	  82.793	  -8.793	  18.783
38	-162.873	16	  74.224	   9.046	   6.395
39	-158.889	15	  45.913	  23.693	  39.723
40	-156.697	16	  47.413	  15.421	  43.763
41	-156.235	16	  55.023	  22.625	  25.976
42	-152.787	14	  38.055	  -1.149	  40.967
43	-137.559	12	  57.467	  -9.945	  28.443
44	-129.512	13	  77.203	  14.701	  49.149
45	-124.204	12	  49.104	  38.273	  38.916
46	-119.323	12	  25.315	  -0.319	  19.690
47	-119.063	8	  65.270	   0.583	  24.931
48	-118.358	11	  67.082	  17.863	  45.755
49	-116.267	11	  58.062	  -6.900	  39.283
50	-115.955	12	  48.696	  33.112	  29.290
51	-114.006	11	  86.888	  14.185	  47.038
52	-113.095	10	  72.550	  -5.567	  12.824
53	-109.856	11	  39.616	  30.056	  24.401
54	-108.327	10	  75.369	  -5.505	  41.173
55	-108.181	10	  68.534	 -10.990	  18.694
56	-103.903	10	  78.277	 -15.389	  23.547
57	-101.146	6	  39.470	  12.844	  22.725
58	 -93.293	9	  60.595	  12.973	  49.444
59	 -92.325	9	  51.496	  19.679	  12.512
60	 -89.817	9	  93.038	  -5.295	  26.534
61	 -89.469	9	  26.314	  21.788	  15.956
62	 -87.640	9	  27.952	   0.968	  34.292
63	 -82.963	8	  72.294	  24.256	  43.732
64	 -80.803	8	  34.390	  16.952	  40.015
65	 -80.393	8	  38.956	  15.004	   5.876
66	 -76.500	6	  74.876	   4.965	  33.453
67	 -73.742	7	  59.109	  16.190	  30.290
68	 -70.197	7	  83.949	  25.725	  34.369
69	 -69.805	7	  27.234	   6.664	   8.883
70	 -64.648	6	  67.610	 -12.567	  39.144
71	 -61.406	6	  38.955	   9.123	  45.296
72	 -59.283	6	  26.964	  19.769	   4.511
73	 -58.799	6	  90.957	  12.989	  19.806
74	 -58.353	6	  22.489	   5.980	  17.026
75	 -49.383	5	  52.623	  -7.671	  34.870
76	 -46.552	5	  44.990	  30.774	  15.753
77	 -46.339	5	  51.565	  26.587	  20.004
78	 -39.503	2	  60.964	   6.393	  38.992
79	 -38.055	4	  88.235	  23.400	  45.558
80	 -34.677	2	  45.478	  17.784	  18.992
81	 -30.277	3	  80.263	  25.445	  44.953
82	 -30.125	3	  45.298	  -6.217	  17.325
83	 -29.882	3	  27.321	  20.103	  25.673
84	 -27.952	3	  42.312	  35.111	  32.645
85	 -21.407	2	  49.987	  11.784	  27.411
86	 -19.965	2	  33.475	  -7.216	  28.992
87	 -19.766	2	  64.964	  22.784	  40.523
88	 -19.304	2	  52.480	  45.794	  39.992
89	 -18.571	2	  51.464	  42.284	  32.492
90	 -13.557	1	  73.964	   8.784	  21.992
91	 -12.725	1	  73.964	  13.784	  27.992
92	 -12.691	1	  83.964	   5.784	  30.992
