1	-833.112	68	  93.942	  91.014	 -25.636
2	-612.982	54	  82.056	  96.954	 -13.632
3	-549.385	47	  84.096	  83.423	 -10.377
4	-496.985	43	 115.062	  92.601	 -19.276
5	-494.262	44	  74.884	  81.669	  -8.401
6	-436.968	38	  84.864	  69.251	 -10.898
7	-411.301	38	  65.726	  87.179	  -5.320
8	-395.283	37	  99.993	 100.418	 -19.111
9	-370.658	31	  71.944	  80.247	 -24.141
10	-364.160	35	  91.551	  76.766	  -6.492
11	-361.294	30	  61.961	  90.496	 -16.616
12	-329.247	29	 110.967	  98.443	 -12.850
13	-323.591	29	  95.954	  87.742	  -1.798
14	-298.070	28	 108.470	  80.076	 -21.535
15	-263.768	23	 102.753	  93.424	 -26.092
16	-235.946	22	  99.816	  75.088	 -14.244
17	-232.131	20	 104.621	  96.189	  -8.477
18	-221.274	17	  66.649	  81.007	 -15.417
19	-193.187	19	  65.558	 104.675	 -23.566
20	-180.019	17	  63.673	  93.826	 -25.944
21	-176.270	16	  70.901	  70.550	 -21.894
22	-162.608	16	 110.998	  87.444	  -8.222
23	-158.092	14	 103.409	  83.537	  -3.267
24	-144.182	14	  85.764	  59.546	 -14.769
25	-138.366	13	  87.272	  95.919	 -22.619
26	-129.277	12	  99.278	  80.524	 -25.694
27	-126.734	12	  66.421	  96.568	  -7.008
28	-113.257	10	  78.024	  84.446	 -25.826
29	 -96.850	9	  77.143	  93.593	 -22.697
30	 -95.636	10	  92.601	  71.005	 -23.590
31	 -92.737	8	  57.796	  99.885	 -23.115
32	 -82.300	8	  76.094	  68.948	 -12.944
33	 -81.915	8	  85.069	  95.577	  -2.897
34	 -59.033	6	  76.643	  92.437	  -4.277
35	 -57.520	6	 112.564	  77.477	 -11.011
36	 -50.616	5	  81.565	  64.490	 -22.712
37	 -50.197	5	  57.762	  96.262	 -10.041
38	 -50.172	5	  78.396	  71.350	 -26.116
39	 -48.370	5	  89.863	  82.580	 -29.542
40	 -36.982	4	  86.904	  87.223	  -1.613
41	 -28.706	3	  65.888	  77.805	 -26.549
42	 -28.601	3	  71.463	 101.805	 -13.073
43	 -27.883	2	  85.112	  73.296	 -17.522
44	 -21.009	2	  57.589	 104.931	 -15.116
45	 -19.643	2	 115.658	  83.484	 -15.116
46	 -19.597	2	  88.667	  90.484	 -33.116
47	 -19.456	2	 103.612	  75.484	  -5.646
48	 -18.471	2	 109.123	  86.974	 -27.116
49	  -9.002	1	 107.142	 104.484	 -16.116
