1	-949.726	80	  15.637	  17.337	  38.940
2	-875.342	75	  24.166	   9.318	  24.088
3	-758.464	69	  35.831	  15.355	  27.437
4	-549.204	49	   4.844	   7.483	  28.634
5	-487.807	43	  27.995	  13.473	   9.546
6	-441.632	40	  16.837	  21.928	   6.927
7	-439.349	37	  12.499	   4.640	   9.592
8	-344.155	19	  12.674	  12.554	  25.153
9	-331.215	31	  28.947	   6.937	  19.137
10	-325.436	29	  14.810	  29.974	  30.137
11	-301.251	28	   8.247	  -3.226	  11.115
12	-292.430	28	  -0.947	  27.372	  23.013
13	-289.729	28	   0.241	  12.122	  25.389
14	-288.383	28	  -1.633	   8.711	  16.795
15	-232.211	21	  22.413	  -4.365	  13.045
16	-223.290	20	  16.945	 -10.370	  16.097
17	-222.912	20	  20.873	  34.909	  20.832
18	-213.016	20	  19.415	   8.140	   3.105
19	-170.180	15	   7.021	  21.946	   6.417
20	-170.005	14	  20.329	  10.386	  33.305
21	-160.927	15	  21.223	   2.118	  35.679
22	-158.619	15	  12.883	  36.379	  14.467
23	-156.893	15	   8.489	  29.352	   8.411
24	-154.042	15	   7.428	  -9.181	  19.726
25	-146.607	14	   2.380	  12.217	   7.224
26	-145.846	12	  32.263	  20.326	  15.434
27	-133.711	13	  -0.340	  28.704	  12.796
28	-131.179	13	  27.525	  28.895	  12.088
29	-128.912	13	  -5.654	  16.914	  21.385
30	-124.469	11	  23.731	 -10.231	  28.547
31	-112.261	11	   5.537	  36.054	  19.463
32	-111.476	11	  36.341	  24.823	  21.064
33	-111.474	11	   5.804	  -8.292	  28.532
34	-104.533	10	   6.531	  -1.860	  34.675
35	-102.505	9	  24.868	  -1.620	  31.279
36	 -88.369	9	   1.055	  -0.825	  25.139
37	 -79.929	7	  28.486	   2.445	   8.554
38	 -76.708	7	   0.158	   1.200	  15.596
39	 -75.090	7	   8.126	  21.475	  35.669
40	 -72.100	7	  35.505	   9.951	  16.611
41	 -68.887	7	  13.141	  -6.625	  39.302
42	 -67.255	7	  25.894	  -6.926	  20.822
43	 -62.810	6	  27.133	  14.409	  40.183
44	 -58.569	6	  31.486	  23.089	  30.743
45	 -57.989	6	  15.084	  25.059	  38.232
46	 -39.527	4	   4.474	  23.599	  29.052
47	 -38.068	4	  -3.514	  18.845	   9.821
48	 -37.308	4	  16.470	  -5.386	   8.806
49	 -37.055	4	  13.690	 -14.909	  23.331
50	 -32.319	2	  17.755	  19.912	  25.160
51	 -28.360	3	  32.142	  32.091	  25.728
52	 -19.458	2	   9.025	   5.091	  39.531
53	 -19.277	2	  27.005	  21.572	   5.070
54	 -18.902	2	   4.004	  14.573	  35.107
55	 -17.932	2	   9.486	  15.091	  42.569
56	 -11.812	1	  14.486	   4.091	  17.070
57	 -10.440	1	  42.486	   8.091	  24.070
58	  -9.564	1	  12.486	  41.091	  21.070
