1	-1555.228	122	  53.084	  35.177	   4.822
2	-1041.597	84	  48.537	  47.364	   7.069
3	-745.452	62	  27.071	  49.876	  14.191
4	-570.977	53	  24.576	  54.879	  22.165
5	-534.628	49	  63.586	  37.933	  -3.235
6	-427.068	41	  55.113	  32.147	  29.119
7	-377.576	35	  42.923	  29.381	  26.247
8	-363.207	33	  61.596	  38.884	  17.335
9	-306.175	27	  52.726	  53.676	  12.896
10	-300.506	28	  33.723	  39.772	  -3.978
11	-293.340	28	  44.114	  53.974	   8.438
12	-264.268	24	  25.838	  43.602	   7.993
13	-252.376	24	  55.676	  44.993	  32.868
14	-247.075	23	  30.257	  34.673	   9.129
15	-234.738	22	  38.569	  50.667	  27.278
16	-230.535	22	  26.786	  43.490	  23.473
17	-227.445	19	  45.751	  24.597	  17.954
18	-227.387	21	  35.605	  29.263	  13.017
19	-227.014	21	  31.803	  48.990	   3.959
20	-222.069	20	  29.296	  49.416	  26.868
21	-217.031	20	  58.537	  44.256	  22.091
22	-211.749	20	  50.647	  24.148	  -6.130
23	-210.145	20	  53.743	  38.959	 -13.708
24	-169.798	16	  51.289	  53.908	  23.708
25	-163.277	15	  68.220	  29.301	   1.422
26	-161.934	15	  38.794	  56.839	  14.154
27	-158.411	15	  30.704	  60.327	  28.478
28	-158.324	16	  36.015	  27.463	  21.790
29	-152.709	14	  53.286	  22.848	   2.379
30	-143.611	12	  46.310	  46.508	  31.559
31	-142.009	14	  58.370	  23.148	  18.426
32	-134.409	13	  37.892	  29.107	  -0.548
33	-133.517	13	  66.519	  24.424	   7.481
34	-132.890	13	  44.647	  23.595	   9.738
35	-132.414	8	  47.026	  32.504	  15.397
36	-120.335	12	  39.815	  38.064	  30.639
37	-110.673	10	  40.543	  35.883	  -9.152
38	-102.317	10	  58.578	  49.192	   2.811
39	 -99.658	10	  45.041	  28.196	 -11.514
40	 -87.570	9	  31.294	  60.782	  19.852
41	 -77.868	5	  39.849	  35.574	  17.780
42	 -75.821	7	  36.360	  48.574	  -3.200
43	 -71.348	7	  29.302	  35.718	  22.103
44	 -67.765	7	  65.121	  42.130	   7.053
45	 -65.972	7	  36.277	  34.011	  25.259
46	 -63.040	6	  62.749	  25.508	  -6.752
47	 -46.694	5	  50.050	  22.038	  26.195
48	 -42.827	4	  62.849	  33.968	 -12.105
49	 -37.876	4	  21.647	  37.405	  18.129
50	 -29.630	3	  58.522	  19.440	   6.054
51	 -27.822	3	  68.174	  32.765	   9.691
52	 -27.389	3	  16.506	  51.766	  17.397
53	 -19.331	2	  58.897	  45.964	  -8.984
54	 -18.535	2	  45.810	  58.960	  19.397
55	 -10.033	1	  60.849	  47.440	  15.397
56	  -9.499	1	  62.849	  39.440	  26.397
57	  -9.393	1	  63.849	  42.440	 -14.603
