1	-1140.459	96	   0.208	   6.037	  10.067
2	-486.854	47	   4.846	   3.042	   1.001
3	-430.478	40	 -14.611	  17.445	  10.793
4	-412.424	38	   0.828	  22.158	   8.490
5	-366.775	35	  -6.074	  -6.486	  20.659
6	-358.059	34	   0.960	  -9.053	   4.308
7	-323.528	23	   0.106	  -3.692	  13.258
8	-264.374	26	  -5.896	   1.493	  -4.587
9	-252.503	25	  -7.002	  -9.216	  -0.800
10	-247.813	25	 -16.026	   1.765	  18.002
11	-184.095	18	  -5.116	  22.561	  -4.169
12	-165.680	16	 -11.115	   8.063	   1.443
13	-165.551	15	   8.963	  12.495	   9.216
14	-163.406	16	 -13.165	  -6.650	   6.289
15	-152.232	15	   5.109	  23.230	  -0.149
16	-128.372	13	  -4.186	 -15.332	   9.146
17	-124.062	12	  -6.602	  11.539	  -3.653
18	-120.791	12	 -18.689	   9.858	  11.907
19	-119.377	12	  -9.077	  19.239	  15.759
20	-113.203	10	   2.789	  11.134	  -9.614
21	 -92.220	9	   1.115	  15.190	  14.660
22	 -89.512	9	   8.643	  16.162	  -4.602
23	 -66.920	6	 -15.224	   2.645	   4.599
24	 -58.849	6	  -8.876	   7.693	  21.970
25	 -41.077	4	   1.124	   2.902	  18.909
26	 -30.001	3	  -2.688	  25.882	   2.148
27	 -29.580	3	   1.281	   1.857	  -7.508
28	 -20.641	2	 -11.360	  26.882	  10.580
29	  -9.119	1	 -13.360	  24.882	   2.142
