1	-2583.196	211	  53.033	  82.198	  58.308
2	-852.735	73	  53.539	  81.375	  26.113
3	-649.799	55	  37.364	  70.748	  53.557
4	-637.844	61	  30.552	  77.891	  63.549
5	-632.576	58	  53.677	  93.170	  67.352
6	-603.212	55	  66.776	  90.106	  44.233
7	-549.357	47	  41.782	  89.598	  54.749
8	-495.031	44	  41.344	  63.735	  57.448
9	-457.960	40	  40.791	  70.726	  30.822
10	-435.373	38	  75.933	  83.737	  49.190
11	-418.302	38	  35.130	  75.100	  82.496
12	-405.818	36	  42.411	  93.724	  41.761
13	-385.475	35	  58.019	  62.268	  57.523
14	-380.358	37	  65.849	  62.708	  70.673
15	-373.570	36	  34.527	  87.713	  34.488
16	-358.972	33	  69.223	  97.051	  58.284
17	-358.957	32	  75.616	  90.598	  72.162
18	-358.608	31	  48.529	  77.809	  79.860
19	-357.845	32	  72.599	  78.061	  45.715
20	-357.020	33	  27.445	  83.635	  49.380
21	-353.263	33	  58.473	  91.937	  33.778
22	-346.683	31	  57.080	  71.478	  74.541
23	-345.242	31	  66.458	  71.278	  70.596
24	-326.796	27	  66.299	  96.270	  71.417
25	-320.102	29	  53.632	  92.533	  54.901
26	-314.463	20	  48.751	  74.531	  66.460
27	-311.498	30	  34.491	  66.152	  45.904
28	-298.943	28	  81.163	  89.202	  61.174
29	-292.814	25	  56.946	  79.239	  73.062
30	-287.519	25	  64.698	  68.517	  38.698
31	-275.506	26	  31.210	  89.062	  52.828
32	-268.046	26	  45.906	  75.965	  22.732
33	-257.774	25	  31.009	  66.282	  72.548
34	-257.252	24	  61.500	  85.155	  74.812
35	-256.890	23	  35.697	  62.874	  68.177
36	-252.565	23	  27.265	  85.886	  40.724
37	-250.406	23	  31.449	  76.158	  40.278
38	-233.721	21	  71.265	  67.919	  57.401
39	-215.735	20	  52.898	  87.466	  77.486
40	-205.223	19	  54.521	  96.049	  40.600
41	-203.482	18	  44.539	  69.192	  83.698
42	-193.032	19	  71.249	  95.439	  50.452
43	-191.225	18	  41.651	  58.855	  71.048
44	-188.177	18	  65.900	  75.500	  34.746
45	-177.018	13	  51.881	  64.931	  48.162
46	-156.603	15	  29.173	  83.015	  76.160
47	-153.877	15	  35.155	  92.345	  75.168
48	-150.044	14	  73.437	  78.700	  65.636
49	-147.194	15	  38.448	  81.445	  26.474
50	-147.124	15	  46.727	  92.310	  26.528
51	-138.819	13	  68.669	  88.999	  75.643
52	-135.236	14	  50.161	  59.587	  76.485
53	-129.970	13	  26.894	  74.555	  74.764
54	-129.797	13	  41.977	  61.684	  32.319
55	-126.723	11	  44.414	  61.729	  43.684
56	-118.010	12	  42.187	  96.087	  70.917
57	-113.690	11	  32.980	  68.393	  37.905
58	-104.917	10	  57.793	  64.215	  41.116
59	 -98.498	7	  46.094	  86.497	  45.484
60	 -93.053	9	  73.516	  99.626	  68.751
61	 -87.805	8	  76.133	  73.439	  61.031
62	 -81.234	8	  40.910	  92.879	  81.418
63	 -80.987	8	  33.380	  66.319	  81.151
64	 -80.764	8	  33.124	  91.481	  64.168
65	 -78.767	8	  50.720	  92.146	  48.497
66	 -76.646	8	  79.753	  97.266	  64.866
67	 -72.400	7	  66.509	  64.164	  51.786
68	 -68.259	7	  81.386	  91.121	  49.882
69	 -67.263	7	  60.009	  98.682	  57.659
70	 -64.439	6	  32.174	  67.400	  63.267
71	 -62.397	6	  55.351	  57.486	  70.399
72	 -60.013	6	  78.605	  77.039	  52.686
73	 -58.337	6	  62.989	  83.361	  32.094
74	 -54.293	5	  39.710	  80.821	  85.782
75	 -49.739	5	  82.680	  81.823	  60.601
76	 -41.633	4	  48.742	  58.547	  65.732
77	 -40.507	4	  26.804	  72.987	  50.639
78	 -33.165	3	  56.131	  70.327	  26.151
79	 -28.461	3	  34.237	  94.328	  45.141
80	 -22.008	2	  35.010	  88.012	  83.418
81	 -19.624	2	  61.995	  57.012	  63.916
82	 -19.332	2	  56.497	  98.012	  49.885
83	 -19.128	2	  44.497	  60.511	  84.418
84	 -18.242	2	  73.998	  70.010	  42.923
85	  -9.766	1	  44.497	  80.012	  39.418
86	  -9.640	1	  50.497	  62.012	  29.418
87	  -9.540	1	  59.497	  62.012	  80.418
88	  -9.276	1	  47.497	  84.012	  85.418
89	  -9.137	1	  37.497	  86.012	  61.418
90	  -8.941	1	  26.497	  94.012	  41.418
