1	-1440.026	121	  32.651	  49.342	  42.534
2	-1033.683	87	  41.526	  48.176	  36.738
3	-784.693	62	  17.809	  70.787	  41.611
4	-574.192	53	  33.924	  43.419	  39.108
5	-475.585	44	  26.822	  76.375	  31.605
6	-442.128	42	  31.884	  60.165	  64.920
7	-422.818	40	  35.115	  53.109	  25.250
8	-413.650	38	  22.679	  44.887	  57.189
9	-408.173	37	  23.348	  70.867	  52.516
10	-404.717	37	  32.849	  80.899	  35.933
11	-403.074	38	  43.278	  50.631	  58.904
12	-402.561	37	  26.129	  65.713	  26.660
13	-389.463	35	  38.349	  76.619	  42.522
14	-356.199	33	  39.496	  75.774	  30.650
15	-292.150	26	  40.931	  42.238	  54.990
16	-277.815	26	  27.343	  43.764	  47.617
17	-230.106	21	  28.553	  80.650	  45.639
18	-222.593	21	  13.187	  73.508	  34.705
19	-211.570	19	  24.979	  46.845	  31.029
20	-210.727	18	  44.365	  69.700	  48.916
21	-206.761	19	  47.232	  62.942	  56.061
22	-195.549	17	  49.510	  54.464	  55.542
23	-185.862	12	  28.463	  54.779	  48.108
24	-180.682	16	  34.718	  63.727	  21.876
25	-176.754	16	  13.206	  53.667	  43.240
26	-160.113	14	  50.465	  51.244	  48.827
27	-150.407	13	  16.109	  58.412	  30.294
28	-128.288	13	  21.164	  64.853	  59.343
29	-125.857	12	  38.039	  74.940	  54.421
30	-125.660	13	  14.617	  52.838	  51.998
31	-124.487	12	  42.179	  60.599	  62.371
32	-123.699	12	  43.170	  66.372	  29.582
33	-119.423	12	  15.730	  44.246	  42.016
34	-118.956	12	  16.959	  54.842	  62.472
35	-117.161	11	  48.472	  53.814	  39.976
36	-114.343	11	  38.954	  67.068	  58.011
37	-110.348	11	  38.032	  50.320	  65.416
38	-104.207	10	  48.601	  70.277	  36.587
39	-101.750	10	  34.358	  41.717	  61.338
40	-101.199	10	  46.063	  59.678	  35.082
41	 -87.537	9	  21.275	  54.503	  25.600
42	 -65.483	6	  12.855	  52.618	  34.604
43	 -63.286	6	  42.131	  39.840	  47.370
44	 -56.636	6	  18.007	  83.236	  40.076
45	 -50.166	5	  21.968	  83.859	  48.262
46	 -48.053	5	  17.558	  76.977	  47.065
47	 -38.016	4	  13.659	  61.896	  52.250
48	 -32.259	3	  40.155	  39.081	  37.986
49	 -30.790	3	  41.458	  69.399	  20.944
50	 -29.275	3	  15.198	  66.086	  26.262
51	 -21.676	2	  26.155	  52.399	  68.706
52	 -20.690	2	  52.155	  65.865	  47.796
53	 -17.991	2	  24.647	  89.907	  39.273
54	 -13.296	1	  20.155	  50.399	  41.262
55	  -9.932	1	  12.155	  64.399	  33.262
56	  -9.522	1	  34.155	  35.399	  48.262
57	  -9.328	1	  31.155	  55.399	  17.262
58	  -9.118	1	  26.155	  41.399	  66.262
