1	-651.394	59	 -24.461	  13.456	 -10.195
2	-580.897	43	 -30.662	   4.889	  -8.518
3	-502.195	45	   0.667	   7.504	  -1.684
4	-481.538	41	 -11.547	  22.378	 -19.553
5	-477.601	41	 -21.128	  -6.065	 -17.701
6	-438.722	42	 -35.192	  -3.653	 -14.534
7	-434.500	42	  -5.543	  11.968	 -18.159
8	-416.350	36	 -12.328	   6.175	 -23.975
9	-358.415	33	 -31.446	   5.584	 -19.521
10	-322.585	30	  -5.735	  -2.917	  -7.432
11	-303.785	30	 -30.472	  -9.842	   6.184
12	-295.322	27	 -28.001	  -2.163	 -24.256
13	-291.871	25	 -11.989	  14.067	   4.951
14	-290.010	26	 -24.294	   9.170	 -33.953
15	-269.957	25	  -4.999	  20.177	  -8.805
16	-268.551	25	 -24.322	  23.165	   1.370
17	-262.450	25	 -24.955	   6.093	  13.162
18	-246.424	24	 -22.717	  -9.917	  -3.727
19	-244.170	22	 -28.729	  19.151	 -27.544
20	-233.769	23	 -17.901	  15.173	 -36.138
21	-233.397	23	 -30.832	  10.974	 -33.867
22	-230.866	22	 -22.861	  24.382	 -16.384
23	-223.567	19	 -33.531	  -2.289	   0.149
24	-209.610	19	 -20.020	  23.999	  -6.939
25	-209.281	20	 -13.215	   7.898	  10.978
26	-202.700	19	 -11.783	  25.359	  -6.011
27	-192.977	16	  -2.011	  14.630	   0.818
28	-171.244	17	 -27.815	 -11.636	  -9.257
29	-165.191	16	 -14.728	  25.873	 -28.064
30	-153.870	15	 -23.579	  23.905	 -33.883
31	-145.856	12	 -18.532	  -3.456	  10.802
32	-139.998	13	 -21.917	 -11.215	   5.336
33	-132.287	13	 -34.546	  10.808	  -3.316
34	-130.586	13	 -23.760	   1.143	 -31.383
35	-130.211	12	 -39.089	   4.144	  -3.897
36	-130.071	12	  -4.315	  -3.574	   3.241
37	-128.806	12	 -13.370	  -5.667	   5.001
38	 -98.909	10	 -31.625	   4.244	   7.232
39	 -98.709	9	 -17.826	  17.804	   8.245
40	 -97.214	9	 -32.717	 -10.188	  -1.606
41	 -89.035	9	  -9.711	  -4.697	 -15.616
42	 -88.205	9	 -27.166	  18.278	   7.894
43	 -77.208	7	 -15.639	  -4.079	 -22.724
44	 -72.500	7	 -23.003	  28.454	 -24.032
45	 -69.244	7	 -31.282	  13.948	 -21.522
46	 -39.169	4	 -39.498	  -3.462	  -5.278
47	 -38.131	4	  -9.767	  17.060	 -29.590
48	 -30.104	3	 -11.734	  23.049	   2.050
49	 -18.787	2	   5.233	  14.589	  -3.578
50	  -9.967	1	 -17.767	   5.049	 -33.578
51	  -9.684	1	 -11.767	  34.049	 -14.578
52	  -9.234	1	 -10.767	  -8.951	  -2.578
