1	-1049.436	91	 -18.723	 -80.284	 -50.039
2	-962.133	85	 -32.551	 -82.190	 -74.677
3	-737.732	60	 -19.119	 -88.981	 -77.902
4	-688.259	58	 -23.283	 -98.270	 -46.657
5	-614.723	54	 -19.078	 -54.799	 -51.469
6	-546.618	49	   3.787	 -59.226	 -36.248
7	-530.607	41	  -8.862	 -77.154	 -42.342
8	-497.989	35	 -22.823	 -83.561	 -56.584
9	-496.798	45	 -13.278	 -84.162	 -32.793
10	-481.396	44	  -5.141	 -54.211	 -57.012
11	-468.865	43	 -16.632	 -75.411	 -79.773
12	-454.620	42	 -37.174	 -73.856	 -41.753
13	-452.820	42	  -8.526	 -59.834	 -72.100
14	-449.283	44	  -3.266	 -76.014	 -35.796
15	-417.855	38	 -37.406	 -76.294	 -65.448
16	-417.188	37	 -17.513	 -94.504	 -30.088
17	-406.051	38	 -19.980	 -49.468	 -44.549
18	-404.295	39	 -22.164	 -58.364	 -65.425
19	-400.851	36	  -5.854	 -63.377	 -34.146
20	-392.368	38	 -11.725	 -46.836	  10.444
21	-388.947	36	 -15.834	 -63.063	 -38.288
22	-336.412	27	 -12.229	 -63.278	   9.971
23	-335.647	31	 -36.717	 -64.703	 -62.483
24	-323.649	28	  -4.485	 -90.190	 -44.402
25	-313.618	29	 -38.003	 -90.265	 -52.197
26	-303.702	29	 -38.754	 -90.112	 -69.184
27	-303.431	27	 -31.890	 -98.009	 -36.352
28	-293.280	26	 -17.090	 -63.324	 -77.200
29	-287.225	19	 -13.215	 -53.000	   2.742
30	-284.828	27	   2.108	 -75.607	 -49.419
31	-283.764	23	 -27.316	-103.616	 -58.768
32	-274.146	25	  -2.200	 -52.261	 -20.436
33	-271.004	28	 -27.006	 -89.503	 -21.666
34	-266.061	24	 -34.741	 -57.418	 -54.222
35	-262.889	25	 -34.718	 -62.376	 -42.616
36	-262.043	25	 -35.577	 -96.682	 -56.616
37	-252.163	24	 -36.713	 -95.960	 -42.843
38	-250.377	23	 -16.455	 -73.973	 -44.416
39	-243.494	23	  -0.495	 -81.163	 -55.060
40	-242.948	22	 -18.549	 -80.958	 -39.324
41	-228.384	22	  -7.904	 -50.132	 -33.362
42	-224.049	22	 -25.127	 -95.671	 -76.273
43	-223.757	20	 -33.807	 -83.595	 -27.492
44	-220.780	19	   0.537	 -62.021	 -56.012
45	-220.308	22	 -15.958	 -55.707	 -37.175
46	-217.736	20	 -11.441	 -85.840	 -81.582
47	-212.342	20	   6.032	 -58.842	 -51.127
48	-211.339	20	  -5.350	 -46.908	   6.186
49	-209.249	20	  -1.768	 -39.422	 -45.374
50	-203.273	19	   6.273	 -69.552	 -46.651
51	-202.986	18	 -42.341	 -76.616	 -56.283
52	-190.902	18	   5.734	 -71.504	 -57.666
53	-181.235	17	   0.799	 -68.591	 -73.787
54	-173.507	15	   8.452	 -45.096	 -50.989
55	-172.801	16	 -28.630	 -76.581	 -39.693
56	-172.035	16	  -5.031	 -59.127	 -62.706
57	-163.000	15	   3.597	 -77.745	 -63.836
58	-161.895	15	 -21.627	 -50.438	   6.871
59	-159.144	14	 -29.388	 -67.069	 -72.592
60	-156.506	15	 -27.155	 -68.582	 -41.576
61	-154.844	11	  -7.937	 -50.420	 -49.144
62	-151.782	15	 -17.724	-100.731	 -53.416
63	-147.788	15	 -33.145	 -98.568	 -67.043
64	-145.189	15	  -7.297	 -65.431	 -79.707
65	-143.581	13	  -3.616	 -81.492	 -79.070
66	-139.310	12	   1.066	 -66.988	 -40.297
67	-138.986	14	 -25.478	 -80.283	 -29.582
68	-134.649	13	 -23.233	 -61.146	   8.828
69	-131.515	12	   4.174	 -46.223	 -26.598
70	-130.698	11	  -5.713	 -65.249	   4.124
71	-126.935	11	  -5.026	 -52.794	  -2.626
72	-125.389	13	   0.268	 -85.637	 -38.355
73	-124.822	12	 -45.204	 -84.107	 -32.196
74	-122.582	11	 -45.462	 -70.988	 -49.893
75	-104.457	10	 -13.854	 -53.975	 -60.880
76	-103.055	10	   3.704	 -63.141	   5.681
77	-101.179	10	  -9.877	 -95.742	 -70.226
78	 -99.427	9	 -41.759	 -85.534	 -61.904
79	 -98.539	8	   3.595	 -57.513	  11.516
80	 -93.813	9	 -10.651	 -45.827	 -38.816
81	 -93.306	9	  -5.003	 -90.029	 -58.332
82	 -93.069	6	 -12.383	 -79.644	 -73.599
83	 -91.358	9	  -2.638	 -41.960	 -54.332
84	 -91.333	9	  -6.064	 -94.845	 -52.673
85	 -86.058	8	 -29.434	 -44.336	 -42.891
86	 -83.228	8	 -24.303	 -52.992	 -37.601
87	 -82.106	8	 -17.688	 -59.024	 -70.568
88	 -78.803	8	 -30.428	 -49.100	 -52.525
89	 -78.451	8	  -5.542	 -47.092	 -60.581
90	 -78.297	7	  -2.228	 -68.621	  11.535
91	 -74.416	8	 -34.288	 -96.458	 -74.107
92	 -71.861	7	  -2.206	 -41.712	 -34.273
93	 -71.680	7	 -11.593	 -45.083	 -54.210
94	 -70.324	7	 -36.481	 -48.779	 -47.729
95	 -68.884	7	   4.288	 -39.487	 -37.586
96	 -68.721	7	 -43.651	 -86.370	 -41.836
97	 -68.000	7	   4.798	 -71.288	 -68.567
98	 -61.661	6	 -18.263	 -99.440	 -37.680
99	 -59.254	6	 -35.861	 -77.271	 -32.889
100	 -59.123	6	 -41.164	 -64.431	 -43.539
101	 -57.923	6	   0.335	 -60.615	 -23.690
102	 -55.942	6	 -42.141	 -92.954	 -30.698
103	 -51.961	5	 -30.612	 -56.907	 -60.706
104	 -51.704	5	 -20.627	 -70.152	 -81.690
105	 -49.537	5	 -28.246	 -59.099	 -38.735
106	 -49.151	5	  -6.449	 -91.867	 -30.094
107	 -48.582	5	 -46.245	 -79.109	 -44.506
108	 -47.788	5	   6.565	 -63.922	 -60.115
109	 -47.631	5	 -12.842	 -62.317	   0.697
110	 -42.309	4	 -13.559	 -44.780	  -0.598
111	 -41.224	4	   8.321	 -53.137	 -29.737
112	 -40.831	4	  -3.145	 -91.824	 -74.958
113	 -40.670	4	 -11.427	 -99.383	 -46.514
114	 -40.385	4	 -21.405	-102.602	 -66.947
115	 -38.909	4	 -41.691	 -60.390	 -51.155
116	 -37.968	4	   0.840	 -61.109	 -68.197
117	 -29.649	3	  -2.282	 -80.740	 -29.763
118	 -28.326	3	   0.034	 -84.744	 -66.075
119	 -27.248	3	 -37.982	 -51.776	 -41.371
120	 -27.081	3	 -15.315	 -88.102	 -24.042
121	 -24.870	2	 -12.698	 -59.109	 -51.265
122	 -24.007	2	 -26.229	 -76.109	 -81.706
123	 -22.772	1	 -13.651	 -92.109	 -57.706
124	 -20.026	2	  12.806	 -49.109	 -41.249
125	 -19.801	2	 -19.124	 -58.109	   2.294
126	 -19.425	2	 -38.651	 -88.635	 -22.706
127	 -19.079	2	   9.351	 -53.608	  10.797
128	 -18.507	2	  10.349	 -39.606	 -43.209
129	 -14.284	1	  -6.651	 -62.109	 -42.706
130	 -12.189	1	 -28.651	 -91.109	 -62.706
131	 -11.238	1	  -9.651	 -73.109	 -66.706
132	 -10.174	1	   2.349	 -56.109	   1.294
133	 -10.058	1	  12.349	 -56.109	 -45.706
134	  -9.653	1	 -33.651	 -73.109	 -78.706
135	  -9.611	1	 -17.651	 -66.109	 -53.706
136	  -9.159	1	 -20.651	 -92.109	 -63.706
137	  -9.101	1	 -27.651	-101.109	 -25.706
