1	-567.587	55	   8.516	   3.194	  26.948
2	-555.598	52	  26.281	  -8.841	  32.465
3	-448.565	39	  15.243	  10.169	  23.655
4	-351.354	35	   7.430	  -9.430	   4.849
5	-350.577	31	  32.781	   2.460	   5.516
6	-327.014	30	   4.330	   3.048	   9.524
7	-318.620	31	  18.187	 -13.465	  19.716
8	-316.728	28	  17.996	   5.594	   6.708
9	-312.740	29	  34.965	  -6.772	  23.793
10	-304.322	27	   8.552	 -11.238	  24.968
11	-297.756	29	  36.390	   8.881	  18.701
12	-267.631	24	  26.072	   5.562	  40.682
13	-244.735	21	  16.221	  -6.487	  33.171
14	-188.606	18	  12.075	  17.607	  34.761
15	-184.750	18	  -3.473	  -5.643	  10.190
16	-166.982	16	  32.925	 -10.984	  14.076
17	-164.253	15	  18.966	 -14.210	   8.286
18	-139.780	10	  15.210	   1.250	  21.241
19	-131.769	13	  32.495	   7.988	  34.627
20	-112.963	11	   3.178	 -10.404	  17.673
21	-109.924	11	  21.887	  -5.285	  -1.651
22	-103.499	10	  27.317	  12.735	  25.750
23	 -99.070	10	  14.271	   3.442	  40.905
24	 -98.042	10	  38.317	  -1.161	  17.570
25	 -89.174	9	   5.424	  -5.009	  31.377
26	 -81.449	8	  -4.097	   0.823	  17.435
27	 -81.032	8	   2.610	   9.805	  34.704
28	 -78.324	8	  27.105	  12.566	   9.062
29	 -75.434	8	   9.330	   8.682	  15.722
30	 -69.586	6	  20.901	  14.827	  28.633
31	 -65.678	7	   8.434	   0.934	   0.555
32	 -49.671	5	  21.952	  12.739	  16.099
33	 -49.100	5	  18.646	 -17.971	  29.231
34	 -48.847	5	  31.803	  13.587	  14.926
35	 -47.684	5	  11.230	 -14.173	  14.435
36	 -38.705	4	  34.464	  -3.625	  33.746
37	 -38.458	4	   0.513	   4.316	  41.435
38	 -38.365	4	  29.495	 -18.173	  22.684
39	 -38.071	4	  17.064	   1.387	  -0.809
40	 -29.075	3	  28.206	 -14.864	   9.122
41	 -21.131	2	  38.253	   7.304	   7.431
42	 -20.432	2	  31.460	  -3.966	  -1.017
43	 -18.912	2	  37.302	   7.729	  25.907
44	  -9.178	1	  28.253	  15.827	  37.431
45	  -8.943	1	  10.253	  15.827	  41.431
