1	-1295.388	109	  -5.963	  22.279	   7.138
2	-970.714	89	 -16.189	  21.504	  11.158
3	-716.666	60	  -8.474	  17.659	  16.122
4	-650.481	57	  -6.288	   5.796	  23.657
5	-623.442	59	  13.479	  17.338	  21.607
6	-552.408	50	   8.975	  58.782	  -8.053
7	-544.289	54	  11.058	  42.218	  11.696
8	-518.263	48	  -2.043	  36.886	  16.238
9	-467.120	41	 -13.191	  38.307	   8.585
10	-458.181	38	  17.754	  35.503	  18.293
11	-448.407	41	  24.032	  35.696	   5.004
12	-447.295	41	  10.085	  68.668	  12.484
13	-445.632	43	  17.810	  46.557	  -1.890
14	-442.007	39	  15.208	  49.212	   8.710
15	-397.887	36	  -1.053	  25.094	  27.353
16	-381.155	33	  16.435	  58.942	  16.438
17	-375.947	35	   2.625	  36.489	   8.092
18	-371.491	35	  20.341	  19.289	   4.269
19	-348.421	31	  14.672	  32.544	   4.271
20	-348.115	31	 -17.399	  11.532	  11.799
21	-341.174	31	   2.443	   7.155	   8.940
22	-338.096	33	 -20.772	  27.573	   5.647
23	-314.681	30	   5.348	   2.182	  17.774
24	-313.820	28	   4.711	  63.616	  18.711
25	-311.857	28	   8.705	  38.281	  19.155
26	-306.667	30	  13.965	  48.053	  -7.126
27	-295.211	25	 -16.205	  33.091	   2.348
28	-280.997	26	   7.027	  19.432	  -2.470
29	-276.973	26	  -1.678	  24.167	  -1.355
30	-263.524	26	 -23.821	  27.415	  22.949
31	-237.967	22	   1.210	  58.256	  11.134
32	-220.951	21	  -7.961	  30.046	   0.952
33	-205.993	20	  19.463	  55.602	   0.058
34	-188.177	15	 -15.502	   9.248	  20.137
35	-174.890	17	  22.971	  20.981	  15.434
36	-167.713	16	  -1.901	  15.333	   0.388
37	-161.442	15	  13.819	  14.005	   0.278
38	-154.187	13	 -13.962	  15.894	  27.732
39	-151.644	14	   3.520	  48.427	   0.760
40	-150.828	15	   0.851	  49.933	  12.236
41	-150.499	15	 -16.050	   2.869	  14.757
42	-145.929	13	 -13.453	  35.175	  23.824
43	-143.177	14	  16.530	  65.654	   3.563
44	-142.671	14	  13.255	   2.695	   3.854
45	-139.865	14	  24.466	  29.126	  12.474
46	-137.692	13	  -6.914	  18.707	  29.179
47	-129.542	13	 -18.371	  23.383	  29.580
48	-128.348	13	  13.543	   6.644	  23.037
49	-120.871	12	  19.833	   7.651	   8.044
50	-120.412	11	 -18.402	   2.829	  26.543
51	-119.816	8	   8.577	  53.346	  16.179
52	-110.489	11	  20.542	  53.755	 -10.327
53	-107.529	10	   7.199	  11.411	  25.528
54	-107.490	11	  25.415	  44.810	 -10.748
55	 -95.258	10	   9.622	  62.733	  24.293
56	 -89.125	9	  14.355	  24.264	  -3.354
57	 -87.994	9	  21.228	  48.929	 -17.237
58	 -87.645	9	  13.312	  26.353	  26.090
59	 -86.081	9	  17.521	  63.461	  -7.686
60	 -82.285	8	  -7.546	  29.190	  28.495
61	 -80.528	8	   3.747	  18.592	  29.956
62	 -73.860	8	 -23.906	  11.030	  25.421
63	 -70.277	7	 -21.138	  36.061	   7.646
64	 -70.260	7	  27.887	  32.520	  -3.717
65	 -68.328	7	  -5.986	   1.171	  11.692
66	 -59.522	6	  29.088	  43.173	   0.057
67	 -58.691	6	   6.815	  -0.745	  10.425
68	 -58.598	6	   0.191	  57.542	   0.902
69	 -57.782	6	   8.199	  67.746	  -4.105
70	 -57.678	6	 -14.823	  39.340	  -2.648
71	 -57.389	6	  19.339	  40.201	  10.681
72	 -51.541	5	   7.031	  29.000	  -2.973
73	 -50.804	5	  19.592	  29.859	  -0.976
74	 -45.376	5	 -26.763	  21.046	   9.215
75	 -42.333	4	  28.564	  23.814	   2.210
76	 -42.120	4	  33.071	  33.024	   3.244
77	 -40.417	4	   9.631	  42.489	   1.349
78	 -40.222	4	 -23.320	   9.749	  16.451
79	 -37.009	4	   4.092	  73.803	   3.724
80	 -32.451	3	  15.851	  58.372	 -15.080
81	 -29.579	3	  13.837	  53.046	  22.210
82	 -27.602	3	  -8.154	  10.708	  31.887
83	 -23.672	2	   4.851	  33.556	  24.210
84	 -19.308	2	  18.461	  39.509	  -8.253
85	 -18.840	2	 -31.666	  29.012	  11.727
86	 -18.578	2	   1.827	  73.534	  11.163
87	 -17.780	1	   1.851	  12.046	  20.210
88	 -16.177	1	 -17.149	  19.046	  20.210
89	  -9.430	1	 -11.149	  12.046	   4.210
90	  -9.374	1	  12.851	  37.046	  26.210
91	  -9.135	1	  18.851	  63.046	  10.210
