1	-1758.394	159	   1.646	  24.672	  -2.994
2	-1267.684	107	  -5.192	  25.224	   6.339
3	-896.792	78	 -11.507	  11.080	   5.112
4	-637.334	59	  -8.242	  40.263	  22.812
5	-454.497	42	  15.659	  38.244	  -2.326
6	-435.754	39	  12.489	  39.718	  13.642
7	-428.607	39	   1.892	  26.110	  27.228
8	-402.665	35	 -14.990	  43.649	  20.914
9	-402.489	35	   2.895	   6.106	  -2.237
10	-387.504	35	  15.239	   7.122	   0.749
11	-372.292	29	  -0.607	  15.055	  23.573
12	-353.355	32	  -1.507	  34.769	  25.535
13	-346.128	31	 -11.109	  37.106	  -0.036
14	-337.696	29	  20.338	  24.730	   8.018
15	-297.682	27	 -20.895	  29.525	  23.531
16	-294.904	25	 -17.211	  26.337	  15.084
17	-277.147	27	  12.664	  17.393	  22.584
18	-261.876	17	  -9.524	  15.900	  14.380
19	-247.433	21	  12.824	  29.461	  20.340
20	-242.614	21	  -7.299	  17.549	   2.664
21	-241.870	22	  -2.893	  10.208	 -11.606
22	-223.144	21	 -16.603	  20.603	   6.364
23	-215.935	21	   3.434	  37.976	 -10.253
24	-204.541	20	   9.545	  43.851	  -6.971
25	-202.992	20	  -5.696	   6.284	  19.094
26	-192.001	18	  21.016	  15.860	  10.925
27	-188.944	18	  13.580	  10.600	  16.196
28	-184.301	17	 -22.268	  36.863	  15.526
29	-181.487	16	  -0.483	  48.237	  10.641
30	-177.609	17	  -3.761	   0.642	   4.315
31	-164.836	15	  -6.087	  18.391	  -7.362
32	-164.706	16	 -12.684	  14.998	  25.773
33	-163.848	16	 -13.700	  15.469	  -4.305
34	-154.844	15	   6.900	  -0.133	   6.482
35	-154.795	14	   9.193	   4.956	  11.452
36	-144.015	14	  10.432	  46.877	   3.258
37	-132.559	13	  -7.801	  21.545	  31.630
38	-128.782	12	  -8.771	   3.927	  -7.915
39	-128.421	12	  -6.377	  45.273	  -1.545
40	-113.920	11	  -4.049	  38.134	  -6.155
41	-113.746	11	 -16.524	  31.234	   7.138
42	-112.064	11	  20.041	  33.642	   8.850
43	-111.624	11	  21.408	  20.116	   2.101
44	 -96.690	9	 -15.608	  29.828	  31.097
45	 -88.086	9	  12.357	  31.536	  -9.426
46	 -82.598	8	   6.802	  18.387	  27.487
47	 -74.724	7	  -9.914	  46.834	   9.757
48	 -74.197	5	   4.723	  29.136	  10.023
49	 -66.564	4	  -4.011	  12.186	   9.520
50	 -49.754	5	  -5.897	  34.409	  32.545
51	 -40.949	4	   8.655	   8.621	  -5.838
52	 -39.371	4	  17.836	  16.527	  -4.221
53	 -39.331	4	  -9.366	   2.171	  -0.471
54	 -37.684	4	 -24.861	  28.913	  17.266
55	 -30.657	3	  21.430	  26.332	  17.198
56	 -30.258	3	 -16.186	  12.419	  19.112
57	 -27.625	3	 -20.521	  39.747	  27.779
58	 -27.599	3	   7.470	  17.063	  -9.555
59	 -25.585	2	   1.231	  14.394	  -4.767
60	 -24.226	2	   2.642	   6.897	  20.779
61	 -20.033	2	  21.626	  28.394	  -1.734
62	 -12.479	1	   3.139	  39.394	   6.779
63	 -11.474	1	   0.139	  48.394	   1.779
64	  -9.251	1	  -0.861	   3.394	  13.779
