1	-709.367	65	   5.575	  -4.781	   5.144
2	-575.303	46	  -4.932	   1.771	  14.494
3	-550.180	48	   6.041	  -5.192	  24.696
4	-480.502	45	 -24.667	 -11.700	  15.337
5	-478.021	41	 -25.515	  -0.709	  31.587
6	-427.365	37	   3.436	 -11.748	  15.077
7	-423.879	33	 -10.681	 -10.334	  -3.223
8	-379.402	35	 -10.990	 -19.191	  17.683
9	-347.697	30	 -25.166	   7.141	   5.128
10	-329.394	27	  11.663	  -1.554	  13.667
11	-328.282	30	  -0.195	  11.012	  25.162
12	-309.140	28	 -11.724	   7.912	  30.401
13	-307.722	28	 -16.824	  -9.517	  37.171
14	-276.478	26	 -19.809	   8.953	  31.964
15	-263.612	25	  -4.071	 -10.890	  31.787
16	-242.545	24	   4.471	 -11.771	   7.973
17	-220.991	22	 -27.326	  -4.506	  15.160
18	-202.794	20	  -9.759	  10.226	   7.327
19	-191.802	17	  -7.449	  -5.623	  37.464
20	-185.637	18	 -19.266	   0.467	  -3.239
21	-171.670	15	 -11.880	  17.045	  11.385
22	-163.819	15	  -2.647	   3.072	  35.188
23	-157.747	15	   2.539	  -8.351	  -6.782
24	-140.695	14	  13.933	   1.981	  23.064
25	-135.903	13	 -12.018	   8.008	  -3.372
26	-131.151	13	 -24.567	  -2.888	   4.012
27	-130.285	13	 -17.204	 -14.301	  26.529
28	-119.193	11	  -6.156	  20.694	  22.192
29	-115.800	12	   1.258	   5.443	  12.610
30	-111.576	11	 -16.123	  19.453	  18.898
31	-111.131	11	  -6.790	   0.240	  -7.157
32	 -98.362	10	 -27.694	   3.019	  18.143
33	 -94.990	10	   1.807	   1.505	  -4.770
34	 -91.696	9	 -25.229	  15.649	  12.313
35	 -81.560	8	  -4.293	 -17.392	   3.595
36	 -80.565	8	   8.541	   3.671	  28.677
37	 -78.069	6	  -2.904	 -12.463	  22.528
38	 -73.606	7	 -26.651	   6.711	  27.286
39	 -67.513	7	 -16.105	   0.586	  40.594
40	 -67.388	7	  13.169	  -9.143	  18.154
41	 -58.250	6	 -20.935	 -13.770	   1.751
42	 -53.463	3	 -18.799	  11.104	  11.624
43	 -40.970	4	  -4.026	 -13.922	  -3.435
44	 -39.808	4	   6.707	   7.541	  20.301
45	 -30.168	3	  -0.852	   4.008	   2.023
46	 -29.764	3	 -15.111	  -5.063	  -6.665
47	 -28.197	3	 -10.135	 -21.021	   7.364
48	 -27.974	3	   2.879	 -14.689	   0.054
49	 -20.924	2	   3.201	  -1.170	  38.023
50	 -19.321	2	 -18.799	 -21.151	   7.485
51	 -19.147	2	  -1.272	  18.311	  15.550
52	 -18.468	2	 -24.768	  -6.720	  36.569
