1	-1120.616	91	  -3.198	  55.441	  -9.787
2	-1084.123	79	  -6.851	  36.420	   0.588
3	-804.376	69	  -4.926	  25.944	   4.381
4	-598.986	53	 -19.400	  33.424	   7.216
5	-576.692	49	  13.991	  55.901	 -13.122
6	-559.849	53	 -11.628	  39.855	 -22.682
7	-488.831	37	 -26.175	  60.231	   6.146
8	-470.011	41	   4.196	  54.364	 -19.445
9	-438.160	37	   1.765	  59.461	  -7.344
10	-431.295	38	   8.670	  61.303	   7.791
11	-387.238	35	   2.698	  32.747	   7.805
12	-387.136	37	 -17.324	  28.243	  -7.834
13	-382.894	28	  17.731	  56.434	   8.543
14	-379.011	35	 -11.132	  49.217	  20.753
15	-302.026	28	   8.447	  33.853	 -10.855
16	-277.088	27	 -25.548	  59.227	  -7.880
17	-276.749	26	 -23.371	  39.893	 -14.315
18	-273.808	26	 -17.665	  66.784	  -7.029
19	-269.282	25	 -10.371	  63.607	  12.187
20	-266.500	25	  -3.671	  63.762	  -1.061
21	-253.799	22	 -25.073	  40.872	  -5.322
22	-248.018	22	  -2.399	  54.378	  20.907
23	-229.892	22	  12.306	  48.143	  11.070
24	-226.715	21	 -13.537	  30.763	  15.040
25	-222.310	21	 -15.753	  54.742	 -19.560
26	-217.047	21	  19.821	  62.000	   0.880
27	-215.402	20	   3.041	  64.623	   2.801
28	-212.567	19	   2.953	  28.318	  -1.700
29	-209.045	20	  25.960	  51.903	  -0.627
30	-205.242	18	 -21.154	  48.676	 -15.763
31	-189.302	17	  11.186	  35.963	  -1.609
32	-182.826	17	  18.720	  49.762	  -8.974
33	-179.467	16	 -28.596	  52.417	  -1.564
34	-173.176	17	   3.269	  45.996	  19.583
35	-154.543	15	 -14.620	  38.105	  19.609
36	-153.272	15	   9.101	  40.931	 -16.778
37	-149.464	15	 -17.686	  58.816	  15.028
38	-147.044	15	  20.816	  44.370	   1.478
39	-140.856	13	   6.014	  54.349	  19.051
40	-137.663	9	 -21.599	  50.084	   7.922
41	-135.211	14	   1.153	  26.708	 -13.398
42	-130.120	13	   0.493	  36.689	 -22.178
43	-121.613	12	 -22.679	  47.344	  15.218
44	-119.348	11	  -3.796	  42.298	  23.756
45	-113.720	10	  -1.935	  47.291	 -25.248
46	-113.213	10	  -5.155	  36.098	  16.708
47	-112.590	11	 -23.660	  67.914	   1.822
48	-106.723	11	  16.702	  39.132	  -7.075
49	-104.225	10	  -6.624	  59.944	 -18.640
50	-102.798	10	  -7.733	  27.098	 -16.876
51	-101.235	10	  23.903	  51.909	   8.190
52	 -96.184	10	  -7.260	  33.756	 -22.636
53	 -93.559	10	  -9.953	  49.582	 -26.752
54	 -80.419	7	   8.462	  63.651	  -9.578
55	 -79.189	8	 -27.754	  55.895	  11.509
56	 -72.413	7	  17.933	  63.626	  -7.834
57	 -70.620	7	 -14.835	  70.019	   6.613
58	 -70.392	7	   1.677	  39.198	  12.146
59	 -68.370	7	 -24.473	  41.500	   4.166
60	 -55.794	4	  -7.562	  54.797	   2.906
61	 -50.196	5	 -11.067	  68.277	  -3.070
62	 -40.500	4	  -8.511	  19.467	  -4.235
63	 -30.282	3	  -5.415	  27.159	  15.744
64	 -20.905	2	  10.964	  36.467	   7.242
65	 -20.598	2	   9.628	  48.467	   0.634
66	 -18.922	2	  -0.036	  67.467	  10.224
67	 -18.410	2	 -26.036	  38.467	  13.251
68	 -14.286	1	 -17.036	  55.467	   3.744
69	 -12.987	1	   7.964	  55.467	  -5.256
70	 -11.999	1	  -2.036	  49.467	  -1.256
71	  -9.627	1	 -27.036	  32.467	  -5.256
