1	-976.185	81	  -4.287	  -8.853	 -28.598
2	-738.470	57	 -16.468	   2.378	 -22.553
3	-692.296	63	   4.870	 -13.908	 -28.366
4	-662.399	61	  -7.584	 -28.848	 -31.012
5	-599.965	54	 -14.461	  -7.782	 -37.422
6	-527.430	47	  -4.964	   2.344	 -29.038
7	-416.992	38	  -3.258	 -22.476	 -52.901
8	-375.420	33	 -15.566	   4.586	  -5.420
9	-367.831	34	 -10.941	 -16.836	 -48.763
10	-363.435	31	 -24.733	   1.057	 -15.214
11	-358.585	34	 -26.068	  -2.811	  -4.542
12	-357.964	34	 -15.159	 -23.038	 -40.872
13	-332.741	30	  -0.302	 -31.041	 -38.590
14	-322.574	30	   3.170	 -12.361	 -54.732
15	-317.948	29	 -10.885	 -30.785	 -21.467
16	-295.262	23	   0.410	   5.384	 -20.475
17	-294.689	26	  -4.115	   1.546	   1.149
18	-282.408	24	   7.821	 -23.652	 -24.171
19	-282.081	26	 -18.481	 -15.226	  -2.572
20	-257.952	25	 -21.218	 -16.754	 -31.774
21	-254.352	24	  17.433	 -13.138	 -43.186
22	-240.627	19	  -6.046	  -5.189	 -34.045
23	-240.182	23	   0.428	 -27.749	 -18.972
24	-236.907	23	   6.316	  -4.438	 -31.562
25	-229.201	23	  -7.812	 -31.119	 -41.910
26	-217.342	20	   9.018	  -3.714	 -18.363
27	-212.406	20	 -25.491	 -15.373	 -20.658
28	-210.157	21	  -9.561	  -5.152	 -52.714
29	-199.556	19	 -27.002	  -8.330	 -22.914
30	-190.536	17	   6.328	   0.269	  -8.843
31	-183.227	17	  -7.993	 -10.840	   0.254
32	-177.128	16	  -4.748	  -4.119	 -41.661
33	-175.855	17	 -29.775	 -15.041	 -13.241
34	-170.450	17	   8.146	  -9.496	  -8.793
35	-170.426	16	   9.577	 -11.206	 -38.160
36	-167.524	16	 -23.546	 -22.146	 -19.008
37	-157.185	15	 -27.141	  -8.595	 -31.923
38	-135.870	14	 -15.555	  -5.213	   4.272
39	-128.252	13	  -1.945	   1.951	 -37.555
40	-125.401	12	  12.139	 -24.255	 -40.930
41	-121.934	12	   5.916	   3.168	 -26.562
42	-115.816	12	   1.783	   7.561	 -10.845
43	-113.311	12	  -8.625	   9.310	 -21.191
44	-111.586	11	   7.707	 -18.264	 -55.829
45	-105.778	11	  -7.741	   8.903	 -10.742
46	-102.018	10	   6.933	  -2.009	 -43.177
47	 -99.395	10	 -24.167	 -20.464	  -7.790
48	 -95.378	9	  13.326	 -20.763	 -49.811
49	 -92.486	9	  12.731	 -11.861	 -17.530
50	 -92.436	8	  -3.193	 -16.742	  -3.608
51	 -82.410	8	 -21.350	  -2.487	 -37.903
52	 -78.324	8	  -0.917	   2.968	 -45.626
53	 -72.173	7	  16.662	 -18.288	 -33.731
54	 -62.332	6	  14.103	 -17.437	 -24.925
55	 -61.303	6	   9.076	   5.727	 -16.042
56	 -58.680	6	 -25.267	  -9.896	  -2.421
57	 -48.344	5	   3.929	 -25.465	 -52.792
58	 -42.196	4	  12.656	 -26.266	 -30.348
59	 -39.239	4	 -14.035	 -26.759	 -11.085
60	 -37.562	4	 -21.814	 -27.998	 -23.902
61	 -37.244	4	   2.712	  -2.977	  -0.594
62	 -32.378	3	 -29.236	   1.059	 -32.891
63	 -29.976	2	   2.946	 -15.266	 -19.563
64	 -28.405	3	 -19.891	   8.734	 -18.880
65	 -24.091	2	 -13.062	  -7.773	 -25.060
66	 -20.496	2	  -4.561	  -5.724	 -60.563
67	 -20.310	2	  -1.205	 -28.622	 -48.207
68	 -19.653	2	   0.936	 -22.266	  -7.563
69	 -10.645	1	 -31.561	  -5.266	 -16.563
70	 -10.634	1	  -8.561	   0.734	 -21.563
71	  -9.544	1	   5.439	 -32.266	 -31.563
72	  -9.163	1	   0.439	   1.734	 -56.563
73	  -8.926	1	   4.439	   7.734	 -33.563
