1	-1135.745	98	  22.455	   5.768	  17.778
2	-970.489	87	  23.916	  11.563	  23.497
3	-399.674	35	   9.692	  17.750	   4.744
4	-379.454	36	  36.171	  14.835	  29.140
5	-348.412	33	  -1.763	  11.845	  10.320
6	-341.115	33	  11.655	  -1.657	  16.472
7	-329.565	30	   6.429	  23.326	   8.837
8	-305.852	28	  42.596	  20.808	  19.252
9	-295.145	26	   6.065	   7.561	   8.537
10	-281.485	27	  50.400	   4.978	  12.986
11	-280.654	24	  29.165	   0.589	   5.350
12	-273.456	25	  31.674	  14.939	   0.463
13	-257.158	23	  -4.481	   6.857	  25.809
14	-239.610	21	  31.631	  27.855	  18.827
15	-238.023	23	  17.316	   5.282	   2.506
16	-230.180	21	  41.374	  24.192	   7.509
17	-222.960	22	  11.683	   6.344	  26.090
18	-216.425	20	  30.103	  -7.633	  14.413
19	-209.789	19	  47.881	  14.361	   8.136
20	-208.887	21	  -7.282	  12.354	  17.890
21	-200.923	18	  16.636	  31.714	  25.088
22	-199.252	18	  33.976	  -1.457	  24.882
23	-197.230	19	  35.810	  33.493	   8.440
24	-180.841	18	  21.436	  -1.694	  14.913
25	-179.705	17	   6.722	  21.782	  31.145
26	-154.412	14	  21.327	  22.587	  29.321
27	-152.668	14	  42.305	   3.638	  25.945
28	-152.439	14	  16.067	  19.086	  -1.341
29	-151.490	15	  42.454	  -5.354	  18.513
30	-138.032	12	   5.000	   8.172	  30.206
31	-136.304	13	  12.703	  30.801	   0.013
32	-132.952	13	  37.119	  -5.950	   7.674
33	-119.440	12	  15.449	   5.461	  19.296
34	-117.877	9	   2.795	  27.704	  20.225
35	-114.720	11	  24.804	  32.494	  25.359
36	-113.149	11	  -0.311	  -2.777	  20.319
37	-110.625	10	  25.829	  35.030	  10.724
38	-109.276	10	   9.456	  33.021	   9.802
39	-103.995	10	  11.169	  29.048	  29.116
40	 -95.779	9	  43.368	   3.920	   4.884
41	 -93.529	9	  30.997	  25.431	  27.729
42	 -82.156	8	  -2.676	  22.170	  17.729
43	 -81.262	8	  20.696	  35.840	  19.207
44	 -70.749	7	  18.430	   9.323	  28.055
45	 -68.879	7	  34.324	  27.387	  -0.755
46	 -62.647	6	   0.567	  -2.005	  10.521
47	 -58.449	6	  -2.098	  18.811	  30.592
48	 -54.901	5	  26.107	   8.426	   1.804
49	 -49.756	5	  39.764	  27.390	  15.116
50	 -47.178	5	  -7.873	   5.597	  12.990
51	 -44.452	4	  46.406	  10.639	  29.499
52	 -41.529	2	  37.581	  15.385	  17.810
53	 -40.929	3	  41.411	  13.385	   3.235
54	 -37.899	4	   9.378	   9.861	   1.320
55	 -37.006	4	  15.855	  35.118	   5.758
56	 -27.382	3	   0.801	  28.385	  27.810
57	 -19.349	2	   9.608	  14.866	  33.810
58	 -18.704	2	  21.636	  29.894	  -1.681
59	 -17.970	2	   4.127	  -5.113	  26.312
60	 -13.168	1	  17.127	  19.385	   9.810
61	  -9.173	1	  48.127	  17.385	  21.810
62	  -8.946	1	  11.127	   2.385	   5.810
