1	-825.396	66	-132.866	   5.360	  64.076
2	-754.442	61	-117.863	 -14.267	  57.440
3	-740.548	63	-141.256	   7.056	  46.969
4	-720.660	60	-135.558	 -18.077	  69.250
5	-492.755	44	-118.954	 -13.375	  65.109
6	-485.329	43	-120.440	   9.804	  61.278
7	-430.637	40	-150.736	 -11.519	  72.722
8	-428.131	39	-141.779	  31.976	  58.174
9	-394.265	37	-129.892	   6.907	  43.266
10	-388.975	36	-139.111	  -4.743	  83.204
11	-374.410	33	-152.364	   6.776	  61.849
12	-374.394	32	-146.167	  -3.526	  52.695
13	-374.058	33	-147.335	   6.475	  71.309
14	-369.551	35	-119.779	  -3.352	  78.175
15	-360.388	35	-145.719	  22.799	  62.221
16	-355.863	30	-133.680	  -1.297	  45.985
17	-335.178	32	-152.584	  -3.530	  81.831
18	-315.702	29	-124.517	  18.769	  52.494
19	-312.180	28	-134.420	 -16.545	  52.661
20	-300.950	30	-118.287	 -16.446	  73.339
21	-293.134	27	-125.807	 -20.377	  54.817
22	-291.615	26	-111.525	  -3.222	  71.416
23	-286.263	26	-119.209	  11.579	  50.099
24	-285.096	28	-134.871	  30.344	  68.886
25	-275.393	25	-111.707	   6.111	  53.391
26	-264.961	25	-108.807	  -8.519	  53.547
27	-252.980	24	-126.329	  11.908	  69.723
28	-235.438	23	-145.741	  -9.838	  81.072
29	-233.575	22	-129.775	  17.604	  40.480
30	-226.915	20	-134.787	 -11.221	  85.187
31	-223.477	22	-148.343	  24.181	  47.135
32	-212.634	19	-135.827	  25.761	  39.205
33	-208.662	17	-109.365	  -7.477	  63.516
34	-186.358	18	-145.448	 -15.274	  64.215
35	-186.105	19	-126.322	  23.226	  46.385
36	-185.774	18	-157.760	   1.520	  73.646
37	-183.355	17	-152.293	  10.038	  52.549
38	-181.293	17	-151.455	 -12.485	  59.888
39	-180.018	17	-127.699	  21.185	  67.169
40	-177.952	17	-129.529	 -12.880	  47.177
41	-173.824	17	-159.207	  -6.403	  71.113
42	-172.847	16	-112.576	   4.844	  69.994
43	-169.626	17	-152.666	  20.755	  58.146
44	-155.445	15	-133.371	  33.129	  45.869
45	-140.183	12	-144.038	 -12.523	  56.850
46	-127.920	12	-128.358	  -4.650	  85.946
47	-124.660	12	-143.723	  28.141	  72.934
48	-124.483	11	-128.189	  33.399	  61.063
49	-124.420	12	-127.008	 -22.733	  73.815
50	-118.976	12	-139.080	  17.913	  40.010
51	-118.464	12	-129.037	   1.717	  76.191
52	-113.158	11	-127.476	  32.419	  52.990
53	-108.437	11	-121.093	   7.927	  72.613
54	-104.541	10	-120.765	   7.878	  40.977
55	-103.524	10	-113.896	  16.551	  89.584
56	-101.814	10	-153.524	  -3.787	  53.961
57	 -98.065	10	-130.874	  17.339	  74.451
58	 -94.676	10	-119.990	  20.255	  85.416
59	 -89.578	9	-139.069	 -15.220	  78.156
60	 -88.140	9	-112.036	 -10.660	  73.180
61	 -84.287	8	-143.661	  24.065	  39.044
62	 -77.631	8	-128.545	 -26.341	  60.766
63	 -70.618	5	-125.710	   0.808	  53.265
64	 -70.492	7	-141.240	   2.772	  78.128
65	 -68.979	7	-140.226	 -21.565	  61.553
66	 -66.751	7	-106.399	   0.587	  61.555
67	 -63.973	6	-125.393	 -15.876	  80.393
68	 -59.415	6	-149.057	  15.781	  45.937
69	 -58.039	6	-140.728	  33.642	  48.122
70	 -57.685	5	-116.833	  -8.707	  44.102
71	 -54.033	4	-134.686	   7.618	  55.776
72	 -47.572	3	-137.536	  -3.472	  61.551
73	 -43.807	3	-140.243	  15.924	  62.880
74	 -41.902	4	-139.220	 -10.101	  48.495
75	 -31.602	3	-156.861	 -11.538	  82.584
76	 -28.997	3	-150.174	  14.177	  67.911
77	 -28.747	3	-137.614	  19.748	  74.879
78	 -28.616	3	-156.559	   1.832	  58.258
79	 -18.898	2	-124.243	  -5.853	  40.258
80	 -18.600	2	-116.302	  -1.379	  41.743
81	 -13.968	1	-128.243	  13.136	  60.258
82	 -10.962	1	-160.243	  -3.864	  81.258
83	 -10.770	1	-120.243	 -25.864	  66.258
84	  -9.986	1	-120.243	  22.136	  75.258
