1	-1464.704	121	  18.205	  29.612	  18.155
2	-854.105	78	  34.335	  15.142	  21.926
3	-729.923	52	  26.389	  36.259	   3.765
4	-527.720	49	   8.256	  24.150	   5.885
5	-427.076	37	  11.040	  35.103	  13.453
6	-425.226	38	  35.803	  37.486	   9.316
7	-380.010	35	  39.318	  16.718	   6.133
8	-374.337	34	  23.026	  22.835	  40.165
9	-348.955	31	  32.246	  39.985	  24.175
10	-343.807	29	  28.301	  53.168	   7.815
11	-330.890	31	  24.365	   8.935	   5.393
12	-319.337	30	  22.252	  47.409	  20.129
13	-298.067	25	  14.440	  49.304	   2.888
14	-294.058	25	  23.054	  34.006	  34.601
15	-286.985	27	  33.689	  30.660	  -2.263
16	-278.757	26	  31.499	  11.271	  36.423
17	-273.827	26	  15.416	  35.330	  24.690
18	-264.753	24	  32.155	  32.854	  29.173
19	-254.942	23	  25.066	  26.399	  -5.227
20	-248.538	22	  40.199	  26.412	   4.333
21	-227.209	20	  13.249	  20.853	  34.771
22	-224.206	22	  13.800	  35.661	   1.924
23	-222.733	21	  23.887	   8.311	  15.747
24	-221.947	22	  32.281	  47.324	  16.375
25	-216.755	21	  19.775	  19.275	  -7.535
26	-203.417	19	  12.008	   4.906	  15.325
27	-198.573	19	  34.181	  27.314	  33.878
28	-180.104	18	  12.498	  11.472	  35.038
29	-168.231	16	  20.242	  10.918	  39.543
30	-166.005	16	   2.703	   8.427	  12.438
31	-164.375	16	  22.964	  57.491	  12.984
32	-159.386	16	  33.030	  12.889	  -4.294
33	-158.577	16	  21.817	   6.483	  31.946
34	-156.724	16	   6.790	  24.378	  25.578
35	-155.312	15	   3.855	   9.828	  19.882
36	-145.332	14	   7.173	   9.631	  26.795
37	-138.789	14	  27.500	  47.735	   1.485
38	-135.897	13	  23.566	  10.786	  -4.637
39	-131.482	12	  30.694	  12.592	   7.601
40	-130.241	13	  29.123	  20.863	 -10.624
41	-124.531	12	  11.288	  17.439	  -8.674
42	-115.020	11	   5.090	  17.475	   0.951
43	-107.327	11	  41.723	  31.816	  10.551
44	-104.597	10	   3.535	  26.787	  18.460
45	-102.082	10	  23.773	  38.944	  -2.989
46	 -98.001	10	  23.023	  42.281	  26.998
47	 -97.858	10	  12.282	  57.162	   9.715
48	 -96.912	10	  13.483	  45.674	  20.507
49	 -90.291	9	  12.323	   4.458	   4.740
50	 -89.828	9	  42.518	  14.828	  -1.575
51	 -89.704	9	  31.534	  22.303	  40.399
52	 -87.755	9	   3.836	   6.937	   4.686
53	 -87.472	8	  12.707	   9.709	  -2.887
54	 -82.770	8	  14.530	  24.624	  -4.492
55	 -81.414	8	  15.587	  54.754	  17.426
56	 -72.952	7	   8.526	  39.522	   4.982
57	 -69.534	7	  45.976	  28.342	  18.362
58	 -69.200	4	  28.522	  29.236	   9.946
59	 -68.155	7	   8.033	  48.233	  11.616
60	 -59.862	6	  44.263	  26.929	  28.705
61	 -59.267	6	  21.529	   7.094	  23.424
62	 -52.595	5	  35.458	  47.465	   8.825
63	 -51.666	4	  25.249	  27.345	  20.722
64	 -50.661	5	  36.566	  14.205	  13.327
65	 -48.543	5	  41.471	  38.605	  19.715
66	 -48.097	5	   1.334	  15.978	  27.739
67	 -47.794	5	  -0.740	  16.197	   9.005
68	 -38.694	4	  -2.652	  19.329	  16.072
69	 -38.482	4	  23.016	  56.028	   3.211
70	 -27.574	3	  37.632	  22.476	  -6.914
71	 -27.442	3	  44.274	  19.771	  24.719
72	 -20.043	2	   0.288	  12.782	  -4.743
73	  -9.501	1	  41.288	  35.782	  27.722
74	  -9.449	1	  33.288	  40.782	   2.722
