1	-1002.077	85	 -15.350	  34.607	 166.315
2	-917.645	82	 -17.128	   7.291	 160.814
3	-899.516	83	 -12.095	  25.768	 162.912
4	-670.832	55	  -4.005	  57.566	 182.667
5	-605.724	53	  -9.416	  44.265	 188.723
6	-572.195	49	  -8.153	  35.382	 176.004
7	-557.972	50	  -4.695	  47.205	 168.545
8	-519.191	49	  -7.059	  -4.075	 168.172
9	-483.010	44	   2.848	  44.982	 167.770
10	-475.959	40	  -2.457	   3.669	 162.910
11	-383.737	35	 -20.809	  13.087	 181.414
12	-351.697	32	  -2.564	  33.974	 189.690
13	-341.803	30	  -9.133	  -0.732	 158.743
14	-331.080	31	 -15.091	  26.203	 175.354
15	-282.584	25	  -9.098	  16.812	 152.422
16	-278.417	25	 -10.417	   4.929	 184.890
17	-276.161	24	  -0.905	  35.563	 173.847
18	-272.530	25	   7.468	  28.264	 176.605
19	-271.713	27	 -28.514	  42.374	 171.862
20	-264.520	24	 -18.286	  -2.317	 165.861
21	-254.340	24	 -16.006	  36.802	 180.336
22	-241.756	22	   6.596	  36.457	 172.561
23	-237.598	23	 -21.677	  22.689	 177.363
24	-232.567	23	   5.772	   7.958	 170.385
25	-225.734	22	   2.064	  24.278	 186.488
26	-218.625	21	  15.196	  51.218	 169.872
27	-215.836	22	  -6.794	  58.495	 169.340
28	-212.323	18	 -30.201	  18.341	 175.236
29	-201.380	20	  -3.749	  25.194	 170.003
30	-200.490	19	   5.066	  11.122	 176.921
31	-187.154	18	 -24.600	  12.458	 162.364
32	-186.663	17	 -15.940	  61.742	 184.483
33	-186.112	17	 -11.426	   5.232	 152.244
34	-185.178	12	  -8.446	  16.437	 175.120
35	-183.790	18	  -2.505	  28.026	 178.928
36	-177.928	18	 -13.576	  15.273	 183.761
37	-177.834	17	  14.260	  53.343	 187.647
38	-175.641	16	 -25.156	  31.357	 173.284
39	-172.661	16	   2.487	  60.609	 179.886
40	-168.424	16	 -19.728	  56.939	 168.610
41	-167.874	16	 -11.166	  55.805	 162.553
42	-147.025	14	  13.156	  25.411	 184.111
43	-144.939	13	  10.698	  23.091	 166.704
44	-134.623	13	 -11.031	  57.989	 192.996
45	-133.212	14	 -23.831	  32.372	 160.380
46	-131.809	13	 -24.166	   3.725	 166.317
47	-130.014	12	  -4.061	  23.910	 159.808
48	-126.039	12	   6.635	  31.639	 196.086
49	-115.356	11	   6.010	  16.366	 184.377
50	-109.603	11	   0.696	  -3.360	 174.109
51	-105.725	9	   4.219	  22.090	 161.499
52	 -99.954	9	  10.990	  46.078	 195.059
53	 -99.057	10	 -22.447	  20.687	 160.570
54	 -98.366	10	  20.204	  50.145	 180.563
55	 -94.050	9	 -29.224	  49.583	 163.617
56	 -93.169	9	 -14.995	  -8.071	 178.495
57	 -89.648	9	 -22.143	  46.325	 159.366
58	 -86.778	8	  -4.613	  46.281	 194.167
59	 -85.628	8	 -24.730	  54.449	 180.254
60	 -82.983	7	 -12.584	  44.674	 163.526
61	 -79.530	8	 -29.715	  10.280	 167.830
62	 -78.579	8	 -30.515	  29.480	 168.324
63	 -78.041	8	  15.495	  33.676	 186.135
64	 -75.998	8	  -0.759	   3.816	 181.118
65	 -75.977	7	  -6.021	  -7.897	 180.940
66	 -68.955	7	  -3.946	  17.717	 186.486
67	 -68.386	7	   1.859	  15.331	 153.916
68	 -67.998	7	  14.003	  17.020	 172.589
69	 -62.355	5	 -24.556	  46.031	 183.060
70	 -61.438	6	 -18.647	  -2.343	 183.797
71	 -58.433	6	  13.497	  25.790	 193.264
72	 -53.002	5	  14.218	  62.172	 179.795
73	 -51.018	5	  -9.072	  34.263	 186.170
74	 -50.623	5	  -6.774	  11.619	 182.792
75	 -49.750	5	  -2.409	   6.424	 151.065
76	 -48.925	5	 -14.701	  62.803	 176.032
77	 -48.030	5	 -20.732	   7.762	 187.052
78	 -46.485	5	 -13.598	  51.228	 195.605
79	 -42.521	2	  10.999	  54.063	 179.605
80	 -40.506	4	  15.755	  38.669	 179.635
81	 -38.563	4	  16.231	  44.131	 186.171
82	 -37.620	4	   7.256	  54.848	 193.605
83	 -31.518	3	   3.685	  45.647	 198.605
84	 -30.678	3	 -18.001	  11.632	 149.605
85	 -29.739	3	 -22.001	  50.639	 190.932
86	 -29.178	3	  -0.773	  54.216	 194.965
87	 -28.896	3	   4.999	   9.636	 159.276
88	 -28.350	3	  -7.012	  23.258	 151.935
89	 -22.158	2	  14.999	  34.619	 194.055
90	 -22.074	2	   9.999	  15.113	 161.605
91	 -19.216	2	 -34.954	  19.714	 168.558
92	 -18.199	2	 -30.001	  41.122	 161.605
93	 -18.054	2	   7.002	  53.610	 163.602
94	 -10.738	1	 -26.001	   2.619	 182.605
95	 -10.512	1	 -30.001	  20.619	 162.605
96	  -9.358	1	 -25.001	   1.619	 174.605
97	  -9.321	1	  -5.001	  35.619	 166.605
