1	-503.183	47	  29.231	  -5.410	  -2.261
2	-499.613	43	  48.260	   8.335	   4.944
3	-480.245	42	  37.030	  16.124	  -7.272
4	-471.872	44	  19.713	   3.753	   3.119
5	-436.747	37	  28.537	  22.723	 -18.402
6	-403.367	24	  25.418	  10.811	  -2.465
7	-376.773	34	  41.452	   2.330	  13.816
8	-370.825	34	  39.177	  -3.918	   3.730
9	-364.423	31	  20.389	  24.406	   8.897
10	-339.585	33	  32.012	   1.027	  -9.498
11	-320.104	29	  36.531	   8.852	  -9.910
12	-285.051	27	  43.316	  14.255	  13.653
13	-283.839	27	  24.262	  29.825	 -13.090
14	-282.634	27	  21.592	   7.521	 -13.017
15	-275.884	27	  25.403	   5.140	  15.080
16	-267.919	23	  38.622	  23.647	   2.795
17	-260.623	24	  13.220	  25.089	   1.050
18	-244.054	23	  21.818	  16.839	  15.715
19	-201.231	19	  19.358	  33.117	  -1.619
20	-185.273	18	  36.444	  23.164	 -12.293
21	-182.158	17	  13.285	  17.572	  11.408
22	-142.198	13	  31.669	  23.144	  13.593
23	-140.229	14	  30.822	  30.890	   2.083
24	-137.800	12	  14.032	  18.458	 -17.192
25	-133.723	13	   8.578	  23.356	  -6.355
26	-132.987	13	  15.586	  31.764	  -9.379
27	-131.719	13	  44.742	  19.592	   1.267
28	-128.690	12	  25.225	   0.042	   6.735
29	-128.408	12	  32.398	  14.047	 -20.196
30	-119.521	11	  12.506	  10.716	  -0.900
31	-101.830	10	  16.062	  26.718	 -18.080
32	-100.257	9	  33.506	   6.797	  20.338
33	 -98.816	10	  20.737	   2.390	  -7.220
34	 -85.875	9	  46.881	  -1.407	   1.039
35	 -77.802	7	  32.438	  29.757	  -6.409
36	 -75.219	7	  40.838	  -0.916	  -8.809
37	 -62.817	6	  12.932	  10.663	 -11.310
38	 -58.217	6	  44.279	  15.670	  -6.478
39	 -51.856	5	  31.295	  -4.914	   9.140
40	 -37.671	4	  27.472	  10.068	  22.703
41	 -30.487	3	  48.018	   6.807	  -4.118
42	 -22.157	2	  22.235	  13.807	 -22.809
43	  -9.813	1	  31.700	  -1.193	  19.191
44	  -9.653	1	  41.700	   4.807	   5.191
45	  -9.055	1	  14.700	   5.807	   9.191
