1	-1368.966	107	  18.344	   4.476	  23.172
2	-628.364	59	  20.117	  -7.884	   6.638
3	-514.690	44	  24.143	   8.941	   7.804
4	-462.895	41	   2.859	 -14.025	  16.996
5	-418.517	36	  14.339	  20.895	  15.078
6	-371.685	34	   3.670	 -13.915	   9.400
7	-369.888	34	   1.116	   0.909	  10.229
8	-327.506	29	   7.966	   5.112	  23.045
9	-309.216	29	   5.678	  26.653	  20.432
10	-295.198	27	  23.527	  11.428	  14.906
11	-283.209	25	  11.034	  12.737	   5.967
12	-271.667	26	  19.239	 -15.433	  12.512
13	-226.633	22	  -2.962	  -7.717	  19.787
14	-203.811	20	   3.993	  -4.122	   2.822
15	-194.716	19	   2.125	 -16.283	  26.151
16	-188.915	17	  24.364	  -3.916	  37.151
17	-184.136	15	  19.347	  -3.125	  -1.020
18	-182.730	17	  28.904	  -1.194	  14.895
19	-153.652	14	  -1.382	   2.764	  18.850
20	-153.579	15	  16.653	 -14.061	  32.822
21	-151.392	14	   3.608	  -7.603	  33.817
22	-146.242	13	  13.671	   5.894	  -2.128
23	-145.088	14	  26.674	  -9.785	  13.051
24	-136.097	13	  26.098	 -15.534	  27.752
25	-135.072	13	  22.477	 -18.865	  21.452
26	-117.873	12	   4.165	  15.451	   9.288
27	-113.582	10	   4.834	  25.151	  12.101
28	-110.770	11	  10.652	  13.137	  28.070
29	 -96.289	9	  19.438	  15.278	  26.853
30	 -92.931	9	  29.593	  -9.414	  23.661
31	 -85.720	8	   8.375	 -13.392	  31.434
32	 -83.526	8	  12.714	 -19.845	  17.341
33	 -82.660	8	  27.843	   2.431	  25.031
34	 -79.456	8	  15.866	  22.171	  27.988
35	 -69.510	7	  -2.380	  15.921	  17.830
36	 -49.745	5	  24.967	 -11.432	  39.155
37	 -47.092	5	  19.935	   4.387	  30.153
38	 -46.878	5	  21.339	  18.991	  19.975
39	 -43.858	4	  10.353	 -11.529	   3.192
40	 -42.495	4	   5.906	  -0.021	  32.919
41	 -41.684	4	  22.372	  10.979	  -0.031
42	 -30.730	3	   7.353	  21.974	  29.165
43	 -29.106	3	  -3.647	  24.312	  19.508
44	 -19.803	2	  13.570	  -3.021	  36.629
45	 -18.349	2	  23.865	   2.419	  -3.811
46	 -10.101	1	  16.353	  -7.021	  28.165
47	  -9.383	1	   0.353	  24.979	  26.165
