1	-930.630	74	   7.641	   3.822	  24.713
2	-753.720	71	  13.840	  11.726	  20.704
3	-418.876	41	  22.466	   9.769	  27.315
4	-386.466	36	   1.642	 -14.066	  27.287
5	-372.696	31	   0.900	 -12.718	  14.604
6	-346.751	34	  12.682	  14.882	   4.601
7	-342.954	32	  34.858	   5.462	   9.512
8	-341.290	34	   8.293	  -5.861	  36.266
9	-318.647	30	  26.608	   6.620	  -2.824
10	-307.060	30	  13.885	   5.300	  -4.701
11	-296.985	28	  13.458	 -14.263	  28.040
12	-287.759	27	   0.918	   1.335	   4.378
13	-240.348	22	  21.577	   3.947	  34.646
14	-228.317	20	  20.739	 -10.629	   5.494
15	-213.827	17	  27.375	  -3.324	   1.838
16	-212.240	21	  23.122	 -13.513	  17.149
17	-210.814	16	   0.863	   1.881	  12.804
18	-210.785	21	  -6.078	   1.629	  27.133
19	-198.507	19	  26.134	  14.762	   3.417
20	-189.961	18	  12.528	 -11.066	   1.724
21	-181.630	18	  -1.718	  -3.969	  34.785
22	-178.047	15	  15.392	 -15.948	  18.174
23	-169.744	16	  29.105	  18.372	  16.739
24	-161.933	15	  31.551	   9.611	  21.002
25	-155.492	15	  15.150	  -2.450	  -1.983
26	-149.226	15	  28.476	  16.255	   9.454
27	-128.330	13	   0.509	 -13.102	   6.595
28	-124.949	12	  21.205	  -6.747	  32.937
29	-114.306	11	  29.101	 -11.127	  10.562
30	-105.025	11	   7.664	 -18.947	  10.659
31	 -99.960	10	 -10.503	  -6.603	  21.632
32	 -98.650	10	  35.756	  -2.600	  10.301
33	 -98.459	10	   4.249	  14.061	  11.070
34	 -81.973	8	  -7.494	   2.776	  18.031
35	 -80.720	8	  34.938	  -4.338	  19.831
36	 -66.086	6	  21.117	  21.506	  18.036
37	 -49.670	5	  29.381	  -8.964	  25.803
38	 -39.194	4	  13.553	   9.500	  35.048
39	 -38.782	4	  -4.459	 -14.682	  23.821
40	 -34.353	3	   6.185	  -4.680	  28.412
41	 -27.891	3	  28.264	  -0.641	  30.796
42	 -20.202	2	   3.753	 -20.421	  17.271
43	 -19.683	2	  38.100	   2.494	  21.270
44	 -10.302	1	   5.586	   0.037	  -4.187
45	  -9.082	1	  17.586	   1.037	  19.813
46	  -8.997	1	  13.586	  22.037	  12.813
