1	-814.509	71	  20.884	 -34.772	   8.906
2	-741.995	67	   5.874	  -1.494	 -13.432
3	-594.442	56	   2.539	 -13.793	  -3.583
4	-593.225	54	  19.393	 -20.919	  13.976
5	-451.373	44	   7.487	 -43.790	 -11.677
6	-432.172	39	  10.199	 -10.352	   2.133
7	-408.554	37	  21.928	  -1.916	  -7.052
8	-392.671	36	  20.305	 -33.456	  -3.684
9	-385.045	30	   4.559	 -15.254	 -19.073
10	-383.242	32	 -12.423	 -14.713	 -24.194
11	-363.706	32	 -15.929	 -15.203	 -18.275
12	-353.920	34	  -0.965	 -36.178	  20.432
13	-351.560	31	  19.026	  -6.703	   2.210
14	-349.482	30	  12.587	 -42.916	   6.054
15	-334.140	32	 -17.017	 -25.301	   6.480
16	-332.014	24	   5.033	 -17.813	 -11.897
17	-318.888	30	  33.229	 -22.516	 -14.887
18	-317.918	29	   4.246	 -30.571	 -26.596
19	-317.012	30	  26.243	 -31.000	  -8.064
20	-297.330	24	  12.906	 -15.285	  10.401
21	-292.141	26	   9.856	 -35.663	  23.199
22	-272.424	25	  -8.039	 -41.047	 -12.468
23	-267.103	25	  11.037	 -25.717	 -26.715
24	-266.881	25	  -1.218	 -39.664	 -21.219
25	-260.608	24	   1.803	 -43.459	  -4.501
26	-257.787	25	   9.728	 -14.489	 -32.355
27	-257.345	24	  17.925	  -9.172	 -21.144
28	-251.397	23	  16.084	 -39.956	  -4.954
29	-229.367	23	  -5.374	  -9.344	 -33.695
30	-225.478	21	 -15.829	 -12.061	   0.427
31	-222.775	16	  18.408	 -20.355	 -13.360
32	-214.337	20	  -4.325	 -30.339	 -26.563
33	-208.462	19	  28.343	 -15.822	 -21.013
34	-208.244	19	  24.425	 -30.759	 -16.227
35	-199.254	20	  -3.940	 -40.933	  11.388
36	-197.144	19	  -5.824	 -19.048	  13.112
37	-193.857	17	  14.859	 -41.058	  15.564
38	-190.539	18	   4.456	 -29.690	  26.197
39	-187.984	16	 -18.197	 -30.992	 -19.599
40	-187.637	18	 -11.936	 -28.899	 -23.601
41	-171.495	17	 -18.525	 -22.996	 -16.053
42	-171.192	15	 -17.535	 -13.043	  -9.065
43	-168.703	15	   4.744	 -21.298	  14.304
44	-166.420	15	   4.521	  -0.846	 -25.559
45	-160.882	16	 -18.224	 -36.953	  -8.001
46	-156.666	14	 -19.890	 -35.215	   1.918
47	-153.431	14	  34.864	  -9.652	  -8.745
48	-142.653	12	  10.636	  -5.259	 -19.326
49	-140.550	14	  -9.081	 -36.868	 -20.926
50	-134.777	13	  17.936	 -38.795	 -13.854
51	-133.306	13	  32.756	 -14.369	  -0.159
52	-129.475	13	   0.552	 -44.081	 -13.663
53	-128.552	11	  -2.086	 -22.946	 -31.625
54	-128.379	12	 -14.121	 -34.221	  10.727
55	-128.335	13	 -13.744	   0.588	 -13.495
56	-121.770	11	  -5.365	 -26.213	  19.867
57	-121.581	12	 -23.408	 -22.270	  -1.692
58	-116.527	11	 -17.802	  -5.285	 -10.597
59	-114.544	11	  16.048	 -32.609	 -21.776
60	-110.935	11	  24.420	 -37.407	  19.553
61	-102.392	10	   2.949	 -43.908	   2.593
62	 -98.150	10	  30.237	 -23.918	   2.710
63	 -86.334	9	   4.277	 -14.027	  10.465
64	 -86.211	9	  19.780	 -20.666	 -25.946
65	 -81.561	8	  16.646	   3.047	   4.007
66	 -79.512	5	   0.578	 -22.767	   5.159
67	 -77.922	8	  -8.864	 -42.073	  -2.430
68	 -67.721	7	  -7.122	   0.304	 -28.181
69	 -60.857	4	  23.256	 -18.706	  -1.745
70	 -59.761	6	  34.208	 -23.756	  -5.881
71	 -58.761	6	   6.044	 -45.246	  10.844
72	 -57.608	6	   6.350	  -6.765	 -31.826
73	 -56.907	5	  19.947	   1.408	 -13.526
74	 -51.726	5	  37.803	 -16.739	  -9.456
75	 -50.960	5	 -10.244	   2.795	 -20.612
76	 -49.030	5	  11.125	 -22.946	  25.824
77	 -48.252	5	  -9.978	 -21.005	 -30.966
78	 -47.242	5	  29.604	  -5.151	 -16.376
79	 -46.969	5	  25.799	 -13.566	   3.839
80	 -41.045	4	   6.196	 -22.666	 -33.677
81	 -40.327	4	  18.416	 -30.002	  25.530
82	 -40.212	4	  -7.033	  -9.729	  -0.437
83	 -38.639	4	   8.957	  -3.431	   7.824
84	 -38.060	4	  28.935	 -27.955	  10.579
85	 -37.985	4	  18.656	  -5.525	  11.853
86	 -34.820	2	  10.801	 -10.946	 -14.176
87	 -34.160	2	  -6.807	 -14.946	 -15.531
88	 -30.377	3	  26.517	 -25.946	 -22.509
89	 -29.298	3	   6.885	   0.083	  -5.176
90	 -19.921	2	  -8.807	  -2.487	  -5.176
91	 -19.541	2	  -2.337	  -3.416	 -19.706
92	 -18.831	2	 -11.807	 -32.430	  18.824
93	 -18.343	2	  36.193	 -12.443	 -21.176
94	 -18.048	2	  14.193	   7.054	 -11.673
95	 -11.724	1	   9.193	 -35.946	   2.824
96	 -11.033	1	   3.193	 -22.946	 -22.176
97	 -10.414	1	 -14.807	  -2.946	 -26.176
98	  -9.724	1	  28.193	 -33.946	   4.824
