1	-639.399	58	  32.559	  20.952	  19.110
2	-564.040	54	  53.648	  18.615	  23.352
3	-503.555	43	  36.807	  10.021	  38.885
4	-468.654	45	  46.398	   2.642	  38.819
5	-457.757	45	  52.070	  27.402	  28.142
6	-400.012	35	  56.765	  -2.096	  25.879
7	-378.128	35	  44.669	  12.636	   8.202
8	-365.404	31	  57.091	   8.780	  33.892
9	-326.752	31	  58.149	  10.914	  12.699
10	-306.487	27	  41.145	  26.841	  34.625
11	-293.849	28	  31.682	  11.395	  32.500
12	-236.039	23	  43.799	  20.628	  11.837
13	-226.336	21	  61.908	   4.145	  18.645
14	-210.564	19	  47.293	  -4.222	  20.166
15	-208.979	20	  30.977	  24.822	  31.496
16	-206.941	21	  54.742	  -3.653	  13.884
17	-184.631	18	  61.911	  13.528	  23.153
18	-175.230	16	  45.045	   0.839	  11.687
19	-168.072	16	  39.117	  27.363	  18.665
20	-165.120	16	  32.637	   7.025	  14.917
21	-154.155	15	  38.457	  -1.678	  32.972
22	-153.487	15	  61.101	  26.351	  31.768
23	-136.897	14	  45.851	  21.089	  41.710
24	-133.408	13	  57.077	  17.761	  37.194
25	-123.304	12	  51.751	  26.459	  37.385
26	-120.756	12	  34.493	   0.338	  17.068
27	-120.244	12	  48.201	  -5.885	  32.465
28	 -89.567	9	  49.760	   5.741	   6.235
29	 -83.474	8	  52.804	  11.672	  39.655
30	 -66.582	7	  37.497	  21.756	  44.072
31	 -55.987	6	  31.231	   4.236	  26.379
32	 -30.326	3	  36.121	  31.661	  26.715
33	 -19.545	2	  57.368	   3.901	   5.235
34	 -19.240	2	  62.903	  26.373	  24.235
35	 -19.099	2	  41.756	   9.901	  44.710
36	 -18.634	2	  50.418	  23.901	  14.661
37	  -9.869	1	  25.903	  13.901	  21.235
38	  -9.258	1	  57.903	  18.901	  16.235
