1	-678.366	62	  55.014	  49.964	  -4.880
2	-646.523	59	  36.525	  59.553	  -5.171
3	-563.484	46	  35.562	  56.050	   1.922
4	-521.572	42	  34.333	  48.199	   9.155
5	-444.282	38	  51.629	  51.973	  14.911
6	-427.085	40	  45.911	  45.718	  19.261
7	-386.968	36	  46.394	  29.605	  -0.441
8	-355.836	30	  56.417	  66.274	   9.163
9	-339.631	32	  44.121	  52.924	 -19.457
10	-290.974	28	  47.481	  62.930	  13.273
11	-277.783	27	  57.643	  39.850	  22.294
12	-273.157	27	  41.961	  33.729	  16.787
13	-254.966	26	  25.606	  48.353	  -3.571
14	-237.764	23	  44.308	  53.353	  18.156
15	-236.192	19	  49.294	  45.773	 -13.447
16	-231.932	22	  60.506	  39.644	   7.843
17	-213.152	18	  36.905	  61.021	  10.644
18	-211.676	20	  50.074	  21.008	   9.556
19	-208.498	20	  25.492	  36.487	   4.156
20	-195.027	18	  59.536	  56.104	  12.916
21	-189.641	19	  23.912	  43.731	 -11.679
22	-181.579	16	  38.818	  33.179	  -6.661
23	-180.410	17	  40.938	  67.650	   4.478
24	-177.128	18	  55.818	  52.390	 -16.669
25	-164.606	15	  44.910	  39.164	 -14.338
26	-157.621	16	  33.970	  56.819	 -18.231
27	-138.927	13	  53.054	  38.501	  -6.618
28	-130.458	12	  34.931	  38.570	 -12.311
29	-128.170	12	  52.476	  72.292	  -2.942
30	-119.511	11	  32.786	  43.271	 -18.281
31	-118.801	11	  34.951	  28.272	   8.541
32	-116.984	11	  36.386	  45.585	  17.454
33	-112.223	11	  40.747	  65.592	 -18.287
34	-111.604	11	  31.846	  38.199	  14.562
35	-103.825	11	  64.308	  51.952	   4.056
36	-103.739	10	  56.172	  65.019	 -16.795
37	-101.466	10	  47.731	  31.911	  25.278
38	 -95.743	9	  24.110	  36.707	  -6.338
39	 -95.725	9	  55.718	  31.649	  24.072
40	 -91.812	9	  27.681	  55.161	 -10.393
41	 -89.195	9	  51.937	  59.005	 -22.373
42	 -79.383	8	  62.432	  56.136	  -8.960
43	 -77.281	8	  25.735	  45.045	   3.308
44	 -73.744	7	  55.350	  32.631	  -2.276
45	 -67.372	7	  26.345	  48.654	 -18.866
46	 -66.290	7	  65.063	  62.695	  -0.218
47	 -63.048	6	  48.660	  67.817	 -19.297
48	 -58.372	6	  58.814	  28.524	  10.690
49	 -58.154	4	  43.281	  62.292	  -1.972
50	 -55.864	6	  59.459	  67.931	  -6.224
51	 -51.185	5	  29.329	  29.855	  -1.951
52	 -38.844	4	  37.505	  49.320	 -21.051
53	 -32.224	3	  44.149	  72.292	  -0.190
54	 -28.589	3	  59.204	  28.715	  18.870
55	 -27.196	3	  41.494	  70.978	  -7.518
56	 -27.158	3	  42.797	  22.628	  11.819
57	 -27.070	3	  61.134	  47.288	  19.153
58	 -13.740	1	  43.466	  62.292	 -10.847
59	 -13.057	1	  52.466	  37.292	  11.153
60	 -10.776	1	  46.466	  49.292	   8.153
