1	-1587.633	145	 -10.934	  15.583	  30.100
2	-908.220	85	  -6.598	  17.394	  23.426
3	-337.216	31	 -25.742	  22.710	  32.368
4	-325.151	30	 -15.159	  12.353	   4.250
5	-277.909	27	 -13.381	  35.133	  43.195
6	-276.391	25	 -17.237	  22.313	  41.054
7	-271.630	25	   0.776	  12.427	  28.460
8	-264.700	23	  -9.767	  23.538	  14.791
9	-249.201	24	   4.013	  23.497	  32.900
10	-242.934	22	 -30.076	  21.007	  18.807
11	-235.914	23	 -23.905	  11.401	  26.190
12	-234.630	23	 -22.830	  27.947	  11.514
13	-217.396	20	 -25.358	  15.077	   8.694
14	-217.330	21	 -18.396	   3.637	  11.297
15	-205.545	20	  -6.690	  35.276	  25.487
16	-201.403	17	  -7.398	   4.402	  13.408
17	-185.668	17	  -2.773	  36.393	  36.566
18	-184.359	16	 -19.221	  34.432	  35.465
19	-182.023	18	 -12.657	   5.577	  26.673
20	-179.402	16	   2.483	  11.429	  39.738
21	-177.665	18	  -1.239	  25.686	  49.577
22	-163.937	16	   6.905	  17.776	  44.789
23	-154.259	15	  -3.923	   4.415	  23.448
24	-138.027	14	  -1.060	  13.074	  52.063
25	-132.993	11	 -16.785	  32.972	  17.591
26	-132.763	13	 -23.242	  34.357	  21.538
27	-121.348	12	 -11.316	  17.784	  42.549
28	-101.985	9	  -0.227	  32.664	  45.376
29	 -70.803	7	 -25.780	   6.215	   9.017
30	 -60.818	6	 -10.560	   4.383	   5.056
31	 -58.071	6	  -2.364	   5.374	  33.486
32	 -48.928	5	 -14.421	  21.539	   7.476
33	 -45.963	5	 -11.445	   8.997	  38.490
34	 -41.473	4	   6.638	  26.155	  46.385
35	 -41.446	4	  -8.564	  10.912	  46.641
36	 -40.172	4	   5.338	  32.382	  34.312
37	 -37.148	4	 -20.620	  15.907	  36.399
38	 -30.697	3	  -7.405	  15.295	   7.958
39	 -30.138	3	 -26.472	   6.717	  19.562
40	  -9.465	1	  -5.839	  40.383	  42.896
41	  -9.437	1	 -27.839	  31.383	  32.896
