1	-826.290	72	  -0.185	 -10.830	  14.063
2	-611.991	58	  13.830	   6.917	  -3.708
3	-558.803	50	  11.437	  10.928	  30.657
4	-537.604	50	  15.522	  16.993	  22.976
5	-496.926	44	  23.808	  20.055	   7.805
6	-495.039	45	  -1.036	  -8.326	  27.021
7	-456.012	42	  15.070	 -20.846	  27.270
8	-448.648	41	  -1.565	   3.482	   7.861
9	-424.472	39	  29.404	  -4.161	  28.462
10	-398.822	37	  13.766	 -14.050	   0.990
11	-393.527	34	  34.805	  10.737	  16.148
12	-389.014	35	   5.628	  21.655	  10.710
13	-380.760	34	  16.304	 -20.909	   7.027
14	-374.328	34	   3.607	 -19.138	  42.294
15	-371.409	34	  25.249	   3.085	  -4.480
16	-341.907	21	  17.881	   5.717	  20.239
17	-329.552	32	  -0.438	   2.827	  31.342
18	-320.733	30	  29.771	   9.358	  22.982
19	-313.426	30	  10.041	  -1.076	   1.099
20	-295.025	19	  16.846	  -4.896	  26.014
21	-294.204	28	  12.588	  -9.951	  49.684
22	-286.137	25	   4.142	   4.767	   1.793
23	-275.665	26	  23.668	  29.454	  18.296
24	-275.078	24	  20.775	   8.463	  30.016
25	-258.755	23	  20.936	 -12.680	  30.559
26	-255.258	22	   4.071	   7.815	  29.063
27	-244.612	23	  -0.090	 -19.008	  18.767
28	-239.865	24	   9.168	 -25.249	  16.112
29	-208.787	21	  -0.788	 -16.492	  28.361
30	-189.590	19	  -4.980	   0.477	  18.962
31	-187.474	19	  36.856	  15.332	   9.624
32	-154.408	16	  -3.254	 -11.280	  39.335
33	-149.550	15	  39.054	  -3.094	   6.101
34	-147.575	13	  16.607	  26.464	   4.795
35	-142.180	14	  11.012	   5.855	  45.896
36	-142.148	14	  31.115	  20.019	  16.186
37	-141.387	13	  23.983	 -20.247	  13.146
38	-140.030	14	  43.823	   5.562	   6.004
39	-133.952	13	   5.587	  -7.181	   2.000
40	-125.171	12	  -3.452	  12.514	   7.205
41	-124.028	10	  14.921	   4.110	  31.653
42	-123.553	12	  28.285	 -14.504	  10.267
43	-122.880	13	  15.292	  10.804	  40.308
44	-117.792	12	  15.972	  16.242	  -4.027
45	-112.439	11	  -6.792	   8.399	  18.404
46	-112.204	11	  18.747	 -18.500	  34.794
47	 -93.139	9	  30.433	  12.617	  39.815
48	 -93.136	9	  25.550	  21.325	  21.598
49	 -89.248	9	  19.874	  -1.709	  47.998
50	 -88.532	9	   3.153	  -5.012	  48.870
51	 -86.628	9	  -0.140	  18.749	   8.432
52	 -86.109	9	  33.587	  -9.635	   0.680
53	 -83.634	8	  20.678	 -24.454	  18.522
54	 -82.739	8	  40.723	   2.634	  15.278
55	 -82.240	8	  25.758	 -10.182	  36.763
56	 -77.917	8	  19.213	 -14.123	  44.686
57	 -72.308	7	  15.382	  31.093	  14.926
58	 -70.164	7	  34.314	   1.915	  -4.140
59	 -69.864	7	  22.681	  13.548	  36.893
60	 -68.462	7	  30.486	   6.513	  34.699
61	 -63.208	6	   7.855	  18.705	   0.451
62	 -53.383	5	   0.249	   3.632	  44.419
63	 -48.117	5	  12.267	 -23.103	  44.168
64	 -42.700	4	  28.343	   0.261	  41.544
65	 -40.306	4	  -3.645	  -5.639	   8.637
66	 -40.107	4	  23.347	 -15.900	   0.126
67	 -39.529	4	  18.794	  -8.135	  -4.566
68	 -35.504	2	  20.649	  13.586	  16.598
69	 -30.284	3	  -0.661	  12.126	  21.908
70	 -29.866	3	   3.649	 -25.895	  32.594
71	 -28.796	3	  32.958	  12.105	  -0.086
72	 -22.473	2	  27.947	  -6.597	  -6.402
73	 -22.265	1	   6.649	 -15.895	  15.598
74	 -19.699	2	   8.147	 -20.391	   5.097
75	 -19.050	1	  14.649	   3.105	  10.598
76	 -10.434	1	  20.649	  -4.895	  13.598
77	  -9.801	1	   6.649	  11.105	   8.598
78	  -9.558	1	  21.649	   8.105	  46.598
79	  -9.244	1	  32.649	  -8.895	  13.598
80	  -9.208	1	  23.649	  16.105	  44.598
81	  -8.926	1	  19.649	  10.105	  -8.402
