1	-407.032	36	  22.994	  22.962	  27.953
2	-360.787	32	   5.496	  24.418	  29.716
3	-359.912	32	  36.788	  30.957	  38.306
4	-212.309	19	   7.910	  17.188	  41.604
5	-204.129	19	  31.435	  23.225	  45.228
6	-197.374	18	   6.077	  31.438	  38.624
7	-179.248	17	  15.769	  16.708	  32.620
8	-171.097	15	  23.894	  18.437	  35.354
9	-155.623	15	  28.655	  31.272	  27.887
10	-111.439	11	   3.034	  34.663	  26.515
11	-111.395	9	  22.165	  41.033	  41.883
12	-107.161	10	  14.146	  37.760	  28.110
13	-106.675	7	  29.909	  33.618	  48.583
14	-101.682	10	  25.995	  27.499	  52.431
15	 -91.619	8	  20.911	  37.919	  31.307
16	 -91.064	9	  12.541	  27.506	  18.657
17	 -90.955	9	  35.093	  29.043	  55.424
18	 -86.024	9	  22.005	  16.285	  43.752
19	 -81.624	6	  26.151	  40.998	  48.588
20	 -81.254	8	  17.715	  32.368	  23.082
21	 -74.867	6	  30.357	  23.102	  34.385
22	 -67.664	7	  16.304	  32.720	  46.426
23	 -58.894	6	  23.682	  35.541	  52.759
24	 -58.338	6	  43.867	  31.196	  47.730
25	 -52.291	5	  29.418	  45.268	  40.229
26	 -31.579	3	   9.943	  26.059	  45.988
27	 -30.085	3	  15.262	  16.383	  48.292
28	 -21.060	2	   5.230	  38.153	  34.988
29	 -18.014	2	  33.224	  45.706	  46.504
30	 -10.308	1	  40.230	  39.719	  44.988
31	  -9.161	1	  39.230	  35.719	  53.988
32	  -9.076	1	  11.230	  17.719	  25.988
