1	-961.729	83	  15.206	  17.590	   6.384
2	-858.749	72	  25.049	  31.658	   8.763
3	-820.440	60	  26.125	  29.769	  -4.714
4	-742.183	53	  24.672	  13.751	  -6.029
5	-534.103	43	  33.699	  19.845	  13.806
6	-532.388	45	  14.972	  41.482	  -9.659
7	-508.245	47	   9.189	  14.898	  -3.216
8	-394.341	35	  25.938	   1.386	 -13.923
9	-373.512	36	  25.916	   9.544	  13.779
10	-357.371	34	   9.184	  -0.210	   7.142
11	-346.347	30	   9.221	  23.395	  11.880
12	-346.209	32	  14.425	  43.225	  11.138
13	-332.512	31	   7.885	   9.545	   5.174
14	-329.606	31	  20.888	  33.013	 -13.712
15	-325.389	30	  28.346	  12.039	 -12.760
16	-320.973	30	  20.557	  17.788	  13.060
17	-299.961	27	  14.399	   4.107	  11.346
18	-284.513	27	   5.107	  36.004	  10.497
19	-251.857	24	  13.512	  35.516	 -12.971
20	-244.463	23	  17.454	  28.098	  12.778
21	-222.865	21	  17.799	  15.250	 -11.732
22	-211.271	20	  19.547	  51.798	  -8.539
23	-202.708	20	  13.176	  -1.864	 -14.454
24	-202.488	20	  20.502	  51.215	  13.134
25	-188.983	15	  22.473	  -5.344	  -0.844
26	-168.918	16	   1.872	  29.422	   7.310
27	-165.217	16	  39.553	  18.133	  -2.476
28	-159.003	16	  33.187	   4.103	   3.628
29	-155.857	16	  33.127	  41.075	   2.540
30	-147.873	13	  31.163	  29.142	  13.850
31	-141.767	13	   2.671	  36.491	  -6.514
32	-139.197	11	  26.624	  55.715	  10.378
33	-137.144	13	  32.954	   5.969	  -8.535
34	-134.480	12	  11.574	  23.985	 -14.631
35	-129.740	12	  11.870	   8.153	 -11.321
36	-128.217	12	   7.988	  42.113	  -3.812
37	-118.309	11	   2.338	  24.945	 -10.264
38	-117.115	11	  24.269	  44.692	  14.661
39	-111.179	10	  30.667	  35.820	  -7.728
40	-109.133	10	  32.172	  50.350	  10.126
41	-103.590	9	  18.087	  56.878	   0.770
42	 -98.553	10	  28.277	  -4.734	   3.001
43	 -95.772	10	  26.717	  44.782	 -15.834
44	 -88.343	9	  22.529	  -8.769	 -11.340
45	 -87.777	9	  11.394	  50.313	   6.645
46	 -86.950	9	   0.948	  18.240	  -2.473
47	 -81.638	8	  34.102	  11.583	  15.664
48	 -74.398	7	  21.664	  21.908	 -10.726
49	 -69.695	7	  27.770	  60.198	  -1.021
50	 -62.440	6	  21.075	  37.570	  13.318
51	 -62.212	6	  38.837	  31.655	  -3.669
52	 -60.773	6	  34.643	  48.766	  -9.329
53	 -60.127	6	  13.848	 -10.057	   2.320
54	 -59.001	6	  16.327	  -4.367	  12.133
55	 -57.293	6	  44.534	  23.463	   1.851
56	 -54.816	5	  35.685	  33.912	   4.144
57	 -49.932	5	  36.673	  13.330	  -7.681
58	 -48.871	5	  11.529	  -8.064	  -8.339
59	 -48.574	5	  38.665	  56.724	  -2.328
60	 -48.106	5	  35.675	  44.149	  -3.949
61	 -39.892	4	  29.865	  53.317	 -14.093
62	 -38.970	4	  33.807	  57.863	   4.888
63	 -38.130	4	  -1.892	  27.838	  -2.879
64	 -28.124	3	  41.202	  13.018	   6.291
65	 -26.797	3	  43.193	  30.998	   4.323
66	 -21.026	2	  25.331	  58.328	  -7.822
67	 -19.017	2	  34.376	  22.328	 -10.823
68	  -9.649	1	   2.860	   2.328	  -3.339
