1	-1039.495	86	  -0.943	   7.835	 -30.358
2	-795.968	64	  11.433	  -2.359	 -22.948
3	-790.764	73	 -11.208	  12.981	 -29.886
4	-659.052	60	   9.976	   8.470	 -39.102
5	-517.138	46	  14.252	  13.470	 -36.418
6	-503.373	45	  -3.196	  20.189	 -54.469
7	-475.933	43	  19.959	   0.749	 -17.357
8	-429.337	41	  19.257	  18.989	 -22.134
9	-429.131	37	 -13.269	   6.541	 -15.137
10	-410.219	39	   2.361	  28.387	 -33.571
11	-404.926	37	   5.921	  31.664	 -24.890
12	-399.805	38	   4.893	  13.665	 -50.399
13	-395.341	35	  -0.475	  -2.475	 -28.026
14	-343.656	31	  11.069	  -3.623	  -5.724
15	-329.192	29	 -13.515	  23.458	 -25.730
16	-305.902	30	  -4.246	  27.489	 -19.066
17	-289.440	27	  21.284	   4.719	  -5.156
18	-278.187	26	  -8.617	   8.705	 -56.213
19	-261.287	24	 -22.533	  11.813	 -42.816
20	-258.030	24	 -11.474	   3.711	 -31.598
21	-250.180	24	  22.325	   8.398	 -23.578
22	-220.192	22	  -1.035	  29.893	 -43.625
23	-211.837	21	  -7.179	  31.261	 -39.486
24	-202.818	19	  -3.001	   1.633	   0.476
25	-200.968	19	   9.440	  20.695	 -43.391
26	-198.907	19	  -4.175	  -2.565	 -36.699
27	-179.556	18	   3.527	   3.662	 -52.641
28	-173.156	16	   0.312	  18.268	  -5.152
29	-165.477	16	  22.109	   9.223	 -33.823
30	-160.452	16	 -15.586	   8.407	 -42.068
31	-157.564	14	  -5.685	  -5.512	 -20.490
32	-153.939	14	 -12.399	   4.720	 -22.934
33	-144.851	15	  15.327	  16.056	  -3.475
34	-141.622	13	 -10.809	  -0.330	  -8.156
35	-141.204	14	 -18.956	  23.717	 -39.918
36	-140.937	14	   8.275	  26.774	 -12.573
37	-131.182	13	   3.392	  10.270	   1.416
38	-130.659	13	  -1.115	  -8.331	 -10.627
39	-119.266	11	  12.386	  21.311	 -32.767
40	-119.213	12	  26.667	  10.591	 -11.078
41	-113.591	11	 -19.336	  19.385	 -50.882
42	-106.796	11	   1.981	  -9.035	 -21.644
43	 -97.927	9	 -10.794	  -3.898	 -27.756
44	 -96.941	10	   9.637	   4.675	   3.382
45	 -89.416	9	  -0.379	   0.823	 -43.218
46	 -77.722	8	  -9.785	  22.850	 -11.755
47	 -77.033	7	 -19.903	  17.972	 -26.916
48	 -73.978	7	  23.958	  17.636	 -16.032
49	 -71.890	7	  20.535	   2.477	 -39.094
50	 -71.392	7	 -12.799	  12.654	  -8.442
51	 -69.595	7	 -13.698	  15.699	 -57.048
52	 -68.771	7	 -13.835	  -5.325	 -15.902
53	 -61.617	6	  19.697	  21.544	 -11.241
54	 -60.927	6	 -18.274	  25.934	 -31.643
55	 -59.676	6	  -0.719	  -2.217	 -55.156
56	 -56.393	6	   6.472	  28.747	 -42.373
57	 -53.654	4	  14.179	   7.602	 -30.037
58	 -52.425	3	  -7.975	  15.120	 -20.725
59	 -50.147	5	  18.442	   9.685	   3.487
60	 -46.855	5	  -8.381	  28.525	 -47.704
61	 -38.778	4	 -14.260	   6.361	 -51.808
62	 -37.463	4	 -11.992	  23.120	 -55.327
63	 -36.752	4	 -12.248	  -1.843	 -42.066
64	 -29.745	3	 -10.436	  -2.629	 -49.939
65	 -29.712	3	  15.903	  28.438	 -28.054
66	 -27.801	3	 -11.739	  31.112	 -29.962
67	 -22.122	2	   7.261	   3.120	 -26.794
68	 -19.954	2	 -18.739	  11.648	 -18.327
69	 -19.829	2	  12.110	  -9.342	 -12.252
70	 -14.516	1	  -4.739	   7.120	 -42.327
71	 -12.896	1	  -0.739	  19.120	 -26.327
72	  -9.044	1	  22.261	  -2.880	 -30.327
73	  -8.906	1	 -24.739	  18.120	 -36.327
74	  -8.901	1	   0.261	   3.120	 -61.327
