1	-1127.356	93	  28.101	  58.580	  50.171
2	-545.482	49	  23.027	  48.117	  60.660
3	-511.588	47	  12.195	  48.156	  42.460
4	-484.697	44	  23.099	  59.108	  60.376
5	-478.902	31	  26.154	  52.232	  47.582
6	-443.309	41	  15.821	  52.983	  37.803
7	-432.559	37	   6.458	  65.444	  60.313
8	-331.558	32	  20.460	  42.735	  43.889
9	-331.474	31	   5.922	  44.538	  55.173
10	-289.603	28	  14.825	  71.802	  56.536
11	-276.770	27	  11.350	  58.334	  67.809
12	-275.108	24	   5.911	  69.115	  44.927
13	-218.320	20	   4.017	  54.623	  48.324
14	-194.702	18	  17.759	  63.207	  65.361
15	-191.772	18	  24.101	  71.071	  39.043
16	-186.382	18	  19.565	  74.742	  46.143
17	-181.473	17	  13.454	  69.167	  35.642
18	-150.243	15	  14.590	  46.483	  68.044
19	-143.296	13	   5.761	  58.943	  40.204
20	-139.571	14	  30.318	  69.811	  54.373
21	-133.770	13	   7.192	  49.635	  65.687
22	-131.849	12	  29.742	  64.572	  38.837
23	 -92.808	9	  20.272	  62.861	  33.225
24	 -86.634	8	  25.293	  75.672	  58.322
25	 -77.144	8	  34.939	  68.238	  46.348
26	 -74.590	8	  30.319	  53.798	  39.250
27	 -67.198	7	  15.807	  39.760	  61.553
28	 -65.871	7	  12.741	  41.571	  51.586
29	 -57.120	6	  32.839	  50.260	  56.446
30	 -55.326	5	  24.994	  40.693	  52.350
31	 -29.648	3	  26.500	  46.427	  38.115
32	 -28.867	3	  21.820	  69.435	  62.445
33	 -27.990	3	  -0.820	  66.440	  49.461
34	 -27.852	3	  13.180	  74.079	  49.770
35	 -20.274	2	  28.640	  76.427	  44.445
