1	-897.228	83	 -45.981	  70.918	  -7.997
2	-538.917	48	 -51.159	  69.023	 -13.032
3	-450.010	44	 -40.362	  75.867	 -16.559
4	-346.806	32	 -43.962	  85.839	 -10.148
5	-328.013	31	 -48.806	  59.992	 -16.376
6	-297.326	27	 -44.858	  81.012	   3.868
7	-238.262	22	 -53.747	  80.216	  -8.544
8	-208.672	19	 -53.055	  60.088	  -6.127
9	-199.158	19	 -57.440	  79.448	  -1.292
10	-161.022	16	 -57.316	  64.925	  -3.816
11	-135.767	13	 -39.457	  50.500	  -4.558
12	-134.004	14	 -25.409	  73.381	  -5.166
13	-132.592	13	 -32.678	  61.505	   3.899
14	-115.548	11	 -49.453	  66.146	 -21.506
15	-115.019	11	 -32.787	  55.172	  -9.932
16	-112.519	11	 -55.243	  71.594	   5.965
17	 -85.509	7	 -35.021	  80.088	  -1.114
18	 -79.991	8	 -54.688	  75.404	 -14.592
19	 -76.781	7	 -30.631	  78.719	 -12.571
20	 -68.676	7	 -40.375	  54.777	   3.948
21	 -55.543	5	 -34.187	  85.392	 -10.979
22	 -52.451	5	 -26.430	  70.841	 -16.911
23	 -48.341	5	 -33.556	  60.595	 -15.586
24	 -42.868	4	 -48.985	  59.362	   3.288
25	 -39.102	4	 -44.154	  64.813	   6.745
26	 -37.746	4	 -25.511	  62.836	 -10.923
27	 -37.267	4	 -33.022	  68.829	   6.556
28	 -31.376	3	 -27.161	  65.751	   0.021
29	 -20.327	2	 -48.765	  81.582	 -16.643
30	 -20.192	2	 -47.214	  52.133	  -6.738
