1	-789.584	57	  -2.799	   6.723	  20.639
2	-441.907	40	  -2.096	   7.894	  30.799
3	-441.649	36	   5.256	  22.622	  24.945
4	-421.393	39	  -0.408	  -2.580	  11.333
5	-325.621	27	   5.304	  -5.120	   3.568
6	-322.791	30	   3.139	  -1.584	  19.565
7	-296.667	28	  21.420	  15.744	  14.512
8	-270.196	24	  17.041	  -5.888	  19.019
9	-261.529	25	  12.568	  -9.203	  12.267
10	-254.146	22	  11.769	  25.470	  16.755
11	-226.858	21	  -9.020	   9.417	   6.968
12	-221.041	21	  17.576	  21.182	  25.102
13	-208.795	19	   5.541	  22.412	   9.150
14	-203.155	18	 -10.123	   3.342	  17.629
15	-195.517	19	  10.341	   1.846	  33.653
16	-194.597	18	 -10.603	  19.593	  28.104
17	-169.253	16	 -14.824	  14.729	  15.904
18	-159.595	16	  27.669	   6.477	  15.083
19	-148.737	14	  11.386	  13.783	  -2.031
20	-141.964	14	  -5.713	  24.938	  18.730
21	-138.289	14	  17.763	  16.391	   5.557
22	-130.013	7	   9.701	   7.947	   3.245
23	-128.917	12	   4.781	  16.629	   2.487
24	-119.821	11	   7.692	  -2.223	  25.728
25	-119.539	12	  22.354	   0.013	   2.926
26	-116.637	12	  16.941	  -1.384	  27.175
27	-114.510	11	  15.464	  14.434	  30.389
28	-113.835	11	  15.003	  -2.382	  -1.428
29	-101.382	10	  -5.653	  -0.075	   4.456
30	 -97.519	7	   8.437	   3.853	  -2.784
31	 -96.514	10	  23.780	   7.738	  28.343
32	 -79.384	8	  20.315	  -6.010	   6.977
33	 -73.864	7	  -5.776	  17.909	   6.006
34	 -60.149	4	  -7.571	  15.409	  18.232
35	 -50.461	5	   1.303	  16.686	  35.462
36	 -39.250	4	  26.851	  12.722	  20.012
37	 -39.167	4	  -5.859	  21.340	  34.792
38	 -38.158	4	 -13.888	  11.041	  23.813
39	 -28.964	3	  26.567	  -2.614	  15.085
40	 -27.076	3	  29.535	   1.007	  21.836
41	 -25.378	2	   6.280	  11.019	  26.839
42	 -20.543	2	   4.361	  30.019	  16.839
43	 -19.190	2	   1.314	   1.583	  28.360
44	 -18.451	2	 -13.130	  23.011	  20.351
