1	-689.920	56	  -4.773	   1.929	  14.469
2	-632.795	55	   6.108	  -5.136	  24.749
3	-604.268	53	   3.782	 -11.964	  13.167
4	-599.974	52	   5.173	  -4.683	   5.834
5	-550.752	49	 -25.312	  -0.990	  31.991
6	-392.971	35	 -11.836	   6.405	  31.016
7	-377.067	32	 -25.898	   7.309	   5.867
8	-322.357	30	 -19.385	   8.713	  32.505
9	-309.920	25	 -11.186	  -9.991	  -3.255
10	-292.674	27	 -16.749	  -9.530	  37.309
11	-292.155	27	   0.060	  11.166	  25.932
12	-286.923	28	 -24.000	 -12.698	  15.688
13	-276.356	26	 -11.592	  15.287	   9.512
14	-252.547	23	 -12.849	 -18.988	  16.833
15	-225.957	21	  -2.181	  -9.699	  30.946
16	-223.796	22	 -19.411	  -0.087	  -2.977
17	-202.616	19	   1.005	  -8.135	  -6.831
18	-201.310	16	  11.910	  -2.086	  13.945
19	-201.002	20	 -27.127	  -5.083	  14.621
20	-174.919	17	  -4.563	   2.796	  35.553
21	-147.887	14	  -6.225	  21.025	  21.194
22	-146.716	14	 -25.452	  13.843	  13.699
23	-137.982	14	 -16.486	 -14.701	  26.079
24	-129.514	11	  -7.306	  -5.813	  37.161
25	-119.501	12	  -4.098	 -17.081	   1.781
26	-115.054	10	 -24.923	  -1.993	   5.762
27	-111.010	10	  14.080	   1.762	  23.615
28	-110.120	11	  -8.223	   3.981	  -6.205
29	-109.931	11	  -5.890	 -19.879	  19.641
30	-101.775	10	   0.880	   1.746	  -3.162
31	 -95.326	10	   8.551	   4.117	  28.436
32	 -90.647	9	  -6.855	   6.960	   8.290
33	 -88.776	9	 -27.976	   4.254	  17.767
34	 -87.514	7	  -2.737	 -12.618	  22.756
35	 -74.395	8	  -8.397	 -21.311	   7.794
36	 -73.951	7	  -8.001	 -16.229	  33.174
37	 -72.297	7	 -15.293	  20.275	  16.984
38	 -68.929	7	 -12.488	  10.308	  -0.137
39	 -68.507	7	   4.264	   4.308	  11.217
40	 -63.991	6	 -20.740	 -14.009	   1.722
41	 -62.485	6	 -26.573	   6.769	  27.207
42	 -48.689	5	 -16.934	   0.494	  41.229
43	 -47.445	5	  10.833	  -9.271	   8.043
44	 -42.227	3	 -18.736	  10.894	  10.884
45	 -41.434	4	   6.551	   7.773	  20.557
46	 -38.839	4	   8.980	  -7.403	   0.043
47	 -31.578	3	  13.964	  -8.506	  19.142
48	 -20.484	2	 -16.300	  16.872	  25.785
49	 -19.301	2	  -8.252	  16.308	  30.043
50	 -19.038	2	 -13.224	 -17.692	  -0.957
51	 -10.561	1	   3.264	  -0.692	  37.043
52	  -9.071	1	 -18.736	 -21.692	   8.043
