1	-830.921	74	  38.711	  59.992	  39.945
2	-792.711	70	  33.958	  43.222	  39.054
3	-641.713	60	  38.305	  40.768	   2.100
4	-562.208	52	  10.035	  33.593	  42.908
5	-489.380	42	  17.100	  13.249	  19.898
6	-449.270	41	  26.036	  43.826	  42.668
7	-428.424	37	  36.627	  63.273	  33.285
8	-419.646	39	   9.765	  22.570	  20.552
9	-396.707	34	  10.514	  42.589	  39.039
10	-386.987	36	  34.908	  44.909	  48.942
11	-383.501	36	  21.594	  18.395	  44.617
12	-382.457	34	  20.971	  48.199	  13.850
13	-376.127	37	  16.807	  26.027	  13.186
14	-363.905	30	  21.914	  34.828	  14.867
15	-356.551	31	  24.307	   4.617	  31.312
16	-340.387	30	  34.271	  35.693	  22.273
17	-326.626	30	   3.871	  11.747	  56.443
18	-325.504	30	  12.564	  -3.471	  34.224
19	-308.945	26	   9.373	  31.526	  17.037
20	-308.793	29	  16.912	  59.298	  36.261
21	-307.506	31	  45.868	  49.943	  40.951
22	-306.299	31	  19.887	  47.259	  57.577
23	-284.893	28	  -1.314	  23.005	  34.866
24	-273.117	27	  32.872	  44.060	  16.057
25	-270.124	22	   2.356	  28.776	  42.474
26	-245.205	23	  23.778	  64.596	  31.506
27	-216.373	20	   4.858	   3.121	  29.746
28	-215.673	20	  20.357	  29.179	  39.460
29	-205.131	19	  14.273	  54.375	  24.563
30	-199.989	19	  34.429	  53.065	  22.374
31	-198.469	17	  10.276	  48.791	  30.847
32	-195.470	18	  39.498	  51.131	  31.323
33	-191.963	19	  28.188	  53.972	  55.154
34	-191.204	18	   4.761	  29.933	  24.841
35	-190.910	16	  54.397	  34.694	   0.095
36	-186.094	17	  16.227	  55.594	  48.781
37	-184.527	18	  28.887	  43.431	   9.308
38	-181.223	17	   0.007	  13.715	  34.083
39	-181.179	17	  16.566	  18.514	  55.737
40	-179.067	15	  31.591	  22.842	  27.912
41	-172.014	16	   5.426	  37.475	  36.356
42	-166.417	15	  29.111	  15.736	  34.215
43	-164.005	16	   4.689	  40.166	  27.160
44	-161.417	14	  25.851	  23.824	  36.597
45	-156.745	15	  -2.010	  19.822	  50.042
46	-156.532	15	  40.195	  39.589	  32.673
47	-155.514	15	  26.929	  32.013	  40.321
48	-152.933	15	  33.658	  57.492	  46.802
49	-152.244	15	  32.783	  38.674	  46.448
50	-144.360	14	  20.696	  60.604	  43.254
51	-142.989	14	  27.953	  60.690	  21.120
52	-134.890	14	   4.639	  21.907	  56.824
53	-133.207	13	  20.694	  60.120	  20.641
54	-126.581	13	  20.372	   3.962	  47.818
55	-125.725	12	  36.626	  31.511	  29.254
56	-109.517	11	  49.784	  41.999	  39.310
57	-108.355	10	  13.410	  48.818	  45.425
58	-105.577	11	  25.844	  20.348	  13.818
59	-102.164	10	  11.237	   4.712	  23.263
60	-102.128	9	  10.960	  43.869	  13.166
61	 -98.356	10	  29.032	  14.098	  25.065
62	 -93.544	9	  36.459	  31.234	  40.186
63	 -93.218	9	  50.940	  41.842	   5.257
64	 -92.939	8	  24.987	  42.503	  51.177
65	 -91.438	6	  20.440	  44.159	  34.267
66	 -89.541	7	  12.362	  19.489	  37.578
67	 -88.282	9	   1.878	   1.703	  47.402
68	 -84.952	7	   3.921	  -0.435	  40.308
69	 -84.505	8	  12.812	  25.994	  52.764
70	 -81.776	8	   7.735	   4.829	  54.131
71	 -81.094	8	  46.059	  35.301	  44.006
72	 -79.622	8	  37.431	  49.173	   7.407
73	 -77.919	8	  43.455	  58.769	  31.491
74	 -77.368	8	  30.824	  28.361	  13.614
75	 -73.413	8	  48.086	  58.796	  39.123
76	 -71.534	7	  23.689	   5.730	  22.437
77	 -68.771	7	  54.750	  45.513	  44.326
78	 -67.542	7	  46.664	  27.188	   3.198
79	 -67.247	7	  58.726	  38.770	  -7.385
80	 -62.897	6	  52.176	  42.883	  -4.069
81	 -53.304	5	  46.730	  37.725	  11.345
82	 -51.879	5	  37.512	  44.911	  26.584
83	 -51.873	5	  28.919	  51.721	   8.797
84	 -50.961	5	  27.574	  68.501	  39.937
85	 -47.708	5	  25.780	  55.528	  14.957
86	 -43.383	4	  25.899	   5.135	  41.736
87	 -40.281	4	  -2.120	   9.967	  48.851
88	 -39.989	4	  29.338	  13.143	  41.728
89	 -39.952	4	  -3.111	  13.687	  41.842
90	 -39.899	4	   4.833	  42.406	  20.200
91	 -38.579	4	  55.289	  51.648	  38.893
92	 -38.029	4	  17.346	  10.725	  59.757
93	 -31.628	3	  20.898	  -1.406	  40.873
94	 -29.671	3	  15.036	  38.270	   9.109
95	 -29.570	3	  40.029	  33.101	   5.295
96	 -28.131	3	  43.668	  30.583	  -6.590
97	 -20.888	2	   5.338	  13.411	  21.750
98	 -20.374	2	  36.338	  37.911	  -9.726
99	 -10.822	1	  27.338	  62.911	  46.750
100	 -10.363	1	  -2.662	  30.911	  29.750
101	  -9.871	1	  33.338	  21.911	  18.750
102	  -9.759	1	  43.338	  44.911	  11.750
103	  -9.593	1	  32.338	  40.911	  55.750
104	  -9.216	1	   4.338	  36.911	  12.750
105	  -9.206	1	  48.338	  40.911	  49.750
106	  -9.111	1	  14.338	  -2.089	  24.750
107	  -9.067	1	  30.338	  43.911	  62.750
