1	-1156.462	104	  21.499	   7.059	  19.046
2	-765.422	68	  24.741	  12.584	  23.946
3	-649.573	58	   8.052	  20.240	   6.665
4	-422.160	40	  22.155	   0.533	  16.305
5	-358.896	34	  -2.150	  12.061	  10.779
6	-352.894	31	  28.109	   0.867	   5.385
7	-340.414	31	   5.664	   7.153	   8.514
8	-317.159	29	  36.589	  15.434	  29.271
9	-301.494	29	  12.370	   0.332	  15.704
10	-291.554	26	  42.535	  20.600	  18.677
11	-285.192	28	  13.286	   7.225	  26.869
12	-273.363	25	  -4.164	   6.591	  26.435
13	-242.374	21	  31.401	  27.806	  19.039
14	-231.041	22	  41.265	  24.158	   7.616
15	-220.358	20	  48.001	  14.272	   8.600
16	-207.878	19	  43.097	   3.812	  25.582
17	-194.950	18	  30.032	  -7.759	  14.227
18	-191.446	19	  42.332	  -4.918	  19.332
19	-188.503	19	  -7.695	  11.901	  19.630
20	-185.693	17	  16.715	  31.611	  25.041
21	-184.911	18	  35.887	  33.439	   8.584
22	-181.717	16	  34.025	  -1.151	  24.929
23	-173.741	16	  21.104	  22.594	  29.310
24	-173.166	16	  16.167	   5.687	   1.984
25	-169.986	15	  32.274	  13.788	   1.066
26	-169.634	16	  23.104	  33.912	  22.659
27	-165.869	15	  15.812	  19.339	  -1.190
28	-154.006	15	  12.965	  30.995	   0.279
29	-153.310	14	   6.651	  21.885	  30.965
30	-151.894	14	  51.803	   7.605	  10.937
31	-145.453	14	  -0.477	  -3.000	  19.829
32	-137.076	13	  36.955	  -5.741	   7.711
33	-128.497	12	   9.373	  33.110	   9.748
34	-127.330	12	  11.033	  29.041	  29.090
35	-126.112	11	   4.920	   8.329	  30.368
36	-124.557	11	  25.859	  35.058	  10.929
37	-120.045	11	  43.371	   4.204	   5.132
38	-116.933	12	  -1.898	  18.479	  30.516
39	-105.397	10	  -2.122	  21.947	  17.149
40	-101.915	10	  31.007	  25.517	  27.424
41	 -98.456	7	   2.644	  27.135	  20.288
42	 -97.870	9	  47.364	   0.855	  14.827
43	 -92.554	9	   1.261	  -2.425	  10.998
44	 -87.376	9	  32.455	  22.379	  -1.652
45	 -66.278	7	  -7.685	   4.572	  14.649
46	 -63.632	6	  25.909	   8.625	   1.640
47	 -58.150	6	  31.065	   8.895	  29.526
48	 -57.315	6	   0.227	  28.233	  27.864
49	 -49.754	3	  37.175	  15.575	  17.865
50	 -40.706	3	  41.314	  13.381	   3.285
51	 -40.199	4	  40.036	  27.377	  14.571
52	 -39.527	4	  10.020	  15.138	  33.634
53	 -38.417	4	  12.012	  -3.660	  22.354
54	 -37.707	4	   9.285	  10.110	   1.612
55	 -33.444	3	  45.032	  10.033	  30.136
56	 -29.670	3	  50.667	  13.347	  25.572
57	 -20.453	2	  33.032	  29.909	  -0.607
58	 -19.709	2	  25.043	  19.867	  -2.135
59	 -18.641	2	  21.536	  29.885	  -1.631
60	 -11.843	1	  17.032	  19.381	   9.865
61	  -9.031	1	  26.032	  -1.619	  26.865
