1	-1591.308	132	   8.273	  18.536	   8.508
2	-1073.950	93	   6.042	  32.308	  -3.639
3	-592.008	56	   9.036	  13.710	  16.594
4	-394.018	36	  20.286	  24.568	  27.423
5	-389.338	36	  -4.242	  21.964	   1.627
6	-379.432	35	  32.571	  30.988	  18.086
7	-369.565	36	  30.054	   9.481	  -0.121
8	-362.766	33	  15.474	  39.815	   2.472
9	-343.359	30	  16.640	  13.316	  -6.100
10	-341.970	31	  23.329	  12.991	  -3.722
11	-325.422	29	  30.645	  23.469	   5.634
12	-287.674	25	   6.287	  42.372	   6.790
13	-284.477	28	  37.572	   4.098	  10.787
14	-224.234	22	  -5.937	  26.263	  21.632
15	-218.126	18	  36.806	  11.503	  17.367
16	-214.707	19	  23.659	  26.463	  -0.135
17	-184.602	17	   6.486	  18.678	  24.331
18	-183.939	18	  20.316	  36.645	  25.534
19	-181.046	16	  18.160	  28.450	  -4.997
20	-177.663	17	 -14.083	  26.523	   1.296
21	-174.253	17	  -9.435	  29.093	  -7.845
22	-172.458	17	 -14.090	  31.552	  13.052
23	-170.444	17	  -4.139	  43.501	   0.255
24	-167.827	16	   9.180	  16.870	  -2.331
25	-167.442	15	   2.604	  35.230	  25.719
26	-167.309	16	  -0.624	  22.601	  -7.943
27	-157.801	15	   7.275	  45.142	  14.491
28	-139.746	14	  30.370	  27.279	  27.417
29	-131.726	13	  15.986	   2.814	  19.916
30	-125.211	12	  10.949	  30.595	  30.025
31	-124.274	12	  13.489	  12.081	  24.195
32	-118.905	11	  23.046	   0.425	  -0.818
33	-112.563	11	  29.073	  15.115	  23.972
34	-110.494	11	   6.246	   8.522	   6.486
35	-100.777	10	   8.692	  42.719	  22.697
36	 -98.125	10	  23.097	   8.023	  23.728
37	 -97.516	10	 -12.347	  34.920	  -1.537
38	 -89.536	9	  -5.524	  35.742	  24.313
39	 -87.916	9	  32.469	  31.066	   9.603
40	 -85.997	8	  31.622	  -0.248	   5.482
41	 -85.816	7	  37.225	  16.883	   9.194
42	 -85.548	8	  -6.269	  43.097	   9.720
43	 -82.948	8	  21.949	  17.240	  26.110
44	 -76.305	8	  25.367	  -1.238	  13.766
45	 -74.946	7	  18.461	  47.445	  11.284
46	 -72.844	7	  18.567	  -2.227	   6.061
47	 -57.323	3	  16.625	  11.478	   1.844
48	 -52.897	5	  10.665	   3.732	  -1.926
49	 -49.073	5	  32.268	   8.501	  22.220
50	 -48.170	5	  -3.521	  39.158	  -8.379
51	 -47.044	3	  21.625	  13.855	  17.202
52	 -44.387	4	 -11.600	  16.977	  -4.807
53	 -41.109	4	 -13.593	  38.025	   9.187
54	 -38.845	4	   2.161	  30.732	 -11.076
55	 -38.234	4	 -13.410	  21.528	  11.588
56	 -33.664	3	  10.335	   4.435	  11.381
57	 -29.359	3	  20.281	  20.419	  -4.259
58	 -27.437	3	  32.600	   1.394	  17.739
59	 -27.004	3	   8.959	  23.081	  30.074
60	 -18.422	2	   1.625	  26.239	  27.895
61	 -18.414	2	  24.638	  38.255	   4.421
62	 -10.982	1	  15.625	  25.752	   7.408
63	 -10.400	1	   9.625	  23.752	  16.408
64	  -9.382	1	  -1.375	  16.752	   6.408
65	  -9.094	1	  16.625	  43.752	  21.408
66	  -9.085	1	  25.625	  42.752	  13.408
67	  -8.908	1	  36.625	  25.752	  23.408
