1	-898.711	76	  43.071	  -0.602	   5.714
2	-735.340	61	  48.540	  27.021	  27.964
3	-685.379	56	  50.391	   3.483	   0.178
4	-658.408	57	  33.227	   1.311	   0.351
5	-601.728	46	  57.326	   7.783	   5.444
6	-526.055	42	  34.072	  24.746	   5.544
7	-461.865	45	  44.502	  21.410	  -0.040
8	-395.493	36	  40.990	  13.219	  24.816
9	-393.748	37	  57.325	  24.323	  11.828
10	-374.282	36	  57.851	  26.033	  22.638
11	-340.733	31	  31.014	  -0.746	  -8.190
12	-318.556	28	  64.053	  14.847	  30.656
13	-317.481	31	  58.634	   9.239	  34.004
14	-315.978	30	  60.388	  -8.866	   5.200
15	-313.165	25	  55.867	   2.606	  26.031
16	-306.282	23	  33.091	  -0.071	  14.704
17	-301.040	28	  30.875	  13.425	  19.114
18	-281.131	26	  37.969	  16.914	  -2.214
19	-276.516	25	  63.514	  15.440	   9.097
20	-250.403	19	  48.456	  10.094	  30.146
21	-246.205	23	  42.148	   9.896	  -8.266
22	-243.762	24	  33.122	  23.988	  17.997
23	-234.396	23	  53.207	   1.991	  -7.663
24	-231.256	22	  56.496	  -6.463	 -12.463
25	-229.742	22	  47.721	 -18.449	  -3.327
26	-224.928	19	  27.179	  21.191	  15.773
27	-218.652	21	  19.151	  12.884	  10.130
28	-213.765	20	  23.971	  17.155	   7.363
29	-190.683	19	  63.389	  21.581	  18.580
30	-184.921	19	  62.289	  -2.790	   1.394
31	-169.676	15	  23.307	   4.202	  14.971
32	-168.182	16	  40.896	  33.621	  20.447
33	-164.815	16	  61.229	  -7.474	  -6.980
34	-163.953	15	  45.589	  17.135	  32.810
35	-159.034	16	  67.639	   6.759	  37.454
36	-150.824	14	  53.988	 -16.545	   9.720
37	-147.079	15	  42.607	 -14.712	   0.649
38	-146.370	14	  46.989	  -9.373	  12.151
39	-141.188	14	  47.168	  -4.992	 -17.925
40	-139.317	14	  35.283	   8.459	  21.751
41	-139.276	13	  58.134	  -1.254	  20.328
42	-138.697	13	  27.333	  14.380	  -7.377
43	-136.041	13	  47.854	 -15.394	 -12.184
44	-123.440	12	  24.498	  -0.156	   7.312
45	-122.739	12	  65.471	   3.148	  23.274
46	-122.081	12	  43.200	  -6.222	  18.343
47	-121.843	12	  51.357	  36.221	  22.792
48	-120.936	12	  48.663	  34.814	  12.246
49	-111.006	11	  40.916	   2.263	  26.058
50	-105.102	6	  44.491	  25.959	   8.660
51	-103.730	10	  52.962	  11.925	  -0.917
52	-103.461	9	  65.669	  11.754	  18.882
53	-102.768	10	  69.606	   9.627	  26.991
54	-101.946	10	  64.615	  21.637	  27.041
55	 -96.559	10	  34.653	 -10.540	 -14.249
56	 -89.740	9	  36.246	   2.891	 -20.859
57	 -86.442	8	  56.771	  20.230	  30.257
58	 -84.189	7	  57.048	  21.996	   1.994
59	 -80.135	8	  63.504	   5.418	   9.445
60	 -78.193	8	  47.500	   0.599	  27.121
61	 -72.356	7	  43.281	   4.104	 -17.353
62	 -70.080	7	  34.230	  31.780	  16.144
63	 -68.272	7	  38.456	 -16.169	 -11.023
64	 -58.476	6	  21.206	   6.783	  -4.250
65	 -56.311	6	  63.499	   0.039	  15.002
66	 -54.358	3	  60.669	  15.767	  23.442
67	 -50.466	5	  55.843	 -14.649	  -9.084
68	 -50.132	5	  36.479	  25.771	  25.762
69	 -49.979	5	  37.759	  11.224	 -14.081
70	 -49.846	5	  38.179	  -7.488	   3.099
71	 -48.522	5	  27.840	   7.980	 -15.450
72	 -47.287	5	  41.475	  31.936	   2.937
73	 -42.884	4	  35.785	  -4.888	 -18.964
74	 -40.394	4	  50.168	  -5.117	  21.141
75	 -38.506	4	  71.927	   2.162	  28.184
76	 -38.165	4	  27.935	  18.104	  -0.118
77	 -37.730	4	  54.424	  -9.669	  15.386
78	 -28.254	3	  59.669	   1.362	  35.141
79	 -18.570	2	  67.152	  -1.649	  37.141
80	 -18.271	2	  56.169	 -18.149	  -1.359
81	 -12.192	1	  34.669	  12.351	   6.141
82	  -9.334	1	  34.669	 -12.649	  -4.859
83	  -8.978	1	  53.669	  16.351	  37.141
