1	-1212.875	113	   9.763	   9.287	   2.699
2	-1013.477	85	  -2.846	  10.780	  -9.702
3	-855.918	71	  15.694	  21.813	   1.532
4	-683.650	61	  -4.971	   4.150	   1.224
5	-642.937	61	   8.014	  -9.573	 -16.226
6	-638.718	55	  -1.795	 -14.335	   6.229
7	-528.254	49	   6.247	   6.944	  17.192
8	-490.354	46	  22.859	 -19.195	  -3.209
9	-465.375	36	  -4.129	  -8.997	  -8.634
10	-438.534	38	  -6.247	   0.671	 -11.120
11	-433.223	41	   2.913	  16.321	 -20.070
12	-432.044	38	  26.377	 -13.078	   6.239
13	-430.673	37	  21.781	  -0.767	   6.529
14	-430.291	38	  15.396	  10.281	  -3.915
15	-418.652	40	  -5.944	  12.279	   5.243
16	-415.118	38	  11.162	   7.923	 -20.086
17	-335.881	30	  -1.618	 -20.916	  -3.282
18	-296.880	29	  17.868	  -6.799	  14.746
19	-290.301	28	  20.548	   7.936	 -14.487
20	-273.508	27	  -0.321	  15.495	  16.248
21	-270.730	26	   3.652	  27.515	   3.692
22	-269.986	16	  17.501	  -2.544	  -5.667
23	-269.739	26	  22.403	   5.440	  -4.160
24	-243.361	23	   6.415	 -10.190	  16.151
25	-240.497	25	  -8.495	  -4.469	   9.439
26	-224.821	21	   7.217	 -23.305	  -8.511
27	-210.106	19	  18.165	  27.366	  -4.157
28	-210.016	18	   3.861	 -22.263	   5.295
29	-208.542	20	   9.007	  27.181	 -14.385
30	-194.243	19	  23.050	 -18.874	   9.048
31	-182.557	17	  12.721	   6.278	  11.399
32	-164.173	15	  -0.687	  -6.601	 -19.866
33	-151.708	15	  -5.374	  24.107	  -7.461
34	-150.553	15	   6.719	  23.155	  12.554
35	-128.710	13	  11.851	 -22.268	  11.712
36	-127.873	12	   3.818	  28.371	  -6.543
37	-126.579	12	  18.276	  28.497	 -15.235
38	-124.673	12	  26.957	 -13.904	 -10.923
39	-124.499	11	  21.468	  -9.003	 -18.043
40	-122.359	11	  28.006	  -0.485	 -11.078
41	-115.175	11	  -9.692	  -3.104	  -2.138
42	-113.035	11	  -6.188	  29.362	  -0.594
43	-110.760	11	  -1.058	 -15.941	 -10.722
44	-109.877	11	  14.714	 -17.192	 -18.111
45	 -94.278	9	  13.423	  18.636	 -20.180
46	 -92.737	9	  16.141	 -22.878	  -6.988
47	 -77.610	8	  -3.090	  -6.240	  15.542
48	 -75.319	8	  -7.453	   1.822	 -20.787
49	 -74.907	7	  34.209	  -4.998	  -3.783
50	 -71.938	7	  33.311	 -10.439	   2.544
51	 -71.413	7	  -5.150	  11.165	 -19.044
52	 -70.640	7	  17.677	   0.115	 -22.937
53	 -68.952	7	  -9.315	 -13.411	   4.939
54	 -58.731	6	  23.228	  22.451	 -11.407
55	 -47.445	5	  -0.225	  23.336	 -14.786
56	 -38.808	4	  15.927	  16.005	  13.217
57	 -38.020	4	  27.228	  -5.043	 -20.117
58	 -37.814	4	  29.584	  -6.970	  10.007
59	 -36.478	4	 -10.904	  24.223	   5.976
60	 -30.070	3	  13.783	 -26.603	   2.559
61	 -29.707	3	  16.134	  25.063	  11.863
62	 -29.238	3	   4.426	   7.891	 -24.770
63	 -26.709	2	  -4.227	   5.892	  13.395
64	 -19.855	2	  23.103	  17.727	  -1.317
65	 -18.894	2	  33.582	   2.727	   1.230
66	 -16.398	1	   5.103	  -3.273	  11.230
67	 -10.406	1	  11.103	  34.727	 -11.770
68	  -9.835	1	   8.103	   1.727	 -10.770
69	  -9.199	1	  -2.897	  22.727	  12.230
