1	-698.782	59	  29.165	  26.253	  70.614
2	-563.956	51	  43.429	  25.030	  21.460
3	-487.829	33	  37.846	  30.797	  49.639
4	-481.841	44	  47.818	  12.490	  35.388
5	-475.773	42	  32.686	  17.600	  51.613
6	-437.967	41	  35.202	  13.587	  32.119
7	-420.117	37	  24.243	  26.454	  38.376
8	-393.150	38	  43.310	  40.136	  47.128
9	-365.281	35	  15.035	  37.009	  70.976
10	-332.307	31	  37.355	  39.113	  78.605
11	-322.863	31	  52.953	  34.007	  25.596
12	-292.095	27	  45.260	  26.167	  54.734
13	-284.014	27	  36.404	  12.781	  41.723
14	-273.808	27	  27.553	  37.656	  43.290
15	-268.795	26	  34.067	  48.164	  64.934
16	-246.180	23	  19.428	  24.185	  57.135
17	-214.005	20	  33.322	  40.253	  39.657
18	-210.357	20	  44.387	  15.959	  22.207
19	-187.953	17	  52.117	  30.528	  49.782
20	-162.666	17	  25.071	  20.826	  27.801
21	-161.872	16	  42.517	  14.181	  45.969
22	-161.613	13	  25.846	  32.538	  74.971
23	-148.165	10	  33.005	  32.258	  43.899
24	-140.725	14	  14.607	  31.235	  60.797
25	-140.466	14	  37.959	  36.839	  20.729
26	-134.192	13	  26.788	  17.038	  36.209
27	-133.799	13	  26.643	  11.453	  61.783
28	-129.355	12	  24.945	  33.311	  34.558
29	-126.115	12	  39.171	  42.590	  34.130
30	-126.057	12	  19.727	  35.735	  78.490
31	-123.495	12	  21.532	  46.812	  62.566
32	-116.273	11	  41.050	  27.311	  76.026
33	-113.940	11	  30.559	  35.440	  24.603
34	-111.473	11	  26.602	  44.477	  55.303
35	-109.534	11	  15.402	  44.592	  59.243
36	-103.566	11	  19.942	  27.492	  48.788
37	 -97.761	10	  40.113	  22.777	  65.020
38	 -85.367	8	  26.686	  41.732	  77.876
39	 -80.481	8	  53.716	  22.234	  39.349
40	 -76.115	8	  20.324	  15.027	  62.656
41	 -73.490	7	  25.620	  20.090	  43.709
42	 -69.375	7	  37.783	  45.447	  56.401
43	 -68.283	7	  46.359	  39.895	  69.430
44	 -66.979	6	  32.575	  29.843	  78.997
45	 -63.930	6	  16.465	  37.181	  51.322
46	 -62.154	6	  40.704	  45.527	  71.121
47	 -59.337	6	  56.551	  30.353	  41.673
48	 -48.435	5	  32.658	  43.424	  27.363
49	 -48.012	5	  46.426	  33.446	  17.997
50	 -38.765	4	  47.888	  40.518	  26.089
51	 -38.554	4	  33.701	  15.277	  67.748
52	 -38.007	4	  19.236	  22.782	  66.997
53	 -37.426	4	  55.717	  38.288	  34.516
54	 -29.469	3	  44.873	  34.386	  75.374
55	 -28.764	3	  47.723	  42.628	  40.453
56	 -28.201	2	  41.779	  21.041	  34.997
57	 -28.142	3	  48.200	  36.108	  63.294
58	 -20.746	2	  36.707	  15.041	  59.997
59	 -19.276	2	  22.688	  48.041	  72.468
60	 -11.237	1	  14.217	  29.041	  72.997
61	 -10.063	1	  45.217	  42.041	  57.997
62	 -10.036	1	  32.217	  18.041	  19.997
63	  -9.792	1	  57.217	  21.041	  26.997
64	  -9.696	1	  29.217	  27.041	  25.997
65	  -9.217	1	  47.217	   9.041	  24.997
66	  -9.065	1	  17.217	  45.041	  77.997
67	  -9.036	1	  27.217	  19.041	  70.997
