1	-915.379	84	   2.610	  33.873	  13.822
2	-681.441	62	   7.152	  31.387	  18.532
3	-443.606	40	  13.736	  40.719	  -3.490
4	-441.908	39	   5.218	  11.708	  18.605
5	-431.965	39	   5.997	  49.306	  11.291
6	-395.454	37	  -8.427	  31.736	   4.901
7	-379.371	33	  21.238	  28.773	  24.306
8	-378.107	36	   1.820	  19.441	  23.911
9	-348.022	33	  15.292	  14.933	   6.203
10	-346.582	32	 -11.266	  10.401	   3.172
11	-343.412	32	  30.449	  49.526	  18.293
12	-307.798	28	 -14.664	  11.588	  14.704
13	-305.043	26	   6.790	  12.406	   2.181
14	-281.652	27	  24.807	  43.124	   1.800
15	-272.510	25	  16.432	  12.843	  -3.551
16	-265.181	26	   3.683	  41.790	  12.421
17	-247.403	22	   6.669	  16.892	  -7.557
18	-238.808	20	   6.979	  43.882	  25.916
19	-233.061	23	  15.923	  17.339	  19.628
20	-223.111	21	  -7.219	  25.233	  18.067
21	-222.865	22	  10.822	  25.165	  25.606
22	-220.664	21	  22.905	  36.665	  -8.282
23	-219.075	21	  -7.635	   4.792	  14.102
24	-211.766	19	  -2.091	  31.650	  -5.311
25	-200.961	19	  20.375	  44.099	  30.571
26	-197.032	18	  30.078	  37.817	  22.885
27	-165.912	15	   1.185	   5.835	  16.358
28	-158.346	16	  28.888	  29.410	   1.378
29	-156.626	15	  11.128	  51.057	  21.713
30	-155.551	15	  21.916	  19.704	   5.327
31	-148.373	13	  22.354	  24.870	  15.541
32	-137.394	13	   8.562	  38.601	  32.157
33	-131.020	11	  17.113	  47.568	   4.829
34	-126.926	7	  15.351	  42.140	   9.404
35	-118.700	12	  -4.752	   9.732	  -2.230
36	-115.991	12	   2.614	  43.514	   1.121
37	-112.391	11	  -7.804	  21.713	  -8.075
38	-111.607	11	  19.537	  54.593	  10.139
39	-108.666	11	  23.940	  49.860	  23.803
40	-105.199	9	  31.850	  37.676	  11.266
41	-104.434	10	  14.237	  29.554	  -9.024
42	-103.294	9	  29.341	  46.990	   9.136
43	 -91.371	9	 -12.441	  22.968	  22.236
44	 -85.433	8	  -8.888	   9.496	  24.735
45	 -81.007	8	   0.712	   6.086	   8.790
46	 -70.488	7	   4.013	  32.683	  26.567
47	 -70.015	7	  13.430	  29.499	  32.191
48	 -57.557	6	  23.825	  20.084	  -5.253
49	 -51.663	5	  16.844	  36.441	  35.048
50	 -50.123	5	 -15.116	  19.532	   3.987
51	 -46.287	4	  10.572	  56.314	  15.470
52	 -37.572	4	  -5.865	  35.589	  12.990
53	 -36.769	4	   1.835	   7.840	  26.997
54	 -36.495	4	   1.368	  39.323	  -6.025
55	 -35.674	3	  17.519	  54.680	  18.839
56	 -30.552	3	   3.182	  28.109	 -10.439
57	 -27.795	3	  12.489	  10.079	  13.900
58	 -22.088	1	  11.825	  27.079	  12.238
59	 -19.178	2	 -13.657	  22.079	  13.720
60	 -10.312	1	  22.825	  28.079	  -7.762
61	  -9.352	1	 -14.175	  18.079	  -5.762
