1	-1627.486	139	  19.804	  10.769	  22.046
2	-991.842	77	   4.264	   4.321	  32.768
3	-879.083	83	  20.602	  13.551	  30.313
4	-822.610	66	  23.490	   1.796	  28.605
5	-780.666	70	  37.148	  27.618	  32.110
6	-711.442	63	  15.957	  -9.685	  24.561
7	-611.701	55	  35.878	   8.778	  26.441
8	-533.619	47	  19.109	   0.516	  37.666
9	-499.724	47	  16.233	  -8.611	  35.484
10	-484.315	45	  37.573	  25.158	  13.556
11	-478.584	42	  24.246	  20.813	   5.497
12	-439.840	41	  31.575	  -1.376	  28.815
13	-436.036	38	  31.493	 -11.372	  18.425
14	-416.828	36	  13.687	  24.403	  13.969
15	-361.584	34	  27.060	  14.640	  26.744
16	-353.216	32	  10.213	  -6.599	  19.520
17	-346.578	30	  14.089	   7.913	   9.071
18	-339.050	30	   9.622	   8.923	  42.386
19	-337.664	32	  38.972	  -3.759	   6.130
20	-324.265	30	   5.685	   4.747	  18.992
21	-293.484	28	  17.927	  25.840	   8.315
22	-279.183	28	  22.563	  24.026	  38.468
23	-251.670	24	  30.740	  -8.869	   7.707
24	-250.551	21	  19.822	  40.448	  22.000
25	-249.751	23	  28.995	  27.548	  10.514
26	-233.418	22	  39.738	  -1.145	  22.109
27	-229.735	22	  26.308	  41.587	  43.277
28	-226.571	21	  13.008	  14.854	  11.742
29	-226.205	22	  11.539	  16.468	  21.178
30	-213.020	21	  11.919	  -2.843	  11.165
31	-207.578	20	  40.856	  -8.544	  16.301
32	-203.439	19	  45.474	  -0.022	  16.828
33	-200.897	19	   4.101	  -7.670	  27.959
34	-197.392	19	  12.912	  32.037	  21.000
35	-197.307	20	  47.241	  11.393	   9.715
36	-196.609	18	   4.770	  19.281	  36.039
37	-193.374	18	  25.922	  -8.916	  26.231
38	-191.609	18	  47.866	  23.894	  24.714
39	-189.005	18	  18.712	  15.433	  38.283
40	-188.708	18	  11.293	 -22.715	  12.658
41	-184.117	17	  24.699	   9.976	   3.605
42	-166.094	16	  26.523	  -4.174	   3.308
43	-161.415	16	  22.249	  -8.198	  39.385
44	-157.779	15	   8.614	   0.342	  41.787
45	-154.756	13	  28.198	  35.092	  19.529
46	-153.441	15	  38.667	  16.472	  31.675
47	-152.480	15	  36.957	  31.091	  18.788
48	-137.725	14	  22.724	  43.113	  34.550
49	-137.290	14	  32.528	  36.149	  29.598
50	-128.698	12	  28.740	  -4.461	  37.472
51	-128.083	12	  52.262	  18.895	  16.295
52	-117.732	12	   1.577	  12.217	  30.962
53	-115.666	12	   3.620	 -15.879	  11.829
54	-112.865	11	  21.177	   2.185	   4.317
55	-112.796	11	   0.464	  12.668	  43.415
56	-103.545	10	  47.355	  13.553	  26.580
57	-101.830	10	  18.033	  -3.106	  46.563
58	-100.125	10	  32.387	   3.359	   0.222
59	-100.022	10	  46.497	  19.762	  11.072
60	 -98.445	10	  46.281	   3.410	   7.997
61	 -97.823	9	  23.634	 -13.953	   4.817
62	 -94.958	10	  49.867	  22.850	  31.884
63	 -90.495	8	  30.144	  27.397	  39.627
64	 -90.491	8	  22.569	  28.015	  45.554
65	 -90.273	9	  33.842	  13.995	   2.128
66	 -90.204	9	  33.519	 -21.227	  14.996
67	 -85.426	8	  19.812	 -23.227	   5.664
68	 -77.762	8	  39.455	  18.005	   5.532
69	 -66.579	7	  23.661	 -25.298	  13.155
70	 -60.158	6	  15.056	  33.147	  37.346
71	 -58.038	6	  31.329	  17.288	  34.387
72	 -54.251	5	  14.132	  27.102	  31.841
73	 -52.654	5	  28.963	  32.442	  47.530
74	 -51.402	5	  41.890	   3.498	  28.081
75	 -49.232	5	  27.668	 -20.533	   5.699
76	 -47.592	5	   3.693	  -7.910	  41.295
77	 -47.580	5	  36.284	 -13.921	  10.088
78	 -45.630	3	  27.383	  19.962	  13.269
79	 -43.916	4	  23.973	   8.455	  38.176
80	 -43.831	4	  21.685	  32.975	  16.168
81	 -42.009	4	  18.502	  36.841	  44.571
82	 -38.189	4	  13.709	 -14.415	   4.652
83	 -28.467	3	  13.685	  35.940	  30.221
84	 -27.611	3	  52.345	  10.258	  16.569
85	 -20.085	1	  28.685	   5.279	  18.888
86	 -19.325	2	  17.685	 -18.242	  22.367
87	 -19.171	2	  33.685	  35.776	  37.888
88	 -19.104	2	  21.685	   4.279	  44.374
89	 -18.802	1	  35.685	  16.279	  16.888
90	 -18.694	2	   3.678	  -8.239	   8.881
91	 -18.538	2	  12.685	  21.762	  40.888
