1	-1239.269	109	  37.315	  -2.869	   9.717
2	-971.793	91	  44.927	  -8.990	  15.879
3	-886.137	74	  34.334	  -8.848	  34.618
4	-682.587	57	  14.786	  -1.264	  18.358
5	-645.540	55	  35.350	  28.350	  15.107
6	-584.690	51	  18.522	   9.566	  33.283
7	-537.241	48	  14.592	  11.258	  25.172
8	-518.130	47	  52.927	  -1.513	  36.020
9	-510.264	47	  50.692	  -8.775	  27.049
10	-505.832	49	  56.863	 -10.247	  14.285
11	-479.755	43	  48.618	 -11.949	  38.048
12	-424.783	38	  41.436	 -12.261	  22.202
13	-403.958	35	  45.223	  -2.766	  43.576
14	-401.522	37	  30.994	  23.225	  27.153
15	-390.950	30	  34.487	   1.125	  -2.048
16	-378.796	34	  49.998	 -17.557	  21.849
17	-363.680	35	  15.625	  -1.000	  31.970
18	-357.168	31	  37.602	  -7.866	   2.016
19	-356.849	34	  18.990	   4.251	  -6.131
20	-339.794	33	  16.413	  14.906	  10.227
21	-333.128	31	  25.447	 -13.453	  14.921
22	-329.550	32	  35.558	   3.225	 -11.498
23	-287.002	25	  24.067	 -12.819	   0.877
24	-278.154	25	  18.233	  10.271	   2.312
25	-274.776	23	  38.434	  18.536	   5.882
26	-262.138	25	  34.256	 -12.727	  26.867
27	-259.129	24	  53.626	   9.011	  32.945
28	-256.580	23	  30.656	   9.072	  43.708
29	-246.803	24	  49.355	  13.128	  43.835
30	-245.384	23	  42.706	  18.886	  36.134
31	-236.727	22	  27.801	 -12.569	  -8.751
32	-233.279	20	  22.679	  23.317	  22.683
33	-226.064	19	  18.892	  -7.528	  16.435
34	-204.421	19	  23.855	  -5.505	  38.844
35	-201.061	19	  47.922	 -17.634	  30.827
36	-200.092	17	  36.254	 -10.575	 -11.639
37	-197.627	19	  35.664	  16.081	  38.532
38	-192.036	18	  50.216	  16.873	  34.413
39	-189.654	18	  41.056	 -14.577	  10.713
40	-187.079	18	  56.477	   5.405	  42.261
41	-187.067	18	  25.626	   1.572	  45.946
42	-179.326	17	  36.032	 -16.453	   0.100
43	-168.822	16	  18.476	  -5.322	  -3.965
44	-167.446	16	  40.216	 -16.944	  35.581
45	-163.026	16	  28.379	  20.046	  34.731
46	-158.865	16	  56.725	  -1.908	  22.374
47	-155.785	15	  62.162	 -21.792	  14.215
48	-153.577	16	  31.425	  22.356	   5.625
49	-144.699	14	  15.357	  -2.800	   2.429
50	-144.099	14	  46.835	  14.023	  14.808
51	-140.116	8	  28.116	  14.823	  28.092
52	-126.571	11	  49.666	  -2.088	  18.031
53	-124.530	12	  42.996	  -5.749	  -4.911
54	-123.631	12	  43.939	  10.093	   9.102
55	-107.936	10	  26.810	  12.344	  -0.592
56	-106.715	11	  24.934	  25.944	  12.017
57	-105.166	10	  38.665	   4.513	  46.025
58	-102.425	10	  25.460	   6.989	 -15.565
59	-100.277	10	  47.719	   3.546	  13.531
60	-100.186	9	  39.518	  -2.384	 -14.539
61	 -89.751	9	  49.281	 -15.123	   7.427
62	 -89.191	9	   9.600	   6.089	  10.469
63	 -88.099	8	  11.983	   5.487	  19.177
64	 -83.001	8	  50.075	  10.223	  21.404
65	 -80.783	8	  47.888	  22.202	  22.837
66	 -80.199	8	  46.588	  24.936	  15.629
67	 -78.263	8	  39.860	  30.548	  24.030
68	 -77.846	8	  25.664	  12.307	  -9.395
69	 -73.946	7	  21.611	   9.056	  41.138
70	 -73.140	7	  33.701	 -18.818	   7.113
71	 -69.952	7	  25.013	 -15.179	  27.776
72	 -69.628	7	  60.258	 -17.164	   5.871
73	 -62.950	6	  50.490	 -26.874	  34.729
74	 -60.906	6	  18.775	  -1.794	 -10.490
75	 -57.863	6	  65.954	 -27.017	   9.108
76	 -52.074	4	  16.443	  16.281	  20.104
77	 -49.088	5	  27.920	  -6.029	 -16.678
78	 -49.060	5	  65.865	  -8.982	  15.706
79	 -48.404	5	  29.684	  -4.587	  44.694
80	 -48.314	3	  44.951	   0.667	  29.343
81	 -47.618	5	  42.288	 -14.173	  -1.732
82	 -41.935	4	  53.667	 -21.763	  28.104
83	 -41.696	4	  70.763	 -17.979	  13.036
84	 -38.596	4	  37.151	 -15.191	  43.355
85	 -32.090	3	  44.905	 -15.261	  45.427
86	 -29.780	3	  61.259	  -9.489	  24.416
87	 -28.705	2	  27.225	   0.508	   3.999
88	 -20.236	2	  36.404	  -8.177	  48.104
89	 -19.850	2	  31.367	 -21.177	  17.104
90	 -19.814	2	  36.252	  10.875	  -0.001
91	 -19.146	2	  46.359	  21.823	   8.104
92	 -19.024	2	  51.821	 -23.667	  14.614
93	 -16.671	1	  37.883	  -1.177	  23.104
94	 -12.662	1	  30.883	  -8.177	  16.104
95	  -9.465	1	  68.883	 -20.177	   5.104
96	  -9.339	1	  47.883	 -26.177	  22.104
97	  -9.295	1	   9.883	  -3.177	  11.104
98	  -9.071	1	  21.883	  22.823	  33.104
